0 0.412354 0.204532 0.405081 0.205505 0.396622 0.215528 0.393440 0.217792 0.391167 0.225713 0.390531 0.232824 0.391258 0.239454 0.387984 0.246889 0.388711 0.250801 0.384893 0.259694 0.377799 0.271495 0.373979 0.283991 0.373435 0.291120 0.373089 0.301384 0.373497 0.310569 0.375599 0.322306 0.378745 0.331231 0.381729 0.335417 0.386130 0.340171 0.392422 0.342690 0.396505 0.342819 0.397352 0.351245 0.401898 0.366116 0.405263 0.372259 0.406807 0.378565 0.409081 0.381634 0.416083 0.385194 0.421266 0.387134 0.425995 0.386486 0.432362 0.347847 0.427906 0.333620 0.424359 0.323116 0.428115 0.292495 0.429060 0.289134 0.440737 0.285755 0.444320 0.292125 0.448948 0.303148 0.454203 0.317551 0.450812 0.336870 0.450747 0.341704 0.453258 0.348222 0.459896 0.364870 0.463516 0.371014 0.469490 0.371014 0.472318 0.368218 0.476719 0.363755 0.479393 0.364032 0.480966 0.357597 0.480966 0.347963 0.482693 0.339023 0.483714 0.334125 0.483867 0.323519 0.482393 0.312588 0.481393 0.307060 0.479693 0.304667 0.472591 0.303616 0.465716 0.285236 0.468625 0.276023 0.474536 0.275764 0.479893 0.280773 0.489750 0.286787 0.489469 0.295792 0.488341 0.307319 0.492005 0.305315 0.498198 0.300806 0.500453 0.295051 0.501164 0.279773 0.475383 0.240454 0.442518 0.193782
2 0.612510 0.590773 0.609474 0.569699 0.611424 0.568926 0.612932 0.575111 0.614440 0.589458
2 0.601089 0.599644 0.580411 0.560060 0.578677 0.562116 0.598703 0.601440 0.608258 0.619912 0.617727 0.638537 0.620896 0.645134 0.635859 0.679065 0.637594 0.676625 0.622919 0.643593 0.620401 0.637838 0.617440 0.631574
2 0.622919 0.643593 0.623786 0.642954 0.621836 0.629199 0.618148 0.607995 0.620401 0.637838
2 0.617440 0.631574 0.614440 0.589458 0.612932 0.575111 0.614664 0.576829 0.616919 0.592315 0.618148 0.607995 0.620401 0.637838
2 0.421125 0.438523 0.442870 0.512417 0.445333 0.509630 0.423318 0.436532 0.412539 0.399523 0.410437 0.401435
2 0.482958 0.416269 0.487214 0.427815 0.484974 0.429806 0.480943 0.417662
2 0.467393 0.383222 0.480047 0.418458 0.480943 0.417662 0.482958 0.416269 0.469521 0.380833
2 0.447797 0.400694 0.477490 0.365898 0.479161 0.369319 0.469521 0.380833 0.467393 0.383222 0.449029 0.404324 0.447125 0.406315 0.432560 0.423917 0.432560 0.423917 0.431206 0.420019 0.440820 0.408653 0.441333 0.408153 0.445862 0.402759
2 0.449029 0.404324 0.452164 0.413880 0.450148 0.415671 0.447125 0.406315
2 0.434245 0.353556 0.447797 0.400694 0.445862 0.402759 0.433167 0.358704
2 0.432362 0.347847 0.434747 0.334523 0.436755 0.335412 0.434245 0.353556 0.433167 0.358704 0.430180 0.377042 0.428919 0.381685 0.424531 0.409815 0.422339 0.409065 0.425995 0.386486
2 0.427721 0.296306 0.428557 0.296157 0.440018 0.333778 0.445536 0.355190 0.451810 0.384338 0.449635 0.385676 0.442359 0.350880 0.433242 0.318759 0.427302 0.299431
2 0.374221 0.441009 0.385841 0.450718 0.384628 0.454782 0.373148 0.444579
2 0.371656 0.439157 0.367742 0.435588 0.370362 0.444343
2 0.398396 0.365009 0.384956 0.406412 0.374221 0.441009 0.373148 0.444579 0.372167 0.447153 0.370362 0.444343 0.371656 0.439157 0.381219 0.409792 0.395745 0.364514
2 0.650174 0.666083 0.652560 0.679963 0.656534 0.708880 0.658125 0.735486 0.658505 0.751060 0.657318 0.763157 0.654510 0.775060 0.660341 0.760181 0.661367 0.748565 0.660990 0.724662 0.659747 0.709204 0.656992 0.688755 0.654294 0.674741
2 0.576328 0.652588 0.577323 0.656157 0.564878 0.664190 0.543154 0.674741 0.525076 0.682190 0.523901 0.677847 0.542281 0.670403 0.563130 0.660815 0.572052 0.654810 0.575844 0.652227
2 0.573906 0.649787 0.572052 0.654810 0.575844 0.652227 0.576328 0.652588 0.577539 0.649000
2 0.577451 0.660366 0.582633 0.655810 0.583398 0.655796 0.584609 0.659671 0.576018 0.667560 0.564885 0.677241 0.564885 0.671431 0.567344 0.669926 0.574161 0.663472
2 0.556359 0.611440 0.563828 0.615921 0.563557 0.617644 0.561354 0.619819 0.556359 0.616667
2 0.566534 0.614676 0.572677 0.608380 0.573906 0.612366 0.570943 0.615708 0.568419 0.618819 0.556193 0.630847 0.556193 0.625042 0.563557 0.617644
2 0.556526 0.601620 0.553865 0.601838 0.553437 0.609773 0.553625 0.614588 0.553518 0.641176 0.553271 0.653495 0.555813 0.654144
2 0.537654 0.604458 0.533576 0.625116 0.530336 0.669769 0.532771 0.669769 0.535768 0.626866 0.540047 0.606093
2 0.520042 0.592926 0.519271 0.603875 0.518453 0.621801 0.520263 0.622875 0.521346 0.613394 0.522437 0.594398
2 0.517169 0.591171 0.513714 0.609176 0.516109 0.611259 0.518687 0.598528 0.519648 0.592597
2 0.508049 0.582162 0.509148 0.583139 0.510781 0.587287 0.511276 0.587546 0.514115 0.607407 0.512169 0.607736
2 0.518388 0.586792 0.519398 0.581134 0.521724 0.582222 0.520797 0.588245
2 0.538992 0.600185 0.540604 0.592801 0.542823 0.594236 0.541130 0.601764
2 0.518388 0.586792 0.510073 0.581394 0.509148 0.583139 0.510781 0.587287 0.519648 0.592597 0.539250 0.605625 0.553625 0.614588 0.553437 0.609773
2 0.508844 0.605426 0.506893 0.595787 0.504651 0.597583 0.509352 0.621491 0.510401 0.627551 0.510401 0.627551 0.517208 0.662440 0.519531 0.660551
2 0.497633 0.663032 0.495966 0.664005 0.496044 0.665477 0.496383 0.667384 0.499484 0.674139 0.500818 0.678370 0.502794 0.679301 0.503760 0.678083
2 0.500464 0.663810 0.490581 0.658991 0.491112 0.655606 0.493195 0.658616 0.495044 0.655838 0.499630 0.658569 0.503458 0.660824 0.507576 0.659741 0.509323 0.662847 0.502333 0.662523
2 0.509146 0.653042 0.507810 0.653796 0.505669 0.655153 0.503208 0.656444 0.503208 0.656444 0.499630 0.658569 0.503458 0.660824 0.509664 0.656912
2 0.505669 0.655153 0.504737 0.653958 0.506003 0.647208 0.507089 0.647102 0.508232 0.648926 0.507810 0.653796
2 0.507331 0.642787 0.497203 0.639801 0.497578 0.635653 0.504391 0.637727 0.506771 0.639384
2 0.487680 0.642102 0.489414 0.638875 0.490302 0.637440 0.498448 0.648769
2 0.483354 0.663495 0.484836 0.663514 0.488083 0.662731 0.494299 0.661694 0.496044 0.665477 0.486734 0.670620
2 0.472701 0.636139 0.471263 0.639088 0.473117 0.640597 0.474641 0.638417 0.476182 0.641097 0.486591 0.645185 0.493609 0.648912 0.503208 0.656444 0.505669 0.655153 0.503492 0.652282 0.498448 0.648769 0.487680 0.642102 0.481547 0.639222 0.475807 0.637042
2 0.474641 0.638417 0.472758 0.641083 0.484836 0.663514 0.488083 0.662731
2 0.495833 0.623676 0.483831 0.631514 0.475807 0.637042 0.481547 0.639222 0.492185 0.631255 0.498451 0.626644
2 0.505807 0.619046 0.509352 0.621491 0.510401 0.627551 0.506695 0.625194
2 0.503279 0.617250 0.496844 0.612236 0.495904 0.615963 0.504135 0.622884
1 0.391216 0.483324 0.372167 0.447153 0.373148 0.444579 0.384628 0.454782 0.385841 0.450718 0.374221 0.441009 0.384956 0.406412 0.398396 0.365009 0.401898 0.366116 0.405263 0.372259 0.406807 0.378565 0.409081 0.381634 0.416083 0.385194 0.421266 0.387134 0.425995 0.386486 0.422339 0.409065 0.424531 0.409815 0.428919 0.381685 0.428919 0.381685 0.430177 0.376917 0.433167 0.358704 0.445862 0.402759 0.441333 0.408153 0.440820 0.408653 0.431206 0.420019 0.432531 0.423843 0.447125 0.406315 0.450148 0.415671 0.452164 0.413880 0.449029 0.404324 0.467393 0.383222 0.480047 0.418458 0.480943 0.417662 0.484974 0.429806 0.487214 0.427815 0.482958 0.416269 0.469521 0.380833 0.479120 0.369259 0.477490 0.365898 0.447797 0.400694 0.434245 0.353556 0.436755 0.335412 0.434747 0.334523 0.432362 0.347847 0.427906 0.333620 0.424359 0.323116 0.427302 0.299431 0.433242 0.318759 0.442359 0.350880 0.449635 0.385676 0.451810 0.384338 0.445536 0.355190 0.440018 0.333778 0.428557 0.296157 0.427721 0.296306 0.428115 0.292495 0.429060 0.289134 0.440737 0.285755 0.444320 0.292125 0.448948 0.303148 0.454203 0.317551 0.450812 0.336870 0.450747 0.341704 0.453258 0.348222 0.459896 0.364870 0.463516 0.371014 0.469490 0.371014 0.472318 0.368218 0.476719 0.363755 0.479393 0.364032 0.480966 0.357597 0.480966 0.347963 0.482693 0.339023 0.483714 0.334125 0.489016 0.335037 0.493219 0.333593 0.496201 0.332866 0.498234 0.333106 0.501622 0.337931 0.509831 0.328477 0.533682 0.360329 0.555292 0.403329 0.559547 0.409699 0.564250 0.414477 0.571753 0.422838 0.574552 0.427417 0.578919 0.435977 0.579591 0.438759 0.579031 0.438759 0.577240 0.436773 0.575000 0.434782 0.573096 0.437366 0.573096 0.440352 0.575896 0.444333 0.578135 0.446722 0.580599 0.446921 0.581719 0.448315 0.580711 0.454685 0.578135 0.456278 0.578135 0.459662 0.579143 0.463245 0.579927 0.467426 0.578583 0.469417 0.576792 0.467824 0.573768 0.465037 0.570174 0.464921 0.570633 0.477181 0.577883 0.484231 0.584966 0.491301 0.591112 0.500940 0.597690 0.522273 0.604557 0.536282 0.613161 0.549648 0.625451 0.563912 0.640052 0.579463 0.643378 0.589745 0.648294 0.602343 0.653211 0.611463 0.656823 0.617120 0.663763 0.642824 0.685055 0.740861 0.681656 0.751069 0.677203 0.759190 0.665135 0.778148 0.655526 0.782731 0.652469 0.786065 0.649669 0.797292 0.667477 0.784699 0.683813 0.774731 0.680542 0.781139 0.651536 0.825880 0.631919 0.853926 0.607508 0.886292 0.605919 0.887032 0.603911 0.886292 0.602909 0.884954 0.600833 0.886134 0.599807 0.884116 0.597471 0.881236 0.596719 0.881532 0.596719 0.882278 0.598307 0.883616 0.599896 0.886736 0.599562 0.887926 0.602573 0.893875 0.602323 0.894616 0.601820 0.894620 0.598557 0.889412 0.594292 0.882574 0.591784 0.879301 0.589273 0.877370 0.586263 0.875287 0.589190 0.884806 0.590695 0.889412 0.595214 0.887926 0.596049 0.887926 0.596133 0.888968 0.594711 0.889560 0.593039 0.890306 0.591784 0.890898 0.592034 0.892088 0.592201 0.892537 0.590948 0.892537 0.589357 0.892088 0.586766 0.891347 0.586932 0.890750 0.589776 0.889861 0.588604 0.886736 0.586932 0.881977 0.585427 0.883616 0.583419 0.885694 0.581328 0.888523 0.579990 0.890306 0.574719 0.889014 0.566354 0.866204 0.566354 0.866204 0.564870 0.860662 0.548388 0.811565 0.547375 0.770185 0.550773 0.751292 0.553594 0.736639 0.552219 0.735356 0.546508 0.765171 0.543401 0.762218 0.536966 0.760671 0.533784 0.765171 0.527568 0.747565 0.517375 0.729185 0.491497 0.679801 0.486734 0.670620 0.483354 0.663495 0.471263 0.639088 0.468146 0.632671 0.463195 0.624458
2 0.506253 0.635657 0.495833 0.623676 0.490049 0.615449 0.492146 0.612236 0.495544 0.617505 0.504378 0.624991
2 0.503279 0.617250 0.497784 0.574968 0.500026 0.573681 0.505807 0.619046 0.513687 0.668269 0.511013 0.665569
2 0.524612 0.719843 0.517237 0.688616 0.520057 0.687329 0.527430 0.716759
2 0.567255 0.588847 0.567690 0.586532 0.570003 0.587690 0.570148 0.589102 0.569497 0.593472 0.566534 0.614676 0.563557 0.617644
2 0.486997 0.646208 0.491112 0.655606 0.493195 0.658616 0.495044 0.655838 0.491086 0.647782
2 0.523576 0.652657 0.526359 0.649861 0.531401 0.654736 0.530336 0.669769 0.530336 0.669769 0.532771 0.669769 0.532615 0.671593 0.534182 0.673606 0.527393 0.676181
2 0.518013 0.662009 0.517208 0.662440 0.510401 0.627551 0.509641 0.627139 0.508073 0.634106 0.513687 0.668269 0.514086 0.667870 0.515388 0.666074 0.517628 0.667227 0.511810 0.681519 0.522724 0.684731
2 0.511542 0.618958 0.520169 0.626157 0.520195 0.636111 0.520253 0.637458 0.514820 0.635944
2 0.624547 0.795644 0.625245 0.795208 0.624479 0.801620 0.623255 0.802222
2 0.642276 0.793491 0.640479 0.789653 0.638146 0.791810 0.626758 0.803014 0.626151 0.809153
2 0.624000 0.805319 0.622490 0.806366 0.620693 0.814537 0.623141 0.812315
2 0.619401 0.815648 0.612396 0.822407 0.586354 0.847454 0.566354 0.866204 0.564870 0.860662 0.576870 0.849991 0.596823 0.830972 0.602534 0.825833 0.609979 0.818250 0.613810 0.815037 0.620651 0.808611
2 0.625487 0.815847 0.623883 0.818944 0.624755 0.820060 0.626104 0.821431 0.633880 0.807222 0.639768 0.796083 0.632315 0.803282
2 0.605143 0.829329 0.605953 0.855250 0.605406 0.856940 0.603576 0.861583 0.603036 0.831347
2 0.605794 0.862380 0.606357 0.874935 0.603732 0.878819 0.603544 0.868157
2 0.641544 0.838259 0.624508 0.849792 0.605794 0.862380 0.605995 0.866602 0.615391 0.859361 0.630703 0.849255 0.638641 0.843778
2 0.630703 0.849255 0.617628 0.866259 0.605586 0.883060 0.600833 0.886134 0.599807 0.884116 0.603732 0.878819 0.606357 0.874935 0.621245 0.855412
2 0.559810 0.640278 0.556630 0.663542 0.559016 0.662384 0.561544 0.650713 0.562346 0.645009 0.563568 0.637579
2 0.560823 0.635139 0.562557 0.624727 0.565240 0.621926 0.563859 0.632694
2 0.549781 0.666833 0.547690 0.622370 0.549844 0.622634 0.550779 0.630681 0.552375 0.665792
2 0.550779 0.630681 0.553437 0.628194 0.553518 0.633389 0.550987 0.635963
2 0.553352 0.651255 0.551664 0.649861 0.551935 0.656880 0.556906 0.661384 0.557750 0.655699 0.555813 0.654144 0.553271 0.653495
2 0.555966 0.645329 0.557711 0.647181 0.556695 0.651255 0.555862 0.650144
2 0.553534 0.639778 0.551268 0.641213 0.551529 0.646167 0.553430 0.645148
2 0.551529 0.646167 0.553430 0.645148 0.553359 0.648472
2 0.553143 0.657847 0.553518 0.665148 0.555898 0.664069 0.555711 0.660338
2 0.546156 0.620477 0.543823 0.619565 0.541117 0.631843 0.538247 0.644403 0.540461 0.648917
2 0.544927 0.626639 0.546102 0.625620 0.547849 0.628676 0.543661 0.632852
2 0.542396 0.639356 0.548203 0.633245 0.548495 0.638565 0.541281 0.644769
2 0.548130 0.638935 0.548495 0.639537 0.547036 0.643102 0.545266 0.641343
2 0.542396 0.639356 0.543438 0.634120 0.545469 0.636157
2 0.548703 0.642806 0.543807 0.646324 0.546464 0.649194 0.548859 0.647574
2 0.535768 0.626866 0.541117 0.631843 0.539271 0.639815 0.535130 0.636389
2 0.533576 0.625116 0.521128 0.615218 0.520534 0.620060 0.533135 0.630847
2 0.532919 0.632884 0.520440 0.621204 0.520263 0.622875 0.518453 0.621801 0.512099 0.616301 0.511542 0.618958 0.521060 0.627088 0.532635 0.639120
2 0.518690 0.617111 0.512867 0.612523 0.512099 0.616301 0.518453 0.621801
2 0.512659 0.613269 0.510115 0.611407 0.508844 0.605426 0.512169 0.607736 0.513714 0.609176 0.516109 0.611259 0.518794 0.613269 0.518690 0.617111 0.512867 0.612523
2 0.538247 0.644403 0.534997 0.638319 0.534497 0.644319 0.537872 0.650537 0.546307 0.668532 0.548807 0.667421 0.540461 0.648917
2 0.546339 0.661630 0.548839 0.660847 0.549151 0.665014 0.548057 0.665796
2 0.549211 0.651407 0.546464 0.649194 0.543807 0.646324 0.541281 0.644769 0.540461 0.648917 0.540435 0.648838 0.549349 0.656634
2 0.548930 0.656884 0.541930 0.652157 0.545057 0.659125 0.548557 0.660454
2 0.535081 0.637315 0.539091 0.640745 0.538247 0.644403 0.534997 0.638319
2 0.532516 0.640093 0.520102 0.630384 0.520195 0.636111 0.524396 0.639843 0.532143 0.644157
2 0.537044 0.649130 0.532771 0.669769 0.532615 0.671593 0.534182 0.673606 0.535208 0.673130 0.539365 0.653926
2 0.543198 0.664199 0.536070 0.668713 0.535208 0.673130 0.542281 0.670403 0.545198 0.667944
2 0.542388 0.660745 0.538880 0.656806 0.537799 0.660935 0.541794 0.664870 0.543198 0.664199 0.545198 0.667944 0.546307 0.668532
2 0.536070 0.668713 0.537799 0.660935 0.540458 0.663505 0.539969 0.666111
2 0.534156 0.651106 0.536052 0.653764 0.535122 0.658495 0.533792 0.656773
2 0.531773 0.649444 0.520872 0.637741 0.514820 0.635944 0.515586 0.639606 0.531401 0.654736
2 0.526841 0.644125 0.528779 0.642116 0.531440 0.644269 0.529505 0.646991
2 0.523737 0.647278 0.522648 0.648426 0.523576 0.652657 0.526359 0.649861
2 0.520388 0.650505 0.518049 0.652870 0.518938 0.657176 0.520953 0.655167
2 0.522648 0.648426 0.523576 0.652657 0.527393 0.676181 0.525180 0.677333 0.518862 0.642963 0.521885 0.645843
2 0.520391 0.659898 0.519531 0.660551 0.518013 0.662009 0.523305 0.688125 0.525951 0.686204 0.525076 0.682190 0.523901 0.677847
2 0.556255 0.638204 0.572503 0.626639 0.574971 0.625301 0.575727 0.628782 0.556346 0.642583
2 0.331135 0.357639 0.332799 0.357639 0.341016 0.361847 0.355706 0.369685 0.359917 0.371787 0.358703 0.374935 0.349305 0.370028 0.332979 0.361528
2 0.503133 0.566227 0.502411 0.563273 0.522651 0.565454 0.521930 0.569056 0.506242 0.567898
2 0.568419 0.618819 0.570333 0.620227 0.572154 0.621060 0.582445 0.627870 0.586753 0.631352 0.586875 0.635963 0.575727 0.628782 0.574971 0.625301 0.572503 0.626639 0.565240 0.621926
2 0.589656 0.611764 0.587461 0.610106 0.586622 0.613671 0.586232 0.621731 0.586581 0.626380 0.586753 0.631352 0.586875 0.635963 0.587349 0.641194 0.589648 0.640634 0.588672 0.632644 0.588255 0.625699
2 0.589443 0.614329 0.594281 0.623222 0.592750 0.626662 0.588836 0.619565
2 0.605859 0.615574 0.594870 0.636389 0.597271 0.637977 0.607586 0.618644
2 0.588672 0.632644 0.589971 0.632755 0.592492 0.635079 0.597271 0.637977 0.599771 0.639602 0.598776 0.643833 0.590549 0.638477 0.589224 0.637301
2 0.585107 0.629981 0.586669 0.629333 0.586753 0.631352
2 0.576680 0.632167 0.576914 0.637477 0.587182 0.639718 0.586875 0.635963
2 0.581951 0.632745 0.580565 0.633495 0.584844 0.635213 0.585206 0.634782
2 0.576771 0.635407 0.562346 0.645009 0.561544 0.650713 0.580477 0.638190 0.576914 0.637477
2 0.589224 0.637301 0.590549 0.638477 0.589648 0.640634
2 0.587182 0.639718 0.585182 0.643981 0.588385 0.644491 0.589648 0.640634 0.587349 0.641194
2 0.598776 0.643833 0.605539 0.642097 0.606036 0.645097 0.589857 0.646875 0.579047 0.648653 0.564615 0.651648 0.564740 0.648653 0.568862 0.647431 0.585182 0.643981 0.588385 0.644491 0.593854 0.643764
1 0.391487 0.197370 0.361357 0.230681 0.343068 0.253333 0.328979 0.276782 0.309521 0.312625 0.329562 0.355028 0.331135 0.357639 0.332799 0.357639 0.341016 0.361847 0.355706 0.369685 0.359917 0.371787 0.358703 0.374935 0.349305 0.370028 0.332979 0.361528 0.334375 0.364486 0.348375 0.394065 0.367742 0.435588 0.371656 0.439157 0.381219 0.409792 0.395745 0.364514 0.389823 0.364060 0.373469 0.356597 0.364206 0.349241 0.365016 0.345620 0.373333 0.352333 0.390122 0.359611 0.396568 0.360968 0.397664 0.357583 0.399836 0.359449 0.397352 0.351245 0.396505 0.342819 0.392422 0.342690 0.386130 0.340171 0.381729 0.335417 0.378745 0.331231 0.375599 0.322306 0.373497 0.310569 0.373089 0.301384 0.373435 0.291120 0.373979 0.283991 0.377799 0.271495 0.384893 0.259694 0.388711 0.250801 0.387984 0.246889 0.391258 0.239454 0.390531 0.232824 0.391167 0.225713 0.393440 0.217792 0.396622 0.215528 0.402161 0.208616 0.398862 0.206218 0.396344 0.204324 0.394216 0.201046
2 0.666294 0.692431 0.666005 0.683435 0.668753 0.684463 0.668391 0.697185
2 0.677492 0.711130 0.675323 0.713958 0.665492 0.696736 0.650174 0.666083 0.637523 0.640125 0.639401 0.637426 0.666294 0.692431 0.668391 0.697185
2 0.616414 0.702583 0.605208 0.702069 0.597112 0.700269 0.586484 0.698727 0.568919 0.696028 0.558870 0.695259 0.543979 0.695514 0.543901 0.690208 0.560211 0.690801 0.575937 0.692144 0.594672 0.694671 0.618677 0.698236
2 0.617727 0.638537 0.619391 0.667468 0.621042 0.689787 0.622057 0.692204 0.621729 0.699500 0.621185 0.705028 0.621401 0.711454 0.624365 0.710421 0.624076 0.704384 0.623859 0.699241 0.623354 0.689991 0.620896 0.645134
2 0.623859 0.699241 0.627185 0.697185 0.628487 0.701940 0.624076 0.704384
2 0.621729 0.699500 0.617932 0.706694 0.621185 0.705028
2 0.612510 0.709009 0.607089 0.711838 0.603258 0.709269 0.616414 0.702583
2 0.612510 0.709009 0.587930 0.753606 0.590245 0.757588 0.617932 0.706694 0.621729 0.699500 0.622057 0.692204 0.616414 0.702583
2 0.548388 0.811565 0.547375 0.770185 0.550773 0.751292 0.553594 0.736639 0.552219 0.735356 0.546508 0.765171 0.545279 0.772495 0.545857 0.803597
2 0.533784 0.765171 0.536966 0.760671 0.543401 0.762218 0.546508 0.765171 0.545279 0.772495 0.544122 0.795500
9 0.396568 0.360968 0.397664 0.357583 0.399836 0.359449 0.401898 0.366116 0.398396 0.365009 0.395745 0.364514
2 0.517870 0.691477 0.516750 0.696120 0.491497 0.679801 0.492948 0.674356 0.505917 0.684708
2 0.513687 0.668269 0.502724 0.665407 0.501797 0.669278 0.512284 0.671648
2 0.515388 0.666074 0.514086 0.667870 0.505917 0.684708 0.509568 0.685759 0.511810 0.681519 0.517628 0.667227
2 0.531833 0.687431 0.530820 0.692060 0.520484 0.689231 0.520057 0.687329 0.517237 0.688616 0.509568 0.685759 0.511810 0.681519 0.522724 0.684731 0.523305 0.688125 0.525951 0.686204
2 0.622846 0.796787 0.621516 0.803477 0.619401 0.815648 0.614193 0.833324 0.605406 0.856940 0.598469 0.873981 0.595646 0.881421 0.598190 0.881046 0.608893 0.854708 0.617784 0.827745 0.622490 0.806366 0.624547 0.795644
2 0.639930 0.783648 0.638029 0.785093 0.627690 0.793574 0.627034 0.799718 0.641164 0.787880
2 0.627690 0.793574 0.625487 0.815847 0.623883 0.818944 0.624755 0.820060 0.623430 0.832148 0.620747 0.831528 0.625245 0.795208
2 0.622846 0.796787 0.617859 0.801542 0.617859 0.801542 0.616062 0.807894 0.621516 0.803477
2 0.622846 0.796787 0.625667 0.785606 0.627112 0.774556 0.630221 0.740755 0.632391 0.740755 0.627690 0.793574
2 0.617859 0.801542 0.624438 0.779824 0.622846 0.777380 0.614534 0.803468 0.612552 0.810292 0.609979 0.818250 0.613810 0.815037
2 0.605497 0.809894 0.614534 0.803468 0.612552 0.810292 0.605260 0.815093
2 0.602638 0.811194 0.592268 0.817093 0.593859 0.822361 0.602607 0.816963
2 0.605497 0.809894 0.605570 0.802185 0.602750 0.805782 0.602607 0.816963 0.602750 0.823259 0.605065 0.823134
2 0.605570 0.795630 0.594581 0.808611 0.589378 0.813366 0.575497 0.823259 0.557786 0.834185 0.559375 0.838042 0.577159 0.826861 0.592268 0.817093 0.602750 0.805782 0.605570 0.802185
2 0.658125 0.735486 0.650029 0.765815 0.642276 0.793491 0.637779 0.809486 0.635091 0.823148 0.637466 0.824148 0.645276 0.795269 0.653086 0.764060 0.657333 0.748954
2 0.683813 0.774731 0.667477 0.784699 0.649669 0.797292 0.648555 0.802574 0.668424 0.789583 0.680542 0.781139
2 0.660990 0.724662 0.662135 0.716477 0.665263 0.719130 0.663721 0.725935 0.661109 0.733319
2 0.665687 0.706611 0.667380 0.708977 0.667263 0.729352 0.666982 0.738394 0.665776 0.747898 0.663479 0.756486 0.658628 0.767514 0.657880 0.766606 0.660341 0.760181 0.662359 0.751755 0.664133 0.741880 0.665464 0.721995
2 0.665492 0.696736 0.663104 0.693690 0.661919 0.694931 0.670669 0.715134 0.672411 0.718852 0.674156 0.715690
1 0.600833 0.886134 0.599807 0.884116 0.597471 0.881236 0.596719 0.881532 0.596719 0.882278 0.598307 0.883616 0.599896 0.886736 0.602432 0.891361 0.606773 0.902065 0.610042 0.912852 0.612747 0.923551 0.614893 0.936662 0.616529 0.947032 0.617461 0.957074 0.617836 0.965204 0.617367 0.973750 0.616435 0.980389 0.615221 0.985032 0.613773 0.987523 0.611534 0.989185 0.610461 0.989347 0.610089 0.989185 0.609388 0.987523 0.608781 0.987440 0.609013 0.988602 0.609435 0.989597 0.612003 1.000000 0.613044 1.000000 0.612982 0.999472 0.612747 0.998889 0.610555 0.990926 0.611021 0.990926 0.612654 0.990343 0.614195 0.989681 0.615081 0.988519 0.616062 0.985866 0.617320 0.980801 0.618068 0.973917 0.618721 0.964458 0.618255 0.956907 0.617135 0.946537 0.613542 0.923139 0.610786 0.911935 0.607474 0.901153 0.603086 0.890616
2 0.586578 0.647190 0.582633 0.655810 0.577451 0.660366 0.578232 0.657741 0.582872 0.647991
2 0.396568 0.360968 0.390122 0.359611 0.373333 0.352333 0.365016 0.345620 0.364206 0.349241 0.373469 0.356597 0.389823 0.364060 0.395745 0.364514
2 0.567255 0.588847 0.556411 0.586662 0.540292 0.583190 0.528654 0.579722 0.517229 0.574579 0.506242 0.567898 0.503133 0.566227 0.501904 0.568796 0.519398 0.581134 0.519398 0.581134 0.533698 0.586269 0.550510 0.589986 0.566651 0.593255
2 0.598703 0.601440 0.586052 0.609796 0.578245 0.613778 0.573763 0.615449 0.570943 0.615708 0.568419 0.618819 0.570333 0.620227 0.572154 0.621060 0.579807 0.617824 0.586622 0.613671 0.587461 0.610106 0.589656 0.611764 0.595068 0.608444 0.600312 0.604815
2 0.570148 0.589102 0.579039 0.590389 0.578896 0.593731 0.569497 0.593472
2 0.601594 0.606954 0.589971 0.632755 0.592492 0.635079 0.603273 0.610356
2 0.614768 0.593727 0.613362 0.594977 0.615891 0.609333
2 0.604719 0.606722 0.608000 0.600194 0.607349 0.599639 0.604042 0.601815 0.603052 0.603574
2 0.612510 0.590773 0.612833 0.596134 0.602617 0.602708 0.601089 0.599644
2 0.611424 0.568926 0.602677 0.549648 0.604773 0.547079 0.623786 0.586792 0.621112 0.588847
