2 0.551555 0.569583 0.549505 0.572477 0.552398 0.580190 0.553844 0.578157
2 0.538776 0.596005 0.534297 0.596481 0.534505 0.598704 0.539036 0.598889
2 0.550583 0.588949 0.548997 0.586792 0.547690 0.588370 0.550117 0.594176 0.551003 0.593347
1 0.552635 0.603968 0.551237 0.601644 0.547503 0.605958 0.545917 0.606292 0.546010 0.607949 0.547224 0.607949 0.550818 0.603556 0.552031 0.604963
2 0.515018 0.565194 0.515547 0.571574 0.517109 0.574074 0.519456 0.573009 0.518409 0.563829
2 0.478099 0.467648 0.488320 0.473042 0.487898 0.476028 0.477305 0.472208
2 0.471844 0.466898 0.468065 0.466736 0.467036 0.468560 0.467643 0.471963 0.470536 0.476440 0.472125 0.476028 0.473370 0.476241 0.473620 0.475463 0.472745 0.466912 0.472182 0.466912
1 0.469609 0.349032 0.466771 0.344815 0.465940 0.349546 0.469365 0.354736 0.490831 0.387833 0.500362 0.403866 0.500867 0.398852 0.490901 0.382583
1 0.508344 0.372514 0.507089 0.373852 0.517125 0.421731 0.518547 0.418458
1 0.504240 0.403398 0.515549 0.420060 0.514862 0.421616 0.510549 0.418949 0.503927 0.408282
2 0.404141 0.454565 0.412943 0.471847 0.410620 0.474343 0.408729 0.474532 0.407326 0.473190
5 0.428893 0.486431 0.429078 0.490912 0.430247 0.492074 0.431505 0.491907 0.432534 0.491574 0.433747 0.490000 0.433279 0.486264
5 0.423060 0.484856 0.409977 0.483699 0.410120 0.485884 0.413880 0.490384 0.417133 0.492824 0.420023 0.493208 0.423133 0.492310 0.423060 0.490769
1 0.445943 0.470384 0.431612 0.469190 0.428701 0.471380 0.431164 0.479741 0.447813 0.483426
2 0.453766 0.458625 0.444565 0.464870 0.447828 0.483306 0.456862 0.484495
9 0.446589 0.502644 0.443216 0.504532 0.444091 0.511417 0.446651 0.509639
9 0.455648 0.524000 0.450339 0.520782 0.448651 0.521560 0.449477 0.524144 0.452464 0.530444
1 0.418039 0.549380 0.418690 0.553875 0.425341 0.566458 0.424474 0.567116 0.424042 0.567884 0.420135 0.565829 0.420354 0.568657 0.424620 0.570968 0.421510 0.577523 0.423029 0.589477 0.423461 0.591139 0.423828 0.591273 0.424982 0.590634 0.425919 0.589593 0.428596 0.601296 0.434703 0.624880 0.434451 0.626069 0.433781 0.626963 0.432779 0.627407 0.431190 0.628148 0.429935 0.628000 0.429266 0.627259 0.428513 0.625028 0.427677 0.623093 0.427424 0.623093 0.428263 0.630829 0.430771 0.630528 0.432443 0.630231 0.433615 0.629639 0.435120 0.628449 0.435872 0.626963 0.436042 0.625028 0.430438 0.602722 0.427594 0.589190 0.429349 0.588894 0.431021 0.588894 0.431273 0.589491 0.431357 0.590977 0.428596 0.591569 0.428596 0.592759 0.429349 0.593208 0.431190 0.592611 0.432443 0.595287 0.433281 0.597519 0.434201 0.599153 0.435286 0.599898 0.435872 0.599602 0.435706 0.598560 0.434953 0.596477 0.433951 0.595583 0.432276 0.587704 0.432529 0.587259 0.433281 0.587704 0.436542 0.593949 0.437128 0.596329 0.437547 0.599005 0.438383 0.609116 0.435872 0.604657 0.432529 0.599153 0.430604 0.594394 0.430185 0.593949 0.429432 0.593949 0.429182 0.595139 0.430771 0.598708 0.437294 0.611199 0.438133 0.611940 0.438549 0.614917 0.438466 0.618486 0.438383 0.623986 0.437378 0.628894 0.436961 0.630528 0.437547 0.631569 0.438633 0.631569 0.439302 0.630829 0.439805 0.630231 0.440641 0.632167 0.442062 0.631569 0.440307 0.628000 0.440391 0.626218 0.441060 0.624282 0.443904 0.617593 0.444740 0.617444 0.445826 0.617444 0.446328 0.614769 0.446747 0.612685 0.447667 0.615065 0.448586 0.616551 0.448922 0.615657 0.448922 0.612833 0.449005 0.611347 0.449255 0.609565 0.448755 0.608227 0.453354 0.609412 0.454190 0.610157 0.455781 0.611051 0.457786 0.611199 0.458542 0.612981 0.462638 0.620866 0.463307 0.623093 0.464060 0.625472 0.464396 0.627111 0.466151 0.627111 0.465984 0.624731 0.466404 0.623394 0.467240 0.622204 0.467573 0.621903 0.468745 0.626662 0.471755 0.626218 0.476773 0.625921 0.476273 0.622204 0.475604 0.620866 0.474516 0.620417 0.474682 0.618782 0.481708 0.621162 0.482294 0.618486 0.477695 0.616699 0.483047 0.614472 0.483216 0.612537 0.477359 0.614769 0.474935 0.614917 0.474266 0.614917 0.472760 0.605995 0.477026 0.607481 0.478365 0.607333 0.478615 0.605398 0.479703 0.604806 0.480956 0.605699 0.481794 0.607185 0.482880 0.607778 0.483799 0.607630 0.483716 0.606440 0.483716 0.603912 0.484971 0.603616 0.491875 0.604486 0.492479 0.598375 0.492479 0.587977 0.496078 0.584509 0.500721 0.584218 0.507318 0.567708 0.492526 0.535093 0.492031 0.522222 0.490836 0.520093 0.491208 0.533120 0.488695 0.531755 0.482286 0.526181 0.472083 0.533704 0.463099 0.551713 0.454818 0.567917 0.452031 0.570787 0.449750 0.567236 0.461029 0.544875 0.458083 0.545389 0.456076 0.544644 0.454904 0.539440 0.460091 0.530815 0.455573 0.528287 0.452513 0.531468 0.437188 0.547792 0.434297 0.540972 0.433326 0.542417 0.433365 0.542310 0.428474 0.539588 0.428161 0.538583 0.421654 0.538069 0.420570 0.538454 0.420497 0.540509 0.425414 0.540755 0.425341 0.541412 0.424909 0.544366 0.424331 0.546667 0.423534 0.548222 0.422378 0.549380 0.421148 0.549120 0.421005 0.547449 0.419846 0.546296 0.418620 0.547194
2 0.422352 0.512139 0.420008 0.512884 0.420008 0.516005 0.423857 0.524481 0.425695 0.524630 0.425779 0.522102
2 0.430154 0.513449 0.430740 0.529954 0.433167 0.529954 0.432914 0.513745
2 0.436945 0.530398 0.435484 0.530171 0.433583 0.530495 0.430945 0.531167 0.430070 0.532069 0.427547 0.534769 0.428474 0.539588 0.433326 0.542417 0.437505 0.535722
9 0.466888 0.680806 0.465021 0.679574 0.463755 0.682037 0.465021 0.686375 0.466104 0.686644 0.467370 0.686106 0.467612 0.682356
2 0.466378 0.671431 0.460049 0.673949 0.459445 0.675875 0.460229 0.678343 0.463333 0.679144 0.466648 0.678236 0.468547 0.675074 0.468846 0.672181
2 0.450888 0.679139 0.459198 0.694412 0.461052 0.694125 0.461013 0.688963 0.453833 0.675625
9 0.441185 0.693560 0.440122 0.692782 0.438747 0.692671 0.437125 0.695111 0.438122 0.698444 0.439747 0.698556 0.441122 0.698222 0.441497 0.696111
2 0.433583 0.530495 0.433531 0.518227 0.435042 0.518458 0.435484 0.530171
9 0.437672 0.508079 0.437159 0.507065 0.435953 0.507597 0.435018 0.508671 0.434779 0.510597 0.435169 0.512421 0.435682 0.513759 0.436526 0.513921 0.437883 0.513491 0.438031 0.511134
9 0.440333 0.503514 0.439044 0.504630 0.438417 0.510204 0.439602 0.512685 0.440474 0.512065 0.440995 0.505620
9 0.442844 0.502144 0.441344 0.503630 0.441484 0.505866 0.442948 0.503884
9 0.448732 0.503523 0.447948 0.501324 0.447286 0.501060 0.446682 0.501273 0.447104 0.509148 0.448190 0.510486 0.449273 0.510111 0.449635 0.508718
9 0.448401 0.511782 0.447729 0.510542 0.442688 0.512699 0.441477 0.513944 0.442268 0.516931 0.445862 0.518093 0.447589 0.518838 0.448839 0.515449
9 0.445464 0.521500 0.447721 0.521426 0.447318 0.522287 0.445180 0.523222 0.444898 0.521644
1 0.528872 0.457681 0.530599 0.459324 0.531141 0.458449 0.531951 0.457500 0.532219 0.456241 0.532167 0.454514 0.533138 0.453648 0.534271 0.454417 0.534703 0.455954 0.535297 0.458449 0.536107 0.460755 0.536271 0.462292 0.536323 0.463162 0.537565 0.465171 0.538268 0.467380 0.538323 0.469204 0.538107 0.471324 0.538107 0.473042 0.537891 0.474481 0.537188 0.475259 0.536378 0.474769 0.535945 0.472560 0.535245 0.472954 0.534487 0.474292 0.533570 0.474588
1 0.525443 0.444722 0.531729 0.436903 0.531891 0.439481 0.527214 0.445074 0.527253 0.446296 0.527818 0.447588 0.529471 0.449019 0.529995 0.449810 0.530883 0.450528 0.532820 0.451458 0.533224 0.452176 0.533021 0.452676 0.532375 0.452676 0.531448 0.452102 0.530359 0.451389 0.529310 0.450310 0.528422 0.449523 0.527375 0.448806 0.526648 0.448162 0.526365 0.447731
1 0.520839 0.426431 0.521768 0.426431 0.522937 0.427435 0.524914 0.428153 0.526891 0.429157 0.530602 0.431454 0.530560 0.432597 0.529833 0.432884 0.527091 0.431093 0.525237 0.430088 0.524065 0.429514 0.522372 0.429014 0.521042 0.428222 0.520758 0.427653
1 0.471914 0.444366 0.471070 0.438699 0.469133 0.437144 0.470383 0.446917
1 0.472117 0.446157 0.476130 0.477352 0.475630 0.477907 0.474508 0.477907 0.473820 0.477574 0.470583 0.448741
2 0.461810 0.386606 0.460810 0.386829 0.459875 0.388051 0.456437 0.392935 0.455750 0.394380 0.456000 0.395046 0.457813 0.396046 0.460497 0.396824 0.460844 0.396380 0.461279 0.391111 0.461279 0.391111
1 0.451719 0.433935 0.452578 0.428991 0.454216 0.424532 0.454401 0.424120 0.455370 0.421810 0.457182 0.419139 0.458888 0.417037 0.460042 0.416227 0.461607 0.415792 0.463245 0.415852 0.464409 0.415963 0.464732 0.415093 0.465219 0.414380 0.463872 0.414125 0.461263 0.414366 0.459031 0.415241 0.456974 0.417713 0.455268 0.419819 0.454391 0.421370 0.453672 0.423565 0.452969 0.425648 0.451781 0.429005 0.451479 0.430398 0.451341 0.430977 0.451315 0.433264 0.451172 0.434630
1 0.471682 0.419069 0.468461 0.415676 0.466313 0.414426 0.465201 0.416208 0.467258 0.416727 0.468930 0.417593 0.470919 0.420324 0.472625 0.423046 0.474263 0.426824 0.474716 0.428620 0.474857 0.431606 0.474474 0.434389 0.474021 0.437551 0.473570 0.440213 0.473391 0.440884 0.471914 0.444366 0.468969 0.449097 0.466833 0.451181 0.464049 0.452829 0.460539 0.454694 0.458685 0.455338 0.458523 0.454907 0.458320 0.454190 0.457997 0.454120 0.457393 0.453833 0.456305 0.451824 0.455940 0.451324 0.455073 0.449148 0.453813 0.447241 0.453393 0.445500 0.452555 0.441931 0.451836 0.438407 0.451906 0.436981 0.451906 0.435620 0.450969 0.436810 0.450896 0.437838 0.451115 0.439639 0.451474 0.443106 0.452560 0.447093 0.453698 0.449398 0.454531 0.450880 0.455859 0.453116 0.457432 0.455338 0.458201 0.456199 0.459331 0.456556 0.461385 0.455694 0.464372 0.454046 0.467234 0.452255 0.469292 0.450319 0.470583 0.448741 0.472117 0.446157 0.473997 0.441468 0.475242 0.436648 0.475865 0.431727 0.475865 0.428810 0.475411 0.426301 0.472417 0.420074
5 0.452969 0.425648 0.451781 0.429005 0.451479 0.430398 0.451341 0.430977 0.450453 0.428157 0.449380 0.425667 0.448260 0.424176 0.446776 0.422713 0.451776 0.425157
5 0.457055 0.429176 0.455703 0.447634 0.455466 0.448324 0.455073 0.449148 0.453813 0.447241 0.453393 0.445500 0.452555 0.441931 0.451836 0.438407 0.451906 0.436981 0.451906 0.435620 0.454005 0.432569 0.456146 0.430148 0.456146 0.430148
9 0.504451 0.364963 0.500867 0.398852 0.490901 0.382583 0.490776 0.378023
2 0.493203 0.372500 0.490966 0.374676 0.491172 0.362653 0.495409 0.363556 0.495974 0.365162
1 0.504451 0.364963 0.490776 0.378023 0.490966 0.374676 0.504336 0.362250 0.504336 0.362250
9 0.500362 0.403866 0.496615 0.441644 0.493969 0.439491 0.491773 0.437875 0.489581 0.436532 0.491023 0.433778 0.490831 0.387833
5 0.458365 0.427375 0.466003 0.434583 0.473391 0.440884 0.473570 0.440213 0.474021 0.437551 0.474474 0.434389 0.474857 0.431606 0.474716 0.428620 0.474263 0.426824 0.472625 0.423046 0.470919 0.420324 0.468930 0.417593 0.467258 0.416727 0.465201 0.416208 0.462867 0.420028
5 0.439602 0.456093 0.420935 0.456824 0.416107 0.448847 0.417099 0.446963 0.417857 0.448403 0.419583 0.447444 0.419654 0.443745 0.434380 0.442162 0.434380 0.442162 0.434164 0.437458 0.437945 0.441102 0.440466 0.442014 0.442893 0.441435 0.442240 0.449648
1 0.466211 0.705005 0.455625 0.733134 0.454276 0.733519 0.465617 0.702704
2 0.432875 0.327394 0.433602 0.330023 0.432318 0.332579 0.431862 0.333384 0.431409 0.335000 0.430349 0.337421 0.429669 0.339838 0.428685 0.339569 0.428081 0.338630 0.426417 0.338227 0.428458 0.336074 0.430122 0.332981 0.432393 0.327468
2 0.432060 0.410157 0.420799 0.403833 0.421115 0.406375 0.423031 0.408977 0.424844 0.410898 0.428190 0.412079 0.429096 0.412514 0.431258 0.412079
5 0.442927 0.455009 0.452508 0.454412 0.452927 0.452718 0.452927 0.451639 0.452833 0.450560 0.452133 0.449981 0.451013 0.450060 0.450081 0.451139 0.449193 0.452218 0.448073 0.452218 0.446813 0.452056 0.446672 0.450977 0.444992 0.450477 0.443312 0.451139
1 0.517354 0.421889 0.519128 0.418662 0.530026 0.397593 0.529214 0.396750 0.518547 0.418458 0.517104 0.421685 0.512182 0.430282 0.510448 0.428208 0.509919 0.428630 0.508794 0.429931 0.509117 0.430579 0.506859 0.440259 0.504398 0.438958 0.503802 0.441204 0.502865 0.443190 0.506172 0.442838 0.504437 0.451801 0.505326 0.451866 0.505729 0.451801 0.507302 0.442625 0.510893 0.444560 0.511339 0.444394 0.512677 0.445435 0.522036 0.453231 0.525385 0.455458 0.526641 0.458065 0.526708 0.458065 0.522714 0.442222 0.522703 0.441764 0.521727 0.441579 0.520573 0.440278 0.512628 0.431417
5 0.436599 0.404898 0.434224 0.385569 0.434862 0.365000 0.459016 0.364032 0.461109 0.369176 0.462846 0.370718 0.461810 0.386606 0.460810 0.386829 0.459875 0.388051 0.456437 0.392935 0.455750 0.394380 0.456000 0.395046 0.457813 0.396046 0.460497 0.396824 0.460844 0.396380 0.461857 0.396894 0.463716 0.395389 0.466042 0.412685 0.466042 0.412685 0.465469 0.413843 0.457578 0.408236 0.454010 0.415426
1 0.439651 0.417394 0.426151 0.415282 0.426151 0.419796 0.439703 0.420181
9 0.463964 0.531222 0.464042 0.525296 0.465318 0.525250 0.465891 0.531500
2 0.464115 0.511856 0.458581 0.511630 0.455674 0.515074 0.457893 0.518231 0.459589 0.519069 0.462492 0.519880 0.463984 0.515218 0.463680 0.512630
2 0.475195 0.464542 0.476487 0.462000 0.479310 0.464602 0.479625 0.466898 0.478125 0.466898 0.476034 0.469995
1 0.550461 0.540481 0.557302 0.575819 0.557721 0.582875 0.559310 0.583125 0.560195 0.582792 0.560102 0.580634 0.559404 0.577481 0.558328 0.575491 0.558049 0.574824 0.551328 0.539977
1 0.543063 0.505444 0.543911 0.504810 0.538078 0.478218 0.537107 0.478694
1 0.452138 0.455343 0.448906 0.461755 0.450497 0.460759 0.453021 0.455292 0.453440 0.454542 0.455156 0.451806 0.454531 0.450880 0.453698 0.449398 0.452560 0.447093 0.451474 0.443106 0.451115 0.439639 0.450896 0.437838 0.450969 0.436810 0.454005 0.432569 0.456146 0.430148 0.457055 0.429176 0.458365 0.427375 0.462867 0.420028 0.465201 0.416208 0.466250 0.414444 0.468461 0.410292 0.477049 0.395407 0.476943 0.393593 0.468352 0.408375 0.468469 0.408662 0.467578 0.410370 0.466042 0.412685 0.464732 0.415093 0.464409 0.415963 0.460862 0.421685 0.458995 0.424093 0.458013 0.426250 0.457562 0.426921 0.456661 0.428157 0.453534 0.431560 0.451771 0.433889 0.451172 0.434630 0.451315 0.433264 0.451341 0.430977 0.450453 0.428157 0.449380 0.425667 0.448260 0.424176 0.446776 0.422713 0.441466 0.421269 0.438779 0.420935 0.434594 0.422046 0.434594 0.422046 0.433354 0.425556 0.434271 0.425745 0.433083 0.429301 0.431086 0.433523 0.431247 0.434579 0.432706 0.434579 0.434164 0.437458 0.437945 0.441102 0.440466 0.442014 0.442893 0.441435 0.442240 0.449648 0.439602 0.456093 0.440466 0.456093 0.442193 0.453051 0.442247 0.455611 0.442896 0.455708 0.443312 0.451139 0.444992 0.450477 0.446672 0.450977 0.446813 0.452056 0.448073 0.452218 0.449193 0.452218 0.450081 0.451139 0.451013 0.450060 0.452133 0.449981 0.452833 0.450560 0.452927 0.451639 0.452927 0.452718
2 0.469271 0.503657 0.466313 0.505736 0.464482 0.508032 0.464115 0.511856 0.464698 0.515042 0.467096 0.518875 0.470443 0.518287 0.471536 0.508241
5 0.436409 0.416819 0.436409 0.412787 0.453672 0.423565 0.452969 0.425648 0.451776 0.425157 0.446776 0.422713 0.441466 0.421269 0.438779 0.420935 0.439703 0.420181 0.439651 0.417394
5 0.469354 0.354588 0.468352 0.408375 0.476943 0.393593 0.477049 0.395407 0.468461 0.410292 0.468461 0.415676 0.482102 0.429356 0.482102 0.429356 0.485208 0.432741 0.491023 0.433778 0.490831 0.387833
1 0.535128 0.579319 0.529263 0.582296 0.528755 0.583907 0.528656 0.590162 0.528971 0.598051 0.529844 0.602940 0.531409 0.603491 0.537031 0.604269 0.541469 0.606829 0.540969 0.604269 0.537281 0.602051 0.530219 0.601606 0.529346 0.593167 0.529471 0.584718 0.530094 0.583384 0.535346 0.582833
2 0.460760 0.530519 0.454904 0.539440 0.456076 0.544644 0.458083 0.545389 0.461029 0.544875 0.463630 0.544102 0.467172 0.538963 0.469414 0.539477 0.471930 0.534014 0.467305 0.531824
2 0.459589 0.519069 0.455573 0.528287 0.460091 0.530815 0.463185 0.525759 0.464104 0.520704
2 0.415990 0.401106 0.420799 0.403833 0.421115 0.406375 0.423031 0.408977 0.424844 0.410898 0.424938 0.412190 0.419635 0.413426 0.413339 0.403958
2 0.521492 0.534000 0.511154 0.524750 0.506599 0.523593 0.504503 0.525903 0.505951 0.531176 0.512240 0.536338 0.514508 0.537199 0.518448 0.539796 0.520987 0.537870
2 0.543021 0.526574 0.535734 0.527236 0.539234 0.554782 0.547169 0.552671
2 0.539503 0.516727 0.535250 0.519949 0.537516 0.526829 0.541734 0.524722
2 0.507182 0.466176 0.504370 0.468398 0.509245 0.481727 0.512367 0.478727
2 0.517943 0.501296 0.517242 0.486838 0.517492 0.481616 0.516250 0.472963 0.513742 0.474843 0.513117 0.483282 0.514297 0.493704
2 0.493846 0.498352 0.487352 0.503926 0.488583 0.514079 0.497990 0.532593 0.501125 0.532194 0.504503 0.525903 0.505604 0.519852
2 0.471906 0.484125 0.461859 0.498773 0.457810 0.505713 0.457677 0.510810 0.458581 0.511630 0.461292 0.510042 0.466125 0.504171 0.474221 0.495560 0.474221 0.490676
2 0.489763 0.475713 0.484146 0.477731 0.480745 0.477829 0.478422 0.479361 0.476479 0.482625 0.475883 0.488194 0.476909 0.490213 0.481716 0.489153 0.484362 0.485509 0.487763 0.483491 0.491219 0.480421 0.491922 0.478690
9 0.481987 0.495204 0.480690 0.494532 0.477990 0.496065 0.477773 0.500292 0.479177 0.503269 0.480906 0.503074 0.482417 0.499139
2 0.458398 0.519560 0.451214 0.507565 0.448401 0.511782 0.448839 0.515449 0.454461 0.522894
2 0.460531 0.501097 0.457831 0.494282 0.455401 0.492745 0.452539 0.494088 0.457740 0.510856 0.457810 0.505713
2 0.463818 0.491676 0.459609 0.490046 0.457891 0.491481 0.463203 0.495093
1 0.419583 0.447444 0.417857 0.448403 0.417099 0.446963 0.418070 0.442449 0.420555 0.438130 0.423471 0.434963 0.427305 0.433042 0.430276 0.430644 0.433354 0.425556 0.434271 0.425745 0.433083 0.429301 0.431086 0.433523 0.429411 0.434579 0.426279 0.436690 0.423904 0.437843 0.421852 0.441009 0.419654 0.443745
2 0.434380 0.442162 0.434164 0.437458 0.432706 0.434579 0.431247 0.434579 0.427737 0.436787 0.425740 0.437458 0.424552 0.439185 0.421852 0.441009 0.419654 0.443745
10 0.436409 0.416819 0.426151 0.415282 0.426151 0.419796 0.438779 0.420935 0.434594 0.422046 0.433354 0.425556 0.430784 0.425796 0.428404 0.425421 0.424635 0.423653 0.421021 0.419315 0.419573 0.417282 0.418971 0.414815 0.419635 0.413426 0.424938 0.412190 0.429096 0.412514 0.431688 0.412727 0.434789 0.415083
2 0.416828 0.414662 0.408299 0.435995 0.413143 0.444403 0.416107 0.448847 0.417099 0.446963 0.418070 0.442449 0.425070 0.426356 0.424635 0.423653 0.421021 0.419315 0.419573 0.417282 0.418971 0.414815
2 0.406810 0.438565 0.403714 0.444065 0.403714 0.450014 0.405555 0.453583 0.414755 0.450014
2 0.414456 0.400167 0.412398 0.401602 0.410219 0.406977 0.409818 0.415653 0.410461 0.421750 0.406065 0.424907 0.404169 0.428060 0.404612 0.430213 0.407034 0.432935 0.409737 0.432005 0.416828 0.414662 0.418971 0.414815 0.419635 0.413426 0.413339 0.403958 0.415990 0.401106
1 0.408581 0.396866 0.410497 0.401125 0.410862 0.404713 0.410219 0.406977 0.409818 0.415653 0.406302 0.419269 0.402560 0.422171
1 0.395500 0.388079 0.402034 0.387662 0.401724 0.392838 0.406354 0.395370 0.399667 0.420759
1 0.409427 0.382583 0.406341 0.376644 0.398313 0.367190 0.394247 0.371144 0.393378 0.370981 0.394940 0.382519 0.403620 0.381856 0.404133 0.386333 0.408115 0.388634
2 0.435495 0.395880 0.431169 0.401588 0.436599 0.404898
2 0.433107 0.375264 0.428732 0.378370 0.423734 0.384593 0.420547 0.388704 0.423529 0.397167 0.429016 0.400528 0.431169 0.401588 0.431169 0.401588 0.435521 0.395926 0.434271 0.385463 0.434531 0.375185
1 0.434862 0.365000 0.415401 0.371801 0.410359 0.390130 0.423529 0.397167 0.420547 0.388704 0.423734 0.384593 0.428732 0.378370 0.433107 0.375264 0.434557 0.375278
2 0.463122 0.359653 0.458151 0.359384 0.459016 0.364032 0.461109 0.369176 0.462846 0.370718
5 0.451198 0.421991 0.453672 0.423565 0.454391 0.421370 0.455268 0.419819 0.456974 0.417713 0.459031 0.415241 0.461263 0.414366 0.463854 0.414116 0.465219 0.414380 0.465469 0.413843 0.457578 0.408255 0.454010 0.415426
1 0.474221 0.495560 0.471497 0.518921 0.470443 0.518287 0.472792 0.496935
2 0.473922 0.498106 0.475542 0.499454 0.476568 0.501181 0.477133 0.501912 0.478253 0.508801 0.473435 0.518940 0.472240 0.512037
1 0.543063 0.505444 0.551758 0.539810 0.550461 0.540481 0.541930 0.506306
1 0.505188 0.462542 0.497737 0.478597 0.497604 0.479495 0.502539 0.491824 0.496292 0.483495 0.485047 0.506903 0.488529 0.514593 0.487352 0.503926 0.493846 0.498352 0.505604 0.519852 0.504503 0.525903 0.506599 0.523593 0.511154 0.524750 0.521492 0.534000 0.522237 0.531546 0.524161 0.527528 0.526000 0.525894 0.528091 0.527681 0.529159 0.525370 0.531070 0.524542 0.530242 0.520986 0.527674 0.523546 0.526276 0.517130 0.524922 0.518472 0.525099 0.519472 0.524102 0.522130 0.503792 0.492917 0.505698 0.490519 0.524578 0.518310 0.509104 0.489000 0.511049 0.487657 0.514375 0.493935 0.513117 0.483282 0.509245 0.481727 0.504370 0.468398
1 0.449583 0.356426 0.452690 0.357028 0.455120 0.356324 0.456984 0.354616 0.464500 0.357931 0.464359 0.359491 0.463122 0.359653 0.458151 0.359384 0.459016 0.364032 0.434862 0.365000 0.449362 0.360037
2 0.481094 0.515500 0.484094 0.524611 0.485836 0.523310 0.482201 0.512875
2 0.518724 0.484259 0.517263 0.484764 0.517242 0.486838 0.517747 0.495593 0.520690 0.493583
2 0.522839 0.485315 0.532943 0.501361 0.532440 0.504037 0.528583 0.500792 0.525117 0.496398
2 0.529932 0.475338 0.524076 0.482028 0.535703 0.501060 0.536289 0.496602
2 0.477008 0.481269 0.475128 0.478912 0.472685 0.481824 0.476034 0.485792 0.476479 0.482625
9 0.479266 0.473125 0.481318 0.475694 0.479779 0.477769 0.477398 0.476361
1 0.515589 0.457106 0.516937 0.452593 0.517909 0.453361 0.516721 0.457875 0.516992 0.458931 0.517747 0.459324 0.521203 0.461139 0.522068 0.462204 0.522607 0.464593 0.522716 0.466042 0.522229 0.472560 0.521091 0.477986 0.520609 0.476208 0.521096 0.474481 0.521852 0.469778 0.521797 0.465745 0.521581 0.463921 0.520719 0.463060 0.518180 0.461139 0.516937 0.460755 0.516667 0.460657
5 0.520758 0.427653 0.519674 0.424472 0.519148 0.422755 0.518664 0.419454 0.517354 0.421889 0.512628 0.431417 0.520573 0.440278 0.521727 0.441579 0.522703 0.441764 0.522930 0.440491 0.523956 0.439245 0.525443 0.444722 0.527581 0.442259 0.527539 0.441398 0.527258 0.439606 0.526935 0.438458 0.526854 0.436810 0.526612 0.435375 0.525805 0.433727 0.525281 0.433153 0.524878 0.432005 0.523990 0.430639 0.522982 0.430282 0.521974 0.429639 0.521042 0.428222
5 0.527919 0.444282 0.527214 0.445074 0.527253 0.446296 0.527818 0.447588 0.529471 0.449019 0.529995 0.449810 0.530883 0.450528 0.532820 0.451458 0.533224 0.452176 0.533646 0.450736 0.533687 0.449657 0.533365 0.448653 0.532719 0.447866 0.532073 0.447435 0.531388 0.447435 0.530419 0.447292 0.529492 0.446505 0.528565 0.445787 0.527958 0.445139
5 0.532167 0.454514 0.532219 0.456241 0.531951 0.457500 0.531141 0.458449 0.530599 0.459324 0.528872 0.457681 0.526365 0.447731 0.526648 0.448162 0.527375 0.448806 0.528422 0.449523 0.529310 0.450310 0.530359 0.451389 0.531448 0.452102 0.532016 0.453088
5 0.521091 0.477986 0.522456 0.477898 0.524513 0.477037 0.525643 0.476032 0.526693 0.475028 0.527258 0.473667 0.528427 0.471227 0.528992 0.468648 0.529154 0.467500 0.526708 0.458065 0.526641 0.458065 0.525385 0.455458 0.522036 0.453231 0.512677 0.445435 0.515589 0.457106 0.516937 0.452593 0.517909 0.453361 0.516721 0.457875 0.516992 0.458931 0.517747 0.459324 0.521203 0.461139 0.522068 0.462204 0.522607 0.464593 0.522716 0.466042 0.522229 0.472560
5 0.516667 0.460657 0.516937 0.460755 0.518180 0.461139 0.520719 0.463060 0.521581 0.463921 0.521797 0.465745 0.521852 0.469778 0.521096 0.474481 0.520609 0.476208
2 0.471536 0.508241 0.472792 0.496935 0.468258 0.501833
2 0.464359 0.359491 0.463122 0.359653 0.462846 0.370718 0.463716 0.395389 0.466042 0.412685 0.467578 0.410370 0.465589 0.391190
9 0.491612 0.346338 0.505411 0.353208 0.504336 0.362250 0.493203 0.372500 0.495974 0.365162 0.495409 0.363556 0.491172 0.362653
9 0.503802 0.441204 0.506305 0.433384 0.509919 0.428630 0.514690 0.424005 0.517125 0.421731 0.507089 0.373852 0.504240 0.403398 0.515549 0.420060 0.514862 0.421616 0.510549 0.418949 0.503927 0.408282 0.500531 0.441449
11 0.508484 0.359949 0.516227 0.383833 0.518977 0.381838 0.519948 0.390755 0.520508 0.401505 0.516641 0.409861 0.508344 0.372514 0.507089 0.373852
2 0.518828 0.377620 0.519948 0.390755 0.520495 0.400000 0.524427 0.400972 0.523802 0.390880 0.522188 0.379407
5 0.462846 0.370718 0.461833 0.386657 0.461279 0.391111 0.460844 0.396380 0.461857 0.396894 0.463716 0.395389
5 0.465940 0.349546 0.464359 0.359491 0.465576 0.391153 0.467578 0.410370 0.468469 0.408662 0.469365 0.354736
6 0.508484 0.359949 0.516227 0.383833 0.518977 0.381838 0.518828 0.377620 0.510557 0.355722
9 0.510375 0.340407 0.518247 0.357736 0.519747 0.377505 0.518828 0.377620 0.510557 0.355722 0.508484 0.359949
1 0.464500 0.357931 0.443990 0.348491 0.445367 0.347352 0.464919 0.355991
12 0.467065 0.343838 0.466862 0.345134 0.466771 0.344815 0.465940 0.349546 0.464919 0.355991 0.445367 0.347352 0.457427 0.336398 0.456023 0.333616 0.446214 0.342532 0.453898 0.326157 0.457445 0.319556 0.458138 0.318324 0.459437 0.319227 0.461188 0.320231 0.461979 0.321134 0.463109 0.320431 0.464297 0.319426 0.465312 0.318421 0.465557 0.317773 0.468570 0.314796 0.469490 0.313759 0.470492 0.312421 0.470911 0.311676 0.469823 0.309444 0.469823 0.308403 0.470409 0.308255 0.471245 0.309148 0.472250 0.310486 0.473169 0.311528 0.474005 0.312421 0.475010 0.312569 0.476266 0.313014 0.478271 0.314796 0.479779 0.316731 0.480615 0.318218 0.481451 0.320153 0.482706 0.321194 0.483708 0.320745 0.483958 0.318963 0.484797 0.318815 0.485966 0.319556 0.487221 0.318815 0.488727 0.317324 0.489732 0.315986 0.490628 0.315181 0.491164 0.326403 0.471484 0.322222 0.470047 0.323500 0.469044 0.325255 0.467065 0.343838
2 0.458138 0.318324 0.459437 0.319227 0.461188 0.320231 0.461979 0.321134 0.463109 0.320431 0.464297 0.319426 0.465312 0.318421 0.464635 0.316667 0.460339 0.316759
2 0.437763 0.328949 0.438747 0.330292 0.440185 0.331231 0.440714 0.332042 0.441924 0.332444 0.444193 0.331634 0.446234 0.329755 0.448732 0.329352 0.449943 0.328005 0.449336 0.327065 0.447068 0.326528 0.445026 0.326662 0.443513 0.327602 0.442016 0.326551 0.441031 0.325611 0.439745 0.323593 0.438302 0.324273 0.436388 0.325847
5 0.469609 0.349032 0.466862 0.345134 0.467065 0.343838 0.469044 0.325255 0.469997 0.323741
5 0.469609 0.349032 0.470047 0.323500 0.471484 0.322222 0.491164 0.326403 0.491206 0.328125 0.491753 0.328611 0.490901 0.382583
1 0.443141 0.352907 0.443875 0.354616 0.436628 0.357593 0.434133 0.356111 0.432620 0.354903 0.429669 0.355708 0.424828 0.356648 0.423089 0.356245 0.421198 0.351810 0.422560 0.345218 0.424224 0.346028 0.425888 0.345218 0.425508 0.344009 0.426719 0.342662
2 0.439174 0.348690 0.437385 0.349792 0.426719 0.342662 0.429669 0.339838 0.442227 0.345894
5 0.505419 0.353227 0.491612 0.346338 0.491773 0.328731 0.491206 0.328125 0.490628 0.315181 0.489956 0.311602 0.490404 0.308417 0.491299 0.306028 0.492195 0.304833 0.493651 0.302444 0.494211 0.300653 0.495555 0.298861 0.496562 0.298861 0.498242 0.301449 0.499810 0.303440 0.501378 0.302245 0.502385 0.300255 0.503393 0.297667 0.504401 0.293884 0.506529 0.295278 0.504065 0.304037 0.506865 0.317370 0.507424 0.318963 0.509104 0.321949 0.510672 0.323741 0.511904 0.324736 0.511456 0.327324 0.510224 0.328120 0.507984 0.328519 0.507424 0.332898
5 0.435818 0.312810 0.432805 0.301060 0.430714 0.295708 0.428622 0.293477 0.425865 0.294815 0.418169 0.293630 0.412062 0.293630 0.408883 0.301657 0.409385 0.305968 0.406961 0.309986 0.402443 0.319648 0.398094 0.331398 0.392055 0.335083 0.389630 0.340602 0.393378 0.370981 0.394247 0.371144 0.398313 0.367190 0.406341 0.376644 0.407703 0.374435 0.410255 0.366843 0.420854 0.341032 0.426214 0.321819 0.427435 0.321778 0.430438 0.315231 0.434018 0.311440
5 0.457562 0.426921 0.458013 0.426250 0.458995 0.424093 0.460862 0.421685 0.464409 0.415963 0.463245 0.415852 0.461607 0.415792 0.460042 0.416227 0.458888 0.417037 0.457182 0.419139 0.455370 0.421810 0.454375 0.424120
1 0.503802 0.441204 0.500531 0.441449 0.496615 0.441644 0.492523 0.441204 0.489357 0.441431 0.480914 0.440755 0.480661 0.442556 0.486445 0.443606 0.493747 0.443380 0.494380 0.443606 0.497419 0.446681 0.500742 0.447810
5 0.473997 0.441468 0.481128 0.448255 0.488682 0.457259 0.497758 0.467843 0.501896 0.458810 0.505188 0.462542 0.505891 0.456519 0.499581 0.450606 0.500120 0.449306 0.497419 0.446681 0.494380 0.443606 0.493747 0.443380 0.486445 0.443606 0.480661 0.442556 0.480914 0.440755 0.489357 0.441431 0.492523 0.441204 0.485052 0.433176 0.482102 0.429356 0.471682 0.419069 0.471682 0.419069 0.472417 0.420074 0.475411 0.426301 0.475865 0.428810 0.475865 0.431727 0.475242 0.436648
6 0.454010 0.415426 0.429016 0.400528 0.402409 0.385852 0.401724 0.392838 0.451198 0.421991
1 0.491219 0.480421 0.487763 0.483491 0.484362 0.485509 0.481716 0.489153 0.476909 0.490213 0.475219 0.488389 0.474424 0.490134 0.475497 0.493366 0.477133 0.501912 0.478253 0.508801 0.479091 0.506977 0.477773 0.500292 0.477990 0.496065 0.480690 0.494532 0.481987 0.495204 0.482417 0.499139
1 0.455510 0.490301 0.440266 0.497301 0.440953 0.487509 0.440958 0.483213 0.440391 0.481861 0.439641 0.481639 0.439510 0.482856 0.437911 0.485912 0.433279 0.486264 0.433747 0.490000 0.432534 0.491574 0.431505 0.491907 0.430247 0.492074 0.429078 0.490912 0.428893 0.486431 0.423060 0.484856 0.423060 0.490769 0.423133 0.492310 0.420023 0.493208 0.417133 0.492824 0.413880 0.490384 0.410120 0.485884 0.409977 0.483699 0.408865 0.483671 0.408865 0.483671 0.410357 0.496032 0.411945 0.494611 0.417443 0.500912 0.417148 0.501810 0.411875 0.504644 0.413031 0.506051 0.416938 0.505153 0.417099 0.506787 0.419042 0.507653 0.420229 0.508806 0.418448 0.510051 0.418497 0.511005 0.420930 0.510528 0.423359 0.510630 0.425253 0.510338 0.425953 0.511106 0.423953 0.516292 0.424547 0.517537 0.427195 0.512352 0.429034 0.513606 0.429464 0.512264 0.428008 0.510241 0.430919 0.502653 0.438805 0.499009 0.438911 0.501407 0.439885 0.501023 0.440086 0.498593 0.455424 0.491898
1 0.440414 0.532343 0.434977 0.517222 0.435602 0.516662 0.440938 0.531602
1 0.434807 0.513810 0.434536 0.514778 0.435352 0.515741 0.436195 0.516278 0.437159 0.515741 0.439268 0.514560 0.439177 0.512097 0.438516 0.511509 0.438305 0.513597 0.437883 0.514241 0.436586 0.514671 0.435833 0.514671
1 0.450893 0.507815 0.448747 0.495782 0.448094 0.495866 0.449867 0.509306
1 0.464115 0.511856 0.463680 0.512630 0.466211 0.529593 0.467440 0.529722
1 0.512508 0.539162 0.502948 0.545690 0.503164 0.546843 0.513047 0.540407
1 0.497990 0.532593 0.504266 0.539065 0.504698 0.538037 0.500289 0.532769
1 0.502979 0.528421 0.504714 0.536005 0.503557 0.536519 0.502328 0.529838
1 0.508906 0.534079 0.505797 0.541662 0.507531 0.542176 0.509773 0.535236
1 0.404141 0.454565 0.403714 0.450014 0.405555 0.453583 0.414755 0.450014 0.421208 0.460120 0.426992 0.468606 0.428609 0.467644 0.422615 0.459199 0.437333 0.460699 0.439602 0.456093 0.440466 0.456093 0.438253 0.460699 0.441654 0.461181 0.442247 0.455611 0.442896 0.455708 0.442518 0.461278 0.444029 0.459167 0.445164 0.461083 0.448906 0.461755 0.444565 0.464870 0.444924 0.467218 0.444174 0.470213 0.431612 0.469190 0.428701 0.471380 0.431164 0.479741 0.436172 0.480861 0.436055 0.482417 0.428641 0.481611 0.408542 0.479333 0.407326 0.473190 0.408729 0.474532 0.410620 0.474343 0.412943 0.471847
1 0.454190 0.462255 0.458409 0.462069 0.458513 0.463644 0.454398 0.464014
6 0.531484 0.611065 0.540089 0.612139 0.539987 0.621861
6 0.517708 0.618440 0.518620 0.618620 0.516190 0.648324 0.509911 0.649407 0.511128 0.641843
6 0.521961 0.627620 0.527229 0.633384 0.526115 0.644727 0.520240 0.646167
6 0.428674 0.326315 0.441745 0.303333 0.443659 0.307148 0.432875 0.327394
6 0.500638 0.441218 0.511117 0.328972 0.507828 0.328625 0.496612 0.441523
6 0.439174 0.348690 0.456023 0.333616 0.457427 0.336398 0.441604 0.350606
6 0.417443 0.364366 0.448003 0.353343 0.449607 0.354333 0.449362 0.360037 0.434862 0.365000 0.415401 0.371801
6 0.410255 0.366843 0.414318 0.365500 0.412365 0.373231 0.407703 0.374435
6 0.394940 0.382519 0.403620 0.381856 0.404133 0.386333 0.402409 0.385852 0.402034 0.387662 0.395500 0.388079
6 0.406354 0.395370 0.399667 0.420759 0.400133 0.423745 0.402560 0.422171 0.408581 0.396866
6 0.408115 0.388634 0.426214 0.321819 0.428687 0.323556 0.410359 0.390130
6 0.400430 0.424875 0.400753 0.428463 0.421208 0.460120 0.426992 0.468606 0.428609 0.467644 0.422615 0.459199 0.413143 0.444403
6 0.440958 0.483213 0.466815 0.486014 0.466432 0.490727 0.440953 0.487509
6 0.408542 0.479333 0.439510 0.482856 0.437911 0.485912 0.408865 0.483671
6 0.412143 0.507801 0.424471 0.530292 0.423164 0.532111 0.412333 0.511537
6 0.442078 0.530463 0.437596 0.517356 0.440865 0.513787 0.445203 0.526898
6 0.449477 0.524144 0.434151 0.540468 0.437188 0.547792 0.452513 0.531468
6 0.461029 0.544875 0.449750 0.567236 0.451992 0.570704 0.454883 0.568005 0.469414 0.539477 0.467172 0.538963 0.463630 0.544102
6 0.492781 0.478032 0.480578 0.459315 0.482672 0.457394 0.494245 0.474935
6 0.501896 0.458810 0.467305 0.531824 0.471930 0.534014 0.482201 0.512875 0.485047 0.506903 0.496292 0.483495 0.497737 0.478597 0.505188 0.462542
6 0.511049 0.487657 0.509104 0.489000 0.524922 0.518472 0.526276 0.517130
6 0.505698 0.490519 0.525099 0.519472 0.524102 0.522130 0.503792 0.492917
6 0.500167 0.482940 0.504602 0.490157 0.503039 0.490602
6 0.496292 0.483495 0.502539 0.491824 0.497604 0.479495
6 0.485047 0.506903 0.490836 0.520093 0.491208 0.533120 0.482201 0.512875
6 0.492031 0.522222 0.524310 0.594458 0.520984 0.593171 0.518096 0.593940 0.492526 0.535093
6 0.512677 0.445435 0.511339 0.444394 0.509750 0.445435 0.527674 0.523546 0.530242 0.520986 0.525117 0.496398 0.522839 0.485315 0.521091 0.477986
6 0.521091 0.477986 0.539333 0.507750 0.538148 0.509194 0.522839 0.485315
6 0.523956 0.439245 0.522930 0.440491 0.522714 0.442222 0.532497 0.481218 0.541245 0.515824 0.549177 0.553532 0.551802 0.553083 0.537471 0.488829
6 0.525117 0.496398 0.528583 0.500792 0.529398 0.505838 0.539763 0.586389 0.539716 0.590926 0.536586 0.590639 0.529159 0.525370 0.531070 0.524542
6 0.532594 0.505491 0.529398 0.505838 0.539763 0.586389 0.542049 0.609324 0.545299 0.609065 0.545513 0.604694
6 0.480625 0.623884 0.428352 0.634463 0.433333 0.676167 0.470208 0.669972
1 0.423089 0.356245 0.422711 0.357190 0.422560 0.359069 0.422406 0.360819 0.427703 0.360282 0.427854 0.360551 0.436628 0.357593 0.434133 0.356111 0.432620 0.354903 0.429669 0.355708 0.424828 0.356648
12 0.446552 0.323458 0.449034 0.321148 0.453271 0.318995 0.455539 0.318190 0.456083 0.318755 0.455479 0.320366 0.443906 0.344440 0.442227 0.345894 0.429669 0.339838 0.430349 0.337421 0.431409 0.335000 0.431862 0.333384 0.432318 0.332579 0.436174 0.329889 0.437763 0.328949 0.438747 0.330292 0.440185 0.331231 0.440714 0.332042 0.441924 0.332444 0.444193 0.331634 0.446234 0.329755 0.448732 0.329352 0.449943 0.328005 0.449336 0.327065 0.447068 0.326528 0.445026 0.326662 0.443513 0.327602
1 0.450487 0.311088 0.456766 0.317676 0.458052 0.315528 0.458883 0.316199 0.458138 0.318324 0.457458 0.319630 0.453898 0.326157 0.446214 0.342532 0.443906 0.344440 0.455479 0.320366 0.456083 0.318755 0.450411 0.313375 0.442242 0.324537 0.446250 0.322384 0.446552 0.323458 0.442016 0.326551 0.441031 0.325611 0.439745 0.323593 0.442695 0.318486 0.443299 0.319292 0.441333 0.323056 0.441711 0.323190
12 0.456984 0.354616 0.455120 0.356324 0.452690 0.357028 0.449583 0.356426 0.449607 0.354333 0.448003 0.353343 0.443875 0.354616 0.443141 0.352907 0.441604 0.350606 0.443990 0.348491
1 0.521958 0.508463 0.520828 0.497417 0.520021 0.494907 0.520466 0.494551 0.521070 0.496704 0.522682 0.508750
1 0.532943 0.501361 0.533042 0.502190 0.536878 0.511602 0.537849 0.510449
1 0.531435 0.568472 0.520633 0.578167 0.521552 0.579509 0.532029 0.570773
1 0.529393 0.533421 0.524021 0.540088 0.524021 0.544306 0.532581 0.557981 0.532531 0.556157 0.525021 0.543875 0.524646 0.541884 0.525482 0.540718 0.529964 0.534588
6 0.460130 0.463426 0.472815 0.480185 0.471279 0.482588 0.466703 0.483093 0.454755 0.464338
5 0.457562 0.426921 0.454401 0.424120 0.454216 0.424532 0.452578 0.428991 0.451719 0.433935 0.453534 0.431560 0.456661 0.428157
1 0.518813 0.555282 0.511844 0.557519 0.511456 0.563370 0.512617 0.567500 0.519393 0.580060 0.522490 0.584361 0.525974 0.584361 0.529263 0.582296 0.532070 0.577824 0.531586 0.577306 0.528878 0.579889 0.526747 0.582296 0.522878 0.582981 0.520167 0.579542 0.514940 0.570250 0.512716 0.564745 0.512716 0.559241 0.518813 0.557176
1 0.552810 0.581907 0.544547 0.571125 0.543956 0.571250 0.542003 0.573231 0.542318 0.575213 0.544164 0.573477 0.552531 0.583273
