2 0.400589 0.339495 0.399529 0.347565 0.399117 0.351171 0.396427 0.347296 0.396987 0.344815 0.398180 0.344718 0.398938 0.341926 0.399643 0.339134
8 0.427005 0.326620 0.433573 0.336801 0.434880 0.337032 0.435404 0.335870 0.435339 0.334241 0.432789 0.331454 0.429716 0.327968
6 0.459839 0.306931 0.459935 0.312079 0.459937 0.315750 0.459846 0.316347 0.458755 0.316796 0.457055 0.317403 0.456885 0.315093 0.457281 0.308963 0.458708 0.308602
1 0.412453 0.339718 0.409245 0.344519 0.406797 0.348264 0.406417 0.349171 0.407008 0.350296 0.412115 0.343083 0.413214 0.340991 0.412990 0.340074
8 0.400305 0.325884 0.402529 0.326648 0.404198 0.327676 0.406010 0.328579 0.408536 0.330463 0.408789 0.331588 0.408789 0.333389 0.408664 0.333838 0.407734 0.334815 0.401573 0.330088 0.401909 0.329037 0.401826 0.328435 0.401234 0.327986 0.400221 0.326935 0.399336 0.326185 0.398828 0.325810 0.398448 0.324458 0.398448 0.324162
8 0.429154 0.333148 0.427047 0.334713 0.424586 0.336065 0.423333 0.337403 0.420385 0.338181 0.420880 0.339801 0.421953 0.340301 0.424607 0.339051 0.426271 0.337838 0.427878 0.337315 0.429250 0.336708 0.429740 0.336361 0.429885 0.335319 0.429690 0.334102
1 0.494070 0.410375 0.493341 0.410699 0.493122 0.411023 0.493232 0.412125 0.493706 0.412579 0.494982 0.411995 0.496549 0.411931 0.497500 0.413162 0.499323 0.416602 0.499760 0.416477 0.500089 0.415824 0.500234 0.415111 0.499943 0.414269 0.499141 0.413162 0.497828 0.410958 0.497206 0.410185 0.496258 0.410051
8 0.453458 0.412690 0.461685 0.413583 0.465023 0.414532 0.466451 0.417579 0.466451 0.417579 0.455607 0.417023 0.451799 0.415773 0.447378 0.397630 0.449010 0.395528 0.451529 0.404185
8 0.469490 0.414630 0.475029 0.415222 0.479104 0.417565 0.480510 0.418481 0.487365 0.424773 0.486359 0.427907 0.479813 0.422088 0.477125 0.421194 0.475365 0.420296 0.471672 0.419403
8 0.510695 0.470556 0.509172 0.474426 0.506341 0.482032 0.504674 0.485389 0.502208 0.488222 0.501773 0.487838 0.504456 0.481648 0.505690 0.477907 0.506849 0.475458 0.510331 0.470171
1 0.376289 0.256944 0.383096 0.254736 0.383315 0.253824 0.375922 0.255384 0.373641 0.256023 0.372883 0.257755
1 0.399279 0.235880 0.396029 0.241181 0.393753 0.245801 0.392289 0.248694 0.393156 0.249463 0.394458 0.247153 0.396331 0.243514 0.398630 0.238866 0.400471 0.235977
1 0.401826 0.241968 0.405836 0.238310 0.406487 0.237829 0.407029 0.238310 0.407503 0.240370 0.405247 0.241486 0.402477 0.243801 0.400201 0.247269 0.398141 0.251120 0.396083 0.253722 0.393698 0.256514 0.392453 0.259403 0.391260 0.260079 0.390935 0.258634 0.391911 0.256611 0.395107 0.251792 0.399117 0.244088 0.400531 0.241954
1 0.429990 0.257681 0.430930 0.264588 0.434315 0.259907 0.434161 0.261963 0.433500 0.263255 0.431057 0.266708 0.429049 0.267935 0.425771 0.267829 0.419076 0.266588 0.419076 0.266588 0.419914 0.264500 0.428977 0.265843 0.427719 0.259579 0.427706 0.257630 0.428721 0.257630
6 0.488573 0.298713 0.487224 0.310898 0.489247 0.312898 0.491591 0.311389 0.492909 0.308005 0.493641 0.305144 0.493935 0.302412 0.493422 0.299940 0.492104 0.298380 0.491607 0.295718
1 0.494802 0.374296 0.486750 0.364625 0.484357 0.362431 0.486604 0.362046 0.485372 0.359338 0.482471 0.360366 0.479932 0.356241 0.481745 0.353921 0.484138 0.358560 0.484503 0.358819 0.486315 0.359722 0.485880 0.358306 0.483849 0.355338 0.482326 0.352370 0.481237 0.351727 0.480148 0.351727 0.478047 0.354954 0.468471 0.344120 0.466802 0.341926 0.466078 0.342056 0.465786 0.343088 0.467891 0.352500 0.469740 0.361204 0.470174 0.365537 0.469958 0.366894 0.468065 0.370065 0.465680 0.373727 0.466034 0.375412 0.466818 0.379421 0.463023 0.384713 0.461727 0.387407 0.462263 0.387796 0.464909 0.383269 0.464096 0.387991 0.465510 0.388292 0.468167 0.388375 0.473148 0.387218 0.475151 0.384611 0.474557 0.382111 0.474013 0.380278 0.472062 0.379801 0.471633 0.379412 0.472388 0.378162 0.473201 0.377778 0.473419 0.375944 0.472823 0.375662 0.471307 0.377671 0.470654 0.377968 0.470385 0.377778 0.471250 0.375750 0.471576 0.373727 0.472279 0.371806 0.471299 0.369912 0.471880 0.365528 0.472823 0.366699 0.478620 0.357454 0.481331 0.360625 0.480193 0.361204 0.480302 0.362944 0.483174 0.362843 0.486693 0.367176 0.483008 0.370940 0.483987 0.373250 0.487888 0.368815 0.494388 0.376227
8 0.471880 0.365528 0.477320 0.372231 0.481891 0.379968 0.485570 0.387546 0.481792 0.387546 0.474781 0.375843 0.471299 0.369912
6 0.467542 0.402509 0.464784 0.402958 0.464534 0.404519 0.464721 0.406745 0.465224 0.407639 0.466664 0.407417 0.467479 0.406745
1 0.391706 0.305755 0.401513 0.321745 0.400482 0.323093 0.390945 0.306620
1 0.392240 0.306648 0.399969 0.309458 0.400091 0.311111 0.393331 0.308449
1 0.385237 0.304278 0.391706 0.305755 0.390945 0.306620 0.390417 0.307227 0.385844 0.306074 0.384508 0.305713
1 0.397378 0.310176 0.396609 0.313704 0.397297 0.314782 0.398107 0.310394
2 0.459143 0.385505 0.459216 0.387847 0.459216 0.389787 0.458917 0.392764 0.458161 0.393569 0.457479 0.394111 0.456320 0.394819 0.451305 0.397829 0.450177 0.396718 0.449010 0.395528 0.453003 0.391269
2 0.421133 0.296866 0.421284 0.298079 0.420299 0.301171 0.419469 0.303185 0.419318 0.305472 0.419771 0.306278 0.422495 0.305875 0.424914 0.303995 0.427260 0.303861 0.429453 0.304532 0.430135 0.303727 0.424008 0.295523 0.423706 0.297134 0.423706 0.299824 0.423552 0.300630 0.422419 0.300769 0.422039 0.300093 0.422419 0.298481 0.422419 0.297403 0.422117 0.296329
2 0.441740 0.243398 0.446656 0.245412 0.448964 0.245778 0.448372 0.248190 0.447354 0.249694 0.446932 0.251500 0.446932 0.254514 0.444826 0.254097 0.442648 0.253968 0.440036 0.251519 0.438224 0.251389 0.439021 0.246542
2 0.445482 0.213088 0.446695 0.213167 0.448490 0.214426 0.450182 0.216319 0.450849 0.219287 0.450849 0.222167 0.451964 0.224148 0.452266 0.225046 0.447305 0.228648 0.443083 0.230241 0.443445 0.227792 0.442794 0.226245 0.441779 0.225213 0.437685 0.223426 0.436339 0.222764 0.432922 0.219889 0.432922 0.219889 0.435607 0.218245 0.434849 0.216764 0.436570 0.215144 0.432065 0.209301 0.439776 0.213532 0.446484 0.218440 0.446987 0.218773 0.446924 0.217546
7 0.502617 0.380542 0.511469 0.396171 0.515690 0.403796 0.517380 0.406338 0.521625 0.412583 0.521409 0.416505 0.521018 0.422514 0.520500 0.425056 0.520500 0.425056 0.518940 0.427597 0.517763 0.426907 0.516755 0.425116 0.515833 0.424370 0.515078 0.423176 0.514826 0.421981 0.514742 0.418699 0.515161 0.415569 0.513818 0.414972 0.513148 0.415417 0.511552 0.416463 0.512091 0.408583 0.512005 0.405898 0.511000 0.402468 0.509487 0.399634 0.504703 0.396500 0.503245 0.395574 0.500979 0.385579 0.500557 0.383338 0.501102 0.381889
2 0.508924 0.447426 0.504099 0.452218 0.503971 0.454227 0.505039 0.458236 0.508924 0.455338 0.510245 0.453644 0.509927 0.448319
2 0.464013 0.462116 0.464065 0.463931 0.466612 0.464028 0.466396 0.466019 0.478745 0.465347 0.479060 0.461671
2 0.413065 0.454380 0.416323 0.454046 0.422154 0.453491 0.424411 0.457838 0.419583 0.459398 0.415383 0.461958 0.413253 0.461958 0.412185 0.458838 0.412568 0.458171
2 0.413208 0.447917 0.413544 0.450301 0.412568 0.458171 0.410500 0.455384 0.410687 0.448583
2 0.456669 0.343486 0.455581 0.354833 0.454276 0.356255 0.455073 0.344519
2 0.472102 0.331894 0.469255 0.331269 0.464891 0.331269 0.461953 0.332907 0.459016 0.335894 0.459099 0.337685 0.461617 0.335296 0.460443 0.338130 0.461701 0.340222 0.462792 0.339773 0.462708 0.342606 0.463464 0.344694 0.465310 0.344995 0.465786 0.343088 0.466078 0.342056 0.466232 0.339028 0.468331 0.337981 0.469505 0.337833 0.469003 0.342009 0.469339 0.343949 0.469924 0.343653 0.470932 0.338130 0.474961 0.336940 0.477898 0.334847 0.479156 0.333505 0.478234 0.331565 0.477227 0.328880 0.475471 0.329296
10 0.486497 0.445694 0.491065 0.448662 0.488844 0.452995 0.485482 0.450597
10 0.492549 0.450157 0.501229 0.455106 0.501062 0.457343 0.499466 0.458537 0.495943 0.456745 0.493815 0.451889 0.493815 0.451889 0.491997 0.453912 0.490906 0.453463
2 0.497862 0.461491 0.505260 0.463815 0.500039 0.470907 0.499604 0.469616 0.500807 0.468463
2 0.479813 0.422088 0.479836 0.425069 0.479208 0.427296 0.479146 0.430194 0.479083 0.432537 0.478771 0.434208 0.478646 0.434431 0.475010 0.426852 0.475073 0.423731 0.475365 0.420296 0.477125 0.421194
1 0.399159 0.306148 0.398432 0.308810 0.397823 0.308593 0.398268 0.306361
1 0.400253 0.296579 0.399201 0.300750 0.395760 0.297440 0.396083 0.293912 0.395112 0.293912 0.395112 0.296935 0.393492 0.295208 0.393089 0.296074 0.394344 0.298519 0.393576 0.303125 0.394263 0.304347 0.395477 0.298593 0.398958 0.301903 0.398703 0.303935 0.399539 0.303477 0.400924 0.297014
10 0.435815 0.442208 0.436641 0.437116 0.424161 0.433574 0.412799 0.431847 0.408333 0.431157 0.406284 0.432259 0.401677 0.435458 0.406003 0.444968 0.421266 0.441944 0.428651 0.441352
2 0.451958 0.439500 0.453461 0.438833 0.453839 0.436269 0.454151 0.435269 0.454904 0.435157 0.455154 0.436606 0.455719 0.437829 0.455906 0.439167 0.455281 0.443181 0.454339 0.446856 0.453148 0.450204 0.451581 0.450204 0.450516 0.448639 0.444935 0.452542 0.443745 0.455662 0.442990 0.457676 0.442409 0.458963 0.440609 0.459676 0.440109 0.459676 0.440172 0.458449 0.441802 0.455329 0.442742 0.452986 0.443055 0.450537 0.443055 0.447306 0.443180 0.445630 0.443745 0.440171 0.450893 0.443384
2 0.470865 0.320708 0.475471 0.329296 0.472102 0.331894 0.465698 0.322106 0.466372 0.319708 0.467495 0.319708
2 0.467479 0.398167 0.467479 0.406745 0.467479 0.409421 0.467542 0.410426 0.468922 0.409644 0.469297 0.408417 0.468482 0.406856 0.468609 0.401954 0.468672 0.398944 0.468797 0.397731 0.468482 0.395269 0.467794 0.394153 0.467292 0.396491
1 0.464156 0.400727 0.462346 0.404671 0.461216 0.409690 0.460401 0.413588 0.461685 0.413583 0.462156 0.411028 0.463034 0.410579 0.463286 0.412366 0.463599 0.413255 0.464664 0.413366 0.465023 0.414532 0.465919 0.413815 0.464289 0.411028 0.463349 0.409468 0.464102 0.405231 0.465982 0.399435 0.466797 0.396981 0.467109 0.393639 0.467424 0.390630 0.466107 0.390519 0.466107 0.393972 0.465542 0.396204 0.465167 0.397875
10 0.354878 0.316236 0.351576 0.320208 0.357323 0.332602 0.361227 0.336745 0.363724 0.336935 0.364365 0.338764 0.365617 0.353801 0.368841 0.361051 0.371346 0.366403 0.374161 0.364505 0.375552 0.363838 0.375552 0.350514 0.375552 0.350514 0.375794 0.343894 0.363888 0.326282 0.361315 0.322384 0.359625 0.321935 0.358867 0.319829 0.359063 0.318704 0.359625 0.317806 0.361878 0.318810 0.365268 0.323935 0.367208 0.327958 0.375542 0.339991 0.383135 0.349917 0.384388 0.348019 0.376242 0.333269 0.379745 0.329287 0.376357 0.316028 0.374620 0.307204 0.358422 0.317199 0.357833 0.318093 0.357245 0.318093 0.356659 0.317495 0.356576 0.316898 0.356971 0.315690 0.361219 0.313037 0.370255 0.307500 0.366865 0.303412 0.365138 0.303245 0.360797 0.309968
2 0.382117 0.351338 0.377948 0.347176 0.375794 0.343894 0.363888 0.326282 0.361315 0.322384 0.359625 0.321935 0.358867 0.319829 0.359063 0.318704 0.359625 0.317806 0.361878 0.318810 0.365268 0.323935 0.367208 0.327958 0.375542 0.339991 0.383135 0.349917 0.384974 0.351505 0.385443 0.352755 0.386096 0.355667 0.386237 0.357833 0.386143 0.358917 0.385771 0.358750 0.385630 0.356500 0.385443 0.354750 0.384599 0.355250 0.384177 0.355333 0.383661 0.354750 0.384083 0.353505
2 0.377562 0.316255 0.379187 0.315579 0.380651 0.315389 0.381365 0.316171 0.381365 0.321917 0.384497 0.330417 0.385018 0.331181 0.382711 0.333208 0.380286 0.328875 0.379745 0.329287 0.376750 0.317315
1 0.407477 0.303171 0.406146 0.304421 0.404917 0.303921 0.404161 0.302278 0.400924 0.297014 0.400253 0.296579 0.398617 0.294347 0.397362 0.293625 0.397039 0.293125 0.396997 0.292477 0.397865 0.292310 0.398172 0.291398 0.400560 0.294130 0.401935 0.295856
2 0.420161 0.290190 0.415448 0.293287 0.418495 0.297931 0.422992 0.294060 0.422380 0.293236
2 0.389089 0.242222 0.389096 0.244454 0.391219 0.244977 0.391219 0.246667 0.388951 0.252394 0.387268 0.253954 0.386096 0.256944 0.384411 0.260329 0.383242 0.262671 0.381266 0.263972 0.379143 0.264755 0.378557 0.264884 0.376289 0.256944 0.383096 0.254736 0.383315 0.253824 0.375922 0.255384 0.375630 0.254213
10 0.468130 0.411426 0.481240 0.440773 0.490367 0.417468 0.488036 0.429898 0.484346 0.443019 0.485125 0.445088 0.483862 0.449579 0.482503 0.449403 0.482018 0.459245 0.479977 0.470120 0.478424 0.469949 0.479784 0.448713 0.473667 0.452685 0.459682 0.461315 0.458518 0.457519 0.463276 0.453032 0.478909 0.444056 0.465023 0.414532
3 0.450893 0.443384 0.440609 0.439130 0.436641 0.437116 0.415406 0.428468 0.416427 0.422421 0.416654 0.419398 0.421844 0.416699 0.440167 0.406421 0.444477 0.401194 0.447378 0.397630 0.451799 0.415773 0.452138 0.420810 0.454521 0.422625 0.454974 0.423431 0.454974 0.428065 0.453159 0.434514
2 0.383117 0.306259 0.392328 0.322981 0.382922 0.316537 0.380570 0.311833
1 0.524695 0.465977 0.508943 0.483972 0.495344 0.499380 0.484146 0.511866 0.478958 0.517713 0.479148 0.518500 0.489839 0.507366 0.503313 0.492181 0.517419 0.476102 0.525201 0.466653
2 0.417648 0.251519 0.416641 0.254653 0.416221 0.256741 0.415956 0.258801 0.416055 0.261907 0.416977 0.266292 0.419076 0.266588 0.419914 0.264500 0.428977 0.265843 0.427719 0.259579 0.427125 0.256472 0.426474 0.254796 0.426474 0.252991 0.426474 0.252991 0.425117 0.251519 0.425201 0.249282 0.424615 0.246894 0.423438 0.245852 0.420763 0.247241 0.420250 0.249731 0.418654 0.251074
2 0.463510 0.503736 0.460443 0.502852 0.457589 0.502852 0.455490 0.505088 0.453813 0.507329 0.452888 0.510611 0.452805 0.512699 0.452635 0.516278 0.452971 0.520009 0.454398 0.524634 0.455810 0.524190 0.455745 0.522468 0.454992 0.522019 0.454615 0.521241 0.454427 0.519681 0.454615 0.518343 0.456935 0.515222 0.462766 0.506866 0.463331 0.506750
2 0.471586 0.397769 0.473680 0.401259 0.474695 0.405384 0.479104 0.417565 0.475029 0.415222 0.470831 0.406870 0.469573 0.404333 0.469573 0.402843 0.469740 0.400153 0.469992 0.399560
2 0.550932 0.435231 0.549477 0.442481 0.550349 0.443347 0.548701 0.445935 0.547922 0.449731 0.547146 0.454394 0.545958 0.456157 0.545010 0.460954 0.545010 0.463028 0.549247 0.461028 0.550117 0.454282 0.549951 0.451681 0.550495 0.447838 0.550763 0.444843 0.552120 0.439648 0.552594 0.437699 0.552641 0.436542 0.552544 0.435130 0.552117 0.434782
2 0.531938 0.529481 0.531099 0.531125 0.531182 0.533065 0.531938 0.535898 0.532693 0.537394 0.533701 0.538736 0.534922 0.540838 0.533979 0.541481 0.534052 0.543287 0.534052 0.543287 0.531875 0.541741 0.529336 0.534106 0.529422 0.531273 0.529924 0.529333 0.530427 0.529185
1 0.515227 0.463454 0.515591 0.476477 0.514357 0.477764 0.514068 0.464870
8 0.519195 0.456528 0.523958 0.466759 0.522760 0.468241 0.518034 0.457171
2 0.473326 0.473986 0.469927 0.488144 0.474398 0.496167 0.478078 0.477602 0.478078 0.477602 0.476336 0.474162
2 0.487602 0.467944 0.480122 0.476060 0.479315 0.480199 0.477599 0.487625 0.482740 0.483657 0.486583 0.478759 0.489154 0.474333 0.489737 0.472778 0.489737 0.470880 0.488961 0.468634
10 0.493815 0.451889 0.500807 0.468463 0.498573 0.470880 0.495370 0.472778 0.492747 0.471745 0.491388 0.469843 0.489542 0.464148 0.488573 0.461042 0.488573 0.457759
1 0.437039 0.501097 0.437508 0.490227 0.437927 0.484917 0.438859 0.481185 0.438906 0.480023 0.439607 0.479523 0.439513 0.481352 0.438721 0.484171 0.438299 0.488069 0.438440 0.493134 0.438068 0.500269
1 0.542516 0.448523 0.549477 0.442481 0.550349 0.443347 0.548701 0.445935 0.542776 0.451116
1 0.505313 0.359500 0.506354 0.367139 0.506823 0.372278 0.506771 0.375935 0.506354 0.379917 0.504531 0.383991 0.505052 0.384917 0.506120 0.382278 0.506953 0.380472 0.507448 0.376398 0.507500 0.372417 0.507240 0.368667 0.506641 0.362787 0.506016 0.359315
1 0.504349 0.355981 0.503516 0.353713 0.502005 0.350370 0.500286 0.347278 0.498750 0.344824 0.498047 0.343343 0.497292 0.341028 0.498750 0.342046 0.499844 0.344491 0.502734 0.349213 0.504323 0.352315 0.505339 0.355750
8 0.453435 0.333333 0.457076 0.327838 0.457831 0.328731 0.457328 0.330968 0.456740 0.332463 0.455758 0.333917 0.453273 0.336241
1 0.381995 0.351384 0.382724 0.358144 0.384208 0.360042 0.386734 0.360458 0.388766 0.360273 0.390562 0.358884 0.390068 0.357958 0.387932 0.359255 0.386318 0.359486 0.384703 0.359255 0.383974 0.358051 0.383245 0.356106 0.383141 0.354440 0.382724 0.352079
8 0.468018 0.217625 0.466979 0.218241 0.463609 0.223245 0.465734 0.226306 0.468951 0.222292 0.468357 0.221241
2 0.426906 0.323583 0.430146 0.324046 0.436534 0.325139 0.436534 0.327005 0.435133 0.329495 0.433820 0.329648 0.427005 0.326620
2 0.455542 0.313431 0.455737 0.309486 0.449495 0.313616 0.445982 0.316736 0.444667 0.317074 0.442911 0.320208 0.444148 0.321606 0.446956 0.324000 0.447742 0.325801 0.449266 0.327153 0.450453 0.319704 0.453089 0.313944 0.454755 0.311681
2 0.455570 0.298625 0.455607 0.306810 0.448159 0.310519
2 0.429167 0.347241 0.427956 0.350472 0.426367 0.353699 0.426292 0.355444 0.427221 0.358028 0.429083 0.360468 0.428495 0.362037 0.424674 0.357505 0.422586 0.355042 0.425005 0.350741 0.428333 0.345764
1 0.408612 0.352699 0.413805 0.352472 0.418573 0.351495 0.419924 0.351037 0.421190 0.351037 0.422203 0.348870 0.425706 0.348796 0.425750 0.349472 0.425005 0.350741 0.422245 0.351796 0.421529 0.353213 0.421107 0.353366 0.419628 0.352921 0.418490 0.352773 0.417096 0.353148 0.416083 0.353815 0.413930 0.354046 0.409034 0.353898 0.406057 0.353324
2 0.435544 0.349134 0.434763 0.350259 0.433740 0.351824 0.432859 0.353125 0.432029 0.354431 0.431346 0.355208 0.431826 0.358370 0.434276 0.356597 0.436719 0.354778 0.436865 0.353648 0.436961 0.351736 0.436570 0.349912
10 0.509190 0.364046 0.507240 0.368667 0.508148 0.372366 0.509839 0.377681 0.513740 0.387157 0.515820 0.394782 0.514518 0.399403 0.515690 0.403796 0.517380 0.406338 0.520109 0.404949 0.521930 0.409111 0.521409 0.416505 0.521018 0.422514 0.520500 0.425056 0.518940 0.427597 0.520370 0.431759 0.522060 0.432222 0.524789 0.423208 0.526219 0.424134 0.527310 0.422028 0.532068 0.428755 0.533135 0.426005 0.528182 0.419949 0.532836 0.403218 0.537112 0.414611 0.538854 0.413569 0.536633 0.402338 0.530612 0.379736 0.526336 0.363861 0.526336 0.361088 0.525659 0.358338 0.524294 0.360579 0.524008 0.361944 0.524971 0.365755 0.524971 0.368505 0.524971 0.369894 0.522839 0.369384 0.520214 0.365569 0.518563 0.362981 0.516820 0.362125 0.514388 0.361944 0.511958 0.363329
10 0.510529 0.342653 0.509940 0.355634 0.507339 0.355782 0.507927 0.348023 0.493576 0.338625 0.490721 0.335787 0.490974 0.339968 0.492654 0.350111 0.491812 0.353245 0.490135 0.354292 0.489380 0.349667 0.489464 0.346829 0.489966 0.344292 0.488625 0.342204 0.488289 0.338028 0.488120 0.334597 0.488120 0.330417 0.488036 0.327134 0.488792 0.325194 0.490219 0.324153 0.491737 0.324921 0.496130 0.325315 0.496057 0.329866 0.496073 0.333343 0.499786 0.334296
2 0.487224 0.310898 0.487109 0.313060 0.488792 0.325194 0.490219 0.324153 0.491182 0.324315 0.490620 0.319412 0.489247 0.312898
2 0.468401 0.311889 0.468654 0.313995 0.467839 0.315880 0.459518 0.319333 0.459846 0.316347 0.459937 0.315750 0.463380 0.313366
2 0.458755 0.316796 0.457076 0.327838 0.457831 0.328731 0.457328 0.330968 0.456740 0.332463 0.455063 0.342606 0.457076 0.341116 0.459341 0.323213 0.459846 0.316347
2 0.430786 0.363069 0.431977 0.362625 0.432128 0.364458 0.432792 0.366301 0.433984 0.376106 0.432417 0.376556 0.430945 0.364472
2 0.400076 0.336148 0.399643 0.339134 0.398938 0.341926 0.398180 0.344718 0.396987 0.344815 0.395146 0.343657 0.392234 0.340727 0.388643 0.334412 0.389023 0.332583 0.389672 0.331523 0.390648 0.329884 0.391135 0.329306
2 0.401273 0.309792 0.402250 0.317208 0.403604 0.317787 0.406799 0.321157 0.407979 0.321824 0.410159 0.324241 0.411107 0.328597 0.407099 0.324324 0.405284 0.322907 0.403982 0.321444 0.402898 0.320389 0.402357 0.320097 0.401513 0.321745 0.401112 0.320389 0.400841 0.317690 0.400135 0.314222 0.400091 0.311111 0.399969 0.309458
2 0.384487 0.237819 0.377898 0.247838 0.375536 0.250875 0.384706 0.244065 0.388365 0.241199 0.388146 0.239769 0.386974 0.237556
2 0.451935 0.273227 0.449484 0.292565 0.434591 0.290477 0.434885 0.287685 0.434484 0.286815 0.433406 0.287338 0.432924 0.290301 0.406174 0.285074 0.399120 0.283157 0.400286 0.271662 0.402354 0.264343 0.425771 0.267829 0.444391 0.270440
2 0.405943 0.209060 0.401284 0.212671 0.399674 0.211167 0.398914 0.210565 0.398406 0.211620 0.400354 0.214028 0.401792 0.216736 0.402641 0.218093 0.404164 0.218241 0.404589 0.219148 0.404841 0.222310 0.406620 0.227278 0.412971 0.221556 0.415513 0.220500 0.415427 0.219597 0.412464 0.217639
2 0.418221 0.232787 0.418732 0.238509 0.419323 0.243023 0.420763 0.247241 0.425844 0.244833 0.430841 0.243926 0.434143 0.244681 0.435076 0.244532 0.435076 0.241370 0.434482 0.238657 0.429740 0.239111 0.429148 0.236551 0.427708 0.233236 0.426945 0.231431 0.426013 0.229472 0.425083 0.228421
2 0.468951 0.222292 0.468104 0.226509 0.466664 0.229370 0.465479 0.231023 0.463615 0.233134 0.462768 0.234787 0.468698 0.242167 0.470305 0.243671 0.472169 0.247435 0.475133 0.245931 0.478013 0.243523 0.477336 0.237347 0.476487 0.232532 0.475049 0.225907 0.474539 0.222894 0.473016 0.221542 0.471237 0.220032 0.471068 0.218227 0.470474 0.216269 0.468018 0.217625 0.468357 0.221241
2 0.492104 0.298380 0.492690 0.293694 0.493276 0.289657 0.494299 0.286278 0.495250 0.285106 0.496422 0.285366 0.498693 0.291481 0.499789 0.298245 0.500594 0.315032 0.499935 0.328694 0.499276 0.329477 0.496057 0.329866 0.496130 0.325315 0.491737 0.324921 0.491591 0.311389 0.492909 0.308005 0.493641 0.305144 0.493935 0.302412 0.493422 0.299940
2 0.391930 0.398208 0.395151 0.398468 0.396029 0.400551 0.397128 0.401852 0.396396 0.420199 0.394271 0.419681 0.392003 0.413565 0.393466 0.409269 0.393393 0.407708 0.392221 0.406014 0.390393 0.404194 0.390026 0.403542
2 0.486422 0.578963 0.484813 0.595676 0.501411 0.598384 0.502513 0.597481 0.500820 0.595074 0.486508 0.593565 0.487607 0.580769
2 0.480359 0.529880 0.472990 0.539819 0.472438 0.546301 0.473286 0.546444 0.474516 0.546593 0.477563 0.544333 0.483914 0.535153
1 0.478318 0.337685 0.478508 0.346741 0.478786 0.353866 0.479589 0.352630 0.479310 0.342713 0.479326 0.340370 0.479326 0.337833
1 0.502089 0.552315 0.513000 0.569176 0.524023 0.554875
6 0.505268 0.411602 0.508750 0.417403 0.509992 0.420819 0.511167 0.422310 0.511435 0.424366 0.508818 0.427384 0.505995 0.420500 0.503745 0.415468 0.504326 0.414051
8 0.505776 0.403088 0.504253 0.407347 0.504073 0.409898 0.502477 0.414023 0.500990 0.418565 0.500336 0.422306 0.499974 0.426815 0.499612 0.430685 0.499875 0.433000 0.500313 0.434560 0.501206 0.429139 0.501714 0.423333 0.501932 0.420884 0.504326 0.414051 0.507154 0.406444 0.507372 0.404380 0.506938 0.402963
8 0.495466 0.391620 0.497091 0.386324 0.499583 0.380926 0.501643 0.377171 0.503214 0.378810 0.502617 0.380542 0.501102 0.381889 0.499474 0.386227 0.496982 0.392681
8 0.496008 0.394894 0.494815 0.399231 0.493482 0.397778 0.494760 0.394125
8 0.493677 0.402407 0.492159 0.409245 0.490805 0.409727 0.490534 0.408477 0.492539 0.401926 0.493047 0.401644
1 0.463781 0.399500 0.460271 0.403069 0.457826 0.404963 0.455068 0.403069 0.456445 0.397731 0.457135 0.395602 0.456320 0.394819 0.455568 0.396157 0.452997 0.397162 0.452435 0.398056 0.453122 0.398833 0.455693 0.397384 0.455130 0.398944 0.454880 0.400505 0.454753 0.401954 0.451305 0.397829 0.450177 0.396718 0.449362 0.396940 0.451117 0.399727 0.454065 0.403514 0.454065 0.408528 0.454065 0.412653 0.454880 0.412764 0.454880 0.405296 0.457888 0.406856 0.461273 0.404630 0.464156 0.400727
6 0.491065 0.535764 0.507547 0.525079 0.526396 0.512560 0.533862 0.507486 0.541070 0.502306 0.542974 0.501917 0.542828 0.506861 0.534068 0.514162 0.530935 0.515667 0.518435 0.523708 0.515130 0.525815 0.505133 0.533278 0.493786 0.540435
6 0.520401 0.549046 0.524792 0.551000 0.523685 0.552463 0.519888 0.551782
6 0.507396 0.498153 0.546099 0.481782 0.556193 0.477773 0.554036 0.484218 0.543456 0.488384 0.527286 0.495194 0.509060 0.503208 0.502299 0.505995
6 0.557948 0.476972 0.563826 0.474708 0.562258 0.480630 0.556380 0.483069
6 0.566375 0.473662 0.572057 0.470528 0.572940 0.474884 0.572646 0.476625 0.564219 0.479759
6 0.522172 0.446750 0.505023 0.469917 0.490312 0.489769 0.472005 0.518009 0.473961 0.505454 0.493266 0.480023 0.509237 0.458593 0.520211 0.443093
8 0.542768 0.440370 0.543576 0.440236 0.543427 0.442843 0.539182 0.449477 0.523227 0.474069 0.507396 0.498153 0.502299 0.505995 0.497828 0.512065 0.499117 0.507759 0.498414 0.507250 0.504414 0.498792 0.513857 0.484088 0.525201 0.466653 0.531570 0.457153
15 0.382922 0.316537 0.381365 0.316171 0.381365 0.321917 0.404195 0.339162 0.409781 0.342995 0.410661 0.341949 0.409977 0.336727 0.392328 0.322981
6 0.510049 0.479222 0.511070 0.481435 0.508943 0.483972 0.495344 0.499380 0.485857 0.510037 0.485052 0.508468 0.496911 0.494681
6 0.486385 0.511144 0.487018 0.512718 0.505427 0.493037 0.512953 0.484153 0.512133 0.482130 0.503313 0.492181
6 0.515250 0.457056 0.517453 0.459769 0.504156 0.479491 0.487557 0.504481 0.485052 0.508468 0.478958 0.517713 0.473159 0.526315 0.471466 0.527319 0.471380 0.529324 0.469010 0.532185 0.471211 0.520894 0.472005 0.518009 0.493062 0.487167 0.505023 0.469917
6 0.443034 0.496727 0.432495 0.504273 0.434031 0.508435 0.446987 0.499588 0.451672 0.496727 0.453135 0.494384 0.453500 0.492560 0.452841 0.491259 0.451599 0.492819 0.450792 0.491389 0.444646 0.495685 0.444719 0.497116 0.443328 0.497505
6 0.450844 0.497519 0.459409 0.494264 0.460214 0.496218 0.460286 0.498301 0.459115 0.499991 0.442940 0.506495 0.434669 0.510269 0.434031 0.508435 0.446987 0.499588
6 0.436497 0.513134 0.452307 0.505847 0.450844 0.512481 0.437596 0.517426
6 0.439279 0.519898 0.451721 0.516255 0.451576 0.526407 0.442427 0.527449
6 0.470461 0.515880 0.464167 0.525769 0.464018 0.533968 0.468044 0.529153
6 0.461604 0.530194 0.461164 0.538259 0.453188 0.551144 0.451357 0.547500
6 0.461164 0.538259 0.460849 0.545250 0.456240 0.553056 0.454922 0.550324 0.454336 0.549282
6 0.464018 0.533968 0.463047 0.541343 0.466487 0.536398 0.468044 0.529153
6 0.431411 0.207806 0.435607 0.218245 0.432922 0.219889 0.428643 0.209894
6 0.425117 0.193926 0.428557 0.200792 0.428221 0.204370 0.427635 0.207208 0.422768 0.196764 0.422516 0.195269 0.424529 0.193181
6 0.430008 0.201750 0.431896 0.204361 0.429273 0.207287 0.428818 0.205296
6 0.432911 0.205606 0.435953 0.209773 0.432141 0.208032 0.431411 0.207806 0.431336 0.206972
6 0.472539 0.506046 0.464997 0.516361 0.464852 0.520231 0.470799 0.514556
6 0.456583 0.526676 0.456727 0.531708 0.462313 0.525000 0.462096 0.523454
1 0.539396 0.606343 0.543185 0.607208 0.543086 0.609968 0.539784 0.608588 0.539784 0.610144 0.545904 0.617565 0.549203 0.613250 0.550174 0.614630 0.546971 0.618602 0.549594 0.619292 0.546776 0.633968 0.526677 0.651745 0.525802 0.649847 0.521044 0.648292 0.518034 0.646741 0.516578 0.647431 0.514344 0.649676 0.514247 0.651574 0.515799 0.653472 0.518714 0.654681 0.521917 0.655546 0.519977 0.656926 0.514927 0.654681 0.517159 0.659690 0.501818 0.672292 0.500753 0.671403 0.511237 0.662449 0.507352 0.660204 0.504633 0.656060 0.504536 0.655199 0.505216 0.654509 0.507255 0.657444 0.510458 0.659343 0.512789 0.661588 0.515411 0.659343 0.512401 0.652264 0.512169 0.648292 0.505992 0.649259 0.506216 0.647620 0.511849 0.646380 0.512557 0.644444 0.513148 0.641940 0.513255 0.640111 0.510964 0.638713 0.510383 0.636815 0.509312 0.634051 0.514159 0.609074 0.521344 0.602894 0.522414 0.601699 0.531784 0.592968 0.533453 0.597870 0.537445 0.599542 0.538891 0.601079 0.536992 0.608394 0.534211 0.615699 0.532250 0.617051 0.527917 0.613384 0.524815 0.610458 0.525891 0.614620 0.527378 0.618852 0.527758 0.620310 0.533451 0.620088 0.535854 0.617500 0.538258 0.609968
8 0.502698 0.616301 0.502055 0.616843 0.501547 0.617745 0.502273 0.620583 0.506086 0.617356 0.509672 0.613745 0.510542 0.609231 0.508365 0.611167 0.507422 0.611815 0.507273 0.613139
8 0.514964 0.604843 0.519727 0.600940 0.522414 0.601699 0.521344 0.602894 0.514159 0.609074
1 0.493883 0.667870 0.492135 0.662171 0.488542 0.665454 0.487862 0.664074 0.490680 0.660273 0.488057 0.654921 0.487182 0.651815 0.484076 0.652162 0.482120 0.644454 0.483474 0.644907 0.491940 0.627991 0.491068 0.635759 0.494758 0.632653 0.494174 0.635241 0.490388 0.638176 0.494854 0.642319 0.497768 0.645773 0.497195 0.649574
6 0.470870 0.583454 0.469703 0.601926 0.466984 0.596056 0.468151 0.585009
1 0.470966 0.606931 0.473297 0.605894 0.474365 0.604343 0.475336 0.602269 0.480289 0.596403 0.477375 0.580519 0.478638 0.579657 0.483880 0.598644 0.484813 0.595676 0.491651 0.596745 0.491456 0.598301 0.489513 0.599852 0.488930 0.603824 0.499612 0.602097 0.498448 0.604685 0.493690 0.605551 0.492523 0.607449 0.491747 0.608486 0.495630 0.610556 0.491484 0.619449 0.485086 0.618551 0.487164 0.628250 0.486349 0.629704 0.483591 0.635486 0.481396 0.632153 0.480513 0.631032 0.479948 0.627801 0.479443 0.626130 0.477375 0.623005 0.477133 0.627801 0.476250 0.626903 0.476443 0.622227 0.473997 0.617773
1 0.511875 0.577884 0.516997 0.571116 0.523854 0.560745 0.522753 0.571134 0.523854 0.572037 0.523854 0.574444 0.522414 0.577606 0.520805 0.597481 0.516318 0.597329 0.517943 0.593565 0.517521 0.591759 0.514385 0.591310 0.514750 0.589375 0.512646 0.586407 0.515062 0.580620 0.515148 0.579718 0.513201 0.577458
8 0.514240 0.535495 0.519693 0.540718 0.518352 0.542208 0.512727 0.537139
8 0.530453 0.549611 0.540104 0.554384 0.541279 0.558264 0.529445 0.552148 0.530758 0.550949
10 0.314674 0.223894 0.316190 0.233338 0.320440 0.244398 0.334708 0.280287 0.339260 0.289731 0.341385 0.290000 0.348216 0.278935 0.351099 0.275157 0.358081 0.279208 0.360966 0.278935 0.365518 0.274352 0.369464 0.275157 0.374320 0.271653 0.372651 0.258431 0.375536 0.250875 0.375049 0.241810 0.372667 0.224676 0.372773 0.220032 0.372318 0.216417 0.364273 0.205921 0.364273 0.190005 0.362469 0.189005 0.360646 0.192838 0.357807 0.198069 0.354302 0.196046 0.343419 0.206139 0.330609 0.214394
5 0.448964 0.245778 0.448372 0.248190 0.447354 0.249694 0.446932 0.251500 0.446932 0.254514 0.447440 0.255565 0.450065 0.257370 0.452521 0.259481 0.453792 0.260986 0.452521 0.265954 0.451935 0.273227 0.451844 0.278602 0.452352 0.284773 0.453622 0.291551 0.454555 0.295315 0.457180 0.290644 0.458620 0.291699 0.458789 0.292903 0.455570 0.298625 0.460820 0.308111 0.466115 0.306319 0.466706 0.310231 0.468401 0.311889 0.468654 0.313995 0.469247 0.315505 0.470432 0.317912 0.471026 0.317912 0.473820 0.315653 0.477122 0.310532 0.479156 0.307824 0.479833 0.309181 0.482206 0.308278 0.481865 0.302856 0.480172 0.287199 0.480341 0.284787 0.480172 0.282681 0.479156 0.280574 0.476193 0.270333 0.475005 0.268079 0.474414 0.259796 0.474922 0.256486 0.475768 0.253472 0.474667 0.250463 0.472169 0.247435 0.470305 0.243671 0.468698 0.242167 0.462768 0.234787 0.459763 0.229532 0.457898 0.228329 0.456883 0.228481 0.455104 0.230139 0.453242 0.232546 0.451125 0.237060 0.449854 0.239921
2 0.528935 0.525065 0.526648 0.551713 0.524023 0.554875 0.502089 0.552315 0.500990 0.551412 0.500990 0.549602 0.501667 0.549301 0.523685 0.552463 0.525125 0.550509 0.525125 0.548551 0.495906 0.543282 0.495060 0.542380 0.495992 0.541023 0.505901 0.542227 0.522839 0.545537 0.525719 0.542829 0.527156 0.527319 0.515130 0.525815 0.518435 0.523708
2 0.525888 0.557435 0.524956 0.573394 0.522414 0.601699 0.515979 0.600190 0.516318 0.597329 0.520805 0.597481 0.522414 0.577606 0.523854 0.574444 0.523854 0.572037 0.522753 0.571134 0.523854 0.560745
2 0.530026 0.547954 0.530758 0.550949 0.527758 0.554329 0.525888 0.557435 0.523854 0.560745 0.516997 0.571116 0.511875 0.577884 0.509677 0.576319 0.508945 0.581269 0.502797 0.589074 0.505141 0.592847 0.504701 0.594407 0.503383 0.596231 0.502513 0.597481 0.500820 0.595074 0.490940 0.578273 0.490281 0.575542 0.488745 0.573199 0.489109 0.571769 0.488818 0.570597 0.487792 0.569944 0.487060 0.571375 0.472438 0.549606 0.472438 0.546301 0.473286 0.546444 0.482596 0.559250 0.487091 0.541472 0.490815 0.527032 0.497339 0.507005 0.499117 0.507759 0.491065 0.535764 0.495060 0.542380 0.495906 0.543282 0.500990 0.551412 0.502089 0.552315 0.513000 0.569176 0.524023 0.554875 0.526648 0.551713 0.529432 0.547657
2 0.451044 0.352958 0.454073 0.329639 0.456133 0.316208 0.455542 0.313431 0.454755 0.311681 0.453089 0.313944 0.450453 0.319704 0.448484 0.333278 0.442714 0.360468 0.431826 0.358370 0.432128 0.364458 0.442216 0.364995 0.441336 0.370218 0.445651 0.366394 0.448289 0.348972 0.452708 0.320218 0.453286 0.320056 0.450060 0.342000 0.449862 0.347384 0.448984 0.350532 0.448984 0.353657 0.448984 0.355245 0.449758 0.355245
2 0.381638 0.359750 0.388750 0.363917 0.393060 0.366741 0.396352 0.369222 0.398263 0.370023 0.400039 0.371611 0.398865 0.374597 0.394333 0.371764 0.385781 0.364741 0.383242 0.362162 0.381427 0.361514 0.381185 0.361093
2 0.430161 0.358551 0.427221 0.358028 0.429083 0.360468 0.428495 0.362037 0.424674 0.357505 0.406057 0.353324 0.400081 0.351583 0.403313 0.358380 0.418503 0.362384 0.430945 0.364472
2 0.396161 0.350190 0.395573 0.357681 0.399099 0.364301 0.399003 0.355593
2 0.409203 0.385171 0.409203 0.394926 0.410867 0.412519 0.411945 0.421750 0.421844 0.416699 0.440167 0.406421 0.444477 0.401194 0.453003 0.391269 0.462409 0.382384 0.466818 0.379421 0.466034 0.375412 0.464370 0.366356 0.463781 0.351028 0.463388 0.348241 0.462409 0.348065 0.457315 0.353292 0.448201 0.362347 0.445651 0.366394 0.441336 0.370218 0.436737 0.375241 0.420471 0.380815
8 0.527378 0.618852 0.532250 0.617051 0.534211 0.615699 0.536992 0.608394 0.540409 0.594894 0.542245 0.580611 0.543763 0.579602 0.542687 0.590509 0.541104 0.600856 0.538258 0.609968 0.535854 0.617500 0.533451 0.620088 0.527758 0.620310
8 0.524815 0.610458 0.527917 0.613384 0.532250 0.617051 0.529750 0.617995 0.525891 0.614620
6 0.514385 0.591310 0.508542 0.618407 0.501682 0.652884 0.497026 0.671856 0.500753 0.671403 0.508458 0.637681 0.515979 0.600190 0.516318 0.597329 0.517943 0.593565 0.517521 0.591759
6 0.501768 0.621120 0.499904 0.633162 0.497195 0.649574 0.493552 0.669296 0.497026 0.671856 0.499482 0.661019 0.504393 0.628648 0.506086 0.617356
6 0.510828 0.589954 0.507273 0.613139 0.502698 0.616301 0.505326 0.600944
6 0.488047 0.626690 0.480935 0.640542 0.482120 0.644454 0.483474 0.644907 0.496177 0.619463 0.505326 0.600944 0.510828 0.589954 0.515062 0.580620 0.515148 0.579718 0.513201 0.577458 0.511875 0.577884 0.507865 0.586037 0.505141 0.592847 0.504701 0.594407 0.503383 0.596231 0.502513 0.597481 0.501411 0.598384
6 0.549651 0.571074 0.554818 0.585074 0.553885 0.588389 0.554818 0.591398 0.554646 0.593806 0.553799 0.596968 0.546688 0.574986
6 0.543807 0.567157 0.545247 0.572579 0.548974 0.568667
6 0.539487 0.535394 0.540844 0.543370 0.541943 0.549542 0.543977 0.554662 0.546432 0.561889 0.546602 0.562792 0.542536 0.562343 0.537286 0.544426
6 0.534068 0.514162 0.535508 0.519583 0.537794 0.527412 0.538727 0.531931 0.537456 0.531176 0.536609 0.531477 0.536271 0.532833 0.536779 0.534639 0.537625 0.535241 0.536523 0.539458 0.530935 0.515667
6 0.464565 0.552616 0.470323 0.548852 0.469729 0.554421 0.463208 0.558338
6 0.459737 0.555477 0.459651 0.560898 0.456773 0.561949 0.455503 0.557282
6 0.470281 0.539218 0.470323 0.548852 0.469729 0.554421 0.468417 0.576255 0.468078 0.582727 0.470958 0.580620 0.472060 0.558486 0.471211 0.555926 0.471721 0.553972 0.472482 0.553972 0.472438 0.549606 0.472438 0.546301 0.472990 0.539819
15 0.493232 0.518889 0.471466 0.527319 0.471466 0.531690 0.472398 0.534847 0.478919 0.531690 0.480359 0.529880 0.481206 0.531236 0.490815 0.527032
8 0.541917 0.576056 0.535448 0.585463 0.528883 0.591560 0.522810 0.597310 0.522414 0.601699 0.535940 0.588597 0.542245 0.580611 0.543763 0.579602 0.546688 0.574986 0.549651 0.571074 0.548974 0.568667 0.545247 0.572579
8 0.558560 0.555319 0.551346 0.564315 0.553182 0.565667 0.558560 0.558694
6 0.527758 0.554329 0.530130 0.556125 0.534109 0.559736 0.538091 0.561843 0.542536 0.562343 0.546602 0.562792 0.551346 0.564315 0.553182 0.565667 0.555367 0.567264 0.554773 0.569370 0.553589 0.570727 0.552234 0.570278 0.548974 0.568667 0.543807 0.567157 0.541732 0.566815 0.535466 0.565306 0.532755 0.563500 0.525888 0.557435
8 0.541732 0.566815 0.541917 0.576056 0.543547 0.574394 0.543492 0.567106
15 0.496312 0.517375 0.501583 0.514514 0.513000 0.510477 0.533276 0.502282 0.533862 0.507486 0.526396 0.512560 0.494849 0.525833 0.493898 0.525833
6 0.560885 0.488574 0.571862 0.486657 0.573232 0.492931 0.571763 0.494671 0.563435 0.495718
6 0.552852 0.490491 0.555693 0.489968 0.556870 0.491537 0.558044 0.492407 0.559417 0.491537 0.561279 0.497111 0.552458 0.498852 0.549323 0.499199
6 0.539526 0.492755 0.549031 0.491014 0.545109 0.500245 0.543542 0.500421
6 0.474516 0.546593 0.477563 0.544333 0.487841 0.537935 0.487091 0.541472 0.485799 0.546602 0.476617 0.550833 0.473555 0.546801
2 0.440609 0.439130 0.435846 0.463722 0.433807 0.475208 0.418161 0.474204 0.416120 0.469366 0.425870 0.469162 0.432445 0.461907 0.436641 0.437116
8 0.489747 0.427597 0.496268 0.435514 0.497333 0.436963 0.496518 0.438856 0.489120 0.430833
8 0.477898 0.334847 0.484948 0.346037 0.483604 0.348426 0.479326 0.340370 0.479326 0.337833 0.478318 0.337685 0.476641 0.335894
8 0.482776 0.324620 0.486766 0.331329 0.485893 0.333778 0.481687 0.326296
8 0.484589 0.314694 0.482992 0.321657 0.484081 0.322301 0.484878 0.321912 0.486401 0.317014 0.486401 0.315338 0.485893 0.313662
1 0.455063 0.342606 0.451932 0.345009 0.451859 0.346556 0.455073 0.344519 0.456669 0.343486 0.458026 0.342819 0.459115 0.342560 0.459331 0.344106 0.459839 0.344620 0.460492 0.343847 0.460492 0.342690 0.460130 0.341014 0.459695 0.340495 0.459187 0.340236 0.458534 0.340236 0.457076 0.341116
1 0.445232 0.483986 0.444094 0.490824 0.443034 0.496727 0.443328 0.497505 0.444719 0.497116 0.444646 0.495685 0.445612 0.490343 0.446370 0.484083
1 0.428219 0.486491 0.429302 0.493042 0.429737 0.495352 0.429898 0.499301 0.428870 0.498630 0.428815 0.494968 0.427406 0.488417 0.427406 0.487069
8 0.412701 0.251431 0.415503 0.246917 0.416904 0.248787 0.416552 0.249875 0.413753 0.253764
8 0.409813 0.255319 0.405701 0.261231 0.407099 0.263255 0.411302 0.257343
1 0.406672 0.251384 0.408044 0.258009 0.407323 0.258819 0.405820 0.252778
6 0.457260 0.343213 0.459484 0.351005 0.457315 0.353292 0.456802 0.353792 0.456018 0.350653 0.456669 0.343486
6 0.455758 0.333917 0.456083 0.336125 0.455063 0.342606 0.454318 0.343213 0.453273 0.336241
8 0.398385 0.202162 0.377490 0.217542 0.372773 0.220032 0.372667 0.224676 0.374792 0.223931 0.389398 0.212944 0.404453 0.202162 0.408161 0.199366 0.408497 0.198366 0.407938 0.195769 0.407263 0.194972
8 0.390414 0.196625 0.396727 0.201139 0.398385 0.202162 0.396219 0.203843 0.389690 0.199718 0.389544 0.198431
8 0.401151 0.204620 0.412466 0.211968 0.420518 0.216870 0.418633 0.218806 0.409057 0.213000 0.405943 0.209060 0.403833 0.210681 0.398828 0.206167
8 0.422193 0.219264 0.430844 0.219486 0.430906 0.222051 0.430781 0.223273 0.430029 0.223833 0.424951 0.222829 0.421440 0.224389 0.421125 0.221602 0.421565 0.219597
8 0.459187 0.218042 0.460346 0.219204 0.460638 0.220236 0.460781 0.222296 0.460781 0.223718 0.456883 0.228481 0.455104 0.230139 0.449104 0.236097 0.439021 0.246542 0.428721 0.257630 0.427706 0.257630 0.427125 0.256472 0.426474 0.254796 0.426474 0.252991 0.427633 0.250667 0.434143 0.244681 0.435076 0.244532 0.435177 0.242931 0.445911 0.231713
8 0.420786 0.288014 0.438578 0.310843 0.438076 0.312037 0.436732 0.312481 0.422380 0.293236 0.419359 0.289657 0.418940 0.288014
8 0.380286 0.328875 0.391409 0.350250 0.395573 0.357681 0.399099 0.364301 0.400958 0.367426 0.398263 0.370023 0.396352 0.369222 0.376242 0.333269
8 0.410698 0.368778 0.418672 0.381611 0.416742 0.382204 0.409271 0.370718
8 0.406586 0.362662 0.403313 0.358380 0.399117 0.351171 0.392234 0.340727 0.386023 0.330134 0.385018 0.331181 0.385857 0.333866 0.396161 0.350190 0.399003 0.355593 0.405076 0.364602
6 0.400958 0.367426 0.405076 0.364602 0.406586 0.362662 0.408406 0.361856 0.409078 0.362153 0.409919 0.364389 0.410698 0.368778 0.409271 0.370718 0.406227 0.372745
2 0.383172 0.392949 0.386193 0.393843 0.386695 0.390264 0.388206 0.382653 0.390052 0.376986 0.392234 0.373403 0.394333 0.371764 0.398865 0.374597 0.400039 0.371611 0.398263 0.370023 0.400208 0.368181 0.402055 0.368778 0.406227 0.372745 0.408180 0.376685 0.409104 0.380116 0.409203 0.385171 0.409203 0.394926 0.409104 0.400111 0.408013 0.407870 0.405664 0.414731 0.401971 0.421597 0.398109 0.424130 0.396010 0.423685 0.396396 0.420199 0.397128 0.401852 0.396029 0.400551 0.395151 0.398468 0.391930 0.398208 0.390026 0.403542 0.390393 0.404194 0.392221 0.406014 0.393393 0.407708 0.393466 0.409269 0.392003 0.413565
6 0.437047 0.474745 0.422966 0.483380 0.424909 0.488213 0.442195 0.478028 0.447729 0.470602 0.458518 0.457519 0.461518 0.453685 0.459284 0.449199 0.452487 0.458866 0.442484 0.470259
1 0.443518 0.476866 0.447727 0.479829 0.450628 0.482796 0.454833 0.490019 0.457010 0.495176 0.456104 0.495458 0.452042 0.487500 0.448727 0.482963 0.444839 0.479648 0.442195 0.478028
7 0.457565 0.459306 0.459406 0.461810 0.464065 0.463931 0.466612 0.464028 0.465638 0.472023 0.463578 0.482042 0.461898 0.489940 0.452255 0.485699 0.450628 0.482796 0.447727 0.479829 0.443518 0.476866 0.443367 0.476356 0.447729 0.470602
7 0.442990 0.457676 0.453073 0.458060 0.452487 0.458866 0.442484 0.470259 0.437047 0.474745 0.435010 0.474310 0.435010 0.472375 0.436823 0.464639 0.438854 0.462190 0.442555 0.461931 0.443497 0.459352 0.442409 0.458963
8 0.419586 0.448213 0.428651 0.465968 0.429909 0.464477 0.421685 0.446125 0.419167 0.445977 0.413208 0.447917 0.413544 0.450301
8 0.421266 0.441944 0.428651 0.441352 0.428734 0.443736 0.428146 0.449856 0.422943 0.448958 0.421685 0.446125 0.420846 0.446125
2 0.534281 0.429069 0.522164 0.446708 0.515250 0.457056 0.517453 0.459769 0.518440 0.458005 0.518034 0.457171 0.519195 0.456528 0.520979 0.452245 0.528237 0.441602 0.535286 0.430713
2 0.541102 0.414463 0.532068 0.428755 0.524997 0.439093 0.521227 0.445023 0.522172 0.446750 0.534281 0.429069 0.539724 0.420912 0.542406 0.416139
8 0.512643 0.490944 0.544620 0.471995 0.558133 0.463792 0.567279 0.458417 0.566104 0.462148 0.542018 0.476324 0.516841 0.490944 0.511133 0.494079 0.510714 0.493333
8 0.515078 0.501093 0.511049 0.511088 0.507859 0.512130 0.512560 0.501986
8 0.499107 0.524185 0.496286 0.528306 0.493779 0.531759 0.491458 0.534102 0.491065 0.535764 0.497729 0.531426 0.501115 0.526412 0.501552 0.524852 0.501427 0.524181 0.500612 0.523514
2 0.506385 0.521361 0.511651 0.522255 0.508831 0.524259 0.503315 0.524259 0.502437 0.522921
8 0.521284 0.528718 0.524839 0.540968 0.526073 0.539162 0.525130 0.534648 0.522734 0.528069
8 0.524185 0.539162 0.519693 0.540718 0.518352 0.542208 0.516643 0.541995 0.515193 0.542644 0.513958 0.543546 0.518456 0.544579 0.523099 0.541741 0.524839 0.540968
2 0.517151 0.528069 0.510839 0.534907 0.505906 0.539806 0.502643 0.541741 0.505901 0.542227 0.509680 0.539162 0.511057 0.541995 0.513451 0.539806 0.512727 0.537139 0.514240 0.535495 0.519109 0.528458
8 0.501628 0.535292 0.506198 0.537227 0.507503 0.537870 0.505906 0.539806 0.503513 0.538903 0.500828 0.537611 0.499958 0.536708
8 0.505646 0.504912 0.500568 0.510264 0.497245 0.514273 0.496312 0.517375 0.498437 0.516282 0.505708 0.507032 0.507591 0.503912
8 0.486385 0.511144 0.479148 0.518500 0.476555 0.521352 0.473159 0.526315 0.478906 0.524185 0.491495 0.511954 0.497339 0.507005 0.504414 0.498792 0.509203 0.491509 0.508279 0.489722 0.505427 0.493037 0.487018 0.512718
8 0.520625 0.481435 0.519354 0.483995 0.518271 0.486403 0.517891 0.487847 0.520112 0.486597 0.522607 0.481972 0.523148 0.479662
1 0.532682 0.470222 0.529326 0.474458 0.523906 0.481296 0.520112 0.486597 0.523516 0.484491 0.530951 0.475231 0.541245 0.462514 0.541245 0.461069
8 0.544984 0.454616 0.530245 0.469162 0.518326 0.481491 0.515073 0.486694 0.525099 0.477255 0.541245 0.461069 0.545958 0.456157
8 0.555917 0.498255 0.554570 0.513833 0.552997 0.513833 0.550750 0.511639 0.550638 0.508644 0.552458 0.498852
6 0.546143 0.507245 0.550750 0.509843 0.550750 0.511639 0.552997 0.513833 0.554570 0.513833 0.555917 0.513236 0.569961 0.522222 0.567266 0.525222 0.553109 0.516431 0.544682 0.511440
1 0.528539 0.531940 0.531875 0.541741 0.533544 0.546255 0.535719 0.544833 0.534052 0.543287 0.533979 0.541481 0.534922 0.540838 0.536518 0.541481 0.536523 0.539458 0.537625 0.535241 0.536779 0.534639 0.536271 0.532833 0.536609 0.531477 0.537456 0.531176 0.538727 0.531931 0.539781 0.526912 0.540651 0.524074 0.539927 0.520847 0.539346 0.518144 0.540651 0.514014 0.541159 0.510792 0.542828 0.506861 0.544786 0.501634 0.545109 0.500245 0.549031 0.491014 0.554036 0.484218 0.556193 0.477773 0.557044 0.474426 0.557914 0.471977 0.559656 0.469782 0.561396 0.467977 0.563138 0.466431 0.566104 0.462148 0.567279 0.458417 0.573583 0.446185 0.574380 0.446315 0.574526 0.446958 0.573583 0.450958 0.572930 0.452375 0.572784 0.455597 0.568724 0.465144 0.567128 0.471333 0.566375 0.473662 0.564219 0.479759 0.562341 0.485000 0.560885 0.488574 0.559417 0.491537 0.558044 0.492407 0.556870 0.491537 0.555693 0.489968 0.554724 0.485903 0.552852 0.490491 0.549323 0.499199 0.546143 0.507245 0.544682 0.511440 0.543190 0.516208 0.542466 0.520074 0.541667 0.525491 0.541305 0.528458 0.540435 0.531167 0.539487 0.535394 0.537286 0.544426 0.535430 0.548060 0.533833 0.548444 0.531656 0.546125 0.529482 0.539162 0.528174 0.534389
8 0.468078 0.582727 0.470958 0.580620 0.482344 0.573745 0.487060 0.571375 0.487792 0.569944 0.488818 0.570597 0.489109 0.571769 0.488745 0.573199 0.478638 0.579657 0.477375 0.580519 0.470870 0.583454 0.468151 0.585009 0.464727 0.587565 0.463849 0.584667
8 0.475479 0.582764 0.474602 0.585546 0.471216 0.599032 0.470214 0.602375 0.470966 0.605833 0.472971 0.599255 0.476544 0.586218 0.477047 0.583208 0.477375 0.580519 0.475542 0.580977
8 0.482563 0.577079 0.485885 0.583875 0.485635 0.588778 0.480557 0.578417
8 0.487703 0.586995 0.488646 0.589449 0.489648 0.592347 0.488958 0.593463 0.487703 0.593463 0.486826 0.589449 0.487016 0.586773
8 0.488745 0.573199 0.490281 0.575542 0.490940 0.578273 0.490740 0.579963 0.489578 0.581639 0.488708 0.581639 0.487607 0.580769 0.486422 0.578963 0.484430 0.575963
8 0.472482 0.553972 0.471721 0.553972 0.471211 0.555926 0.472060 0.558486 0.483560 0.573125 0.487060 0.571375 0.481599 0.564875 0.475797 0.556750
8 0.467789 0.474079 0.466266 0.497292 0.465034 0.513023 0.464997 0.516361 0.464852 0.520231 0.464167 0.525769 0.464018 0.533968 0.463047 0.541343 0.462422 0.557255 0.459594 0.570921 0.459651 0.560898 0.459737 0.555477 0.460849 0.545250 0.461164 0.538259 0.461604 0.530194 0.462313 0.525000 0.462096 0.523454 0.463510 0.503736 0.464307 0.487759 0.465104 0.483116 0.465250 0.474852
8 0.472539 0.506046 0.470799 0.514556 0.470461 0.515880 0.468044 0.529153 0.466487 0.536398 0.463586 0.550509 0.462573 0.554301 0.462422 0.557255 0.459594 0.570921 0.460664 0.574079 0.463208 0.558338 0.464565 0.552616 0.465383 0.551306 0.469010 0.532185 0.471211 0.520894 0.472005 0.518009 0.473961 0.505454 0.479315 0.480199 0.482573 0.463421 0.487742 0.437852 0.491448 0.418278 0.492685 0.412685 0.491898 0.412088 0.491448 0.412088 0.490367 0.417468 0.488036 0.429898 0.485495 0.441250 0.485125 0.445088 0.483862 0.449579 0.482018 0.459245 0.479977 0.470120 0.478078 0.477602
8 0.488844 0.452995 0.483336 0.463819 0.481956 0.466537 0.481091 0.470912 0.482169 0.470912 0.492549 0.450157 0.500313 0.434560 0.499875 0.433000 0.498854 0.434037
8 0.496057 0.329866 0.496073 0.333343 0.506857 0.331671 0.519206 0.330449 0.519896 0.330449 0.520586 0.330782 0.520273 0.332898 0.516198 0.350509 0.515633 0.352736 0.513815 0.354745 0.495573 0.357194 0.486544 0.358755 0.487609 0.361875 0.504099 0.359648 0.514505 0.358088 0.516951 0.355412 0.519646 0.345718 0.522341 0.332787 0.522591 0.329000 0.521589 0.326324 0.520211 0.326213 0.499276 0.329477
1 0.417208 0.188713 0.424529 0.193181 0.423471 0.194185 0.417703 0.191407 0.416831 0.191287 0.416518 0.190282 0.416518 0.188833
1 0.425117 0.193926 0.430875 0.197153 0.433383 0.195255 0.434323 0.195255 0.432880 0.191468 0.433758 0.190907 0.435138 0.195032 0.439276 0.195366 0.441219 0.194477 0.442221 0.194255 0.442724 0.194588 0.442599 0.195926 0.441094 0.197819 0.443852 0.201384 0.446987 0.206736 0.446734 0.204505 0.446234 0.202167 0.445232 0.200273 0.444227 0.199157 0.443727 0.198486 0.443664 0.196926 0.444039 0.196815 0.446172 0.198824 0.446924 0.199713 0.447487 0.202167 0.447674 0.203949 0.447865 0.206181 0.447865 0.207741 0.449117 0.209190 0.449180 0.210412 0.449432 0.212310 0.449932 0.214648 0.450057 0.215208 0.450182 0.216319 0.448490 0.214426 0.448302 0.211750 0.447865 0.209523 0.440466 0.199380 0.442849 0.208185 0.443914 0.208296 0.444667 0.209856 0.445482 0.213088 0.446924 0.217546 0.446987 0.218773 0.446484 0.218440 0.439776 0.213532 0.432065 0.209301 0.431411 0.207806 0.432141 0.208032 0.435953 0.209773 0.432911 0.205606 0.431336 0.206972 0.428643 0.209894 0.430122 0.219440 0.428742 0.219440 0.427552 0.211194 0.422034 0.217435 0.415766 0.224903 0.410812 0.230699 0.407742 0.233597 0.406674 0.234042 0.406299 0.236046 0.404669 0.237718 0.404232 0.238944 0.402727 0.240282 0.400531 0.241954 0.396393 0.244852 0.396331 0.243514 0.398901 0.241620 0.402161 0.238500 0.405484 0.234153 0.412193 0.226574 0.418633 0.218806 0.420518 0.216870 0.429273 0.207287 0.431896 0.204361 0.434698 0.200940 0.430875 0.198264 0.430008 0.201750 0.428818 0.205296 0.428367 0.208296 0.427302 0.208519 0.427635 0.207208 0.428221 0.204370 0.428557 0.200792 0.429997 0.198264 0.426234 0.196037
8 0.415391 0.234630 0.405318 0.247907 0.399612 0.255815 0.395667 0.261037 0.393570 0.263574 0.393904 0.264023 0.394995 0.264023 0.397932 0.261338 0.408508 0.247611 0.414971 0.238060 0.416648 0.236273
1 0.415513 0.220500 0.412971 0.221556 0.406620 0.227278 0.397328 0.233986 0.390362 0.239361 0.388365 0.241199 0.384706 0.244065 0.375536 0.250875 0.375630 0.254213 0.389089 0.242222 0.396237 0.237269 0.408828 0.227421 0.411596 0.224889 0.415878 0.221306
8 0.374021 0.234264 0.380089 0.232912 0.386427 0.231375 0.390924 0.231468 0.390870 0.234551 0.384641 0.233972 0.381227 0.234935 0.374237 0.236574
8 0.420880 0.339801 0.426682 0.346245 0.426031 0.348181 0.425523 0.348181 0.424362 0.347278 0.415151 0.336319 0.409492 0.329870 0.408404 0.328194 0.407461 0.326773 0.406299 0.326000 0.406591 0.327551 0.406010 0.328579 0.404198 0.327676 0.402529 0.326648 0.402529 0.325356 0.403036 0.323292 0.403979 0.322907 0.405284 0.322907 0.407099 0.324324 0.412685 0.330130
8 0.483273 0.401667 0.480839 0.404995 0.479573 0.408074 0.479104 0.417565 0.480510 0.418481 0.481914 0.408241 0.484630 0.404329 0.484490 0.402912 0.483883 0.401083
8 0.455607 0.417023 0.466451 0.417579 0.468018 0.420810 0.455482 0.420255 0.454917 0.419028 0.454414 0.418023 0.454792 0.417245
8 0.462568 0.513537 0.457128 0.521148 0.459521 0.522824 0.462422 0.518375 0.462841 0.513704
2 0.465185 0.509319 0.474398 0.496167 0.473018 0.503519 0.464969 0.515255 0.465034 0.513023
8 0.476573 0.493074 0.482740 0.483657 0.486583 0.478759 0.487091 0.480306 0.487091 0.482241 0.486945 0.483787 0.474906 0.501454
8 0.462766 0.506866 0.456935 0.515222 0.454615 0.518343 0.454427 0.519681 0.454615 0.521241 0.454992 0.522019 0.455745 0.522468 0.457128 0.521148 0.462568 0.513537 0.462841 0.513704 0.463331 0.506750
1 0.455810 0.524190 0.451576 0.526407 0.448169 0.528431 0.443781 0.530551 0.444594 0.532282 0.452937 0.527852 0.462096 0.523454 0.462203 0.521398 0.459521 0.522824
8 0.553969 0.469398 0.556193 0.477773 0.554549 0.478167 0.552445 0.470431
1 0.551141 0.456116 0.553461 0.466690 0.552083 0.467593 0.551068 0.463338 0.549836 0.464625 0.548602 0.466431 0.546789 0.467593 0.547805 0.470301 0.545773 0.471718 0.544685 0.469528 0.537060 0.475662 0.534784 0.477884 0.527849 0.482125 0.528443 0.479134 0.528987 0.477597 0.530396 0.476051 0.529909 0.478657 0.534674 0.475662 0.533484 0.474222 0.533695 0.473264 0.533805 0.473074 0.534240 0.472778 0.535539 0.474606 0.544047 0.468352 0.547898 0.464884 0.549247 0.461028 0.550117 0.454282 0.552010 0.451681 0.560411 0.438486 0.550117 0.451681 0.549951 0.451681 0.550495 0.447838 0.561115 0.434926 0.561391 0.436847 0.564747 0.431356 0.565016 0.429139 0.564531 0.427412 0.563659 0.426829 0.562797 0.427796 0.555318 0.438486 0.552664 0.441852 0.551685 0.445231 0.550763 0.444843 0.552120 0.439648 0.557161 0.431847 0.562846 0.424134 0.563987 0.423556 0.565068 0.424417 0.565990 0.425861 0.566156 0.427412 0.566047 0.431551 0.564422 0.435792 0.560786 0.441287
1 0.534706 0.429824 0.536763 0.427606 0.540177 0.425394 0.544784 0.425486 0.548089 0.426838 0.551503 0.430306 0.553831 0.433773 0.554753 0.435505 0.553995 0.436759 0.551695 0.433407 0.548125 0.429361 0.543466 0.427819 0.540102 0.428301 0.536526 0.429940 0.535286 0.430713
8 0.523372 0.448764 0.533602 0.454051 0.531570 0.457153 0.530990 0.458306 0.520979 0.452245
8 0.536284 0.454273 0.533021 0.466394 0.530701 0.468713 0.533529 0.457880
8 0.538534 0.442278 0.537010 0.446278 0.535776 0.450787 0.538315 0.447051 0.540273 0.442407 0.539984 0.441894
6 0.473680 0.401259 0.488695 0.397778 0.493482 0.397778 0.504073 0.409898 0.502477 0.414023 0.498849 0.408736 0.493047 0.401644 0.484490 0.402912 0.483883 0.401083 0.483273 0.401667 0.480839 0.404995 0.474695 0.405384
1 0.511503 0.452898 0.509992 0.435440 0.509656 0.430069 0.508818 0.427384 0.507221 0.424250 0.505964 0.424551 0.506971 0.426338 0.508229 0.429028 0.509237 0.437829 0.510245 0.453644
1 0.509992 0.420819 0.510664 0.408884 0.510159 0.405454 0.508901 0.402171 0.503948 0.398889 0.491695 0.392472 0.486156 0.389935 0.479695 0.389634 0.469036 0.390384 0.462742 0.390231 0.459216 0.389787 0.459216 0.387847 0.465510 0.388292 0.475497 0.387694 0.481792 0.387546 0.485570 0.387546 0.494297 0.391426 0.504703 0.396500 0.509487 0.399634 0.511000 0.402468 0.512005 0.405898 0.512091 0.408583 0.511167 0.422310
1 0.454555 0.295315 0.457180 0.290644 0.458620 0.291699 0.458789 0.292903 0.455570 0.298625 0.448159 0.310519 0.440182 0.325102 0.440406 0.321306 0.442091 0.318111
1 0.448159 0.310519 0.457206 0.306037 0.458521 0.305593 0.459398 0.305593 0.459839 0.306931 0.458708 0.308602 0.456391 0.309046 0.449495 0.313616 0.445982 0.316736 0.444667 0.317074
10 0.446932 0.254514 0.447440 0.255565 0.450065 0.257370 0.452521 0.259481 0.453792 0.260986 0.452521 0.265954 0.451935 0.273227 0.444391 0.270440 0.437354 0.268412 0.436193 0.266477 0.436047 0.264931 0.435466 0.263769 0.434161 0.261963 0.434742 0.251005 0.436846 0.251907 0.438224 0.251389 0.440036 0.251519 0.442648 0.253968 0.444826 0.254097
2 0.451935 0.273227 0.451844 0.278602 0.452352 0.284773 0.453622 0.291551 0.454555 0.295315 0.442091 0.318111 0.442359 0.314190 0.441198 0.312384 0.438578 0.310843 0.436919 0.308903 0.433654 0.304389 0.431406 0.301296 0.432422 0.297426 0.433508 0.295620 0.434958 0.293556 0.434591 0.290477 0.449484 0.292565
10 0.430844 0.219486 0.436339 0.222764 0.441779 0.225213 0.442794 0.226245 0.443445 0.227792 0.443083 0.230241 0.442794 0.231917 0.442648 0.235398 0.437643 0.240171 0.434482 0.238657 0.429740 0.239111 0.429148 0.236551 0.427708 0.233236 0.426945 0.231431 0.426013 0.229472 0.425083 0.228421 0.424151 0.226245 0.425820 0.225083 0.428648 0.226116 0.431768 0.226375 0.431841 0.225083 0.430781 0.223273 0.430906 0.222051
1 0.418919 0.225829 0.416036 0.227278 0.415784 0.228727 0.416286 0.229838 0.419422 0.227833 0.424812 0.224380 0.425820 0.225083 0.428648 0.226116 0.431768 0.226375 0.431841 0.225083 0.430781 0.223273 0.430029 0.223833 0.424951 0.222829 0.421440 0.224389
3 0.416542 0.192995 0.414622 0.193491 0.412607 0.194657 0.410781 0.197157 0.408815 0.199486 0.407737 0.201903 0.406893 0.203731 0.406146 0.204565 0.404130 0.204565 0.402773 0.204648 0.401151 0.204620 0.412466 0.211968 0.420518 0.216870 0.428367 0.208296 0.427302 0.208519 0.427635 0.207208 0.422768 0.196764 0.422516 0.195269 0.423471 0.194185 0.417703 0.191407
2 0.559417 0.491537 0.561279 0.497111 0.564846 0.504310 0.563404 0.506319 0.565034 0.510440 0.566914 0.508769 0.571177 0.519912 0.571992 0.515792 0.564281 0.497847 0.563435 0.495718 0.560885 0.488574
2 0.550453 0.534639 0.560984 0.523940 0.561862 0.525944 0.555969 0.532741 0.551643 0.537088 0.549638 0.538759
2 0.548948 0.536421 0.548008 0.541213 0.545625 0.543551 0.544497 0.539875
2 0.544466 0.517653 0.551141 0.519583 0.551068 0.523583 0.543885 0.523069
2 0.536612 0.493060 0.537409 0.497704 0.535161 0.496931 0.532115 0.500926 0.531172 0.502218 0.531099 0.502861 0.526094 0.504926 0.526602 0.495639 0.527286 0.495194
1 0.552000 0.523245 0.550034 0.532569 0.548948 0.536421 0.548008 0.541213 0.545349 0.552551 0.544977 0.554801 0.545302 0.555880 0.545724 0.555630 0.546521 0.552634 0.549638 0.538759 0.550453 0.534639 0.552188 0.526495 0.552703 0.524579 0.552938 0.523079
2 0.549846 0.524662 0.547786 0.527907 0.546380 0.529157 0.545396 0.529491 0.544695 0.529574 0.543336 0.528407 0.543055 0.527157 0.543852 0.524412 0.544320 0.526162 0.545070 0.526412 0.546052 0.524662 0.546990 0.523912 0.547646 0.523412
1 0.543289 0.529157 0.548253 0.535736 0.547693 0.536398 0.543102 0.530657
8 0.535708 0.480037 0.536792 0.485815 0.534948 0.486204 0.533810 0.481097
8 0.539120 0.478014 0.542969 0.478782 0.545948 0.478782 0.545406 0.481000 0.544159 0.481287 0.541018 0.480713 0.537711 0.478782
1 0.523779 0.585014 0.527552 0.593009 0.526245 0.594431 0.523708 0.587981
2 0.524286 0.581792 0.525667 0.581407 0.527914 0.581407 0.529219 0.582181 0.531685 0.583468 0.533065 0.584370 0.533862 0.585014 0.533427 0.585792 0.530961 0.586046 0.528857 0.586046 0.526464 0.585144 0.524651 0.583856
10 0.397964 0.265792 0.397380 0.269245 0.398643 0.270282 0.399031 0.272009 0.397477 0.280468 0.396312 0.284782 0.391747 0.291861 0.388253 0.295833 0.387086 0.297042 0.384951 0.301009 0.373297 0.296523 0.369219 0.296694 0.366016 0.295315 0.363490 0.295315 0.361258 0.293759 0.371065 0.281505 0.383883 0.272009 0.390875 0.267176 0.393904 0.264023 0.394995 0.264023
2 0.388253 0.295833 0.392719 0.295764 0.394273 0.293347 0.397865 0.292310 0.399120 0.283157 0.400286 0.271662 0.402354 0.264343 0.401846 0.260889 0.400974 0.260889 0.397964 0.265792 0.397380 0.269245 0.398643 0.270282 0.399031 0.272009 0.397477 0.280468 0.396312 0.284782 0.391747 0.291861
1 0.356995 0.315708 0.370255 0.307500 0.376044 0.304069 0.378646 0.304218 0.382172 0.302875 0.384951 0.301009 0.388299 0.298847 0.390818 0.299444 0.392578 0.301981 0.394594 0.304815 0.400299 0.303472 0.404161 0.302278 0.404917 0.303921 0.404161 0.304667 0.400133 0.305861 0.394760 0.306606 0.393083 0.306009 0.390732 0.302130 0.387039 0.302426 0.384018 0.304366 0.378227 0.307051 0.377221 0.307051 0.376214 0.307051 0.374620 0.307204 0.358422 0.317199 0.357833 0.318093 0.357245 0.318093 0.356659 0.317495 0.356576 0.316898
8 0.378745 0.348968 0.380992 0.363796 0.379396 0.365218 0.378164 0.365347 0.377437 0.364056 0.375552 0.350514 0.376352 0.348838
2 0.377437 0.364056 0.376786 0.362162 0.375552 0.363838 0.374464 0.367190 0.373956 0.369509 0.374029 0.372606 0.379326 0.384986 0.387375 0.380986 0.386867 0.375444 0.386070 0.371958 0.386070 0.369125 0.385781 0.364741 0.383242 0.362162 0.381427 0.361514 0.380992 0.363796 0.379396 0.365218 0.378164 0.365347
8 0.410034 0.245162 0.415956 0.258801 0.416055 0.261907 0.414404 0.263463 0.408508 0.247611
8 0.407503 0.240370 0.408883 0.243046 0.407128 0.245278 0.405247 0.241486
2 0.427490 0.192481 0.426172 0.188468 0.425797 0.183009 0.424857 0.161051 0.424104 0.135977 0.423727 0.125167 0.424292 0.124940 0.425922 0.124718 0.426424 0.124940 0.427677 0.153472 0.427990 0.161384 0.429997 0.160829 0.430688 0.160829 0.434448 0.166292 0.435013 0.169074 0.433383 0.169856 0.431503 0.171639 0.430497 0.171750 0.428617 0.170639 0.427990 0.170190 0.428805 0.184009 0.429307 0.188917 0.429307 0.191699 0.429245 0.192037
1 0.394695 0.209352 0.393896 0.213347 0.392810 0.214509 0.392302 0.216444 0.391068 0.222764 0.390560 0.226500 0.390487 0.229727 0.390271 0.231403 0.390924 0.231468 0.390870 0.234551 0.390198 0.234366 0.389836 0.236301 0.389617 0.239139 0.390362 0.239361 0.392156 0.235269 0.392953 0.231144 0.397328 0.233986 0.400716 0.231532 0.397161 0.230111 0.398974 0.227019 0.401297 0.224051 0.402674 0.222889 0.403906 0.226116 0.404706 0.226116 0.403763 0.223537 0.403326 0.222634 0.403617 0.221991 0.402724 0.221032 0.402073 0.221032 0.399120 0.224333 0.398794 0.224917 0.398430 0.223190 0.402354 0.219949 0.404164 0.218241 0.402641 0.218093 0.398023 0.221176 0.397052 0.221176 0.396203 0.220597 0.396893 0.218662 0.398430 0.215565 0.399201 0.213759 0.398794 0.213398 0.397820 0.214560 0.395885 0.218157 0.394870 0.217218 0.393940 0.217500 0.393172 0.223046 0.391669 0.232190 0.392076 0.226218 0.393005 0.220093 0.393818 0.216134 0.394143 0.214625 0.395638 0.213338 0.396451 0.212255 0.397255 0.210023 0.397299 0.208292
8 0.373510 0.274454 0.364362 0.284597 0.358404 0.291310 0.358573 0.294296 0.359747 0.295042 0.361258 0.293759 0.371065 0.281505 0.384422 0.265949 0.387443 0.262366 0.385680 0.259981 0.384411 0.260329 0.383242 0.262671 0.378128 0.269079
10 0.363490 0.295315 0.366016 0.295315 0.364044 0.297458 0.350253 0.305481 0.347557 0.306819 0.346617 0.305370 0.344737 0.300912 0.345615 0.298796 0.345677 0.297236 0.344737 0.296565 0.343169 0.298907 0.342104 0.297903 0.342104 0.297009 0.343734 0.294449 0.344674 0.292440 0.341385 0.290000 0.348216 0.278935 0.351099 0.275157 0.358081 0.279208 0.360966 0.278935 0.365518 0.274352 0.369464 0.275157 0.374320 0.271653 0.373510 0.274454 0.364362 0.284597 0.358404 0.291310 0.358573 0.294296 0.359747 0.295042 0.361258 0.293759
8 0.406049 0.305560 0.409909 0.322569 0.407979 0.321824 0.404456 0.306306
8 0.398495 0.286611 0.409742 0.302278 0.407477 0.303171 0.398245 0.289597
8 0.415057 0.340190 0.417690 0.349662 0.415810 0.351333 0.412990 0.340074
11 0.412737 0.338069 0.417253 0.338741 0.418818 0.340856 0.415057 0.340190 0.412990 0.340074
11 0.421953 0.340301 0.430667 0.342194 0.430982 0.339407 0.431607 0.339296 0.432484 0.341412 0.432674 0.342972 0.432924 0.344310 0.431922 0.347431 0.431797 0.347880 0.430354 0.346653 0.430354 0.344644 0.423081 0.342306 0.421453 0.340745
10 0.409414 0.319236 0.409979 0.316116 0.411984 0.313662 0.414117 0.312769 0.415685 0.312435 0.412112 0.309315 0.410857 0.307421 0.410229 0.305639 0.411859 0.305750 0.415685 0.310653 0.416875 0.311991 0.418443 0.309093 0.420073 0.309759 0.418130 0.312657 0.423333 0.316560 0.423583 0.314556 0.423646 0.311657 0.424398 0.310653 0.425841 0.310986 0.428034 0.313773 0.431984 0.321130 0.432862 0.323134 0.431672 0.323245 0.429477 0.321685 0.428159 0.319236 0.424773 0.315111 0.424148 0.317227 0.426341 0.320907 0.426906 0.323583 0.426906 0.326366 0.426969 0.329602 0.426529 0.331829 0.425651 0.333944 0.424586 0.336065 0.423333 0.337403 0.420385 0.338181 0.418945 0.337403 0.412685 0.330130 0.411107 0.328597 0.409909 0.322569
2 0.440182 0.325102 0.439318 0.326000 0.438867 0.328194 0.439318 0.331593 0.441339 0.334787 0.442911 0.334787 0.446396 0.343778 0.448484 0.333278 0.449654 0.327796 0.447742 0.325801 0.446956 0.324000 0.444148 0.321606 0.442911 0.320208
2 0.426151 0.368218 0.422464 0.368389 0.418674 0.371667 0.416055 0.373912 0.413333 0.373222 0.410698 0.368778 0.409919 0.364389 0.409078 0.362153 0.408406 0.361856 0.406586 0.362662 0.403313 0.358380 0.418503 0.362384 0.427026 0.363727
2 0.426151 0.368218 0.422464 0.368389 0.418674 0.371667 0.416055 0.373912 0.413333 0.373222 0.418672 0.381611 0.420471 0.380815 0.428453 0.377588 0.427482 0.374657 0.425638 0.373449 0.424375 0.370685 0.426510 0.371546
2 0.408013 0.407870 0.406284 0.432259 0.401677 0.435458 0.396010 0.423685 0.398109 0.424130 0.401971 0.421597 0.405664 0.414731
