0 0.467594 0.317690 0.465047 0.317671 0.462708 0.313681 0.459544 0.305681 0.455193 0.304861 0.451555 0.304958 0.446125 0.303074 0.446125 0.303074 0.445766 0.302968 0.443206 0.303056 0.440547 0.304282 0.439070 0.305245 0.436378 0.308551 0.436378 0.308551 0.432734 0.318986 0.432714 0.318824 0.431026 0.322833 0.430573 0.323704 0.429510 0.329616 0.429807 0.335824 0.431034 0.341343 0.430104 0.342560 0.429646 0.342759 0.432096 0.346306 0.437849 0.351264 0.441188 0.353032 0.441779 0.345769 0.440695 0.340343 0.440695 0.340343 0.440596 0.335176 0.442870 0.333005 0.442870 0.333005 0.445232 0.331380 0.445232 0.331380 0.446987 0.331380 0.450935 0.332287 0.455021 0.333866 0.459255 0.336139 0.458911 0.340778 0.459602 0.348394 0.458172 0.349181 0.455070 0.348829 0.452477 0.349273 0.452096 0.350630 0.450247 0.353731 0.448557 0.357745 0.445367 0.363014 0.443602 0.366861 0.441552 0.370810 0.438589 0.370403 0.436909 0.375287 0.435583 0.385088 0.435583 0.385088 0.435583 0.391074 0.434448 0.395435 0.434534 0.405315 0.439828 0.415981 0.443711 0.425079 0.446799 0.427431 0.450062 0.426806 0.449977 0.420417 0.450578 0.416699 0.451948 0.413463 0.454557 0.408843 0.454557 0.408843 0.454560 0.406894 0.454401 0.389630 0.454401 0.389630 0.458497 0.381940 0.458497 0.381940 0.460286 0.379213 0.462656 0.375153 0.462656 0.375153 0.465555 0.368644 0.469734 0.361903 0.471229 0.364440 0.473620 0.365685 0.477151 0.367120 0.476932 0.366958 0.479247 0.367579 0.479357 0.369148 0.477409 0.370653 0.476120 0.369861 0.476687 0.377185 0.476687 0.377185 0.476841 0.380167 0.477680 0.381523 0.477755 0.391282 0.478005 0.402565 0.478005 0.402565 0.475826 0.406019 0.473120 0.410917 0.473120 0.410917 0.471102 0.414593 0.470656 0.419319 0.471909 0.427773 0.474714 0.436787 0.479440 0.444667 0.482885 0.447204 0.483526 0.450880 0.485201 0.451667 0.490271 0.451843 0.494951 0.449806 0.496010 0.445713 0.497826 0.442486 0.498250 0.440639 0.500422 0.433681 0.500638 0.431815 0.501826 0.423079 0.501609 0.417125 0.501664 0.411944 0.497201 0.404977 0.492779 0.400231 0.491482 0.396569 0.491023 0.394671 0.490643 0.385995 0.490169 0.376056 0.491581 0.374083 0.492016 0.372097 0.491646 0.367634 0.489776 0.365306 0.488456 0.366861 0.486831 0.363653 0.486372 0.345301 0.484750 0.341301 0.484503 0.339630 0.486318 0.338074 0.486440 0.339847 0.490000 0.344963 0.493875 0.349958 0.498812 0.357282 0.500448 0.363139 0.504893 0.373130 0.505945 0.377130 0.505701 0.385454 0.504513 0.391782 0.504065 0.394671 0.507115 0.397519 0.507115 0.397519 0.505812 0.403667 0.510732 0.400032 0.513734 0.398278 0.514669 0.395394 0.515182 0.392241 0.515182 0.392241 0.518135 0.392764 0.518333 0.394519 0.520104 0.394866 0.521253 0.386190 0.520245 0.377968 0.516336 0.364588 0.515396 0.355454 0.514242 0.345958 0.512284 0.336560 0.490078 0.327269 0.492654 0.324241 0.490112 0.315421 0.488982 0.316574
1 0.429867 0.232671 0.433320 0.221468 0.436307 0.213005 0.438701 0.205565 0.440568 0.199755 0.441641 0.195856 0.442807 0.194444 0.445003 0.195940 0.446354 0.200005 0.447755 0.205398 0.447474 0.208134 0.446448 0.209046 0.444443 0.207639 0.444349 0.205398 0.445982 0.206889 0.446354 0.205727 0.444862 0.200255 0.444063 0.197037 0.442943 0.197176 0.440568 0.204731 0.436367 0.219171 0.433102 0.228380 0.430859 0.235102
6 0.446987 0.331380 0.454688 0.347782 0.452477 0.349273 0.452096 0.350630 0.444852 0.336259 0.442870 0.333005 0.445232 0.331380
6 0.442870 0.333005 0.444852 0.336259 0.452096 0.350630 0.450247 0.353731 0.448557 0.357745 0.445198 0.355315 0.441188 0.353032 0.441779 0.345769 0.440695 0.340343 0.440596 0.335176
6 0.446987 0.331380 0.450935 0.332287 0.455021 0.333866 0.459255 0.336139 0.458911 0.340778 0.459602 0.348394 0.458172 0.349181 0.455070 0.348829 0.454688 0.347782
6 0.454401 0.389630 0.461846 0.394991 0.469083 0.400593 0.475826 0.406019 0.473120 0.410917 0.471102 0.414593 0.470656 0.419319 0.465932 0.415819 0.457906 0.409255 0.454560 0.406894
6 0.465555 0.368644 0.470893 0.373120 0.476687 0.377185 0.476841 0.380167 0.477680 0.381523 0.477755 0.391282 0.471122 0.386944 0.462656 0.380981 0.460286 0.379213 0.462656 0.375153
6 0.490643 0.385995 0.493542 0.388009 0.494766 0.394398 0.497049 0.401722 0.497734 0.403755 0.497201 0.404977 0.492779 0.400231 0.491482 0.396569 0.491023 0.394671
6 0.499036 0.391389 0.504065 0.394671 0.507115 0.397519 0.505130 0.405384 0.502156 0.400639 0.500708 0.396435
6 0.454557 0.408843 0.454560 0.406894 0.458172 0.409306 0.457906 0.409255 0.465932 0.415819 0.470656 0.419319 0.471909 0.427773 0.474714 0.436787 0.479440 0.444667 0.482885 0.447204 0.483526 0.450880 0.485201 0.451667 0.490271 0.451843 0.494555 0.461384 0.497901 0.468736 0.504844 0.483787 0.513359 0.502079 0.531232 0.540065 0.545359 0.570523 0.548510 0.576472 0.545310 0.573319 0.538911 0.561769 0.509078 0.508468 0.477667 0.451667 0.458599 0.416634
6 0.497826 0.442486 0.506214 0.458481 0.516279 0.479241 0.532271 0.513537 0.552349 0.556130 0.556763 0.578528 0.560836 0.603269 0.552523 0.586593 0.548510 0.576472 0.545359 0.570523 0.531232 0.540065 0.513359 0.502079 0.504844 0.483787 0.497901 0.468736 0.494555 0.461384 0.490271 0.451843 0.494951 0.449806 0.496010 0.445713
6 0.471229 0.364440 0.474430 0.371370 0.476120 0.369861 0.477409 0.370653 0.479357 0.369148 0.479247 0.367579 0.477151 0.367120 0.473620 0.365685
6 0.545310 0.573319 0.549656 0.595148 0.559721 0.650051 0.565297 0.675620 0.568776 0.696134 0.572513 0.716134 0.575279 0.727727 0.579471 0.724338 0.582523 0.722306 0.581073 0.715394 0.579016 0.714713 0.577339 0.707801 0.579016 0.705361 0.575964 0.683130 0.567729 0.638394 0.560836 0.603269 0.552523 0.586593 0.548510 0.576472 0.548510 0.576472
6 0.544031 0.515852 0.535771 0.497722 0.523354 0.471051 0.516719 0.455597 0.508406 0.449361 0.503526 0.445014 0.502154 0.450889 0.506214 0.458481 0.516279 0.479241 0.532271 0.513537 0.552349 0.556130
6 0.501271 0.433681 0.500422 0.433681 0.498250 0.440639 0.501443 0.444116 0.503526 0.445014 0.508406 0.449361 0.516719 0.455597 0.520120 0.457204
6 0.501271 0.433681 0.500638 0.431815 0.501826 0.423079 0.501609 0.417125 0.501664 0.411944 0.503068 0.412806 0.509115 0.420870 0.515432 0.430278 0.520240 0.435750 0.522130 0.444005 0.526396 0.450917 0.529797 0.462727 0.531742 0.471944 0.531039 0.471653 0.520120 0.457204
6 0.522344 0.438644 0.525706 0.442792 0.526591 0.447940 0.525846 0.447606 0.522206 0.440718 0.522018 0.439556
6 0.516719 0.455597 0.520120 0.457204 0.531039 0.471653 0.531742 0.471944 0.534898 0.485083 0.536523 0.489861 0.538961 0.494417 0.540836 0.497301 0.543333 0.510296 0.544031 0.515852 0.535771 0.497722 0.523354 0.471051
6 0.574063 0.483194 0.580573 0.487949 0.583753 0.490519 0.581078 0.502343 0.579344 0.504398 0.574862 0.501829 0.573055 0.489361
6 0.577971 0.503370 0.583971 0.519819 0.593151 0.543852 0.601516 0.566949 0.603273 0.572153 0.603273 0.577949 0.602016 0.581972 0.595992 0.583898 0.590810 0.569032 0.585872 0.554755 0.583099 0.548194 0.574862 0.501829
6 0.583099 0.548194 0.585872 0.554755 0.590810 0.569032 0.595992 0.583898 0.603247 0.604190 0.610357 0.624560 0.616966 0.645231 0.621398 0.659356 0.615042 0.647463 0.608016 0.631847 0.602831 0.619806 0.594633 0.602106 0.595135 0.600028 0.592708 0.591551 0.589365 0.582630
6 0.594633 0.602106 0.592690 0.604116 0.596302 0.616708 0.597677 0.620565 0.599339 0.623523 0.600641 0.622106 0.602664 0.622750 0.604328 0.629176 0.605846 0.636500 0.606354 0.649676 0.613292 0.663620 0.620448 0.679042 0.623919 0.687269 0.631292 0.681481 0.625508 0.668505 0.621398 0.659356 0.615042 0.647463 0.615042 0.647463 0.608016 0.631847 0.602831 0.619806 0.602831 0.619806
6 0.606159 0.651176 0.613031 0.665727 0.620341 0.681611 0.623464 0.687829 0.620779 0.690495 0.616716 0.693606 0.613969 0.695718 0.611969 0.692606 0.608719 0.675389 0.607344 0.661616
6 0.601159 0.582120 0.606573 0.599606 0.613971 0.622921 0.622260 0.647569 0.629260 0.668759 0.632523 0.680361 0.631292 0.681481 0.625508 0.668505 0.621398 0.659356 0.617966 0.646157 0.602341 0.598588 0.599094 0.588667 0.598073 0.583287
6 0.516836 0.417537 0.513143 0.407384 0.510732 0.400032 0.513734 0.398278 0.514669 0.395394 0.516354 0.400833 0.519641 0.410181 0.521513 0.415870 0.520773 0.420597
6 0.514669 0.395394 0.515182 0.392241 0.518135 0.392764 0.518333 0.394519 0.520104 0.394866 0.519818 0.410694
6 0.524516 0.383519 0.528104 0.381593 0.529529 0.380380 0.531352 0.385440 0.531180 0.386759 0.529130 0.388884 0.526281 0.390403 0.524742 0.388176 0.524286 0.384125
6 0.379661 0.331667 0.381500 0.328806 0.382534 0.327144 0.383870 0.327755 0.385734 0.335894
6 0.449977 0.420417 0.461068 0.450880 0.475859 0.484861 0.474190 0.467241 0.471591 0.448972 0.464859 0.433435 0.458599 0.416634 0.454557 0.408843 0.451948 0.413463 0.450578 0.416699
6 0.465286 0.315833 0.453448 0.288167 0.439156 0.254153 0.415664 0.200292 0.409875 0.186222 0.408883 0.186560 0.406581 0.181519 0.405919 0.182463 0.406180 0.187380 0.404867 0.190421 0.403818 0.191009 0.412612 0.210523 0.431781 0.252806 0.446956 0.286426 0.455193 0.304861 0.459544 0.305681 0.462708 0.313681 0.465047 0.317671
6 0.460286 0.379213 0.462656 0.380981 0.471122 0.386944 0.477755 0.391282 0.478005 0.402565 0.477474 0.403287 0.472214 0.396019 0.467760 0.390694 0.458828 0.381343
6 0.460109 0.382648 0.462583 0.391278 0.466503 0.398662 0.469083 0.400593 0.475826 0.406019 0.477474 0.403287 0.477471 0.403472 0.472214 0.396019 0.467760 0.390694 0.467716 0.390611
6 0.390122 0.355843 0.392628 0.366616 0.396221 0.382273 0.401685 0.404991 0.420034 0.484630 0.430547 0.529306 0.442745 0.581074 0.431922 0.550769 0.411109 0.486694 0.394625 0.435440 0.389211 0.419449 0.368174 0.348602 0.365143 0.336269 0.372901 0.342440 0.384539 0.350968
6 0.339542 0.242824 0.348013 0.236106 0.347810 0.232477 0.348320 0.229574 0.349953 0.231023 0.353526 0.241005 0.358326 0.260606 0.363531 0.282931 0.372422 0.320352 0.374055 0.327611 0.368440 0.322713 0.359870 0.317639
6 0.359870 0.317639 0.368440 0.322713 0.374055 0.327611 0.389031 0.338264 0.405466 0.351148 0.421698 0.364032 0.436909 0.375287 0.435583 0.385088 0.435583 0.391074 0.422924 0.381639 0.400159 0.364218 0.384539 0.350968 0.372901 0.342440 0.365143 0.336269
6 0.369016 0.305731 0.376604 0.310435 0.393633 0.321417 0.408013 0.330824 0.420630 0.339139 0.421185 0.341713 0.423648 0.345208 0.426453 0.344958 0.425034 0.348019 0.422958 0.352657 0.423357 0.353963 0.422323 0.353963 0.410263 0.345917 0.394409 0.334889 0.379375 0.324898 0.372292 0.320000
6 0.456203 0.639690 0.462125 0.663102 0.468964 0.691593 0.473250 0.710829 0.482010 0.746981 0.484557 0.758148 0.477417 0.751699 0.469659 0.712644 0.466125 0.693338
6 0.474297 0.606713 0.469526 0.612657 0.474997 0.625361 0.475969 0.618148
6 0.478969 0.606699 0.487083 0.622699 0.495820 0.640736 0.507094 0.664500 0.516182 0.683037 0.507906 0.693486 0.505542 0.694787 0.494779 0.672199 0.487984 0.656986 0.484896 0.648356
6 0.426453 0.344958 0.427083 0.343162 0.429646 0.342759 0.432096 0.346306 0.436654 0.353796 0.443602 0.366861 0.441552 0.370810 0.438589 0.370403 0.436909 0.375287 0.430729 0.370708 0.427823 0.365139 0.426628 0.366352 0.423893 0.359366 0.424122 0.357745 0.423438 0.355213 0.423357 0.353963 0.422958 0.352657 0.425034 0.348019
6 0.432096 0.346306 0.437849 0.351264 0.445198 0.355315 0.448557 0.357745 0.445367 0.363014 0.443602 0.366861 0.436654 0.353796
6 0.430573 0.323704 0.421107 0.311259 0.408448 0.295537 0.399755 0.285097 0.392336 0.275593 0.385990 0.267269 0.384016 0.265088 0.378854 0.265519 0.378013 0.276463 0.387461 0.287847 0.400464 0.304917 0.417888 0.327338 0.430104 0.342560 0.431034 0.341343 0.429807 0.335824 0.429510 0.329616
6 0.406797 0.246019 0.402417 0.245949 0.400375 0.255440 0.405844 0.268324 0.415862 0.289648 0.431026 0.322833 0.432734 0.318986 0.436378 0.308551 0.429997 0.294370 0.420130 0.273704
6 0.427602 0.289222 0.418740 0.270227 0.408966 0.248639 0.395966 0.221505 0.376779 0.180292 0.382122 0.171968 0.390688 0.190829 0.400375 0.211222 0.420865 0.255926 0.432188 0.279398 0.428438 0.283657
6 0.432188 0.279398 0.433359 0.277588 0.436167 0.282838 0.441336 0.293866 0.445766 0.302968 0.443206 0.303056 0.440547 0.304282 0.439070 0.305245 0.436378 0.308551 0.429997 0.294370 0.427602 0.289222 0.428438 0.283657
6 0.455193 0.304861 0.446956 0.286426 0.431781 0.252806 0.412612 0.210523 0.392107 0.165079 0.389781 0.159250 0.387867 0.158519 0.383359 0.165569 0.396612 0.194727 0.414518 0.235532 0.434466 0.278546 0.436167 0.282838 0.441336 0.293866 0.445766 0.302968 0.446125 0.303074 0.451555 0.304958
1 0.507458 0.518333 0.509370 0.521500 0.512331 0.527454 0.515859 0.534769 0.518669 0.540537 0.518797 0.541444 0.517393 0.541144 0.514974 0.536019 0.511990 0.530403 0.508974 0.524662 0.508974 0.524662 0.506927 0.520324
1 0.511510 0.525880 0.511419 0.521037 0.511036 0.516426 0.511591 0.514606 0.512143 0.517861 0.512526 0.523912 0.512331 0.527454
1 0.512695 0.531778 0.512612 0.535639 0.512214 0.539398 0.511336 0.542824 0.510781 0.543431 0.510271 0.541991 0.511336 0.538968 0.511846 0.535787 0.511547 0.529588 0.511990 0.530403
1 0.507161 0.532269 0.511846 0.535787 0.511443 0.538157 0.507854 0.535625
1 0.512500 0.536574 0.517393 0.541144 0.518797 0.541444 0.523005 0.545046 0.528359 0.548995 0.528760 0.550412 0.528073 0.552037 0.524974 0.549259 0.517161 0.543194 0.512214 0.539167
1 0.517891 0.543611 0.519698 0.549639 0.523411 0.557880 0.526427 0.562389 0.531927 0.564028 0.534503 0.564083 0.537031 0.563843 0.538911 0.561769 0.538219 0.560356 0.536232 0.561597 0.532628 0.561792 0.529503 0.561273 0.525789 0.558134 0.523286 0.553032 0.520823 0.547736 0.519573 0.544991
1 0.521815 0.546690 0.525495 0.553685 0.529503 0.561273 0.527221 0.559310 0.524060 0.553231 0.520208 0.545509
6 0.474424 0.456681 0.478906 0.466523 0.481872 0.473787 0.479435 0.475431 0.479565 0.476481 0.482797 0.476366 0.487344 0.486792 0.500445 0.518676 0.523216 0.573296 0.531685 0.595255 0.541411 0.617986 0.565297 0.675620 0.568776 0.696134 0.572513 0.716134 0.567135 0.703481 0.567451 0.698417 0.565599 0.693250 0.562859 0.692431 0.561177 0.691894 0.548747 0.664370 0.535312 0.631389 0.523047 0.601759 0.508078 0.564731 0.483958 0.506019 0.478174 0.488690
1 0.502729 0.523977 0.504034 0.522167 0.506159 0.519167 0.506930 0.516458 0.508247 0.511306 0.508490 0.507454 0.509078 0.508468 0.507458 0.518333 0.506927 0.520324 0.506935 0.520347 0.504492 0.523491 0.503307 0.525417
1 0.500943 0.493620 0.501102 0.500856 0.501094 0.508148 0.500214 0.507296 0.499068 0.506731 0.499417 0.499102 0.499292 0.493000 0.500021 0.492944
2 0.453880 0.520278 0.457654 0.515361 0.458318 0.519005 0.458529 0.520505 0.457956 0.521255 0.458646 0.523843 0.456268 0.523824
2 0.461797 0.514491 0.461042 0.510093 0.458581 0.513532 0.459909 0.520176 0.460602 0.525588 0.460872 0.527722 0.461685 0.532389 0.463464 0.533194 0.464336 0.533458
2 0.451023 0.584088 0.450010 0.590931 0.446740 0.594463 0.445964 0.592593 0.447422 0.589213 0.447935 0.583981 0.447734 0.579537 0.449023 0.579319 0.449740 0.579815 0.449831 0.574227 0.450276 0.573366 0.450357 0.571505 0.451453 0.573213 0.452159 0.573630 0.451513 0.578639
2 0.504065 0.394671 0.499036 0.391389 0.493542 0.388009 0.493542 0.388009 0.490643 0.385995 0.490169 0.376056 0.491581 0.374083 0.492016 0.372097 0.491646 0.367634 0.489776 0.365306 0.488456 0.366861 0.486831 0.363653 0.486372 0.345301 0.484750 0.341301 0.484503 0.339630 0.486318 0.338074 0.486440 0.339847 0.490000 0.344963 0.493875 0.349958 0.498812 0.357282 0.500448 0.363139 0.504893 0.373130 0.505945 0.377130 0.505701 0.385454 0.504513 0.391782
2 0.473174 0.560639 0.475484 0.579926 0.477477 0.577843 0.477943 0.571384 0.476539 0.564306 0.478411 0.565139 0.478331 0.563347
2 0.518865 0.562537 0.521326 0.567130 0.524766 0.574722 0.527656 0.581528 0.527773 0.581699 0.533339 0.593250 0.536703 0.600347 0.537690 0.602269 0.537570 0.602185 0.539786 0.607690 0.538409 0.609102 0.534125 0.600000 0.523216 0.573296
2 0.422891 0.313657 0.424982 0.309667 0.427393 0.314917 0.425992 0.317657
2 0.509370 0.521500 0.507458 0.518333 0.509078 0.508468 0.511872 0.513412 0.510490 0.518569 0.510104 0.521019
2 0.508974 0.524662 0.508117 0.528764 0.506865 0.531222 0.505086 0.525481 0.504492 0.523491 0.506927 0.520324
2 0.501922 0.549500 0.500669 0.554421 0.494474 0.551611 0.494078 0.549269 0.496781 0.537551
2 0.492924 0.546370 0.495646 0.534796 0.495008 0.533662 0.490031 0.538731
2 0.489563 0.531620 0.490370 0.531847 0.490542 0.534722 0.494115 0.531093 0.491180 0.523981 0.489435 0.529806
2 0.481872 0.473787 0.483641 0.473546 0.485547 0.473093 0.487104 0.470667 0.487773 0.471116 0.487456 0.474676 0.486432 0.475648 0.483896 0.476542 0.482797 0.476366 0.479565 0.476481 0.479435 0.475431
2 0.502714 0.509546 0.506404 0.508963 0.508437 0.508241 0.508247 0.511306 0.506930 0.516458
2 0.420638 0.330806 0.417534 0.337069 0.414039 0.334769 0.415846 0.330588 0.417888 0.327338
2 0.395615 0.299750 0.391305 0.299042 0.378930 0.296486 0.378849 0.301880 0.393458 0.304292 0.393937 0.303014 0.397292 0.302019
2 0.466797 0.516481 0.468151 0.527815 0.469180 0.534657 0.470703 0.534306 0.472344 0.532315 0.473529 0.531843 0.470893 0.523875
2 0.433872 0.537491 0.436953 0.538704 0.439349 0.543657 0.441393 0.548324 0.439000 0.548222 0.437690 0.551477 0.436492 0.554412 0.433703 0.542653
2 0.438943 0.564884 0.440120 0.562343 0.441615 0.562227 0.444029 0.560648 0.444094 0.568838 0.444391 0.582870 0.444266 0.584847 0.443755 0.585130 0.442745 0.581074
2 0.436807 0.555787 0.438281 0.553472 0.441094 0.554537 0.439932 0.558380 0.438396 0.562500
2 0.445703 0.565000 0.447008 0.565481 0.448539 0.566986 0.449427 0.569426 0.450034 0.570282 0.450357 0.571505 0.450276 0.573366 0.449831 0.574227 0.449740 0.579815 0.449023 0.579319 0.447734 0.579537 0.447935 0.583981 0.447422 0.589213 0.445964 0.592593 0.445878 0.587278 0.445807 0.573148
2 0.475049 0.530079 0.477578 0.525880 0.479438 0.523495 0.480349 0.519444 0.478297 0.515801 0.474766 0.513370 0.472779 0.514634 0.473466 0.510694 0.473273 0.507468 0.471302 0.502301 0.469331 0.502736 0.468893 0.512366 0.468938 0.516389 0.472487 0.523477
2 0.465365 0.507269 0.467187 0.504259 0.468406 0.499231 0.468534 0.496972 0.467484 0.494093 0.465578 0.490759 0.464784 0.489630 0.464083 0.490588 0.464083 0.492282 0.463385 0.493468
2 0.451023 0.584088 0.456456 0.586528 0.458380 0.586995 0.461005 0.587463 0.461620 0.585907 0.461182 0.583727 0.459956 0.581083 0.452341 0.579370 0.451513 0.578639
2 0.420630 0.339139 0.423992 0.338329 0.426622 0.344315 0.426453 0.344958 0.423648 0.345208 0.421185 0.341713
1 0.474922 0.667130 0.476641 0.665602 0.476734 0.660097 0.476276 0.647759 0.475971 0.639218 0.476047 0.629051 0.477344 0.633389 0.477878 0.654671 0.478336 0.663889 0.477995 0.667889 0.477557 0.669292 0.479919 0.673958 0.485172 0.687028 0.486135 0.694343 0.486221 0.695431 0.481846 0.683759 0.475456 0.669292 0.474755 0.669912
1 0.400417 0.255185 0.399919 0.252278 0.398956 0.247278 0.400076 0.247139 0.400805 0.248343 0.401221 0.251444
15 0.467745 0.281778 0.467174 0.280764 0.467523 0.273528 0.467078 0.273079 0.466982 0.271042 0.467651 0.270593 0.468383 0.273870 0.468667 0.279292 0.468604 0.280986
15 0.466474 0.270028 0.466411 0.276185 0.465552 0.276185 0.463487 0.270250 0.462016 0.265495 0.461492 0.266370 0.460638 0.264611 0.459734 0.261981 0.460888 0.258903 0.462016 0.261833 0.463003 0.265005 0.465667 0.268713
15 0.465474 0.264856 0.464979 0.264611 0.465034 0.263931 0.465667 0.263829 0.465638 0.262903 0.466518 0.263194 0.466628 0.264417 0.466846 0.264611 0.466846 0.266176 0.465612 0.266176
1 0.432188 0.279398 0.433359 0.277588 0.434466 0.278546 0.423466 0.254833 0.423070 0.255708 0.422432 0.259120
1 0.362839 0.279444 0.364487 0.277245 0.370247 0.271472 0.374776 0.266481 0.377828 0.263944 0.380240 0.262542 0.385214 0.262894 0.390628 0.264819 0.394271 0.265343 0.387281 0.260792 0.383391 0.257731 0.383180 0.256120 0.383440 0.255287 0.384430 0.255750 0.388857 0.259130 0.394232 0.263435 0.395044 0.263815 0.395469 0.262954 0.396310 0.263435 0.398372 0.264565 0.399247 0.264565 0.399307 0.263167 0.400273 0.263060 0.400966 0.265204 0.400784 0.266491 0.403133 0.266597 0.401596 0.260171 0.401268 0.257519 0.405844 0.268324 0.415862 0.289648 0.424982 0.309667 0.422930 0.313509 0.421107 0.311259 0.408448 0.295537 0.399755 0.285097 0.392336 0.275593 0.385990 0.267269 0.384016 0.265088 0.378854 0.265519 0.375456 0.268713 0.369089 0.275370 0.365651 0.279028 0.363336 0.281370
1 0.443974 0.195190 0.445003 0.187310 0.446216 0.178097 0.448349 0.163444 0.449604 0.156153 0.451943 0.145111 0.454023 0.132671 0.455974 0.121241 0.457130 0.121755 0.457565 0.123935 0.453229 0.147069 0.450266 0.162236 0.447227 0.181898 0.446443 0.182921 0.446779 0.186329 0.445003 0.195940
1 0.443005 0.204727 0.441891 0.204667 0.441471 0.206278 0.442135 0.208940 0.442867 0.209870 0.443005 0.208259 0.442203 0.207454 0.442135 0.206338 0.443005 0.206213
1 0.443458 0.197102 0.443076 0.201255 0.443005 0.204727 0.443005 0.206213 0.443005 0.208259 0.442867 0.209870 0.441964 0.223625 0.441685 0.230935 0.441901 0.241523 0.443474 0.249338 0.445271 0.255889 0.447378 0.260685 0.448281 0.259630 0.445271 0.251569 0.443383 0.242546 0.442964 0.230968 0.443432 0.223833 0.444036 0.215231 0.444443 0.207639 0.444349 0.205398 0.444586 0.198958 0.444063 0.197037
1 0.443943 0.265546 0.445193 0.263032 0.447378 0.260685 0.448281 0.259630 0.452172 0.255935 0.454953 0.253282 0.455805 0.250671 0.456362 0.243171 0.457232 0.240940 0.457893 0.235722 0.458104 0.232866 0.458833 0.231130 0.459531 0.231755 0.458870 0.236213 0.458104 0.241667 0.457581 0.247056 0.456956 0.252208 0.455747 0.255935 0.451271 0.259806 0.446956 0.263968 0.445422 0.266477 0.444615 0.267194
1 0.449427 0.261620 0.452240 0.267051 0.454141 0.270787 0.454539 0.272213 0.454297 0.274366 0.451836 0.269060 0.449698 0.265329 0.448333 0.262685
1 0.462214 0.243333 0.459612 0.239843 0.458589 0.238287 0.458227 0.240597 0.459883 0.242894 0.461690 0.246111 0.462776 0.245954 0.462867 0.244880
1 0.457656 0.237500 0.455875 0.234287 0.453706 0.231125 0.452320 0.229144 0.451536 0.228718 0.451206 0.230486 0.453255 0.233861 0.456026 0.237931 0.457352 0.240074
1 0.448750 0.277083 0.451682 0.277977 0.454724 0.278458 0.454846 0.281028 0.452344 0.280065 0.449784 0.279421
1 0.456172 0.279208 0.460029 0.280653 0.465542 0.282046 0.465451 0.284190 0.462740 0.283278 0.459305 0.282370 0.456112 0.281565 0.455990 0.279958
1 0.456331 0.274954 0.458542 0.276296 0.460490 0.280579 0.460029 0.280653 0.458471 0.279991 0.457505 0.278009 0.456211 0.277579
1 0.458542 0.276296 0.460052 0.274171 0.461378 0.272190 0.462193 0.272083 0.462763 0.273157 0.462193 0.274602 0.459240 0.277870
1 0.451745 0.284028 0.453107 0.283310 0.454703 0.282667 0.455036 0.284597 0.453708 0.285241 0.452172 0.285241
1 0.456331 0.282454 0.457927 0.282079 0.459305 0.282370 0.459797 0.282935 0.458203 0.283472 0.456573 0.283954
1 0.460469 0.280741 0.462193 0.280495 0.464036 0.279815 0.465477 0.279745 0.465206 0.280764 0.463065 0.281403
1 0.461719 0.283009 0.463531 0.286204 0.462779 0.287759 0.461815 0.286042 0.459797 0.282935 0.459737 0.282509
1 0.389161 0.290083 0.384560 0.285560 0.379583 0.280185 0.375633 0.276259 0.373263 0.273222 0.371904 0.272542 0.371729 0.274153 0.375417 0.278472 0.381492 0.284444 0.387174 0.290329 0.389440 0.292250 0.389719 0.291694
1 0.378536 0.279139 0.378414 0.276995 0.378013 0.276463 0.378234 0.273676 0.377273 0.272444 0.376607 0.271694 0.375042 0.272014 0.374440 0.273407 0.374919 0.274157 0.376521 0.273944 0.377120 0.274801 0.377240 0.277907
1 0.367523 0.299343 0.368451 0.295181 0.369943 0.291454 0.371195 0.288870 0.372768 0.290449 0.375349 0.293606 0.377729 0.289875 0.377003 0.284139 0.377122 0.280125 0.378536 0.281556 0.381492 0.284444 0.387174 0.290329 0.389440 0.292250 0.389719 0.291694 0.389161 0.290083 0.400464 0.304917 0.417656 0.327130 0.414039 0.334769 0.408013 0.330824 0.393633 0.321417 0.376604 0.310435 0.369016 0.305731
1 0.385734 0.335894 0.387068 0.334750 0.388375 0.334083 0.395797 0.337153 0.399344 0.339310 0.401865 0.343213 0.403438 0.346806 0.404198 0.350181 0.403031 0.349185 0.401745 0.346019 0.399193 0.340926 0.396302 0.339028 0.392109 0.337454 0.387396 0.336204
1 0.399193 0.340926 0.397682 0.341481 0.396320 0.342861 0.397208 0.344009 0.399909 0.342287
1 0.401865 0.343213 0.399344 0.339310 0.399661 0.338574 0.410263 0.345917 0.422323 0.353963 0.423357 0.353963 0.423438 0.355213 0.424122 0.357745 0.423893 0.359366 0.426628 0.366352 0.427823 0.365139 0.430729 0.370708 0.421698 0.364032 0.405466 0.351148 0.404198 0.350181 0.403438 0.346806
1 0.473672 0.451296 0.475812 0.452296 0.478164 0.453931 0.479893 0.457000 0.479378 0.457329 0.477578 0.455824 0.480297 0.459616 0.483937 0.464324 0.486182 0.467069 0.487174 0.468898 0.485227 0.467463 0.480740 0.461838 0.480005 0.460926 0.477651 0.463542 0.476656 0.461449 0.478828 0.459681 0.477172 0.457458 0.475076 0.454519 0.474781 0.453602 0.473826 0.453796
1 0.491656 0.477046 0.491911 0.482694 0.493099 0.489306 0.494073 0.492639 0.495375 0.493769 0.495724 0.492694 0.494104 0.486366 0.492927 0.479306
1 0.495339 0.506019 0.497130 0.505940 0.499068 0.506731 0.500214 0.507296 0.502714 0.509546 0.506930 0.516458 0.506159 0.519167 0.502591 0.513019 0.500641 0.511190 0.498542 0.509352 0.496451 0.508838
1 0.504034 0.522167 0.503464 0.519259 0.502297 0.515255 0.501500 0.514130 0.501060 0.515644 0.501563 0.519815 0.502729 0.523977
1 0.504492 0.523491 0.505086 0.525481 0.506865 0.531222 0.508076 0.536907 0.503307 0.525417 0.503307 0.525417
2 0.521326 0.567130 0.521922 0.565917 0.528078 0.573810 0.534133 0.583616 0.540893 0.591931 0.547734 0.603222 0.552326 0.609292 0.554521 0.621801 0.555125 0.625056 0.552813 0.629782 0.550745 0.633634 0.555076 0.640370 0.558078 0.645102 0.557193 0.646583 0.555914 0.645449 0.550646 0.637481 0.547641 0.633194 0.543154 0.622398 0.546008 0.626167 0.549357 0.631681 0.552310 0.624940 0.553935 0.621176 0.546404 0.609972 0.539854 0.599125 0.537690 0.602269 0.536703 0.600347 0.538576 0.596931 0.536641 0.594537 0.531448 0.587278 0.527656 0.581528 0.524766 0.574722
6 0.474997 0.625361 0.475969 0.618148 0.475677 0.646796 0.474615 0.673676 0.473789 0.699083 0.473250 0.710829 0.471781 0.702653 0.472490 0.684384 0.473268 0.668986
1 0.497703 0.598745 0.498552 0.603056 0.499245 0.608796 0.498893 0.618259 0.498552 0.625144 0.497786 0.629833 0.494680 0.638231 0.494042 0.637250 0.495872 0.631500 0.497320 0.627111 0.498000 0.619319 0.498128 0.610847 0.497797 0.605301 0.496914 0.598870
1 0.498893 0.618259 0.500458 0.613231 0.502076 0.607181 0.503310 0.602644 0.504885 0.596440 0.505224 0.594926 0.506076 0.595227 0.505182 0.599769 0.503099 0.607870 0.500833 0.616250 0.498758 0.621630
1 0.495104 0.613935 0.494677 0.620366 0.494378 0.624148 0.495156 0.627454 0.496081 0.629213 0.496250 0.627931 0.495826 0.625130 0.495182 0.625046 0.495443 0.619986 0.495612 0.614463
1 0.508437 0.667269 0.511992 0.666333 0.516055 0.665338 0.518294 0.662847 0.522354 0.658278 0.525622 0.656296 0.530896 0.654222 0.531922 0.654968 0.531828 0.657125 0.528794 0.657375 0.523521 0.659852 0.521654 0.660940 0.518760 0.665088 0.518013 0.666333 0.516753 0.667329 0.512273 0.668657 0.509531 0.669491
1 0.511948 0.672227 0.513534 0.670565 0.514922 0.668472 0.518760 0.667995 0.523521 0.668741 0.528516 0.669815 0.527349 0.671222 0.520312 0.670000 0.516615 0.669986 0.515586 0.670481 0.514466 0.670898 0.513721 0.672556 0.512414 0.673551 0.511760 0.673463
1 0.526742 0.610940 0.525122 0.618718 0.523339 0.625819 0.521503 0.632926 0.520909 0.635708 0.521341 0.636380 0.523333 0.629074 0.526039 0.618718 0.527604 0.612380
1 0.522961 0.603769 0.520854 0.598782 0.521536 0.598014 0.523047 0.601759 0.526742 0.610940 0.526365 0.611444
4 0.518987 0.764653 0.507026 0.738778 0.497909 0.719148 0.493477 0.709185 0.494229 0.706509 0.501255 0.698778 0.505542 0.694787 0.507906 0.693486 0.516182 0.683037 0.527349 0.671222 0.528516 0.669815 0.540727 0.656278 0.542482 0.654792 0.543904 0.656130 0.555195 0.678435 0.561177 0.691894 0.563469 0.692116 0.560539 0.693306 0.558365 0.697468 0.557529 0.703269 0.559536 0.708472 0.559453 0.710255 0.555438 0.711894 0.543393 0.719329 0.525570 0.730495 0.521638 0.732727 0.521086 0.746764 0.522232 0.763787
6 0.456406 0.474815 0.458005 0.472606 0.460573 0.473241 0.468151 0.527815 0.477237 0.592912 0.478969 0.606699 0.484896 0.648356 0.484766 0.648935 0.493081 0.708204 0.500513 0.765269 0.501620 0.774264 0.496086 0.768926 0.488969 0.715514 0.482646 0.668009 0.475969 0.618148 0.474297 0.606713
9 0.515581 0.583120 0.512531 0.583500 0.510237 0.583500 0.507083 0.575370 0.502120 0.577384 0.504148 0.584597 0.503354 0.587264 0.504237 0.588991 0.498414 0.587736 0.499914 0.596519 0.501237 0.598088 0.497703 0.598745 0.497703 0.598745 0.498552 0.603056 0.499245 0.608796 0.498893 0.618259 0.500458 0.613231 0.500458 0.613231 0.502076 0.607181 0.503310 0.602644 0.504885 0.596440 0.505224 0.594926 0.506076 0.595227 0.505182 0.599769 0.503099 0.607870 0.503099 0.607870 0.500833 0.616250 0.500833 0.616250 0.499661 0.620241 0.500779 0.624051 0.505310 0.630694 0.508628 0.633481 0.508628 0.635968 0.506010 0.637046 0.507315 0.639125 0.508464 0.640111 0.508789 0.643421 0.516867 0.646000 0.522091 0.645833 0.529284 0.638032 0.531438 0.632569 0.534250 0.628829 0.527604 0.612380 0.526039 0.618718 0.523333 0.629074 0.521341 0.636380 0.520909 0.635708 0.521503 0.632926 0.523339 0.625819 0.525122 0.618718 0.526458 0.611852 0.522961 0.603769 0.520854 0.598782 0.521536 0.598014
6 0.465224 0.202606 0.462458 0.193819 0.457250 0.180815 0.454813 0.174606 0.449078 0.177769 0.449143 0.181051 0.446443 0.182921 0.447826 0.187491 0.450464 0.186440 0.450464 0.189250 0.456922 0.206356 0.458107 0.205301 0.462852 0.205421
6 0.469734 0.361903 0.471229 0.364440 0.474430 0.371370 0.476120 0.369861 0.476687 0.377185 0.470893 0.373120 0.470893 0.373120 0.465555 0.368644
8 0.486146 0.658148 0.487896 0.659694 0.490896 0.663583 0.493146 0.668468 0.489646 0.666579 0.486896 0.664583
6 0.511336 0.542824 0.516201 0.552171 0.522599 0.563417 0.528078 0.573810 0.530102 0.569495 0.532344 0.564005 0.531927 0.564028 0.526427 0.562389 0.523411 0.557880 0.523411 0.557880 0.519698 0.549639 0.517891 0.543611 0.517891 0.543611 0.517161 0.543194 0.513221 0.539944
1 0.394375 0.359352 0.400159 0.364218 0.422924 0.381639 0.435583 0.391074 0.434448 0.395435 0.434534 0.405315 0.439828 0.415981 0.443711 0.425079 0.446799 0.427431 0.450062 0.426806 0.449977 0.420417 0.460833 0.450880 0.476068 0.485093 0.475859 0.484861 0.474190 0.467241 0.471591 0.448972 0.470708 0.440764 0.472740 0.442491 0.474424 0.456681 0.478174 0.488690 0.483932 0.506157 0.491180 0.523981 0.489435 0.529806 0.489563 0.531620 0.490370 0.531847 0.490542 0.534722 0.494115 0.531093 0.495008 0.533662 0.490031 0.538731 0.492924 0.546370 0.495646 0.534796 0.496781 0.537551 0.494078 0.549269 0.494474 0.551611 0.500669 0.554421 0.501763 0.549551 0.504854 0.561069 0.509089 0.573931 0.512531 0.583500 0.510237 0.583500 0.507083 0.575370 0.502120 0.577384 0.504148 0.584597 0.503354 0.587264 0.504237 0.588991 0.498414 0.587736 0.499914 0.596519 0.501237 0.598088 0.496914 0.598870 0.497797 0.605301 0.494620 0.611264 0.495503 0.612519 0.496914 0.616125 0.494115 0.612593 0.491003 0.616597 0.488797 0.612250 0.487159 0.613736 0.490542 0.625079 0.491516 0.628176 0.491063 0.628856 0.490297 0.628551 0.486531 0.614356 0.483742 0.616153 0.478969 0.606699 0.476927 0.589398 0.478331 0.563347 0.473174 0.560639 0.468138 0.527727 0.460297 0.473231 0.458005 0.472606 0.456151 0.474801 0.474297 0.606713 0.469526 0.612657 0.474997 0.625361 0.473268 0.668986 0.464901 0.674037 0.462125 0.663102 0.456203 0.639690 0.445690 0.593065 0.446039 0.592907 0.446740 0.594463 0.447440 0.596644 0.449016 0.601000 0.449716 0.598662 0.451203 0.594773 0.453479 0.591042 0.456193 0.588861 0.456281 0.587616 0.456456 0.586528 0.458380 0.586995 0.461005 0.587463 0.461620 0.585907 0.461182 0.583727 0.459956 0.581083 0.452341 0.579370 0.452604 0.577657 0.454180 0.575634 0.454005 0.574704 0.453216 0.574236 0.451466 0.573301 0.450357 0.571505 0.450034 0.570282 0.449427 0.569426 0.448539 0.566986 0.447008 0.565481 0.445703 0.565000 0.445807 0.573148 0.445878 0.587278 0.445964 0.592593 0.445516 0.593065 0.444289 0.587926 0.444266 0.584847 0.444391 0.582870 0.444094 0.568838 0.444026 0.560542 0.441615 0.562227 0.440120 0.562343 0.438943 0.564884 0.438396 0.562500 0.439932 0.558380 0.441094 0.554537 0.438281 0.553472 0.436807 0.555787 0.436492 0.554412 0.437690 0.551477 0.439000 0.548222 0.441393 0.548324 0.439349 0.543657 0.436953 0.538704 0.433872 0.537491 0.433703 0.542653 0.430596 0.528690 0.420034 0.484630 0.401685 0.404991 0.396221 0.382273 0.392628 0.366616 0.390885 0.358935
