0 0.407508 0.354204 0.403323 0.348870 0.400292 0.347074 0.395654 0.349616 0.390565 0.353954 0.388089 0.357116 0.388164 0.360282 0.387883 0.368245 0.387229 0.374306 0.385643 0.379032 0.383029 0.379866 0.453958 0.427292 0.453404 0.421921 0.452727 0.417880 0.451367 0.415032 0.448544 0.415769 0.447641 0.413417 0.444086 0.405069 0.439000 0.395769 0.440643 0.393361 0.444388 0.392157 0.449984 0.390579 0.452018 0.390815 0.453292 0.391690 0.455273 0.394190 0.458237 0.399282 0.461339 0.400731 0.464026 0.403407 0.466284 0.406190 0.466917 0.405065 0.468034 0.399491 0.468635 0.396065 0.469151 0.387755 0.467578 0.378032 0.462820 0.370069 0.457172 0.366486 0.451458 0.366454 0.447445 0.366120 0.447539 0.360810 0.445719 0.359315 0.445393 0.356991 0.445201 0.350838 0.444328 0.347551 0.443526 0.344514 0.441539 0.343523 0.435474 0.341912 0.432406 0.340856 0.429930 0.341167 0.426096 0.348681
6 0.676359 0.534713 0.680729 0.536106 0.680638 0.536963 0.676602 0.536801
6 0.676508 0.539963 0.680581 0.539819 0.680745 0.544694 0.678604 0.547991 0.677070 0.551292 0.676284 0.554259 0.675464 0.553282
6 0.680956 0.546440 0.679117 0.548852 0.677820 0.551796 0.676948 0.555222 0.680971 0.559727
2 0.674047 0.540394 0.670982 0.540963 0.666060 0.542546 0.670766 0.548324 0.671883 0.545634 0.672456 0.545917 0.671388 0.548972 0.672362 0.549995
8 0.671388 0.548972 0.669727 0.553569 0.677474 0.563694 0.679813 0.563880 0.680971 0.559727 0.676948 0.555222 0.676284 0.554259 0.675464 0.553282 0.672362 0.549995
9 0.618641 0.452106 0.621586 0.457194 0.620133 0.460495 0.616099 0.455620
2 0.669875 0.592315 0.659763 0.602722 0.657568 0.596032 0.657253 0.593616 0.656151 0.585370 0.655828 0.577699 0.660021 0.571657 0.664828 0.569667 0.672247 0.566014 0.677474 0.563694 0.679813 0.563880
9 0.634539 0.641778 0.634773 0.637889 0.636518 0.636639 0.638469 0.636269 0.640372 0.635991 0.642221 0.637426 0.643260 0.640292 0.643911 0.643398 0.648690 0.647097 0.646076 0.653181 0.636953 0.648852 0.635141 0.644963
2 0.643867 0.587088 0.646695 0.591611 0.648234 0.594769 0.648518 0.618301 0.647437 0.620602 0.646677 0.625407 0.642362 0.630639 0.634896 0.625329
2 0.633862 0.597579 0.637602 0.583727 0.643867 0.587088 0.634896 0.625329 0.632594 0.639231 0.628750 0.629542
2 0.623922 0.534181 0.626542 0.531069 0.631247 0.528222 0.637253 0.528185 0.642940 0.532125 0.644148 0.534495 0.636125 0.553065 0.625164 0.566602 0.617711 0.560361 0.609609 0.551912 0.603563 0.548074 0.603612 0.542153 0.609258 0.537343 0.611779 0.538088 0.614531 0.537259 0.616398 0.533856 0.617193 0.534106 0.619479 0.539333
2 0.483474 0.428606 0.481906 0.427370 0.479104 0.431176 0.482297 0.436426
2 0.579021 0.484986 0.577328 0.484292 0.576286 0.487023 0.579260 0.500343 0.581672 0.500079
9 0.471714 0.402338 0.472279 0.406213 0.474294 0.407644 0.475263 0.404491 0.474617 0.402769
2 0.492010 0.411060 0.490760 0.415648 0.487609 0.420380 0.486521 0.421241 0.485109 0.423824 0.488224 0.436329 0.494154 0.422806
6 0.598286 0.543236 0.617685 0.526731 0.622620 0.529366 0.623922 0.534181 0.619479 0.539333 0.617193 0.534106 0.616398 0.533856 0.614531 0.537259 0.611779 0.538088 0.609258 0.537343 0.603612 0.542153 0.603563 0.548074 0.599799 0.550991 0.596896 0.551139 0.593909 0.552931 0.591641 0.548426 0.596328 0.548056
2 0.582190 0.434792 0.574349 0.434708 0.569141 0.432917 0.566315 0.437787 0.565188 0.442019 0.564828 0.445611 0.565391 0.451130 0.569060 0.452921 0.570354 0.450556 0.571641 0.451051 0.573177 0.448116 0.573901 0.447542 0.574508 0.447824 0.574628 0.449981 0.575836 0.447468 0.578503 0.444606 0.578823 0.445676 0.576122 0.448977 0.574508 0.451343 0.574464 0.452995 0.575880 0.453134 0.578174 0.453060 0.579953 0.453208 0.579911 0.451991 0.581026 0.450764 0.581784 0.450125 0.581242 0.448671 0.582297 0.448296 0.583529 0.447815 0.584974 0.448838 0.586828 0.452273 0.586857 0.456181 0.586435 0.457949 0.588755 0.457681 0.590747 0.457394 0.591789 0.458273 0.592049 0.456370 0.590458 0.454157 0.587672 0.448315 0.583042 0.439088
2 0.589654 0.540171 0.592581 0.539722 0.595089 0.540171 0.598286 0.543236 0.596328 0.548056 0.591641 0.548426
2 0.577586 0.517093 0.581102 0.516764 0.591570 0.520625 0.597096 0.523426 0.601979 0.526426 0.598286 0.543236 0.595089 0.540171 0.592581 0.539722 0.589654 0.540171 0.588315 0.540019
2 0.501240 0.456069 0.501034 0.452292 0.499917 0.447579 0.497930 0.435190 0.497247 0.426685 0.500503 0.425667 0.501406 0.444134 0.501708 0.447991 0.504969 0.455042 0.505029 0.458843
2 0.469151 0.387755 0.483367 0.422412 0.483911 0.422222 0.484461 0.419491 0.485424 0.418472 0.486599 0.418773 0.490060 0.414699 0.491776 0.409565 0.488180 0.394671 0.483526 0.377870 0.479745 0.375569 0.476992 0.376338
9 0.631185 0.473111 0.629128 0.476481 0.629289 0.479852 0.631065 0.479852 0.632880 0.473898
2 0.609211 0.466093 0.612805 0.466926 0.613143 0.475167 0.612310 0.475213 0.611555 0.475306 0.610383 0.476000 0.609367 0.477019
2 0.609250 0.478347 0.609221 0.482653 0.613310 0.481356 0.613336 0.477329 0.612844 0.476727 0.611672 0.476588 0.610552 0.477097
9 0.613164 0.469870 0.613294 0.473944 0.615404 0.477926 0.617227 0.475241
2 0.581289 0.504204 0.582622 0.517074 0.585161 0.516690 0.593102 0.518227 0.590669 0.505940 0.588727 0.506991 0.587216 0.506037 0.583813 0.503824
2 0.494654 0.425148 0.488841 0.437750 0.490737 0.447718 0.498078 0.440259
9 0.492359 0.400824 0.490667 0.405083 0.491786 0.408972 0.494964 0.402167
9 0.493768 0.410630 0.495576 0.410574 0.496781 0.411005 0.497685 0.411861 0.497685 0.413787 0.497445 0.417111 0.496542 0.417912 0.495938 0.418287 0.494099 0.418824 0.493286 0.417431 0.492924 0.414861 0.493076 0.412074
2 0.525068 0.423741 0.527984 0.425870 0.526578 0.430963 0.524312 0.428556
2 0.524174 0.429282 0.521461 0.430625 0.528818 0.445685 0.531078 0.442319
2 0.524438 0.438227 0.519023 0.441792 0.525932 0.455898 0.529013 0.452579 0.528312 0.445856
2 0.522836 0.453069 0.522104 0.456727 0.519453 0.456912 0.520151 0.459824 0.520813 0.459699 0.522383 0.458648 0.522417 0.460319 0.526219 0.461125 0.526531 0.457963 0.525346 0.454991
2 0.532839 0.439565 0.535281 0.438065 0.536878 0.438171 0.537932 0.440315 0.537630 0.441815 0.534859 0.444708
3 0.453958 0.427292 0.483117 0.445537 0.501240 0.456069 0.501034 0.452292 0.499917 0.447579 0.497930 0.435190 0.497247 0.426685 0.500503 0.425667 0.501406 0.444134 0.503698 0.443759 0.506273 0.444870 0.513563 0.436565 0.520198 0.429060 0.521612 0.425630 0.520682 0.423370 0.518250 0.420199 0.519924 0.414250 0.519383 0.413287 0.516146 0.419148 0.515604 0.417704 0.514849 0.415977 0.513659 0.413481 0.512365 0.411560 0.511445 0.414250 0.509880 0.411560 0.508206 0.408778 0.504823 0.406167 0.504729 0.404667 0.503076 0.403815 0.502169 0.401616 0.501385 0.400440 0.500273 0.399528 0.498161 0.399741 0.498823 0.395454 0.499755 0.391023 0.502135 0.387120 0.506477 0.382477 0.509885 0.380898 0.515297 0.381981 0.515297 0.380731 0.509836 0.379898 0.508622 0.379736 0.505729 0.381477 0.502930 0.384468 0.499380 0.389861 0.497703 0.396745 0.496909 0.400315 0.494435 0.400898 0.496302 0.396745 0.495883 0.396495 0.493406 0.401227 0.492333 0.400731 0.492661 0.398157 0.492099 0.395255 0.491354 0.394171 0.490237 0.393926 0.488180 0.394671 0.491776 0.409565 0.490060 0.414699 0.486599 0.418773 0.485424 0.418472 0.484461 0.419491 0.483911 0.422222 0.483367 0.422412 0.469151 0.387755 0.468635 0.396065 0.468034 0.399491 0.466917 0.405065 0.466284 0.406190 0.464026 0.403407 0.461339 0.400731 0.458237 0.399282 0.455273 0.394190 0.453292 0.391690 0.452018 0.390815 0.449984 0.390579 0.444388 0.392157 0.440643 0.393361 0.439000 0.395769 0.444086 0.405069 0.447641 0.413417 0.448544 0.415769 0.451367 0.415032 0.452727 0.417880 0.453404 0.421921
3 0.369167 0.370736 0.383029 0.379866 0.385643 0.379032 0.387229 0.374306 0.387883 0.368245 0.388164 0.360282 0.384661 0.364264 0.381909 0.361111 0.375253 0.324125 0.374690 0.325051 0.380583 0.360384 0.379109 0.361560 0.378656 0.359361 0.377810 0.359264 0.378628 0.366380 0.373807 0.365792 0.369771 0.368208
1 0.523089 0.419792 0.521612 0.425630 0.520198 0.429060 0.513563 0.436565 0.506273 0.444870 0.503698 0.443759 0.501406 0.444134 0.501708 0.447991 0.504969 0.455042 0.505029 0.458843 0.570880 0.502019 0.577586 0.517093 0.581102 0.516764 0.591570 0.520625 0.597096 0.523426 0.601979 0.526426 0.598286 0.543236 0.617685 0.526731 0.622620 0.529366 0.623922 0.534181 0.626542 0.531069 0.631247 0.528222 0.637253 0.528185 0.642940 0.532125 0.644148 0.534495 0.636125 0.553065 0.625164 0.566602 0.617711 0.560361 0.609609 0.551912 0.603563 0.548074 0.599799 0.550991 0.596896 0.551139 0.593909 0.552931 0.598346 0.563329 0.597578 0.554222 0.602622 0.556231 0.603552 0.574083 0.613560 0.596690 0.614214 0.590713 0.614073 0.587144 0.612906 0.585157 0.614120 0.584407 0.615706 0.585903 0.617201 0.593037 0.620654 0.605486 0.621826 0.615361 0.625229 0.622796 0.627003 0.601560 0.633862 0.597579 0.637602 0.583727 0.643867 0.587088 0.646695 0.591611 0.648234 0.594769 0.648518 0.618301 0.647437 0.620602 0.646677 0.625407 0.642362 0.630639 0.634896 0.625329 0.632594 0.639231 0.634539 0.641778 0.634773 0.637889 0.636518 0.636639 0.638469 0.636269 0.640372 0.635991 0.642221 0.637426 0.643260 0.640292 0.643911 0.643398 0.648690 0.647097 0.669875 0.592315 0.659763 0.602722 0.657568 0.596032 0.657253 0.593616 0.656151 0.585370 0.655828 0.577699 0.660021 0.571657 0.664828 0.569667 0.672247 0.566014 0.677474 0.563694 0.669727 0.553569 0.671388 0.548972 0.672456 0.545917 0.671883 0.545634 0.670766 0.548324 0.669174 0.552764 0.650672 0.529329 0.653940 0.524773 0.652911 0.524440 0.652073 0.525097 0.648107 0.522694 0.642609 0.517722 0.641831 0.514991 0.641229 0.513417 0.643026 0.510727 0.644068 0.509806 0.643367 0.508829 0.640565 0.512389 0.640536 0.508500 0.640357 0.505630 0.640148 0.502343 0.639055 0.499565 0.640096 0.494426 0.650979 0.494611 0.658031 0.494968 0.657849 0.492981 0.652406 0.492375 0.646846 0.485120 0.646820 0.482764 0.646141 0.480542 0.645440 0.478639 0.648357 0.480912 0.648799 0.479616 0.645760 0.477148 0.645214 0.475991 0.643156 0.475852 0.642453 0.470528 0.641880 0.467333 0.641318 0.464815 0.639651 0.463338 0.639260 0.459907 0.638818 0.458472 0.637411 0.455648 0.634411 0.451009 0.631911 0.447403 0.627078 0.441509 0.627414 0.441000 0.626870 0.439981 0.626219 0.440449 0.622990 0.436560 0.622573 0.437667 0.625359 0.440819 0.624654 0.441833 0.624031 0.444287 0.622938 0.448366 0.617198 0.450903 0.615789 0.451412 0.611938 0.451829 0.608255 0.453940 0.608797 0.450190 0.607742 0.450301 0.606930 0.455171 0.605724 0.452815 0.604698 0.451639 0.598372 0.457639 0.596172 0.456176 0.593633 0.451009 0.592865 0.451806 0.593065 0.455602 0.591776 0.454310 0.589031 0.449435 0.585883 0.441875 0.583802 0.438125 0.583833 0.433625 0.582909 0.429468 0.582440 0.429884 0.582779 0.433315 0.578742 0.431509 0.577076 0.429935 0.575667 0.429144 0.573630 0.428870 0.571911 0.431556 0.570974 0.431833 0.571547 0.428917 0.571286 0.427898 0.569620 0.427343 0.568786 0.426185 0.571078 0.425028 0.577536 0.422014 0.577591 0.421000 0.573945 0.422574 0.568370 0.424657 0.566010 0.420917 0.564372 0.419000 0.563432 0.419616 0.560992 0.409949 0.560573 0.410259 0.562839 0.419681 0.562872 0.420861 0.564198 0.422907 0.565766 0.427551 0.565312 0.427926 0.563151 0.428792 0.558932 0.430898 0.558133 0.431454 0.556839 0.434935 0.556240 0.430398 0.555458 0.431097 0.556188 0.436792 0.555565 0.437486 0.554937 0.434657 0.554156 0.435125 0.553956 0.436144 0.553904 0.439843 0.551794 0.440259 0.550049 0.442204 0.549060 0.432162 0.547818 0.419333 0.547141 0.415583 0.549719 0.413736 0.548284 0.411324 0.546620 0.414194 0.545039 0.408917 0.541167 0.402755 0.538586 0.400889 0.536286 0.400889 0.534674 0.401898 0.533786 0.402611 0.532818 0.405190 0.532091 0.407917 0.531245 0.415088 0.530721 0.423407 0.530318 0.426708 0.529268 0.426204 0.528138 0.423546 0.526081 0.421616
2 0.532703 0.464185 0.535620 0.469139 0.534474 0.471454 0.530906 0.464787
2 0.530857 0.469810 0.534474 0.471454 0.535354 0.471917 0.534448 0.476130 0.531031 0.474704
2 0.536729 0.471167 0.540703 0.469741 0.541992 0.472593 0.536380 0.476060
1 0.694042 0.507356 0.691568 0.510968 0.690214 0.512958 0.689042 0.514949 0.688469 0.516338 0.687870 0.518514 0.687583 0.520875 0.687922 0.522032 0.690396 0.524995 0.690682 0.523514 0.689615 0.522866 0.688859 0.522218 0.688469 0.521523 0.688469 0.519671 0.688833 0.517634 0.689458 0.515921 0.690786 0.513468 0.694458 0.508421
1 0.687628 0.536106 0.685490 0.535037 0.680940 0.533431 0.676542 0.532194 0.675094 0.532356 0.675094 0.534769 0.676359 0.534713 0.680729 0.536106 0.680638 0.536963 0.676602 0.536801 0.674792 0.536963 0.670740 0.538167 0.664445 0.540245 0.666060 0.542546 0.670982 0.540963 0.674047 0.540394 0.676508 0.539963 0.680581 0.539819 0.685099 0.539458 0.680745 0.544694 0.678604 0.547991 0.677070 0.551292 0.676284 0.554259 0.676948 0.555222 0.677820 0.551796 0.679117 0.548852 0.680956 0.546440 0.683906 0.544190 0.685896 0.542583
2 0.536872 0.452745 0.536768 0.454412 0.535935 0.455477 0.535492 0.457421 0.536898 0.459921 0.538070 0.459042 0.538279 0.453810 0.539320 0.453255 0.538695 0.450523 0.536508 0.450477 0.535362 0.451819 0.535570 0.452884
2 0.539260 0.443620 0.538792 0.445148 0.539365 0.448713 0.538479 0.448852 0.538271 0.449824 0.538695 0.450523 0.541813 0.454454 0.543792 0.450380
2 0.577737 0.463833 0.573818 0.474782 0.577177 0.478963 0.581544 0.469009
2 0.540560 0.444912 0.540594 0.441565 0.541083 0.438593 0.542128 0.437167 0.545685 0.436171 0.547323 0.437537 0.548055 0.439519 0.548091 0.444787 0.543792 0.450380
2 0.623208 0.451731 0.625510 0.452227 0.627323 0.452782 0.628508 0.452227 0.630146 0.454458 0.632344 0.458611 0.630669 0.465801 0.624672 0.462639 0.624289 0.460343 0.622651 0.457556
2 0.545687 0.418106 0.546573 0.421949 0.540247 0.431653 0.538555 0.429523
2 0.605669 0.503431 0.608318 0.504546 0.611771 0.507708 0.615326 0.509690 0.614839 0.510995 0.612919 0.511611 0.610167 0.509259 0.608250 0.508019
2 0.625229 0.622796 0.627003 0.601560 0.633862 0.597579 0.628750 0.629542
2 0.603430 0.500745 0.602169 0.499995 0.603568 0.496097 0.605250 0.492611 0.607117 0.494440 0.609964 0.497093 0.612156 0.503815
2 0.598372 0.457639 0.604698 0.451639 0.605724 0.452815 0.606930 0.455171 0.607461 0.457801 0.606839 0.461245 0.604776 0.464690 0.601589 0.464245
2 0.552839 0.482792 0.554729 0.476935 0.558510 0.479620 0.563477 0.486630 0.565281 0.489231 0.566372 0.489588 0.568672 0.492824 0.565906 0.497556
2 0.560846 0.480866 0.562659 0.477333 0.566005 0.483222 0.563635 0.483222
2 0.598346 0.563329 0.597578 0.554222 0.602622 0.556231 0.603552 0.574083
2 0.613560 0.596690 0.614214 0.590713 0.614073 0.587144 0.612906 0.585157 0.614120 0.584407 0.615706 0.585903 0.617201 0.593037 0.620654 0.605486 0.621826 0.615361
2 0.564438 0.483963 0.563914 0.486380 0.566354 0.488426 0.568935 0.492144 0.569771 0.490412 0.567539 0.486755 0.566669 0.486134
9 0.558919 0.473528 0.560977 0.472324 0.562435 0.472324 0.564310 0.475194 0.561029 0.477370 0.558867 0.478713 0.558633 0.476398
9 0.559555 0.466894 0.561117 0.464810 0.564190 0.467773 0.564763 0.470597 0.564919 0.473144 0.564346 0.474023 0.562133 0.469023
8 0.653940 0.524773 0.650672 0.529329 0.669174 0.552764 0.670766 0.548324 0.666060 0.542546 0.664445 0.540245 0.659536 0.533750 0.659018 0.532352 0.657924 0.531083
2 0.659536 0.533750 0.660266 0.532958 0.660500 0.530556 0.661438 0.531250 0.663156 0.532454 0.663859 0.530875 0.664693 0.529023 0.665708 0.528009 0.666099 0.528560 0.666203 0.530875 0.666776 0.530694 0.667245 0.529306 0.667271 0.527778 0.666724 0.527222 0.666099 0.527222 0.664953 0.525782 0.663312 0.522500 0.657878 0.515579 0.657307 0.508296 0.656010 0.497120 0.657474 0.498051 0.658484 0.497306 0.659008 0.496190 0.659393 0.496190 0.659987 0.493171 0.660768 0.491088 0.660622 0.489074 0.661065 0.486389 0.661820 0.487083 0.662367 0.488287 0.664138 0.487731 0.664477 0.486944 0.665102 0.485417 0.665180 0.484676 0.667695 0.484620 0.667956 0.486333 0.668685 0.484250 0.669362 0.483880 0.669320 0.482236 0.668617 0.481259 0.668852 0.480472 0.669763 0.481218 0.670753 0.482648 0.672026 0.482866 0.672911 0.483884 0.675984 0.484301 0.678849 0.487495 0.677102 0.498019 0.676742 0.504380 0.677164 0.516324 0.676953 0.520556 0.676260 0.524412 0.675094 0.532356 0.675094 0.534769 0.674792 0.536963 0.670740 0.538167 0.664445 0.540245
8 0.657924 0.531083 0.657503 0.524815 0.656529 0.514375 0.654870 0.497292 0.656010 0.497120 0.657307 0.508296 0.657878 0.515579 0.659706 0.524324 0.659018 0.532352
2 0.618224 0.561111 0.617260 0.561065 0.615828 0.561944 0.614578 0.561852 0.612573 0.560694 0.612755 0.564259 0.614552 0.571296 0.615281 0.573102 0.617443 0.573519 0.620880 0.573148 0.620359 0.566713 0.619344 0.562037
2 0.547878 0.446852 0.547948 0.452926 0.546693 0.456333 0.545297 0.457634 0.543206 0.459310 0.542615 0.455838 0.544880 0.453236 0.544776 0.451685
2 0.480198 0.426185 0.475112 0.421458 0.474271 0.423944 0.478193 0.430005
9 0.451656 0.396986 0.448451 0.401759 0.448935 0.404051 0.453849 0.401759
2 0.440674 0.394690 0.445487 0.394940 0.445904 0.397917 0.445836 0.399528 0.442315 0.401569 0.440779 0.398037
2 0.583833 0.433625 0.583802 0.438125 0.585883 0.441875 0.589031 0.449435 0.591776 0.454310 0.593065 0.455602 0.592865 0.451806 0.593633 0.451009 0.596172 0.456176 0.598372 0.457639 0.604698 0.451639 0.605724 0.452815 0.606930 0.455171 0.607742 0.450301 0.608797 0.450190 0.608255 0.453940 0.611938 0.451829 0.615789 0.451412 0.616852 0.439792 0.619443 0.433551 0.619010 0.430574 0.617716 0.428176 0.616526 0.425778 0.615771 0.423088 0.613880 0.421838 0.613070 0.422514 0.611828 0.426255 0.610802 0.427602
2 0.641229 0.513417 0.641831 0.514991 0.642609 0.517722 0.648107 0.522694 0.652073 0.525097 0.652911 0.524440 0.653940 0.524773 0.657924 0.531083 0.657503 0.524815
2 0.650979 0.494611 0.640096 0.494426 0.639055 0.499565 0.640148 0.502343 0.640357 0.505630 0.640536 0.508500 0.640565 0.512389 0.643367 0.508829 0.644068 0.509806 0.643026 0.510727 0.641229 0.513417 0.657503 0.524815 0.656529 0.514375 0.654870 0.497292 0.656010 0.497120
2 0.615078 0.487403 0.617971 0.497690 0.617831 0.499435 0.617039 0.501838 0.615497 0.502833 0.614471 0.502421 0.613398 0.500264 0.612885 0.498519 0.612464 0.493208 0.613818 0.488565
6 0.676542 0.532194 0.676260 0.524412 0.676953 0.520556 0.677164 0.516324 0.676742 0.504380 0.680388 0.503148 0.680841 0.514023 0.681112 0.523556 0.680940 0.533431
5 0.297013 0.203889 0.288721 0.187306 0.294810 0.183389 0.308674 0.177398 0.311911 0.175097 0.316057 0.171644 0.321370 0.171644 0.331484 0.192037 0.343005 0.212407 0.357388 0.241662 0.371185 0.271329 0.373984 0.280079 0.374555 0.283259 0.376224 0.285444 0.376458 0.288046 0.372870 0.284847 0.369734 0.282472 0.366146 0.278491 0.361979 0.280648 0.359266 0.284731 0.335143 0.254995 0.306938 0.217222
5 0.357547 0.158755 0.356435 0.154731 0.355596 0.153046 0.355523 0.149398 0.359219 0.149204 0.362883 0.148806 0.362883 0.147792 0.358784 0.143718 0.358755 0.142060 0.361227 0.140282 0.364388 0.132481 0.363685 0.130005 0.362427 0.128514 0.362516 0.125519 0.365508 0.125852 0.372786 0.132907 0.378664 0.138218 0.384917 0.144190 0.389536 0.148009 0.395753 0.153481 0.403409 0.161954 0.415229 0.173750 0.423760 0.180292 0.433701 0.189894 0.442901 0.199713 0.447419 0.204171 0.447044 0.206278 0.448794 0.213167 0.449609 0.219051 0.456609 0.225056 0.455227 0.227278 0.454115 0.228287 0.453177 0.229907 0.451172 0.228051 0.449734 0.227046 0.447943 0.231296 0.446706 0.239412 0.439331 0.231185 0.439766 0.240181 0.440266 0.249509 0.434219 0.242505 0.424984 0.232806 0.411701 0.218213 0.396148 0.201894 0.379083 0.182597 0.362451 0.164551
5 0.384917 0.144190 0.377315 0.135782 0.371388 0.129644 0.368401 0.126907 0.368401 0.125662 0.370081 0.123171 0.374234 0.120435 0.375401 0.119190 0.376521 0.112801 0.377409 0.110560 0.381047 0.102597 0.383055 0.102264 0.383570 0.102500 0.384411 0.103250 0.410234 0.129417 0.441930 0.159255 0.468906 0.185454 0.466456 0.189551 0.466456 0.189551 0.465057 0.192620 0.463003 0.198014 0.461883 0.200171 0.461229 0.200088 0.460622 0.199009 0.459596 0.200333 0.460016 0.202412 0.458661 0.206560 0.456328 0.208051 0.456281 0.209546 0.454010 0.212546 0.447419 0.204171 0.442901 0.199713 0.433701 0.189894 0.423760 0.180292 0.415229 0.173750 0.403409 0.161954 0.395753 0.153481 0.389536 0.148009
5 0.464870 0.234852 0.462633 0.232213 0.459487 0.232356 0.457607 0.233384 0.456609 0.233602 0.453638 0.235727 0.452146 0.237019 0.450979 0.238903 0.451461 0.240102 0.462190 0.251861 0.474815 0.265917 0.494823 0.288435 0.498818 0.293671 0.507609 0.302417 0.525440 0.323931 0.533424 0.333111 0.534596 0.334616 0.535724 0.338417 0.535951 0.339593 0.531870 0.341514 0.530984 0.342181 0.531474 0.344005 0.539958 0.353324 0.541630 0.352431 0.541044 0.350500 0.541044 0.345296 0.543135 0.343958 0.546984 0.349014 0.548823 0.347676 0.548992 0.343065 0.552003 0.347676 0.554094 0.347227 0.554010 0.342917 0.556518 0.331167 0.559279 0.325815 0.562307 0.327806 0.563315 0.327157 0.562786 0.326019 0.559375 0.322639 0.557318 0.320694 0.553078 0.316412 0.551865 0.314755 0.550130 0.314398 0.547383 0.311681 0.544583 0.314171 0.542344 0.311602 0.540198 0.310602 0.538469 0.311185 0.536695 0.311269 0.514576 0.287454 0.489557 0.260986
5 0.451461 0.240102 0.449839 0.242657 0.446706 0.239412 0.439331 0.231185 0.439766 0.240181 0.440266 0.249509 0.440211 0.252102 0.437727 0.253926 0.434974 0.255463 0.433948 0.257000 0.436797 0.259120 0.445964 0.269815 0.464237 0.290875 0.480622 0.308231 0.488049 0.313931 0.500633 0.331287 0.511859 0.346162 0.517961 0.354032 0.521133 0.351491 0.526328 0.345542 0.531870 0.341514 0.535951 0.339593 0.535724 0.338417 0.534596 0.334616 0.533424 0.333111 0.525440 0.323931 0.507609 0.302417 0.498818 0.293671 0.494823 0.288435 0.474815 0.265917 0.462190 0.251861
