0 0.414643 0.084866 0.411607 0.080370 0.409148 0.073685 0.408500 0.072014 0.406547 0.071116 0.404451 0.072403 0.403438 0.073685 0.400042 0.073944 0.387680 0.087565 0.386016 0.093736 0.385654 0.102477 0.386451 0.110444 0.386883 0.113782 0.385214 0.118963 0.378094 0.128745 0.374529 0.135852 0.372469 0.144514 0.371977 0.151889 0.372599 0.157208 0.373352 0.158662 0.374516 0.169343 0.376836 0.178468 0.379648 0.182593 0.383536 0.184907 0.384021 0.182977 0.384831 0.183468 0.384505 0.185278 0.386508 0.184032 0.387635 0.175782 0.389096 0.171745 0.389638 0.160421 0.390773 0.153417 0.392117 0.149574 0.399724 0.140875 0.404422 0.137532 0.408253 0.130593 0.410133 0.135866 0.413312 0.140231 0.410206 0.145116 0.407891 0.163495 0.405594 0.178546 0.401039 0.181759 0.397497 0.184454 0.396846 0.186255 0.396940 0.193903 0.397625 0.200458 0.399318 0.205907 0.400250 0.205676 0.403164 0.212676 0.402599 0.215889 0.403042 0.220889 0.405036 0.222778 0.407010 0.221454 0.409266 0.221120 0.414383 0.223009 0.415201 0.227343 0.417008 0.227676 0.418323 0.224898 0.419841 0.220981 0.422964 0.219644 0.425711 0.212319 0.427583 0.204981 0.428148 0.199208 0.423977 0.189829 0.421221 0.184069 0.423406 0.167245 0.425466 0.155579 0.426008 0.147097 0.432443 0.145426 0.435130 0.143769 0.436628 0.151542 0.436128 0.152880 0.440380 0.161759 0.444260 0.172694 0.445193 0.174134 0.445258 0.181472 0.441883 0.195690 0.444732 0.207731 0.446674 0.214745 0.448461 0.219824 0.452617 0.219259 0.455589 0.215995 0.457383 0.212204 0.461878 0.208426 0.464633 0.205199 0.466383 0.199310 0.466750 0.189880 0.465549 0.178315 0.465927 0.175537 0.465977 0.170921 0.465651 0.168046 0.464633 0.166500 0.463065 0.166500 0.456102 0.144833 0.452263 0.133796 0.448078 0.134130 0.444724 0.125375 0.451888 0.125375 0.459341 0.128653 0.464271 0.133458 0.460982 0.142931 0.460497 0.144986 0.463693 0.154796 0.464177 0.162366 0.465109 0.165597 0.467346 0.163634 0.468521 0.161991 0.473560 0.161852 0.476560 0.151181 0.479336 0.140218 0.479083 0.133125 0.476951 0.124000 0.474630 0.112306 0.470495 0.103338 0.463143 0.097657 0.456659 0.091986 0.453174 0.093185 0.452055 0.089069 0.446234 0.086282 0.446568 0.078519 0.446458 0.070356 0.445786 0.064588 0.441643 0.061991 0.437609 0.059407 0.437451 0.074972
2 0.610391 0.439213 0.611599 0.436944 0.613052 0.433792 0.613576 0.433218 0.614906 0.433074 0.616279 0.430852 0.616721 0.429130 0.617891 0.429130 0.619464 0.433935 0.619167 0.435093 0.616602 0.439315 0.615714 0.439315 0.613698 0.443704 0.612203 0.446556 0.611234 0.445338 0.611146 0.443380 0.611615 0.439444
2 0.598073 0.442639 0.605029 0.440875 0.609927 0.439218 0.611615 0.439444 0.611146 0.443380 0.604036 0.445463 0.598177 0.446435
2 0.349714 0.229676 0.359964 0.224176 0.363828 0.222361 0.365417 0.221852 0.365339 0.226296 0.356719 0.230602 0.351562 0.233241 0.349771 0.233454
2 0.437547 0.256940 0.439378 0.273208 0.441042 0.287315 0.442961 0.286222 0.445096 0.285681 0.443036 0.268190 0.442044 0.256398 0.440596 0.253551 0.438906 0.253843 0.438984 0.256528 0.438156 0.256667
2 0.632638 0.477815 0.630719 0.474468 0.630893 0.472481 0.632010 0.470560 0.633021 0.470440 0.633195 0.469199 0.636122 0.466037 0.637622 0.463806 0.638250 0.464551 0.638633 0.463185 0.640724 0.460833 0.642573 0.466843 0.644714 0.472407 0.644602 0.477167 0.644602 0.478097 0.645299 0.478903 0.645299 0.480639 0.644602 0.481815 0.644846 0.485352 0.640906 0.489625 0.638221 0.492417 0.637036 0.492727 0.636339 0.491731 0.634664 0.483514 0.633690 0.484898 0.632133 0.484898 0.632133 0.483514 0.633786 0.478324 0.633271 0.477852
2 0.339422 0.252185 0.340654 0.246426 0.342250 0.243954 0.343328 0.244870 0.344768 0.245875 0.344924 0.249167 0.344768 0.253005 0.343740 0.253921 0.339935 0.254102
2 0.453542 0.323657 0.453456 0.327398 0.454214 0.329083 0.459620 0.332542 0.463885 0.335407 0.464359 0.334144 0.464786 0.326051 0.464172 0.324704 0.460008 0.325088 0.457966 0.325088 0.455328 0.323343 0.454732 0.324472
2 0.574323 0.526954 0.578805 0.534917 0.584172 0.542218 0.585339 0.542884 0.585339 0.540394 0.584826 0.536907 0.583331 0.533921 0.581232 0.531519 0.579141 0.526713 0.578333 0.528380 0.574557 0.526389
2 0.585104 0.533755 0.586599 0.532014 0.590518 0.538069 0.593552 0.540894 0.593693 0.544292 0.594440 0.546370 0.595232 0.545125 0.596120 0.550185 0.597427 0.554000 0.593133 0.552009 0.590146 0.549602 0.589120 0.548856 0.587997 0.545870 0.586411 0.544375 0.586878 0.540477 0.586458 0.536745
2 0.408583 0.373102 0.410008 0.377454 0.412229 0.382315 0.412857 0.383329 0.416388 0.381810 0.417411 0.380694 0.415477 0.376440 0.414279 0.373403 0.412799 0.374819 0.411888 0.375833 0.411089 0.375125 0.411203 0.373912 0.412240 0.372593 0.411089 0.370264
2 0.477656 0.192176 0.478474 0.190528 0.478474 0.187583 0.479542 0.186148 0.481490 0.187060 0.481857 0.187847 0.482997 0.187519 0.483549 0.187060 0.486271 0.187259 0.485352 0.188370 0.485497 0.189611 0.486602 0.189352 0.487299 0.188042 0.489102 0.189676 0.490609 0.193079 0.490352 0.194125 0.486159 0.201380 0.484284 0.201708 0.481276 0.196528 0.478180 0.193338
2 0.655062 0.623370 0.651029 0.629755 0.649375 0.632551 0.649414 0.633625 0.647680 0.636278 0.650021 0.636065 0.653167 0.631403 0.656029 0.626815 0.658289 0.622366 0.656513 0.622583
2 0.654417 0.597662 0.659258 0.599884 0.661958 0.600963 0.664299 0.603829 0.664219 0.608134 0.659742 0.617741 0.656555 0.619282 0.659016 0.612685 0.660346 0.608097 0.661031 0.605944 0.662443 0.604440 0.662807 0.603796 0.662565 0.603148 0.660951 0.604009 0.658490 0.603509 0.654456 0.601500 0.652682 0.600495 0.652924 0.598917
2 0.638958 0.594171 0.638714 0.590264 0.638573 0.587972 0.639549 0.586671 0.640979 0.586111 0.640701 0.591815
2 0.637266 0.619861 0.638089 0.607694 0.638854 0.598662 0.638885 0.597083 0.640771 0.594352 0.640318 0.602907 0.640073 0.611648 0.639898 0.615856 0.638992 0.622491
2 0.634458 0.640968 0.635909 0.630931 0.637031 0.622546 0.638896 0.624690 0.637242 0.637023 0.636596 0.641685 0.635909 0.644269
2 0.605005 0.646176 0.606120 0.655347 0.607898 0.665264 0.610318 0.677301 0.612672 0.685593 0.613607 0.688741 0.615146 0.690236 0.616359 0.687912 0.617807 0.681606 0.618599 0.679620 0.619487 0.679866 0.619021 0.677880 0.621539 0.671903 0.625180 0.666759 0.628258 0.660782 0.632044 0.652287 0.634141 0.642778 0.635615 0.646356 0.634953 0.650569 0.633872 0.654597 0.631779 0.660051 0.629617 0.665009 0.626391 0.671718 0.621893 0.677727 0.620247 0.683972 0.619042 0.690074 0.617437 0.690255 0.617065 0.692745 0.614870 0.695481 0.611883 0.694736 0.611180 0.694241 0.609826 0.689796 0.607776 0.681125 0.605445 0.670926 0.605070 0.669597 0.603810 0.663208 0.602690 0.655574 0.602487 0.653574 0.603581 0.649407 0.603398 0.647231 0.604284 0.645889
2 0.600677 0.638287 0.600055 0.634708 0.599357 0.631861 0.599044 0.629134 0.600508 0.628139 0.602354 0.627088 0.602878 0.627708 0.603995 0.638056 0.604622 0.642273 0.603854 0.642273 0.603331 0.640042 0.601901 0.639731 0.601555 0.638551
2 0.377448 0.287037 0.382531 0.287088 0.383596 0.287481 0.384185 0.288398 0.383411 0.299630 0.381318 0.299444 0.379404 0.298269 0.376169 0.287741
2 0.339388 0.226509 0.340807 0.227361 0.342638 0.228000 0.344510 0.228088 0.346281 0.221347 0.346479 0.216708 0.347422 0.214769 0.347708 0.212944 0.348299 0.210847 0.349974 0.209093 0.349875 0.206644 0.349234 0.205593 0.347563 0.206296 0.346773 0.209796 0.344805 0.210759 0.341122 0.214065 0.340271 0.215731 0.339846 0.219282 0.339888 0.223519
2 0.574758 0.401005 0.575786 0.401597 0.575971 0.405060 0.574646 0.406106 0.573799 0.407412 0.573138 0.409704 0.570122 0.411009
2 0.573776 0.401065 0.570049 0.403032 0.568102 0.405060 0.566776 0.407023 0.566776 0.408264 0.569021 0.410944 0.571852 0.405583
2 0.555357 0.412681 0.553484 0.407917 0.552378 0.403148 0.553357 0.401333 0.554419 0.401940 0.556078 0.401713 0.558419 0.404134 0.558505 0.406630 0.558930 0.407083 0.559271 0.405949 0.559995 0.407611 0.561312 0.410185 0.561992 0.413361 0.561992 0.415102 0.560888 0.417444 0.558971 0.415856 0.557526 0.413968 0.555781 0.414116
2 0.515258 0.419671 0.514661 0.421333 0.516406 0.425343 0.519427 0.430106 0.520365 0.428597 0.521341 0.425722 0.520492 0.423301 0.519385 0.421407 0.518576 0.418991 0.516151 0.418458
2 0.507953 0.428352 0.509740 0.427069 0.512206 0.426690 0.513398 0.426843 0.513185 0.429639 0.512292 0.429940 0.512719 0.434782 0.512802 0.438792 0.513312 0.440759 0.513357 0.442574 0.512036 0.443181 0.510336 0.445602 0.510464 0.447417 0.509995 0.449380 0.508505 0.448699 0.508081 0.441667 0.507781 0.433801 0.508633 0.430319
2 0.593284 0.419292 0.592518 0.417000 0.591193 0.408944 0.589763 0.402000 0.588742 0.397694 0.588010 0.389949 0.586974 0.385213 0.586771 0.378829 0.586570 0.374889 0.587177 0.374528 0.589190 0.373949 0.590357 0.373676 0.590680 0.380690 0.592193 0.391440 0.593706 0.403056 0.595432 0.414194 0.595289 0.415074 0.595740 0.415444 0.596281 0.418236 0.595258 0.419356
2 0.595781 0.430356 0.594896 0.428032 0.593729 0.421394 0.594849 0.421310 0.596388 0.419653 0.597648 0.424218 0.598068 0.428032 0.598161 0.431931
2 0.582792 0.454625 0.587039 0.453986 0.591289 0.451894 0.593156 0.450019 0.594995 0.444718 0.595992 0.439199 0.596094 0.432685 0.598099 0.433148 0.598083 0.439014 0.598047 0.441370 0.596724 0.447880 0.595466 0.451282 0.594307 0.451579 0.592922 0.452542 0.590391 0.454634 0.586052 0.456398 0.581953 0.456292 0.582013 0.455116 0.582318 0.454583
2 0.567161 0.457218 0.565753 0.460745 0.564727 0.463477 0.565148 0.463421 0.565208 0.462833 0.565932 0.462833 0.565331 0.464440 0.564245 0.464708 0.563672 0.466421 0.565089 0.467120 0.567018 0.462028 0.568344 0.457370
2 0.563125 0.450370 0.565583 0.453722 0.567534 0.455458 0.571893 0.454653 0.574724 0.454324 0.578068 0.454542 0.580901 0.454542 0.580661 0.456204 0.574846 0.456097 0.572224 0.456838 0.568849 0.457435 0.567161 0.457218 0.564841 0.455292 0.562128 0.451704 0.562219 0.451162
2 0.559341 0.447213 0.560703 0.447593 0.562474 0.449676 0.561615 0.450463 0.560005 0.449134 0.558854 0.448329
2 0.558047 0.446898 0.555159 0.446597 0.552195 0.446222 0.551776 0.447278 0.552370 0.448454 0.557500 0.448333
2 0.549776 0.448824 0.548089 0.449630 0.546281 0.450167 0.546281 0.451236 0.547969 0.455681 0.549049 0.457880 0.549742 0.458523 0.552755 0.458148 0.553935 0.455574 0.550680 0.455736 0.549503 0.456005 0.549383 0.454931 0.550349 0.454074 0.553482 0.454398 0.552755 0.452898
8 0.591302 0.702454 0.591479 0.707958 0.592599 0.709704 0.594091 0.710190 0.594409 0.709116 0.594346 0.707815 0.593836 0.707083 0.593477 0.704176 0.593203 0.702176
8 0.591068 0.697685 0.590951 0.694130 0.592917 0.691620 0.593060 0.697648
2 0.609227 0.687759 0.608211 0.686787 0.606805 0.686370 0.605633 0.687620 0.605919 0.688870 0.605190 0.692667 0.606023 0.693546 0.606336 0.696370 0.607378 0.697389 0.609513 0.699056 0.610607 0.698315 0.611961 0.697111 0.611180 0.694241 0.609826 0.689796
2 0.601857 0.685120 0.602690 0.686556 0.604018 0.686880 0.604982 0.687574 0.605685 0.688593 0.605529 0.689472 0.604383 0.690074 0.603411 0.691944 0.602430 0.692204 0.601414 0.693361 0.599669 0.696370 0.599096 0.696370 0.598107 0.694981 0.599773 0.690028 0.601128 0.686417
2 0.597760 0.693657 0.596674 0.692204 0.595867 0.689750 0.595971 0.688639 0.597768 0.686556 0.600755 0.683796 0.601406 0.684583 0.600034 0.687111 0.598776 0.691019
2 0.594060 0.688097 0.594568 0.683125 0.595807 0.677250 0.596187 0.675157 0.597365 0.677306 0.597333 0.680074 0.596979 0.682824 0.596443 0.686005
2 0.539010 0.608426 0.537414 0.607949 0.535576 0.605912 0.535456 0.604792 0.535997 0.603130 0.536781 0.603074 0.537956 0.599806 0.539583 0.594505 0.540578 0.594236 0.543380 0.595255 0.544435 0.595949 0.544284 0.598417 0.543862 0.599861 0.541362 0.601843 0.540367 0.603074
2 0.603589 0.582218 0.607583 0.579528 0.610016 0.577032 0.611526 0.575977 0.612284 0.580583 0.613039 0.582699 0.613849 0.585671 0.611042 0.589130 0.606612 0.593352 0.605208 0.587880 0.607477 0.589227 0.607909 0.586250 0.605073 0.584907 0.605112 0.583255 0.604466 0.583185 0.603307 0.584028 0.602813 0.582685
2 0.602135 0.578935 0.600599 0.573009 0.601049 0.571176 0.595974 0.565611 0.596622 0.562440 0.599539 0.563116 0.602578 0.564398 0.603802 0.566759 0.604292 0.563787 0.606128 0.563690 0.607799 0.564361 0.608719 0.566282 0.609529 0.565801 0.612266 0.572870 0.608932 0.576250 0.605703 0.578194
2 0.587922 0.429509 0.580677 0.429676 0.576443 0.429593 0.576674 0.434157 0.576628 0.438884 0.576021 0.439384 0.575089 0.446852 0.576068 0.451745 0.578354 0.452491 0.578448 0.453241 0.581203 0.454403 0.582042 0.452907 0.584797 0.451167 0.587596 0.440875 0.588576 0.437972
2 0.618099 0.451991 0.620302 0.447060 0.620786 0.444273 0.623784 0.436958 0.627586 0.426861 0.628727 0.423741 0.630849 0.424671 0.632380 0.427898 0.630081 0.434838 0.624612 0.448222 0.621750 0.455912 0.621091 0.457398 0.619378 0.456898 0.618854 0.453810
2 0.544174 0.502213 0.549714 0.497454 0.556354 0.491296 0.560331 0.487796 0.564240 0.484690 0.565320 0.484125 0.565479 0.483106 0.563987 0.476949 0.563633 0.474856 0.562810 0.474972 0.557406 0.481750 0.557466 0.483032 0.553526 0.486875 0.547948 0.493005 0.545417 0.495204 0.541672 0.498995 0.540654 0.500060 0.540940 0.500894
2 0.500633 0.488616 0.503570 0.485366 0.504974 0.483699 0.508547 0.480977 0.509484 0.480222 0.509609 0.478565 0.510802 0.479315 0.511302 0.480972 0.512036 0.486426 0.512888 0.489069 0.512813 0.490833 0.507612 0.495500 0.503102 0.500644 0.502505 0.498222 0.500974 0.490662
2 0.540872 0.605977 0.541357 0.604255 0.543130 0.601958 0.544906 0.602102 0.545753 0.606116 0.546802 0.607407 0.547891 0.609704 0.547687 0.610921 0.541961 0.619241 0.538654 0.625481 0.536193 0.617880 0.534820 0.612574 0.534820 0.609204 0.536516 0.607051 0.537414 0.607949 0.539010 0.608426 0.538612 0.610134 0.539531 0.610648
2 0.547409 0.611356 0.548909 0.620218 0.550302 0.631190 0.550937 0.637222 0.546615 0.638796 0.543461 0.639884 0.541042 0.632356 0.541687 0.630278 0.541443 0.628194 0.539914 0.623106 0.541961 0.619241
2 0.551380 0.638796 0.561846 0.644620 0.568826 0.649208 0.568664 0.651074 0.568583 0.660468 0.568542 0.663148 0.562372 0.659250 0.549221 0.651574 0.547044 0.650500 0.547044 0.648204 0.547687 0.643255 0.548656 0.641106 0.551763 0.648852 0.553901 0.648060 0.553982 0.646338 0.550109 0.639741 0.550471 0.639458 0.551763 0.641968 0.552005 0.640889
2 0.640451 0.521116 0.642195 0.519588 0.642820 0.520421 0.643654 0.520514 0.643628 0.521532 0.643081 0.522644 0.641388 0.523801
2 0.637344 0.524259 0.639542 0.521986 0.639995 0.523042 0.640552 0.524157 0.640651 0.525046 0.638703 0.526634
1 0.373490 0.140000 0.371979 0.138194 0.370563 0.134199 0.370143 0.130333 0.369714 0.127963 0.371065 0.127657 0.372161 0.135417 0.374076 0.137917
8 0.594922 0.363194 0.593984 0.347769 0.593914 0.325917 0.593500 0.315255 0.594091 0.314546 0.596005 0.314782 0.595680 0.337042 0.596271 0.355546 0.596667 0.364222
8 0.597716 0.506361 0.604070 0.509500 0.608393 0.510755 0.615628 0.512009 0.619773 0.513421 0.619773 0.517028 0.614661 0.515787 0.603539 0.512949 0.600716 0.510755 0.597187 0.509968 0.596393 0.508870 0.596747 0.506833
8 0.597969 0.466667 0.588359 0.466898 0.581174 0.466898 0.580120 0.467954 0.580185 0.469829 0.590336 0.469477 0.597453 0.469597
8 0.602594 0.400583 0.614654 0.405856 0.614654 0.406560 0.611820 0.408083 0.607339 0.406208 0.601211 0.403630 0.601211 0.401639
2 0.627060 0.464259 0.626289 0.465106 0.624375 0.468898 0.624633 0.469815 0.625922 0.471056 0.628273 0.466417 0.628680 0.463931 0.628237 0.462560
2 0.550302 0.631190 0.549586 0.619769 0.549120 0.615125 0.549727 0.609722 0.552435 0.611713 0.556214 0.612380 0.560367 0.612130 0.564232 0.615375 0.565349 0.616676 0.567820 0.615806 0.569021 0.616417 0.568987 0.617912 0.570276 0.617787 0.572208 0.618625 0.573016 0.619421 0.573367 0.623903 0.573487 0.626912 0.571672 0.633370 0.570990 0.636023 0.571107 0.638606 0.571471 0.638894 0.570948 0.643981 0.570424 0.646926 0.568826 0.649208 0.561846 0.644620 0.551380 0.638796 0.550937 0.637222 0.550937 0.637222
2 0.417315 0.315153 0.416240 0.310718 0.416979 0.310000 0.427680 0.310134 0.428969 0.310991 0.431172 0.319681 0.431172 0.321440 0.431758 0.321968 0.433635 0.330468 0.437500 0.343130 0.435115 0.344907 0.430591 0.348620 0.429898 0.350847 0.429471 0.350694 0.429724 0.346088 0.428961 0.345477 0.428023 0.346236 0.427977 0.349111 0.427344 0.350764 0.426573 0.350315 0.419854 0.324449
2 0.593464 0.697407 0.593328 0.692843 0.593708 0.690528 0.595013 0.688833 0.595839 0.688435 0.595617 0.693972 0.595331 0.696685 0.594505 0.697588
2 0.400547 0.356250 0.403297 0.352014 0.404836 0.350273 0.407404 0.353426 0.407964 0.354671 0.405349 0.355583 0.402224 0.356245
2 0.469505 0.171852 0.467346 0.163634 0.468521 0.161991 0.472940 0.162500 0.476500 0.162727 0.478596 0.162273 0.480471 0.168944 0.481776 0.173352 0.482156 0.175838 0.481966 0.177306 0.481742 0.177870 0.478961 0.177847 0.478073 0.177546 0.479297 0.175139 0.478828 0.174444 0.477500 0.175648 0.476740 0.178384 0.473174 0.178750 0.471690 0.180051 0.470336 0.175602 0.470466 0.173755 0.472107 0.171208 0.471922 0.168935 0.470258 0.171343
2 0.419578 0.363681 0.416500 0.359532 0.414393 0.355681 0.416044 0.352745 0.416786 0.352644 0.421456 0.359125 0.421344 0.360949
2 0.423906 0.363796 0.427495 0.369250 0.429487 0.371176 0.428977 0.373199 0.427323 0.375935 0.423508 0.370870 0.420945 0.365403 0.423508 0.365301
2 0.366526 0.208296 0.364258 0.207056 0.360594 0.208296 0.359721 0.212014 0.358674 0.216667 0.358154 0.218528 0.357979 0.220079 0.359721 0.220699 0.363828 0.222361 0.365417 0.221852 0.369315 0.219148 0.372979 0.216977 0.371932 0.213565 0.371060 0.208296 0.370536 0.206435
2 0.545529 0.471866 0.549122 0.475616 0.553029 0.478718 0.554279 0.479412 0.557406 0.481750 0.557466 0.483032 0.553526 0.486875 0.551648 0.484551 0.553888 0.481032 0.552768 0.479227 0.550581 0.482884 0.549201 0.481542 0.548549 0.478671 0.547456 0.477838 0.545997 0.477699 0.543992 0.478023 0.545372 0.476356 0.546128 0.475245 0.545945 0.474551 0.544643 0.474921 0.543159 0.476171 0.542404 0.475292
8 0.618333 0.408333 0.628307 0.413333 0.632646 0.415815 0.634161 0.417458 0.635026 0.421806 0.628362 0.416634 0.620982 0.412769 0.618807 0.411481 0.617026 0.410542 0.617224 0.408199
2 0.595234 0.702037 0.595234 0.704819 0.596888 0.713296 0.598255 0.719741 0.598286 0.720870 0.596474 0.721319 0.595424 0.717139 0.594091 0.710190 0.594409 0.709116 0.594346 0.707815 0.593836 0.707083 0.593773 0.701995
8 0.590859 0.691898 0.590846 0.687046 0.591117 0.680644 0.591352 0.678375 0.592055 0.676060 0.592315 0.677356 0.592706 0.685690 0.592784 0.689764
2 0.581771 0.683519 0.579617 0.687750 0.578885 0.688769 0.578346 0.692046 0.577297 0.694361 0.579745 0.694704 0.581109 0.692782 0.583557 0.688542
2 0.544409 0.471264 0.542195 0.469736 0.540867 0.468625 0.539956 0.468440 0.538393 0.467884 0.538263 0.468995 0.538680 0.470523 0.539148 0.469782 0.539773 0.470338 0.539331 0.472051 0.541701 0.474644
2 0.530859 0.526528 0.531581 0.521616 0.532122 0.517921 0.533146 0.513153 0.534141 0.511009 0.534773 0.517866 0.535107 0.520815 0.535044 0.522208
2 0.581872 0.681083 0.582604 0.680519 0.583271 0.680634 0.583240 0.678259 0.584669 0.675944 0.585719 0.676903 0.586354 0.674815 0.586354 0.674023 0.587721 0.673287 0.588453 0.673796 0.589089 0.672102 0.590518 0.672102 0.590518 0.672778 0.588357 0.675773 0.587562 0.677301 0.588229 0.678148 0.586482 0.682838 0.584161 0.687921
2 0.590000 0.662639 0.590292 0.659690 0.590974 0.653486 0.591812 0.647898 0.592279 0.646838 0.593854 0.647292 0.595258 0.646463 0.594578 0.653116 0.593513 0.658185 0.593174 0.665449 0.592492 0.666130
2 0.400599 0.357824 0.401102 0.359398 0.404042 0.363301 0.405070 0.364130 0.408990 0.357241 0.408289 0.355833 0.403250 0.357491
2 0.523411 0.353704 0.522042 0.349685 0.520286 0.346343 0.521917 0.345574 0.526727 0.342019 0.530164 0.338801 0.531977 0.339130 0.531224 0.342454 0.526849 0.348889
2 0.517977 0.351722 0.520638 0.351722 0.519656 0.349731 0.519469 0.346745 0.519750 0.345005 0.525911 0.341444 0.529599 0.337787 0.527685 0.336963 0.526518 0.337454 0.524651 0.334227 0.523391 0.332560 0.521758 0.327329 0.521052 0.321463 0.520245 0.322037 0.519760 0.321032 0.518393 0.321463 0.519560 0.331722 0.519602 0.337958 0.518508 0.337958 0.518508 0.339968 0.519237 0.340106 0.518549 0.344630 0.517987 0.344694
2 0.573302 0.377694 0.572620 0.375671 0.573133 0.372329 0.574328 0.367569 0.575922 0.364329 0.576891 0.360074 0.577745 0.357139 0.579169 0.355824 0.581510 0.357963 0.581391 0.360278 0.580422 0.360782 0.581107 0.371213 0.580878 0.374255 0.578714 0.378505
2 0.558750 0.377500 0.553247 0.362699 0.550865 0.355481 0.551354 0.353056 0.553513 0.352505 0.559159 0.357208 0.564807 0.359875 0.565953 0.359875 0.566263 0.363356 0.566456 0.366667 0.567487 0.369208 0.568628 0.373662 0.569112 0.378134 0.569755 0.379796 0.570495 0.380139 0.570495 0.388009
2 0.501622 0.325819 0.508062 0.327315 0.509323 0.328727 0.512216 0.329639 0.515297 0.329463 0.516326 0.330551 0.516792 0.332042 0.516604 0.337190 0.516044 0.338764 0.512370 0.338519 0.507396 0.336852 0.504479 0.336204 0.504797 0.334532 0.504797 0.334037 0.503164 0.333537 0.502695 0.335685 0.500737 0.335444 0.500083 0.333278 0.499896 0.331463 0.501062 0.330551 0.502044 0.332542 0.502695 0.331370 0.501482 0.328727
6 0.471464 0.288741 0.471792 0.289736 0.470997 0.295792 0.466703 0.300773 0.457742 0.294051 0.450135 0.288907 0.449388 0.286917 0.451302 0.274389 0.454755 0.275384 0.460964 0.280028 0.461336 0.281856 0.462596 0.281190
6 0.588216 0.358472 0.584089 0.348944 0.582940 0.346222 0.581240 0.346144 0.580260 0.347884 0.580344 0.349551 0.583919 0.357264 0.585237 0.357644 0.585109 0.358778 0.584516 0.358931 0.585492 0.360593
2 0.510891 0.310620 0.510984 0.306722 0.514112 0.297509 0.515185 0.294440 0.515979 0.295106 0.515419 0.297181 0.515185 0.299667 0.515932 0.299750 0.516026 0.297097 0.516680 0.295685 0.518172 0.296931 0.518406 0.298093 0.515417 0.309028 0.513594 0.313519 0.511919 0.312361
2 0.496151 0.306644 0.497279 0.301190 0.497159 0.299185 0.498005 0.290722 0.498409 0.286421 0.499297 0.284556 0.502917 0.286574 0.506115 0.289287 0.504138 0.293231 0.502448 0.295972 0.502724 0.297245 0.503492 0.296745 0.506094 0.291898 0.508047 0.292361 0.507768 0.293593 0.508776 0.294019 0.510268 0.293736 0.510227 0.296458 0.507404 0.299472 0.502161 0.302986
6 0.592578 0.363241 0.591008 0.364991 0.590932 0.366819 0.591339 0.368324 0.592883 0.371921 0.593729 0.372639 0.595313 0.370046 0.595469 0.368565 0.593729 0.364532
2 0.546177 0.370227 0.544464 0.366708 0.542685 0.360852 0.541630 0.356634 0.542487 0.353704 0.544529 0.351477 0.546969 0.358625 0.549539 0.365773 0.549604 0.368116 0.550922 0.371278 0.548617 0.371514
8 0.547633 0.638435 0.548656 0.641106 0.551763 0.648852 0.553901 0.648060 0.553982 0.646338 0.550109 0.639741 0.550109 0.639741 0.549349 0.637769
1 0.321049 0.236032 0.326484 0.245699 0.345555 0.277667 0.380352 0.336551 0.424599 0.407037 0.505536 0.530005 0.511885 0.539681 0.524000 0.577634 0.534820 0.612574 0.534820 0.609204 0.536516 0.607051 0.535576 0.605912 0.535456 0.604792 0.535997 0.603130 0.536781 0.603074 0.537956 0.599806 0.539583 0.594505 0.540578 0.594236 0.543380 0.595255 0.544435 0.595949 0.544284 0.598417 0.543862 0.599861 0.541362 0.601843 0.540367 0.603074 0.539010 0.608426 0.538612 0.610134 0.539531 0.610648 0.540872 0.605977 0.541357 0.604255 0.543130 0.601958 0.544906 0.602102 0.545753 0.606116 0.546802 0.607407 0.547891 0.609704 0.547409 0.611356 0.548909 0.620218 0.550302 0.631190 0.549586 0.619769 0.549120 0.615125 0.549727 0.609722 0.552435 0.611713 0.556214 0.612380 0.560367 0.612130 0.564232 0.615375 0.565349 0.616676 0.567820 0.615806 0.569021 0.616417 0.568987 0.617912 0.570276 0.617787 0.572208 0.618625 0.573016 0.619421 0.573367 0.623903 0.573487 0.626912 0.571672 0.633370 0.570990 0.636023 0.571107 0.638606 0.571471 0.638894 0.570948 0.643981 0.570424 0.646926 0.568826 0.649208 0.568664 0.651074 0.568583 0.660468 0.568542 0.663148 0.562372 0.659250 0.553016 0.654120 0.551359 0.664523 0.566172 0.710472 0.572349 0.729444 0.581159 0.736167 0.584839 0.738750 0.601383 0.717236 0.613096 0.702954 0.622943 0.690449 0.624859 0.677069 0.628461 0.672301 0.645589 0.650810 0.658273 0.634801 0.662237 0.629991 0.663016 0.631185 0.668625 0.624644 0.674339 0.615708 0.672602 0.586134 0.669091 0.574088 0.667250 0.558310 0.640367 0.442963 0.624497 0.377023 0.621711 0.376699 0.616206 0.358944 0.614768 0.354037 0.616336 0.346944 0.615453 0.344708 0.613641 0.349153 0.611464 0.341597 0.610958 0.340495 0.609961 0.342060 0.613018 0.351042 0.611646 0.356500 0.610466 0.362051 0.606333 0.368269 0.604714 0.369699 0.603586 0.366935 0.600646 0.365481 0.597156 0.364306 0.595159 0.363833 0.593354 0.360384 0.590721 0.357301 0.591344 0.348426 0.592453 0.338565 0.594117 0.334741 0.593911 0.330181 0.591641 0.337176 0.589995 0.347148 0.589906 0.354889 0.589568 0.355880 0.588286 0.353644 0.588026 0.351389 0.587120 0.350741 0.585734 0.350741 0.585151 0.351343 0.584089 0.348944 0.582940 0.346222 0.581240 0.346144 0.580576 0.347171 0.580047 0.345954 0.578633 0.344315 0.577883 0.343764 0.580979 0.343532 0.583401 0.342889 0.585047 0.342611 0.585047 0.340542 0.583815 0.340722 0.578737 0.341463 0.577339 0.341000 0.576495 0.337130 0.577479 0.335954 0.577000 0.334505 0.576159 0.335380 0.574656 0.329968 0.575357 0.329440 0.575318 0.327963 0.574034 0.327458 0.573398 0.324921 0.573128 0.323356 0.569552 0.321384 0.566792 0.320046 0.561604 0.320194 0.559096 0.320644 0.560602 0.315884 0.560852 0.312019 0.561104 0.314398 0.561773 0.315139 0.562693 0.313505 0.563695 0.307407 0.564281 0.305028 0.561604 0.304583 0.561857 0.297593 0.559430 0.289269 0.557172 0.284509 0.556253 0.283023 0.553995 0.281685 0.553826 0.276630 0.553409 0.270083 0.552740 0.269935 0.552070 0.270977 0.552573 0.281088 0.546130 0.277968 0.546549 0.275440 0.545964 0.273356 0.545128 0.271574 0.544375 0.265028 0.544794 0.260421 0.544625 0.251796 0.544708 0.247630 0.546549 0.243468 0.545714 0.242278 0.543789 0.246440 0.543706 0.257000 0.543622 0.263542 0.542870 0.266218 0.542284 0.265477 0.543203 0.259972 0.541112 0.254472 0.540612 0.255810 0.542284 0.260718 0.541112 0.266366 0.542367 0.268005 0.540276 0.269046 0.538521 0.269491 0.536846 0.263690 0.535508 0.264139 0.536010 0.268005 0.537599 0.270829 0.533503 0.266519 0.533000 0.264139 0.535927 0.254472 0.536930 0.250009 0.535844 0.249565 0.533753 0.257444 0.533836 0.252838 0.532497 0.250009 0.530909 0.247931 0.529654 0.247782 0.529904 0.244509 0.527982 0.240495 0.525974 0.238412 0.523633 0.238708 0.524216 0.235884 0.523464 0.233060 0.522628 0.233801 0.519784 0.227407 0.518781 0.224731 0.518112 0.221463 0.517190 0.220421 0.517107 0.217000 0.518865 0.214620 0.519951 0.211500 0.519281 0.211051 0.517023 0.215366 0.516271 0.206144 0.516104 0.196926 0.514180 0.185477 0.512255 0.180718 0.509664 0.177444 0.507573 0.175958 0.503391 0.175366 0.498203 0.176403 0.490424 0.174324 0.486411 0.172986 0.484820 0.164509 0.487164 0.164806 0.487081 0.162875 0.483651 0.161981 0.481810 0.162130 0.482396 0.160495 0.481057 0.158412 0.481393 0.154546 0.478799 0.152611 0.477461 0.152315 0.476560 0.151181 0.473560 0.161852 0.468521 0.161991 0.467346 0.163634 0.465146 0.165639 0.465651 0.168046 0.465977 0.170921 0.465927 0.175537 0.465549 0.178315 0.466750 0.189880 0.466383 0.199310 0.464633 0.205199 0.461878 0.208426 0.457383 0.212204 0.455589 0.215995 0.452617 0.219259 0.448461 0.219824 0.446674 0.214745 0.444732 0.207731 0.441883 0.195690 0.445258 0.181472 0.445193 0.174134 0.444260 0.172694 0.440380 0.161759 0.436128 0.152880 0.436628 0.151542 0.435130 0.143769 0.432443 0.145426 0.426008 0.147097 0.425466 0.155579 0.423406 0.167245 0.421221 0.184069 0.423977 0.189829 0.428148 0.199208 0.427583 0.204981 0.425711 0.212319 0.422964 0.219644 0.419841 0.220981 0.418323 0.224898 0.417008 0.227676 0.415201 0.227343 0.414383 0.223009 0.409266 0.221120 0.407010 0.221454 0.405036 0.222778 0.403042 0.220889 0.402599 0.215889 0.403164 0.212676 0.400250 0.205676 0.399318 0.205907 0.397625 0.200458 0.396940 0.193903 0.396846 0.186255 0.397497 0.184454 0.401039 0.181759 0.405594 0.178546 0.407891 0.163495 0.410206 0.145116 0.413312 0.140231 0.410133 0.135866 0.408253 0.130593 0.404422 0.137532 0.399724 0.140875 0.392117 0.149574 0.390773 0.153417 0.389638 0.160421 0.389096 0.171745 0.387635 0.175782 0.386508 0.184032 0.384505 0.185278 0.384831 0.183468 0.384021 0.182977 0.383536 0.184907 0.379648 0.182593 0.376836 0.178468 0.374516 0.169343 0.373724 0.162986 0.373352 0.158662 0.370875 0.158431 0.369737 0.159343 0.368026 0.163491 0.367799 0.166935 0.365180 0.166630 0.364724 0.163190 0.362958 0.164708 0.362445 0.170481 0.361078 0.173213 0.360565 0.175644 0.358286 0.173417 0.356294 0.170884 0.353786 0.165315 0.352193 0.163491 0.349685 0.161972 0.347464 0.160759 0.343453 0.154472 0.341581 0.151019 0.341357 0.150056 0.340344 0.149722 0.340310 0.151694 0.343677 0.158593 0.346701 0.162380 0.349305 0.164574 0.350385 0.164292 0.353565 0.168250 0.355292 0.172301 0.357870 0.175625 0.358776 0.176556 0.357786 0.178551 0.357346 0.180949 0.357240 0.185245 0.353862 0.180264 0.352625 0.179583 0.352102 0.181093 0.355096 0.185588 0.356531 0.186815 0.356094 0.189750 0.356203 0.194194 0.356122 0.195949 0.356891 0.196931 0.356833 0.198296 0.353182 0.197903 0.352414 0.197903 0.353104 0.200250 0.357029 0.200829 0.353917 0.204130 0.352096 0.205569 0.351445 0.207787 0.351224 0.209903 0.348299 0.210847 0.347708 0.212944 0.347422 0.214769 0.346479 0.216708 0.346281 0.221347 0.344510 0.228088 0.342638 0.228000 0.340807 0.227361 0.339388 0.226509 0.339888 0.223519 0.339846 0.219282 0.340271 0.215731 0.341122 0.214065 0.343841 0.211574 0.341083 0.211481 0.336227 0.211676 0.330391 0.211574 0.331042 0.206106 0.332768 0.200444 0.334818 0.196981 0.336227 0.195157 0.336443 0.193435 0.337518 0.192375 0.339250 0.192565 0.339034 0.190843 0.337466 0.190741 0.335685 0.192667 0.332609 0.198519 0.331367 0.200444 0.329310 0.207838 0.328503 0.214167 0.328013 0.219824 0.328279 0.222995 0.325854 0.224907 0.325529 0.226551 0.325904 0.228759 0.327578 0.230389 0.326445 0.232495 0.325471 0.232597 0.323203 0.228847 0.320828 0.227500 0.320180 0.228079 0.321044 0.229620 0.321964 0.232880 0.320505 0.230579 0.318453 0.231352
2 0.534219 0.314722 0.534904 0.316301 0.535937 0.316125 0.537365 0.317787 0.537906 0.324088 0.539234 0.329514 0.541352 0.330477 0.543667 0.332403 0.544896 0.333806 0.545883 0.333806 0.546917 0.331088 0.548294 0.328991 0.547654 0.325750 0.546521 0.321551 0.543766 0.319537 0.541401 0.317523 0.537464 0.315685
2 0.495521 0.310000 0.495370 0.312926 0.496734 0.312981 0.499786 0.312981 0.501977 0.313148 0.503633 0.313148 0.504555 0.311116 0.504586 0.308801 0.504299 0.307782 0.505445 0.305407 0.507128 0.302977 0.508049 0.301565
2 0.561466 0.304301 0.564445 0.305347 0.563490 0.306981 0.563159 0.311037 0.562716 0.313454 0.561945 0.314958 0.560878 0.314306 0.560547 0.313194
2 0.544956 0.301097 0.545617 0.300185 0.549185 0.298940 0.551464 0.298551 0.554625 0.300380 0.554039 0.302602 0.554294 0.303843 0.555471 0.303778 0.556539 0.301685 0.558120 0.302731 0.559995 0.303912 0.559885 0.306523 0.559443 0.310972 0.557826 0.310903 0.555326 0.309662 0.557164 0.307181 0.557974 0.305088 0.557422 0.304565 0.555951 0.306981 0.554221 0.309139 0.551685 0.308227 0.549734 0.307046 0.546977 0.304171 0.545250 0.302866
2 0.539047 0.290935 0.544109 0.293958 0.545940 0.295171 0.545302 0.298801 0.543471 0.302356 0.540195 0.300162 0.536706 0.297588 0.534833 0.295472 0.534578 0.294565 0.532195 0.292750 0.533857 0.291917
2 0.537344 0.289722 0.532026 0.285792 0.527302 0.280569 0.522622 0.276560 0.522154 0.278148 0.522154 0.282384 0.522667 0.284806 0.525133 0.288968 0.527943 0.290329 0.529857 0.290856 0.530367 0.292144 0.531771 0.292444 0.533005 0.290935
2 0.581391 0.360278 0.582589 0.360588 0.583078 0.364931 0.583391 0.368708 0.582414 0.370755 0.580878 0.374255 0.581107 0.371213 0.580422 0.360782
2 0.623820 0.537852 0.628107 0.533514 0.632503 0.529361 0.636437 0.525208 0.637102 0.525829 0.637971 0.527005 0.637836 0.527875 0.636786 0.530417 0.632638 0.534505 0.630685 0.536676 0.629362 0.536181 0.626049 0.539588 0.624445 0.541074 0.623891 0.540954 0.623573 0.539153
2 0.441365 0.289213 0.441120 0.293764 0.441513 0.299713 0.442448 0.304352 0.445401 0.310741 0.449138 0.315741 0.452732 0.319565 0.450885 0.319167 0.450651 0.320542 0.453542 0.323657 0.454732 0.324472 0.455328 0.323343 0.457966 0.325088 0.460008 0.325088 0.460365 0.323704 0.453880 0.311296 0.452437 0.311162 0.449297 0.306759 0.446904 0.300046 0.445924 0.299671 0.445669 0.296417 0.444862 0.292782 0.442310 0.288625
2 0.536224 0.520583 0.538701 0.511472 0.540583 0.506514 0.540792 0.505523 0.539117 0.505463 0.538177 0.505398 0.534620 0.508810 0.534901 0.511722 0.535945 0.512403 0.535284 0.515690 0.535596 0.520769
2 0.542099 0.510333 0.542099 0.506032 0.544357 0.505815 0.544680 0.516287 0.544680 0.525250 0.543872 0.525824 0.543630 0.528551 0.542341 0.528477 0.542099 0.514926
2 0.552638 0.511644 0.554880 0.506995 0.556932 0.501769 0.559359 0.496708 0.561227 0.494718 0.561833 0.494051 0.562674 0.494051 0.563000 0.492060 0.564214 0.491398 0.565474 0.491565 0.566453 0.492394 0.564961 0.497042 0.562161 0.502931 0.560573 0.506500 0.559641 0.504671 0.556885 0.508903 0.555719 0.511227 0.554180 0.511644
8 0.359563 0.252509 0.361406 0.248755 0.362370 0.247731 0.363826 0.248269 0.363672 0.250394 0.360177 0.255037 0.358099 0.258056 0.356758 0.262269 0.355411 0.269171 0.353378 0.268347 0.353839 0.266296 0.355068 0.261995 0.356758 0.257769 0.357760 0.255463
2 0.544609 0.528889 0.548065 0.521185 0.550073 0.517782 0.550445 0.526245 0.549326 0.527574 0.546852 0.533213 0.545685 0.535537 0.544565 0.534046
2 0.556979 0.538843 0.555193 0.522907 0.554924 0.517343 0.554331 0.514556 0.552763 0.513787 0.551414 0.517532 0.551630 0.526366 0.552008 0.531644 0.553195 0.535870
2 0.555286 0.675741 0.556870 0.674815 0.560216 0.679694 0.565461 0.685144 0.568203 0.688870 0.571956 0.691741 0.574698 0.693750 0.577297 0.694361 0.579745 0.694704 0.583331 0.694394 0.585508 0.694250 0.586557 0.697477 0.582565 0.698338 0.578289 0.697907 0.572721 0.695898 0.569172 0.693819 0.564411 0.688583 0.559370 0.682847 0.556747 0.679907
2 0.665729 0.586343 0.667997 0.588708 0.670333 0.589889 0.672565 0.590630 0.672635 0.595403 0.670612 0.596148 0.669742 0.596394 0.668555 0.596023
2 0.663177 0.570231 0.664513 0.570551 0.665383 0.572037 0.666883 0.572287 0.668383 0.574023 0.668313 0.576005 0.669706 0.578856 0.671065 0.583380 0.671937 0.587718 0.669253 0.586542 0.665872 0.582944 0.663570 0.580218
2 0.649414 0.637213 0.646833 0.643667 0.644615 0.647324 0.642315 0.651338 0.639896 0.655569 0.638242 0.658866 0.636391 0.661250 0.635062 0.663926 0.633951 0.661889 0.636539 0.657389 0.638891 0.652889 0.641872 0.647264 0.645128 0.641644 0.647479 0.637569
2 0.540289 0.580394 0.538302 0.574134 0.536594 0.568370 0.535654 0.565269 0.536490 0.564032 0.538307 0.561991 0.540464 0.569796 0.541380 0.572639 0.543044 0.579713 0.543880 0.583565
