0 0.254513 0.462981 0.258906 0.458519 0.263141 0.452944 0.266279 0.449319 0.269573 0.448481 0.273336 0.451269 0.278828 0.457407 0.283846 0.461310 0.286513 0.464935 0.287768 0.468838 0.287924 0.475532 0.287924 0.479713 0.287924 0.482222 0.292318 0.492264 0.294357 0.494213 0.294198 0.498398 0.293729 0.500347 0.289492 0.501463 0.285258 0.497282 0.280240 0.496167 0.275690 0.495889 0.272552 0.497282 0.269102 0.504810 0.266906 0.509551 0.266279 0.511782 0.263456 0.512620 0.261885 0.512898 0.261258 0.514292 0.262357 0.519310 0.262828 0.524611 0.262828 0.526843 0.278669 0.528514 0.279924 0.528792 0.283534 0.529352 0.286513 0.529907 0.289651 0.529907 0.292003 0.530185 0.293258 0.532977 0.298435 0.550264 0.301729 0.562815 0.301729 0.568111 0.301102 0.573690 0.301539 0.586292 0.302497 0.592315 0.302214 0.598593 0.300865 0.606065 0.299375 0.609662 0.294466 0.622269 0.288630 0.628764 0.288224 0.629014 0.287266 0.621542 0.285776 0.601296 0.283078 0.587574 0.279815 0.582028 0.277510 0.575755 0.273854 0.570704 0.271690 0.569005 0.270185 0.563958 0.268568 0.560079 0.265305 0.560583 0.264224 0.566606 0.263000 0.572380 0.261792 0.575755 0.261385 0.577454 0.267753 0.591898 0.271956 0.600097 0.272365 0.604671 0.276018 0.629491 0.277383 0.635986 0.284302 0.640588 0.285792 0.644657 0.285510 0.649736 0.284568 0.656231 0.282938 0.662981 0.279956 0.667079 0.279141 0.669727 0.279141 0.674329 0.279141 0.678403 0.277651 0.683477 0.268146 0.693736 0.263424 0.697921 0.259799 0.700514 0.256711 0.701157 0.252365 0.699204 0.249448 0.697278 0.247094 0.695995 0.244193 0.694046 0.241826 0.689861 0.239471 0.681801 0.239109 0.674356 0.240380 0.671148 0.248005 0.653079 0.249823 0.647588 0.250185 0.642764 0.247094 0.617917 0.245823 0.608546 0.244555 0.602412 0.243831 0.595634 0.237479 0.595329 0.232036 0.595329 0.227865 0.593713 0.227487 0.597588 0.226953 0.603389 0.220961 0.625639 0.219143 0.632417 0.218781 0.637912 0.218969 0.644352 0.222406 0.656958 0.226594 0.668250 0.226766 0.672435 0.225135 0.681801 0.223315 0.684704 0.220602 0.685986 0.218422 0.684060 0.215693 0.684370 0.213339 0.687907 0.209716 0.691477 0.206625 0.690505 0.203362 0.687269 0.197904 0.680491 0.192823 0.676310 0.189747 0.673407 0.188477 0.668556 0.188289 0.655644 0.187378 0.650181 0.184839 0.643403 0.182846 0.638245 0.181935 0.631468 0.182125 0.627898 0.179755 0.626949 0.177404 0.621458 0.171771 0.614042 0.167961 0.606287 0.165779 0.600153 0.164698 0.594995 0.164148 0.588551 0.164508 0.581440 0.166516 0.575306 0.165607 0.560472 0.167049 0.551130 0.171599 0.536269 0.178313 0.520454 0.181576 0.519171 0.182672 0.515296 0.186297 0.511755 0.190359 0.506375 0.189872 0.500741 0.190359 0.492986 0.191818 0.483477 0.193529 0.476565 0.197904 0.474389
8 0.365474 0.254704 0.358740 0.234713 0.358086 0.235639 0.364164 0.253542
10 0.471258 0.287097 0.475727 0.286731 0.479646 0.287250 0.479742 0.290037 0.477099 0.293699 0.473609 0.298926 0.467326 0.297181 0.471182 0.291398
8 0.507344 0.522222 0.510625 0.522593 0.511240 0.528759 0.508427 0.531884
8 0.477901 0.479259 0.476180 0.473296 0.476380 0.472236 0.477495 0.470977 0.478508 0.470796 0.479826 0.470796 0.482456 0.477963 0.480698 0.477963
8 0.492531 0.459843 0.495227 0.462755 0.496516 0.460468 0.497219 0.459009 0.497570 0.457495 0.494180 0.453639 0.492555 0.453157 0.491198 0.454120 0.490521 0.457495
8 0.472198 0.447102 0.466021 0.452144 0.465516 0.451245 0.472198 0.444583
8 0.600044 0.642231 0.599198 0.643569 0.614552 0.670861 0.615148 0.670310 0.615565 0.668620
14 0.635008 0.451514 0.635615 0.452722 0.635234 0.455681 0.634857 0.457162 0.634630 0.458370 0.635234 0.460657 0.635310 0.462407 0.635159 0.481097 0.635302 0.490981 0.634953 0.493481 0.633547 0.518477 0.630091 0.521847 0.629107 0.525074 0.632740 0.531662 0.627898 0.532875 0.624341 0.531931 0.618292 0.528032 0.610576 0.519560 0.609365 0.518079 0.610576 0.478542 0.611029 0.459986 0.611482 0.458102 0.612089 0.457162 0.611708 0.453662 0.611482 0.451245 0.612542 0.449630 0.614810 0.448148 0.619880 0.448148 0.625552 0.448148 0.631000 0.449227
14 0.653174 0.502505 0.656326 0.496903 0.657638 0.495037 0.657201 0.493014 0.655888 0.490056 0.654487 0.488810 0.654224 0.488657 0.655013 0.471852 0.653875 0.469361 0.650023 0.467338 0.646958 0.466875 0.643109 0.467338 0.640576 0.469111 0.640224 0.471819 0.640224 0.475986 0.640341 0.478481 0.640341 0.480148 0.639872 0.482648 0.639755 0.484731 0.639404 0.485773 0.636474 0.489315 0.635302 0.490981 0.634953 0.493481 0.633547 0.518477 0.636849 0.515000 0.644062 0.525370 0.649003 0.520769 0.648852 0.518616 0.649599 0.512583 0.651120 0.507778
14 0.653815 0.533412 0.650068 0.526329 0.649482 0.523417 0.648896 0.518625 0.649599 0.512583 0.651120 0.507778 0.653125 0.502565 0.656326 0.496903 0.659805 0.493190 0.660742 0.492773 0.664120 0.495708 0.696607 0.528296 0.701870 0.532815 0.703323 0.536685 0.704229 0.544106 0.706227 0.546366 0.709857 0.566694 0.708586 0.569917 0.705865 0.574435 0.704956 0.576370 0.703141 0.577019 0.700310 0.574597 0.695391 0.568981 0.693867 0.570630 0.691654 0.571694 0.688714 0.571694 0.685807 0.569398 0.679583 0.562532 0.656992 0.538810 0.661211 0.520060 0.658398 0.518185
14 0.649529 0.584093 0.649539 0.578634 0.648326 0.570894 0.646805 0.563333 0.643362 0.557931 0.639919 0.554333 0.637286 0.552713 0.633844 0.552171 0.632628 0.552532 0.631414 0.555412 0.630096 0.556852 0.629185 0.557394 0.609133 0.584037 0.597286 0.600060 0.596576 0.602759 0.594854 0.609060 0.594349 0.612301 0.594247 0.616083 0.590602 0.620764 0.588982 0.622565 0.587867 0.624185 0.587362 0.626523 0.588576 0.633366 0.589690 0.636065 0.590198 0.636787 0.594451 0.631023 0.595969 0.632824 0.597083 0.637685 0.597286 0.640389 0.597185 0.642366 0.596982 0.645250 0.597893 0.645069 0.600831 0.641106 0.604273 0.638227 0.606602 0.639847 0.609437 0.640028 0.612677 0.637866 0.620273 0.627245 0.643464 0.595921 0.645984 0.590199 0.646487 0.587324 0.647805 0.585903
14 0.596607 0.636769 0.588810 0.647032 0.588000 0.646852 0.587089 0.647931 0.583646 0.653153 0.583036 0.651171 0.588576 0.633366 0.589690 0.636065 0.590198 0.636787 0.594451 0.631023 0.595969 0.632824
8 0.521760 0.488833 0.523659 0.506431 0.518234 0.509319 0.517016 0.497755 0.518779 0.493657 0.516474 0.489560
8 0.521143 0.522481 0.527271 0.518750 0.531471 0.516880 0.532958 0.516727 0.543987 0.515014 0.555891 0.514394 0.562367 0.514394 0.563242 0.512523 0.563331 0.510657 0.540573 0.512213 0.531471 0.513301 0.524820 0.516880 0.518518 0.521861
8 0.504948 0.518009 0.517555 0.512727 0.522107 0.511014 0.528495 0.510083 0.535586 0.510861 0.540573 0.512213 0.551690 0.511639 0.551427 0.509616 0.538385 0.507903 0.527357 0.506815 0.523659 0.506431 0.518234 0.509319 0.500664 0.517083
8 0.510625 0.522593 0.507344 0.522222 0.493521 0.518407 0.492997 0.516694 0.493784 0.514829 0.517677 0.521208 0.540346 0.528986 0.564503 0.538792 0.562841 0.541745 0.540521 0.532875 0.523367 0.526653
8 0.519130 0.525597 0.514229 0.529019 0.513966 0.527463 0.513091 0.527773 0.512828 0.530574 0.506003 0.537889 0.504513 0.535708 0.512042 0.528083 0.515367 0.524352
8 0.536232 0.531569 0.535534 0.532194 0.527831 0.539102 0.526430 0.539102 0.522755 0.537856 0.532643 0.529764
8 0.539297 0.532347 0.544898 0.544954 0.544724 0.546509 0.541747 0.546194 0.535534 0.532194 0.536232 0.531569
8 0.567042 0.540440 0.569581 0.541528 0.569755 0.544176 0.567042 0.544329
8 0.579031 0.543083 0.593299 0.543241 0.593299 0.544019 0.593122 0.545884 0.592424 0.548218 0.579115 0.548241
8 0.569755 0.544176 0.570018 0.548593 0.567216 0.548750 0.567042 0.544329
8 0.579031 0.543083 0.593299 0.543241 0.593299 0.544019 0.593122 0.545884 0.592424 0.548218 0.579115 0.548241
8 0.593693 0.562944 0.600721 0.594606 0.602362 0.593356 0.594982 0.561069 0.593927 0.561069
8 0.628029 0.548532 0.629604 0.548375 0.630391 0.549463 0.629185 0.557394 0.625841 0.561755
8 0.649141 0.608611 0.662091 0.636505 0.666182 0.645435 0.667544 0.647032 0.668526 0.648648 0.670797 0.653231 0.672763 0.653083 0.673898 0.652009 0.674201 0.650810 0.668299 0.638157 0.658854 0.619546 0.652815 0.607255
8 0.600648 0.698194 0.600547 0.700356 0.603383 0.711338 0.604193 0.712597 0.604799 0.713500 0.608091 0.729352 0.611680 0.741644 0.613932 0.738333 0.605914 0.704495 0.604495 0.702875 0.603383 0.699273
8 0.615026 0.743565 0.620193 0.764269 0.617661 0.767329 0.612685 0.746894 0.612685 0.746894
8 0.617052 0.743741 0.626268 0.750403 0.626471 0.754366 0.625357 0.755806 0.625255 0.752204 0.616750 0.745542
8 0.554073 0.619236 0.571070 0.611681 0.570417 0.608657 0.553680 0.616097
8 0.572380 0.608079 0.577021 0.606449 0.577938 0.609588 0.573164 0.611333
8 0.571333 0.603426 0.575320 0.603426 0.575909 0.605519 0.572052 0.605870
8 0.569240 0.603426 0.552896 0.603662 0.552112 0.605870 0.569568 0.605870
8 0.547992 0.603542 0.539495 0.603079 0.540604 0.606333 0.548581 0.606565 0.548844 0.605403
8 0.548255 0.617606 0.544724 0.619352 0.545836 0.623069 0.547797 0.622139
8 0.645794 0.592361 0.645008 0.592208 0.643464 0.595921 0.646393 0.601907 0.645482 0.595245
8 0.538779 0.350273 0.538076 0.344421 0.538755 0.342273 0.539438 0.341194 0.540721 0.341194 0.542385 0.342273 0.542766 0.343616 0.543349 0.351731
8 0.399164 0.343819 0.397224 0.346708 0.390112 0.347245 0.389055 0.341463 0.393591 0.341194 0.396089 0.343481 0.398510 0.341597
8 0.383440 0.337486 0.386359 0.334995 0.385859 0.332718 0.383505 0.334810
6 0.511432 0.482083 0.532146 0.480398 0.531990 0.487093 0.516474 0.489560
8 0.537503 0.556042 0.536820 0.558060 0.551951 0.562500 0.553464 0.559407
14 0.668299 0.638157 0.668828 0.637634 0.670190 0.631435 0.672081 0.626875 0.673974 0.624306 0.675865 0.622421 0.677000 0.621616 0.692719 0.617648 0.700107 0.615792 0.702854 0.616023 0.705273 0.616606 0.707888 0.617532 0.710109 0.619394 0.711417 0.621139 0.697753 0.643685 0.683958 0.665537 0.681474 0.665537 0.679318 0.665537 0.676768 0.665074 0.674414 0.662866 0.673302 0.661120 0.672779 0.659958 0.670797 0.658611 0.668299 0.654713 0.665576 0.652412 0.664820 0.651204 0.664062 0.647301 0.663987 0.644745 0.664518 0.643954 0.666182 0.645435 0.667544 0.647032 0.668526 0.648648 0.670797 0.653231 0.672763 0.653083 0.673898 0.652009 0.674201 0.650810
8 0.537503 0.556042 0.536820 0.558060 0.551951 0.562500 0.553464 0.559407
6 0.570500 0.582616 0.573336 0.586394 0.578500 0.596296 0.582247 0.606019 0.579208 0.611241 0.569893 0.589995
6 0.581133 0.615560 0.586500 0.627259 0.588729 0.619338 0.584372 0.610157
2 0.618078 0.532134 0.600995 0.588051 0.599573 0.583157 0.616247 0.530134
2 0.601674 0.522977 0.616247 0.530134 0.606070 0.519963 0.588172 0.511102 0.588172 0.511102 0.578888 0.506222 0.577711 0.509361 0.579477 0.510870 0.593615 0.518912 0.596036 0.520394 0.598555 0.522014 0.595708 0.540574 0.590557 0.575278 0.588388 0.589014 0.582557 0.586847 0.582927 0.590644 0.587711 0.593111 0.587576 0.595282 0.586203 0.598662 0.584159 0.602694 0.568661 0.629648 0.560190 0.645245 0.559133 0.647606 0.560758 0.647366 0.561844 0.650741 0.565638 0.653630 0.573773 0.658449 0.580417 0.663102 0.588576 0.633366 0.587362 0.626523 0.587867 0.624185 0.588982 0.622565 0.590602 0.620764 0.594247 0.616083 0.594349 0.612301 0.594854 0.609060 0.596576 0.602759 0.597286 0.600060 0.600182 0.591426 0.599083 0.586412 0.594068 0.598968 0.588266 0.620444 0.578383 0.655847 0.563320 0.646375 0.585445 0.608176 0.589836 0.598097 0.594865 0.567458 0.593693 0.562944 0.593927 0.561069 0.594982 0.561069 0.595495 0.563194 0.598307 0.545972 0.599323 0.538611
2 0.618078 0.532134 0.600995 0.588051 0.599573 0.583157 0.616247 0.530134
2 0.618078 0.532134 0.600995 0.588051 0.599573 0.583157 0.616247 0.530134
5 0.632740 0.531662 0.634518 0.534065 0.630440 0.538806 0.645547 0.558519 0.647969 0.547546 0.649576 0.548565 0.646805 0.563333 0.652401 0.570593 0.655878 0.575069 0.655878 0.575069 0.657154 0.572630 0.681263 0.567245 0.679956 0.562556 0.656992 0.538810 0.661211 0.520060 0.658398 0.518185 0.653815 0.533412 0.650068 0.526329 0.649557 0.524028 0.645727 0.527898 0.636849 0.515000 0.630091 0.521847 0.629107 0.525074
5 0.616992 0.636102 0.632385 0.635199 0.634815 0.635380 0.636031 0.636463 0.638664 0.634662 0.640687 0.633759 0.647776 0.633222 0.659422 0.630162 0.655776 0.623139 0.647677 0.624218 0.632586 0.623861 0.622661 0.624398 0.620273 0.627245 0.615029 0.634463 0.615068 0.634481
5 0.662258 0.626380 0.677000 0.621616 0.692734 0.617718 0.691424 0.607838 0.683505 0.609718 0.678328 0.611389 0.669073 0.615014 0.663112 0.615852 0.658208 0.618097
8 0.600648 0.698194 0.600547 0.700356 0.603383 0.711338 0.604193 0.712597 0.604799 0.713500 0.608091 0.729352 0.611680 0.741644 0.613932 0.738333 0.605914 0.704495 0.604495 0.702875 0.603383 0.699273
8 0.615026 0.743565 0.620193 0.764269 0.617661 0.767329 0.612685 0.746894 0.612685 0.746894
6 0.424987 0.317301 0.424063 0.317125 0.424763 0.321329 0.432464 0.324750 0.442792 0.328639 0.443013 0.322523
14 0.420878 0.207755 0.420789 0.191106 0.419651 0.185815 0.418339 0.183792 0.417990 0.183171 0.417549 0.181926 0.417638 0.177412 0.415013 0.177880 0.414224 0.177569 0.414401 0.175236 0.415099 0.166833 0.413961 0.165431 0.411336 0.165278 0.409586 0.165588 0.408448 0.167301 0.407836 0.168856 0.407398 0.171500 0.406961 0.174926 0.406523 0.178657 0.406086 0.179435 0.404073 0.180991 0.402497 0.183481 0.401008 0.188306 0.398646 0.215847
14 0.436508 0.259745 0.434417 0.253106 0.434359 0.249000 0.434359 0.245884 0.434698 0.240759 0.435490 0.237245 0.437807 0.233329 0.438992 0.231421 0.440859 0.229912 0.442328 0.229199 0.444531 0.229106 0.445661 0.229810 0.447073 0.231019 0.448372 0.231620 0.450633 0.233931 0.458714 0.246778 0.468997 0.263667 0.449672 0.282449
14 0.570602 0.435472 0.573438 0.445194 0.593487 0.436375
6 0.569487 0.434935 0.571917 0.445736 0.564526 0.449157 0.561690 0.436194
8 0.517484 0.446736 0.531018 0.460569 0.526049 0.449523 0.516667 0.440417
8 0.531018 0.460569 0.528010 0.468616 0.528958 0.473676 0.530857 0.472954 0.533698 0.466667 0.532622 0.463963
8 0.522448 0.451431 0.522146 0.452912 0.524490 0.462458 0.525435 0.459699 0.525776 0.459366 0.524188 0.453583
8 0.516396 0.436505 0.518135 0.454255 0.519727 0.469454 0.520745 0.481431 0.515867 0.481958 0.511026 0.436236
6 0.495227 0.462755 0.492531 0.459843 0.485503 0.454009 0.485620 0.459426 0.493000 0.466505
6 0.476557 0.434116 0.489570 0.454361 0.489164 0.457014 0.485503 0.454009 0.485620 0.459426 0.487674 0.461352 0.486206 0.464421 0.471406 0.442792 0.473438 0.438454
6 0.450255 0.432431 0.460289 0.461593 0.461372 0.466894 0.453510 0.456292 0.444562 0.432912
8 0.455135 0.432431 0.458932 0.450505 0.460289 0.461593 0.461372 0.466894 0.464219 0.471231 0.462594 0.460389 0.460289 0.445926 0.457440 0.432671
8 0.463271 0.463759 0.474388 0.473884 0.474117 0.480875 0.472896 0.480875 0.464219 0.471231
14 0.469974 0.265602 0.470503 0.270287 0.470654 0.274185 0.470654 0.277819 0.471336 0.279565 0.471258 0.287097 0.471182 0.291398 0.467326 0.297181 0.463315 0.296375 0.458930 0.293685 0.453633 0.288306 0.450911 0.284407 0.460971 0.273648
8 0.477565 0.261310 0.479279 0.261310 0.480909 0.273194 0.481617 0.286875 0.482161 0.301218 0.480872 0.301634 0.480503 0.302000 0.479591 0.280032 0.478680 0.267431
6 0.419065 0.314296 0.410052 0.311236 0.403570 0.308894 0.395164 0.307454 0.396482 0.314653 0.405393 0.315194 0.411773 0.317356 0.420583 0.319514
8 0.374635 0.213889 0.378487 0.248708 0.380016 0.246963 0.376914 0.218787 0.376260 0.213556
8 0.378352 0.230991 0.379138 0.230644 0.380052 0.230875 0.381229 0.230759 0.383385 0.228898 0.385086 0.228204 0.386068 0.227852 0.385867 0.229852 0.385078 0.230398 0.383661 0.231662 0.380521 0.233102 0.378596 0.233819
8 0.363185 0.252843 0.369201 0.257843 0.369135 0.259583 0.362990 0.254935
8 0.341151 0.268301 0.342133 0.267954 0.343047 0.268884 0.343245 0.269463 0.342951 0.275949 0.340891 0.272255
8 0.373513 0.292477 0.374823 0.291546 0.375737 0.292014 0.376195 0.292708 0.376167 0.299894 0.374242 0.300431 0.373776 0.300380
8 0.370898 0.302588 0.360831 0.291662 0.360500 0.292222 0.361406 0.293968 0.361224 0.293986 0.362768 0.295852 0.365523 0.298972 0.370443 0.304449
8 0.374430 0.283759 0.383125 0.309912 0.383909 0.308519 0.374690 0.281204 0.371161 0.271093 0.370508 0.272019
6 0.368544 0.248426 0.370115 0.248426 0.370638 0.254120 0.370781 0.264722 0.369331 0.265394
8 0.399320 0.282926 0.403570 0.308894 0.401747 0.308352 0.398445 0.286347
8 0.413828 0.286875 0.410690 0.311542 0.406841 0.310639 0.411602 0.275208 0.414435 0.278593 0.414435 0.278593
8 0.419125 0.238407 0.417271 0.257352 0.415266 0.274634 0.411701 0.270491 0.415625 0.239963
8 0.404815 0.262917 0.406234 0.263472 0.411802 0.268333 0.411701 0.270491 0.415266 0.274634 0.432685 0.294435 0.432685 0.294435 0.444836 0.308838 0.467398 0.335171 0.467398 0.335171 0.463753 0.334944 0.434609 0.301458 0.414435 0.278593 0.411602 0.275208 0.410182 0.273051 0.409474 0.273227 0.409271 0.272690 0.409068 0.270528 0.402182 0.264227 0.402182 0.264227 0.400055 0.260625 0.397625 0.257745 0.393271 0.252528 0.387599 0.244782 0.394687 0.250509 0.394687 0.250509 0.399792 0.256620 0.399792 0.256620
8 0.446073 0.323495 0.444401 0.324676 0.444352 0.330333 0.453667 0.340597 0.454984 0.340778 0.456807 0.341139 0.458729 0.339875
8 0.444250 0.321514 0.452654 0.321694 0.453362 0.323676 0.444250 0.323852
8 0.454974 0.334676 0.467398 0.335171 0.472672 0.335380 0.473820 0.338796 0.458729 0.339875
8 0.562109 0.533519 0.563021 0.537486 0.566617 0.534699 0.567135 0.533426 0.567206 0.530630
8 0.546458 0.514815 0.548227 0.514824 0.552083 0.519819 0.550664 0.521347 0.550664 0.521347 0.546167 0.516727
8 0.514445 0.514125 0.519284 0.521333 0.521375 0.519704 0.517125 0.513194
8 0.518234 0.509319 0.512005 0.506454 0.511156 0.508199 0.515602 0.510639
8 0.511109 0.515519 0.511698 0.520051 0.510849 0.519819 0.510326 0.515986
8 0.512286 0.523426 0.513091 0.527773 0.512042 0.528083 0.511242 0.523306
8 0.432151 0.265125 0.429786 0.275551 0.428563 0.274306 0.430661 0.264657
8 0.370365 0.274023 0.371984 0.283921 0.373513 0.292477 0.374823 0.291546 0.373099 0.283565 0.371174 0.274380
8 0.450964 0.434787 0.456938 0.440912 0.455135 0.432431 0.450255 0.432431 0.450255 0.432431
8 0.434034 0.227403 0.458695 0.224847 0.458695 0.227940 0.433958 0.230227
6 0.417677 0.255495 0.437424 0.261079 0.439549 0.264495 0.439753 0.266838 0.418409 0.261282 0.416919 0.260347
6 0.406828 0.251403 0.403372 0.249921 0.394706 0.246500 0.393263 0.248134 0.392125 0.247199 0.392169 0.246032 0.387880 0.242454 0.387599 0.244782 0.387497 0.245106 0.394687 0.250509 0.401404 0.253421 0.402628 0.252801 0.403677 0.252958 0.404292 0.254204 0.404115 0.256380
6 0.416307 0.267194 0.415672 0.270671 0.421242 0.273912 0.441393 0.290829 0.442531 0.289741 0.442180 0.284606 0.423135 0.270306 0.418846 0.267815
6 0.446258 0.287704 0.456323 0.296417 0.454964 0.301819 0.454557 0.299657 0.453141 0.297319 0.451622 0.296778 0.448990 0.296417 0.444419 0.293616 0.444245 0.290347
6 0.452875 0.287389 0.455589 0.290190 0.452964 0.293926 0.450250 0.291125
8 0.460289 0.445926 0.465052 0.449352 0.466812 0.450361 0.467682 0.448472 0.463924 0.444509 0.458659 0.438389
8 0.464453 0.432500 0.460122 0.432579 0.459948 0.440361 0.462865 0.442593
8 0.524312 0.436560 0.537440 0.464880 0.537438 0.468852 0.535602 0.470481 0.531018 0.460569 0.526049 0.449523 0.520023 0.436718
8 0.521372 0.455778 0.519797 0.467917 0.519008 0.464181 0.519971 0.456245
8 0.424518 0.339157 0.424151 0.340000 0.424151 0.343579 0.437453 0.342954 0.441917 0.340153 0.444456 0.339222 0.445068 0.342333 0.453667 0.340597 0.448745 0.335019
8 0.444456 0.339222 0.445068 0.342333 0.444719 0.344509 0.435003 0.346222 0.437453 0.342954 0.441917 0.340153
8 0.472672 0.335380 0.473820 0.338796 0.478591 0.338597 0.477359 0.335171 0.475367 0.331005 0.473844 0.332463 0.473258 0.333713 0.472789 0.334338
8 0.477359 0.335171 0.484036 0.335380 0.484154 0.338088 0.478591 0.338597
8 0.380130 0.281250 0.376112 0.285565 0.375130 0.282870 0.379440 0.278704
8 0.386250 0.306944 0.380419 0.321347 0.379812 0.320056 0.380318 0.316634 0.385518 0.303912
8 0.399320 0.282926 0.399620 0.282250 0.406224 0.299801 0.404917 0.300495 0.404130 0.299801 0.399948 0.287130
8 0.413370 0.291245 0.419065 0.314296 0.420583 0.319514 0.420667 0.322199 0.422326 0.321347 0.419776 0.311236 0.418810 0.309560 0.418203 0.308120 0.418203 0.305417 0.415854 0.296236 0.415146 0.292458 0.414943 0.289398 0.414943 0.287778 0.413828 0.286875
8 0.419776 0.311236 0.423161 0.321537 0.424763 0.321329 0.424073 0.318046 0.421747 0.313699 0.421747 0.313699
14 0.612685 0.746894 0.614531 0.754074 0.613365 0.757250 0.611323 0.763435 0.610565 0.764514 0.607766 0.768546 0.602320 0.765185 0.604664 0.763167 0.602773 0.760477 0.607841 0.752815
2 0.632474 0.676287 0.639117 0.662065 0.634508 0.658208 0.630305 0.667130 0.630237 0.667949 0.630578 0.668093 0.628544 0.671949 0.630305 0.676769
11 0.505419 0.441301 0.490773 0.514208 0.487023 0.507958 0.501086 0.440884
5 0.598307 0.545972 0.599505 0.542500 0.602758 0.537681 0.607096 0.533583 0.611435 0.531653 0.616247 0.530134 0.599573 0.583157 0.595495 0.563194
5 0.618078 0.532134 0.600995 0.588051 0.602362 0.593356 0.625841 0.561755 0.625841 0.561755 0.628029 0.548532 0.629604 0.548375 0.630391 0.549463 0.629185 0.557394 0.630096 0.556852 0.631414 0.555412 0.632628 0.552532 0.633844 0.552171 0.637286 0.552713 0.621630 0.534958
8 0.376758 0.266838 0.381008 0.286481 0.385060 0.304611 0.386042 0.303681 0.381073 0.280903 0.377802 0.266370
5 0.597938 0.589486 0.595836 0.582792 0.594961 0.577968 0.594961 0.572056 0.594865 0.567458 0.599083 0.586412
14 0.657154 0.572630 0.664526 0.569843 0.683505 0.567051 0.685807 0.569398 0.688714 0.571694 0.691654 0.571694 0.693867 0.570630 0.695391 0.568981 0.700310 0.574597 0.703141 0.577019 0.703740 0.587407 0.702641 0.596611 0.700289 0.602468 0.697935 0.605815 0.683505 0.609718 0.678328 0.611389 0.669073 0.615014 0.663112 0.615852 0.660760 0.615014 0.658094 0.613343 0.656995 0.611111 0.655742 0.606370 0.649310 0.608602 0.648305 0.607486 0.646393 0.601907 0.645482 0.595245 0.645984 0.590199 0.646487 0.587324 0.647805 0.585903 0.649529 0.584093 0.650846 0.582472 0.653576 0.581579 0.654987 0.577065
8 0.570143 0.571148 0.571430 0.571685 0.571732 0.572088 0.571883 0.573972 0.571677 0.574991 0.571073 0.578894 0.569461 0.593468 0.570370 0.599116 0.574909 0.619023 0.572865 0.623056 0.566966 0.593468 0.566966 0.590106
8 0.574052 0.627713 0.580354 0.649810 0.581229 0.646231 0.575539 0.625208
8 0.511745 0.541944 0.521352 0.545903 0.538810 0.551319 0.556745 0.549815 0.556927 0.548981 0.541747 0.546194 0.540568 0.544236 0.527831 0.539102 0.522755 0.537856 0.519477 0.536736 0.512786 0.534259
8 0.499961 0.324032 0.498604 0.324032 0.496299 0.323069 0.495758 0.321620 0.495758 0.318727 0.495487 0.316319 0.493841 0.313106 0.493435 0.309685 0.494245 0.307347 0.495461 0.306264 0.496771 0.305324 0.499284 0.308606 0.502266 0.314389 0.504878 0.324269 0.506195 0.334889 0.501536 0.335069 0.501130 0.333088
8 0.502266 0.314389 0.508260 0.312769 0.508523 0.311056 0.512112 0.311523 0.512461 0.312926 0.512461 0.314792 0.511411 0.315259 0.502833 0.316657
8 0.505240 0.326245 0.508828 0.334333 0.510841 0.333713 0.509529 0.330755 0.509529 0.328111 0.509529 0.324222 0.509529 0.322199 0.510318 0.318306 0.510581 0.315352 0.509005 0.315819 0.508391 0.322352 0.508130 0.324375 0.507779 0.327954 0.504891 0.322819 0.504542 0.322819 0.504878 0.324269
8 0.442305 0.336565 0.443013 0.322523 0.443419 0.311542 0.444734 0.312981 0.443924 0.336384
8 0.444245 0.290347 0.444419 0.293616 0.444633 0.296417 0.444513 0.296236 0.444836 0.308838 0.443602 0.307759 0.443195 0.291556
8 0.444128 0.288134 0.442810 0.277333 0.441596 0.270491 0.439753 0.266838 0.439167 0.266894 0.440583 0.271935 0.441799 0.278773 0.442180 0.284606 0.442531 0.289741
8 0.436331 0.266171 0.438964 0.273551 0.440279 0.278773 0.440583 0.279315 0.441292 0.279315 0.441799 0.279134 0.440482 0.273375 0.437943 0.266389
8 0.493591 0.235407 0.485977 0.247852 0.480549 0.256255 0.473987 0.262167 0.469974 0.265602 0.460971 0.273648 0.450911 0.284407 0.446258 0.287704 0.443195 0.291556 0.436789 0.299514 0.435477 0.298111 0.445104 0.287218 0.468997 0.263667 0.475760 0.257458 0.480112 0.252523 0.492542 0.234005
8 0.433125 0.299722 0.434609 0.301458 0.434609 0.301458 0.423570 0.315139 0.421747 0.313699
2 0.544010 0.542736 0.557672 0.543380 0.561648 0.543639 0.560203 0.547366 0.544724 0.546509 0.544898 0.544954
8 0.541406 0.536954 0.549214 0.540426 0.557672 0.543380 0.549792 0.542995 0.542635 0.539912
10 0.631276 0.719991 0.631742 0.720741 0.639070 0.712606 0.642664 0.708792 0.641898 0.707134 0.641435 0.705657
6 0.636862 0.715023 0.634622 0.724065 0.638310 0.728630 0.642323 0.730042 0.648177 0.721792 0.641203 0.716847 0.637891 0.714940
10 0.663578 0.686245 0.661904 0.687778 0.661471 0.690852 0.658880 0.685185 0.660500 0.683171
10 0.666115 0.689028 0.663685 0.691139 0.662552 0.692005 0.663091 0.694597 0.670544 0.687875 0.673523 0.682574 0.672544 0.682926 0.667951 0.687106 0.668060 0.688065 0.667789 0.688931 0.667411 0.689412 0.666656 0.689412
10 0.563320 0.646375 0.568578 0.637287 0.570802 0.641931 0.573320 0.647435 0.574674 0.652255 0.574771 0.653458
8 0.553268 0.520782 0.549273 0.526949 0.546815 0.531542 0.548227 0.532185 0.554237 0.521787 0.555708 0.518185 0.555164 0.518347
1 0.554237 0.517556 0.552083 0.519819 0.550664 0.521347 0.545370 0.528343 0.545563 0.528958 0.549719 0.523653 0.552503 0.520926 0.555164 0.518347 0.556133 0.517125 0.556539 0.514556 0.555891 0.514394 0.555688 0.516338
1 0.561549 0.509333 0.566341 0.504083 0.567216 0.503014 0.567547 0.503653 0.567367 0.504565 0.562695 0.509759 0.562245 0.510245 0.561641 0.510352 0.561250 0.510296 0.561068 0.509977
15 0.389224 0.316417 0.390062 0.320731 0.402607 0.320731 0.403445 0.318204 0.401604 0.314931 0.395917 0.315375
2 0.662469 0.653741 0.664169 0.656759 0.654219 0.672130 0.652188 0.670139
2 0.636318 0.694046 0.627826 0.707583 0.628266 0.708981 0.627826 0.710537 0.629664 0.716139 0.630539 0.714898 0.629664 0.710384 0.637805 0.697468
10 0.646393 0.601907 0.642794 0.603551 0.640466 0.605532 0.637427 0.604093 0.628932 0.616019 0.632578 0.617176 0.639557 0.616806 0.646380 0.615000 0.646643 0.606972 0.648305 0.607486
10 0.467326 0.297181 0.473609 0.298926 0.479935 0.302051 0.480872 0.301634 0.482161 0.301218 0.482513 0.300176 0.483685 0.298926 0.494115 0.301426 0.494466 0.303509 0.494245 0.307347 0.493435 0.309685 0.493841 0.313106 0.493997 0.321218 0.491771 0.336421 0.484154 0.338088 0.484036 0.335380 0.477359 0.335171 0.475367 0.331005 0.473844 0.332463 0.473258 0.333713 0.472789 0.334338 0.472672 0.335380 0.467398 0.335171 0.458612 0.324963 0.453339 0.318509 0.454276 0.305801 0.457440 0.292051 0.458930 0.293685 0.463315 0.296375
8 0.557826 0.514556 0.555177 0.533245 0.554505 0.534769 0.553099 0.534028 0.555708 0.518185 0.556464 0.517111 0.556539 0.514556
2 0.450964 0.434787 0.460289 0.461593 0.458932 0.450505 0.456938 0.440912
2 0.610365 0.488926 0.608724 0.489023 0.607990 0.490231 0.607255 0.492241 0.606690 0.494347 0.606070 0.495954 0.604599 0.495954 0.604091 0.495954 0.603810 0.491940 0.602849 0.489931 0.601216 0.489727 0.599685 0.490833 0.598497 0.492440 0.597198 0.494046 0.596237 0.495153 0.595281 0.494750 0.592961 0.491134 0.591435 0.487620 0.591378 0.481190 0.585437 0.483866 0.585885 0.489370 0.587388 0.499597 0.588370 0.499250 0.591898 0.500060 0.591638 0.509940 0.588758 0.510000 0.588122 0.511042 0.606070 0.519963 0.606240 0.518657 0.607771 0.518657 0.608781 0.518560 0.609365 0.518079
2 0.465052 0.449352 0.471924 0.466657 0.471013 0.470616 0.463271 0.463759 0.463271 0.463759 0.460289 0.445926
2 0.561690 0.436194 0.564526 0.449157 0.563674 0.449630 0.562010 0.452454 0.561255 0.455546 0.560648 0.459986 0.550286 0.464019 0.549680 0.464690 0.550211 0.472088 0.546148 0.473861 0.539820 0.468861 0.533984 0.448565 0.530995 0.436843
2 0.505419 0.441301 0.507003 0.446819 0.509112 0.446819 0.510635 0.447028 0.512276 0.448694 0.515867 0.481958 0.511432 0.482083 0.511432 0.482083 0.501026 0.462653
2 0.485641 0.431949 0.483336 0.439903 0.485641 0.448338 0.489570 0.454361 0.489164 0.457014 0.492531 0.459843 0.490521 0.457495 0.491198 0.454120 0.492555 0.453157 0.494180 0.453639 0.497570 0.457495 0.501086 0.440884 0.491875 0.441106 0.489164 0.437972 0.489299 0.432190
2 0.481344 0.431907 0.479216 0.438208 0.482344 0.443056 0.483336 0.439903 0.485641 0.431949
2 0.475570 0.448833 0.471013 0.470616 0.474388 0.473884 0.478609 0.452972
2 0.345786 0.280991 0.342951 0.275949 0.343052 0.273787 0.364521 0.256324 0.365432 0.256505 0.368875 0.266046
2 0.378596 0.233819 0.380521 0.233102 0.383661 0.231662 0.385078 0.230398 0.385867 0.229852 0.385956 0.235139 0.387880 0.242454 0.383357 0.241380 0.381635 0.242102 0.381128 0.243181 0.380826 0.245884 0.380016 0.246963
2 0.419617 0.248023 0.426268 0.254870 0.430820 0.259227 0.436508 0.259745 0.434417 0.253106 0.434359 0.249000 0.434359 0.249000 0.423721 0.245333
8 0.567987 0.491454 0.567956 0.492889 0.558576 0.510102 0.558594 0.510880 0.560443 0.510741 0.566820 0.499343 0.566745 0.497463 0.567802 0.497329 0.568107 0.497329 0.569695 0.493963 0.569771 0.492755
8 0.606070 0.519963 0.621630 0.534958 0.637286 0.552713 0.639919 0.554333 0.643362 0.557931 0.645125 0.561426 0.645651 0.558333 0.629948 0.540000 0.618292 0.528032 0.610576 0.519560 0.609365 0.518079 0.607771 0.518657 0.606240 0.518657
8 0.563271 0.481069 0.558464 0.510880 0.556667 0.511019 0.561380 0.481472
8 0.567135 0.533426 0.569141 0.533125 0.569492 0.535306 0.549401 0.572593 0.548411 0.572222 0.547656 0.572130
10 0.523674 0.493870 0.525773 0.491366 0.528487 0.489046 0.529799 0.489046 0.531638 0.489199 0.534263 0.492157 0.535927 0.498694 0.536102 0.499454 0.533826 0.501167 0.533826 0.503829 0.534177 0.504903 0.535576 0.507093 0.535576 0.507560 0.527357 0.506815 0.523659 0.506431 0.522448 0.496204
2 0.539690 0.508028 0.546779 0.501324 0.550281 0.506144 0.548969 0.509583
2 0.546516 0.515185 0.546167 0.516727 0.533563 0.526685 0.528268 0.524787 0.528180 0.523231 0.527831 0.521676 0.526781 0.520431 0.525643 0.519963 0.527271 0.518750 0.531471 0.516880 0.532958 0.516727 0.543987 0.515014
11 0.521143 0.522481 0.525643 0.519963 0.526781 0.520431 0.527831 0.521676 0.528180 0.523231 0.528268 0.524787
3 0.538258 0.528208 0.550664 0.521347 0.545370 0.528343 0.542039 0.530088
2 0.578940 0.522815 0.576594 0.522144 0.574930 0.521065 0.574250 0.519046 0.573438 0.519417 0.572982 0.520116 0.572130 0.520116 0.573266 0.534648 0.574779 0.542986 0.577578 0.555088 0.579242 0.555222
2 0.565201 0.515000 0.567685 0.515468 0.573438 0.519417 0.572982 0.520116 0.572130 0.520116 0.571018 0.520463 0.570562 0.520931 0.569974 0.521625 0.569255 0.522324 0.568732 0.522903 0.568208 0.523718 0.567555 0.527671 0.563500 0.526042 0.564154 0.524065 0.563109 0.523718
2 0.570562 0.520931 0.570370 0.523676 0.570294 0.525690 0.571125 0.529593 0.571958 0.533759 0.572185 0.536986 0.572487 0.538870 0.573396 0.539676 0.574378 0.540486 0.574779 0.542986 0.576271 0.549630 0.570018 0.548593 0.569581 0.541528 0.569008 0.536718 0.569492 0.535306 0.569141 0.533125 0.567135 0.533426 0.567268 0.529593 0.567555 0.527671 0.568208 0.523718 0.568732 0.522903 0.569255 0.522324 0.569974 0.521625
3 0.567042 0.540440 0.567216 0.548750 0.567646 0.566171 0.570143 0.571148 0.569234 0.575986 0.564771 0.569130 0.550474 0.570741
3 0.536776 0.575412 0.534448 0.586394 0.536677 0.586574 0.537690 0.586935 0.547992 0.603542 0.548844 0.605403 0.548581 0.606565 0.548255 0.617606 0.547797 0.622139 0.547917 0.630144 0.551156 0.639505 0.551461 0.606917 0.554398 0.600977 0.559562 0.592333 0.562802 0.593597 0.563513 0.579912
10 0.551258 0.612500 0.553284 0.611597 0.555107 0.628343 0.556419 0.648569 0.554398 0.651565
10 0.554398 0.622222 0.571815 0.617898 0.572865 0.623056 0.572727 0.622940 0.568661 0.629648 0.568661 0.629648 0.555411 0.632301
3 0.571073 0.578894 0.584159 0.602694 0.586203 0.598662 0.581359 0.589787 0.578789 0.589245 0.577201 0.588037 0.576042 0.583653 0.573320 0.576931 0.571677 0.574991
3 0.587917 0.602236 0.591664 0.608356 0.590146 0.613940 0.585893 0.607097
2 0.345786 0.280991 0.347701 0.284537 0.367448 0.272111 0.369372 0.271032 0.368763 0.269412 0.370688 0.266894 0.370781 0.264722 0.368875 0.266046 0.368875 0.266046
2 0.570018 0.548593 0.573320 0.576931 0.576042 0.583653 0.578464 0.584324 0.580354 0.582444 0.581867 0.590644 0.582927 0.590644 0.581867 0.580829 0.583003 0.580829 0.583154 0.579079 0.582776 0.577602 0.582094 0.576796 0.580732 0.570875 0.579167 0.570824 0.579242 0.555222 0.577578 0.555088 0.576271 0.549630
7 0.592482 0.562620 0.588388 0.589014 0.588388 0.589014 0.582552 0.586759 0.582240 0.584213 0.581867 0.580829 0.583003 0.580829 0.583154 0.579079 0.582776 0.577602 0.582094 0.576796 0.580732 0.570875 0.582268 0.570824 0.582193 0.564907
1 0.647969 0.547546 0.649576 0.548565 0.646805 0.563333 0.645125 0.561426
10 0.593375 0.653870 0.589630 0.666653 0.588516 0.672231 0.587401 0.676912 0.585375 0.680333 0.582641 0.675472 0.584565 0.669532 0.585984 0.664852 0.584667 0.662870 0.581630 0.657292 0.582339 0.654593 0.583646 0.653153 0.587089 0.647931 0.588000 0.646852 0.588810 0.647032
10 0.587401 0.676912 0.588516 0.676463 0.601477 0.657560 0.599755 0.654681 0.589122 0.669625 0.588516 0.672231
10 0.664010 0.655324 0.669471 0.672463 0.671432 0.678157 0.672544 0.682926 0.673523 0.682574 0.674766 0.681181 0.674375 0.679671 0.673589 0.678394 0.670909 0.669324 0.670255 0.667815 0.666010 0.654097 0.665576 0.652412
10 0.661667 0.660741 0.665307 0.671593 0.666010 0.674718 0.666203 0.676648 0.666135 0.679671 0.665221 0.683620 0.662672 0.680718 0.662846 0.679509 0.663326 0.676384 0.662271 0.672218 0.659810 0.663259
8 0.613307 0.636806 0.657865 0.681093 0.660500 0.683171 0.665250 0.687875 0.666656 0.689412 0.667411 0.689412 0.667789 0.688931 0.668060 0.688065 0.667844 0.686148 0.665221 0.683620 0.662714 0.680676 0.618773 0.637167 0.615029 0.634463
3 0.624953 0.728981 0.612685 0.746894 0.607841 0.752815 0.603776 0.758889 0.602773 0.760477 0.604664 0.763167 0.602320 0.765185 0.600198 0.764255 0.593073 0.760181 0.591372 0.755338 0.600901 0.756708 0.613932 0.738333 0.627786 0.718356 0.639432 0.701616 0.631687 0.684097 0.644102 0.667231 0.657865 0.681093 0.657990 0.683042 0.664135 0.697176 0.649966 0.719537 0.648177 0.721792 0.641898 0.707134 0.641435 0.705657
10 0.639117 0.662065 0.644102 0.667231 0.644273 0.667375 0.639633 0.673444 0.634820 0.673602 0.635870 0.670486 0.639633 0.665977 0.638583 0.663019
14 0.634643 0.675806 0.635188 0.679176 0.631687 0.684097 0.633516 0.688426 0.631797 0.692435 0.630034 0.694120 0.626917 0.694120 0.624477 0.693398 0.622849 0.692435 0.619596 0.690505 0.619055 0.684481 0.627865 0.684241 0.628000 0.681588 0.627865 0.679662 0.626917 0.679176 0.625831 0.678935 0.619190 0.679176 0.619461 0.675079 0.620138 0.674116 0.621901 0.673634 0.622984 0.672431 0.624341 0.663755 0.626104 0.663755 0.629221 0.665440 0.630305 0.667130 0.630578 0.668093 0.628544 0.671949 0.630305 0.676769
10 0.357021 0.282537 0.358232 0.280574 0.360966 0.279676 0.363904 0.279676 0.365828 0.280032 0.367753 0.281833 0.369271 0.284713 0.369878 0.287417 0.369776 0.289398 0.369169 0.289935 0.368055 0.289037 0.366740 0.287597 0.365727 0.287056 0.364107 0.287236 0.362687 0.288676 0.360500 0.292222 0.358685 0.286708 0.358078 0.283477
2 0.362484 0.297171 0.366435 0.312838 0.369372 0.312296 0.365523 0.298972 0.362768 0.295852 0.362768 0.295852
10 0.619542 0.647796 0.621711 0.647556 0.624151 0.647556 0.625779 0.649727 0.625914 0.654787 0.626049 0.661056 0.626104 0.663755 0.624341 0.663755 0.622984 0.672431 0.621901 0.673634 0.620138 0.674116 0.619461 0.675079 0.619190 0.679176 0.625831 0.678935 0.626917 0.679176 0.627865 0.679662 0.628000 0.681588 0.627865 0.684241 0.619055 0.684481 0.619594 0.690495 0.622849 0.692435 0.624477 0.693398 0.625523 0.695296 0.626089 0.702898 0.625888 0.709639 0.625281 0.712222 0.623951 0.714375 0.618021 0.703546 0.612208 0.693301 0.611068 0.685639 0.611068 0.679056 0.611151 0.676505 0.611896 0.674477 0.613333 0.672454 0.614552 0.670861 0.615148 0.670310 0.615841 0.667343 0.616612 0.653394 0.616156 0.651648 0.617630 0.649005
10 0.600044 0.642231 0.611620 0.662403 0.616612 0.653394 0.616156 0.651648 0.607911 0.640079 0.606602 0.639847 0.604273 0.638227 0.600831 0.641106
10 0.626794 0.719565 0.606839 0.683310 0.605701 0.684241 0.601938 0.678019 0.601500 0.678019 0.598612 0.681907 0.599135 0.682843 0.596862 0.688912 0.596948 0.690468 0.597560 0.692333 0.598435 0.694514 0.599398 0.696380 0.600648 0.698194 0.602901 0.698713 0.602901 0.698870 0.603862 0.698713 0.618828 0.731546
14 0.564115 0.680972 0.569055 0.675671 0.571242 0.673958 0.572292 0.673648 0.573956 0.674116 0.575357 0.675514 0.576932 0.677694 0.580083 0.682843 0.577107 0.687806 0.577719 0.689671 0.578156 0.690139 0.581833 0.685315 0.593737 0.703523 0.606602 0.723282 0.607828 0.726551 0.608091 0.729352 0.607477 0.735106 0.607216 0.736977 0.611154 0.740556 0.611680 0.741644 0.606797 0.748426 0.600914 0.756736 0.591372 0.755338 0.583229 0.739676
14 0.387880 0.242454 0.385956 0.235139 0.385867 0.229852 0.386393 0.223782 0.387443 0.220981 0.388581 0.219579 0.411302 0.211296 0.420911 0.207685 0.425677 0.207546 0.426536 0.207407 0.428099 0.207407 0.429104 0.207134 0.430417 0.207602 0.431904 0.211491 0.433568 0.221602 0.434268 0.228759 0.433479 0.233898 0.433305 0.237477 0.431818 0.239343 0.428667 0.241833 0.418687 0.244634 0.419125 0.238407 0.415625 0.239963 0.414839 0.246968 0.403372 0.249921 0.394706 0.246500 0.397070 0.243856 0.397159 0.241519 0.396719 0.239653 0.396107 0.239032 0.395057 0.239032 0.393831 0.239495 0.393219 0.241986 0.393307 0.243542 0.393570 0.244944 0.392169 0.246032
2 0.648305 0.607486 0.646643 0.606972 0.646542 0.617773 0.654138 0.619574
2 0.649529 0.584093 0.649539 0.578634 0.648326 0.570894 0.647859 0.568806 0.652401 0.570593 0.655878 0.575069 0.654987 0.577065 0.653576 0.581579 0.650846 0.582472
10 0.664091 0.646218 0.660547 0.645856 0.658016 0.644060 0.657104 0.641718 0.656497 0.639736 0.656497 0.636315 0.657104 0.630917 0.659422 0.630162 0.662091 0.636505 0.666182 0.645435 0.664518 0.643954 0.663987 0.644745
6 0.563437 0.526157 0.560948 0.537199 0.558073 0.536616 0.562578 0.522454 0.563302 0.522435 0.563109 0.523718 0.564154 0.524065
10 0.451247 0.225727 0.451247 0.223704 0.451422 0.222306 0.451773 0.221991 0.452648 0.222769 0.453435 0.225106 0.454047 0.224792 0.454047 0.220593 0.454047 0.219190 0.453172 0.217949 0.453086 0.216389 0.453349 0.214213 0.453872 0.212810 0.455099 0.213435 0.455362 0.215301 0.455185 0.217324 0.456323 0.219190 0.457375 0.220282 0.456849 0.224949
2 0.635669 0.654259 0.643810 0.633565 0.645964 0.633426 0.653120 0.652014 0.656237 0.660796 0.656937 0.662662 0.652214 0.670093 0.650625 0.665694 0.652240 0.661435 0.645729 0.643565 0.640026 0.658194
14 0.587201 0.439273 0.595599 0.435509 0.599063 0.435231 0.601901 0.435463 0.603828 0.435463 0.606849 0.435324 0.610807 0.435231 0.613672 0.435185 0.616172 0.445190 0.616398 0.448014 0.614810 0.448148 0.612542 0.449630 0.611482 0.451245 0.611708 0.453662 0.612089 0.457162 0.611482 0.458102 0.611029 0.459986 0.610802 0.469667 0.593857 0.480157 0.576042 0.488056 0.575521 0.483519 0.571617 0.485537 0.570862 0.486343 0.571164 0.488227 0.572375 0.488764 0.567987 0.491454 0.567154 0.490514 0.566096 0.487282 0.565414 0.483116 0.564961 0.480829 0.560120 0.481769 0.555203 0.482847 0.554977 0.481903 0.554143 0.481903 0.553388 0.481903 0.552026 0.479620 0.551042 0.477602 0.550211 0.472088 0.549680 0.464690 0.550286 0.464019 0.560648 0.459986 0.561255 0.455546 0.562010 0.452454 0.563674 0.449630 0.575021 0.444250
10 0.539820 0.468861 0.546148 0.473861 0.549747 0.477856 0.550211 0.472088 0.551042 0.477602 0.552026 0.479620 0.553388 0.481903 0.554143 0.481903 0.554977 0.481903 0.555203 0.482847 0.560120 0.481769 0.561380 0.481472 0.561380 0.481472 0.556539 0.511324 0.551690 0.511639 0.551427 0.509616 0.548969 0.509583 0.550281 0.506144 0.546779 0.501324 0.539690 0.508028 0.535576 0.507560 0.535576 0.507093 0.534177 0.504903 0.533826 0.503829 0.533826 0.501167 0.536102 0.499454 0.535927 0.498694 0.534263 0.492157 0.531638 0.489199 0.529799 0.489046 0.528487 0.489046 0.525773 0.491366 0.523674 0.493870 0.522448 0.496204 0.521760 0.488833 0.531927 0.487269 0.532146 0.480398 0.520745 0.481431 0.519727 0.469454 0.520427 0.466653 0.521388 0.464944 0.522263 0.462611 0.524078 0.463310 0.525435 0.459699 0.526029 0.459653 0.528305 0.459810 0.528565 0.461056 0.527516 0.465412 0.528010 0.468616 0.528958 0.473676 0.530857 0.472954 0.533698 0.466667 0.535682 0.470519 0.537438 0.468852 0.537438 0.464894 0.529266 0.446894 0.529846 0.446167 0.533880 0.448194
10 0.573773 0.658449 0.574315 0.662787 0.571875 0.664718 0.568893 0.665681 0.566589 0.669296 0.562031 0.673380 0.556828 0.657968 0.556419 0.648569 0.559133 0.647606 0.560758 0.647366 0.561844 0.650741 0.565638 0.653630
10 0.631169 0.728278 0.636927 0.738241 0.632570 0.744926 0.627057 0.734032
3 0.501026 0.462653 0.511432 0.482083 0.516474 0.489560 0.518779 0.493657 0.517016 0.497755 0.507589 0.514519 0.500664 0.517083 0.493784 0.514829 0.492997 0.516694 0.493521 0.518407 0.490773 0.514208
3 0.497219 0.459009 0.496516 0.460468 0.489836 0.472130 0.486206 0.464421 0.484096 0.467546 0.484917 0.469838 0.487727 0.476296 0.478120 0.494000 0.487023 0.507958
10 0.470625 0.482546 0.474839 0.480671 0.480698 0.477963 0.482456 0.477963 0.483628 0.479213 0.482104 0.485463 0.477417 0.487755 0.473432 0.487130
10 0.440482 0.308120 0.443419 0.311542 0.443013 0.322523 0.441393 0.321801 0.440380 0.320181 0.439773 0.317481 0.439875 0.316579 0.440888 0.316222
10 0.428026 0.293898 0.422456 0.293898 0.421443 0.294079 0.420531 0.296778 0.419721 0.299296 0.418810 0.302176 0.418203 0.305417 0.418203 0.308120 0.418810 0.309560 0.421747 0.313699 0.422354 0.312801 0.432786 0.300199
10 0.434609 0.301458 0.440482 0.308120 0.440482 0.309380 0.431773 0.318741 0.429039 0.318741 0.424987 0.317301 0.423570 0.315139
10 0.370495 0.303148 0.372419 0.301153 0.374242 0.300431 0.376167 0.299894 0.378396 0.301514 0.379914 0.304213 0.380318 0.308171 0.380318 0.316634 0.379812 0.320056 0.378091 0.322037 0.376370 0.323477 0.374951 0.323657 0.374750 0.319514 0.373331 0.319333 0.373029 0.323116 0.371812 0.321315 0.370091 0.319333 0.369786 0.316995
10 0.444633 0.296417 0.446354 0.296236 0.448990 0.296417 0.451622 0.296778 0.453141 0.297319 0.454557 0.299657 0.455130 0.301806 0.454276 0.305801 0.453339 0.318509 0.444836 0.308838
10 0.350286 0.288051 0.351951 0.285898 0.355810 0.282537 0.357021 0.282537 0.358078 0.283477 0.358685 0.286708 0.360500 0.292222 0.361406 0.293968 0.362768 0.295852 0.362013 0.300153 0.360727 0.302977 0.360120 0.303519
10 0.393271 0.252528 0.397625 0.257745 0.394992 0.261528 0.395398 0.264407 0.400055 0.260625 0.400664 0.261347 0.400461 0.262426 0.397625 0.265130 0.398435 0.268370 0.399651 0.267829 0.402182 0.264227 0.409068 0.270528 0.409271 0.272690 0.403701 0.274310 0.405727 0.276292 0.409474 0.273227 0.410182 0.273051 0.411602 0.275208 0.409677 0.290514 0.405018 0.281153 0.400966 0.275931 0.401271 0.271431 0.399044 0.271250 0.398232 0.272148 0.397422 0.273051 0.396612 0.274310 0.392865 0.288171 0.391753 0.289250 0.391245 0.290870 0.389422 0.291412 0.387904 0.290333 0.387497 0.289431 0.386081 0.288532 0.383753 0.285292 0.381930 0.280972 0.380917 0.279532 0.379297 0.273949 0.381727 0.272509 0.387094 0.265130 0.386891 0.264227 0.387701 0.262426 0.388409 0.260088 0.389018 0.259005 0.389828 0.257565 0.389018 0.254505 0.388714 0.252347 0.388310 0.251806 0.384563 0.251083 0.382130 0.250907 0.381320 0.251083 0.381018 0.252884 0.381422 0.257208 0.381625 0.260269 0.377979 0.264769 0.378385 0.256125 0.380016 0.246963 0.380826 0.245884 0.381128 0.243181 0.381635 0.242102 0.383357 0.241380 0.387880 0.242454 0.387599 0.244782
1 0.380016 0.246963 0.378487 0.248708 0.377068 0.251769 0.375651 0.256991 0.374740 0.259153 0.371904 0.264190 0.370789 0.264731 0.370688 0.266894 0.368763 0.269412 0.369372 0.271032 0.372917 0.266894 0.375852 0.261671 0.378081 0.254648 0.378586 0.254292
10 0.373727 0.243884 0.375753 0.244065 0.376865 0.245324 0.377372 0.246403 0.377068 0.248023 0.376563 0.249463 0.374940 0.254505 0.374232 0.252528
1 0.404815 0.262917 0.407180 0.256222 0.409018 0.254981 0.409367 0.253269 0.410854 0.252801 0.411906 0.252023 0.414271 0.250000 0.414531 0.248009 0.411992 0.248755 0.409279 0.249380 0.407703 0.250000 0.406828 0.251403 0.404115 0.256380 0.404292 0.254204 0.403677 0.252958 0.402628 0.252801 0.401404 0.253421 0.401141 0.254981 0.398385 0.253796 0.397786 0.254583 0.399792 0.256620 0.403154 0.259338 0.403940 0.259958 0.403766 0.262449
1 0.418294 0.248755 0.423721 0.245333 0.423458 0.244088 0.418469 0.246579
1 0.393263 0.248134 0.392125 0.247199 0.392169 0.246032 0.393570 0.244944 0.393307 0.243542 0.393219 0.241986 0.393831 0.239495 0.395057 0.239032 0.396107 0.239032 0.396719 0.239653 0.397159 0.241519 0.397070 0.243856 0.394706 0.246500
2 0.400966 0.275931 0.392151 0.312500 0.390794 0.310333 0.389034 0.311296 0.388354 0.314431 0.388354 0.317565 0.388628 0.319491 0.386594 0.326722 0.383880 0.326241 0.383339 0.320694 0.392760 0.288009 0.396612 0.274310 0.397422 0.273051 0.398232 0.272148 0.399044 0.271250 0.401271 0.271431
10 0.400328 0.298273 0.396583 0.293769 0.393138 0.307995 0.395062 0.315014 0.396482 0.314653 0.395164 0.307454 0.401747 0.308352
10 0.418409 0.261282 0.420234 0.263472 0.420685 0.265329 0.423573 0.268750 0.423135 0.270306 0.422187 0.270139 0.418846 0.267815 0.416307 0.267194 0.416919 0.260347
10 0.413333 0.258324 0.412448 0.264167 0.405805 0.260037 0.407180 0.256222
2 0.472128 0.432069 0.472229 0.440731 0.471406 0.442792 0.467682 0.448472 0.463932 0.444491 0.462865 0.442593 0.464453 0.432500
8 0.567370 0.552130 0.570365 0.551898 0.570018 0.548593 0.567216 0.548750 0.567216 0.548750
10 0.445260 0.274630 0.443073 0.278833 0.443685 0.285523 0.444128 0.288134 0.445104 0.287218 0.449672 0.282449
10 0.420818 0.200991 0.427966 0.207287 0.420878 0.207755
10 0.475760 0.257458 0.471510 0.254088 0.470922 0.252458 0.470661 0.251065 0.470203 0.244324 0.470596 0.241532 0.470268 0.240023 0.469221 0.239676 0.468372 0.238745 0.467719 0.237468 0.466737 0.236306 0.465628 0.236537 0.465495 0.238630 0.467065 0.241185 0.467195 0.241884 0.467260 0.245370 0.467065 0.248157 0.466477 0.249556 0.466018 0.250019 0.464581 0.249671 0.463078 0.248972 0.462490 0.248157 0.458055 0.235745 0.454948 0.228472 0.452057 0.228750 0.453440 0.235375 0.453964 0.237398 0.455276 0.238176 0.456591 0.238792 0.457729 0.245639 0.458714 0.246778 0.462102 0.252481 0.467706 0.258551 0.471557 0.261037
6 0.413828 0.253750 0.410854 0.252801 0.409367 0.253269 0.409018 0.254981 0.407180 0.256222 0.413333 0.258324
10 0.412982 0.328296 0.414294 0.326120 0.415258 0.324565 0.416659 0.323472 0.417797 0.323162 0.419195 0.322542 0.420667 0.322199 0.422854 0.324222 0.424867 0.327486 0.426406 0.333148 0.426016 0.337685 0.425479 0.339157 0.424518 0.339157 0.424096 0.336389 0.422609 0.334056 0.420247 0.332343 0.418846 0.331565 0.416745 0.329384
10 0.420667 0.322199 0.423161 0.321537 0.424763 0.321329 0.428133 0.322644 0.431411 0.324352 0.431693 0.325657 0.432031 0.328366 0.433276 0.331681 0.434010 0.333995 0.434122 0.337407 0.425479 0.339157 0.426016 0.337685 0.426406 0.333148 0.424867 0.327486 0.422854 0.324222
10 0.660620 0.656389 0.658875 0.652639 0.657690 0.650972 0.655594 0.650347 0.653120 0.652014 0.654375 0.655880 0.655521 0.655324 0.656823 0.655093 0.658875 0.659306
1 0.583229 0.739676 0.584120 0.743676 0.588435 0.752278 0.591443 0.759019 0.596214 0.771806 0.599875 0.784125 0.603732 0.800861 0.607003 0.819690 0.609289 0.837593 0.610466 0.856884 0.610664 0.876991 0.609552 0.890241 0.608440 0.897097 0.606609 0.903259 0.601771 0.914069 0.602883 0.914185 0.605693 0.908491 0.607917 0.902912 0.609224 0.897912 0.610664 0.890824 0.611578 0.882921 0.612102 0.873736 0.611773 0.858977 0.611055 0.845495 0.609878 0.830731 0.608112 0.818644 0.605891 0.805162 0.603143 0.791912 0.600138 0.779824 0.596148 0.767273 0.593073 0.760181 0.591372 0.755338
11 0.520172 0.525611 0.518247 0.530417 0.518247 0.532926 0.518596 0.535708 0.519477 0.536736 0.522755 0.537856 0.526911 0.534310 0.527612 0.531681 0.527786 0.528398
2 0.556745 0.549815 0.559099 0.549227 0.559099 0.549227 0.556828 0.553662 0.528008 0.556218 0.520065 0.553259
2 0.551951 0.562500 0.529104 0.556042 0.528008 0.556218 0.520065 0.553259 0.514732 0.551338 0.519875 0.559273 0.549378 0.568148
2 0.526849 0.570185 0.569234 0.575986 0.568677 0.580634 0.528474 0.573972
10 0.526003 0.568819 0.526849 0.570185 0.538750 0.571819 0.538750 0.571819 0.537615 0.568324 0.536784 0.566171 0.535497 0.563884 0.530617 0.562634 0.528878 0.563708 0.527896 0.565190 0.527138 0.567204
8 0.561003 0.516167 0.559883 0.519935 0.557542 0.527542 0.555534 0.533185 0.555115 0.534843 0.556466 0.535505 0.560909 0.521565 0.561823 0.517083
2 0.579091 0.517032 0.580755 0.517032 0.583026 0.517301 0.584766 0.517704 0.586581 0.517972 0.588169 0.517972 0.590969 0.518106 0.593615 0.518912 0.596036 0.520394 0.596641 0.522546 0.597169 0.531153 0.596943 0.534782 0.592482 0.562620 0.582193 0.564907 0.582268 0.570824 0.579167 0.570824 0.579115 0.548241 0.592424 0.548218 0.593122 0.545884 0.593299 0.544019 0.593299 0.543241 0.579031 0.543083
10 0.432685 0.294435 0.434203 0.294079 0.436531 0.289037 0.434609 0.287056 0.421242 0.273912 0.415672 0.270671 0.415266 0.274634
10 0.428026 0.293898 0.414435 0.278593 0.413828 0.286875 0.414943 0.287778 0.414943 0.289398 0.415146 0.292458 0.415854 0.296236 0.418203 0.305417 0.418810 0.302176 0.419721 0.299296 0.420531 0.296778 0.421443 0.294079 0.422456 0.293898
3 0.587388 0.499597 0.588370 0.499250 0.591898 0.500060 0.591638 0.509940 0.588758 0.510000 0.588172 0.511102 0.588122 0.511042 0.578888 0.506222 0.577711 0.509361 0.579477 0.510870 0.568690 0.516102 0.567685 0.515468 0.565188 0.514991 0.564987 0.515778 0.563302 0.522435 0.562578 0.522454 0.560909 0.521565 0.561823 0.517083 0.561003 0.516167 0.559883 0.519935 0.556919 0.521157 0.557565 0.517069 0.562367 0.514394 0.563242 0.512523 0.564099 0.511403 0.564622 0.512120 0.565284 0.512940 0.568536 0.511014 0.567367 0.504565 0.567547 0.503653 0.567216 0.503014 0.566820 0.499343 0.566745 0.497463 0.567802 0.497329 0.568107 0.497329 0.570536 0.495153 0.575622 0.491449 0.579875 0.489227 0.585885 0.489370
10 0.481617 0.286875 0.490229 0.287426 0.490521 0.286380 0.491599 0.285856 0.493070 0.285509 0.494638 0.285509 0.494833 0.288472 0.493854 0.288819 0.492872 0.289519 0.491599 0.300315 0.490130 0.300315 0.491013 0.290213 0.489247 0.289343 0.481898 0.289343
