0 0.383984 0.107407 0.393284 0.101699 0.396094 0.103810 0.397219 0.106250 0.398906 0.109250 0.402344 0.109028 0.403904 0.109028 0.405529 0.109806 0.405404 0.110806 0.404966 0.111917 0.402656 0.116028 0.405591 0.122579 0.408154 0.116694 0.409591 0.116028 0.411464 0.115583 0.423336 0.124690 0.427583 0.118912 0.445516 0.130134 0.450391 0.134574 0.451138 0.138352 0.450203 0.141685 0.443516 0.148236 0.440706 0.147458 0.436643 0.143685 0.432271 0.149903 0.430896 0.152014 0.427646 0.152458 0.426771 0.154347 0.428083 0.158681 0.429958 0.162343 0.431958 0.164343 0.437768 0.164009 0.441456 0.163009 0.443141 0.161231 0.445266 0.160458 0.456763 0.167787 0.458701 0.166231 0.459948 0.168009 0.461698 0.170454 0.466073 0.176116 0.468758 0.182227 0.469758 0.187227 0.469945 0.203773 0.469633 0.210440 0.468758 0.214440 0.466010 0.221213 0.463260 0.224324 0.459948 0.225102 0.457763 0.225324 0.456451 0.225324 0.455138 0.224546 0.454576 0.223546 0.454763 0.221546 0.457326 0.214773 0.456701 0.211662 0.453013 0.199333 0.450516 0.195667 0.441643 0.193111 0.437581 0.192889 0.433583 0.189444 0.434271 0.184671 0.424398 0.183782 0.430396 0.200889 0.433396 0.202444 0.435018 0.204773 0.440081 0.224769 0.442456 0.231657 0.445443 0.233241 0.446310 0.233315 0.448078 0.234764 0.448953 0.235542 0.450078 0.236542 0.450578 0.238319 0.451667 0.249583 0.451372 0.251616 0.451458 0.252454 0.451510 0.253426 0.451357 0.255255 0.451034 0.256403 0.450547 0.259380 0.449674 0.263384 0.449245 0.265926 0.447578 0.269532 0.447328 0.271421 0.447656 0.273796 0.447023 0.275065 0.446354 0.276528 0.445943 0.277856 0.445052 0.278611 0.444583 0.280046 0.443914 0.280167 0.443073 0.280648 0.440268 0.282750 0.438268 0.284639 0.437143 0.285417 0.435956 0.286194 0.429646 0.283194 0.428208 0.280639 0.425961 0.274861 0.422086 0.261421 0.421461 0.257981 0.422448 0.255481 0.425049 0.247255 0.425620 0.244375 0.426133 0.243051 0.426133 0.237986 0.425479 0.234750 0.425107 0.233782 0.423659 0.228231 0.422352 0.223088 0.421432 0.219491 0.420898 0.217940 0.419766 0.212685 0.417589 0.208995 0.412964 0.207551 0.410029 0.206884 0.408154 0.206329 0.408466 0.211440 0.407904 0.213218 0.407734 0.214676 0.406849 0.216296 0.406068 0.218009 0.405365 0.219630 0.404609 0.221481 0.402721 0.226269 0.402557 0.228000 0.400594 0.232319 0.400406 0.233329 0.400339 0.233981 0.399638 0.235218 0.399406 0.236097 0.399297 0.236898 0.399240 0.238426 0.400656 0.245653 0.401776 0.248949 0.402167 0.251421 0.402469 0.252537 0.402594 0.253870 0.402904 0.254981 0.403029 0.256537 0.402966 0.257204 0.402578 0.258194 0.402135 0.259398 0.401198 0.261810 0.397424 0.271366 0.396484 0.273287 0.395781 0.274120 0.395643 0.274403 0.395628 0.275366 0.393646 0.278282 0.389341 0.282653 0.386951 0.285569 0.386599 0.286639 0.385786 0.286861 0.383253 0.284352 0.375477 0.277417 0.375409 0.273204 0.374898 0.269208 0.374336 0.266032 0.373674 0.261407 0.373060 0.258231 0.372346 0.253514 0.371937 0.249611 0.372039 0.246796 0.372057 0.245185 0.372214 0.244213 0.372216 0.243060 0.373099 0.233389 0.374089 0.230046 0.374583 0.228472 0.374807 0.228023 0.375747 0.227565 0.377513 0.227009 0.379591 0.226505 0.381667 0.226343 0.382409 0.224995 0.383109 0.223366 0.383255 0.221991 0.384099 0.222546 0.385036 0.222769 0.386745 0.218611 0.387422 0.216852 0.389089 0.212778 0.389818 0.210648 0.390497 0.210009 0.390234 0.209722 0.392083 0.204259 0.392969 0.200787 0.390583 0.198106 0.387839 0.195310 0.389526 0.192681 0.396211 0.183241 0.396161 0.182333 0.395701 0.182245 0.395036 0.182699 0.388760 0.191954 0.386901 0.194769 0.384172 0.194218 0.384208 0.193037 0.384102 0.192356 0.382534 0.190745 0.374690 0.185352 0.373401 0.186157 0.370917 0.188977 0.370370 0.189810 0.370044 0.190319 0.367333 0.193907 0.367000 0.194231 0.366901 0.197083 0.367729 0.199556 0.366497 0.201315 0.365938 0.202176 0.363776 0.203148 0.363177 0.203333 0.362995 0.203657 0.362422 0.203981 0.358794 0.206218 0.354672 0.207218 0.353070 0.208329 0.352089 0.205421 0.351529 0.202019 0.351341 0.201106 0.350909 0.200819 0.350721 0.198579 0.350172 0.194444 0.351198 0.179583 0.350859 0.175338 0.353359 0.168231 0.354115 0.166991 0.354896 0.165694 0.356169 0.164009 0.355932 0.162935 0.355503 0.161593 0.355557 0.159963 0.356961 0.159190 0.358310 0.159190 0.359607 0.159769 0.361120 0.158148 0.362786 0.156667 0.364115 0.155787 0.364557 0.154907 0.365120 0.155259 0.365542 0.154125 0.366292 0.153792 0.366854 0.154014 0.368042 0.154792 0.368836 0.156287 0.369688 0.156620 0.375599 0.155278 0.384081 0.153741 0.386255 0.154042 0.388180 0.156120 0.389602 0.158056 0.392195 0.159245 0.397633 0.159986 0.395289 0.150917 0.394703 0.146157 0.392865 0.141102 0.390690 0.135898 0.388932 0.145861 0.388263 0.148389 0.387177 0.148537 0.379477 0.136056 0.376208 0.130417 0.374948 0.127509 0.375414 0.126597 0.376956 0.126181 0.379016 0.123264 0.378667 0.121963 0.378701 0.117685 0.379120 0.114338 0.379677 0.111921 0.380271 0.110060 0.382224 0.108514
6 0.383828 0.201296 0.388484 0.202245 0.391979 0.204167 0.392969 0.200787 0.390583 0.198106 0.387839 0.195310 0.385086 0.199546
8 0.405365 0.219630 0.407146 0.223347 0.408677 0.226792 0.407146 0.228227 0.405734 0.224426 0.404609 0.221481
8 0.406849 0.216574 0.410341 0.222505 0.411669 0.224495 0.409984 0.225773 0.407370 0.220972 0.406068 0.218009
8 0.407734 0.214676 0.409169 0.217366 0.409560 0.218106 0.410417 0.219259 0.412813 0.223611 0.411669 0.224495 0.410341 0.222505 0.406849 0.216296
8 0.456513 0.381458 0.463112 0.383389 0.474383 0.386921 0.485531 0.390565 0.487578 0.391583 0.487609 0.392495 0.487187 0.392870 0.477755 0.390940 0.465945 0.387032 0.457961 0.384083 0.457633 0.383426
8 0.440552 0.352889 0.449141 0.368157 0.451706 0.372718 0.457633 0.383426 0.467060 0.399681 0.465891 0.401495 0.462523 0.395296 0.456354 0.384403 0.452010 0.376588 0.449609 0.372282 0.449661 0.370523 0.449508 0.370148 0.448229 0.370185 0.441435 0.358069 0.439901 0.354778 0.440052 0.353894
2 0.466641 0.283426 0.465049 0.296958 0.463063 0.311903 0.459505 0.319833 0.458331 0.322347 0.458029 0.321972 0.458490 0.318458 0.458854 0.316236 0.459219 0.314259 0.460500 0.302583 0.460924 0.301625 0.461031 0.300694 0.460995 0.300074 0.461396 0.296505 0.461815 0.292352 0.463453 0.279551
2 0.467703 0.275088 0.467052 0.281245 0.464737 0.278616 0.463875 0.277773 0.464182 0.275639 0.464396 0.273190 0.464891 0.268144
2 0.471685 0.254384 0.472523 0.239366 0.473224 0.230403 0.474857 0.228412 0.475792 0.228000 0.476865 0.228000 0.477284 0.228495 0.474997 0.258032 0.474578 0.261519
2 0.478464 0.272639 0.483599 0.279713 0.490273 0.290102 0.490865 0.271005 0.491523 0.260579 0.492052 0.256889 0.494227 0.255366 0.495346 0.256889 0.494622 0.268079 0.493536 0.294532 0.490339 0.291866 0.489258 0.290995 0.485294 0.287602 0.480495 0.279926 0.479758 0.277255
8 0.439875 0.361333 0.440714 0.372551 0.440807 0.375926 0.440911 0.376852 0.441120 0.378056 0.441549 0.383894 0.441701 0.385259 0.441565 0.387065 0.441719 0.388958 0.441859 0.392199 0.442247 0.398023 0.440154 0.395481 0.439937 0.390398 0.439781 0.387898 0.439656 0.386222 0.439523 0.384111 0.438760 0.370755 0.438586 0.362389 0.438690 0.361704 0.439388 0.361458
5 0.436932 0.355051 0.440013 0.348495 0.441151 0.346644 0.441672 0.345403 0.443255 0.342810 0.444378 0.345245 0.443138 0.346583 0.442648 0.347944 0.440898 0.351069 0.440552 0.352889 0.440052 0.353894 0.439901 0.354778 0.438753 0.356213 0.437167 0.359616 0.436279 0.361194 0.436669 0.357509
8 0.411289 0.207866 0.413266 0.213602 0.413789 0.216829 0.414151 0.218694 0.414516 0.220120 0.414919 0.222343 0.413466 0.223213 0.412781 0.218694 0.412378 0.215106 0.412216 0.213745 0.411490 0.212023 0.411208 0.211597 0.410279 0.208440 0.410401 0.207931
8 0.401776 0.248949 0.406068 0.251023 0.406674 0.251755 0.407190 0.253264 0.405836 0.252847 0.402167 0.251421
8 0.399297 0.236898 0.405453 0.246801 0.409773 0.255162 0.410615 0.256773 0.410227 0.259194 0.406674 0.251755 0.401755 0.243019 0.399240 0.238426
2 0.465448 0.372042 0.464448 0.383829 0.463112 0.383389 0.458826 0.382167 0.457706 0.374866 0.457992 0.374403 0.456630 0.362014 0.456977 0.361458 0.456875 0.360343 0.456888 0.359838 0.458937 0.361579 0.459833 0.362343 0.462424 0.368009
8 0.451406 0.329722 0.451849 0.336676 0.449896 0.333991 0.450026 0.328065
2 0.470195 0.390366 0.469818 0.392671 0.469656 0.394685 0.468977 0.397250 0.467227 0.396032 0.464794 0.393917 0.464365 0.393153 0.465604 0.391037 0.466846 0.389792 0.467820 0.389023 0.468630 0.389023
8 0.443138 0.346583 0.448435 0.351602 0.456875 0.360343 0.456977 0.361458 0.456630 0.362014 0.456177 0.361829 0.447214 0.352657 0.442648 0.347944
8 0.437891 0.341852 0.441672 0.345403 0.441151 0.346644 0.437734 0.343296
8 0.413844 0.356083 0.424253 0.361972 0.425000 0.362389 0.424766 0.364130 0.417719 0.360477 0.416177 0.359398
8 0.441701 0.385259 0.441565 0.387065 0.446862 0.390435 0.463568 0.397222 0.462523 0.395296 0.457755 0.392944
8 0.441719 0.388958 0.446161 0.394278 0.446815 0.395190 0.446531 0.395847 0.445677 0.396759 0.441859 0.392199
6 0.313750 0.205370 0.310479 0.200718 0.311289 0.199185 0.318039 0.194000 0.319531 0.199755
8 0.448607 0.323574 0.452555 0.328556 0.455417 0.332681 0.454633 0.333431 0.447221 0.324699 0.447432 0.324273 0.447974 0.323843
8 0.474354 0.293755 0.474839 0.295833 0.474839 0.297338 0.474596 0.299204 0.474273 0.301069 0.473669 0.302574 0.468990 0.310463 0.466044 0.315981 0.465643 0.316773 0.465359 0.317491 0.465240 0.318352 0.465279 0.320431 0.465643 0.322366 0.466044 0.324806 0.466812 0.327171 0.469451 0.335537 0.473693 0.347986 0.475023 0.351694 0.475023 0.352245 0.474786 0.352713 0.474161 0.352755 0.473641 0.352019 0.467430 0.334190 0.464336 0.323185 0.463953 0.319958 0.463984 0.318472 0.464159 0.316671 0.464891 0.315000 0.467401 0.310412 0.471831 0.302667 0.473047 0.300120 0.473573 0.298079 0.473190 0.293616 0.473047 0.291852
8 0.467982 0.285185 0.469271 0.288889 0.471406 0.294815 0.472734 0.298611 0.473073 0.298611 0.473307 0.298565 0.473573 0.298079 0.472708 0.295093 0.469870 0.287870 0.469349 0.286667
8 0.466146 0.287500 0.469477 0.293782 0.472198 0.300042 0.471430 0.300972 0.465956 0.289259
8 0.465859 0.290694 0.469310 0.297514 0.471094 0.301343 0.470391 0.302218 0.465625 0.292639
8 0.465427 0.294528 0.468505 0.300579 0.469909 0.302977 0.468992 0.303556 0.465049 0.296958
8 0.464635 0.300741 0.466943 0.306093 0.465935 0.307144 0.465583 0.306958 0.464258 0.302931
8 0.457031 0.309060 0.458646 0.312810 0.459219 0.314259 0.458854 0.316236 0.456354 0.310463
8 0.455911 0.311296 0.458203 0.316560 0.458385 0.316884 0.458490 0.318458 0.457888 0.318690 0.455156 0.312731 0.455651 0.311792
8 0.460044 0.302278 0.457031 0.309060 0.456354 0.310463 0.455911 0.311296 0.455651 0.311792 0.455156 0.312731 0.453195 0.316120 0.451167 0.319500 0.449995 0.321852 0.448146 0.322097 0.451357 0.316583 0.454427 0.311190 0.455234 0.309801 0.456120 0.307593 0.458292 0.303398 0.459060 0.301606 0.459409 0.301542 0.459724 0.301542
8 0.440714 0.372551 0.447141 0.370722 0.448229 0.370185 0.449508 0.370148 0.449661 0.370523 0.449609 0.372282 0.440956 0.375162
8 0.440807 0.375926 0.447589 0.378241 0.454260 0.380731 0.455661 0.383306 0.453141 0.382972 0.445021 0.379819 0.441120 0.378056 0.440911 0.376852
8 0.438904 0.373454 0.435115 0.376264 0.435013 0.378745 0.438940 0.375843
8 0.435365 0.373889 0.437552 0.374444 0.435208 0.376157
5 0.435198 0.365148 0.431471 0.372829 0.429474 0.377722 0.427206 0.375806 0.432271 0.364611 0.433042 0.363546 0.433792 0.362134 0.433615 0.361741 0.435995 0.356861 0.435458 0.362245
8 0.431633 0.372463 0.434531 0.373347 0.434417 0.375380 0.430794 0.374431
8 0.424130 0.370287 0.429245 0.371250 0.428385 0.373148 0.424625 0.372120 0.423177 0.370426
8 0.447786 0.307639 0.438977 0.339907 0.438615 0.341449 0.438250 0.342079 0.437865 0.341759 0.438352 0.338102 0.439047 0.333356 0.444831 0.314079 0.446638 0.306597 0.447122 0.306597 0.447578 0.306907
8 0.402331 0.324250 0.410042 0.333389 0.414294 0.338292 0.422852 0.349037 0.431190 0.358681 0.433615 0.361741 0.433792 0.362134 0.433042 0.363546 0.422456 0.350917 0.408987 0.335500 0.399193 0.323889
8 0.414115 0.324403 0.424083 0.325630 0.424083 0.327051 0.413667 0.325833 0.402331 0.324250 0.399193 0.323889 0.391862 0.323218 0.389771 0.320412 0.389945 0.319889 0.397685 0.320769 0.399703 0.321046
8 0.371937 0.288653 0.373737 0.291500 0.372711 0.293079 0.363622 0.279958 0.364659 0.278843
8 0.427401 0.295935 0.428969 0.297222 0.429763 0.295903 0.426776 0.294176
8 0.443151 0.289120 0.447648 0.290296 0.451477 0.292019 0.453672 0.293097 0.453875 0.293833 0.453724 0.296000 0.453469 0.297907 0.453161 0.298815 0.446117 0.296194 0.442682 0.293796 0.442891 0.291806
8 0.420911 0.279755 0.438451 0.286995 0.442474 0.288657 0.441979 0.292963 0.428352 0.288259 0.423628 0.286157 0.421797 0.282065
8 0.405328 0.273843 0.414310 0.276745 0.419005 0.278833 0.421354 0.285278 0.407573 0.279741 0.404969 0.278833
8 0.397622 0.276671 0.401945 0.280144 0.402219 0.277894 0.395698 0.274028 0.395643 0.274403
8 0.449505 0.301204 0.450005 0.307144 0.450760 0.317704 0.449680 0.319144 0.449250 0.317801 0.449250 0.315019 0.449492 0.313218 0.449073 0.306829 0.448044 0.301685 0.449245 0.300694
8 0.447521 0.300088 0.449651 0.297856 0.450065 0.298167 0.450206 0.298597 0.449971 0.299801 0.449245 0.300694 0.448044 0.301685
8 0.447870 0.296815 0.448000 0.299639 0.449094 0.298343 0.448911 0.297324
8 0.450313 0.299847 0.453906 0.307069 0.455234 0.309801 0.454427 0.311190 0.451354 0.305171 0.449711 0.301468 0.449711 0.300681 0.449971 0.299801
8 0.452109 0.298426 0.456120 0.307593 0.455547 0.308935 0.450719 0.298921 0.451083 0.298116
8 0.453724 0.296000 0.456458 0.298843 0.459060 0.301606 0.458292 0.303398 0.455451 0.299523 0.453469 0.297907
8 0.456615 0.289833 0.459357 0.295440 0.460367 0.297815 0.460930 0.298954 0.460995 0.300074 0.458276 0.296292 0.456695 0.293801 0.455766 0.290995
8 0.460286 0.284074 0.462341 0.288255 0.462081 0.290199 0.459763 0.285199
8 0.457336 0.286014 0.454190 0.290676 0.454477 0.291088 0.455117 0.291898 0.458062 0.287667
8 0.460490 0.283681 0.459167 0.286296 0.458281 0.284120 0.459401 0.281620
8 0.462318 0.278056 0.461292 0.282032 0.460326 0.280505 0.461552 0.277310
8 0.457763 0.276319 0.461964 0.283125 0.462755 0.284949 0.462523 0.287606 0.457529 0.277898
8 0.457177 0.281380 0.460286 0.289028 0.461667 0.292917 0.461396 0.296505 0.458852 0.289810 0.456823 0.284722 0.456656 0.281880
8 0.451484 0.267778 0.455203 0.276833 0.454878 0.279824 0.451565 0.272023 0.449977 0.266218
8 0.443880 0.283148 0.445268 0.285176 0.447326 0.287963 0.448128 0.288833 0.449581 0.290546 0.449607 0.291102 0.448068 0.290454 0.446951 0.289389 0.444789 0.287028 0.443435 0.285319 0.443669 0.282861
8 0.495094 0.343949 0.497568 0.348181 0.498875 0.344366 0.497987 0.344032
8 0.500182 0.341213 0.498820 0.339111 0.497039 0.337579 0.496174 0.336042 0.496552 0.334505 0.497310 0.331144 0.497849 0.329704 0.498443 0.329606 0.499844 0.331019 0.501544 0.332968 0.506112 0.336616 0.507839 0.338343 0.512049 0.343431 0.512789 0.344792 0.533789 0.376394 0.541289 0.386829 0.542190 0.388440 0.544326 0.391671 0.547135 0.395509 0.548987 0.397995 0.576581 0.437491 0.576258 0.438569 0.574096 0.441162 0.571937 0.442407 0.547513 0.404690 0.544141 0.401134 0.537484 0.393546 0.536617 0.390778 0.522326 0.369255 0.517247 0.362745 0.505852 0.346014 0.503745 0.345245 0.501477 0.343519 0.501208 0.342366 0.500937 0.341407
8 0.479203 0.301412 0.483490 0.311847 0.488237 0.324912 0.494362 0.341245 0.498292 0.340519 0.490940 0.326093 0.489807 0.325648 0.489094 0.324329 0.489013 0.323014 0.489523 0.322255 0.490008 0.321389 0.490294 0.320917 0.483888 0.308653 0.480305 0.302755
8 0.481935 0.285157 0.484526 0.287139 0.489258 0.290995 0.493536 0.294532 0.494018 0.295389 0.493987 0.296620 0.493898 0.297319 0.493625 0.297477 0.488776 0.293514 0.482404 0.288236 0.481664 0.285157
8 0.469391 0.249810 0.471333 0.253806 0.474906 0.262514 0.477419 0.269102 0.479758 0.277255 0.482404 0.288236 0.485669 0.301097 0.488437 0.313750 0.483810 0.305454 0.482687 0.300727 0.479263 0.291690 0.477458 0.285806 0.474862 0.276708 0.470714 0.264866 0.466211 0.255218 0.465995 0.254199 0.466128 0.253102 0.467977 0.250907
8 0.447927 0.212454 0.452591 0.223556 0.457651 0.237046 0.463255 0.250963 0.469635 0.267028 0.476016 0.284241 0.479263 0.291690 0.482687 0.300727 0.483810 0.305454 0.474948 0.292116 0.470521 0.282148 0.462315 0.261574 0.452984 0.237426 0.446898 0.223356 0.444654 0.217792 0.444771 0.215796 0.445365 0.214435 0.446130 0.213588
8 0.422599 0.229593 0.423143 0.230657 0.423430 0.231171 0.423534 0.232278 0.422885 0.232296 0.422599 0.232046 0.422078 0.230981 0.421948 0.230569 0.421971 0.230148 0.422182 0.229824
8 0.417497 0.237940 0.420547 0.260185 0.421016 0.265000 0.420576 0.265778 0.419818 0.265681 0.419375 0.264259 0.417766 0.252819 0.416146 0.239569 0.416719 0.237917
8 0.407977 0.229431 0.413461 0.231435 0.416609 0.232944 0.416932 0.233301 0.417094 0.233949 0.417094 0.234736 0.416609 0.235093 0.410841 0.232227 0.408500 0.231579 0.407734 0.231222 0.407372 0.230648 0.407492 0.230074
10 0.485125 0.459083 0.492987 0.473787 0.494055 0.475634 0.495065 0.471778 0.496872 0.468181 0.498003 0.467282 0.496648 0.457398 0.495563 0.457398 0.495563 0.460532 0.487836 0.461255 0.486344 0.458361
8 0.414758 0.258194 0.419880 0.266870 0.425164 0.276838 0.428229 0.282861 0.426617 0.282213 0.422299 0.274111 0.414430 0.260130
8 0.414141 0.264074 0.417096 0.270671 0.420911 0.279755 0.421797 0.282065 0.423628 0.286157 0.427826 0.297204 0.428310 0.298352 0.428310 0.298926 0.428068 0.299713 0.427583 0.299713 0.423307 0.290102 0.421354 0.285278 0.419005 0.278833 0.413667 0.266870 0.413589 0.266222 0.413466 0.265435
8 0.401990 0.233644 0.404112 0.235255 0.407125 0.238685 0.412008 0.245435 0.415594 0.250736 0.418245 0.256042 0.418607 0.258880 0.416979 0.255718 0.414328 0.250949 0.409628 0.244310 0.403570 0.237130 0.400617 0.234236 0.400406 0.233329 0.400708 0.233222 0.401310 0.233222 0.401432 0.233222
8 0.415365 0.223565 0.416401 0.230412 0.416932 0.233301 0.416609 0.232944 0.415096 0.232157 0.413753 0.224514
8 0.411068 0.226852 0.412734 0.229606 0.413896 0.229074 0.412500 0.225648
8 0.412500 0.225648 0.413896 0.229074 0.414526 0.228731 0.413437 0.224769
8 0.404430 0.282782 0.407060 0.284866 0.409326 0.286810 0.410003 0.287227 0.412945 0.287782 0.416383 0.289588 0.420133 0.292505 0.424352 0.295792 0.427346 0.300097 0.427737 0.300931 0.427503 0.301856 0.423596 0.297829 0.417112 0.292088 0.414664 0.290606 0.412503 0.289681 0.409924 0.288986 0.407763 0.287782 0.404352 0.284171
8 0.404896 0.279444 0.408695 0.281606 0.413878 0.285255 0.419440 0.289097 0.423112 0.291690 0.424464 0.292551 0.425542 0.295144 0.423654 0.293606 0.419008 0.290824 0.412151 0.286310 0.408586 0.284778 0.404609 0.281528
5 0.424797 0.286634 0.430398 0.293685 0.431047 0.294352 0.430263 0.295380 0.429763 0.295903 0.426776 0.294176 0.423628 0.286157
5 0.421354 0.285278 0.423307 0.290102 0.424464 0.292551 0.423112 0.291690 0.419440 0.289097 0.413878 0.285255 0.408695 0.281606 0.404896 0.279444 0.404969 0.278833 0.407573 0.279741
5 0.406112 0.265579 0.407685 0.266796 0.407255 0.269056 0.407471 0.271111 0.408266 0.273171 0.409568 0.274069 0.410870 0.273940 0.411810 0.272657 0.412042 0.272176 0.414906 0.275759 0.417326 0.277986 0.414310 0.276745 0.405328 0.273843
8 0.367839 0.212546 0.364911 0.216463 0.363380 0.214528 0.366849 0.211250
5 0.356174 0.220810 0.354799 0.222866 0.354221 0.224537 0.352112 0.227944 0.359557 0.233343 0.362823 0.235542 0.360956 0.231144 0.357643 0.222931 0.356659 0.220736
5 0.361357 0.211958 0.368081 0.220440 0.368286 0.221875 0.367638 0.223894 0.366721 0.226199 0.366721 0.228884 0.367583 0.232148 0.369906 0.241269 0.370690 0.244523 0.369172 0.242338 0.363758 0.235954 0.363805 0.235292 0.360724 0.227824 0.357456 0.219944 0.356398 0.216843 0.357750 0.213574 0.359260 0.212241
6 0.378570 0.193037 0.386901 0.194769 0.382766 0.201069 0.379659 0.200495 0.376674 0.197843 0.378047 0.193250
8 0.347362 0.178417 0.345727 0.178333 0.345495 0.178667 0.347315 0.187792 0.349695 0.200569 0.350068 0.201315 0.350815 0.201481 0.350909 0.200819 0.350721 0.198579 0.349555 0.190861
8 0.346443 0.171616 0.347370 0.176921 0.345435 0.176778 0.344747 0.173838 0.344828 0.172977 0.345435 0.171903 0.346042 0.170833
8 0.329523 0.227764 0.335729 0.235745 0.344141 0.247963 0.342448 0.248148 0.333953 0.235111 0.328875 0.228185
8 0.345125 0.249019 0.352164 0.258565 0.363930 0.274259 0.372492 0.285810 0.379344 0.296310 0.388141 0.306810 0.388896 0.307292 0.399703 0.321046 0.397685 0.320769 0.389260 0.311282 0.384023 0.305194 0.371937 0.288653 0.364659 0.278843 0.358880 0.271296 0.347672 0.255634 0.343396 0.249282
8 0.346854 0.241995 0.343909 0.247514 0.342740 0.246079 0.345846 0.240773 0.346401 0.241181
8 0.341641 0.227917 0.341544 0.238745 0.341586 0.242616 0.340094 0.241398 0.340227 0.236278 0.340081 0.234944 0.340312 0.227236 0.340406 0.225903 0.341482 0.226148
14 0.355146 0.150870 0.356667 0.147917 0.357536 0.148537 0.360117 0.148417 0.363534 0.147981 0.369357 0.148227 0.368867 0.149708 0.364060 0.150704
14 0.359341 0.144866 0.367784 0.140880 0.369615 0.140458 0.370443 0.141718 0.370560 0.142870 0.370185 0.144102 0.370018 0.146060 0.369078 0.145625 0.362648 0.145181 0.361685 0.145190 0.357693 0.145764
14 0.367229 0.129315 0.365875 0.141926 0.367784 0.140880 0.369615 0.140458 0.368984 0.131736 0.368221 0.128704
6 0.373638 0.280630 0.373638 0.279208 0.374435 0.276509 0.383253 0.284352 0.399448 0.300287 0.399083 0.304509 0.394227 0.299361 0.381503 0.287657
2 0.474359 0.391616 0.476411 0.393449 0.477760 0.395273 0.478299 0.396616 0.478732 0.398727 0.478625 0.400264 0.478029 0.401977 0.477466 0.400819 0.476719 0.400319 0.474714 0.399736 0.472253 0.398537 0.472253 0.396426 0.472547 0.395727 0.472987 0.394398
10 0.480464 0.391329 0.481349 0.395394 0.481536 0.398546 0.480602 0.402778 0.479109 0.405681 0.477802 0.406843 0.475935 0.407176 0.474023 0.407009 0.472763 0.406264 0.471221 0.403690 0.470568 0.400287 0.472716 0.401199 0.472948 0.402528 0.473883 0.404528 0.474909 0.405185 0.476495 0.405269 0.478362 0.403773 0.479810 0.400370 0.479391 0.397384 0.478609 0.394171 0.475734 0.391843 0.474359 0.391616 0.472987 0.394398 0.472547 0.395727 0.472047 0.395843 0.471674 0.398282 0.469984 0.397616 0.470172 0.394727 0.470797 0.392065 0.471797 0.390065 0.472799 0.389394 0.477755 0.390940
15 0.446635 0.396514 0.457276 0.396681 0.462831 0.397843 0.464510 0.398921 0.465891 0.401495 0.467060 0.399681 0.468852 0.400000 0.468805 0.406139 0.460823 0.406139 0.460076 0.405972 0.456156 0.405972 0.452935 0.406139 0.452237 0.405722 0.448737 0.406634 0.447615 0.406222 0.442247 0.398023 0.442294 0.397009 0.445677 0.396759
10 0.465039 0.408394 0.466297 0.407398 0.467745 0.407398 0.468818 0.408394 0.469938 0.409556 0.470591 0.410468 0.471385 0.411546 0.472763 0.413565 0.473461 0.415222 0.474208 0.415889 0.475328 0.416718 0.475888 0.417796 0.476589 0.418625 0.476125 0.420051 0.474909 0.420389 0.473651 0.419014 0.472586 0.417292 0.471523 0.416778 0.469490 0.416435 0.468135 0.415403 0.465716 0.413852 0.464688 0.412403 0.464221 0.411324 0.464409 0.410412
10 0.460086 0.406551 0.462326 0.407134 0.463401 0.407963 0.464052 0.409208 0.463820 0.410949 0.462909 0.413681 0.460823 0.412750 0.459896 0.411389 0.459167 0.410171 0.458070 0.410926 0.456232 0.409208 0.455336 0.408736 0.454083 0.409023 0.453135 0.409037 0.452432 0.408227 0.451302 0.407301 0.451182 0.406370 0.451260 0.405940 0.452237 0.405722 0.452633 0.406727 0.453198 0.407514 0.453805 0.407731 0.454328 0.407944 0.454891 0.407440 0.455214 0.406801 0.455620 0.406222 0.456156 0.405972 0.457315 0.407588 0.457471 0.407870 0.458159 0.408227 0.458844 0.408162 0.459372 0.407440 0.459409 0.406370
2 0.479063 0.414931 0.477437 0.416606 0.476125 0.420051 0.475625 0.425370 0.476062 0.433699 0.477500 0.444144 0.478875 0.448583 0.480747 0.451250 0.482747 0.453028 0.484560 0.453583 0.486372 0.453583 0.487995 0.452472 0.492120 0.447917 0.495068 0.445565 0.496417 0.446144 0.500036 0.445856 0.505240 0.444921 0.506630 0.444560 0.507224 0.442833 0.509815 0.438333 0.513526 0.432801 0.515138 0.430370 0.516062 0.429500 0.515581 0.429000 0.502471 0.424769 0.499768 0.423046 0.497875 0.421259 0.496099 0.420259 0.491701 0.419185 0.488190 0.422551 0.484604 0.425991 0.482622 0.426069 0.482703 0.413806 0.480849 0.414019
2 0.488010 0.410514 0.492060 0.406662 0.497799 0.400940 0.497799 0.403514 0.498305 0.410454 0.498521 0.412120 0.498810 0.414051 0.496974 0.414884 0.494227 0.416556 0.491701 0.419185 0.488190 0.422551 0.484604 0.425991 0.482622 0.426069 0.482703 0.413806
2 0.492669 0.395236 0.495232 0.393347 0.496732 0.392125 0.498042 0.391681 0.498729 0.391125 0.498378 0.392972 0.498089 0.395931 0.498016 0.398241 0.497799 0.400940 0.492060 0.406662 0.488010 0.410514 0.482703 0.413806 0.483609 0.411120 0.483609 0.409120 0.483297 0.406454 0.482547 0.407009 0.481609 0.407120 0.480737 0.406676 0.480424 0.405565 0.481049 0.403231 0.482359 0.401898 0.487047 0.399347 0.490461 0.396991 0.491109 0.397278 0.492245 0.395838
10 0.499461 0.389889 0.498378 0.392972 0.498089 0.395931 0.498016 0.398241 0.497799 0.400940 0.497799 0.403514 0.498305 0.410454 0.498521 0.412120 0.498810 0.414051 0.499461 0.415847 0.500112 0.417005 0.500547 0.415079 0.500906 0.413153 0.502135 0.412634 0.503003 0.414435 0.504089 0.418032 0.505029 0.422532 0.505680 0.423819 0.507557 0.426000 0.509076 0.426389 0.508208 0.421245 0.509294 0.420347 0.509583 0.419319 0.509521 0.416847 0.505740 0.411375 0.505180 0.410130 0.504760 0.408718 0.507607 0.412287 0.509005 0.413023 0.509365 0.406727 0.510305 0.406083 0.510667 0.405824 0.511245 0.404282 0.511750 0.394903 0.512323 0.393847 0.510247 0.386005 0.508542 0.387949 0.505953 0.389685 0.504875 0.391315 0.503466 0.391407 0.503250 0.389194 0.502229 0.389014
10 0.513406 0.380431 0.516487 0.378722 0.516320 0.376194 0.517742 0.375602 0.518245 0.377088 0.518893 0.379981 0.517273 0.381130 0.514615 0.383495 0.513909 0.383259 0.510247 0.386005 0.508542 0.387949 0.505953 0.389685 0.504875 0.391315 0.503466 0.391407 0.503250 0.389194 0.505112 0.387347 0.509216 0.383255
2 0.508503 0.446468 0.509206 0.446375 0.510987 0.445509 0.514443 0.443495 0.517198 0.441380 0.518492 0.439940 0.518951 0.440579 0.517042 0.446255 0.514331 0.454213 0.513922 0.454009 0.512516 0.454995 0.512138 0.455694 0.511544 0.454157
2 0.519917 0.441755 0.525862 0.453167 0.523016 0.456963 0.522224 0.458088 0.515690 0.455125
2 0.531607 0.433199 0.534919 0.447306 0.536854 0.456194 0.528919 0.453083 0.525984 0.436079 0.525990 0.435185 0.527669 0.433977 0.529669 0.433644
2 0.531607 0.433199 0.533081 0.434454 0.533612 0.434097 0.537805 0.440269 0.542576 0.446181 0.545396 0.450037 0.547203 0.454019 0.546401 0.453907 0.543052 0.456944 0.539638 0.455245 0.540802 0.457662 0.536854 0.456194 0.534919 0.447306
10 0.543359 0.457167 0.546401 0.453907 0.547203 0.454019 0.548503 0.456847 0.548792 0.461218 0.542565 0.458500
2 0.552755 0.439606 0.554375 0.437398 0.558156 0.434903 0.561396 0.434806 0.564203 0.434708 0.566310 0.435671 0.567281 0.436435 0.568255 0.437111 0.568685 0.438644 0.569172 0.447861 0.571872 0.448435 0.572953 0.448917 0.573654 0.449588 0.574141 0.450838 0.574357 0.452759 0.573169 0.468981 0.564010 0.460435 0.552857 0.449056 0.552076 0.447440 0.552201 0.442435
2 0.549820 0.546231 0.543367 0.547019 0.541674 0.546519 0.541310 0.545944 0.542156 0.544366 0.542198 0.543218 0.541594 0.543005 0.541190 0.544222 0.540948 0.545301 0.540422 0.545583 0.539859 0.546157 0.539698 0.547236 0.539656 0.548310 0.538607 0.549528 0.538083 0.549315 0.537721 0.550319 0.537195 0.551181 0.536469 0.551537 0.536055 0.553639 0.535307 0.554884 0.534513 0.555713 0.533815 0.556213 0.533534 0.556620 0.532417 0.556792 0.531479 0.556458 0.530781 0.555296 0.531250 0.552894 0.531622 0.551403 0.531250 0.549241 0.531573 0.546921 0.531479 0.542023 0.531193 0.540444 0.531339 0.538130 0.532424 0.536333 0.533292 0.535301 0.532352 0.534019 0.531557 0.532606 0.531557 0.530292 0.532060 0.528241 0.532352 0.524509 0.550286 0.545231
10 0.546984 0.546769 0.547523 0.551954 0.547253 0.555889 0.545844 0.559921 0.544818 0.561065 0.535589 0.560796 0.534331 0.559463 0.533586 0.557972 0.533534 0.556620 0.533815 0.556213 0.534513 0.555713 0.535307 0.554884 0.536055 0.553639 0.536469 0.551537 0.537195 0.551181 0.537721 0.550319 0.538083 0.549315 0.538607 0.549528 0.539656 0.548310 0.539698 0.547236 0.539859 0.546157 0.540422 0.545583 0.540948 0.545301 0.541310 0.545944 0.541674 0.546519 0.543367 0.547019
2 0.532786 0.519676 0.546750 0.535495 0.551026 0.541065 0.550286 0.545231 0.531224 0.523333
2 0.535807 0.511574 0.539089 0.513606 0.543690 0.518810 0.549378 0.524019 0.553997 0.528903 0.558490 0.534491 0.557839 0.542324 0.557573 0.545282 0.554479 0.544981 0.552974 0.543347 0.553211 0.541620 0.551964 0.540620 0.551464 0.540620 0.551026 0.541065 0.546750 0.535495 0.532786 0.519676
10 0.545281 0.573287 0.542474 0.573380 0.539128 0.573287 0.536049 0.572324 0.533510 0.570694 0.530810 0.562819 0.535076 0.566181 0.540044 0.568389 0.546307 0.567815
10 0.543208 0.573375 0.540453 0.583000 0.538026 0.582667 0.537094 0.580926 0.536628 0.579597 0.537141 0.576778 0.538401 0.574204 0.539128 0.573287 0.542474 0.573380
2 0.554641 0.550227 0.552589 0.560931 0.551216 0.564722 0.551729 0.565963 0.553615 0.568727 0.554596 0.569227 0.555435 0.568477 0.557536 0.566486 0.557466 0.556514 0.557549 0.553051
2 0.559156 0.554255 0.563633 0.559704 0.559193 0.564894 0.559052 0.559833
10 0.548695 0.566713 0.551216 0.564722 0.551729 0.565963 0.552289 0.567375 0.552755 0.568537 0.552664 0.569282 0.550003 0.570944 0.548417 0.572435 0.547951 0.572106 0.547901 0.571389
2 0.582292 0.497731 0.583065 0.498458 0.583427 0.502444 0.583354 0.506556 0.583284 0.509644 0.581323 0.519495 0.579878 0.518560 0.564922 0.508356 0.566799 0.499616 0.567307 0.496917 0.568490 0.492532 0.571065 0.488565 0.572510 0.488565 0.577500 0.492546 0.580029 0.495245 0.581693 0.497176
2 0.578393 0.535838 0.573625 0.555019 0.571443 0.556417 0.570688 0.555227 0.571107 0.553296 0.570354 0.552847 0.568013 0.554782 0.566094 0.556898 0.559354 0.549801 0.559380 0.544981 0.567911 0.544449 0.559940 0.535856 0.560779 0.529713 0.563479 0.516046 0.564565 0.511139 0.569844 0.514417 0.578034 0.519616 0.578099 0.520583 0.575924 0.520134 0.575005 0.520731 0.574419 0.521625
2 0.559940 0.535856 0.559380 0.544981 0.567911 0.544449
2 0.559156 0.554255 0.563633 0.559704 0.565911 0.556991 0.566068 0.556852 0.559354 0.549801
2 0.554479 0.544981 0.557672 0.548389 0.557549 0.553051 0.552185 0.547602 0.552974 0.543347
10 0.544596 0.519194 0.545596 0.517083 0.546284 0.516194 0.547721 0.516194 0.549406 0.518194 0.550344 0.519528 0.550781 0.521750 0.550969 0.523639 0.550781 0.524972 0.549378 0.524019
10 0.546536 0.502407 0.548302 0.503074 0.550922 0.504653 0.552294 0.505727 0.553344 0.506731 0.554471 0.508597 0.555255 0.509704 0.556424 0.513694 0.554924 0.511481 0.550492 0.507032 0.547240 0.504366
10 0.539161 0.502593 0.542474 0.502259 0.546438 0.502185 0.545365 0.503264 0.544109 0.503505 0.541401 0.503505 0.538833 0.503671
10 0.381667 0.226343 0.379591 0.226505 0.377513 0.227009 0.375747 0.227565 0.374807 0.228023 0.374583 0.228472 0.374089 0.230046 0.373099 0.233389 0.372216 0.243060 0.372273 0.244222 0.370690 0.244523 0.369906 0.241269 0.367583 0.232148 0.366721 0.228884 0.366721 0.226199 0.367638 0.223894 0.368286 0.221875 0.368844 0.221204 0.369357 0.222032 0.371924 0.217968 0.373727 0.217338 0.374922 0.216782 0.376544 0.216681 0.377495 0.216838 0.378250 0.216069 0.379760 0.216644 0.380786 0.217509 0.382409 0.218759 0.383211 0.219681 0.383203 0.220324 0.383203 0.221019 0.383255 0.221991 0.383109 0.223366 0.382409 0.224995
2 0.451357 0.255255 0.453573 0.261972 0.454706 0.265620 0.455768 0.269495 0.450005 0.264125 0.449674 0.263384 0.450547 0.259380 0.451034 0.256403
10 0.612969 0.586389 0.623599 0.579810 0.627344 0.576898 0.629062 0.575880 0.631693 0.575370 0.635122 0.577833 0.637747 0.583935 0.639375 0.593241 0.637560 0.594824 0.634305 0.581495 0.632810 0.579824 0.630750 0.579606 0.626622 0.582935 0.630807 0.601375 0.628435 0.599708 0.626375 0.592162 0.622687 0.594718 0.622370 0.593718 0.626245 0.590824 0.624995 0.584051 0.620440 0.588167 0.621685 0.594153 0.620815 0.593500 0.619378 0.592264 0.618815 0.588833 0.616589 0.589769
2 0.637182 0.555282 0.636482 0.560370 0.635724 0.569106 0.634768 0.570519 0.634104 0.570449 0.628721 0.557231 0.619969 0.536366 0.619060 0.534046 0.619953 0.532926 0.621711 0.535005 0.624471 0.537236 0.625727 0.540509 0.626729 0.543185 0.628570 0.544968 0.631664 0.546009 0.634591 0.548093 0.646049 0.556704 0.645609 0.557542 0.645391 0.557963
10 0.613359 0.592037 0.617065 0.607282 0.615057 0.605458 0.611604 0.592597 0.608943 0.594176 0.610417 0.589468
10 0.619648 0.597111 0.622029 0.607796 0.623401 0.612097 0.624724 0.613347 0.625578 0.612958 0.623198 0.600120
10 0.589792 0.673009 0.586823 0.678935 0.592240 0.682130 0.593021 0.681481
3 0.578547 0.641282 0.577143 0.644352 0.579086 0.649921 0.582003 0.655972 0.584896 0.660556 0.579401 0.674583 0.582812 0.677380 0.587422 0.665926 0.589661 0.672546 0.592969 0.681528 0.595443 0.678611 0.590859 0.664514 0.588753 0.659426 0.585081 0.651361 0.579031 0.641088
1 0.621229 0.567935 0.621836 0.568009 0.622641 0.568796 0.624536 0.570870 0.626958 0.573745 0.628047 0.574963 0.630104 0.572958 0.631880 0.572097 0.632484 0.571954 0.632927 0.573171 0.632604 0.574032 0.630305 0.575681 0.629062 0.575880 0.627344 0.576898 0.626716 0.576111 0.622563 0.569940 0.621714 0.569514
1 0.620443 0.569722 0.619328 0.570255 0.618182 0.571005 0.615109 0.573787 0.614023 0.574968 0.612367 0.575130 0.612607 0.573843 0.614628 0.572287 0.617609 0.570042 0.619328 0.568699 0.620232 0.568431
3 0.586565 0.632005 0.591198 0.639819 0.597294 0.653583 0.601745 0.667269 0.596120 0.676435 0.591294 0.661671 0.588102 0.654444 0.581422 0.642745 0.579099 0.639306 0.580648 0.634662 0.582875 0.630356 0.583078 0.629426 0.584628 0.627880
10 0.556909 0.636787 0.553281 0.627361 0.558307 0.626852 0.562839 0.627546 0.566432 0.629074 0.565391 0.635370 0.577143 0.644352 0.579086 0.649921 0.582003 0.655972 0.584818 0.660602 0.583438 0.663657 0.565289 0.649940 0.564227 0.651273 0.562604 0.651273 0.560854 0.650384 0.557292 0.638056
10 0.623852 0.561574 0.624690 0.562986 0.625391 0.565227 0.625810 0.567551 0.625956 0.569542 0.625625 0.571032 0.625344 0.571699 0.624536 0.570870 0.622641 0.568796 0.621836 0.568009 0.621229 0.567935 0.620924 0.566856 0.618810 0.558921 0.620117 0.559667
10 0.615677 0.556713 0.617773 0.558509 0.617938 0.559398 0.620232 0.568431 0.619328 0.568699 0.617609 0.570042 0.616766 0.570769 0.612284 0.568333 0.612271 0.568046 0.612630 0.566528 0.614062 0.560556 0.614932 0.556866
10 0.635724 0.569106 0.640081 0.564741 0.644315 0.560796 0.645203 0.559287 0.645391 0.557963 0.645609 0.557542 0.646049 0.556704 0.647422 0.556634 0.649156 0.557139 0.650042 0.557569 0.650768 0.558431 0.651656 0.559287 0.652099 0.560579 0.652260 0.562231 0.651898 0.563662 0.651172 0.564810 0.650122 0.564523 0.646453 0.561870 0.645565 0.561440 0.641531 0.566245 0.640081 0.568611 0.640000 0.569329 0.642419 0.583384 0.643346 0.587829 0.642177 0.588620 0.638023 0.572269 0.637135 0.569903 0.636370 0.570833 0.635401 0.570977 0.634768 0.570519
10 0.644844 0.562407 0.645786 0.564787 0.646003 0.566806 0.646003 0.569111 0.645680 0.570935 0.645086 0.572759 0.644167 0.574583 0.643034 0.575639 0.640982 0.575157 0.640000 0.569329 0.640081 0.568611 0.641531 0.566245
10 0.636727 0.568102 0.637172 0.563944 0.638380 0.560718 0.639510 0.558921 0.640922 0.558352 0.641971 0.558639 0.644315 0.560796
10 0.367320 0.106583 0.368521 0.107912 0.368440 0.111426 0.369391 0.115782 0.370102 0.122250 0.374292 0.137991 0.374365 0.140185 0.374599 0.144176 0.375487 0.147847 0.375599 0.155278 0.369688 0.156620 0.368836 0.156287 0.368836 0.156287 0.368042 0.154792 0.366854 0.154014 0.366292 0.153792 0.365542 0.154125 0.365120 0.155259 0.365242 0.153750 0.362193 0.154106 0.357247 0.153940 0.354911 0.153856 0.354167 0.153356 0.355146 0.150870 0.364060 0.150704 0.368857 0.149699 0.369357 0.148227 0.369357 0.148227 0.363534 0.147981 0.360117 0.148417 0.357536 0.148537 0.356667 0.147917 0.357693 0.145764 0.361685 0.145190 0.362648 0.145181 0.369078 0.145625 0.370008 0.146042 0.370206 0.144134 0.370560 0.142870 0.370443 0.141718 0.369615 0.140458 0.368984 0.131736 0.368221 0.128704 0.368391 0.126833 0.368221 0.128704 0.367229 0.129315 0.365872 0.129903 0.365732 0.130319 0.365266 0.132144 0.364331 0.134051 0.362977 0.135546 0.361578 0.135875 0.359852 0.135875 0.358078 0.134218 0.357750 0.135958 0.356911 0.138449 0.356305 0.142097 0.356526 0.144079 0.355784 0.145782 0.355297 0.146588 0.354784 0.147421 0.354643 0.148417 0.353323 0.150940 0.352711 0.150847 0.351589 0.150833 0.350391 0.150741 0.349349 0.150000 0.349206 0.148972 0.348276 0.146083 0.347096 0.141801 0.347568 0.134532 0.347206 0.134083 0.346641 0.132792 0.346156 0.132361 0.344917 0.132477 0.342583 0.132722 0.341836 0.130481 0.342909 0.130898 0.344448 0.130815 0.345708 0.131065 0.346406 0.131505 0.347367 0.131574 0.347891 0.132505 0.348695 0.121773 0.349023 0.121773 0.349164 0.123264 0.349302 0.126750 0.349677 0.134796 0.350844 0.134880 0.351589 0.134051 0.353549 0.130648 0.355370 0.132060 0.356305 0.130731 0.357372 0.128190 0.357859 0.126847 0.358870 0.123014 0.361763 0.106921 0.362232 0.106421 0.363258 0.106838 0.363958 0.107917 0.363693 0.110403 0.363198 0.113727 0.362977 0.116546 0.362279 0.120361 0.361672 0.123764 0.360177 0.128741 0.358917 0.131477 0.359430 0.132639 0.361531 0.133556 0.362417 0.133556 0.363352 0.131398 0.363630 0.128079 0.364237 0.126917 0.367411 0.124759 0.367263 0.117884 0.367120 0.108833
10 0.318039 0.194000 0.324466 0.189199 0.325815 0.187565 0.326734 0.187185 0.327922 0.188815 0.328193 0.191792 0.328409 0.195056 0.328354 0.197648 0.327977 0.199278 0.316203 0.208593 0.313750 0.205370 0.319531 0.199755
2 0.505880 0.294028 0.502773 0.328472 0.501544 0.332968 0.499844 0.331019 0.502411 0.303537 0.503422 0.293898
2 0.505852 0.346014 0.506500 0.348704 0.506555 0.351681 0.506229 0.354750 0.505732 0.358940 0.503526 0.366468 0.499641 0.377120 0.494349 0.391134 0.492245 0.395838 0.491109 0.397278 0.490461 0.396991 0.489706 0.396032 0.489435 0.393917 0.489760 0.387968 0.489435 0.388255 0.487578 0.391583 0.485531 0.390565 0.484414 0.389120 0.483927 0.388157 0.483659 0.386241 0.490677 0.367231 0.493971 0.358111 0.499263 0.343616 0.500182 0.341213 0.500937 0.341407 0.501208 0.342366 0.501477 0.343519 0.503745 0.345245
2 0.458250 0.358352 0.459833 0.362343 0.462424 0.368009 0.465448 0.372042 0.468526 0.376648 0.473549 0.384231 0.474844 0.386250 0.481487 0.373384 0.483214 0.370505 0.483810 0.372903 0.485159 0.376074 0.486940 0.377991 0.490677 0.367231 0.493971 0.358111 0.496930 0.349481 0.493799 0.344199 0.488508 0.347176 0.487102 0.346602 0.487914 0.344778 0.489750 0.342759 0.494362 0.341245 0.488237 0.324912 0.483490 0.311847 0.479203 0.301412 0.475818 0.297162 0.475169 0.296968 0.474839 0.297338 0.474596 0.299204 0.474273 0.301069 0.473669 0.302574 0.468990 0.310463 0.466044 0.315981 0.465643 0.316773 0.465359 0.317491 0.465240 0.318352 0.465279 0.320431 0.465643 0.322366 0.466044 0.324806 0.466812 0.327171 0.469451 0.335537 0.473693 0.347986 0.475023 0.351694 0.475023 0.352245 0.474786 0.352713 0.474161 0.352755 0.473641 0.352019 0.467430 0.334190 0.464336 0.323185 0.463953 0.319958 0.463984 0.318472 0.464159 0.316671 0.464891 0.315000 0.467401 0.310412 0.471831 0.302667 0.473047 0.300120 0.472198 0.300042 0.468904 0.304167 0.465935 0.307144 0.463938 0.308968 0.463063 0.311903 0.459505 0.319833 0.458331 0.322347 0.457620 0.324231 0.456755 0.326727 0.456161 0.328361 0.456594 0.329898 0.455417 0.332681 0.454633 0.333431 0.453299 0.335176 0.452164 0.336134 0.451849 0.336676 0.452240 0.337171 0.456560 0.352435
10 0.614344 0.495551 0.616198 0.510468 0.619263 0.513333 0.619263 0.511542 0.617286 0.497269 0.617151 0.496032 0.615727 0.494398 0.614948 0.494903
2 0.383828 0.201296 0.388484 0.202245 0.392083 0.204259 0.390234 0.209722 0.388049 0.206861 0.385289 0.203481 0.383438 0.201806
2 0.383023 0.202370 0.386227 0.205981 0.389818 0.210648 0.389089 0.212778 0.387422 0.216852 0.386745 0.218611 0.385659 0.218690 0.383013 0.218884 0.383211 0.219681 0.382409 0.218759 0.380786 0.217509 0.379760 0.216644 0.378250 0.216069 0.377495 0.216838 0.375469 0.212931 0.378878 0.208093
2 0.417438 0.236546 0.421003 0.249569 0.422448 0.255481 0.425049 0.247255 0.424625 0.244926 0.421865 0.235384 0.421711 0.233963 0.421286 0.232356 0.420299 0.230199 0.419003 0.226935 0.418841 0.225593 0.418141 0.225495 0.417221 0.226074 0.416682 0.227130 0.416518 0.228472 0.416518 0.229431 0.416789 0.230968 0.416932 0.233301 0.417094 0.233949 0.417094 0.234736
14 0.668052 0.543954 0.671810 0.559764 0.660453 0.574620 0.656102 0.567333 0.655602 0.567037 0.651750 0.570801 0.648620 0.576176 0.647375 0.578681 0.646891 0.580597 0.646891 0.581458 0.646401 0.582611 0.645372 0.583949 0.643346 0.587829 0.642419 0.583384 0.643430 0.577333 0.644167 0.574583 0.647701 0.569171 0.651172 0.564810 0.660599 0.553194 0.663255 0.550231 0.666656 0.545574
14 0.643909 0.503106 0.645602 0.506690 0.646771 0.509773 0.641047 0.507579
14 0.379477 0.136056 0.387177 0.148537 0.388263 0.148389 0.388932 0.145861 0.390690 0.135898 0.392865 0.141102 0.394703 0.146157 0.395289 0.150917 0.397633 0.159986 0.392195 0.159245 0.389602 0.158056 0.388180 0.156120 0.386255 0.154042 0.384081 0.153741 0.375599 0.155278 0.375487 0.147847 0.374599 0.144176 0.374365 0.140185 0.374292 0.137991
14 0.441643 0.193111 0.442229 0.194343 0.442391 0.195880 0.442336 0.197704 0.442120 0.202218 0.441310 0.207208 0.440448 0.211241 0.439312 0.213736 0.437477 0.214023 0.436612 0.211241 0.437909 0.207977 0.436828 0.206727 0.435695 0.206056 0.435018 0.204773 0.433396 0.202444 0.430396 0.200889 0.424398 0.183782 0.434271 0.184671 0.433583 0.189444 0.437581 0.192889
8 0.451359 0.245713 0.452682 0.248009 0.454276 0.252722 0.451667 0.249583
8 0.615529 0.540875 0.618422 0.542366 0.619542 0.543444 0.619917 0.544194 0.619776 0.545273 0.618935 0.545519 0.617161 0.544440 0.615995 0.543611 0.616016 0.542639
8 0.351669 0.075819 0.350151 0.104347 0.347891 0.132505 0.347367 0.131574 0.346406 0.131505 0.347896 0.114412 0.349487 0.087542 0.349862 0.075495
8 0.357693 0.145764 0.353013 0.155519 0.348898 0.164981 0.345990 0.170787 0.345435 0.171903 0.344828 0.172977 0.342969 0.176574 0.341234 0.176384 0.344234 0.170787 0.345799 0.168060 0.350130 0.159213 0.352812 0.153301 0.353323 0.150940 0.354643 0.148417 0.354784 0.147421 0.355297 0.146588 0.355784 0.145782 0.356526 0.144079 0.356922 0.143981 0.357281 0.144028 0.357464 0.144245
8 0.344687 0.162051 0.345799 0.168060 0.344234 0.170787 0.343148 0.164157 0.343396 0.162731 0.344094 0.162111
8 0.347568 0.134532 0.347096 0.141801 0.344094 0.162111 0.343396 0.162731 0.343148 0.164157 0.341234 0.176384 0.339557 0.176204 0.340375 0.168435 0.342630 0.158056 0.344247 0.149435 0.346156 0.132361 0.346641 0.132792 0.347206 0.134083
8 0.341125 0.140991 0.343461 0.153324 0.342630 0.158056 0.342396 0.157269 0.339833 0.145264 0.339172 0.141856 0.339276 0.140991 0.339591 0.140495 0.340531 0.140306
8 0.312292 0.148778 0.318734 0.156079 0.322888 0.160227 0.326497 0.165060 0.327945 0.166296 0.331148 0.170847 0.334305 0.175491 0.334701 0.175856 0.335677 0.177208 0.338969 0.181657 0.341969 0.185657 0.342219 0.186653 0.341344 0.187319 0.340029 0.186986 0.334156 0.178657 0.331534 0.175662 0.322513 0.163296 0.317706 0.157157 0.313599 0.152514 0.311826 0.150519 0.311547 0.149940
8 0.325440 0.170102 0.325893 0.169944 0.326555 0.169944 0.327461 0.170208 0.331534 0.175662 0.328328 0.174981 0.327099 0.174708 0.325984 0.174065 0.325500 0.173051 0.325109 0.172245 0.325109 0.171389
8 0.314492 0.178014 0.318974 0.181472 0.322591 0.184639 0.325815 0.187565 0.324466 0.189199 0.321997 0.186750 0.314870 0.181088 0.312924 0.180222 0.313195 0.179361 0.313573 0.178398
8 0.327922 0.188815 0.330557 0.190120 0.331799 0.190986 0.333474 0.191370 0.335146 0.191560 0.336227 0.191755 0.337198 0.192134 0.338063 0.192903 0.339148 0.193681 0.339224 0.194583 0.339359 0.195403 0.337901 0.195306 0.333310 0.194921 0.330935 0.194537 0.329477 0.193671 0.328193 0.191792
8 0.314576 0.171801 0.317328 0.175287 0.318635 0.176616 0.324703 0.181593 0.330023 0.185991 0.335146 0.191560 0.333474 0.191370 0.331799 0.190986 0.330557 0.190120 0.327922 0.188815 0.326734 0.187185 0.326943 0.187236 0.325729 0.185412 0.323023 0.182921 0.316674 0.177944 0.313594 0.175537 0.313594 0.174458 0.313688 0.173296 0.313922 0.172468
10 0.547135 0.395509 0.552544 0.386199 0.554047 0.387458 0.548987 0.397995
8 0.400339 0.233981 0.407656 0.246375 0.411716 0.252764 0.411435 0.255421 0.403643 0.242227 0.399638 0.235218
1 0.618867 0.553875 0.618664 0.558537 0.620924 0.566856 0.624029 0.579403 0.623599 0.579810 0.622982 0.580264 0.620883 0.571301 0.617938 0.559398 0.617898 0.555023 0.614932 0.556866 0.615299 0.555287 0.617253 0.553949 0.618323 0.553394
8 0.569568 0.630944 0.571198 0.639722 0.567430 0.636889 0.566432 0.629074
8 0.567630 0.620509 0.569130 0.628991 0.566354 0.627130 0.565859 0.625370 0.567500 0.620231
8 0.641047 0.507579 0.645935 0.500190 0.652315 0.489389 0.650018 0.483042 0.644974 0.491991 0.641823 0.495926 0.637305 0.501838 0.633922 0.504819 0.636599 0.505417
2 0.418841 0.225593 0.421169 0.223722 0.422352 0.223088 0.423659 0.228231 0.421547 0.229769 0.420299 0.230199 0.419003 0.226935
10 0.421086 0.219741 0.420151 0.222796 0.419339 0.224403 0.418464 0.224296 0.417138 0.222259
10 0.405859 0.255000 0.407687 0.256463 0.408266 0.257361 0.409641 0.258778 0.410003 0.259931 0.409568 0.262759 0.408049 0.265718 0.406169 0.264301 0.406615 0.259208 0.405492 0.257528 0.404664 0.257213 0.404073 0.260782 0.402917 0.260319 0.402135 0.259398 0.402578 0.258194 0.403203 0.256898 0.403341 0.255810
2 0.557161 0.493935 0.563393 0.490991 0.568854 0.487093 0.570068 0.486926 0.571771 0.486667 0.578464 0.491574 0.581594 0.494810 0.582482 0.495306 0.581875 0.493148 0.580987 0.491657 0.580055 0.490079 0.578654 0.488255 0.577674 0.486759 0.573146 0.484273 0.572680 0.483523 0.571719 0.481898 0.569505 0.482315 0.559401 0.487870 0.557698 0.488917 0.557987 0.490866 0.556211 0.492685
10 0.528281 0.554292 0.530810 0.562819 0.535076 0.566181 0.540044 0.568389 0.546307 0.567815 0.546839 0.564949 0.543672 0.564699 0.538068 0.564106 0.536591 0.563046 0.534047 0.561065 0.530792 0.557264
10 0.526167 0.517838 0.524385 0.524171 0.523576 0.528972 0.522818 0.533005 0.522766 0.535306 0.522927 0.537421 0.522656 0.538764 0.521953 0.538764 0.520227 0.534060 0.521469 0.526954 0.522865 0.523704 0.523898 0.521194 0.524924 0.517259 0.525594 0.517551
10 0.542115 0.487519 0.537997 0.491403 0.535492 0.495403 0.530346 0.500602 0.528401 0.501565 0.525971 0.502333 0.523271 0.505690 0.520948 0.508056 0.517768 0.512685 0.516755 0.511907 0.519430 0.506764 0.521039 0.505528 0.523354 0.502315 0.526607 0.498847 0.527896 0.498125 0.529669 0.497403 0.531044 0.496759 0.532174 0.496324 0.532992 0.495083 0.533451 0.493361 0.541971 0.485926
10 0.527857 0.513884 0.528948 0.511801 0.532052 0.508144 0.534029 0.506426 0.534836 0.505852 0.535482 0.503843 0.534234 0.505116 0.529049 0.510014 0.527172 0.512806 0.527133 0.513319
1 0.314083 0.104954 0.317958 0.113616 0.321018 0.121722 0.325581 0.132500 0.331141 0.146829 0.330641 0.147718 0.326893 0.138495 0.320768 0.123801 0.316133 0.112218 0.313414 0.106074 0.313240 0.105454 0.313552 0.105083
1 0.331888 0.147935 0.334813 0.155116 0.337466 0.161167 0.336560 0.161972 0.331135 0.149704 0.331107 0.148796 0.331135 0.148310 0.331378 0.147935 0.331591 0.147935
1 0.355823 0.134838 0.350635 0.146556 0.351542 0.146741 0.355505 0.137292 0.356271 0.134935
1 0.407680 0.008745 0.396440 0.035690 0.380109 0.074185 0.373271 0.090102 0.363198 0.113727 0.363693 0.110403 0.374701 0.084440 0.393781 0.039338 0.407055 0.008389
1 0.389526 0.192681 0.385086 0.199546 0.378878 0.208093 0.371924 0.217968 0.369357 0.222032 0.368844 0.221204 0.373464 0.214481 0.382005 0.202204 0.388760 0.191954 0.395036 0.182699 0.395701 0.182245 0.396161 0.182333 0.396211 0.183241
8 0.591539 0.528769 0.590047 0.530426 0.587992 0.532088 0.585286 0.533250 0.582487 0.533500 0.581833 0.532917 0.582159 0.530676 0.583745 0.530759 0.586826 0.529931 0.588516 0.528426 0.589313 0.527560
14 0.544974 0.378389 0.546271 0.375949 0.549435 0.371815 0.551302 0.370185 0.552904 0.370051 0.554201 0.370051 0.555268 0.370731 0.556068 0.371681 0.556792 0.372560 0.557745 0.373306 0.558906 0.374722 0.569922 0.385833 0.572917 0.388704 0.577370 0.393565 0.586672 0.403255 0.588036 0.404958 0.588924 0.406292 0.590018 0.408477 0.590430 0.410301 0.590565 0.412968 0.590812 0.415144 0.593260 0.418102 0.595078 0.419926 0.596263 0.421611 0.596424 0.422880 0.595159 0.423157 0.593656 0.422176 0.591284 0.418801 0.590888 0.427236 0.591206 0.430185 0.593500 0.433278 0.594289 0.434685 0.594607 0.435949 0.594607 0.436796 0.594607 0.437778 0.591682 0.441708 0.590812 0.443116 0.589453 0.443472 0.588359 0.442412 0.586065 0.439884 0.583141 0.437074 0.581404 0.435241 0.579664 0.435106 0.576581 0.437491 0.548987 0.397995 0.554047 0.387458 0.552544 0.386199 0.547135 0.395509 0.544326 0.391671 0.542190 0.388440 0.541951 0.386829
8 0.597630 0.518769 0.597474 0.523611 0.597747 0.529560 0.596820 0.529037 0.595964 0.525000 0.596029 0.521042
2 0.521674 0.507426 0.523401 0.508588 0.524615 0.509750 0.525734 0.511162 0.526294 0.511907 0.527133 0.513319 0.528628 0.514565 0.529281 0.515394 0.530120 0.516722 0.528880 0.519954 0.527786 0.519458 0.525594 0.517551 0.523307 0.516306 0.520414 0.514565 0.517768 0.512685 0.520948 0.508056
2 0.516826 0.503926 0.518391 0.504694 0.519633 0.505079 0.521039 0.505528 0.519430 0.506764 0.516755 0.511907 0.515799 0.511125 0.514125 0.510069 0.512883 0.509495 0.512180 0.508819 0.510398 0.503444 0.512234 0.503639 0.513747 0.504116 0.515258 0.504597 0.516229 0.504500
2 0.554669 0.490745 0.556211 0.492685 0.557161 0.493935 0.559786 0.498185 0.561677 0.501065 0.562594 0.501449 0.562385 0.502329 0.561781 0.506412 0.556323 0.503454 0.555305 0.502407 0.554237 0.500657 0.553440 0.498986 0.552430 0.496032 0.551380 0.496843 0.551380 0.498167 0.551039 0.498472 0.548393 0.493769 0.547799 0.492231 0.546503 0.492519 0.543263 0.492426 0.544201 0.490023 0.546456 0.490509 0.549531 0.486986 0.553284 0.489620 0.553674 0.489940
2 0.588477 0.497523 0.589352 0.503301 0.590823 0.509889 0.590938 0.514319 0.589607 0.515324 0.588414 0.514963 0.588102 0.508852 0.587602 0.506301 0.586914 0.503523 0.587852 0.497412
14 0.613109 0.429833 0.614586 0.430250 0.614763 0.430880 0.615112 0.433505 0.615526 0.435185 0.618130 0.435708 0.633734 0.467528 0.633734 0.467528 0.644802 0.490042 0.644974 0.491991 0.641823 0.495926 0.637305 0.501838 0.631031 0.507343 0.627271 0.509565 0.624091 0.508676 0.622081 0.507931 0.619906 0.502727 0.617151 0.496032 0.615727 0.494398 0.604305 0.472245 0.600406 0.463639 0.600354 0.461329 0.599995 0.458597 0.598701 0.456394 0.597633 0.455236 0.597159 0.453662 0.609271 0.434449
8 0.590078 0.545556 0.592143 0.543065 0.587292 0.557407 0.580721 0.564796 0.576224 0.568519 0.583229 0.555741 0.587987 0.548625
14 0.599635 0.528796 0.601693 0.528611 0.606240 0.530023 0.610549 0.532356 0.612729 0.534912 0.614112 0.537356 0.615299 0.539579 0.616016 0.542639 0.616172 0.544444 0.616406 0.547037 0.616406 0.549213 0.615833 0.552361 0.615417 0.553685 0.614062 0.560556 0.612630 0.566528 0.608828 0.579907 0.602341 0.602245 0.596224 0.621204 0.591979 0.624167 0.588854 0.624028 0.586250 0.631204 0.584628 0.627880 0.583078 0.629426 0.579635 0.626898 0.577005 0.635231 0.576211 0.635792 0.574174 0.633037 0.572344 0.630185 0.571589 0.625509 0.575286 0.612917 0.574609 0.610139 0.573984 0.604306 0.574792 0.597685 0.587292 0.557407 0.594036 0.537639 0.596120 0.533148 0.596997 0.531222 0.597786 0.529537
8 0.363776 0.203148 0.366833 0.207468 0.372578 0.215741 0.371458 0.217315 0.366185 0.210347 0.362422 0.203981 0.362995 0.203657 0.363177 0.203333
14 0.647156 0.509810 0.656089 0.513444 0.660568 0.515079 0.664836 0.531380 0.667208 0.542204 0.666656 0.545574 0.663255 0.550231 0.660599 0.553194 0.634591 0.548093 0.631664 0.546009 0.628570 0.544968 0.626729 0.543185 0.625727 0.540509 0.624471 0.537236 0.621711 0.535005 0.619885 0.532889 0.619703 0.532611 0.619159 0.531500 0.618792 0.529606 0.618281 0.526713 0.618359 0.523426 0.618516 0.519213 0.618542 0.518519 0.619479 0.514954 0.619687 0.513935 0.620201 0.512611 0.621068 0.509634 0.622398 0.508273 0.624052 0.508639 0.627271 0.509565 0.631031 0.507343 0.633922 0.504819 0.636599 0.505417 0.641047 0.507579
8 0.423776 0.232347 0.425107 0.233782 0.425479 0.234750 0.426133 0.237986 0.425154 0.236579 0.423232 0.234282 0.422529 0.234000 0.421711 0.233963 0.421286 0.232356 0.422164 0.232514 0.422615 0.232356 0.422885 0.232296
8 0.423232 0.234282 0.423555 0.236968 0.423987 0.238310 0.426133 0.243051 0.425620 0.244375 0.424237 0.241259 0.422875 0.238468 0.422633 0.237227 0.422458 0.235741 0.422388 0.234625 0.422529 0.234000
8 0.449844 0.264213 0.455768 0.269495 0.458523 0.272093 0.464737 0.278616 0.470755 0.285741 0.473620 0.289907 0.474982 0.292144 0.483810 0.305454 0.488445 0.313856 0.492169 0.321005 0.490294 0.320917 0.483888 0.308653 0.480305 0.302755 0.479203 0.301412 0.475094 0.294671 0.474354 0.293755 0.473047 0.291852 0.471026 0.288560 0.467982 0.285185 0.462708 0.278472 0.458073 0.274074 0.452464 0.268792 0.449245 0.265926
8 0.451667 0.249583 0.455047 0.253815 0.456302 0.256250 0.460878 0.266292 0.464182 0.275639 0.463995 0.277227 0.462813 0.274319 0.462154 0.273144 0.458141 0.263162 0.454620 0.256588 0.454107 0.255921 0.452492 0.252727 0.451893 0.251662 0.451682 0.251477 0.451667 0.250741
8 0.415997 0.223125 0.421432 0.219491 0.420898 0.217940 0.417630 0.220250 0.414919 0.222343 0.413466 0.223213 0.411669 0.224495 0.409984 0.225773 0.408677 0.226792 0.407146 0.228227 0.406768 0.228282 0.405234 0.229722 0.401570 0.232148 0.401990 0.233644 0.403203 0.233644 0.404089 0.233144 0.407372 0.230648 0.407492 0.230074 0.407977 0.229431 0.413753 0.224514 0.415365 0.223565
5 0.401732 0.261134 0.403672 0.263287 0.402370 0.273148 0.401531 0.273148 0.397424 0.271366 0.401198 0.261810
8 0.451372 0.251616 0.451458 0.252454 0.451510 0.253426 0.453612 0.257727 0.455799 0.262449 0.458430 0.268375 0.460852 0.273560 0.461268 0.274394 0.461685 0.274903 0.461997 0.275088 0.462310 0.274949 0.462490 0.274347 0.462154 0.273144 0.458794 0.266384 0.457336 0.262634 0.454107 0.255921 0.452492 0.252727 0.451893 0.251662 0.451682 0.251477
8 0.445052 0.278611 0.447643 0.282037 0.451164 0.286810 0.453221 0.289102 0.454477 0.291088 0.458276 0.296292 0.460995 0.300074 0.461031 0.300694 0.460924 0.301625 0.460367 0.301440 0.455521 0.294806 0.452664 0.290778 0.447503 0.283958 0.444818 0.280509 0.444583 0.280046
8 0.446354 0.276528 0.446745 0.277250 0.447682 0.279102 0.449034 0.281556 0.450883 0.284935 0.451302 0.285630 0.451615 0.286093 0.451745 0.286694 0.451719 0.287065 0.451508 0.287157 0.451164 0.286810 0.448383 0.282944 0.446406 0.279028 0.445943 0.277856
8 0.447656 0.273796 0.448117 0.274324 0.450055 0.277981 0.452352 0.282139 0.453120 0.283935 0.453240 0.284935 0.452674 0.285796 0.452109 0.285153 0.449448 0.279917 0.447023 0.275065
8 0.446310 0.233315 0.445443 0.233241 0.442516 0.227653 0.440182 0.221806 0.440417 0.221111 0.440911 0.220926 0.441365 0.221579 0.445339 0.230880
8 0.397500 0.271528 0.401531 0.273148 0.402370 0.273148 0.402219 0.277894 0.395781 0.274120 0.396484 0.273287
8 0.606055 0.501815 0.614307 0.508468 0.619687 0.513935 0.619479 0.514954 0.618542 0.518519 0.617318 0.519815 0.611042 0.513935 0.610130 0.512292 0.610141 0.512306 0.609141 0.509769
2 0.469438 0.262167 0.469099 0.265500 0.466260 0.258509 0.466677 0.256194
10 0.565826 0.489356 0.566151 0.491181 0.565917 0.493009 0.564766 0.495727 0.562594 0.501449 0.561677 0.501065 0.559786 0.498185 0.557161 0.493935 0.563393 0.490991
10 0.413766 0.208690 0.413846 0.213995 0.413789 0.216829 0.414151 0.218694 0.416094 0.221435 0.417630 0.220250 0.420784 0.217940 0.419766 0.212685
10 0.329797 0.194491 0.328609 0.200597 0.327112 0.205153 0.327174 0.210597 0.327859 0.219259 0.325612 0.220704 0.323799 0.218593 0.325174 0.201708 0.327977 0.199278 0.328354 0.197648 0.328409 0.195056 0.328193 0.191792 0.329477 0.193671
10 0.520352 0.382093 0.523214 0.389292 0.523482 0.404653 0.519594 0.404745 0.518190 0.402829 0.516513 0.392278 0.516602 0.390083 0.514615 0.383495 0.517273 0.381130 0.518893 0.379981
10 0.322924 0.203375 0.321549 0.212593 0.320424 0.212704 0.318490 0.211931 0.316203 0.208593
10 0.331531 0.124833 0.336260 0.128690 0.339906 0.131690 0.340328 0.132278 0.340510 0.132870 0.340451 0.133514 0.340029 0.133671 0.336503 0.130889 0.335687 0.133727 0.334393 0.138278 0.331378 0.147935 0.331135 0.148310 0.331107 0.148796 0.328789 0.161097 0.327945 0.166296 0.326497 0.165060 0.327221 0.160241 0.328182 0.159958 0.330641 0.147718 0.331141 0.146829 0.334180 0.136065 0.333969 0.135532 0.333365 0.134727 0.333245 0.133551 0.333576 0.133389 0.334029 0.133602 0.334451 0.133551 0.335445 0.129694 0.331497 0.126639 0.331346 0.125407
10 0.349206 0.148972 0.348677 0.149032 0.348117 0.149032 0.347810 0.149940 0.348271 0.151486 0.348576 0.152394 0.350260 0.153569 0.352148 0.153662 0.352812 0.153301 0.353323 0.150940 0.352711 0.150847 0.351589 0.150833 0.350391 0.150741 0.349349 0.150000
10 0.317544 0.159625 0.316977 0.161074 0.317034 0.162616 0.318359 0.164616 0.323255 0.168787 0.323208 0.171421 0.324401 0.172222 0.325753 0.167727 0.322513 0.163296 0.318922 0.158986
2 0.370044 0.190319 0.367333 0.193907 0.367000 0.194231 0.366901 0.197083 0.368318 0.199519 0.370578 0.202023 0.371424 0.203315 0.372112 0.205176 0.375107 0.212023 0.378992 0.206616 0.382005 0.202204 0.382766 0.201069 0.379659 0.200495 0.376674 0.197843 0.377135 0.196157 0.376437 0.195644 0.375344 0.194903 0.371698 0.191199 0.370370 0.189810
10 0.450078 0.409491 0.453135 0.409037 0.456232 0.409208 0.458070 0.410926 0.460586 0.413338 0.462909 0.413681 0.465716 0.413852 0.468135 0.415403 0.469490 0.416435 0.471523 0.416778 0.472586 0.417292 0.473651 0.419014 0.474909 0.420389 0.476125 0.420051 0.475625 0.425370 0.476062 0.433699 0.477500 0.444144 0.478875 0.448583 0.477708 0.450417 0.462909 0.428819
8 0.592578 0.488380 0.601198 0.496296 0.603052 0.500903 0.605258 0.508273 0.603714 0.507727 0.591716 0.496199 0.591276 0.494394 0.592448 0.498611 0.591232 0.490472
8 0.607003 0.486370 0.606536 0.499727 0.606055 0.501815 0.604758 0.498569 0.605276 0.486287 0.605690 0.485458 0.606536 0.485375
8 0.596997 0.469843 0.601247 0.474176 0.603245 0.476176 0.603495 0.477176 0.602497 0.478176 0.601747 0.479176 0.600622 0.479954 0.599435 0.479398 0.597560 0.478287 0.595060 0.475398 0.594812 0.474176 0.594935 0.472509 0.595310 0.471287 0.595935 0.470065
8 0.596870 0.478630 0.598161 0.482574 0.595742 0.483505 0.594773 0.479560 0.594812 0.479130 0.595216 0.478699 0.595742 0.478560
8 0.578099 0.520583 0.580107 0.529208 0.578852 0.537384 0.574419 0.521625 0.575005 0.520731 0.575924 0.520134
8 0.581432 0.534352 0.584516 0.547176 0.583328 0.547287 0.581953 0.546509 0.581516 0.545620 0.580328 0.540620 0.581036 0.536134
8 0.583464 0.523426 0.581036 0.536134 0.578065 0.553319 0.575852 0.553606 0.581521 0.522213
8 0.588008 0.496394 0.583820 0.520940 0.581323 0.519495 0.584383 0.504944 0.585820 0.495394 0.586133 0.495171 0.586883 0.495060 0.587445 0.495171
8 0.574063 0.455880 0.578221 0.465431 0.577138 0.466204 0.575909 0.468130 0.575115 0.471088 0.573169 0.468981
5 0.536047 0.419023 0.532424 0.428259 0.529177 0.427593 0.527427 0.426926 0.525927 0.427704 0.525115 0.428593 0.523172 0.429653 0.523245 0.425412 0.522594 0.421171 0.521568 0.422519 0.521943 0.431157 0.521516 0.432778 0.521047 0.431782 0.517547 0.426806 0.511247 0.417347 0.508995 0.414264 0.509005 0.413023 0.509365 0.406727 0.510305 0.406083 0.510667 0.405824 0.512779 0.407301 0.515641 0.408847
5 0.513109 0.405505 0.519594 0.404745 0.523482 0.404653 0.537047 0.403343 0.542273 0.403023 0.542453 0.403579 0.537768 0.414463 0.536047 0.419023 0.533836 0.417583 0.515641 0.408847 0.512779 0.407301 0.512995 0.406546
5 0.544635 0.409519 0.545174 0.414222 0.545607 0.418542 0.546091 0.420750 0.546578 0.422671 0.546924 0.424343 0.546417 0.424593 0.545661 0.424880 0.545013 0.425838 0.544958 0.427088 0.544203 0.427565 0.542906 0.427472 0.541935 0.427824 0.542487 0.433537 0.541826 0.433694 0.541164 0.434398 0.540591 0.436519 0.540107 0.439102 0.538992 0.437935 0.538424 0.436792 0.538062 0.436005 0.537620 0.426685 0.537133 0.426394 0.538891 0.422458 0.543078 0.413796 0.543203 0.412463 0.543516 0.410685 0.543766 0.409463
14 0.517247 0.362745 0.520732 0.379542 0.523448 0.388153 0.524805 0.395606 0.526341 0.399912 0.527344 0.402116 0.528703 0.402954 0.535909 0.402116 0.539156 0.400014 0.539747 0.397704 0.537857 0.395185 0.536617 0.390778 0.522326 0.369255
14 0.510893 0.322556 0.514141 0.318880 0.516680 0.316574 0.520896 0.313370 0.525409 0.311144 0.526594 0.311028 0.527352 0.311028 0.527948 0.311681 0.528013 0.312667 0.528107 0.313958 0.528177 0.315185 0.528508 0.316245 0.529099 0.316949 0.529826 0.317833 0.531307 0.321926 0.534578 0.335699 0.539474 0.356634 0.544547 0.377968 0.541951 0.386829 0.541289 0.386829 0.533789 0.376394 0.512789 0.344792 0.511247 0.334681 0.511643 0.328014 0.511643 0.326208 0.510852 0.323931
8 0.505732 0.358940 0.510716 0.373134 0.513406 0.380431 0.509216 0.383255 0.503526 0.366468
8 0.505990 0.356389 0.508315 0.363301 0.512508 0.376181 0.512432 0.377532 0.510716 0.373134 0.505732 0.358940
8 0.514615 0.383495 0.516602 0.390083 0.516513 0.392278 0.516115 0.393454 0.515630 0.394551 0.514969 0.395259 0.514307 0.395884 0.513690 0.396042 0.513029 0.395417 0.512323 0.393847 0.510247 0.386005 0.513909 0.383259
8 0.515630 0.394551 0.517456 0.403606 0.517818 0.404537 0.518302 0.404824 0.518706 0.404537 0.518190 0.402829 0.516513 0.392278 0.516115 0.393454
8 0.578552 0.440815 0.581143 0.445125 0.580086 0.454343 0.574232 0.445981 0.576620 0.442514
8 0.556466 0.424898 0.560008 0.434870 0.561396 0.434806 0.563198 0.434662 0.557529 0.425106
8 0.595536 0.499903 0.595818 0.509370 0.596979 0.508519 0.597734 0.507898 0.597453 0.501824
2 0.546224 0.594769 0.546008 0.596435 0.555367 0.603546 0.560807 0.590370 0.560219 0.589009 0.560130 0.587991 0.561146 0.586815 0.561940 0.587991 0.562867 0.586657 0.564036 0.582685 0.563766 0.582824 0.562833 0.583486 0.555599 0.588301 0.547432 0.595435
2 0.574792 0.597685 0.573568 0.597546 0.572474 0.597731 0.570599 0.598611 0.561458 0.605093 0.558984 0.606806 0.558151 0.606111 0.561224 0.598102 0.567982 0.583194 0.568802 0.580417 0.569323 0.580324 0.569844 0.581111 0.570156 0.581713 0.569708 0.583880 0.569940 0.587278 0.571807 0.589435 0.575635 0.594333
2 0.341406 0.159398 0.340375 0.168435 0.339479 0.176204 0.337229 0.176111 0.339307 0.161468
10 0.609396 0.648630 0.603096 0.660495 0.600857 0.664889 0.598336 0.656593 0.601719 0.650556 0.604635 0.645463 0.605755 0.646968 0.607576 0.648213 0.608604 0.647301
10 0.558151 0.606111 0.568906 0.614551 0.568781 0.616329 0.565346 0.626662 0.561135 0.625481 0.557992 0.625417 0.554969 0.625481 0.552669 0.626060 0.544234 0.601889 0.546008 0.596435 0.555367 0.603546 0.554922 0.604815 0.550885 0.617500 0.552526 0.619028 0.552969 0.618426 0.556589 0.609722 0.557917 0.606620
7 0.570453 0.577736 0.570362 0.580477 0.569708 0.583880 0.569940 0.587278 0.571807 0.589435 0.575635 0.594333 0.584174 0.567366 0.580721 0.564796 0.576224 0.568519 0.573411 0.572639
10 0.495104 0.326477 0.497250 0.329796 0.497310 0.331144 0.496552 0.334505 0.496174 0.336042 0.490940 0.326093 0.492734 0.326292 0.494339 0.326602
10 0.370578 0.202023 0.371224 0.204444 0.370990 0.206102 0.369357 0.206769 0.366497 0.201315
10 0.328609 0.200597 0.330880 0.197653 0.332224 0.198074 0.333253 0.199338 0.333706 0.200565 0.330703 0.219537 0.329536 0.220981 0.325612 0.220704 0.327859 0.219259 0.327174 0.210597 0.327112 0.205153
10 0.347518 0.107824 0.347971 0.111296 0.347896 0.114412 0.347448 0.119537 0.346438 0.108630 0.346438 0.107949 0.346786 0.107699
7 0.544779 0.588051 0.547937 0.580657 0.555466 0.570097 0.557466 0.567384 0.559193 0.564894 0.568013 0.554782 0.570354 0.552847 0.571107 0.553296 0.570688 0.555227 0.571443 0.556417 0.574201 0.555375 0.575852 0.553606 0.578065 0.553319 0.579818 0.551528 0.582760 0.548981 0.586068 0.547269 0.587526 0.545139 0.588854 0.544213 0.590078 0.545556 0.583229 0.555741 0.576224 0.568519 0.573411 0.572639 0.568802 0.580417 0.567982 0.583194 0.561224 0.598102 0.557917 0.606620 0.556589 0.609722 0.552969 0.618426 0.552526 0.619028 0.550885 0.617500 0.554922 0.604815 0.560807 0.590370 0.560219 0.589009 0.560130 0.587991 0.561146 0.586815 0.561940 0.587991 0.562867 0.586657 0.564036 0.582685 0.556385 0.582144 0.549443 0.584074 0.546935 0.589282
2 0.608815 0.582833 0.620599 0.593356 0.632659 0.602796 0.630471 0.606019 0.610417 0.589468 0.607354 0.599574 0.624724 0.613347 0.620724 0.620681 0.605273 0.608023 0.603104 0.619458 0.603846 0.621444 0.608768 0.625819 0.607638 0.628185 0.608688 0.629190 0.609948 0.626574 0.615937 0.631250 0.614766 0.637361 0.609836 0.634625 0.609083 0.633431 0.606648 0.635833 0.602005 0.626898 0.603792 0.623162 0.603063 0.621157 0.601927 0.619046 0.598411 0.621111 0.600633 0.610218 0.603336 0.599181
10 0.593156 0.630949 0.595964 0.624769 0.598516 0.621157 0.601927 0.619046 0.603063 0.621157 0.603792 0.623162 0.602005 0.626898 0.606648 0.635833 0.609083 0.633431 0.609836 0.634625 0.611336 0.637833 0.610276 0.639167 0.608401 0.642500 0.604526 0.639611 0.603464 0.639611 0.603901 0.642167 0.604635 0.645463 0.601719 0.650556 0.600904 0.650273 0.599466 0.647829 0.596591 0.651940 0.593656 0.645500 0.595716 0.640611 0.594781 0.638278 0.593156 0.636167 0.592531 0.634722 0.592469 0.632394
2 0.338333 0.184676 0.337198 0.192134 0.336227 0.191755 0.335146 0.191560 0.336458 0.181852
2 0.339141 0.177963 0.338828 0.181389 0.337000 0.178977 0.337161 0.177593
2 0.338549 0.188801 0.339245 0.187176 0.339401 0.187037 0.340000 0.187546 0.340521 0.188843 0.340938 0.189722 0.341068 0.190370 0.340521 0.191991 0.339695 0.190468 0.338966 0.188986
2 0.336615 0.195185 0.333273 0.219861 0.332031 0.229847 0.329523 0.227764 0.333706 0.200565 0.334299 0.195093
2 0.345510 0.192912 0.346948 0.196912 0.348323 0.200690 0.349323 0.202907 0.349823 0.204352 0.350198 0.205463 0.350651 0.208269 0.349760 0.208907 0.348760 0.208574 0.347698 0.205796 0.345510 0.201019 0.344260 0.197579 0.343885 0.195468 0.344135 0.194468
10 0.353227 0.164199 0.347956 0.169556 0.349190 0.170148 0.353799 0.165912 0.353599 0.165028
2 0.370917 0.188977 0.373401 0.186157 0.374690 0.185352 0.382534 0.190745 0.384102 0.192356 0.384208 0.193037 0.384172 0.194218 0.378570 0.193037 0.378047 0.193250 0.377375 0.195454 0.376932 0.194949 0.375474 0.193329 0.371958 0.189810
10 0.321940 0.210847 0.323758 0.209583 0.324310 0.210426 0.323799 0.218593 0.322810 0.218718 0.320120 0.214782 0.321549 0.212593
2 0.350068 0.201315 0.350651 0.208269 0.351456 0.216222 0.351654 0.221963 0.352266 0.223657 0.353758 0.225157 0.354221 0.224537 0.354799 0.222866 0.356174 0.220810 0.356659 0.220736 0.354797 0.216125 0.352508 0.209486 0.351341 0.204759 0.350969 0.201940 0.350815 0.201481
10 0.332786 0.183194 0.331714 0.187759 0.330023 0.185991 0.331385 0.181537 0.331526 0.181620
10 0.510844 0.353417 0.515354 0.376495 0.515695 0.379167 0.513406 0.380431 0.512432 0.377532 0.512508 0.376181 0.507906 0.358514 0.506555 0.351681 0.506500 0.348704 0.505852 0.346014
2 0.458073 0.274074 0.457763 0.276319 0.457529 0.277898 0.456633 0.281190 0.456656 0.281880 0.455745 0.284343 0.455232 0.286338 0.455232 0.288079 0.455279 0.288907 0.454190 0.290676 0.453221 0.289102 0.451508 0.287157 0.451719 0.287065 0.451745 0.286694 0.452674 0.285796 0.453240 0.284935 0.454878 0.279824 0.455203 0.276833 0.456167 0.272315
8 0.616846 0.529889 0.620112 0.537523 0.629914 0.560338 0.634104 0.570449 0.638268 0.579421 0.641534 0.588134 0.641721 0.589130 0.641208 0.590375 0.640180 0.590792 0.637747 0.583935 0.635122 0.577833 0.627581 0.560921 0.619180 0.540593 0.615539 0.531051 0.616659 0.529722
14 0.374055 0.090625 0.376031 0.088375 0.378245 0.088375 0.380299 0.088375 0.381091 0.089218 0.380458 0.100884 0.382750 0.100745 0.383224 0.100884 0.383701 0.104398 0.383984 0.107407 0.382224 0.108514 0.380271 0.110060 0.379677 0.111921 0.379120 0.114338 0.378701 0.117685 0.378667 0.121963 0.379016 0.123264 0.376956 0.126181 0.375414 0.126597 0.374948 0.127509 0.376208 0.130417 0.379477 0.136056 0.374247 0.138046 0.370102 0.122250 0.369391 0.115782 0.368440 0.111426 0.368521 0.107912 0.369784 0.105806 0.372156 0.103838 0.372867 0.093856 0.373185 0.092454
10 0.477969 0.380231 0.483659 0.386241 0.484279 0.389014 0.484279 0.390171 0.475688 0.387199 0.474984 0.386144
10 0.516750 0.363102 0.517029 0.372477 0.517742 0.375602 0.516320 0.376194 0.516487 0.378722 0.515695 0.379167 0.515354 0.376495 0.514417 0.363847
10 0.531021 0.431903 0.537768 0.414463 0.542453 0.403579 0.544141 0.401134 0.547513 0.404690 0.545328 0.409241 0.543766 0.409463 0.543516 0.410685 0.543203 0.412463 0.543078 0.413796 0.538891 0.422458 0.533081 0.434454
8 0.608865 0.528282 0.612945 0.525088 0.614633 0.523421 0.616641 0.520972 0.618516 0.519213 0.618359 0.523426 0.618281 0.526713 0.616383 0.529199 0.612714 0.534907 0.610549 0.532356 0.607448 0.530755
8 0.597451 0.487153 0.601198 0.496296 0.603052 0.500903 0.605258 0.508273 0.608448 0.514537 0.610346 0.518046 0.611971 0.522935 0.612945 0.525088 0.614633 0.523421 0.611042 0.513935 0.610130 0.512292 0.610141 0.512306 0.609141 0.509769 0.606055 0.501815 0.604758 0.498569 0.599667 0.486384
8 0.599977 0.508088 0.600865 0.505245 0.602591 0.506657 0.601938 0.509560 0.601424 0.511139 0.600695 0.512477 0.598750 0.516435 0.597630 0.518769 0.596029 0.521042 0.594656 0.522588 0.593352 0.523750 0.593174 0.523227 0.593258 0.520181 0.594656 0.517940 0.595870 0.516407 0.597185 0.514745 0.598492 0.511889 0.599401 0.509491 0.599977 0.508653
8 0.601411 0.513394 0.608346 0.516833 0.610346 0.518046 0.611971 0.522935 0.604815 0.519546
8 0.600695 0.512477 0.604815 0.519546 0.608286 0.526356 0.608865 0.528282 0.607419 0.530597 0.606240 0.530023 0.605177 0.529440 0.601997 0.522889 0.599466 0.517745 0.598750 0.516435
8 0.538891 0.585019 0.543341 0.587051 0.544779 0.588051 0.546935 0.589282 0.546849 0.590741 0.546771 0.592593 0.546250 0.594676 0.545521 0.595463 0.544453 0.596014 0.542891 0.594630 0.541562 0.592593
8 0.562833 0.583486 0.555599 0.588301 0.547432 0.595435 0.546224 0.594769 0.546667 0.592917 0.546849 0.591296 0.546935 0.589282 0.548737 0.585398 0.556385 0.582144 0.563766 0.582824
10 0.363229 0.260579 0.359732 0.268245 0.353422 0.260690 0.357044 0.253694
10 0.415029 0.294032 0.415732 0.303917 0.420159 0.309870 0.422104 0.311505 0.422698 0.312750 0.423237 0.323213 0.421456 0.321583 0.420591 0.321583 0.408117 0.310255 0.408495 0.305935 0.408872 0.305167 0.412492 0.304977 0.413193 0.304111 0.413732 0.303056 0.412544 0.293454 0.412760 0.292593 0.413680 0.292208
3 0.406615 0.259208 0.405328 0.273843 0.404969 0.278833 0.401654 0.304458 0.401594 0.308444 0.415531 0.321778 0.414115 0.324403 0.399703 0.321046 0.388896 0.307292 0.392854 0.299417 0.398938 0.306032 0.400531 0.293435 0.402219 0.277894 0.402370 0.273148 0.404073 0.260782 0.404664 0.257213 0.405492 0.257528
2 0.340625 0.149213 0.339388 0.159389 0.341615 0.157778 0.341919 0.155532
3 0.387964 0.310264 0.385638 0.313653 0.389945 0.319889 0.397685 0.320769 0.389260 0.311282
3 0.399193 0.323889 0.408987 0.335500 0.405857 0.344005 0.391862 0.323218
2 0.404112 0.235255 0.406786 0.233153 0.409122 0.231741 0.410841 0.232227 0.416609 0.235093 0.414768 0.236139 0.411081 0.238463 0.408047 0.240287 0.407125 0.238685
2 0.411391 0.230528 0.414526 0.228731 0.415096 0.232157 0.413461 0.231435
2 0.411716 0.252764 0.412747 0.252991 0.414195 0.253505 0.415206 0.254792 0.415424 0.255949 0.414758 0.258194 0.414430 0.260130 0.414195 0.261991 0.414141 0.264074 0.413466 0.265435 0.412966 0.267130 0.412966 0.268931 0.412604 0.270986 0.411810 0.272657 0.410870 0.273940 0.409568 0.274069 0.408266 0.273171 0.407471 0.271111 0.407255 0.269056 0.408049 0.265718 0.409568 0.262759 0.410227 0.259194 0.410615 0.256773 0.411435 0.255421
8 0.497930 0.291116 0.500555 0.302667 0.501680 0.309884 0.501367 0.314329 0.500117 0.315662 0.499117 0.318218 0.498555 0.321102 0.495930 0.307662 0.493898 0.297319 0.493987 0.296620 0.494018 0.295389 0.493536 0.294532 0.493875 0.293759 0.495174 0.292259
10 0.505260 0.301157 0.508596 0.306556 0.509922 0.304921 0.511302 0.307463 0.510484 0.309366 0.515333 0.317898 0.514141 0.318880 0.512271 0.320981 0.509260 0.315083 0.507167 0.319167 0.504768 0.316810 0.507474 0.311093 0.504922 0.305014
10 0.502773 0.328472 0.503302 0.327306 0.504167 0.326634 0.504977 0.326343 0.505625 0.326921 0.506380 0.328264 0.506922 0.329130 0.507732 0.331046 0.508703 0.331912 0.509081 0.332583 0.508919 0.333255 0.508164 0.335079 0.507622 0.335755 0.506706 0.336810 0.506112 0.336616 0.504654 0.335560 0.505354 0.333352 0.505031 0.331722 0.504112 0.330856 0.503302 0.331431 0.502763 0.333931 0.501544 0.332968
10 0.492169 0.321005 0.493711 0.321704 0.495732 0.322819 0.496953 0.323069 0.497651 0.322074 0.497893 0.321394 0.498555 0.321102 0.500544 0.321704 0.500719 0.321769 0.500229 0.327032 0.498940 0.327468 0.494339 0.326602 0.492734 0.326292 0.490940 0.326093 0.489807 0.325648 0.489094 0.324329 0.489013 0.323014 0.489523 0.322255 0.490008 0.321389 0.490294 0.320917
1 0.609948 0.626574 0.612917 0.617546 0.613698 0.615093 0.612500 0.614167 0.610495 0.620370 0.608768 0.625819 0.607638 0.628185 0.608688 0.629190
8 0.546438 0.502185 0.549984 0.512144 0.554745 0.524755 0.557266 0.530310 0.558594 0.534398 0.553997 0.528903 0.550685 0.520273 0.546763 0.509986 0.544896 0.505588 0.544943 0.504343 0.545365 0.503264
8 0.552430 0.496032 0.553440 0.498986 0.554237 0.500657 0.555844 0.504801 0.555979 0.505634 0.558052 0.510528 0.559826 0.515838 0.560432 0.518162 0.560359 0.519509 0.559688 0.524630 0.555255 0.509704 0.553896 0.506954 0.552312 0.502148 0.551424 0.499579 0.551380 0.498167 0.551380 0.496843
8 0.563346 0.510051 0.562039 0.520009 0.560779 0.529713 0.559940 0.535856 0.559380 0.544981 0.559052 0.559833 0.559193 0.564894 0.557466 0.567384 0.557466 0.556514 0.557839 0.542324 0.559240 0.528056 0.560359 0.519509 0.561385 0.508972
5 0.537732 0.507111 0.542721 0.509681 0.541924 0.511477 0.541708 0.513921 0.541562 0.516361 0.539089 0.513606 0.535807 0.511574
5 0.530346 0.500602 0.535693 0.503292 0.534234 0.505116 0.529049 0.510014 0.523271 0.505690 0.525971 0.502333 0.528401 0.501565
5 0.512344 0.492856 0.526607 0.498847 0.523354 0.502315 0.521039 0.505528 0.508750 0.498333 0.503164 0.488486
10 0.494362 0.341245 0.498292 0.340519 0.498536 0.339713 0.498820 0.339111 0.499383 0.340287 0.499544 0.341218 0.499263 0.343616 0.498875 0.344366 0.497987 0.344032 0.495094 0.343949 0.497568 0.348181 0.496930 0.349481 0.493799 0.344199 0.488508 0.347176 0.487102 0.346602 0.487914 0.344778 0.489750 0.342759
8 0.553211 0.541620 0.547901 0.571389 0.544779 0.588051 0.543341 0.587051 0.543091 0.586384 0.546839 0.564949 0.551026 0.541065 0.551464 0.540620 0.551964 0.540620
8 0.561781 0.506412 0.562385 0.502329 0.564766 0.495727 0.568599 0.488778 0.569635 0.487079 0.570995 0.487759 0.568490 0.492532 0.565990 0.497051 0.564052 0.503361 0.563448 0.507162
8 0.556323 0.503454 0.563695 0.507454 0.579878 0.518560 0.590125 0.524894 0.595060 0.528116 0.597747 0.529560 0.596997 0.531222 0.593812 0.530005 0.589313 0.527560 0.579440 0.520671 0.569844 0.514417 0.559622 0.507787 0.556729 0.506542 0.555979 0.505634 0.555844 0.504801 0.555844 0.504134
8 0.543586 0.434042 0.548487 0.441602 0.548958 0.443491 0.550849 0.446116 0.552857 0.449056 0.564896 0.461296 0.573169 0.468981 0.582628 0.478319 0.591500 0.486537 0.589938 0.488648 0.587044 0.491333 0.586070 0.490787 0.572831 0.477509 0.568732 0.473866 0.558891 0.464514 0.553117 0.458787 0.548445 0.453065 0.545971 0.448593 0.540544 0.440204 0.540107 0.439102 0.540591 0.436519 0.541164 0.434398 0.541826 0.433694 0.542487 0.433537
8 0.586172 0.507037 0.587953 0.507708 0.588102 0.508852 0.588169 0.512509 0.585414 0.511838
8 0.533612 0.434097 0.537805 0.440269 0.542576 0.446181 0.545396 0.450037 0.547203 0.454019 0.548503 0.456847 0.548792 0.461218 0.551107 0.462116 0.551396 0.456718 0.548445 0.453065 0.545971 0.448593 0.540544 0.440204 0.535562 0.434486 0.534479 0.432815
14 0.554383 0.462935 0.558891 0.464514 0.568732 0.473866 0.572831 0.477509 0.571719 0.481898 0.569505 0.482315 0.559458 0.487745 0.557698 0.488917 0.557987 0.490866 0.554669 0.490745 0.553674 0.489940 0.553284 0.489620 0.549531 0.486986 0.546456 0.490509 0.544201 0.490023 0.553221 0.466458
8 0.596826 0.511449 0.598492 0.511889 0.597185 0.514745 0.595870 0.516407 0.593167 0.515690 0.593240 0.514681 0.594203 0.513676 0.595096 0.512454 0.595656 0.511810
14 0.513922 0.454009 0.522224 0.458088 0.523016 0.456963 0.525862 0.453167 0.527995 0.452606 0.540802 0.457662 0.551951 0.462722 0.543411 0.484648 0.533451 0.493361 0.521987 0.490273 0.519695 0.485634 0.519062 0.481556 0.511315 0.478185 0.509891 0.476495 0.512263 0.465338 0.512104 0.464338 0.511141 0.463611 0.510682 0.462796 0.510578 0.461699 0.511036 0.458352 0.511852 0.456259 0.512516 0.454995
1 0.552669 0.626060 0.553281 0.627361 0.558307 0.626852 0.562839 0.627546 0.566432 0.629074 0.571664 0.632213 0.577310 0.638907 0.579031 0.641088 0.585081 0.651361 0.588753 0.659426 0.590859 0.664514 0.595419 0.678537 0.597185 0.685162 0.599930 0.697713 0.602284 0.711079 0.603747 0.723088 0.604997 0.735755 0.605690 0.750944 0.605721 0.764648 0.605487 0.775329 0.604552 0.780736 0.602232 0.788676 0.599271 0.796356 0.592339 0.808792 0.583651 0.822250 0.576839 0.830458 0.571620 0.835028 0.566326 0.838259 0.562469 0.837713 0.560201 0.836375 0.558531 0.834759 0.558232 0.833412 0.557622 0.826019 0.557474 0.813106 0.557323 0.805444 0.556112 0.793880 0.555432 0.794009 0.555813 0.801542 0.556112 0.807051 0.556112 0.811222 0.556193 0.814722 0.556565 0.825481 0.556943 0.829250 0.556943 0.831134 0.555510 0.825343 0.554982 0.821042 0.554297 0.818755 0.553466 0.819287 0.553393 0.821042 0.555661 0.830991 0.558310 0.837583 0.560201 0.839468 0.565036 0.840537 0.568143 0.839593 0.571393 0.837852 0.577518 0.832343 0.581383 0.827903 0.589096 0.817278 0.598630 0.800866 0.603846 0.788361 0.605885 0.779352 0.606565 0.774644 0.606872 0.763486 0.606924 0.750704 0.606245 0.739685 0.605643 0.730000 0.603362 0.709931 0.601133 0.697028 0.598185 0.683454 0.596518 0.677398 0.591294 0.661671 0.588102 0.654444 0.581422 0.642745 0.579099 0.639306 0.576211 0.635792 0.574174 0.633037 0.571419 0.630417 0.566607 0.627380 0.565346 0.626662 0.561135 0.625481 0.557992 0.625417 0.554969 0.625481
10 0.494055 0.475634 0.495065 0.471778 0.496872 0.468181 0.500487 0.464968 0.503453 0.464069 0.506779 0.464454 0.508945 0.466384 0.510174 0.468051 0.511115 0.470366 0.509891 0.476495 0.511315 0.478185 0.514656 0.479750 0.514802 0.483088 0.514513 0.486176 0.514078 0.488356 0.513862 0.490287 0.512344 0.492856 0.503164 0.488486
10 0.428310 0.298352 0.430263 0.295380 0.431711 0.293639 0.433997 0.292477 0.436565 0.292060 0.441979 0.292963 0.441307 0.300718 0.439773 0.317569 0.439458 0.321019 0.426576 0.305667 0.426997 0.303759 0.427836 0.300690 0.428068 0.299713 0.428310 0.298926
11 0.530279 0.525931 0.538448 0.504690 0.541901 0.496144 0.544201 0.490023 0.553221 0.466458 0.554383 0.462935 0.555016 0.460963 0.553849 0.459639 0.551951 0.462722 0.543411 0.484648 0.537419 0.498634 0.533734 0.508755 0.528880 0.519954 0.526836 0.524477 0.526443 0.523972 0.525878 0.523870 0.525198 0.524574 0.524294 0.526083 0.524068 0.527088 0.524464 0.530102 0.522711 0.534519 0.522766 0.535306 0.522927 0.537421 0.522656 0.538764 0.521953 0.538764 0.523841 0.542657 0.524406 0.541653 0.525255 0.541653 0.526216 0.542458 0.528081 0.548481 0.530057 0.546676 0.529154 0.542458 0.529380 0.541051 0.529719 0.539444 0.531339 0.538130 0.532424 0.536333 0.533292 0.535301 0.532352 0.534019 0.531557 0.532606 0.530737 0.531005 0.529266 0.528190 0.529266 0.528190
10 0.442682 0.293796 0.446117 0.296194 0.447344 0.299611 0.448044 0.301685 0.449073 0.306829 0.449492 0.313218 0.448651 0.316704 0.447859 0.318194 0.443797 0.322759 0.447786 0.307639 0.447578 0.306907 0.447122 0.306597 0.446638 0.306597 0.444831 0.314079 0.441745 0.324255 0.440065 0.321847 0.441872 0.302222
6 0.517057 0.434815 0.518479 0.432870 0.519164 0.431940 0.519568 0.431722 0.520115 0.432199 0.521242 0.434213 0.519286 0.439755 0.518708 0.438694 0.517552 0.436315
6 0.521745 0.435833 0.524789 0.441310 0.527539 0.447185 0.528919 0.453083 0.527995 0.452606 0.525862 0.453167 0.519917 0.441755
10 0.546951 0.421375 0.549328 0.421278 0.551432 0.421375 0.553971 0.423486 0.555268 0.426750 0.555914 0.430495 0.555698 0.433088 0.552945 0.438167 0.550935 0.438319 0.549263 0.438912 0.547674 0.437866 0.546336 0.434745 0.545250 0.430139 0.546255 0.426273 0.546924 0.424343
2 0.597638 0.422917 0.598557 0.421579 0.599982 0.420685 0.600734 0.422324 0.601151 0.422620 0.602909 0.422171 0.603661 0.422472 0.603661 0.424106 0.603076 0.425444 0.601737 0.427824 0.600565 0.429458 0.599396 0.431245 0.602573 0.444477 0.597159 0.453662 0.596383 0.454736 0.594607 0.437778 0.594607 0.436796 0.594607 0.435949 0.594289 0.434685 0.593500 0.433278 0.592880 0.432301 0.592552 0.429699 0.591523 0.429889 0.590888 0.427236 0.591417 0.425579 0.593581 0.425472 0.593633 0.423171 0.595159 0.423157 0.596424 0.422880
6 0.437641 0.358449 0.439859 0.360602 0.439875 0.361333 0.439388 0.361458 0.438690 0.361704 0.438586 0.362389 0.438690 0.369134 0.435987 0.366269 0.436279 0.361194 0.437167 0.359616
6 0.440456 0.361167 0.445891 0.366611 0.448229 0.370185 0.447141 0.370722 0.440714 0.372551 0.439875 0.361333
6 0.449609 0.372282 0.452010 0.376588 0.454260 0.380731 0.447589 0.378241 0.444266 0.377106 0.442352 0.374532
6 0.449141 0.368157 0.457706 0.374866 0.458826 0.382167 0.456513 0.381458 0.451706 0.372718
6 0.437734 0.343296 0.441151 0.346644 0.440013 0.348495 0.438232 0.352264 0.436990 0.351880
6 0.447406 0.364801 0.454211 0.371042 0.457992 0.374403 0.456630 0.362014 0.456177 0.361829 0.447214 0.352657 0.442648 0.347944 0.440898 0.351069 0.440552 0.352889
6 0.420878 0.326486 0.423917 0.329000 0.424667 0.329852 0.437096 0.342231 0.436628 0.349694 0.436484 0.351449 0.433945 0.349241 0.431995 0.350750 0.411492 0.330444 0.413534 0.326356 0.413667 0.325833
6 0.410628 0.331755 0.428247 0.347417 0.431995 0.350750 0.430870 0.352083 0.435995 0.356861 0.433615 0.361741 0.431190 0.358681 0.422852 0.349037 0.414294 0.338292 0.410042 0.333389
6 0.405857 0.344005 0.421461 0.355616 0.431646 0.364389 0.432271 0.364611 0.433042 0.363546 0.422456 0.350917 0.408987 0.335500
6 0.371940 0.281056 0.370789 0.283194 0.372492 0.285810 0.379344 0.296310 0.388141 0.306810 0.388896 0.307292 0.392596 0.300079 0.380500 0.287940 0.372979 0.281056
6 0.372711 0.293079 0.377562 0.301338 0.385638 0.313653 0.387964 0.310264 0.384023 0.305194 0.373737 0.291500
6 0.415648 0.321630 0.419503 0.324917 0.414115 0.324403
6 0.424083 0.325630 0.424083 0.327051 0.423151 0.327176 0.437344 0.340787 0.437396 0.340463 0.437435 0.339162 0.425812 0.327273
6 0.401805 0.302861 0.408057 0.309384 0.408117 0.310255 0.420591 0.321583 0.421456 0.321583 0.423237 0.323213 0.424083 0.325630 0.422599 0.325440 0.409034 0.313306 0.401583 0.306685 0.401654 0.304458
8 0.383438 0.201806 0.385289 0.203481 0.388049 0.206861 0.390497 0.210009 0.389870 0.210648 0.386227 0.205981 0.383023 0.202370
8 0.370370 0.189810 0.370917 0.188977 0.371958 0.189810 0.375474 0.193329 0.376932 0.194949 0.377375 0.195454 0.377135 0.196157 0.376437 0.195644 0.375344 0.194903 0.371698 0.191199
2 0.339263 0.195977 0.337076 0.207417 0.343451 0.212306 0.346135 0.214639 0.347826 0.216560 0.348549 0.217981 0.350646 0.221704 0.352266 0.223657 0.353758 0.225157 0.352497 0.227477 0.350396 0.224491 0.347786 0.219847 0.346474 0.217606 0.344049 0.216440 0.340500 0.214282 0.338682 0.213296 0.337513 0.211884 0.336302 0.210796 0.334901 0.218181 0.334339 0.220181 0.337607 0.222671 0.340312 0.224157 0.344938 0.227144 0.347974 0.229056 0.348529 0.229556 0.348016 0.230546 0.347734 0.230713 0.343211 0.228968 0.341641 0.227917 0.341482 0.226148 0.340406 0.225903 0.340312 0.227236 0.333971 0.223157 0.333784 0.231134 0.336771 0.233199 0.340081 0.234944 0.340227 0.236278 0.339852 0.238264 0.335729 0.235745 0.332104 0.231046 0.332031 0.229847 0.333273 0.219861 0.336615 0.195185 0.337901 0.195306 0.339359 0.195403
5 0.340708 0.192319 0.345406 0.204032 0.346919 0.209023 0.348701 0.213630 0.350104 0.215454 0.351456 0.216222 0.351654 0.221963 0.350646 0.221704 0.348549 0.217981 0.347826 0.216560 0.346086 0.211806 0.344786 0.208208 0.344068 0.208208 0.343344 0.207056 0.343630 0.206028 0.339227 0.194449 0.339148 0.193681 0.338063 0.192903 0.337898 0.191903 0.337951 0.191162 0.338029 0.190421 0.338315 0.189356 0.338549 0.188801 0.338966 0.188986 0.339695 0.190468
5 0.370305 0.245528 0.372039 0.246796 0.371937 0.249611 0.372346 0.253514 0.373060 0.258231 0.373674 0.261407 0.374336 0.266032 0.374898 0.269208 0.375409 0.273204 0.363229 0.260579 0.357044 0.253694 0.351995 0.248014 0.364685 0.246093
5 0.395628 0.275366 0.401708 0.281681 0.400531 0.293435 0.399727 0.299417 0.386951 0.285569 0.389341 0.282653 0.393646 0.278282
5 0.443073 0.324954 0.452240 0.337171 0.456560 0.352435 0.458250 0.358352 0.458937 0.361579 0.455685 0.358801 0.448435 0.351602 0.443138 0.346583 0.444378 0.345245 0.443255 0.342810 0.441672 0.345403 0.438250 0.342079 0.438615 0.341449
5 0.440065 0.321847 0.441745 0.324255 0.439047 0.333356 0.438352 0.338102 0.439773 0.325315
5 0.415299 0.295389 0.417758 0.298218 0.418698 0.296676 0.426576 0.305667 0.439458 0.321019 0.439089 0.324444 0.438151 0.334213 0.437435 0.339162 0.425812 0.327273 0.424083 0.325630 0.423237 0.323213 0.422698 0.312750 0.422104 0.311505 0.420159 0.309870 0.415732 0.303917
5 0.404352 0.284171 0.407763 0.287782 0.412216 0.292384 0.412544 0.293454 0.413732 0.303056 0.413193 0.304111 0.412492 0.304977 0.408872 0.305167 0.408495 0.305935 0.408182 0.308662 0.401930 0.302065
5 0.352112 0.227944 0.359557 0.233343 0.362823 0.235542 0.363198 0.235954 0.363758 0.235954 0.369172 0.242338 0.370690 0.244523 0.366078 0.244852 0.354609 0.246338 0.350953 0.246838 0.346401 0.241181 0.347268 0.235528 0.349076 0.230644 0.350159 0.227685
10 0.574232 0.445981 0.573120 0.444912 0.572839 0.443620 0.572839 0.442329 0.574096 0.441162 0.576258 0.438569 0.576581 0.437491 0.579664 0.435106 0.581404 0.435241 0.583141 0.437074 0.583096 0.439222 0.582115 0.441611 0.580461 0.440681 0.579292 0.440324 0.578552 0.440815 0.576620 0.442514
6 0.504443 0.448986 0.505737 0.456472 0.506495 0.462042 0.506779 0.464454 0.503453 0.464069 0.502521 0.464287 0.502250 0.462273 0.500862 0.451394 0.501565 0.449954 0.502427 0.449472
6 0.500036 0.445856 0.502250 0.462273 0.502521 0.464287 0.500487 0.464968 0.498685 0.466782 0.495068 0.445565 0.496417 0.446144
8 0.401583 0.306685 0.409034 0.313306 0.422599 0.325440 0.419857 0.325088 0.401594 0.308444
8 0.373638 0.280630 0.381503 0.287657 0.394227 0.299361 0.399083 0.304509 0.398938 0.306032 0.392854 0.299417 0.387924 0.294713 0.380500 0.287940 0.372979 0.281056 0.371940 0.281056 0.370789 0.281009 0.367979 0.277921 0.368221 0.277731 0.371010 0.280148 0.372612 0.280148
8 0.443073 0.280648 0.442474 0.288657 0.442031 0.292917 0.441307 0.300718 0.439773 0.317569 0.439089 0.324444 0.438151 0.334213 0.437396 0.340463 0.437096 0.342231 0.436628 0.349694 0.435458 0.362245 0.433563 0.385190 0.434289 0.386412 0.434549 0.383292 0.434714 0.381713 0.436669 0.357509 0.437734 0.343296 0.437865 0.341759 0.438326 0.338236 0.439773 0.325315 0.441872 0.302222 0.443242 0.287162 0.443914 0.280167
8 0.504760 0.408718 0.507607 0.412287 0.511247 0.417347 0.517547 0.426806 0.521047 0.431782 0.521516 0.432778 0.521242 0.434213 0.520115 0.432199 0.514982 0.424815 0.509521 0.416847 0.505740 0.411375 0.505180 0.410130
8 0.590964 0.516343 0.589247 0.517907 0.587750 0.519412 0.586664 0.520917 0.586177 0.521060 0.585896 0.520704 0.585698 0.520130 0.585698 0.519194 0.589607 0.515324 0.590938 0.514319
8 0.593240 0.511236 0.595818 0.509370 0.596979 0.508519 0.598281 0.507917 0.599245 0.507870 0.599977 0.508088 0.599977 0.508653 0.599401 0.509491 0.598542 0.510139 0.597786 0.510602 0.596927 0.511157 0.595656 0.511810 0.595096 0.512454 0.594203 0.513676 0.593240 0.514681
8 0.519943 0.486130 0.517318 0.491347 0.515964 0.494398 0.514531 0.493704 0.516224 0.490139 0.519401 0.483889 0.519695 0.485634
8 0.519674 0.495843 0.525940 0.494500 0.531880 0.493731 0.533451 0.493361 0.532992 0.495083 0.531497 0.495333 0.526177 0.496074 0.521695 0.496819
8 0.544818 0.561065 0.547607 0.561000 0.547154 0.562921 0.536591 0.563046 0.534047 0.561065 0.535703 0.561157
8 0.522594 0.421171 0.523245 0.425412 0.523172 0.429653 0.522594 0.433764 0.521872 0.435306 0.515690 0.455125 0.514331 0.454213 0.517042 0.446255 0.521242 0.434213 0.521943 0.431157 0.521568 0.422519
8 0.510734 0.458972 0.508867 0.460880 0.506581 0.462875 0.506779 0.464454 0.507560 0.464199 0.509427 0.462875 0.510578 0.461699 0.510919 0.459306
8 0.507964 0.444454 0.510500 0.443398 0.513362 0.441764 0.515740 0.439847 0.517521 0.438787 0.518708 0.438694 0.518492 0.439940 0.517198 0.441380 0.514443 0.443495 0.510987 0.445509 0.509206 0.446375 0.508503 0.446468
8 0.507224 0.442833 0.511544 0.454157 0.512138 0.455694 0.511852 0.456259 0.511219 0.456944 0.508086 0.448593 0.506630 0.444560
8 0.435068 0.385074 0.437724 0.386463 0.439781 0.387898 0.439937 0.390398 0.436969 0.387528 0.434781 0.386185
8 0.434714 0.381713 0.439523 0.384111 0.439656 0.386222 0.434549 0.383292
8 0.464849 0.395699 0.468977 0.397250 0.474714 0.399736 0.476719 0.400319 0.477466 0.400819 0.478029 0.401977 0.478029 0.402894 0.477141 0.402972 0.473828 0.401727 0.466406 0.398574
8 0.412966 0.267130 0.416169 0.274884 0.417148 0.277375 0.417943 0.278204 0.418409 0.277954 0.413667 0.266870 0.413464 0.266574 0.413255 0.266019
8 0.418542 0.274306 0.420477 0.275949 0.422391 0.277194 0.424536 0.278935 0.425424 0.279931 0.424956 0.280843 0.419870 0.277111
8 0.412987 0.290097 0.418698 0.296676 0.417758 0.298218 0.415299 0.295389 0.415029 0.294032 0.413680 0.292208 0.412760 0.292593 0.412380 0.291315
8 0.342630 0.158056 0.339307 0.161468 0.333862 0.166847 0.330555 0.169931 0.329667 0.168926 0.334557 0.164120 0.336560 0.161972 0.337466 0.161167 0.339388 0.159389 0.341615 0.157778 0.342396 0.157269
10 0.588727 0.447583 0.596724 0.456028 0.597536 0.457806 0.598078 0.463657 0.595568 0.460537 0.588706 0.452060
2 0.588359 0.442412 0.589367 0.476644 0.587240 0.476444 0.580185 0.472463 0.580297 0.470671 0.582201 0.468681 0.583208 0.466292 0.579961 0.464898 0.580086 0.454343 0.581143 0.445125 0.583096 0.439222 0.583141 0.437074 0.586065 0.439884
10 0.579961 0.464898 0.578221 0.465431 0.577138 0.466204 0.575909 0.468130 0.575115 0.471088 0.582628 0.478319 0.591500 0.486537 0.593188 0.485481 0.593909 0.483940 0.592391 0.480338 0.590294 0.478028 0.587240 0.476444 0.580185 0.472463 0.580297 0.470671 0.582201 0.468681 0.583208 0.466292
10 0.603495 0.477176 0.604753 0.475583 0.605693 0.475329 0.606706 0.477000 0.606198 0.478926 0.605042 0.480727 0.603669 0.483167 0.602294 0.484708 0.599667 0.486384 0.597451 0.487153 0.594344 0.487792 0.592578 0.488380 0.591232 0.490472 0.590487 0.493963 0.589815 0.495556 0.588008 0.496394 0.587445 0.495171 0.586883 0.495060 0.586133 0.495171 0.585820 0.495394 0.586029 0.493190 0.587044 0.491333 0.589938 0.488648 0.591500 0.486537 0.593188 0.485481 0.593909 0.483940 0.595742 0.483505 0.598161 0.482574 0.600622 0.479954 0.601747 0.479176 0.602497 0.478176
8 0.423151 0.327176 0.437344 0.340787 0.437096 0.342231 0.424667 0.329852 0.421354 0.326759
10 0.592448 0.498611 0.593286 0.509491 0.593174 0.523227 0.593398 0.526611 0.591159 0.526014 0.590823 0.509889 0.590039 0.502722 0.589815 0.495556 0.590487 0.493963 0.591276 0.494394 0.591716 0.496199
8 0.366497 0.201315 0.370651 0.209199 0.373464 0.214481 0.372578 0.215741 0.370789 0.212019 0.365938 0.202176
8 0.402721 0.226269 0.402557 0.228000 0.405234 0.229722 0.406768 0.228282 0.406068 0.228000
8 0.344635 0.248056 0.348857 0.247083 0.354609 0.246338 0.366078 0.244852 0.372214 0.244213 0.372057 0.245185 0.364685 0.246093 0.351995 0.248014 0.345125 0.249019 0.343396 0.249282 0.342510 0.248139 0.344151 0.248014
8 0.351529 0.202019 0.352089 0.205421 0.353070 0.208329 0.354935 0.213556 0.357456 0.219944 0.360724 0.227824 0.363805 0.235292 0.363758 0.235954 0.363198 0.235954 0.362823 0.235542 0.360956 0.231144 0.357643 0.222931 0.354797 0.216125 0.352508 0.209486 0.351341 0.204759 0.350969 0.201940 0.350815 0.201481 0.351341 0.201106
8 0.352396 0.157037 0.353927 0.161676 0.354896 0.165694 0.354115 0.166991 0.353599 0.165028 0.351784 0.158431
8 0.347370 0.176921 0.350651 0.177917 0.351198 0.179583 0.347362 0.178417 0.345727 0.178333 0.340352 0.178093 0.335729 0.177361 0.334701 0.175856 0.345435 0.176778
8 0.361531 0.079713 0.361802 0.084509 0.362180 0.095264 0.362234 0.101213 0.361531 0.106208 0.359695 0.116287 0.357859 0.126847 0.357372 0.128190 0.356672 0.127231 0.359424 0.112736 0.361208 0.101597 0.361302 0.088241 0.360721 0.080384
8 0.345273 0.159403 0.350677 0.156681 0.351323 0.156394 0.350799 0.157829 0.347812 0.159620 0.345555 0.160407 0.345273 0.159977
5 0.317328 0.175287 0.317880 0.175412 0.318242 0.175625 0.320703 0.175769 0.323409 0.176199 0.322497 0.179810 0.318635 0.176616
8 0.317969 0.173426 0.328328 0.174981 0.331534 0.175662 0.333203 0.177500 0.327560 0.176917 0.320703 0.175769 0.318242 0.175625 0.317880 0.175412 0.317839 0.174264
5 0.325729 0.185412 0.325815 0.187565 0.323229 0.185213 0.323750 0.183731
5 0.328138 0.177231 0.326706 0.183157 0.324703 0.181593 0.324242 0.181199 0.325076 0.176477 0.327560 0.176917
8 0.325753 0.167727 0.323747 0.174301 0.325336 0.174579 0.325500 0.173051 0.325109 0.172245 0.325109 0.171389 0.325440 0.170102 0.325893 0.169944 0.326555 0.169944 0.326872 0.169301
8 0.325076 0.176477 0.324242 0.181199 0.322497 0.179810 0.323409 0.176199
8 0.474138 0.412042 0.473701 0.413042 0.473826 0.413931 0.475888 0.415931 0.477263 0.417370 0.477437 0.416606 0.478401 0.415338 0.474854 0.412352
3 0.413534 0.326356 0.410042 0.333389 0.402331 0.324250 0.413667 0.325833
8 0.470000 0.405301 0.479052 0.412769 0.480313 0.414009 0.479063 0.414931 0.478401 0.415338 0.474854 0.412352 0.473594 0.412019 0.469393 0.408370 0.469299 0.407625 0.469299 0.406958 0.469346 0.406213
8 0.323750 0.183731 0.323229 0.185213 0.322591 0.184639 0.321510 0.183685 0.321849 0.182421 0.321979 0.182204 0.323023 0.182921
8 0.322760 0.187528 0.322500 0.190676 0.319974 0.192713 0.319906 0.192407 0.321307 0.186176 0.321997 0.186750
5 0.310125 0.165718 0.324401 0.172222 0.323828 0.174259 0.317969 0.173426 0.317839 0.174264 0.317880 0.175412 0.317328 0.175287 0.314576 0.171801 0.313922 0.172468 0.313688 0.173296 0.313594 0.174458 0.313594 0.175537 0.316674 0.177944 0.321849 0.182421 0.321510 0.183519 0.318974 0.181472 0.314492 0.178014 0.313573 0.178398 0.313195 0.179361 0.312924 0.180222 0.314870 0.181088 0.321307 0.186176 0.319906 0.192407 0.318039 0.194000 0.311289 0.199185 0.310479 0.200718 0.304102 0.191662
14 0.354167 0.153356 0.353385 0.155694 0.353927 0.161676 0.354628 0.164185 0.354854 0.163991 0.355341 0.163514 0.355932 0.162935 0.355503 0.161593 0.355557 0.159963 0.356961 0.159190 0.358310 0.159190 0.359607 0.159769 0.361120 0.158148 0.362786 0.156667 0.364115 0.155787 0.364557 0.154907 0.365120 0.155259 0.365242 0.153750 0.362193 0.154106 0.357247 0.153940 0.354911 0.153856
