0 0.279427 0.440991 0.284997 0.443398 0.290029 0.444431 0.293510 0.443949 0.294849 0.453593 0.296547 0.461231 0.299505 0.470620 0.300042 0.473250 0.299279 0.477306 0.293372 0.492639 0.293461 0.495898 0.296682 0.506088 0.300737 0.519185 0.308885 0.534542 0.313003 0.541787 0.315958 0.543931 0.318284 0.544412 0.321331 0.541069 0.325492 0.535500 0.327508 0.525310 0.330732 0.506769 0.330547 0.487255 0.329464 0.473222 0.327297 0.471296 0.317740 0.466069 0.308320 0.431935 0.311068 0.425870 0.312406 0.422722 0.313112 0.420931 0.315383 0.419444 0.316857 0.423787 0.319198 0.424917 0.327156 0.429676 0.334771 0.433458 0.337544 0.437125 0.338083 0.442931 0.341531 0.451843 0.349409 0.460361 0.351333 0.462588 0.349544 0.472144 0.352406 0.473093 0.356794 0.471977 0.360016 0.466171 0.361359 0.461074 0.361453 0.449375 0.362299 0.441338 0.362617 0.436167 0.360362 0.425801 0.355448 0.415319 0.351229 0.409667 0.349898 0.407306 0.346633 0.402167 0.345276 0.401907 0.343510 0.403963 0.324607 0.392949 0.321141 0.397681 0.319214 0.399810 0.312310 0.398727 0.308422 0.390259 0.310141 0.387051 0.311888 0.389028 0.315685 0.384153 0.321229 0.374037 0.324089 0.369954 0.326333 0.370208 0.329117 0.384338 0.330406 0.386634 0.332021 0.385556 0.336419 0.379106 0.341341 0.370856 0.341982 0.368926 0.342227 0.367199 0.339484 0.366838 0.338346 0.360542 0.337971 0.347009 0.335359 0.344690 0.329711 0.339380 0.326536 0.334815 0.324529 0.334069 0.319677 0.335727 0.316177 0.339796 0.315336 0.340370 0.310482 0.340454 0.308615 0.340625 0.308240 0.342616 0.309969 0.348009 0.304135 0.355889 0.303203 0.363606 0.282716 0.335157 0.280286 0.333162 0.276880 0.331917 0.273708 0.325537 0.271932 0.324949 0.268385 0.325782 0.261854 0.328602 0.259753 0.329097 0.257930 0.329847 0.256812 0.333750 0.257276 0.338556 0.257326 0.340551 0.253102 0.347333 0.251984 0.348537 0.250839 0.349787 0.250188 0.351227 0.250578 0.352380 0.252688 0.354093 0.254065 0.354787 0.256669 0.355389 0.259273 0.356083 0.264461 0.358009 0.268810 0.365741 0.269565 0.373773 0.267138 0.377639 0.264547 0.382097 0.263792 0.385667 0.263711 0.389236 0.261784 0.388940 0.258357 0.380019 0.256432 0.379269 0.240937 0.379051 0.239036 0.376778 0.238151 0.375898 0.229818 0.380671 0.225682 0.384042 0.220974 0.388500 0.217273 0.396301 0.216156 0.405412 0.216435 0.410120 0.214867 0.414333 0.213911 0.421773 0.214357 0.427796 0.216698 0.436759 0.218875 0.439630 0.223391 0.442931 0.224682 0.443569 0.225247 0.442426 0.224927 0.437907 0.224682 0.431023 0.229120 0.428870 0.232430 0.426648 0.235211 0.423991 0.238117 0.418042 0.240172 0.415176 0.242755 0.412875 0.256638 0.415380 0.265169 0.415644 0.265169 0.420782 0.265313 0.424125 0.262857 0.424245 0.248260 0.453954 0.239104 0.455532 0.235674 0.470875 0.234589 0.480699 0.235003 0.493472 0.236133 0.501139 0.236333 0.503005 0.236659 0.512111 0.237990 0.518069 0.244562 0.529269 0.246667 0.533296 0.247909 0.533681 0.264380 0.503736 0.270427 0.489907 0.267135 0.469361 0.268307 0.464588 0.274419 0.455236 0.279242 0.445167
5 0.482117 0.347514 0.482193 0.345361 0.482062 0.343736 0.480690 0.342644 0.474302 0.336421 0.472393 0.336125 0.468805 0.339079 0.466180 0.339394 0.459352 0.334722 0.455240 0.332699 0.452526 0.331144 0.450862 0.332389 0.449047 0.332694 0.449112 0.333505 0.448589 0.335366 0.447805 0.336875 0.447542 0.339551 0.447346 0.341407 0.447346 0.343037 0.446758 0.345130 0.445711 0.346755 0.445516 0.348032 0.445844 0.348616 0.453557 0.350593 0.457612 0.351287 0.458331 0.354194 0.459245 0.357102 0.461010 0.361981 0.462516 0.365819 0.464607 0.369190 0.466242 0.372208 0.467810 0.375579 0.468203 0.382440 0.468464 0.390227 0.470753 0.397083 0.471732 0.400338 0.472974 0.405454 0.473760 0.411380 0.476833 0.414519 0.477487 0.410796 0.479253 0.406616 0.480036 0.403824 0.479253 0.400222 0.478466 0.397431 0.477878 0.395454 0.477224 0.392199 0.476833 0.388250 0.476570 0.385926 0.476833 0.384065 0.478206 0.382556 0.478401 0.380579 0.478206 0.378718 0.477357 0.377324 0.476570 0.377440 0.476115 0.365468 0.481083 0.366282
1 0.531500 0.426759 0.531141 0.428944 0.530156 0.429769 0.529531 0.430278 0.528849 0.429162 0.529583 0.428259 0.530148 0.427153 0.530318 0.424843 0.529922 0.422032 0.529018 0.419620 0.528057 0.420824 0.526477 0.423134 0.525516 0.425347 0.525174 0.428060 0.525911 0.429065 0.525174 0.431574 0.524417 0.430361 0.524055 0.428301 0.523982 0.425347 0.525646 0.421361 0.527958 0.418278 0.527815 0.415838 0.527742 0.413139 0.528104 0.409926 0.528898 0.407611 0.529911 0.405426 0.531068 0.403884 0.533000 0.402375 0.533833 0.403852 0.534664 0.404657 0.535945 0.404412 0.536398 0.406019 0.537924 0.409134 0.538883 0.409231 0.541089 0.410542 0.542500 0.412046 0.543068 0.413523 0.543284 0.414810 0.543646 0.418278 0.543500 0.420593 0.542706 0.421875 0.541693 0.422264 0.540247 0.422134 0.539018 0.421106 0.537284 0.417634 0.536852 0.419435 0.536922 0.421106 0.537935 0.422648 0.538151 0.423421 0.537430 0.424574 0.536706 0.424704 0.535982 0.425477 0.534898 0.424704 0.534247 0.423032 0.533237 0.420847 0.532078 0.419690 0.531646 0.419690 0.531211 0.420333 0.532297 0.424833 0.532802 0.427019 0.533380 0.429458 0.533815 0.431259 0.535044 0.432157 0.537141 0.432542 0.537935 0.432287 0.538151 0.433699 0.537284 0.434856 0.535622 0.435241 0.534464 0.434472 0.533237 0.432931 0.532513 0.430361
5 0.535878 0.359579 0.536737 0.356796 0.555214 0.362019 0.559396 0.364431 0.560299 0.368551 0.560753 0.388940 0.559961 0.415963 0.559734 0.418875 0.558831 0.419981 0.557417 0.419981 0.555667 0.418778 0.553687 0.418074 0.552445 0.415162 0.551484 0.416065 0.550073 0.416065 0.548432 0.414657 0.546174 0.414556 0.544987 0.413954 0.543630 0.412046 0.542500 0.412046 0.541089 0.410542 0.538883 0.409231 0.537924 0.409134 0.536398 0.406019 0.535945 0.404412 0.534872 0.395269 0.534409 0.391523 0.535312 0.390116 0.535370 0.392227 0.535820 0.393431 0.536612 0.394435 0.537742 0.395944 0.538195 0.395241 0.541529 0.391421 0.542940 0.389815 0.543620 0.388912 0.543055 0.387806 0.542094 0.387806 0.541471 0.384593 0.541586 0.383787 0.541133 0.382685 0.540510 0.382583 0.538760 0.378065 0.536104 0.372639 0.535596 0.370329 0.535086 0.365102 0.535143 0.363398 0.535935 0.362593 0.536161 0.361088
2 0.433307 0.295583 0.432703 0.295616 0.431852 0.294569 0.430872 0.293292 0.429497 0.292708 0.428453 0.292477 0.427471 0.293407 0.426753 0.293292 0.427211 0.285037 0.433289 0.283296 0.433878 0.284458 0.434896 0.285495 0.433534 0.287917 0.431492 0.286440 0.430964 0.287917 0.430888 0.291546 0.433156 0.293431
1 0.605469 0.513750 0.607495 0.509458 0.607992 0.507088 0.608792 0.507088 0.608641 0.508852 0.607154 0.512375 0.605932 0.514407
8 0.601753 0.539931 0.601042 0.540616 0.603776 0.542505 0.623151 0.542505 0.629802 0.542505 0.629802 0.542505 0.627706 0.538648 0.627612 0.538602
8 0.636461 0.500588 0.636099 0.501019 0.634849 0.501231 0.633034 0.501162 0.635615 0.505319 0.637026 0.503741 0.637141 0.500991
8 0.634659 0.566505 0.629010 0.566991 0.631794 0.570088 0.634536 0.569731
2 0.607992 0.510407 0.609974 0.511838 0.613367 0.512782 0.612719 0.511606 0.612148 0.509940 0.608641 0.508852
8 0.376641 0.226667 0.366727 0.219477 0.364750 0.220065 0.364255 0.221880 0.365047 0.224106 0.370573 0.226806 0.374898 0.228032 0.376219 0.227213
1 0.425831 0.297537 0.426182 0.285259 0.426565 0.285014 0.427211 0.285037 0.426753 0.293292 0.426706 0.296727
1 0.493271 0.322361 0.493016 0.325148 0.494109 0.330144 0.497430 0.342532 0.498232 0.342009 0.493927 0.325148 0.493964 0.323009
1 0.488198 0.328523 0.490497 0.319509 0.490898 0.319898 0.488893 0.328847
8 0.615849 0.527208 0.615112 0.524727 0.612771 0.522356 0.611883 0.521569 0.610917 0.519417 0.611602 0.517699 0.612852 0.517194 0.615635 0.518773 0.617570 0.521069 0.618984 0.524940 0.618958 0.527338 0.618596 0.528750 0.617440 0.528750
1 0.526292 0.460139 0.523536 0.455051 0.523482 0.453708 0.524185 0.453708 0.527263 0.458796 0.527102 0.460236
2 0.606130 0.507074 0.607773 0.508093 0.607495 0.509458 0.607125 0.510329 0.603846 0.508903 0.604195 0.508255
8 0.410250 0.314306 0.408958 0.316435 0.421901 0.339537 0.422060 0.334694
8 0.421685 0.315625 0.425745 0.319773 0.425745 0.319773 0.431570 0.327491 0.439458 0.337778 0.439690 0.339190 0.439596 0.340435 0.439177 0.340847 0.438430 0.340764 0.437823 0.339852 0.429422 0.327903 0.421862 0.318528
8 0.413331 0.311310 0.414451 0.305583 0.414451 0.304588 0.413612 0.304259 0.412328 0.308926 0.412865 0.310185 0.412490 0.310810
8 0.422917 0.336111 0.432224 0.351255 0.430562 0.353815 0.423099 0.341597
8 0.436982 0.360148 0.439323 0.364310 0.437750 0.366032 0.434201 0.360148 0.434643 0.359273 0.435690 0.357995
8 0.437750 0.366032 0.437508 0.366963 0.438193 0.369903 0.438193 0.374653 0.438651 0.374185 0.440156 0.373370 0.440547 0.370699 0.441135 0.369190 0.442443 0.368491 0.443555 0.367792 0.444862 0.366051 0.445646 0.365468 0.446104 0.364190 0.446104 0.362565 0.445385 0.360588 0.444339 0.359657 0.442388 0.362231 0.441542 0.363662 0.439323 0.364310
8 0.580427 0.446926 0.582839 0.461065 0.585055 0.460162 0.581656 0.446537
8 0.570945 0.437157 0.579961 0.440644 0.578391 0.437389 0.571036 0.434546 0.571375 0.435755
8 0.407948 0.310009 0.409867 0.309134 0.412328 0.308926 0.412865 0.310185 0.399440 0.331838 0.396932 0.327713
2 0.673115 0.546310 0.670857 0.548176 0.689224 0.539870 0.688292 0.539972 0.687099 0.540204 0.686414 0.540306 0.685417 0.539532 0.684542 0.538866 0.683789 0.539755 0.683419 0.540972 0.682479 0.541194 0.680419 0.540972 0.677109 0.543153 0.675656 0.544231
2 0.656755 0.632801 0.652398 0.634694 0.656016 0.645833 0.657474 0.646023 0.658714 0.645639 0.658984 0.644870 0.659255 0.642856 0.659039 0.641514 0.658445 0.637000
2 0.647388 0.590981 0.645464 0.597977 0.643036 0.596731 0.649523 0.578727 0.649945 0.578972
1 0.557247 0.460120 0.563359 0.466671 0.563872 0.464931 0.558833 0.459370
9 0.580445 0.460852 0.582099 0.460782 0.582839 0.461065 0.583672 0.462787 0.583714 0.464009 0.583430 0.465727 0.583068 0.466875 0.582656 0.467361 0.580594 0.463921
2 0.604461 0.475079 0.603422 0.476833 0.604469 0.479375 0.610638 0.484519 0.611128 0.483593 0.611859 0.480245 0.607323 0.476324 0.605703 0.474500
1 0.583854 0.425833 0.583083 0.425759 0.582708 0.426648 0.588706 0.442532 0.592268 0.450194 0.595831 0.454847 0.595893 0.452972 0.592643 0.448194 0.589922 0.442500
1 0.517221 0.423245 0.518437 0.422917 0.517992 0.435144 0.517242 0.436477 0.516893 0.432704 0.517128 0.432042 0.517362 0.430380 0.517500 0.427977 0.517547 0.424657
8 0.517380 0.413773 0.513443 0.419218 0.512448 0.417870 0.516755 0.412218
2 0.440667 0.355444 0.441029 0.357454 0.443948 0.358958 0.444208 0.358264 0.444992 0.357681 0.446089 0.357773 0.445284 0.351727 0.438995 0.350301 0.439417 0.351486 0.440070 0.353926
2 0.453232 0.360236 0.451466 0.359074 0.449570 0.358148 0.448065 0.357565 0.446758 0.357565 0.446599 0.354157 0.458672 0.355435
2 0.456563 0.359722 0.459245 0.357102 0.460995 0.361921 0.462516 0.365819 0.461440 0.364991 0.460086 0.364412 0.457565 0.364079 0.454211 0.362097
2 0.456565 0.299218 0.456984 0.301500 0.458044 0.307954 0.458724 0.309569 0.459708 0.310644 0.457818 0.314273 0.456003 0.314407 0.453581 0.314407 0.451992 0.314407 0.462417 0.321810 0.467578 0.325074 0.468208 0.323847 0.470359 0.322931 0.469510 0.320838 0.467419 0.318278 0.465654 0.316190 0.464542 0.312236
2 0.643284 0.588806 0.644081 0.586625 0.646031 0.585338 0.646826 0.585722 0.645307 0.590093 0.643500 0.591250 0.642417 0.592662 0.641477 0.594333 0.640466 0.595491 0.639742 0.595491 0.638297 0.590866 0.639453 0.589194
1 0.630193 0.496269 0.637198 0.498880 0.637141 0.500991 0.631266 0.498176
1 0.624818 0.479412 0.610182 0.462134 0.609279 0.464042 0.623122 0.480014
2 0.550237 0.434074 0.546036 0.433759 0.542885 0.423958 0.545862 0.419444 0.548135 0.418356 0.551484 0.416065 0.552445 0.415162 0.553687 0.418074 0.556276 0.424736 0.554089 0.426759 0.552599 0.428162 0.551901 0.429718
10 0.544844 0.429815 0.543586 0.432204 0.542010 0.433606 0.539997 0.433606 0.537935 0.432287 0.537003 0.430495 0.537003 0.427819 0.537266 0.425949 0.537430 0.424574 0.538151 0.423421 0.539034 0.422463 0.540247 0.422134 0.541693 0.422264 0.542706 0.421875 0.543612 0.422824 0.542885 0.423958
10 0.560586 0.439019 0.561701 0.435060 0.561599 0.430019 0.560383 0.427681 0.558255 0.425880 0.556276 0.424736 0.554089 0.426759 0.552599 0.428162 0.551901 0.429718 0.550237 0.434074 0.549182 0.435958 0.549253 0.437236 0.552586 0.436898 0.556706 0.437347
2 0.590669 0.457662 0.590625 0.455931 0.589271 0.453856 0.587497 0.456343 0.586471 0.458167 0.585055 0.460162 0.584604 0.460657 0.584698 0.462319 0.585070 0.465056 0.586078 0.466782 0.586510 0.465440 0.587484 0.464190
2 0.586977 0.473338 0.589823 0.470347 0.590943 0.471014 0.594987 0.467292 0.595703 0.466116 0.594070 0.465037 0.592391 0.460310 0.591047 0.461889 0.589266 0.465153 0.589320 0.466977 0.587969 0.469185 0.585539 0.472157
8 0.657917 0.630394 0.660065 0.637000 0.660714 0.640745 0.659039 0.641514 0.658445 0.637000 0.656755 0.632801
2 0.558484 0.498722 0.558755 0.497667 0.559943 0.496801 0.562104 0.494208 0.567667 0.494500 0.569339 0.495361 0.570042 0.496611 0.571391 0.501699 0.567870 0.502495 0.568357 0.505856 0.571174 0.505153 0.570365 0.509856 0.569393 0.509764 0.566099 0.506884 0.566802 0.502657 0.562589 0.502560
8 0.649255 0.484981 0.651596 0.487995 0.651031 0.489644 0.648495 0.493806 0.647359 0.494880 0.646674 0.495167 0.646836 0.491079 0.647924 0.489644 0.648531 0.487491 0.648737 0.485843
2 0.549711 0.439310 0.551010 0.441421 0.551180 0.442926 0.549938 0.444833 0.549089 0.445940 0.547958 0.445741 0.546828 0.446241 0.546094 0.447245 0.545359 0.448148 0.543891 0.448449 0.543042 0.448250 0.542138 0.446343 0.541292 0.444833 0.540388 0.443125 0.540273 0.441421 0.540161 0.440111 0.539596 0.438407 0.540331 0.437403 0.540839 0.437301 0.540839 0.436097 0.541346 0.435292 0.542534 0.435491 0.543326 0.435792 0.544906 0.435792 0.546036 0.433759
2 0.533698 0.445787 0.535833 0.444190 0.536737 0.442384 0.540161 0.440111 0.539596 0.438407 0.535888 0.439972 0.534477 0.440273 0.533404 0.440977 0.533065 0.441981 0.532669 0.442282 0.531086 0.441579 0.530747 0.442486 0.531255 0.443792 0.532839 0.444190
9 0.529531 0.430278 0.529599 0.431606 0.529568 0.432954 0.529000 0.433458 0.528117 0.433681 0.527328 0.433681 0.526508 0.433287 0.525469 0.432782 0.525154 0.432278 0.525174 0.431574 0.525911 0.429065 0.526508 0.428579 0.526857 0.427963 0.527802 0.428074 0.528432 0.428579 0.528849 0.429162
2 0.517242 0.436477 0.518599 0.433944 0.528206 0.446000 0.524766 0.450926 0.518242 0.442588 0.517617 0.440032
2 0.535312 0.448796 0.536617 0.446069 0.537297 0.444866 0.538312 0.443861 0.539727 0.442856 0.540388 0.443125 0.541292 0.444833 0.542138 0.446343 0.543042 0.448250 0.545659 0.453204 0.546846 0.454708 0.548596 0.456616 0.549727 0.458023 0.545771 0.462144 0.544302 0.458426 0.540911 0.457019 0.539953 0.455611 0.541477 0.452602 0.540346 0.451796 0.538878 0.453704
2 0.587958 0.498273 0.567870 0.502495 0.568357 0.505856 0.587687 0.501245 0.588497 0.500861 0.600677 0.507361 0.602214 0.505088 0.593568 0.500056
10 0.636938 0.507366 0.625878 0.489116 0.623635 0.486806 0.622190 0.486546 0.620961 0.486676 0.619227 0.487958 0.617708 0.489245 0.615393 0.492074 0.612719 0.495671 0.611362 0.499491 0.611427 0.500394 0.604563 0.502417 0.602214 0.505088 0.600677 0.507361 0.599992 0.508685 0.602115 0.511694 0.604195 0.508255 0.606130 0.507074 0.611375 0.507241 0.611779 0.508782 0.612719 0.511606 0.621396 0.527287 0.629419 0.541940 0.635130 0.551704
2 0.546828 0.446241 0.547958 0.445741 0.549089 0.445940 0.558099 0.451245 0.559602 0.452755 0.560060 0.453917 0.559732 0.456361 0.558490 0.459500 0.556398 0.459500 0.547638 0.454963 0.546846 0.454708 0.545659 0.453204 0.545219 0.452060 0.546094 0.447245
2 0.560680 0.394347 0.568555 0.393727 0.569693 0.397148 0.570656 0.401819 0.570745 0.407417 0.571182 0.412556 0.571883 0.417532 0.570656 0.423292 0.568732 0.425157 0.559016 0.424690 0.557529 0.423602 0.557003 0.421736 0.557417 0.419981 0.558831 0.419981 0.559734 0.418875 0.559961 0.415963
2 0.580594 0.463921 0.587073 0.474676 0.587180 0.476306 0.587018 0.477940 0.585885 0.478130 0.580885 0.469769
2 0.579708 0.447199 0.581922 0.488190 0.579276 0.488769 0.576576 0.443361 0.579276 0.442685
2 0.479565 0.395745 0.477956 0.396287 0.478466 0.397431 0.479253 0.400222 0.480036 0.403824 0.479253 0.406616 0.477487 0.410796 0.476833 0.414519 0.477943 0.416051 0.478141 0.412681 0.478531 0.411866 0.480531 0.406889 0.482044 0.403852 0.482076 0.402972 0.482437 0.401944 0.482870 0.401685 0.483930 0.400528 0.487430 0.397880 0.489268 0.397880 0.492594 0.403792 0.493557 0.402394 0.490492 0.398968 0.489617 0.396949 0.497669 0.396949 0.499070 0.396949 0.499508 0.395856 0.499596 0.394148 0.499245 0.393681 0.498107 0.392745 0.497232 0.392278 0.496969 0.391968 0.496042 0.392606 0.491464 0.393074 0.488589 0.393190 0.486234 0.394120
2 0.579867 0.519602 0.581174 0.518356 0.582247 0.518023 0.582622 0.518935 0.584068 0.518769 0.584768 0.517940 0.586122 0.517940 0.587336 0.517940 0.587849 0.517940 0.589247 0.519102 0.590370 0.520681 0.590461 0.522005 0.590135 0.524495 0.590276 0.527398 0.590089 0.528560 0.588641 0.529060 0.583836 0.525079 0.581034 0.522505 0.579867 0.521176
1 0.419115 0.291875 0.418513 0.292088 0.420323 0.312597 0.422060 0.334694 0.421901 0.339537 0.421828 0.344935 0.421828 0.344935 0.422943 0.358120 0.422943 0.358120 0.423776 0.359176 0.423438 0.350338 0.423099 0.341597 0.423099 0.341597 0.422901 0.335125 0.421685 0.315625 0.420930 0.305005 0.419440 0.293644
1 0.411354 0.320741 0.410333 0.324241 0.408237 0.335551 0.407169 0.340625 0.405758 0.338815 0.409203 0.322843 0.410417 0.319028
2 0.423099 0.341597 0.423438 0.350338 0.423776 0.359176 0.427451 0.362995 0.429870 0.359042 0.429870 0.357648 0.429805 0.356250 0.430003 0.354509 0.430599 0.353611
2 0.445844 0.348616 0.446599 0.354157 0.458672 0.355435 0.458331 0.354194 0.457612 0.351287 0.453557 0.350593
2 0.444609 0.347130 0.445284 0.351727 0.438995 0.350301 0.438763 0.349861 0.437846 0.348699 0.436997 0.349162 0.436539 0.349861 0.430510 0.348278 0.430130 0.347528 0.430089 0.344449
2 0.410333 0.324241 0.408237 0.335551 0.409104 0.342491 0.410622 0.344162 0.412070 0.343778 0.414745 0.343264 0.416406 0.343005 0.417635 0.343005 0.419297 0.344676 0.420167 0.344806 0.421828 0.344935 0.421901 0.339537 0.411354 0.320741
2 0.486151 0.306014 0.488302 0.302366 0.489620 0.302019 0.491477 0.303407 0.491477 0.304796 0.489669 0.307056 0.488839 0.308269
2 0.477802 0.291773 0.479169 0.291602 0.481367 0.292644 0.483125 0.295245 0.483661 0.298023 0.483711 0.300542 0.483221 0.301759 0.481799 0.303218 0.480042 0.299259 0.478753 0.296134
9 0.571260 0.444093 0.571495 0.445032 0.572169 0.446157 0.572719 0.446981 0.573818 0.447505 0.576560 0.447731 0.576560 0.444278 0.576055 0.444204 0.576138 0.442556 0.575927 0.441505 0.575167 0.439926 0.574323 0.439477 0.573732 0.439926 0.573607 0.440528 0.572594 0.441051 0.571453 0.441653 0.570312 0.441130 0.569792 0.441481 0.571036 0.443088
2 0.576404 0.422306 0.577122 0.421259 0.578888 0.420329 0.579674 0.420792 0.580000 0.423236 0.581047 0.424861 0.581831 0.427185 0.582091 0.428463 0.582091 0.431255 0.581896 0.433579 0.581372 0.434625
2 0.561701 0.435060 0.562672 0.434847 0.564424 0.436759 0.566521 0.438319 0.567872 0.439370 0.569057 0.440074 0.570133 0.440375 0.571375 0.435755 0.571023 0.434537 0.574940 0.435125 0.575021 0.433046 0.575461 0.431259 0.574659 0.429583 0.574659 0.429583 0.573536 0.427847 0.570299 0.426657 0.569057 0.426611 0.568323 0.427819 0.568154 0.428218 0.566797 0.426912 0.565893 0.425708 0.565443 0.427014 0.564424 0.428218 0.563294 0.429023 0.562052 0.429426 0.561599 0.430019
2 0.559339 0.446602 0.558719 0.444894 0.558094 0.442727 0.559299 0.443250 0.560794 0.443639 0.561997 0.444481 0.563422 0.444676 0.569792 0.441481 0.571036 0.443088 0.571260 0.444093 0.568831 0.445296 0.566628 0.446403 0.566062 0.447204 0.564143 0.447907 0.562786 0.448310 0.561599 0.448815 0.560638 0.449014
10 0.645651 0.523370 0.646401 0.523694 0.652523 0.534134 0.655336 0.540032 0.656148 0.544144 0.656211 0.546685 0.655398 0.549917 0.654023 0.553685 0.651523 0.557014 0.648464 0.562639 0.647318 0.564120 0.646406 0.564630 0.645276 0.564356 0.644089 0.563579
2 0.558094 0.442727 0.558719 0.444894 0.559339 0.446602 0.560638 0.449014 0.565724 0.457051 0.563802 0.459662 0.559602 0.452755 0.558099 0.451245 0.549089 0.445940 0.549938 0.444833 0.551180 0.442926 0.551010 0.441421 0.551966 0.442468 0.552914 0.443380 0.553388 0.444157 0.553935 0.444352 0.556380 0.443898 0.556453 0.443250 0.557182 0.442861
2 0.560586 0.439019 0.561669 0.440264 0.562984 0.440782 0.563823 0.440329 0.564953 0.439616 0.566047 0.438449 0.566521 0.438319 0.566667 0.439356 0.565828 0.441301 0.564807 0.443574 0.563422 0.444676 0.561997 0.444481 0.560794 0.443639 0.559299 0.443250 0.558094 0.442727 0.557182 0.442861 0.556453 0.443250 0.556380 0.443898 0.553935 0.444352 0.553388 0.444157 0.552914 0.443380 0.551966 0.442468 0.551010 0.441421 0.549711 0.439310 0.549253 0.437236 0.552586 0.436898 0.556706 0.437347
1 0.548539 0.473667 0.564167 0.474366 0.564099 0.471458 0.548604 0.471227
1 0.524643 0.441296 0.525625 0.440366 0.529766 0.444630 0.527456 0.455824 0.525951 0.455245 0.528435 0.445250
2 0.506833 0.442208 0.504995 0.445324 0.500060 0.439981 0.501471 0.440384 0.503167 0.439380 0.504156 0.440245
2 0.513570 0.435852 0.513120 0.437477 0.512552 0.439773 0.509375 0.441852 0.506677 0.440074 0.506331 0.436667 0.506273 0.435162 0.508427 0.434546 0.509841 0.434449 0.511479 0.433542
1 0.504156 0.440245 0.511161 0.445065 0.511388 0.444963 0.511672 0.443458 0.504833 0.438736
2 0.499833 0.436366 0.500060 0.439981 0.501471 0.440384 0.503167 0.439380 0.505201 0.437574 0.506331 0.436667 0.506273 0.435162 0.505708 0.433556 0.505708 0.432551 0.504021 0.431634 0.503852 0.430630 0.505997 0.427718 0.506896 0.426019 0.506615 0.425116 0.505823 0.424611 0.504693 0.426421 0.504297 0.425014 0.504240 0.423708 0.503737 0.422495 0.502771 0.423208 0.502771 0.425616 0.501924 0.428329 0.500680 0.429634 0.500060 0.431245 0.499607 0.432449
2 0.498747 0.425375 0.499427 0.431306 0.497674 0.432106 0.497901 0.438032 0.490102 0.430398 0.489990 0.429694 0.493042 0.428389 0.494849 0.429995 0.495698 0.428991 0.494622 0.427889 0.496375 0.425579
2 0.587687 0.501245 0.587867 0.504329 0.587922 0.507019 0.587057 0.508361 0.585760 0.509514 0.583979 0.509606 0.583008 0.510088 0.581549 0.509991 0.580469 0.509514 0.579281 0.508074 0.579065 0.506727 0.580091 0.505481 0.581008 0.503560 0.581117 0.502986
2 0.593630 0.497611 0.594130 0.494505 0.594568 0.491171 0.594818 0.488727 0.595318 0.487060 0.596130 0.486727 0.597880 0.487505 0.603065 0.487394 0.614497 0.485838 0.615497 0.490282 0.616247 0.489616 0.615497 0.485949 0.616435 0.485838 0.619227 0.487958 0.617708 0.489245 0.615393 0.492074 0.612719 0.495671 0.611419 0.499528 0.609125 0.499611 0.604753 0.500611 0.601690 0.501722 0.599141 0.503241 0.593568 0.500056
1 0.558216 0.468491 0.578336 0.472264 0.578211 0.470269 0.557779 0.466269
2 0.662161 0.547148 0.659659 0.553458 0.656674 0.554819 0.660344 0.546218
2 0.564326 0.450491 0.565698 0.448986 0.566625 0.447838 0.567797 0.448412 0.569531 0.450060 0.570659 0.452931 0.570055 0.454148 0.570659 0.455653 0.566599 0.455097 0.566625 0.455509 0.565375 0.455509 0.565013 0.455366 0.564648 0.455366 0.563237 0.453074
2 0.577568 0.459245 0.575141 0.456843 0.573740 0.456259 0.566599 0.455097 0.566505 0.462565 0.568979 0.463398 0.573086 0.463477 0.574813 0.462153 0.575187 0.461569 0.577893 0.464806
2 0.601753 0.539931 0.598357 0.533505 0.597417 0.532222 0.595464 0.530935 0.593294 0.528880 0.591633 0.525667 0.590909 0.523227 0.590331 0.515259 0.591432 0.502361 0.593490 0.503565 0.596276 0.505000 0.598047 0.506065 0.597344 0.507546 0.594161 0.512046 0.593513 0.516801 0.599005 0.524384 0.604068 0.529907 0.606742 0.533505 0.607971 0.533505 0.610500 0.531838 0.612164 0.530037 0.615849 0.527208 0.617440 0.528750 0.618596 0.528750 0.618958 0.527338 0.620839 0.526310 0.621396 0.527287 0.627706 0.538648
2 0.602247 0.471333 0.599747 0.475815 0.595021 0.468639 0.594987 0.467292 0.595703 0.466116 0.597630 0.461898 0.599401 0.463333 0.600086 0.464324 0.602302 0.465093 0.602732 0.466917 0.602948 0.470278
2 0.600086 0.464324 0.600357 0.462500 0.601060 0.461542 0.602409 0.461639 0.603057 0.462023 0.606544 0.465255 0.607539 0.469028 0.608620 0.473347 0.608727 0.475556 0.607862 0.476324 0.607323 0.476324 0.605703 0.474500 0.604461 0.475079 0.602247 0.471333 0.602948 0.470278 0.602732 0.466917 0.602302 0.465093
2 0.586078 0.466782 0.585701 0.468319 0.584784 0.468991 0.584297 0.470046 0.585539 0.472157 0.587969 0.469185 0.589320 0.466977 0.589266 0.465153 0.591047 0.461889 0.592667 0.460065 0.592828 0.459296 0.592344 0.457949 0.591208 0.457662 0.590669 0.457662 0.587484 0.464190 0.586510 0.465440
1 0.492865 0.424028 0.503398 0.420486 0.503737 0.422495 0.493594 0.426111
1 0.516852 0.388431 0.526120 0.388630 0.526062 0.387222 0.516909 0.387023
1 0.517305 0.383204 0.517247 0.384713 0.523802 0.387125 0.524312 0.385315
2 0.512042 0.426315 0.510857 0.424903 0.510010 0.425509 0.508823 0.426111 0.507523 0.426514 0.505997 0.427718 0.503852 0.430630 0.504021 0.431634 0.508427 0.434546 0.509841 0.434449 0.511479 0.433542 0.513570 0.435852 0.513932 0.434921 0.514479 0.433380 0.513628 0.432125 0.512133 0.429968 0.511807 0.428639
2 0.578539 0.490935 0.583214 0.486968 0.583979 0.490065 0.579482 0.494097
2 0.580674 0.499801 0.580313 0.497875 0.580344 0.496583 0.580646 0.495671 0.593419 0.492838 0.594130 0.494505 0.593630 0.497611 0.593568 0.500056 0.587958 0.498273
2 0.602711 0.512778 0.603273 0.514338 0.603086 0.519319 0.599354 0.524796 0.599005 0.524384 0.593513 0.516801 0.594161 0.512046 0.597344 0.507546 0.597995 0.506259 0.599992 0.508685
1 0.654716 0.551671 0.656693 0.553333 0.656146 0.554630 0.654263 0.552912
2 0.577875 0.479269 0.576943 0.479102 0.575589 0.486736 0.569521 0.485241 0.569568 0.483995 0.570781 0.477611 0.571576 0.477111 0.578201 0.478023
1 0.597161 0.456296 0.606544 0.465255 0.608156 0.466977 0.609005 0.467838 0.610174 0.470560 0.611505 0.474435 0.613885 0.484116 0.614497 0.485838 0.615497 0.490282 0.616247 0.489616 0.615497 0.485949 0.614375 0.481731 0.611786 0.471926 0.610578 0.468194 0.609529 0.465903 0.603841 0.460810 0.598828 0.455861 0.598073 0.455218
1 0.592578 0.476528 0.592456 0.478407 0.607326 0.485519 0.608763 0.485394 0.608888 0.483282
2 0.594609 0.451157 0.596018 0.449861 0.597578 0.450083 0.598266 0.448306 0.599266 0.447861 0.600141 0.448083 0.601078 0.450972 0.601516 0.452306 0.601016 0.453861 0.599828 0.455083 0.598828 0.455861
2 0.454211 0.362097 0.457565 0.364079 0.460086 0.364412 0.461440 0.364991 0.462516 0.365819 0.464607 0.369190 0.466242 0.372208 0.467810 0.375579 0.468203 0.382440 0.468247 0.383681 0.467039 0.383144 0.466432 0.377898 0.465979 0.376958 0.465146 0.374403 0.464617 0.372116 0.463862 0.370769 0.462198 0.369560 0.460609 0.369292 0.457052 0.367810 0.455010 0.367542 0.452893 0.367542 0.451833 0.367139 0.452773 0.366051 0.453688 0.364537 0.454081 0.363028
1 0.453232 0.360236 0.458672 0.355435 0.459245 0.357102 0.454211 0.362097
2 0.396932 0.327713 0.406693 0.311991 0.407948 0.310009 0.397049 0.310634 0.386505 0.307093 0.382052 0.304384 0.379826 0.302718 0.377716 0.306468
1 0.444609 0.347130 0.445284 0.351727 0.446089 0.357773 0.446758 0.357565 0.446599 0.354157 0.445844 0.348616 0.445516 0.348032 0.445635 0.347176
1 0.437323 0.358111 0.442388 0.362231 0.441542 0.363662 0.436982 0.360148 0.435690 0.357995
1 0.430089 0.344449 0.430104 0.343472 0.436589 0.341852 0.436823 0.343426 0.431737 0.344810
1 0.439354 0.337324 0.447578 0.338472 0.447474 0.340093 0.439596 0.338685
1 0.434555 0.331301 0.437297 0.331370 0.438172 0.332236 0.438229 0.332870 0.435604 0.332880
1 0.422372 0.327213 0.427333 0.330870 0.431932 0.331301 0.433143 0.333093 0.428302 0.332949 0.425599 0.331514 0.422534 0.329292
1 0.411120 0.312880 0.411771 0.314204 0.414154 0.316694 0.416159 0.322005 0.417232 0.324745 0.418352 0.326569 0.421589 0.329028 0.421458 0.326852 0.419333 0.325574 0.417839 0.323583 0.416534 0.319764 0.416206 0.318023 0.414852 0.314954 0.413685 0.313542 0.413331 0.311310 0.412490 0.310810
1 0.421453 0.314463 0.425745 0.319773 0.426727 0.319856 0.425919 0.318231 0.424812 0.315792 0.421451 0.311972
2 0.634862 0.561269 0.633271 0.562810 0.630237 0.563579 0.628284 0.563708 0.626693 0.562681 0.625174 0.561523 0.623729 0.560111 0.621271 0.559981 0.610789 0.549829 0.603776 0.542505 0.621344 0.542505 0.623151 0.542505 0.629802 0.542505 0.635130 0.551704
2 0.424818 0.306019 0.425130 0.299560 0.425831 0.297537 0.427318 0.296134 0.439833 0.305472 0.462417 0.321810 0.467578 0.325074 0.468193 0.328032 0.472393 0.336125 0.468805 0.339079 0.466180 0.339394 0.459352 0.334722 0.455240 0.332699 0.452526 0.331144 0.453049 0.328500 0.453401 0.324921 0.453664 0.320255 0.452437 0.321810 0.444997 0.323986 0.441148 0.323366 0.437208 0.320875 0.431169 0.316519 0.426969 0.310296
10 0.451992 0.314407 0.453581 0.314407 0.456003 0.314407 0.457818 0.314273 0.459708 0.310644 0.458724 0.309569 0.458044 0.307954 0.456984 0.301500 0.456229 0.296792 0.455471 0.294912 0.442396 0.286713 0.438073 0.283884 0.436484 0.283884 0.435578 0.284824 0.434896 0.285495 0.433534 0.287917 0.431492 0.286440 0.430964 0.287917 0.430888 0.291546 0.433156 0.293431 0.433307 0.295583 0.433760 0.298542 0.439284 0.303653
2 0.646133 0.595625 0.650380 0.597403 0.648818 0.614731 0.647852 0.616972 0.646831 0.616741 0.645008 0.610764 0.645464 0.597977
2 0.571182 0.412556 0.571893 0.413005 0.576404 0.422306 0.581372 0.434625 0.587388 0.446014 0.584643 0.450431 0.576534 0.433347 0.574659 0.429583 0.573536 0.427847 0.572612 0.425329 0.571044 0.421028 0.571883 0.417532
2 0.646227 0.507083 0.646443 0.504384 0.647240 0.501944 0.647888 0.501042 0.648828 0.500917 0.659602 0.509398 0.670805 0.518394 0.671549 0.518394 0.672115 0.518481 0.672859 0.518727 0.673930 0.519060 0.675237 0.519884 0.677435 0.522042 0.677898 0.523380 0.678461 0.524370 0.687417 0.531208 0.689289 0.533431 0.689724 0.535639 0.689414 0.538315 0.689224 0.539870 0.688292 0.539972 0.687099 0.540204 0.686414 0.540306 0.685417 0.539532 0.684542 0.538866 0.683789 0.539755 0.683419 0.540972 0.682479 0.541194 0.680419 0.540972 0.678042 0.538866 0.676422 0.535306 0.674607 0.525977 0.673734 0.525204 0.670734 0.524653 0.667734 0.523870 0.665737 0.523764 0.663424 0.524870 0.660237 0.525088 0.658177 0.524097 0.656117 0.522431 0.651055 0.519319 0.647492 0.517880 0.645930 0.517097
2 0.498393 0.362042 0.495453 0.366222 0.486888 0.379125 0.485841 0.379472 0.485581 0.378778 0.476427 0.373199 0.476115 0.365468 0.481083 0.366282 0.481201 0.363435 0.482180 0.362042 0.483031 0.361458 0.483945 0.360644 0.483867 0.358718 0.484656 0.358407 0.485794 0.357940 0.486669 0.358093 0.487544 0.359963 0.488331 0.361361 0.489294 0.361361 0.489294 0.359963 0.492794 0.360741
8 0.414964 0.305917 0.414581 0.306579 0.415328 0.311810 0.420729 0.317963 0.420464 0.314630 0.416776 0.310315
1 0.420193 0.310565 0.415570 0.304093 0.414964 0.305917 0.420424 0.313963
10 0.420318 0.287269 0.420841 0.293491 0.422068 0.299093 0.424344 0.305315 0.426969 0.310296 0.431169 0.316519 0.437208 0.320875 0.441148 0.323366 0.444997 0.323986 0.452437 0.321810 0.453664 0.320255 0.453401 0.324921 0.453049 0.328500 0.452526 0.331144 0.450862 0.332389 0.447885 0.332856 0.442721 0.333014 0.438172 0.332236 0.435107 0.329588 0.431607 0.326477 0.428193 0.322741 0.425919 0.318231 0.423904 0.313718 0.422154 0.310759 0.421641 0.308889 0.420930 0.305005 0.419440 0.293644 0.418742 0.290065 0.418565 0.288046
2 0.442396 0.286713 0.441242 0.285106 0.440260 0.284032 0.439729 0.282014 0.446539 0.279861 0.447143 0.280801 0.448656 0.281074 0.450018 0.280264 0.451456 0.278384 0.458339 0.276903 0.457203 0.279458 0.455086 0.283625 0.451682 0.287259 0.449490 0.288870 0.447901 0.289407 0.446917 0.289681
2 0.449490 0.288870 0.450289 0.291546 0.455471 0.294912 0.456229 0.296792 0.456565 0.299218 0.464542 0.312236 0.465784 0.309565 0.466307 0.308282 0.466503 0.306426 0.466698 0.304449 0.467680 0.302940 0.468464 0.300611 0.469052 0.299333 0.465589 0.295731 0.465000 0.293176 0.464214 0.290384 0.462448 0.286898 0.460227 0.281782 0.457203 0.279458 0.455086 0.283625 0.451682 0.287259
2 0.471018 0.301759 0.469904 0.300264 0.469052 0.299333 0.468464 0.300611 0.467680 0.302940 0.466698 0.304449 0.466503 0.306426 0.466307 0.308282 0.465784 0.309565 0.464542 0.312236 0.465654 0.316190 0.467419 0.318278 0.469510 0.320838 0.470359 0.322931 0.472518 0.323856 0.473956 0.325602 0.475656 0.326065 0.478206 0.325370 0.479841 0.324208 0.480820 0.325255 0.483763 0.324440 0.487227 0.322000 0.488469 0.320370 0.489646 0.318514 0.483552 0.312153 0.482341 0.311745 0.481130 0.312287 0.479693 0.312287 0.471094 0.302870
2 0.516339 0.376796 0.516513 0.380079 0.516602 0.383505 0.516427 0.386755 0.516427 0.390958 0.515813 0.394537 0.515201 0.397023 0.514062 0.398287 0.512401 0.398426 0.511174 0.397972 0.511000 0.395329 0.511000 0.394083 0.512049 0.394083 0.512750 0.393463 0.512487 0.391282 0.511612 0.390352 0.510737 0.389569 0.510563 0.371366
6 0.691552 0.628537 0.686953 0.636120 0.683188 0.642218 0.663617 0.636269 0.662109 0.629282 0.662195 0.626903 0.664117 0.619616
10 0.482117 0.347514 0.486318 0.350472 0.489995 0.352491 0.492768 0.354157 0.494518 0.355245 0.497146 0.356181 0.497872 0.357782 0.502859 0.363227 0.492794 0.360741 0.489294 0.359963 0.489294 0.361361 0.488331 0.361361 0.487544 0.359963 0.486669 0.358093 0.485794 0.357940 0.484656 0.358407 0.483867 0.358718 0.481417 0.358250
2 0.531510 0.359537 0.531245 0.350741 0.532318 0.351042 0.533732 0.351745 0.534013 0.352444 0.534352 0.355963 0.534352 0.357370 0.535312 0.358171 0.535878 0.359579 0.536161 0.361088 0.535935 0.362593 0.535143 0.363398 0.535086 0.365102 0.535596 0.370329 0.536104 0.372639 0.538760 0.378065 0.540510 0.382583 0.541133 0.382685 0.541586 0.383787 0.541471 0.384593 0.542094 0.387806 0.543055 0.387806 0.543620 0.388912 0.542940 0.389815 0.541529 0.391421 0.538195 0.395241 0.537742 0.395944 0.536612 0.394435 0.535820 0.393431 0.535370 0.392227 0.535312 0.390116 0.534409 0.391523 0.533560 0.391722 0.532206 0.390116 0.530565 0.389315 0.529266 0.387806 0.529154 0.386398 0.529154 0.384694 0.529492 0.379671 0.528250 0.377259 0.527729 0.375917 0.525911 0.374352 0.526901 0.370694 0.529487 0.368208 0.531714 0.367375 0.533120 0.361542 0.531831 0.359667
2 0.485906 0.385287 0.487214 0.384819 0.487214 0.385750 0.487346 0.387028 0.488719 0.387727 0.490221 0.388074 0.491138 0.387144 0.491529 0.385519 0.492052 0.384125 0.492641 0.384472 0.494146 0.383773 0.496042 0.382495 0.497021 0.382148 0.498461 0.381333 0.499505 0.381218 0.501076 0.381449 0.501924 0.382380 0.502708 0.383889 0.503625 0.385634 0.503755 0.386681 0.505128 0.386912 0.507810 0.388190 0.509836 0.389005 0.510737 0.389569 0.511612 0.390352 0.512487 0.391282 0.512750 0.393463 0.512049 0.394083 0.511000 0.394083 0.510359 0.393190 0.509378 0.393537 0.507940 0.393769 0.506044 0.392958 0.504604 0.392958 0.502776 0.391560 0.502055 0.390167 0.502120 0.386796 0.501141 0.386333 0.500487 0.387495 0.500292 0.388426 0.499570 0.388773 0.498917 0.389704 0.498263 0.391097 0.496042 0.392606 0.491464 0.393074 0.488589 0.393190 0.486234 0.394120 0.479565 0.395745 0.478716 0.394583 0.478063 0.393769 0.477276 0.393074 0.477224 0.392199 0.477081 0.389472 0.477734 0.389352 0.478518 0.389588 0.479500 0.389704 0.482312 0.388542 0.483945 0.387495 0.484927 0.387380 0.485841 0.387264
2 0.468464 0.390227 0.467643 0.389329 0.462349 0.392556 0.458339 0.395245 0.453120 0.390000 0.445706 0.382065 0.450471 0.370500 0.451833 0.367139 0.452893 0.367542 0.455010 0.367542 0.457052 0.367810 0.460609 0.369292 0.462198 0.369560 0.463862 0.370769 0.464617 0.372116 0.465146 0.374403 0.465979 0.376958 0.466432 0.377898 0.467039 0.383144 0.468247 0.383681
2 0.451833 0.367139 0.452773 0.366051 0.453688 0.364537 0.454081 0.363028 0.454211 0.362097 0.453232 0.360236 0.451466 0.359074 0.449570 0.358148 0.448065 0.357565 0.446758 0.357565 0.444992 0.357681 0.444208 0.358264 0.443948 0.358958 0.444339 0.359657 0.445385 0.360588 0.446104 0.362565 0.446104 0.364190 0.445646 0.365468 0.444862 0.366051 0.443555 0.367792 0.442443 0.368491 0.441135 0.369190 0.440547 0.370699 0.440156 0.373370 0.438651 0.374185 0.438193 0.374653 0.445706 0.382065
10 0.428107 0.364389 0.430328 0.361366 0.431375 0.361481 0.432617 0.361597 0.433729 0.360903 0.434643 0.359273 0.435690 0.357995 0.437323 0.358111 0.439089 0.357880 0.439807 0.356366 0.440070 0.353926 0.439417 0.351486 0.438763 0.349861 0.437846 0.348699 0.436997 0.349162 0.436539 0.349861 0.435820 0.350787 0.435232 0.351370 0.434448 0.349741 0.433664 0.349741 0.432224 0.351255 0.430003 0.354509 0.429805 0.356250 0.429870 0.357648 0.429870 0.359042 0.427060 0.363574
2 0.515943 0.339481 0.520982 0.340940 0.523792 0.343023 0.527424 0.343440 0.528714 0.342398 0.528714 0.339898 0.528714 0.338023 0.528479 0.334486 0.525784 0.331778 0.523792 0.330111 0.520982 0.324486 0.515122 0.316778 0.512427 0.314278 0.509146 0.309486 0.505279 0.306569 0.502586 0.304074 0.497664 0.301782 0.496258 0.301574 0.494734 0.302199 0.494500 0.303241 0.494500 0.305532 0.494617 0.307194 0.496141 0.309278 0.497430 0.311153 0.498953 0.312611 0.499305 0.318028 0.500430 0.319884 0.502305 0.321968 0.505466 0.323005 0.511208 0.332796 0.514372 0.337171
9 0.668792 0.653722 0.669763 0.651130 0.670466 0.651130 0.671060 0.652093 0.671492 0.652954 0.671005 0.655454
10 0.614375 0.481731 0.615685 0.481620 0.616497 0.482176 0.617372 0.482509 0.624307 0.479620 0.628932 0.477065 0.634430 0.475509 0.635492 0.475287 0.635180 0.473620 0.635180 0.472176 0.635492 0.472176 0.636367 0.472398 0.637992 0.473287 0.637555 0.485505 0.629995 0.484171 0.628995 0.485505 0.625057 0.485616 0.623245 0.485060 0.621622 0.485616 0.618810 0.485616 0.616435 0.485838 0.615497 0.485949
10 0.471018 0.301759 0.472190 0.299468 0.473245 0.295926 0.473714 0.291134 0.474299 0.288222 0.475003 0.286972 0.476409 0.286972 0.477581 0.288639 0.478049 0.291968 0.478753 0.296134 0.480042 0.299259 0.481799 0.303218 0.482737 0.305509 0.485784 0.305926 0.492227 0.310509 0.497383 0.315926 0.500430 0.319884 0.502305 0.321968 0.505466 0.323005 0.511208 0.332796 0.514372 0.337171 0.518307 0.343056 0.520935 0.347588 0.530307 0.359875 0.531831 0.359667 0.533120 0.361542 0.531714 0.367375 0.529487 0.368208 0.526901 0.370833 0.526016 0.374259 0.527729 0.375917 0.526674 0.378833 0.523393 0.379458 0.520232 0.377167 0.519177 0.374042 0.521169 0.369250 0.521753 0.365917 0.508747 0.343213 0.498086 0.327380 0.483552 0.312153 0.482341 0.311745 0.481130 0.312287 0.479693 0.312287 0.471094 0.302870
10 0.467526 0.325046 0.468208 0.323847 0.470359 0.322931 0.472518 0.323856 0.473956 0.325602 0.475656 0.326065 0.476745 0.325787 0.480289 0.329917 0.483615 0.335671 0.485714 0.339097 0.487203 0.341273 0.489128 0.344384 0.491404 0.345787 0.495779 0.348431 0.499018 0.350144 0.501031 0.349986 0.503656 0.347963 0.504883 0.347810 0.506896 0.348898 0.507070 0.354810 0.508383 0.358079 0.509958 0.356366 0.511096 0.354032 0.513568 0.351620 0.521753 0.365917 0.521169 0.369250 0.519177 0.374042 0.520232 0.377167 0.523393 0.379458 0.526674 0.378833 0.522440 0.382634 0.507211 0.368162 0.502995 0.364259 0.502786 0.363333 0.497865 0.358009 0.497146 0.356181 0.494518 0.355245 0.492768 0.354157 0.490669 0.351199 0.480690 0.342644 0.474302 0.336421 0.472393 0.336125 0.468193 0.328032
2 0.502055 0.390167 0.501346 0.392903 0.500734 0.394301 0.500557 0.396324 0.500034 0.398505 0.498896 0.400213 0.497495 0.401458 0.497406 0.403639 0.495482 0.405972 0.494870 0.407685 0.493906 0.409241 0.492857 0.410949 0.491805 0.412042 0.491107 0.412194 0.488568 0.407685 0.487081 0.405815 0.485242 0.404259 0.485680 0.400991 0.484716 0.400991 0.484716 0.403329 0.483492 0.402394 0.483930 0.400528 0.487430 0.397880 0.489268 0.397880 0.492594 0.403792 0.493557 0.402394 0.490492 0.398968 0.489617 0.396949 0.497669 0.396949 0.499070 0.396949 0.499508 0.395856 0.499596 0.394148 0.499245 0.393681 0.498107 0.392745 0.497232 0.392278 0.496969 0.391968 0.498263 0.391097 0.498917 0.389704 0.499570 0.388773 0.500292 0.388426 0.500487 0.387495 0.501141 0.386333 0.502120 0.386796
2 0.487076 0.409843 0.486148 0.423995 0.480602 0.418542 0.477943 0.416051 0.478141 0.412681 0.478508 0.411819 0.480531 0.406889 0.482044 0.403852
2 0.458589 0.396968 0.462094 0.400282 0.465370 0.400282 0.468307 0.400282 0.470568 0.400282 0.471732 0.400338 0.470753 0.397083 0.469495 0.393153 0.468365 0.393653 0.469495 0.398477 0.467292 0.398171 0.465539 0.397069
9 0.495089 0.366639 0.498044 0.369639 0.499773 0.367088 0.498128 0.364389 0.497156 0.363935
9 0.500365 0.367912 0.499141 0.370389 0.499901 0.371139 0.498888 0.374065 0.498003 0.376394 0.497833 0.377968 0.501799 0.378644 0.503068 0.377069 0.503445 0.375569 0.503490 0.373616 0.502940 0.371292 0.502010 0.370764 0.501589 0.369639 0.501294 0.368741
2 0.532206 0.390116 0.533000 0.402375 0.533833 0.403852 0.534664 0.404657 0.535945 0.404412 0.534872 0.395269 0.534409 0.391523 0.533560 0.391722
2 0.531245 0.350741 0.530521 0.343333 0.528714 0.342398 0.530013 0.359407 0.530307 0.359875 0.531510 0.359537 0.531510 0.359537
2 0.521469 0.341264 0.522372 0.344278 0.523391 0.346190 0.523391 0.347292 0.523672 0.348597 0.525141 0.348097 0.527742 0.348699 0.529266 0.349403 0.529323 0.350912 0.527742 0.350208 0.525367 0.350208 0.523333 0.350509 0.520935 0.347588 0.515943 0.339481 0.520982 0.340940
2 0.476745 0.325787 0.478206 0.325370 0.479841 0.324208 0.480820 0.325255 0.483763 0.324440 0.487227 0.322000 0.488469 0.320370 0.489646 0.318514 0.490497 0.319509 0.488198 0.328523 0.488893 0.328847 0.490898 0.319898 0.493271 0.322361 0.493016 0.325148 0.494109 0.330144 0.497430 0.342532 0.498232 0.342009 0.493927 0.325148 0.493964 0.323009 0.498086 0.327380 0.508747 0.343213 0.513661 0.351676 0.513458 0.351699 0.511096 0.354032 0.509958 0.356366 0.508383 0.358079 0.507070 0.354810 0.506896 0.348898 0.504883 0.347810 0.503656 0.347963 0.501031 0.349986 0.499018 0.350144 0.495779 0.348431 0.491404 0.345787 0.489128 0.344384 0.487203 0.341273 0.485714 0.339097 0.483615 0.335671 0.480289 0.329917
2 0.410622 0.344162 0.422943 0.358120 0.421828 0.344935 0.420167 0.344806 0.419297 0.344676 0.417635 0.343005 0.416406 0.343005 0.414745 0.343264 0.412070 0.343778
2 0.497406 0.403639 0.500372 0.405931 0.502060 0.407042 0.504372 0.407042 0.505872 0.406819 0.507120 0.407597 0.509307 0.408486 0.510495 0.409597 0.511745 0.411375 0.512745 0.412375 0.513307 0.412931 0.514557 0.412486 0.514992 0.409819 0.514057 0.407819 0.513932 0.407486 0.509620 0.403042 0.508245 0.399824 0.510370 0.398935 0.511174 0.397972 0.511000 0.395329 0.511000 0.394083 0.510359 0.393190 0.509378 0.393537 0.507940 0.393769 0.506044 0.392958 0.504604 0.392958 0.502776 0.391560 0.502055 0.390167 0.501346 0.392903 0.500734 0.394301 0.500557 0.396324 0.500034 0.398505 0.498896 0.400213 0.497495 0.401458
2 0.514479 0.433380 0.513628 0.432125 0.512133 0.429968 0.511807 0.428639 0.512042 0.426315 0.512508 0.424491 0.513393 0.423412 0.514234 0.422333 0.515448 0.422167 0.517221 0.423245 0.517547 0.424657 0.517500 0.427977 0.517362 0.430380 0.517128 0.432042 0.516893 0.432704
10 0.516893 0.432704 0.517242 0.436477 0.517617 0.440032 0.518242 0.442588 0.518117 0.448028 0.517117 0.458028 0.510370 0.450806 0.510557 0.449472 0.510620 0.447583 0.510557 0.445477 0.511495 0.444810 0.513120 0.437477 0.513932 0.434921 0.514479 0.433380
2 0.491107 0.412194 0.492052 0.416852 0.492703 0.420708 0.492919 0.424051 0.492557 0.425463 0.491255 0.426875 0.489016 0.427134 0.489451 0.423921 0.489521 0.420963 0.488510 0.420963 0.487570 0.420579 0.486484 0.419806 0.487076 0.409843 0.482044 0.403852 0.482076 0.402972 0.482437 0.401944 0.482870 0.401685 0.483492 0.402394 0.484716 0.403329 0.485242 0.404259 0.487081 0.405815 0.488568 0.407685
2 0.636938 0.507366 0.638151 0.468389 0.647477 0.469542 0.646247 0.511310 0.643284 0.588806 0.639453 0.589194 0.638659 0.586366 0.637719 0.582898 0.635766 0.581611 0.634609 0.580069 0.634174 0.578653
2 0.680419 0.540972 0.677109 0.543153 0.675656 0.544231 0.673115 0.546310 0.666703 0.539065 0.663393 0.535981 0.662143 0.532181 0.660893 0.529028 0.660208 0.526731 0.660237 0.525088 0.663424 0.524870 0.665737 0.523764 0.667734 0.523870 0.670734 0.524653 0.673734 0.525204 0.674607 0.525977 0.676422 0.535306 0.678042 0.538866
2 0.689224 0.539870 0.691435 0.544111 0.699057 0.559657 0.702182 0.566102 0.701995 0.568102 0.701557 0.568880 0.698310 0.587208 0.694310 0.603088 0.661945 0.617639 0.659883 0.618417 0.652073 0.602088 0.647388 0.590981 0.653323 0.562991 0.654766 0.555648
8 0.643951 0.572125 0.653323 0.562991 0.650888 0.574569 0.643589 0.581120
8 0.654286 0.537685 0.669758 0.546296 0.668383 0.549380 0.667299 0.550148 0.656148 0.544144 0.655336 0.540032
2 0.634953 0.471301 0.635180 0.472176 0.635180 0.473620 0.635492 0.475287 0.633786 0.474787 0.630193 0.474375 0.625432 0.471968 0.618852 0.466407 0.615539 0.463005 0.613956 0.460574 0.611898 0.457088 0.610690 0.455931 0.609378 0.455181 0.608357 0.455097 0.608070 0.454102 0.608818 0.453606 0.609242 0.453190 0.603708 0.445125 0.603846 0.443634 0.604828 0.441477 0.605341 0.440644 0.606615 0.441185 0.610396 0.447157 0.613849 0.451972 0.617536 0.458606 0.618563 0.460102 0.624258 0.465245 0.627430 0.469394 0.629018 0.470889 0.629997 0.471222
2 0.648094 0.494269 0.656029 0.502713 0.660651 0.509264 0.660464 0.510042 0.659602 0.509398 0.648828 0.500917 0.646531 0.499046 0.646674 0.495167 0.647359 0.494880
2 0.704049 0.584894 0.707060 0.564074 0.705469 0.564074 0.701622 0.583704
2 0.670643 0.613713 0.682102 0.619361 0.695901 0.621296 0.698109 0.616866 0.681466 0.614782 0.675026 0.611759
2 0.657594 0.613861 0.656924 0.614454 0.662612 0.641667 0.664870 0.641963 0.663617 0.636269 0.662109 0.629282 0.659883 0.618417
2 0.660208 0.629954 0.657917 0.630394 0.656755 0.632801 0.652398 0.634694 0.647174 0.617833 0.647852 0.616972 0.649883 0.611468 0.651625 0.606824 0.653560 0.609403 0.655013 0.615769 0.658109 0.619898
2 0.662797 0.650458 0.666198 0.643546 0.664870 0.641963 0.665659 0.640764 0.667117 0.641722 0.669224 0.644028 0.669427 0.645370 0.666901 0.652454
8 0.633299 0.487931 0.634034 0.487829 0.636802 0.488634 0.636521 0.496065 0.633357 0.496167 0.633188 0.495162 0.633469 0.493657 0.633357 0.492250 0.632451 0.490843 0.632281 0.489338 0.632339 0.488431
2 0.631831 0.484514 0.631266 0.486120 0.630193 0.489032 0.630021 0.490440 0.630305 0.490843 0.630193 0.491949 0.629797 0.492148 0.629456 0.492449 0.629344 0.494963 0.625878 0.489116 0.623635 0.486806 0.622190 0.486546 0.620961 0.486676 0.619906 0.487125 0.618810 0.485616 0.621622 0.485616 0.623245 0.485060 0.625057 0.485616 0.628995 0.485505 0.629995 0.484171
5 0.297013 0.203889 0.288721 0.187306 0.294810 0.183389 0.308674 0.177398 0.311911 0.175097 0.316057 0.171644 0.321370 0.171644 0.331484 0.192037 0.343005 0.212407 0.357388 0.241662 0.371185 0.271329 0.373984 0.280079 0.374555 0.283259 0.376224 0.285444 0.376458 0.288046 0.372870 0.284847 0.369734 0.282472 0.366146 0.278491 0.361979 0.280648 0.359266 0.284731 0.335143 0.254995 0.306938 0.217222
5 0.357547 0.158755 0.356435 0.154731 0.355596 0.153046 0.355523 0.149398 0.359219 0.149204 0.362883 0.148806 0.362883 0.147792 0.358784 0.143718 0.358755 0.142060 0.361227 0.140282 0.364388 0.132481 0.363685 0.130005 0.362427 0.128514 0.362516 0.125519 0.365508 0.125852 0.372786 0.132907 0.378664 0.138218 0.384917 0.144190 0.389536 0.148009 0.395753 0.153481 0.403409 0.161954 0.415229 0.173750 0.423760 0.180292 0.433701 0.189894 0.442901 0.199713 0.447419 0.204171 0.447044 0.206278 0.448794 0.213167 0.449609 0.219051 0.456609 0.225056 0.455227 0.227278 0.454115 0.228287 0.453177 0.229907 0.451172 0.228051 0.449734 0.227046 0.447943 0.231296 0.446706 0.239412 0.439331 0.231185 0.439766 0.240181 0.440266 0.249509 0.434219 0.242505 0.424984 0.232806 0.411701 0.218213 0.396148 0.201894 0.379083 0.182597 0.362451 0.164551
5 0.384917 0.144190 0.377315 0.135782 0.371388 0.129644 0.368401 0.126907 0.368401 0.125662 0.370081 0.123171 0.374234 0.120435 0.375401 0.119190 0.376521 0.112801 0.377409 0.110560 0.381047 0.102597 0.383055 0.102264 0.383570 0.102500 0.384411 0.103250 0.410234 0.129417 0.441930 0.159255 0.468906 0.185454 0.466456 0.189551 0.466456 0.189551 0.465057 0.192620 0.463003 0.198014 0.461883 0.200171 0.461229 0.200088 0.460622 0.199009 0.459596 0.200333 0.460016 0.202412 0.458661 0.206560 0.456328 0.208051 0.456281 0.209546 0.454010 0.212546 0.447419 0.204171 0.442901 0.199713 0.433701 0.189894 0.423760 0.180292 0.415229 0.173750 0.403409 0.161954 0.395753 0.153481 0.389536 0.148009
5 0.464870 0.234852 0.462633 0.232213 0.459487 0.232356 0.457607 0.233384 0.456609 0.233602 0.453638 0.235727 0.452146 0.237019 0.450979 0.238903 0.451461 0.240102 0.462190 0.251861 0.474815 0.265917 0.494823 0.288435 0.498818 0.293671 0.507609 0.302417 0.525440 0.323931 0.533424 0.333111 0.534596 0.334616 0.535724 0.338417 0.535951 0.339593 0.531870 0.341514 0.530984 0.342181 0.531474 0.344005 0.539958 0.353324 0.541630 0.352431 0.541044 0.350500 0.541044 0.345296 0.543135 0.343958 0.546984 0.349014 0.548823 0.347676 0.548992 0.343065 0.552003 0.347676 0.554094 0.347227 0.554010 0.342917 0.556518 0.331167 0.559279 0.325815 0.562307 0.327806 0.563315 0.327157 0.562786 0.326019 0.559375 0.322639 0.557318 0.320694 0.553078 0.316412 0.551865 0.314755 0.550130 0.314398 0.547383 0.311681 0.544583 0.314171 0.542344 0.311602 0.540198 0.310602 0.538469 0.311185 0.536695 0.311269 0.514576 0.287454 0.489557 0.260986
5 0.451461 0.240102 0.449839 0.242657 0.446706 0.239412 0.439331 0.231185 0.439766 0.240181 0.440266 0.249509 0.440211 0.252102 0.437727 0.253926 0.434974 0.255463 0.433948 0.257000 0.436797 0.259120 0.445964 0.269815 0.464237 0.290875 0.480622 0.308231 0.488049 0.313931 0.500633 0.331287 0.511859 0.346162 0.517961 0.354032 0.521133 0.351491 0.526328 0.345542 0.531870 0.341514 0.535951 0.339593 0.535724 0.338417 0.534596 0.334616 0.533424 0.333111 0.525440 0.323931 0.507609 0.302417 0.498818 0.293671 0.494823 0.288435 0.474815 0.265917 0.462190 0.251861
