0 0.876357 0.698477 0.883565 0.703931 0.898115 0.715324 0.926411 0.702032 0.940292 0.687796 0.947099 0.651727 1.000000 0.659069 1.000000 0.723819 0.994349 0.734069 0.993417 0.736440 0.996885 0.748306 1.000000 0.750194 1.000000 0.768634 0.985542 0.794343 0.978333 0.796713 0.969805 0.788102 0.974289 0.746907 0.952505 0.734282 0.921005 0.757630 0.895484 0.767639 0.892760 0.769898 0.887648 0.769708 0.877919 0.762282 0.874060 0.757894 0.869109 0.742255 0.867721 0.729894 0.869417 0.714231 0.871740 0.704361
9 0.341917 0.315477 0.344466 0.317222 0.345219 0.322171 0.343857 0.322032 0.341211 0.322843 0.340021 0.320477 0.339891 0.318731 0.340349 0.317338
9 0.349216 0.319287 0.347805 0.319991 0.347862 0.322097 0.348992 0.324412 0.351422 0.326519 0.353229 0.322500 0.351930 0.320995
1 0.443911 0.377231 0.451789 0.391394 0.468945 0.420662 0.470607 0.419713 0.445049 0.375833
10 0.476120 0.398704 0.474010 0.401806 0.473320 0.406176 0.473846 0.410218 0.475159 0.411778 0.478221 0.411463 0.483385 0.409597 0.485576 0.407731 0.486974 0.403995 0.485750 0.400417 0.484000 0.398083 0.479797 0.397148
2 0.687331 0.564565 0.686651 0.566375 0.685125 0.568384 0.684617 0.570491 0.684617 0.572903 0.685466 0.575815 0.686255 0.577023 0.687161 0.576921 0.687951 0.577222 0.687669 0.579833 0.688120 0.581444 0.689250 0.582750 0.690099 0.584153 0.690664 0.585463 0.692133 0.585361 0.692245 0.583352 0.691115 0.581144 0.690326 0.579634 0.691115 0.573106 0.690891 0.571097 0.690099 0.569588 0.689815 0.567782 0.688573 0.565069
9 0.488464 0.403060 0.490388 0.403060 0.491875 0.405083 0.491964 0.408042 0.491000 0.411153 0.489339 0.411778 0.483474 0.413486 0.482073 0.413333 0.482161 0.411931 0.482599 0.410685 0.483385 0.409597 0.485576 0.407731 0.486974 0.403995
9 0.481547 0.427181 0.483563 0.428426 0.484260 0.430134 0.483648 0.431069 0.482161 0.431690 0.481461 0.432782 0.480672 0.434338 0.479534 0.435273 0.478047 0.434806 0.475685 0.434181 0.474633 0.433250 0.474458 0.431227 0.475333 0.429356 0.478659 0.428426 0.479622 0.430134 0.480849 0.429824
9 0.708724 0.580093 0.708961 0.576796 0.709497 0.575324 0.710914 0.575236 0.712331 0.575148 0.713453 0.576625 0.715115 0.578796 0.715115 0.580273 0.713503 0.581315 0.712477 0.582787 0.711549 0.583222 0.709987 0.583134 0.709057 0.581486
2 0.351026 0.344190 0.355362 0.344190 0.358875 0.345023 0.363328 0.348148 0.365437 0.351273 0.365555 0.352940 0.360867 0.350231 0.358406 0.348356 0.354659 0.348565 0.350440 0.345231
2 0.532438 0.455847 0.531521 0.457241 0.530672 0.460148 0.531130 0.464102 0.538974 0.468634 0.543159 0.470144 0.546362 0.468167 0.549109 0.466657 0.550612 0.467356 0.551070 0.463866 0.547005 0.457824 0.544336 0.453639 0.540674 0.451199 0.539432 0.446435 0.537732 0.443644 0.534203 0.441903 0.533286 0.442250 0.530018 0.440157 0.529102 0.442134 0.531784 0.445505 0.530802 0.447014 0.530737 0.449338 0.532307 0.452245 0.533221 0.454454
10 0.594635 0.508463 0.592141 0.511019 0.590628 0.518014 0.591307 0.522046 0.593578 0.525139 0.597208 0.527560 0.598797 0.527292 0.600990 0.525815 0.604622 0.521375 0.605151 0.518014 0.604167 0.513171 0.601219 0.509676 0.597888 0.508060
9 0.494125 0.426792 0.496745 0.429120 0.498255 0.430972 0.499029 0.432486 0.499943 0.434463 0.501185 0.434579 0.502036 0.433185 0.501906 0.432023 0.499289 0.428185 0.499812 0.425514 0.497721 0.423653 0.496805 0.425278 0.495628 0.424699
5 0.654089 0.528287 0.655268 0.526884 0.658044 0.525278 0.659737 0.525176 0.662615 0.526282 0.664479 0.527287 0.666740 0.530301 0.668156 0.534019 0.669401 0.539343 0.669055 0.544667 0.667536 0.549792 0.664542 0.552903 0.661315 0.554912 0.657698 0.554509 0.654872 0.552704 0.652563 0.550093 0.650924 0.546875 0.650070 0.542958 0.649901 0.538537 0.651201 0.533718 0.652443 0.530704
2 0.508820 0.442926 0.508094 0.447764 0.507732 0.450347 0.508094 0.457120 0.509182 0.462282 0.511362 0.464866 0.513539 0.465833 0.514445 0.463250 0.513721 0.459704 0.513539 0.456477 0.512451 0.453250 0.511724 0.449056 0.512086 0.445185
10 0.347260 0.322843 0.348547 0.325532 0.348320 0.328894 0.347336 0.331315 0.343102 0.334944 0.338940 0.336292 0.336216 0.335616 0.335385 0.334273 0.335536 0.330236 0.336974 0.327009 0.341211 0.322843 0.343857 0.322032 0.345219 0.322171
9 0.498701 0.419352 0.497656 0.419935 0.497068 0.421907 0.497263 0.423190 0.497721 0.423653 0.499812 0.425514 0.503083 0.428417 0.504391 0.427370 0.505109 0.425398 0.504846 0.424116
2 0.511974 0.436787 0.510339 0.436903 0.510143 0.438648 0.511711 0.442134 0.514458 0.443759 0.515570 0.444343 0.517531 0.440741 0.515047 0.438764 0.513805 0.437366
2 0.516549 0.470144 0.541721 0.472468 0.541354 0.477315 0.520539 0.474792
2 0.302331 0.308236 0.317094 0.299907 0.319555 0.298032 0.319203 0.295116 0.317328 0.293032 0.312406 0.296782 0.307250 0.297407 0.304086 0.300116 0.298464 0.304491 0.299518 0.307403
10 0.326307 0.312352 0.325247 0.313968 0.324719 0.316926 0.324719 0.321093 0.325779 0.325130 0.327141 0.326204 0.330846 0.327412 0.334174 0.327681 0.335839 0.327144 0.338034 0.324588 0.339393 0.321630 0.339469 0.318134 0.338411 0.314639 0.334857 0.311681 0.331680 0.310065 0.328578 0.310468
2 0.591865 0.497588 0.609719 0.503190 0.614182 0.504435 0.616021 0.503657 0.617596 0.504903 0.618034 0.506611 0.620047 0.509102 0.627573 0.514861 0.628974 0.515324 0.629497 0.516884 0.631250 0.518903 0.632125 0.517662 0.630987 0.515949 0.630286 0.513458 0.622409 0.505213 0.621883 0.503657 0.620221 0.502565 0.615406 0.500231 0.590375 0.494477
2 0.324870 0.285593 0.326760 0.289894 0.330997 0.297560 0.334477 0.301324 0.337201 0.304685 0.341135 0.308319 0.344841 0.310468 0.349380 0.311009 0.350513 0.306167 0.350589 0.303208 0.347867 0.302264 0.343857 0.300921 0.341513 0.299981 0.338185 0.299440 0.335990 0.298231 0.332888 0.293926 0.329333 0.287875 0.326609 0.282361 0.326232 0.282630
1 0.551594 0.448759 0.545253 0.454801 0.547005 0.457824 0.552638 0.451546 0.560549 0.458287 0.561073 0.456315 0.555711 0.450736
1 0.616466 0.496769 0.619349 0.500588 0.621438 0.502296 0.625904 0.505310 0.629406 0.507417 0.632174 0.509023 0.635000 0.509125 0.642516 0.510731 0.642232 0.512843 0.635622 0.512338 0.631893 0.511333 0.626354 0.508120 0.622409 0.505213 0.621883 0.503657 0.620221 0.502565 0.618953 0.501792 0.613414 0.494963 0.614883 0.494662
5 0.382646 0.351870 0.386760 0.349847 0.396036 0.345491 0.401901 0.342690 0.407677 0.342380 0.410391 0.343157 0.413456 0.344713 0.415906 0.346111 0.417482 0.347356 0.418620 0.347356 0.422820 0.347204 0.429820 0.364472 0.432971 0.374898 0.429646 0.373810 0.428333 0.374431 0.422469 0.374898 0.422294 0.387657 0.421857 0.389681 0.420982 0.390769 0.420107 0.391394 0.418443 0.396218 0.391487 0.377231 0.389122 0.369606 0.386148 0.368208 0.385096 0.364940 0.385622 0.362917 0.385708 0.361671 0.383435 0.356694
