0 0.437703 0.322495 0.440437 0.318731 0.444320 0.314495 0.445995 0.314343 0.447232 0.313088 0.448115 0.314343 0.448203 0.316222 0.449948 0.318843 0.450964 0.320648 0.453646 0.324583 0.454083 0.331102 0.454688 0.339060 0.454768 0.343148 0.454445 0.345731 0.454523 0.347023 0.454016 0.352329 0.457599 0.354792 0.460448 0.356472 0.461719 0.367199 0.463174 0.374352 0.463695 0.381898 0.463247 0.388282 0.463042 0.396810 0.461615 0.403889 0.459062 0.408787 0.454263 0.412597 0.452940 0.414630 0.446953 0.416065 0.439737 0.415269 0.439013 0.419824 0.433276 0.411403 0.425701 0.400259 0.420760 0.392653 0.412674 0.379843 0.407336 0.372000 0.400484 0.361694 0.394687 0.352657 0.391604 0.347699 0.391940 0.342440 0.393047 0.338986 0.393828 0.336157 0.395362 0.328028 0.397536 0.327556 0.400904 0.329190 0.404057 0.329079 0.408284 0.331532 0.409203 0.329079 0.412234 0.328481 0.414349 0.326713
8 0.395599 0.260787 0.405266 0.271356 0.407107 0.272995 0.406185 0.274630 0.402172 0.270764 0.398385 0.266759 0.396901 0.264519
8 0.365677 0.298102 0.367448 0.296343 0.366750 0.295111 0.365940 0.294532 0.364805 0.295782
8 0.449948 0.318843 0.449339 0.315431 0.448685 0.311782 0.448216 0.309792 0.448544 0.307634 0.449292 0.307551 0.449943 0.312116 0.450690 0.317093 0.450964 0.320648
8 0.446536 0.280833 0.448242 0.280375 0.453042 0.285537 0.458073 0.290185 0.461513 0.293569 0.465344 0.298231 0.470148 0.303894 0.473255 0.308486 0.475594 0.311991 0.478341 0.316324 0.481620 0.321111 0.483911 0.324491 0.484211 0.325185 0.483792 0.326361 0.483096 0.326037 0.480385 0.321542 0.476828 0.316079 0.473320 0.310903 0.470323 0.306921 0.467651 0.303431 0.463094 0.297644 0.458456 0.292829 0.454628 0.288852 0.450409 0.284685
8 0.452396 0.425370 0.455880 0.425398 0.458169 0.425181 0.459826 0.425023 0.460339 0.426093 0.460339 0.427861 0.459646 0.428718 0.456240 0.428718 0.453982 0.428718
8 0.446953 0.416065 0.452940 0.414630 0.460437 0.413185 0.464060 0.412741 0.467310 0.411852 0.471370 0.410852 0.474258 0.410407 0.471945 0.412185 0.468880 0.413194 0.459437 0.415185 0.453385 0.416620 0.447128 0.417741
2 0.379526 0.291537 0.381151 0.288870 0.380651 0.286648 0.383086 0.283537 0.384898 0.282981 0.385773 0.281431 0.387148 0.281764 0.387648 0.286981 0.388023 0.291204 0.388711 0.292759 0.388464 0.293889 0.385898 0.297755 0.383398 0.302199 0.382148 0.303977 0.381398 0.301310 0.380651 0.299644 0.380526 0.297199
10 0.454523 0.347023 0.455570 0.347954 0.458112 0.349676 0.460008 0.348884 0.461622 0.347884 0.462187 0.347310 0.461016 0.346162 0.461016 0.345083 0.462227 0.345083 0.462589 0.345801 0.463438 0.343940 0.464284 0.340352 0.464484 0.336912 0.464370 0.333468 0.462997 0.329454 0.461544 0.326227 0.459771 0.324148 0.457310 0.323787 0.455372 0.323644 0.453646 0.324583 0.454083 0.331102 0.454688 0.339060 0.454768 0.343148 0.454445 0.345731
8 0.584974 0.665509 0.588979 0.668991 0.591698 0.671032 0.594807 0.673579 0.595768 0.674181 0.597945 0.676264 0.599602 0.677560 0.601146 0.677917 0.600729 0.682778 0.595646 0.678569 0.590125 0.673407 0.584245 0.669028
8 0.574193 0.586065 0.577901 0.595796 0.581693 0.603935 0.584844 0.611375 0.588930 0.620083 0.589688 0.622083 0.591406 0.623704 0.589323 0.623519 0.588156 0.622699 0.585836 0.617792 0.580865 0.606773 0.577961 0.600102 0.574612 0.592000 0.574159 0.590458 0.573146 0.587727
8 0.592839 0.627870 0.594896 0.632407 0.597914 0.638338 0.600896 0.643722 0.605021 0.651366 0.609661 0.658019 0.613568 0.664074 0.618357 0.671106 0.621831 0.675870 0.625081 0.679310 0.624339 0.682046 0.618872 0.675157 0.608729 0.660778 0.604232 0.653792 0.600437 0.647069 0.596922 0.640329 0.594341 0.635301 0.592833 0.632306 0.592232 0.630407 0.592518 0.629111
8 0.583880 0.664306 0.580604 0.661356 0.577216 0.658273 0.575198 0.656407 0.572526 0.653426 0.569870 0.651944 0.572656 0.657963 0.576086 0.661750 0.580753 0.666069 0.582995 0.667963
8 0.516224 0.419537 0.511289 0.412884 0.504927 0.405301 0.504060 0.405042 0.501458 0.401699 0.499948 0.399630 0.498203 0.404398 0.503336 0.409926 0.503120 0.410824 0.508687 0.417894 0.512734 0.422907 0.514549 0.424181 0.515456 0.424824 0.516474 0.422838
6 0.579596 0.462681 0.579523 0.460884 0.579669 0.459986 0.580956 0.459023 0.581898 0.456792 0.584023 0.459644 0.588417 0.465838 0.593471 0.473398 0.600479 0.484556 0.606547 0.493231 0.616482 0.508171 0.625477 0.521620 0.624987 0.525648 0.622547 0.528435 0.618294 0.521435 0.615609 0.516972 0.615576 0.515236 0.613344 0.512384 0.608568 0.504949 0.604872 0.500361 0.603721 0.498625 0.599888 0.492426 0.595286 0.485176 0.592565 0.481394 0.589984 0.477731 0.585365 0.470556 0.583292 0.467231 0.581260 0.464611
1 0.502859 0.391444 0.504513 0.387861 0.506086 0.384991 0.508021 0.380977 0.508880 0.379815 0.510885 0.372875 0.511693 0.370079 0.512500 0.370005 0.512659 0.371509 0.511451 0.375741 0.510078 0.380417 0.509583 0.381713 0.505924 0.387931 0.504995 0.389222 0.503464 0.392236
10 0.469164 0.405347 0.466409 0.403440 0.464964 0.400704 0.464495 0.396968 0.464870 0.393153 0.466036 0.390829 0.467438 0.390329 0.467951 0.387343 0.469862 0.385852 0.471964 0.386181 0.472990 0.388755 0.474531 0.391329 0.475755 0.394769 0.475833 0.399676 0.474245 0.400556 0.474349 0.403426 0.470797 0.404769 0.470797 0.405347
8 0.565339 0.639491 0.564091 0.635454 0.563750 0.630185 0.564167 0.626065 0.565820 0.622593 0.567732 0.619023 0.568812 0.616370 0.569896 0.616713 0.568333 0.621343 0.565781 0.626852 0.565130 0.628472 0.564974 0.631204 0.566042 0.637222
8 0.571432 0.611847 0.574536 0.607185 0.576836 0.602523 0.577961 0.600102 0.578854 0.602097 0.578047 0.604606 0.575909 0.608694 0.572604 0.614074 0.570990 0.613333
2 0.566815 0.690083 0.575339 0.694708 0.578888 0.696380 0.581057 0.684940 0.583435 0.674917 0.584245 0.669028 0.584974 0.665509 0.588062 0.650935 0.589622 0.644111 0.590917 0.638097 0.592320 0.632713 0.592232 0.630407 0.592518 0.629111 0.592839 0.627870 0.593078 0.625926 0.592565 0.624602 0.589323 0.623519 0.588156 0.622699 0.582951 0.619782 0.579539 0.617792 0.575810 0.615889 0.573099 0.614231 0.572763 0.614144 0.571352 0.613495 0.567510 0.611505 0.563461 0.609204 0.561034 0.608435 0.559956 0.607856 0.558227 0.606903 0.558495 0.612366 0.562810 0.613718 0.567510 0.615926 0.569888 0.616699 0.569693 0.617944 0.568161 0.626106 0.566432 0.635319 0.566042 0.637222 0.565339 0.639491 0.563237 0.650755 0.561792 0.656565 0.560099 0.662542 0.558971 0.665755 0.560974 0.673093 0.564474 0.657194 0.566310 0.649907 0.569870 0.651944 0.572526 0.653426 0.578672 0.657102 0.584339 0.660356 0.583880 0.664306 0.582828 0.668426 0.580240 0.681574 0.577919 0.691315 0.573063 0.688926 0.567336 0.685852 0.565234 0.685463
8 0.494688 0.464861 0.493513 0.472088 0.491826 0.479866 0.490138 0.488194 0.489453 0.492972 0.488641 0.495523 0.489516 0.495856 0.491013 0.493083 0.492318 0.491204 0.494013 0.483417 0.495701 0.475310 0.497201 0.467421 0.496016 0.465093
8 0.492865 0.490880 0.494036 0.491389 0.495911 0.492685 0.497422 0.495278 0.498898 0.498083 0.499482 0.498708 0.502138 0.498889 0.501719 0.498009 0.499831 0.496208 0.497984 0.494412 0.495266 0.491250 0.492813 0.489028 0.492604 0.489954
8 0.462057 0.443750 0.460471 0.441171 0.458276 0.438074 0.456148 0.434727 0.455133 0.433014 0.452414 0.428130 0.450964 0.425926 0.446383 0.418528 0.447128 0.417741 0.447320 0.417736 0.452396 0.425370 0.453982 0.428718 0.455263 0.431213 0.457299 0.434477 0.459565 0.438009 0.461797 0.441421 0.463784 0.444954
8 0.450964 0.425926 0.449245 0.425880 0.449461 0.427218 0.450156 0.428796 0.452917 0.429074 0.452414 0.428130
8 0.381641 0.318148 0.385487 0.323546 0.389609 0.329991 0.392984 0.335102 0.393828 0.336157 0.393047 0.338986 0.392266 0.338611 0.389141 0.333333 0.386547 0.329880 0.384922 0.327546 0.382474 0.323333 0.381120 0.319444
8 0.372906 0.309319 0.369667 0.304519 0.366224 0.299120 0.367344 0.298181 0.368151 0.297176 0.370422 0.300773 0.372961 0.304708 0.375281 0.308356 0.374365 0.309319
8 0.374461 0.239190 0.388956 0.255481 0.389711 0.253852 0.389826 0.253356 0.379904 0.242523 0.375086 0.237106
2 0.449536 0.433630 0.457961 0.439773 0.462057 0.443750 0.467789 0.447741 0.469484 0.448412 0.468513 0.449755 0.467271 0.449181 0.466677 0.449468 0.466719 0.450694 0.469193 0.451343 0.472240 0.451579 0.472617 0.452347 0.472023 0.454653 0.472130 0.456667 0.471622 0.458319 0.470841 0.458801 0.467885 0.456764 0.464219 0.454028 0.461146 0.451528 0.458932 0.449583 0.457552 0.448625 0.449883 0.436843 0.452161 0.438194 0.452956 0.438773 0.453081 0.437324 0.449763 0.435231 0.449349 0.434907
2 0.507141 0.487431 0.504089 0.487083 0.504115 0.491574 0.503560 0.494634 0.502812 0.497787 0.503229 0.497296 0.505914 0.493486
10 0.500208 0.496574 0.501133 0.492394 0.501740 0.488907 0.502065 0.485838 0.502534 0.483185 0.503747 0.483185 0.504089 0.487083 0.504115 0.491574 0.503560 0.494634 0.502812 0.497787 0.502138 0.498889 0.501719 0.498009
10 0.512831 0.435310 0.511888 0.428991 0.511633 0.427194 0.511732 0.425657 0.512232 0.425616 0.512464 0.426870 0.512932 0.426593 0.513143 0.425148 0.514549 0.424181 0.515456 0.424824 0.516474 0.422838 0.516148 0.418616 0.515706 0.417139 0.515786 0.415972 0.517193 0.415287 0.519536 0.414639 0.520703 0.414639 0.520786 0.416861 0.521255 0.419449 0.522529 0.420981 0.524378 0.421204 0.525016 0.420083 0.526271 0.419083 0.528471 0.419204 0.529794 0.422560 0.531813 0.425093 0.534781 0.425093 0.535492 0.424204 0.536938 0.425949 0.537917 0.429269 0.537594 0.433824 0.537273 0.436301 0.535919 0.437880 0.534419 0.437935 0.533857 0.437000 0.532643 0.438722 0.532081 0.440588 0.531956 0.444606 0.530870 0.446829 0.529414 0.447185 0.527766 0.447972 0.528445 0.452463 0.530245 0.459870 0.531727 0.465556 0.531883 0.466769 0.531674 0.467644 0.530945 0.467833 0.530219 0.464222 0.529490 0.460750 0.528133 0.455241 0.526719 0.448796 0.525339 0.449120 0.526422 0.453148 0.526083 0.456537 0.525534 0.458440 0.523398 0.458204 0.521760 0.457926 0.521078 0.456671 0.520904 0.452963 0.520492 0.451250 0.518174 0.451852 0.515956 0.451940 0.514969 0.451250 0.514326 0.446042 0.513758 0.441921
2 0.514906 0.477995 0.513818 0.474264 0.513375 0.472759 0.516156 0.471037 0.515794 0.468815 0.514099 0.463079 0.513091 0.459134 0.512687 0.457199 0.511318 0.456625 0.508292 0.457241 0.508169 0.460106 0.509784 0.466991 0.511195 0.471583 0.511398 0.473306 0.509784 0.469000 0.508815 0.465199 0.505104 0.464986 0.500599 0.464074 0.496979 0.462361 0.495260 0.461667 0.495909 0.463264 0.500023 0.465560 0.502039 0.469648 0.504904 0.476745 0.507365 0.480333 0.510094 0.481199 0.513133 0.485486 0.515956 0.489106 0.516654 0.488801 0.515604 0.486505 0.513201 0.483343 0.510935 0.480125 0.515016 0.479069
2 0.522133 0.495014 0.526146 0.492935 0.528893 0.492366 0.530000 0.492176 0.530393 0.490505 0.531328 0.490509 0.534091 0.489218 0.536016 0.488028 0.534510 0.478806 0.533508 0.473306 0.532586 0.474792 0.531500 0.474792 0.529826 0.477769 0.529156 0.475093 0.525143 0.475241 0.524641 0.477319 0.523469 0.478065 0.523805 0.479699 0.520625 0.480296 0.518703 0.482972 0.518703 0.480593 0.517781 0.480889 0.517615 0.483713 0.518534 0.491597 0.519456 0.496505 0.520458 0.495907
10 0.497930 0.458838 0.502557 0.457171 0.504292 0.452028 0.504003 0.448301 0.502484 0.442005 0.501771 0.439444 0.499448 0.435449 0.497279 0.433523 0.494677 0.432495 0.493013 0.433523 0.491568 0.438532 0.490773 0.442519 0.490628 0.448431 0.491352 0.450745 0.490557 0.452157 0.491352 0.454986 0.493448 0.457171 0.495690 0.458069
2 0.504865 0.502287 0.508555 0.507509 0.508974 0.506514 0.510240 0.505972 0.511469 0.503412 0.511536 0.501065 0.512594 0.498523 0.512708 0.496620 0.513724 0.494630 0.513281 0.488861 0.510534 0.488306 0.508596 0.487861 0.508333 0.492083 0.507388 0.497644
10 0.531120 0.493102 0.531328 0.490509 0.537917 0.490000 0.541646 0.490148 0.542552 0.492245
10 0.479297 0.410880 0.479018 0.409315 0.476615 0.409005 0.475706 0.408759 0.475846 0.407519 0.478216 0.406898 0.479089 0.405657 0.480065 0.405597 0.480971 0.404667 0.481424 0.405347 0.482643 0.404977 0.482888 0.405532 0.483969 0.405597 0.484073 0.407519 0.482331 0.408074 0.482680 0.411606 0.482992 0.412787 0.484667 0.412722 0.485398 0.412537 0.486549 0.410556 0.487073 0.409130 0.488815 0.409069 0.489234 0.414769 0.489755 0.421028 0.490000 0.425741 0.488594 0.425880 0.488536 0.423940 0.487003 0.422949 0.484911 0.422889 0.483443 0.425847 0.483380 0.422292 0.483255 0.418519 0.482135 0.414306
2 0.335755 0.261991 0.338464 0.261431 0.339393 0.261435 0.339674 0.262676 0.342464 0.262181 0.342427 0.260694 0.342797 0.260556 0.346341 0.259769 0.347378 0.260505 0.347656 0.261435 0.350339 0.261065 0.350547 0.263241 0.348878 0.265463 0.346159 0.265898 0.345078 0.266333 0.344938 0.267509 0.346542 0.267139 0.348911 0.266704 0.349505 0.267819 0.348458 0.270421 0.345740 0.270731 0.344904 0.270981 0.344974 0.273611 0.343099 0.273611 0.338208 0.265963
2 0.613047 0.685556 0.612318 0.681296 0.612109 0.675278 0.613609 0.674514 0.615664 0.674681 0.616505 0.681069 0.617857 0.688370 0.618370 0.693185 0.618370 0.695755 0.616318 0.699241 0.614766 0.700694 0.614310 0.697662 0.615159 0.694583 0.616406 0.692546 0.616292 0.688718 0.615911 0.687731
10 0.377951 0.318718 0.376490 0.321727 0.375943 0.322560 0.375607 0.321958 0.376128 0.319319 0.377792 0.316125 0.378997 0.313903 0.380664 0.310431 0.382214 0.306898 0.384180 0.303347 0.386195 0.299102 0.388096 0.295907 0.389154 0.292917 0.389648 0.290648 0.390430 0.289954 0.391641 0.290833 0.392161 0.293565 0.389716 0.298139 0.385758 0.304389 0.381826 0.311333 0.379247 0.315870
10 0.467070 0.433005 0.468042 0.423213 0.469013 0.418125 0.470581 0.413421 0.471945 0.412185 0.474258 0.410407 0.477385 0.410060 0.479297 0.410880 0.482135 0.414306 0.483255 0.418519 0.483380 0.422292 0.483443 0.425847 0.482406 0.429741 0.481435 0.431949 0.480893 0.438380 0.479273 0.443181 0.477005 0.445097 0.472232 0.444208 0.467109 0.438546
8 0.458854 0.432037 0.458424 0.430435 0.459362 0.430102 0.462487 0.433435 0.467109 0.438546 0.472232 0.444208 0.476669 0.448639 0.481773 0.454116 0.485328 0.458273 0.489128 0.462412 0.491776 0.465269 0.491677 0.466944 0.490870 0.466944 0.485807 0.462130 0.480234 0.455833 0.472013 0.447106 0.466771 0.441620 0.462435 0.436144 0.460135 0.433912
1 0.525289 0.556287 0.527612 0.556287 0.528240 0.556287 0.528693 0.557574 0.528964 0.559130 0.529326 0.560412 0.530771 0.559986 0.531706 0.559505 0.533182 0.559056 0.535286 0.558889 0.535773 0.558968 0.536677 0.557037 0.539299 0.552755 0.540354 0.551412 0.541258 0.549593 0.541951 0.548736 0.541979 0.549162 0.542130 0.553181 0.541859 0.556986 0.542010 0.558162 0.542253 0.559181 0.542102 0.560199 0.541680 0.561111 0.539992 0.563250 0.537943 0.565500 0.536339 0.566653 0.533422 0.567718 0.530477 0.568005 0.528182 0.568005 0.526648 0.567727 0.525659 0.567259 0.525216 0.566477 0.525685 0.566241 0.526438 0.566431 0.528940 0.567028 0.530997 0.567028 0.533385 0.566481 0.535224 0.565889 0.536104 0.565546 0.538211 0.563787 0.540789 0.560917 0.541544 0.560088 0.541414 0.559157 0.541232 0.557912 0.541232 0.554810 0.541206 0.551431 0.539747 0.553972 0.537534 0.557583 0.536414 0.559440 0.535719 0.560569 0.533193 0.560713 0.531805 0.560824 0.531023 0.560917 0.529852 0.561472 0.529253 0.561472 0.528810 0.561153 0.528211 0.559157 0.527768 0.557676 0.527612 0.557403 0.526180 0.557403 0.525086 0.557125
10 0.481424 0.405347 0.481474 0.400194 0.482221 0.399282 0.486701 0.399778 0.488893 0.400111 0.489828 0.401106 0.490622 0.402185 0.491974 0.401523 0.492909 0.400028 0.493794 0.397954 0.494495 0.394801 0.494729 0.391898 0.495055 0.391148 0.496828 0.393639 0.498229 0.396130 0.499948 0.399630 0.498203 0.404398 0.497435 0.404176 0.496503 0.406917 0.498695 0.408157 0.499208 0.408824 0.498508 0.409403 0.497341 0.410231 0.495802 0.410398 0.495008 0.411227 0.494401 0.412639 0.491974 0.417120 0.489641 0.420523 0.489234 0.414769 0.488815 0.409069 0.487073 0.409130 0.486549 0.410556 0.485398 0.412537 0.484667 0.412722 0.482992 0.412787 0.482680 0.411606 0.482331 0.408074 0.484073 0.407519 0.483969 0.405597 0.482888 0.405532 0.482643 0.404977
1 0.500208 0.496574 0.499844 0.492037 0.499362 0.487338 0.498943 0.483435 0.498141 0.483435 0.498073 0.486204 0.498385 0.489944 0.499047 0.495458
2 0.518393 0.513176 0.523797 0.514148 0.524956 0.522403 0.526698 0.535653 0.527667 0.542880 0.526698 0.545287 0.518474 0.547181 0.516828 0.540815 0.515182 0.538407 0.514313 0.534102 0.512669 0.531319 0.514128 0.530264 0.516557 0.529972 0.516180 0.523542 0.518664 0.519032
10 0.491716 0.499639 0.497602 0.508759 0.503922 0.518167 0.509969 0.526903 0.512669 0.531319 0.514128 0.530264 0.516557 0.529972 0.516180 0.523542 0.518664 0.519032 0.518393 0.513176 0.516664 0.508949 0.513641 0.505782 0.510240 0.505972 0.508974 0.506514 0.508555 0.507509 0.504865 0.502287 0.507388 0.497644 0.508333 0.492083 0.508682 0.486792 0.508656 0.485833 0.507479 0.485940 0.505914 0.493486 0.503229 0.497296 0.502138 0.498889 0.499482 0.498708 0.498898 0.498083 0.497422 0.495278 0.495911 0.492685 0.494036 0.491389 0.492865 0.490880 0.492318 0.491204 0.491013 0.493083 0.489516 0.495856 0.489523 0.496583
1 0.589984 0.477731 0.592565 0.481394 0.595286 0.485176 0.599888 0.492426 0.603721 0.498625 0.604872 0.500361 0.608568 0.504949 0.613344 0.512384 0.615576 0.515236 0.615609 0.516972 0.615104 0.518199 0.613750 0.516954 0.610997 0.512472 0.610130 0.510972 0.609224 0.511644 0.608464 0.510602 0.608289 0.509153 0.605117 0.503759 0.601477 0.497870 0.599328 0.493722 0.594896 0.486917
2 0.533193 0.560713 0.533385 0.566481 0.535224 0.565889 0.536104 0.565546 0.535719 0.560569
10 0.333255 0.256806 0.333443 0.251454 0.335167 0.246116 0.336495 0.242528 0.338661 0.239028 0.340729 0.237889 0.344372 0.238153 0.346734 0.241042 0.348802 0.244454 0.350034 0.247954 0.350174 0.249796 0.349687 0.254606 0.348750 0.257222 0.347969 0.260231 0.346341 0.259769 0.342797 0.260556 0.340833 0.261157 0.338464 0.261431 0.335755 0.261991 0.333776 0.258981
1 0.463573 0.296051 0.469607 0.300449 0.472568 0.302866 0.473930 0.303736 0.476333 0.304356 0.479122 0.306773 0.480029 0.307824 0.479542 0.308694 0.478773 0.309005 0.474904 0.307144 0.471419 0.305843 0.470148 0.303894 0.465344 0.298231
1 0.431380 0.287176 0.435023 0.286972 0.438927 0.287102 0.443099 0.287407 0.444927 0.288514 0.448542 0.290699 0.450781 0.291088 0.457109 0.294167 0.459089 0.294676 0.460672 0.295056 0.463099 0.297731 0.464193 0.299306 0.451641 0.293148 0.448685 0.292370 0.445229 0.290444 0.443018 0.289106 0.438318 0.288528 0.434523 0.288759 0.431284 0.288694
10 0.370594 0.248634 0.373125 0.237778 0.373534 0.236676 0.373534 0.235347 0.375023 0.225065 0.377284 0.226083 0.376138 0.234389 0.375086 0.237106 0.374461 0.239190 0.373698 0.244079 0.372854 0.247028 0.372102 0.248579 0.371859 0.249435
2 0.350560 0.285472 0.353594 0.274019 0.355836 0.264894 0.355742 0.261407 0.357096 0.257759 0.355836 0.247884 0.352849 0.235685 0.352380 0.232454 0.353641 0.231125 0.354716 0.231620 0.356068 0.235769 0.360174 0.248713 0.360362 0.251454 0.360362 0.253528 0.357794 0.264977 0.354901 0.280907 0.353734 0.285551 0.352940 0.288787
1 0.497073 0.405250 0.499339 0.408213 0.502307 0.411454 0.502880 0.411454 0.503120 0.410824 0.503336 0.409926 0.498203 0.404398 0.497435 0.404176 0.497435 0.404176
2 0.492594 0.400528 0.488115 0.396222 0.484312 0.392472 0.484573 0.391546 0.485302 0.390574 0.486292 0.389926 0.486474 0.386500 0.486812 0.384694 0.487073 0.384093 0.487125 0.382843 0.486083 0.381917 0.485875 0.381130 0.486708 0.379046 0.488271 0.377380 0.494208 0.382843 0.498531 0.387009 0.500641 0.388306 0.501422 0.389648 0.502859 0.391444 0.503464 0.392236 0.508193 0.397194 0.508323 0.398537 0.507698 0.400759 0.506760 0.403907 0.506109 0.405620 0.505745 0.406222 0.504927 0.405301 0.504060 0.405042 0.501458 0.401699 0.499948 0.399630 0.498229 0.396130 0.496828 0.393639 0.495055 0.391148 0.494729 0.391898 0.494495 0.394801 0.493794 0.397954 0.492909 0.400028
10 0.457310 0.323787 0.453612 0.314815 0.458279 0.308509 0.463505 0.306023 0.468219 0.304278 0.470323 0.306921 0.473320 0.310903 0.475641 0.314236 0.484042 0.337301 0.484133 0.338713 0.480448 0.340370 0.474052 0.344106 0.473167 0.340787 0.473914 0.337218 0.475779 0.333403 0.473445 0.325935 0.471253 0.320125 0.470552 0.319046 0.465651 0.320542 0.471206 0.335972 0.472607 0.339292 0.472839 0.340787 0.472419 0.343523 0.471018 0.345019 0.467940 0.344356 0.466352 0.343523 0.464284 0.340352 0.464484 0.336912 0.464370 0.333468 0.462997 0.329454 0.461544 0.326227 0.459771 0.324148
14 0.547432 0.508208 0.544125 0.501491 0.544505 0.496435 0.541646 0.490148 0.540391 0.485880 0.542266 0.482222 0.544362 0.485111 0.545964 0.483519 0.546961 0.481750 0.548260 0.478394 0.548615 0.475870 0.547669 0.474190 0.548490 0.472824 0.551484 0.477593 0.553339 0.480069 0.556667 0.479630 0.559245 0.483431 0.562198 0.488472 0.563023 0.492880 0.564464 0.496134 0.564063 0.501995 0.562221 0.506676 0.559846 0.511718 0.555430 0.515935 0.553786 0.515222 0.552664 0.512995 0.550693 0.512074 0.548779 0.511255
8 0.644036 0.586528 0.644641 0.583065 0.651786 0.587421 0.659953 0.593231 0.666690 0.597769 0.672102 0.601579 0.674609 0.603426 0.673122 0.606296 0.665026 0.601111 0.654849 0.593954 0.647604 0.589074
8 0.614865 0.688880 0.614141 0.690000 0.614583 0.691065 0.615521 0.691065 0.615854 0.689935 0.615417 0.689120
2 0.567448 0.533958 0.571883 0.528903 0.577068 0.523255 0.578156 0.526079 0.576148 0.528903 0.569456 0.536486 0.566745 0.536806 0.566612 0.535000
1 0.568482 0.542231 0.571982 0.548898 0.576667 0.560000 0.579979 0.568111 0.584977 0.580000 0.584914 0.581662 0.583977 0.581440 0.579917 0.571889 0.574294 0.557894 0.571169 0.551009 0.569107 0.545787 0.568107 0.542454
2 0.352589 0.257870 0.352021 0.244907 0.351849 0.237213 0.351565 0.229412 0.350865 0.221616 0.350323 0.218296 0.348797 0.219259 0.348500 0.223542 0.349091 0.231593 0.349375 0.237546 0.350026 0.239560 0.349930 0.244028 0.350174 0.249796 0.350078 0.255491 0.350122 0.257588 0.352242 0.258731
8 0.581260 0.464611 0.579596 0.462681 0.579523 0.460884 0.579669 0.459986 0.579115 0.458704 0.578125 0.459120 0.576667 0.461713 0.576922 0.463583 0.581547 0.471806 0.585182 0.478704 0.587526 0.483333 0.587188 0.484352 0.591406 0.491435 0.595521 0.498287 0.601875 0.508565 0.606354 0.516204 0.607154 0.517227 0.614245 0.529847 0.619596 0.538972 0.620948 0.541759 0.622674 0.540796 0.623594 0.537917 0.622833 0.535514 0.618193 0.527931 0.613112 0.518329 0.607661 0.509398 0.603070 0.501343 0.595914 0.488847 0.589984 0.477731 0.585365 0.470556 0.583292 0.467231
6 0.411589 0.217454 0.408578 0.212741 0.404583 0.206981 0.402099 0.203236 0.399776 0.199208 0.397185 0.195944 0.395727 0.195847 0.395781 0.199014 0.399076 0.203815 0.404042 0.210824 0.407930 0.216583 0.409922 0.219676
6 0.415052 0.222454 0.417500 0.226065 0.416224 0.228611 0.413221 0.224069
6 0.399497 0.230968 0.392891 0.228287 0.385208 0.225556 0.378969 0.223125 0.371451 0.219912 0.367185 0.218370 0.366641 0.220370 0.367299 0.221958 0.374443 0.224861 0.381448 0.227764 0.388820 0.230505 0.394930 0.232583 0.398292 0.234153 0.399505 0.232741
6 0.383646 0.231019 0.386953 0.235046 0.390107 0.238722 0.392667 0.241616 0.393357 0.242921 0.392815 0.244329 0.391875 0.245139 0.388138 0.240472 0.383362 0.234958 0.381096 0.232069 0.379966 0.230755 0.380016 0.229532 0.381638 0.229181
6 0.371589 0.317824 0.370547 0.314259 0.372448 0.313560 0.374391 0.319319 0.375094 0.321338 0.374870 0.322639 0.374120 0.321528
2 0.388411 0.308657 0.387682 0.309028 0.387227 0.306926 0.386669 0.304264 0.387331 0.302653 0.389003 0.299491 0.390922 0.299306 0.391828 0.299431 0.392245 0.302713 0.392943 0.304074 0.393750 0.304630 0.393432 0.307731 0.393258 0.310708 0.394164 0.314366 0.396255 0.317032 0.398799 0.319759 0.400544 0.321741 0.402370 0.322685 0.400682 0.325213 0.400055 0.326264 0.398034 0.326884 0.395768 0.327319 0.393930 0.327306 0.393565 0.325986 0.392914 0.325153 0.392237 0.322468 0.390990 0.319537 0.389867 0.315431 0.389167 0.312796
10 0.387682 0.309028 0.386865 0.310287 0.386471 0.312106 0.386021 0.315537 0.385930 0.318218 0.386232 0.320838 0.387044 0.323088 0.388341 0.325181 0.390328 0.328019 0.392188 0.328565 0.393359 0.327870 0.393930 0.327306 0.393565 0.325986 0.392914 0.325153 0.392237 0.322468 0.390990 0.319537 0.389867 0.315431 0.389167 0.312796 0.388411 0.308657
10 0.394167 0.306620 0.395547 0.307231 0.397083 0.309356 0.398307 0.312093 0.398932 0.313755 0.399349 0.315556 0.399297 0.316481 0.397266 0.314306 0.396641 0.312870 0.395365 0.310833 0.394089 0.308565
10 0.459453 0.413380 0.456719 0.410648 0.454263 0.412597 0.455883 0.414093
8 0.532987 0.587023 0.541552 0.585282 0.541159 0.583421 0.532789 0.584931
10 0.456820 0.415806 0.459893 0.417194 0.463799 0.419324 0.464529 0.417935 0.464451 0.415759 0.463617 0.415065 0.461482 0.414741 0.459437 0.415185
2 0.533182 0.559056 0.532995 0.553843 0.534354 0.553319 0.535120 0.553606 0.535286 0.558889
10 0.448294 0.434505 0.449349 0.434907 0.449536 0.433630 0.448698 0.428620 0.447742 0.424241 0.447375 0.422213 0.446013 0.422213 0.445279 0.419079 0.444284 0.415940 0.441562 0.416398 0.439836 0.417769 0.439688 0.421171
2 0.355872 0.290176 0.359859 0.287546 0.362961 0.284750 0.364930 0.282384 0.366654 0.279935 0.368917 0.284134 0.370740 0.288074 0.371331 0.289912 0.369607 0.292537 0.366750 0.295111 0.365940 0.294532 0.364805 0.295782 0.365177 0.296653 0.363255 0.298051 0.360695 0.300500 0.359318 0.298662 0.356807 0.294551 0.355281 0.292014
2 0.374271 0.260602 0.379586 0.260903 0.380156 0.258935 0.380909 0.261056 0.385320 0.261528 0.386909 0.261213 0.388956 0.255481 0.389711 0.253852 0.390966 0.248194 0.391875 0.245139 0.392815 0.244329 0.393357 0.242921 0.394409 0.240042 0.395026 0.237176 0.395760 0.236222 0.396617 0.236338 0.397409 0.237375 0.395292 0.244273 0.392732 0.251019 0.391586 0.255097 0.390086 0.260116 0.389203 0.261213 0.386997 0.263097 0.384615 0.263880 0.381615 0.263412 0.379852 0.262940 0.377188 0.263519 0.375182 0.263843 0.373750 0.262176
2 0.387852 0.234699 0.389961 0.234231 0.394047 0.234111 0.398281 0.234398 0.398661 0.235287 0.398661 0.236574 0.396617 0.236338 0.395760 0.236222 0.395026 0.237176 0.393385 0.237037 0.390951 0.235755 0.388115 0.236574
2 0.557367 0.591676 0.554547 0.593861 0.551294 0.594116 0.547680 0.593602 0.543995 0.590134 0.541898 0.587565 0.540669 0.580750 0.540669 0.574324 0.542766 0.568412 0.546018 0.564685 0.548693 0.563144 0.551294 0.562630 0.554258 0.563144 0.556646 0.564431 0.558268 0.565514 0.559695 0.569454 0.560484 0.569968 0.560828 0.570843 0.560878 0.572602 0.562500 0.576019 0.562648 0.578292 0.562102 0.582639 0.562154 0.584194 0.560195 0.583116 0.559630 0.584606 0.559451 0.588426 0.560615 0.590250 0.559729 0.591495 0.561328 0.593333 0.563555 0.594731 0.565044 0.595310 0.566068 0.595880 0.565990 0.596667 0.564672 0.596361 0.561263 0.596713 0.558604 0.593731
2 0.536276 0.597685 0.544052 0.597472 0.549990 0.597250 0.555549 0.596694 0.560234 0.596806 0.564672 0.596361 0.566047 0.596583 0.565922 0.598356 0.565078 0.599569 0.562958 0.600134 0.557674 0.600579 0.547115 0.601023 0.541117 0.601245 0.537117 0.601546 0.536469 0.599523
2 0.542813 0.619444 0.546339 0.615685 0.552714 0.609023 0.555711 0.606023 0.559336 0.604468 0.562958 0.600134 0.565078 0.599569 0.566641 0.597458 0.569776 0.596403 0.572044 0.596306 0.572362 0.598514 0.571826 0.602926 0.569289 0.604366 0.565240 0.607157 0.562810 0.608977 0.561034 0.608435 0.559956 0.607856 0.558227 0.606903 0.558495 0.612366 0.554224 0.616843 0.549687 0.621162 0.545529 0.625394 0.543203 0.621264
1 0.572263 0.608366 0.573203 0.602500 0.573888 0.596148 0.574427 0.591759 0.574159 0.590458 0.573013 0.590815 0.572701 0.595370 0.571826 0.602926 0.571380 0.607269
2 0.562500 0.576019 0.560878 0.572602 0.560828 0.570843 0.560484 0.569968 0.559695 0.569454 0.558268 0.565514 0.556445 0.561315 0.557333 0.559389 0.559401 0.558602 0.561221 0.556500 0.562354 0.556065 0.564865 0.555625 0.566195 0.554917 0.566883 0.556500 0.568359 0.560440 0.570232 0.564204 0.570331 0.566130 0.571461 0.568481 0.571068 0.571194 0.571315 0.572681 0.572495 0.573653 0.573383 0.573296 0.574466 0.576806 0.576484 0.579597 0.577221 0.580745 0.577419 0.582667 0.576977 0.583458 0.576328 0.583565 0.575253 0.584593 0.574609 0.584722 0.573568 0.584120 0.572891 0.585634 0.572841 0.586685 0.572102 0.586606 0.572544 0.588269 0.572102 0.589319 0.570469 0.587315 0.567867 0.583106 0.566883 0.582495 0.564766 0.582745 0.563339 0.581005 0.562648 0.578292 0.564471 0.578546 0.566979 0.578889 0.566638 0.576806 0.565208 0.575579 0.564224 0.575222
10 0.596641 0.695926 0.599701 0.689417 0.601424 0.684079 0.603984 0.676815 0.606003 0.678829 0.606643 0.677167 0.609349 0.680139 0.610974 0.681366 0.611271 0.683468 0.612549 0.684778 0.613047 0.685556 0.615911 0.687731 0.616292 0.688718 0.616406 0.692546 0.615159 0.694583 0.613927 0.698958 0.612156 0.703597 0.610495 0.707870 0.609401 0.710139 0.602310 0.702722 0.598617 0.698870 0.596745 0.696898
2 0.533422 0.567718 0.533422 0.571236 0.533344 0.573690 0.532849 0.574292 0.533109 0.578227 0.532250 0.580403 0.533370 0.581190 0.535156 0.578426 0.535844 0.573782 0.536521 0.570403 0.536339 0.566653
2 0.528971 0.553741 0.527656 0.554907 0.524518 0.555824 0.521732 0.556750 0.520326 0.553417 0.519349 0.550139 0.519609 0.547963 0.520130 0.547454 0.522409 0.547213 0.523659 0.547306 0.523971 0.548556 0.524805 0.548926 0.524909 0.549806 0.525951 0.549991 0.526068 0.551944 0.526549 0.553741 0.526992 0.553602 0.527344 0.552685 0.527852 0.553000 0.528997 0.552630
8 0.567534 0.504519 0.566279 0.502731 0.566964 0.500560 0.567799 0.500148 0.569156 0.501648 0.571070 0.505218 0.576440 0.513750 0.580013 0.520903 0.584513 0.527565 0.589698 0.536681 0.593388 0.542449 0.593445 0.544903 0.592451 0.546898 0.588760 0.541125 0.583016 0.531463 0.578766 0.523579 0.574948 0.517454
8 0.361719 0.301296 0.364719 0.298926 0.365677 0.298102 0.367448 0.296343 0.369198 0.294287 0.371365 0.291139 0.374172 0.287111 0.376779 0.283259 0.379143 0.279583 0.382096 0.275032 0.384661 0.270412 0.388010 0.264810 0.389240 0.262361 0.390372 0.261134 0.390422 0.262185 0.388854 0.266204 0.384169 0.273213 0.379740 0.280301 0.376883 0.285116 0.373646 0.290093 0.370531 0.294481 0.368513 0.296843 0.367344 0.298181 0.364969 0.300255 0.363935 0.301745 0.362214 0.302620
8 0.373534 0.235347 0.370174 0.231782 0.366766 0.228296 0.364526 0.225477 0.362659 0.223486 0.361167 0.221574 0.360094 0.221329 0.360372 0.222986 0.362659 0.226139 0.367094 0.231037 0.370268 0.234852 0.373125 0.237778 0.373534 0.236676
