0 0.497961 0.319167 0.510005 0.320968 0.510578 0.329931 0.516823 0.338764 0.519628 0.338639 0.519628 0.341144 0.509750 0.363463 0.506372 0.369921 0.507456 0.371051 0.513638 0.367306 0.520201 0.360292 0.522367 0.356778 0.524979 0.355986 0.536068 0.357569 0.542951 0.360403 0.548247 0.365398 0.548781 0.367361 0.548672 0.374181 0.549221 0.377852 0.551727 0.382301 0.553203 0.388204 0.552612 0.401176 0.549513 0.411407 0.544799 0.415736 0.541771 0.416255 0.542589 0.408792 0.542880 0.401968 0.539706 0.396204 0.537596 0.392477 0.535328 0.389995 0.534055 0.389699 0.529198 0.390065 0.521755 0.392116 0.517766 0.387287 0.514198 0.389065 0.514802 0.395625 0.514089 0.400125 0.516784 0.404144 0.518219 0.406194 0.523724 0.406593 0.531875 0.421671 0.536411 0.430856 0.542391 0.429546 0.544302 0.431903 0.546003 0.438199 0.547016 0.445181 0.547284 0.455463 0.546474 0.460708 0.546794 0.467903 0.545513 0.476097 0.543466 0.482620 0.543039 0.483833 0.539542 0.481713 0.538005 0.486111 0.538177 0.489597 0.540807 0.491991 0.539198 0.493690 0.536979 0.494444 0.532461 0.493542 0.527599 0.486870 0.522393 0.475190 0.520346 0.472458 0.520258 0.467449 0.521628 0.452282 0.521284 0.448644 0.510878 0.428625 0.511477 0.426204 0.505672 0.420593 0.502943 0.423778 0.499789 0.425593 0.495438 0.426204 0.495948 0.438935 0.494839 0.450616 0.493984 0.463204 0.496029 0.468514 0.498846 0.473218 0.501065 0.476856 0.502599 0.480037 0.503026 0.482417 0.502365 0.490153 0.500880 0.497097 0.498898 0.504440 0.495430 0.513106 0.467839 0.471495 0.470591 0.467972 0.476599 0.462491 0.478417 0.460144 0.481104 0.429713 0.483974 0.429625 0.484852 0.423847 0.479620 0.419042 0.477805 0.415620 0.477034 0.414250 0.470336 0.421829 0.462625 0.426338 0.458380 0.432208 0.456292 0.437394 0.455023 0.447579 0.454641 0.451102 0.435656 0.422306 0.436982 0.417741 0.440167 0.409130 0.442333 0.406750 0.444768 0.408144 0.449229 0.402569 0.453690 0.398060 0.456174 0.395537 0.451531 0.390292 0.446516 0.382815 0.442826 0.378755 0.443641 0.375866 0.443786 0.363023 0.444005 0.357912 0.445260 0.353324 0.454990 0.339435 0.457495 0.338333 0.463982 0.340306 0.470292 0.343037 0.479167 0.343185 0.482068 0.337574 0.485904 0.333634
15 0.439956 0.291199 0.440365 0.293611 0.440469 0.295231 0.440104 0.297037 0.439010 0.297824 0.438333 0.297963 0.427734 0.299861 0.428143 0.297690 0.428430 0.292505 0.427284 0.292366 0.426424 0.293569 0.424940 0.299495 0.424914 0.300931 0.418039 0.302625 0.413763 0.303500 0.412604 0.303602 0.415206 0.292806 0.417826 0.292324 0.419049 0.291921 0.422352 0.291278 0.423568 0.290972 0.425542 0.290394 0.426263 0.290250 0.429469 0.288889 0.433687 0.288139 0.438602 0.286940 0.439063 0.289852
8 0.374635 0.303380 0.390711 0.323884 0.390943 0.322884 0.390805 0.321806 0.388763 0.319421 0.386055 0.315356 0.375529 0.302204
6 0.427734 0.299861 0.426948 0.304583 0.430568 0.303458 0.439076 0.300481 0.439393 0.300000 0.439438 0.299597 0.439010 0.297824 0.438333 0.297963
6 0.421333 0.314222 0.418859 0.329546 0.421542 0.334222 0.425292 0.313481 0.423849 0.313750
6 0.529792 0.417440 0.539706 0.396204 0.541672 0.399574 0.542211 0.400833 0.532708 0.423204 0.531875 0.421671
8 0.353542 0.294366 0.352656 0.275148 0.353299 0.274718 0.354187 0.274644 0.355276 0.296588
6 0.561510 0.496065 0.567578 0.496528 0.573255 0.497130 0.574401 0.497130 0.578333 0.504907 0.574401 0.504861 0.567578 0.503843 0.560008 0.498208 0.557187 0.495833
6 0.518182 0.442634 0.507661 0.465796 0.509193 0.471352 0.509164 0.465394 0.509633 0.462481 0.512602 0.456000 0.515701 0.451551 0.518487 0.450116 0.520258 0.449796 0.521013 0.448009
6 0.535276 0.500644 0.552758 0.502120 0.544016 0.494912 0.529365 0.493523
6 0.421607 0.311579 0.422336 0.307134 0.423378 0.306162 0.424055 0.305005 0.424654 0.303106 0.424914 0.300931 0.424940 0.299495 0.426424 0.293569 0.427284 0.292366 0.428430 0.292505 0.428143 0.297690 0.427232 0.303153 0.425693 0.310745
6 0.451484 0.302227 0.461815 0.313269 0.463776 0.311060 0.456911 0.303157 0.451354 0.300370
8 0.447792 0.307162 0.449091 0.306759 0.450956 0.316204 0.449260 0.314694
2 0.394792 0.306806 0.394870 0.309722 0.394609 0.310648 0.395599 0.313056 0.395568 0.317815 0.395154 0.317852 0.391846 0.311829
6 0.644016 0.587750 0.638195 0.579963 0.636888 0.579032 0.636039 0.579032 0.634208 0.579611 0.632901 0.580894 0.627734 0.589958 0.628654 0.589935 0.629367 0.588157 0.630320 0.587310 0.631177 0.586889 0.633359 0.587634 0.636430 0.583449 0.641596 0.589958 0.643078 0.589852
8 0.630547 0.577755 0.635148 0.576792 0.636737 0.576208 0.636221 0.572477 0.632583 0.573139
14 0.614214 0.624755 0.615935 0.625833 0.618266 0.627815 0.620089 0.629796 0.621201 0.631954 0.617521 0.642667 0.619289 0.646250 0.614089 0.655440 0.609193 0.655148 0.609479 0.650241 0.608534 0.649880 0.608786 0.644074 0.612448 0.644644 0.613232 0.642431
8 0.360245 0.203792 0.362094 0.204394 0.364307 0.205505 0.365635 0.207171 0.367146 0.208560 0.368760 0.209255 0.371078 0.209301 0.374125 0.209394 0.375661 0.209394 0.376729 0.211245 0.368161 0.210736 0.366651 0.209949 0.364411 0.207912 0.363526 0.207356 0.362380 0.206847 0.359802 0.205644
8 0.377094 0.209088 0.380078 0.209213 0.380677 0.211574 0.378578 0.211611
8 0.378984 0.215000 0.377536 0.214208 0.376159 0.212329 0.375346 0.211134 0.374354 0.211208 0.374682 0.212472 0.377198 0.216069 0.378839 0.217042 0.379823 0.216847
14 0.375982 0.225954 0.384815 0.225454 0.383266 0.220926 0.382497 0.221731 0.379823 0.216847 0.378839 0.217042 0.377198 0.216069 0.374682 0.212472 0.374354 0.211208 0.372130 0.210912
6 0.423620 0.251667 0.422354 0.253718 0.428031 0.255523 0.430349 0.251542
6 0.424177 0.250338 0.427250 0.244319 0.428292 0.244412 0.430349 0.246681 0.432250 0.248856 0.431120 0.250139
8 0.531672 0.584106 0.539826 0.592653 0.549328 0.603306 0.555594 0.609259 0.556354 0.612593 0.556927 0.614815 0.557292 0.617037 0.558672 0.620778 0.542039 0.602347 0.536477 0.596875
8 0.508557 0.448583 0.516018 0.447343 0.518182 0.442634
1 0.384404 0.187616 0.404565 0.168699 0.422346 0.152852 0.440344 0.137069 0.441315 0.138894 0.409185 0.166833 0.390367 0.184000 0.384680 0.189551
14 0.450323 0.235097 0.451573 0.235190 0.452380 0.234542 0.452797 0.232597 0.453031 0.228847 0.452745 0.222968 0.452432 0.221301 0.451469 0.220097 0.449021 0.219356 0.443240 0.218060 0.442523 0.214190 0.441977 0.211829 0.440831 0.209514 0.438930 0.208079 0.422315 0.206412 0.411820 0.204986 0.405370 0.204926 0.402094 0.205917 0.400701 0.206847 0.399339 0.206722 0.398294 0.207218 0.396828 0.209759 0.395122 0.216329 0.394458 0.220852 0.394562 0.227296 0.395609 0.233866 0.396935 0.238019 0.405685 0.241306 0.427250 0.244319 0.428292 0.244412 0.438352 0.245083 0.439615 0.244079 0.441461 0.241352 0.442404 0.238625 0.442542 0.236949 0.448086 0.237880 0.448331 0.237569 0.448294 0.234347 0.449411 0.234347 0.450833 0.230000 0.451380 0.230231 0.451562 0.230880
14 0.384904 0.190977 0.397690 0.185833 0.405484 0.183009 0.407680 0.183093 0.408938 0.183926 0.410758 0.183509 0.411505 0.182264 0.412440 0.182014 0.413932 0.183593 0.414773 0.185667 0.416219 0.195458 0.417201 0.205662 0.411820 0.204986 0.405370 0.204926 0.402094 0.205917 0.400701 0.206847 0.399339 0.206722 0.398294 0.207218 0.396828 0.209759 0.395122 0.216329 0.394458 0.220852 0.392789 0.220514 0.393557 0.217750 0.394552 0.213093 0.394583 0.208731 0.393151 0.202620 0.390625 0.197204 0.388099 0.194056 0.385026 0.192037
14 0.403102 0.172343 0.403206 0.183870 0.397690 0.185833 0.384904 0.190977 0.384680 0.189551 0.390367 0.184000
14 0.382948 0.177565 0.383336 0.165579 0.383823 0.162296 0.384695 0.159755 0.385427 0.158144 0.386961 0.155972 0.388669 0.154981 0.389680 0.144819 0.390133 0.143394 0.391945 0.141532 0.394456 0.140542 0.396826 0.140792 0.397560 0.141597 0.396932 0.153310 0.399268 0.152565 0.399755 0.153806 0.399651 0.156657 0.400940 0.158579 0.402266 0.161616 0.402997 0.163472 0.403310 0.166014 0.403172 0.169921 0.384404 0.187616
14 0.374880 0.205921 0.383656 0.197634 0.384138 0.201662 0.387055 0.224278 0.386328 0.224417 0.385599 0.222639 0.383802 0.215046 0.382422 0.210139 0.381641 0.208194 0.381120 0.206620 0.380547 0.206713 0.379948 0.207176 0.380078 0.209213 0.377094 0.209088
1 0.374099 0.204625 0.379203 0.199995 0.383448 0.196014 0.383656 0.197634 0.374880 0.205921 0.374654 0.205495
14 0.372083 0.201384 0.374099 0.204625 0.379203 0.199995 0.383448 0.196014 0.382812 0.191065
1 0.371302 0.199954 0.382534 0.188912 0.382812 0.191065 0.372083 0.201384
1 0.375930 0.178769 0.373268 0.188306 0.369633 0.197625 0.370456 0.198750 0.371695 0.196981 0.374396 0.189093 0.376292 0.182282 0.377503 0.176546
14 0.385435 0.194731 0.386622 0.202815 0.389372 0.224417 0.390906 0.220759 0.392232 0.216606 0.392755 0.213569 0.392930 0.209542 0.392161 0.204954 0.391010 0.202042 0.389443 0.199069 0.387630 0.196648
1 0.360297 0.204056 0.363422 0.197296 0.366365 0.191185 0.370271 0.184611 0.374229 0.178685 0.377219 0.172745 0.378753 0.169088 0.380206 0.161986 0.380971 0.152523 0.381375 0.146208 0.381375 0.144704 0.382141 0.143986 0.382544 0.146356 0.381617 0.158616 0.380690 0.165787 0.379117 0.172745 0.377865 0.175898 0.374760 0.180773 0.369839 0.189167 0.366844 0.194093 0.366216 0.195208 0.362094 0.204394
8 0.351664 0.261977 0.349036 0.273194 0.346615 0.283519 0.343516 0.278611 0.347812 0.261528 0.354766 0.234630 0.355208 0.234722 0.356276 0.235000 0.356953 0.236065 0.357240 0.236713 0.352474 0.257361 0.351789 0.257088 0.351039 0.258755 0.350914 0.260532
8 0.351789 0.257088 0.358849 0.261755 0.359036 0.267176 0.351664 0.261977 0.350914 0.260532 0.351039 0.258755
1 0.366513 0.305005 0.371245 0.287972 0.377060 0.267833 0.377482 0.267458 0.377932 0.267671 0.377812 0.268796 0.372057 0.288509 0.368531 0.300667 0.367180 0.305870
1 0.371146 0.291852 0.378180 0.284870 0.383909 0.278130 0.386732 0.275333 0.387458 0.276264 0.386451 0.277556 0.382378 0.282542 0.381211 0.282792 0.380372 0.283954 0.377414 0.287523 0.370964 0.293704
1 0.365708 0.299014 0.363620 0.301079 0.360594 0.304949 0.361146 0.305972 0.364305 0.301722 0.368661 0.297134 0.369208 0.295361
1 0.431120 0.250139 0.436667 0.250093 0.445651 0.249861 0.453854 0.249954 0.464062 0.249907 0.464688 0.249907 0.464948 0.250694 0.464922 0.251620 0.455781 0.251806 0.439141 0.251806 0.430349 0.251542 0.423620 0.251667 0.412604 0.251898 0.410208 0.252315 0.409401 0.252963 0.408958 0.253426 0.408438 0.253333 0.408333 0.252269 0.408750 0.251574 0.409479 0.251204 0.414531 0.250000 0.424177 0.250338
8 0.428031 0.255523 0.437604 0.258704 0.454914 0.264449 0.455849 0.265134 0.456211 0.266157 0.455956 0.267634 0.455221 0.268884 0.453766 0.268884 0.442042 0.265102 0.438393 0.263134 0.437732 0.261259 0.436346 0.259921 0.433544 0.259759 0.431555 0.260296 0.425154 0.259319 0.420258 0.257792 0.413156 0.254444 0.410208 0.252315 0.412604 0.251898 0.416667 0.251806 0.422354 0.253718
2 0.396867 0.302759 0.406961 0.289639 0.413651 0.281014 0.418068 0.275380 0.414635 0.290463 0.404943 0.303083 0.409453 0.311713 0.410276 0.313417 0.411326 0.315125 0.410456 0.315694 0.408589 0.317889 0.407664 0.316981 0.406305 0.316926 0.405328 0.317171 0.400586 0.308926 0.397708 0.312778 0.396250 0.309120
6 0.417159 0.263718 0.420258 0.257792 0.425154 0.259319 0.421299 0.267468 0.422344 0.263042 0.422083 0.262301 0.421432 0.262213 0.420990 0.262810 0.418068 0.275380 0.413651 0.281014 0.406961 0.289639 0.402742 0.295088 0.412109 0.277463 0.414609 0.271940 0.417513 0.264986
2 0.412312 0.316940 0.415781 0.323565 0.418859 0.329546 0.421542 0.334222 0.422161 0.335880 0.422839 0.335477 0.425260 0.338889 0.424245 0.340880 0.422396 0.340602 0.420391 0.338009 0.413359 0.325324 0.410990 0.320926 0.409526 0.319352 0.410620 0.318190
6 0.428156 0.342366 0.422839 0.335477 0.424190 0.330250 0.428250 0.322454 0.435672 0.332657 0.434039 0.351162 0.429979 0.345685 0.429885 0.343778 0.429138 0.342616
8 0.410625 0.363148 0.401328 0.357639 0.400755 0.355787 0.400323 0.353222 0.411984 0.360130 0.413466 0.364528
8 0.398237 0.352657 0.392630 0.349792 0.391781 0.349505 0.391458 0.350579 0.391419 0.352014 0.391742 0.352801 0.398560 0.356676 0.398560 0.355454
8 0.404216 0.368384 0.413612 0.375773 0.413461 0.380593 0.406018 0.374861
8 0.415859 0.364722 0.426034 0.366519 0.426026 0.367310 0.425964 0.368102 0.423977 0.370593 0.417206 0.369898 0.415763 0.365921
6 0.419669 0.397597 0.422427 0.385815 0.425875 0.386231 0.427047 0.389134 0.423714 0.403319
14 0.542951 0.360403 0.541021 0.358431 0.541021 0.356167 0.543122 0.350843 0.547901 0.344727 0.553766 0.339625 0.557779 0.336796 0.558927 0.338153 0.560010 0.342685 0.562240 0.345176 0.564917 0.353106 0.575495 0.387208 0.580339 0.402616 0.567318 0.409306 0.568422 0.406014 0.567273 0.405676 0.566745 0.407037 0.565859 0.409815 0.557651 0.414625 0.552810 0.397630 0.553203 0.388204 0.551727 0.382301 0.549221 0.377852 0.548672 0.374181 0.548781 0.367361 0.548247 0.365398
14 0.558633 0.416977 0.559831 0.422255 0.560612 0.426005 0.561393 0.428505 0.562591 0.421097 0.564729 0.414569 0.564990 0.413412
14 0.562646 0.430403 0.563581 0.424060 0.564388 0.420403 0.566602 0.412718 0.576888 0.407394 0.581344 0.404769 0.582247 0.410556 0.582490 0.415269 0.582398 0.418537 0.582008 0.422069 0.581344 0.424213 0.581737 0.425287 0.576313 0.433213 0.576854 0.435139 0.578753 0.437713 0.579357 0.438889 0.579458 0.441801 0.577138 0.443407 0.572708 0.433981 0.569755 0.435481 0.566742 0.435481 0.565146 0.435319 0.564151 0.434463
14 0.581737 0.425287 0.586172 0.419644 0.591143 0.413431 0.594216 0.410162 0.595151 0.410912 0.595844 0.414181 0.596417 0.416963 0.597984 0.418306 0.599430 0.420931 0.605698 0.436463 0.618893 0.469458 0.621034 0.474227 0.619286 0.477546 0.619406 0.479421 0.621667 0.482102 0.621818 0.483065 0.621786 0.487028 0.623956 0.493671 0.622451 0.496671 0.620521 0.498546 0.616214 0.483120 0.614344 0.482907 0.611331 0.483653 0.608529 0.476796 0.607354 0.474926 0.605214 0.475458 0.602594 0.476690 0.600724 0.478245 0.595211 0.470907 0.593674 0.469995 0.590661 0.469995 0.589547 0.468120 0.598466 0.465819 0.597711 0.462444 0.588099 0.464102 0.581742 0.448356 0.579573 0.443319 0.579458 0.441801 0.579357 0.438889 0.578753 0.437713 0.576854 0.435139 0.576313 0.433213
14 0.621034 0.474227 0.623383 0.470264 0.627964 0.464852 0.632513 0.459926 0.635617 0.456713 0.638237 0.455319 0.639292 0.456657 0.639836 0.460032 0.640258 0.461963 0.641974 0.463245 0.643120 0.465014 0.649297 0.482690 0.655172 0.499028 0.660203 0.514296 0.654539 0.507171 0.651315 0.503903 0.649385 0.503690 0.647669 0.504384 0.646042 0.505565 0.639021 0.496991 0.637393 0.495065 0.636159 0.495495 0.634714 0.496509 0.632513 0.500102 0.631247 0.503583 0.629831 0.508028 0.629440 0.509153 0.623956 0.493671 0.621786 0.487028 0.621818 0.483065 0.621667 0.482102 0.619406 0.479421 0.619286 0.477546
14 0.629440 0.509153 0.628672 0.510602 0.628307 0.513657 0.628568 0.515324 0.629245 0.516944 0.634349 0.522870 0.635339 0.525417 0.636328 0.528194 0.636042 0.530972 0.636354 0.534398 0.636797 0.537083 0.638984 0.541065 0.641562 0.544769 0.656901 0.563796 0.664193 0.573333 0.665365 0.574954 0.684010 0.583241 0.685703 0.580787 0.688854 0.572315 0.690547 0.565926 0.691120 0.562037 0.690781 0.559074 0.689323 0.555880 0.687812 0.554491 0.687214 0.551111 0.685703 0.547917 0.683802 0.545324 0.671198 0.528519 0.660203 0.514296 0.654539 0.507171 0.651315 0.503903 0.649385 0.503690 0.647669 0.504384 0.646042 0.505565 0.639021 0.496991 0.637393 0.495065 0.636159 0.495495 0.634714 0.496509 0.632513 0.500102 0.631247 0.503583 0.629831 0.508028
5 0.597805 0.542074 0.595714 0.516412 0.595365 0.494819 0.596570 0.494014 0.607630 0.492569 0.607659 0.496481 0.608443 0.510995 0.609286 0.522352 0.611411 0.532514 0.612112 0.536171 0.611646 0.537704 0.610109 0.540944 0.609898 0.547375 0.610070 0.548593
5 0.598286 0.546935 0.597865 0.554912 0.597865 0.557218 0.600878 0.559199 0.604706 0.556787 0.609375 0.555181 0.609948 0.554968 0.610068 0.552505
14 0.596365 0.524477 0.582549 0.506889 0.579750 0.501579 0.579750 0.498093 0.580917 0.493944 0.571883 0.483102 0.571461 0.480611 0.573234 0.477375 0.575521 0.472398 0.576727 0.468065 0.578393 0.463694 0.579833 0.462671 0.580846 0.462671 0.588945 0.472954 0.589883 0.471926 0.592198 0.469991 0.593674 0.469995 0.595211 0.470907 0.600724 0.478245 0.612940 0.493444 0.622422 0.504787 0.628344 0.512407 0.628307 0.513657 0.628568 0.515324 0.629245 0.516944 0.634349 0.522870 0.635339 0.525417 0.623789 0.554690 0.619164 0.551602 0.610109 0.540944 0.611646 0.537704 0.612112 0.536171 0.611411 0.532514 0.609286 0.522352 0.608443 0.510995 0.607659 0.496481 0.607630 0.492569 0.596570 0.494014 0.595365 0.494819 0.595714 0.516412
8 0.609951 0.544102 0.619164 0.551602 0.623789 0.554690 0.620643 0.553375 0.610070 0.548593 0.609898 0.547375
8 0.619586 0.561139 0.629456 0.571278 0.632633 0.565028 0.628453 0.560750 0.618492 0.556324
8 0.634357 0.566917 0.639443 0.571481 0.639070 0.576625 0.638602 0.578699 0.638648 0.580111 0.635148 0.576792 0.636737 0.576208 0.636221 0.572477 0.632583 0.573139 0.634216 0.570069
8 0.540807 0.491991 0.559573 0.508102 0.566008 0.512088 0.573961 0.518769 0.582995 0.527250 0.597805 0.542074 0.596805 0.530463 0.585742 0.520185 0.574971 0.510417 0.567021 0.503477 0.560008 0.498208 0.550177 0.490111 0.543039 0.483833 0.539542 0.481713 0.538005 0.486111 0.538177 0.489597
8 0.565328 0.463056 0.571677 0.472347 0.573917 0.475667 0.573234 0.477375 0.571461 0.480611 0.571883 0.483102 0.555435 0.458491
8 0.560885 0.529787 0.568214 0.539162 0.584969 0.557750 0.582135 0.564398 0.553885 0.530949 0.535456 0.510134 0.513099 0.483431 0.509193 0.471352 0.525823 0.489083 0.558099 0.527324 0.558099 0.530972 0.558784 0.531528
8 0.495438 0.426204 0.499734 0.439343 0.502547 0.448894 0.499984 0.451116 0.500734 0.453338 0.503297 0.451671 0.506484 0.461111 0.509193 0.471352 0.513099 0.483431 0.520542 0.507764 0.522042 0.511986 0.522167 0.514097 0.521479 0.516542 0.520292 0.517759 0.518979 0.518315 0.517729 0.517093 0.498859 0.453560 0.495737 0.441231 0.495948 0.438935
14 0.440167 0.409130 0.439495 0.405125 0.439734 0.402662 0.439885 0.401375 0.438078 0.399130 0.436271 0.397093 0.448112 0.389648 0.450583 0.389861 0.451531 0.390292 0.456174 0.395537 0.453690 0.398060 0.449229 0.402569 0.444768 0.408144 0.442333 0.406750
8 0.431862 0.373356 0.429643 0.399028 0.434643 0.395583 0.436219 0.377583
8 0.429482 0.401968 0.428674 0.411000 0.433031 0.417958 0.433313 0.414588 0.432224 0.405264 0.432104 0.402829 0.432586 0.402324 0.433435 0.402611 0.433797 0.404259 0.434482 0.398380
2 0.453773 0.272106 0.461638 0.286806 0.467971 0.298282 0.470271 0.302009 0.471682 0.303801 0.471036 0.306241 0.470432 0.306528 0.467245 0.303944 0.461073 0.292685 0.460133 0.289958 0.459591 0.288514 0.458958 0.288458 0.453451 0.279204 0.453409 0.278347
6 0.551258 0.456597 0.549232 0.454995 0.547453 0.449694 0.549292 0.447606 0.550677 0.448569 0.550859 0.450981 0.559477 0.455051 0.561224 0.454620 0.565714 0.457727 0.566492 0.459551 0.568695 0.464745 0.565328 0.463056 0.555435 0.458491 0.553172 0.457255
6 0.550677 0.448569 0.550500 0.444977 0.551510 0.444852 0.566815 0.444481 0.570669 0.451667 0.572047 0.453963 0.566190 0.454088 0.563750 0.448884 0.563089 0.448995 0.562516 0.450176 0.562909 0.451463 0.564271 0.454458 0.561224 0.454620 0.559477 0.455051 0.550859 0.450981
8 0.555760 0.478884 0.546474 0.470255 0.545513 0.476097 0.554503 0.485356 0.555003 0.480560
13 0.509193 0.471352 0.509164 0.465394 0.509633 0.462481 0.512602 0.456000 0.515701 0.451551 0.518487 0.450116 0.520258 0.449796 0.521404 0.449981 0.521628 0.452282 0.520258 0.467449 0.520346 0.472458 0.522393 0.475190 0.526383 0.484148 0.525685 0.485759 0.524430 0.487000 0.524081 0.487185
8 0.500878 0.443384 0.513260 0.440157 0.516448 0.439440 0.516922 0.440394 0.502547 0.448894
1 0.341130 0.216352 0.339799 0.215491 0.328870 0.202583 0.329688 0.201343 0.336654 0.209824 0.340042 0.214130 0.341549 0.215134
6 0.512891 0.333009 0.515755 0.317236 0.517130 0.315569 0.520253 0.319236 0.516505 0.338231
1 0.524979 0.355986 0.527622 0.344245 0.531526 0.327537 0.534417 0.311472 0.535500 0.311602 0.532393 0.328306 0.528560 0.345144 0.525958 0.356069
8 0.540526 0.585449 0.557753 0.600333 0.556943 0.601389 0.555378 0.603981 0.555268 0.606667 0.555594 0.609259 0.549328 0.603306 0.542255 0.595148 0.541930 0.590444
8 0.549130 0.565282 0.558698 0.577065 0.562010 0.581213 0.562617 0.576403 0.564065 0.576648 0.564997 0.578060 0.564344 0.582954 0.565839 0.585861 0.566492 0.582708 0.567471 0.580963 0.571018 0.578227 0.570643 0.577745 0.563518 0.568639 0.560771 0.566417 0.548961 0.551866
6 0.584969 0.557750 0.585990 0.556671 0.589174 0.559356 0.571328 0.608426 0.564688 0.620556 0.549755 0.643069 0.547758 0.636736 0.555318 0.626463 0.563794 0.612352 0.567521 0.608796 0.568872 0.606593 0.570167 0.602269 0.569898 0.596894 0.582135 0.564398
14 0.473161 0.418662 0.474836 0.423171 0.476401 0.425958 0.477698 0.428838 0.478346 0.432963 0.478346 0.436995 0.477753 0.440644 0.477049 0.444676 0.476224 0.446759 0.467492 0.457060 0.463659 0.456486 0.457555 0.444676 0.455883 0.441699 0.456292 0.437394 0.458380 0.432208 0.462625 0.426338 0.470336 0.421829
8 0.532000 0.541537 0.532971 0.546144 0.540583 0.546713 0.540802 0.547583 0.540802 0.549602 0.540047 0.551139 0.539721 0.553417 0.546953 0.564213 0.546714 0.549866 0.537029 0.537981 0.535154 0.537426 0.534279 0.539093
14 0.558672 0.620778 0.563794 0.612352 0.566440 0.609741 0.558609 0.600324 0.557753 0.600333 0.556943 0.601389 0.555378 0.603981 0.555268 0.606667 0.555594 0.609259 0.556354 0.612593 0.556927 0.614815 0.557292 0.617037
14 0.561419 0.599843 0.567068 0.598694 0.566018 0.593102 0.565656 0.589014 0.565839 0.585861 0.566492 0.582708 0.567471 0.580963 0.571018 0.578227 0.578703 0.573417 0.569898 0.596894 0.570167 0.602269 0.568872 0.606593 0.567885 0.607995
14 0.585818 0.568708 0.600878 0.559199 0.604706 0.556787 0.609375 0.555181 0.609948 0.554968 0.611719 0.555384 0.613010 0.554454 0.613706 0.554083 0.618492 0.556324 0.619586 0.561139 0.621042 0.565523 0.622297 0.570722 0.623378 0.576060 0.623586 0.580958 0.623482 0.584056 0.622646 0.587093 0.619820 0.592051 0.616510 0.594097 0.607690 0.590565 0.606336 0.592981 0.603255 0.603764 0.594388 0.610481 0.591122 0.603597 0.589581 0.599616 0.588693 0.598620 0.583000 0.605843 0.575487 0.596792
14 0.569982 0.610958 0.574258 0.617199 0.579464 0.610866 0.583000 0.605843 0.575487 0.596792 0.571328 0.608426
8 0.587604 0.662366 0.590138 0.673819 0.591789 0.678227 0.593828 0.684787 0.600883 0.711037 0.603052 0.707199 0.601216 0.700477 0.596813 0.682731 0.595128 0.675190 0.595000 0.673731 0.592956 0.665056 0.590958 0.663806 0.589013 0.660444
1 0.603391 0.623380 0.605297 0.616167 0.607201 0.610593 0.608339 0.609282 0.609753 0.609556 0.610951 0.610046 0.611904 0.610810 0.617773 0.610375 0.617896 0.612398 0.612609 0.613380 0.611411 0.613218 0.610521 0.611903 0.609445 0.611579 0.608000 0.612560 0.606526 0.616657 0.604435 0.626000 0.603914 0.625931
5 0.639628 0.633704 0.644544 0.625782 0.646130 0.625417 0.646982 0.626431 0.647766 0.627000 0.646911 0.628579 0.635693 0.646269 0.635294 0.645296
5 0.614904 0.672852 0.618331 0.667579 0.620419 0.671838 0.611385 0.683912 0.609799 0.680681
8 0.643331 0.571815 0.659523 0.581606 0.675331 0.591398 0.680122 0.588556 0.664646 0.578278 0.659133 0.575625 0.644698 0.568500 0.644417 0.568426
8 0.634357 0.566917 0.639789 0.570384 0.641221 0.566662 0.635495 0.564213
8 0.642620 0.574329 0.647633 0.578833 0.647411 0.581671 0.645924 0.584120 0.644823 0.586176 0.640417 0.581773
8 0.628654 0.589935 0.629367 0.588157 0.630320 0.587310 0.631177 0.586889 0.644076 0.590273 0.663117 0.594505 0.664831 0.595944 0.665117 0.597296 0.664544 0.599667 0.662214 0.601699 0.657547 0.600514 0.656099 0.598005 0.644091 0.594481
14 0.680122 0.588556 0.682430 0.586889 0.684617 0.587958 0.685141 0.587403 0.685349 0.585667 0.687016 0.584866 0.689685 0.584296 0.691427 0.585056 0.694128 0.586824 0.696013 0.588847 0.673859 0.626333 0.668099 0.635310 0.665896 0.633097 0.661628 0.641569 0.654695 0.635565 0.653878 0.634301 0.653557 0.631644 0.653701 0.628167 0.654872 0.623556 0.655763 0.621972 0.655797 0.618940 0.656081 0.614514 0.656898 0.610722 0.658135 0.607403 0.659104 0.604968 0.662214 0.601699 0.664544 0.599667 0.675331 0.591398
14 0.580750 0.671681 0.591518 0.689106 0.594771 0.694815 0.595305 0.699421 0.594523 0.703736 0.593948 0.706296 0.595346 0.709074 0.599336 0.714051 0.589128 0.732282 0.585307 0.729773 0.580823 0.716315 0.577120 0.709954 0.574487 0.706370 0.572266 0.704319 0.569755 0.702787 0.551943 0.649319 0.559224 0.636667 0.560128 0.637838 0.560745 0.639009 0.561076 0.640250 0.562557 0.640838 0.563995 0.642005 0.565724 0.644787 0.567904 0.649176 0.567089 0.650269 0.567359 0.652861 0.568547 0.654208 0.569682 0.652287
14 0.577372 0.724907 0.570154 0.704301 0.571398 0.704935 0.573852 0.707273 0.576625 0.711065 0.579896 0.717199 0.582526 0.725162 0.582456 0.726176 0.581104 0.727250
14 0.601323 0.717171 0.602745 0.719134 0.602922 0.721282 0.596594 0.735694 0.592185 0.733546
8 0.604766 0.712917 0.609216 0.729750 0.608862 0.730764 0.607404 0.731963 0.606763 0.732847 0.602354 0.715278 0.604453 0.711713
8 0.585818 0.568708 0.588352 0.562407 0.591081 0.565815
8 0.549714 0.585176 0.560560 0.589981 0.560560 0.595606 0.555901 0.593269 0.549685 0.586009
8 0.542839 0.581435 0.542721 0.587380 0.551937 0.592204 0.545904 0.585097
8 0.536896 0.582630 0.528536 0.575199 0.531672 0.584106 0.539826 0.592653
8 0.498898 0.504440 0.509685 0.534833 0.514036 0.542722 0.520240 0.552417 0.512992 0.530769 0.500880 0.497097
6 0.440513 0.341032 0.447521 0.350208 0.445260 0.353324 0.444005 0.357912 0.443786 0.363023 0.442042 0.356551 0.440576 0.346356
1 0.364474 0.182208 0.362820 0.176833 0.360521 0.170810 0.359755 0.168296 0.360844 0.167940 0.361490 0.169301 0.363263 0.174537 0.365128 0.179944
1 0.366260 0.183731 0.367865 0.188843 0.367219 0.189662 0.365807 0.185542
1 0.352057 0.190926 0.344997 0.160546 0.340875 0.143884 0.339500 0.137440 0.340250 0.136329 0.340875 0.136329 0.353120 0.188759
8 0.344409 0.191690 0.348458 0.200426 0.352185 0.210023 0.351708 0.207380 0.352344 0.205972 0.348839 0.196009 0.346516 0.189866 0.345112 0.189769
8 0.409453 0.311713 0.413677 0.294407 0.418068 0.275380 0.420990 0.262810 0.421432 0.262213 0.422083 0.262301 0.422344 0.263042 0.419010 0.277028 0.415359 0.291977 0.412391 0.304662 0.410276 0.313417
8 0.373427 0.319032 0.375242 0.321833 0.380997 0.328185 0.382633 0.327755 0.375305 0.319894 0.375008 0.319634 0.374677 0.318653
8 0.375008 0.319634 0.386995 0.319731 0.385721 0.317468 0.381961 0.317130 0.374508 0.317153 0.374000 0.314898 0.374219 0.309083 0.374635 0.303380 0.373536 0.303944 0.373115 0.308370 0.372734 0.315875 0.373427 0.319032 0.374677 0.318653
8 0.336654 0.209824 0.336589 0.208606 0.338448 0.209968 0.338281 0.211685 0.338266 0.211787
8 0.561393 0.428505 0.562591 0.421097 0.564729 0.414569 0.564990 0.413412 0.565859 0.409815 0.566745 0.407037 0.567273 0.405676 0.568422 0.406014 0.567318 0.409306 0.566602 0.412718 0.564388 0.420403 0.563581 0.424060 0.562646 0.430403 0.561615 0.430556 0.560651 0.433704 0.559948 0.431620 0.560651 0.430417
8 0.423714 0.403319 0.435573 0.394907 0.447891 0.387500 0.448568 0.388380 0.448750 0.389213 0.448112 0.389648 0.436271 0.397093 0.425052 0.405278
8 0.433313 0.414588 0.433885 0.419111 0.435656 0.422306 0.436023 0.420977 0.433797 0.404259 0.433435 0.402611 0.432586 0.402324 0.432104 0.402829 0.432224 0.405264
8 0.560651 0.433704 0.565990 0.442991 0.570669 0.451667 0.574542 0.458338 0.578049 0.464648 0.578393 0.463694 0.579833 0.462671 0.569297 0.444713 0.564151 0.434463 0.561615 0.430556
8 0.583023 0.465500 0.588099 0.464102 0.597711 0.462444 0.598466 0.465819 0.589547 0.468120 0.585807 0.468944
8 0.571586 0.471602 0.566492 0.459551 0.562909 0.451463 0.562516 0.450176 0.563089 0.448995 0.563750 0.448884 0.568091 0.458213 0.571164 0.464528 0.571104 0.465653 0.572008 0.468171 0.573031 0.470310
8 0.344188 0.234060 0.343352 0.237037 0.344815 0.238833 0.345617 0.235611
8 0.345208 0.231759 0.346417 0.227435 0.347565 0.229792 0.346555 0.233259
2 0.449997 0.236093 0.451523 0.237199 0.451917 0.238907 0.451523 0.241819 0.451128 0.243426 0.450563 0.243829 0.449878 0.242750 0.448333 0.241481 0.448333 0.241481
2 0.436888 0.251764 0.432141 0.256787 0.436378 0.258292 0.437284 0.257287 0.437109 0.256644 0.437109 0.254042 0.437320 0.251685
8 0.554339 0.463727 0.563672 0.479241 0.568620 0.487458 0.573706 0.496083 0.577578 0.503194 0.578359 0.505000 0.577859 0.508199 0.575714 0.511019 0.577440 0.512773 0.579260 0.510190 0.580193 0.506125 0.580008 0.503056 0.578187 0.499569 0.568154 0.482153 0.553172 0.457255 0.551258 0.456597
8 0.339026 0.235713 0.339693 0.249833 0.339922 0.253796 0.340023 0.257079 0.340599 0.273731 0.338289 0.270398 0.337414 0.242296 0.337396 0.233796
8 0.336547 0.217255 0.336354 0.211481 0.338516 0.213981 0.338464 0.223241 0.337362 0.221884 0.336547 0.221958
8 0.463659 0.456486 0.470029 0.468806 0.468779 0.470315 0.455346 0.444713 0.455883 0.441699 0.457555 0.444676
8 0.476224 0.446759 0.480031 0.442204 0.479708 0.445644 0.473013 0.453389 0.466398 0.461708 0.465388 0.459917 0.467492 0.457060
8 0.471326 0.467273 0.477497 0.448269 0.479708 0.445644 0.479555 0.447264 0.474271 0.464546
8 0.546953 0.564213 0.547344 0.582870 0.549685 0.586009 0.549130 0.565282 0.548961 0.551866 0.548461 0.535537 0.545964 0.534981 0.546714 0.549866
8 0.569982 0.610958 0.574258 0.617199 0.573089 0.618630 0.568732 0.613181
8 0.625419 0.589097 0.644091 0.594481 0.656099 0.598005 0.658906 0.602704 0.658135 0.607403 0.657005 0.610046 0.637042 0.604468 0.634232 0.603389 0.633607 0.601560 0.623271 0.597028 0.623107 0.594968 0.623659 0.591935 0.624263 0.590171
8 0.632583 0.573139 0.625419 0.589097 0.624263 0.590171 0.623659 0.591935 0.623107 0.594968 0.623271 0.597028 0.617703 0.594764 0.619820 0.592051 0.622646 0.587093 0.623482 0.584056 0.629456 0.571278 0.632633 0.565028 0.633565 0.563139 0.635495 0.564213 0.634357 0.566917 0.634216 0.570069
8 0.537417 0.598634 0.537417 0.601519 0.556352 0.624741 0.557771 0.622579
8 0.538935 0.603139 0.540250 0.608356 0.548352 0.630144 0.550883 0.632843 0.549466 0.634824 0.546529 0.632301 0.537820 0.607458 0.537417 0.601519 0.537417 0.601519
8 0.545815 0.616616 0.555318 0.626463 0.556352 0.624741 0.556352 0.624741 0.539536 0.605991 0.540250 0.608356 0.542260 0.613384
8 0.570893 0.615954 0.567552 0.618116 0.563299 0.622977 0.559250 0.630898 0.551247 0.646741 0.551943 0.649319 0.559224 0.636667 0.564818 0.625139 0.567654 0.621537 0.572211 0.617755
6 0.569115 0.444398 0.577755 0.443472 0.578279 0.453116 0.574430 0.453741
8 0.462443 0.463269 0.464081 0.461361 0.465156 0.463569 0.463857 0.465176
2 0.438445 0.301426 0.445938 0.297083 0.451513 0.293690 0.458958 0.288458 0.459591 0.288514 0.460133 0.289958 0.461073 0.292685 0.465471 0.306051 0.466549 0.310111 0.464901 0.310560 0.461370 0.299708 0.458682 0.291611 0.449995 0.297542 0.452021 0.303796 0.455510 0.312931 0.456398 0.316315 0.455130 0.315977 0.451323 0.306954 0.448531 0.297931 0.437891 0.304583
8 0.454615 0.255306 0.455508 0.257218 0.461615 0.274213 0.460234 0.275185 0.454661 0.258616
8 0.462487 0.274394 0.463880 0.273856 0.468424 0.286241 0.467516 0.287426
8 0.456953 0.278102 0.457701 0.277731 0.458367 0.278162 0.462062 0.282903 0.465576 0.286454 0.467031 0.287639 0.466484 0.289685 0.463760 0.287102 0.459760 0.282903
6 0.418039 0.302625 0.422104 0.308606 0.421607 0.311579 0.420352 0.311847 0.417617 0.308856 0.419440 0.306366 0.418880 0.305616 0.416846 0.307986 0.413763 0.303500
8 0.418323 0.286130 0.422352 0.291278 0.423568 0.290972 0.419273 0.285245
8 0.416740 0.287657 0.419049 0.291921 0.417826 0.292324 0.416016 0.289106 0.416271 0.288171 0.416271 0.288171
8 0.411198 0.294861 0.412049 0.293796 0.413909 0.293731 0.413536 0.295176 0.410833 0.295463
8 0.376159 0.329329 0.388880 0.326097 0.389354 0.326870 0.391839 0.325852 0.392211 0.328144 0.377672 0.331806
8 0.359742 0.293954 0.356810 0.298884 0.355711 0.297306 0.359638 0.290977
8 0.349651 0.270866 0.359516 0.277634 0.359516 0.280153 0.354292 0.276593 0.354187 0.274644 0.353299 0.274718 0.352656 0.275148 0.352729 0.276074 0.349036 0.273194
8 0.354682 0.285102 0.358247 0.287880 0.357563 0.290227 0.354828 0.288139
8 0.353167 0.284060 0.347208 0.280759 0.346615 0.283519 0.353266 0.287620
8 0.339068 0.224069 0.341549 0.215134 0.341641 0.217491 0.342323 0.218838 0.340474 0.225829
8 0.335969 0.232171 0.334484 0.234718 0.333755 0.235273 0.332245 0.236986 0.332036 0.238653 0.332740 0.240366 0.334250 0.241662 0.335161 0.240736 0.335708 0.239764 0.335969 0.237912 0.337396 0.233796
8 0.342612 0.239454 0.339693 0.249833 0.339922 0.253796 0.340023 0.257079 0.344211 0.241120
8 0.370411 0.290639 0.374385 0.269940 0.375534 0.262231 0.376927 0.253676 0.377555 0.244565 0.377865 0.240741 0.378802 0.244676 0.378357 0.253551 0.377414 0.260000 0.375880 0.269542 0.374312 0.277227
8 0.378802 0.244676 0.380721 0.253157 0.383510 0.263319 0.384659 0.267227 0.385219 0.269083 0.385810 0.269083 0.386159 0.268338 0.385951 0.266481 0.383299 0.258051 0.378349 0.238778 0.377198 0.233880 0.376049 0.233324 0.377865 0.240741
8 0.420456 0.378764 0.422427 0.385815 0.421536 0.389611 0.418818 0.380810
8 0.440479 0.324597 0.447055 0.335634 0.451695 0.343940 0.450773 0.345361 0.444872 0.335417 0.440326 0.327495 0.440365 0.326528
8 0.441562 0.307731 0.450336 0.318269 0.454737 0.323023 0.455602 0.321560 0.441531 0.305468 0.440750 0.305394 0.441193 0.306162
8 0.610070 0.548593 0.620643 0.553375 0.635880 0.560505 0.648396 0.566704 0.665365 0.574954 0.684010 0.583241 0.685490 0.584116 0.685349 0.585667 0.685141 0.587403 0.684617 0.587958 0.659133 0.575625 0.644698 0.568500 0.628453 0.560750 0.610068 0.552505 0.598286 0.546935 0.590383 0.543088 0.590487 0.541602 0.591185 0.539681 0.591604 0.539431 0.597805 0.542074
8 0.502547 0.448894 0.516922 0.440394 0.518182 0.442634 0.503297 0.451671 0.500734 0.453338 0.499984 0.451116
8 0.535102 0.428134 0.557651 0.414625 0.565859 0.409815 0.564990 0.413412 0.558633 0.416977 0.536411 0.430856
8 0.580339 0.402616 0.587708 0.398912 0.588161 0.400037 0.588161 0.401162 0.581344 0.404769 0.576888 0.407394 0.566602 0.412718 0.567318 0.409306
8 0.476141 0.449773 0.475102 0.452449 0.472414 0.458259 0.470716 0.460468 0.468826 0.462444 0.467185 0.463491 0.466398 0.461708
8 0.494318 0.455819 0.497266 0.459421 0.498312 0.462037 0.500078 0.467787 0.498698 0.466745 0.494128 0.461282
8 0.334799 0.222310 0.343961 0.233773 0.352578 0.243310 0.353302 0.240736 0.345208 0.231759 0.337362 0.221884
8 0.337396 0.233796 0.329125 0.225412 0.328974 0.223537 0.329547 0.222574 0.330208 0.222093 0.336990 0.230019 0.341026 0.234681 0.347383 0.241431 0.351813 0.246088 0.351211 0.248444 0.339026 0.235713
2 0.427380 0.307537 0.427917 0.310556 0.429427 0.310278 0.429323 0.309769 0.436927 0.305694 0.437701 0.302204
8 0.560771 0.566417 0.554711 0.540093 0.556458 0.539426 0.563518 0.568639
8 0.537396 0.570509 0.547344 0.582870 0.549685 0.586009 0.559531 0.597542 0.567885 0.607995 0.567521 0.608796 0.566440 0.609741 0.545904 0.585097 0.531945 0.567838 0.528977 0.563806 0.530112 0.560926
8 0.394870 0.309722 0.393857 0.287296 0.392669 0.272796 0.390023 0.247356 0.387432 0.227102 0.384138 0.201662 0.382302 0.186593 0.380518 0.177565 0.381276 0.177181 0.382948 0.177565 0.386622 0.202815 0.390779 0.234782 0.392724 0.252255 0.395044 0.275486 0.396125 0.293245 0.396867 0.302759 0.396224 0.309074
8 0.371167 0.210912 0.373003 0.220231 0.375617 0.230565 0.377010 0.230787 0.372130 0.210912
8 0.447513 0.240912 0.448333 0.241481 0.451562 0.230880 0.451380 0.230231 0.450833 0.230000
8 0.383266 0.220926 0.385521 0.227315 0.386641 0.230880 0.388646 0.236481 0.387432 0.227102 0.385599 0.222639 0.383802 0.215046 0.382422 0.210139 0.381641 0.208194 0.381120 0.206620 0.380547 0.206713 0.379948 0.207176 0.380078 0.209213 0.381510 0.214398
8 0.356901 0.209583 0.354026 0.192861 0.354430 0.191569 0.355438 0.191495 0.355964 0.192574 0.358221 0.205481
8 0.355313 0.215324 0.362102 0.191241 0.365128 0.179944 0.365732 0.178509 0.366781 0.178440 0.367266 0.179444 0.367104 0.180949 0.356133 0.217949
8 0.349565 0.234042 0.341641 0.217491 0.341549 0.215134 0.341792 0.214222 0.342576 0.214597 0.343208 0.215454 0.350740 0.230292
8 0.354318 0.217949 0.350740 0.230292 0.349565 0.234042 0.349034 0.236023 0.350565 0.237671 0.355125 0.220819
8 0.336672 0.229625 0.338130 0.226477 0.339563 0.228282 0.338104 0.231338 0.336990 0.230019
8 0.408589 0.317889 0.410456 0.315694 0.413612 0.313704 0.415721 0.312778 0.418974 0.312130 0.425693 0.310745 0.430018 0.310185 0.431398 0.310694 0.433922 0.313009 0.434453 0.313935 0.434661 0.314491 0.434948 0.314491 0.436010 0.316060 0.436870 0.317866 0.436661 0.320782 0.434812 0.317130 0.433432 0.315366 0.432182 0.313977 0.430570 0.312681 0.428406 0.313051 0.423849 0.313750 0.417839 0.314722 0.413667 0.316292 0.412312 0.316940 0.410620 0.318190 0.409526 0.319352
8 0.370078 0.302407 0.377917 0.294440 0.378943 0.295685 0.379083 0.297426 0.378990 0.298755 0.369281 0.308630
8 0.371146 0.291852 0.370078 0.302407 0.369281 0.308630 0.368669 0.315431 0.368529 0.317787 0.366891 0.315120 0.367935 0.305394 0.368531 0.300667
8 0.400521 0.361343 0.403646 0.372824 0.406797 0.377454 0.404216 0.368384 0.402651 0.362759 0.401328 0.357639 0.400755 0.355787 0.400323 0.353222 0.397891 0.345509 0.396198 0.340139 0.395182 0.340463 0.394687 0.341111 0.394766 0.342870 0.398237 0.352657
8 0.392948 0.319134 0.395734 0.329366 0.395604 0.330338 0.395214 0.330662 0.393474 0.329759 0.392870 0.329412 0.390057 0.319458 0.392544 0.319421
8 0.395599 0.313056 0.397891 0.345509 0.400323 0.353222 0.400159 0.349801 0.397786 0.318843
8 0.396432 0.309352 0.396224 0.309074 0.394870 0.309722 0.394609 0.310648 0.398203 0.320000 0.405885 0.342176 0.411641 0.359028 0.414896 0.368657 0.417969 0.378148 0.419453 0.376343 0.412891 0.357778 0.406458 0.338889 0.398724 0.315602
8 0.386589 0.307593 0.380372 0.283954 0.381211 0.282792 0.382378 0.282542 0.388906 0.306250
8 0.432370 0.368565 0.436568 0.322824 0.437630 0.306157 0.437943 0.305384 0.438818 0.305162 0.440130 0.305162 0.441193 0.306162 0.441505 0.307273 0.440521 0.324167 0.440365 0.326528 0.436693 0.371810
8 0.428852 0.314556 0.430414 0.318583 0.432159 0.322241 0.434125 0.325713 0.436026 0.328954 0.435672 0.332657 0.431703 0.325481 0.429620 0.321593 0.428266 0.318583 0.427745 0.316963 0.427406 0.315667 0.427302 0.314833
8 0.414617 0.362727 0.415083 0.344394 0.416023 0.344394 0.416727 0.344440 0.416206 0.355412 0.415763 0.365921
8 0.415911 0.359144 0.424469 0.347306 0.427089 0.343824 0.428156 0.342366 0.429138 0.342616 0.429885 0.343778 0.429979 0.345685 0.422510 0.355449 0.415880 0.363912
8 0.398560 0.356676 0.398672 0.361528 0.400521 0.361343 0.398237 0.352657 0.398560 0.355454
8 0.402651 0.362759 0.410625 0.363148 0.413466 0.364528 0.414018 0.366199 0.413854 0.369630 0.404216 0.368384
8 0.419453 0.376343 0.425964 0.368102 0.425966 0.368648 0.427474 0.369954 0.417734 0.382269 0.413333 0.387824 0.412187 0.385463 0.413289 0.384069 0.414799 0.382310 0.417969 0.378148
8 0.443508 0.368903 0.440768 0.361083 0.439492 0.353380 0.438854 0.345111 0.439365 0.339218 0.440385 0.339218 0.440513 0.341032 0.440576 0.346356 0.442042 0.356551 0.443786 0.363023
8 0.382812 0.260435 0.380440 0.265231 0.379273 0.265815 0.378362 0.264778 0.378471 0.264194 0.379201 0.263741 0.379930 0.262639 0.380953 0.260954 0.382229 0.258815
8 0.362578 0.264398 0.366615 0.267245 0.368914 0.268606 0.370375 0.271713 0.369935 0.273079 0.367307 0.272042 0.364167 0.270231 0.362711 0.269319
8 0.385552 0.265315 0.392669 0.272796 0.393122 0.277773 0.386852 0.270940 0.385219 0.269083 0.385810 0.269083 0.386159 0.268338 0.385951 0.266481
8 0.459286 0.277009 0.460234 0.275185 0.461615 0.274213 0.466805 0.285625 0.467516 0.287426 0.467031 0.287639 0.467031 0.287639 0.465576 0.286454 0.462062 0.282903
8 0.437891 0.304583 0.436734 0.309014 0.435823 0.312065 0.435419 0.313167 0.434948 0.314491 0.434661 0.314491 0.434453 0.313935 0.434508 0.313102 0.436078 0.308495 0.436927 0.305694 0.437701 0.302204 0.437974 0.300907 0.438521 0.300648
2 0.430570 0.312681 0.434057 0.322523 0.433435 0.324333 0.432159 0.322241 0.430414 0.318583 0.428852 0.314556 0.428406 0.313051
6 0.461365 0.331671 0.473005 0.313778 0.475893 0.321403 0.468805 0.335407 0.465654 0.341319 0.463982 0.340306 0.457495 0.338333
8 0.445961 0.334319 0.458563 0.326537 0.459352 0.324361 0.459352 0.322023 0.459177 0.321403 0.444211 0.331051
6 0.424615 0.352681 0.432667 0.367306 0.433716 0.355014 0.428901 0.347542
8 0.420875 0.378454 0.425466 0.379060 0.425417 0.381144 0.420875 0.380537 0.420456 0.378764
8 0.415161 0.369250 0.414380 0.382880 0.413289 0.384069 0.414018 0.366199 0.414018 0.366199
8 0.418823 0.370083 0.421958 0.373194 0.421339 0.374167 0.417206 0.369898
8 0.474630 0.416722 0.481466 0.429833 0.482687 0.429486 0.481271 0.426968 0.475508 0.416028
8 0.416617 0.198968 0.417789 0.196708 0.421451 0.206435 0.418570 0.205912
8 0.442526 0.214722 0.450974 0.217514 0.450729 0.218986 0.442914 0.216819
8 0.370466 0.177662 0.369146 0.177486 0.368904 0.186778 0.370271 0.184611
8 0.370367 0.188514 0.370125 0.196153 0.369880 0.196241 0.368854 0.193204 0.368904 0.190773
8 0.376229 0.192593 0.377302 0.187907 0.378378 0.188343 0.377596 0.192074
6 0.390945 0.236847 0.396935 0.238019 0.405685 0.241306 0.412276 0.243949 0.411250 0.245486 0.410818 0.247694 0.410224 0.249903 0.407133 0.249102 0.403807 0.246403 0.401641 0.246403 0.391810 0.243472
8 0.426979 0.364213 0.439229 0.373685 0.443430 0.376954 0.442826 0.378755 0.446516 0.382815 0.451531 0.390292 0.450583 0.389861 0.448883 0.389727 0.448839 0.389384 0.448568 0.388380 0.447891 0.387500 0.443414 0.382694 0.436219 0.377583 0.431862 0.373356 0.427474 0.369954 0.425966 0.368648 0.425979 0.368190 0.426026 0.367310 0.426031 0.366458 0.426284 0.364958
8 0.444792 0.314954 0.447211 0.319981 0.450828 0.327417 0.449133 0.328421 0.443594 0.317083
8 0.518979 0.518315 0.523602 0.526537 0.525727 0.529648 0.526914 0.529426 0.524977 0.525759 0.520292 0.517759
8 0.494682 0.451926 0.496779 0.457806 0.498312 0.462037 0.502266 0.475088 0.505331 0.484481 0.510453 0.498667 0.513224 0.507222 0.516896 0.514616 0.511552 0.496759 0.506742 0.484181 0.503234 0.473148 0.502044 0.468148 0.500695 0.463157 0.499023 0.458741 0.496484 0.451255 0.495133 0.447704 0.494839 0.450616
5 0.453349 0.295333 0.461370 0.299708 0.463674 0.306375 0.461617 0.305444 0.456656 0.302648 0.453349 0.300569 0.450539 0.299347 0.449995 0.297542
5 0.442169 0.286801 0.445745 0.290250 0.449982 0.293190 0.451513 0.293690 0.445938 0.297083 0.439956 0.291199 0.439070 0.289949 0.438919 0.288861 0.438602 0.286940 0.439044 0.284440
6 0.518174 0.499981 0.527648 0.500759 0.520813 0.492602 0.515927 0.492602
8 0.563875 0.520796 0.560964 0.519861 0.553122 0.517102 0.553023 0.519792 0.560599 0.522454
2 0.419896 0.273162 0.422891 0.269319 0.424036 0.271032 0.423810 0.271653 0.423328 0.276310 0.423836 0.278495 0.426125 0.282620 0.429469 0.288889 0.426263 0.290250 0.425542 0.290394 0.421818 0.282894 0.416271 0.288171 0.419010 0.277028
1 0.372083 0.201384 0.374654 0.205495 0.377094 0.209088 0.379151 0.212620 0.381279 0.216838 0.383266 0.220926 0.382497 0.221731 0.378984 0.215000 0.375385 0.208843 0.372180 0.203509 0.369320 0.198801 0.366216 0.195208 0.366844 0.194093 0.369633 0.197625 0.371302 0.199954
2 0.362687 0.286204 0.362656 0.268153 0.361906 0.241000 0.360687 0.240435 0.359117 0.240435 0.358490 0.240810 0.358628 0.253829 0.359523 0.281667 0.359685 0.303972 0.360594 0.304949 0.362831 0.301894 0.362581 0.295032 0.362393 0.292792 0.362253 0.287644
7 0.437565 0.250032 0.438997 0.246144 0.441471 0.242995 0.443268 0.241514 0.444909 0.241097 0.447513 0.240912 0.449878 0.242750 0.452143 0.245907 0.453854 0.249954 0.445651 0.249861
2 0.375529 0.302204 0.386029 0.315310 0.385263 0.312037 0.385263 0.309634 0.386589 0.307593 0.380372 0.283954 0.377414 0.287523 0.370964 0.293704 0.370078 0.302407 0.377917 0.294440 0.378943 0.295685 0.379083 0.297426 0.378990 0.298755
2 0.374635 0.303380 0.374219 0.309083 0.374219 0.309083 0.381422 0.317245 0.381961 0.317130 0.385721 0.317468
2 0.514089 0.400125 0.514802 0.395625 0.514198 0.389065 0.517766 0.387287 0.521755 0.392116 0.529198 0.390065 0.534055 0.389699 0.535328 0.389995 0.537596 0.392477 0.539706 0.396204 0.529792 0.417440 0.523724 0.406593 0.518219 0.406194 0.516784 0.404144
2 0.532708 0.423204 0.535102 0.428134 0.557651 0.414625 0.552810 0.397630 0.552612 0.401176 0.549513 0.411407 0.544799 0.415736 0.541771 0.416255 0.542589 0.408792 0.542880 0.401968 0.542211 0.400833
2 0.566115 0.517977 0.560896 0.515019 0.554995 0.511657 0.549547 0.507759 0.545992 0.504801 0.544245 0.502782 0.542438 0.501440 0.539714 0.501167 0.539865 0.502648 0.541977 0.506681 0.547195 0.511792 0.551885 0.515560 0.560964 0.519861 0.563875 0.520796 0.565117 0.518972
2 0.537383 0.512171 0.532297 0.516593 0.528003 0.514380 0.528568 0.513074 0.534331 0.508657
7 0.442042 0.265102 0.441932 0.280653 0.441753 0.283606 0.442169 0.286801 0.453328 0.286796 0.453409 0.278347 0.453773 0.272106 0.453766 0.268884
10 0.385026 0.192037 0.388099 0.194056 0.390625 0.197204 0.393151 0.202620 0.394583 0.208731 0.394552 0.213093 0.393557 0.217750 0.392352 0.221981 0.391010 0.225037 0.389758 0.227204 0.389372 0.224417 0.390906 0.220759 0.392232 0.216606 0.392755 0.213569 0.392930 0.209542 0.392161 0.204954 0.391010 0.202042 0.389443 0.199069 0.387630 0.196648 0.385435 0.194731
10 0.370456 0.198750 0.372328 0.196111 0.375508 0.192917 0.380872 0.190602 0.371302 0.199954
10 0.367695 0.208843 0.369073 0.202227 0.370039 0.200000 0.371026 0.201532 0.370089 0.204630 0.368760 0.209255
2 0.368594 0.268102 0.365878 0.264005 0.363255 0.256546 0.362328 0.251241 0.362328 0.246505 0.362609 0.234602 0.363216 0.233167 0.366281 0.240912 0.371161 0.250736 0.372492 0.254250 0.371484 0.269167 0.370375 0.271713
10 0.385773 0.228204 0.383820 0.229778 0.381789 0.230796 0.377648 0.230796 0.375617 0.230565 0.374081 0.229500 0.371997 0.226861 0.369940 0.223343 0.369029 0.220333 0.368065 0.218296 0.367544 0.216676 0.367154 0.216491 0.367023 0.218435 0.367362 0.221120 0.368508 0.224917 0.369862 0.227509 0.371737 0.230241 0.373846 0.232370 0.376049 0.233324 0.377198 0.233880 0.382310 0.233574 0.385487 0.231769 0.386641 0.230880
2 0.400255 0.325931 0.399500 0.327856 0.399531 0.331769 0.400677 0.337500 0.402435 0.345361 0.402346 0.353079 0.402346 0.354417 0.411984 0.360130 0.411641 0.359028 0.405750 0.341880
2 0.375534 0.262231 0.372893 0.265991 0.370375 0.271713 0.369674 0.273870 0.368602 0.276444 0.366500 0.278602 0.364820 0.280259 0.362253 0.287644 0.362393 0.292792 0.362581 0.295032 0.365708 0.299014 0.369208 0.295361 0.370411 0.290639 0.374385 0.269940
2 0.376820 0.262653 0.386732 0.275333 0.383909 0.278130 0.378180 0.284870 0.371146 0.291852 0.372057 0.288509 0.377812 0.268796 0.377932 0.267671 0.377482 0.267458 0.377060 0.267833 0.374312 0.277227
2 0.380055 0.245500 0.386841 0.255009 0.392026 0.266491 0.390023 0.247356 0.389516 0.244111 0.384661 0.240894 0.382151 0.244329 0.378901 0.241185
2 0.399036 0.275319 0.397159 0.267995 0.397664 0.258741 0.398820 0.251287 0.401641 0.246403 0.403807 0.246403 0.407133 0.249102 0.408750 0.251574 0.408333 0.252269 0.408438 0.253333 0.408958 0.253426 0.409401 0.252963 0.410208 0.252315 0.413156 0.254444 0.411786 0.255088 0.410253 0.255880 0.408034 0.258389 0.405250 0.263694 0.399766 0.273449
2 0.391984 0.244917 0.396758 0.247181 0.399432 0.248718 0.400008 0.249301 0.398820 0.251287 0.397664 0.258741 0.397159 0.267995 0.399036 0.275319 0.397839 0.278750 0.394555 0.272153 0.392724 0.252255
10 0.395609 0.284921 0.399766 0.273449 0.405250 0.263694 0.408034 0.258389 0.410253 0.255880 0.411786 0.255088 0.413156 0.254444 0.415013 0.257528 0.416667 0.261398 0.417513 0.264986 0.414609 0.271940 0.412109 0.277463 0.402742 0.295088 0.401128 0.295375 0.399878 0.296454 0.397620 0.298245 0.396529 0.298532 0.396125 0.293245
7 0.437320 0.251685 0.437109 0.254042 0.437109 0.256644 0.437604 0.258704 0.454914 0.264449 0.454615 0.255306 0.454018 0.251810
10 0.423328 0.276310 0.423810 0.271653 0.424865 0.268593 0.426823 0.265542 0.429143 0.262324 0.431555 0.260296 0.433544 0.259759 0.436346 0.259921 0.437732 0.261259 0.438393 0.263134 0.441099 0.273032 0.441372 0.275120 0.440529 0.278926 0.439669 0.282403 0.439044 0.284440 0.438602 0.286940 0.433687 0.288139 0.429469 0.288889 0.426125 0.282620 0.423836 0.278495
2 0.405328 0.317171 0.401495 0.323954 0.406458 0.338889 0.412891 0.357778 0.414766 0.355579 0.415083 0.344394 0.416023 0.344394 0.416727 0.344440 0.416258 0.354000 0.423964 0.343241 0.422396 0.340602 0.420391 0.338009 0.413359 0.325324 0.410990 0.320926 0.409526 0.319352 0.408589 0.317889 0.407664 0.316981 0.406305 0.316926
10 0.388906 0.306250 0.390302 0.306565 0.391096 0.307144 0.391797 0.305569 0.392870 0.305486 0.394596 0.305486 0.394792 0.306806 0.391846 0.311829 0.395154 0.317852 0.392544 0.319421 0.388763 0.319421 0.386055 0.315356 0.385263 0.312037 0.385263 0.309634 0.386589 0.307593
2 0.387458 0.276264 0.390245 0.280083 0.389609 0.281894 0.392156 0.297870 0.393367 0.302287 0.394596 0.305486 0.392870 0.305486 0.391797 0.305569 0.391096 0.307144 0.390302 0.306565 0.388906 0.306250 0.382378 0.282542 0.386451 0.277556
2 0.390245 0.280083 0.393305 0.279356 0.393857 0.287296 0.394596 0.305486 0.394596 0.305486 0.393367 0.302287 0.392156 0.297870 0.389609 0.281894
15 0.379318 0.335028 0.388802 0.328954 0.390615 0.328458 0.393474 0.329759 0.396891 0.331681 0.397482 0.339986 0.393753 0.337880 0.391451 0.336083 0.388523 0.336639 0.383362 0.340977
3 0.516930 0.363843 0.521625 0.346269 0.525393 0.332866 0.526852 0.333120 0.527669 0.333815 0.527456 0.336088 0.524576 0.347593 0.522367 0.356778 0.520201 0.360292
14 0.600724 0.478245 0.612940 0.493444 0.622422 0.504787 0.620521 0.498546 0.616214 0.483120 0.614344 0.482907 0.611331 0.483653 0.608529 0.476796 0.607354 0.474926 0.605214 0.475458 0.602594 0.476690
10 0.575680 0.455685 0.577818 0.453963 0.579229 0.453963 0.582010 0.457764 0.582617 0.457764 0.583060 0.459056 0.581690 0.463718 0.580846 0.462671 0.579833 0.462671
10 0.574086 0.457454 0.572339 0.460565 0.571284 0.463241 0.571104 0.465653 0.572008 0.468171 0.573031 0.470310 0.575021 0.470472 0.576135 0.470310 0.576727 0.468065 0.578049 0.464648 0.574542 0.458338
10 0.545901 0.424796 0.546508 0.430440 0.547628 0.437824 0.550500 0.444977 0.551510 0.444852 0.559482 0.444542 0.560367 0.442968 0.560508 0.438486 0.560651 0.433704 0.559948 0.431620 0.560651 0.430417 0.557615 0.417662
10 0.554721 0.493819 0.554339 0.487250 0.555003 0.480560 0.556188 0.477708 0.557094 0.476903 0.559151 0.477333 0.563672 0.479241 0.563995 0.482602 0.564031 0.486819 0.563195 0.490662 0.562115 0.494815 0.561510 0.496065 0.558872 0.495931
2 0.522141 0.523713 0.519945 0.522139 0.517659 0.522306 0.514719 0.525375 0.512992 0.530769 0.520240 0.552417 0.522479 0.560380 0.524581 0.567356 0.525747 0.566528 0.527195 0.570676 0.528687 0.570509 0.531839 0.569565 0.531945 0.567838 0.528977 0.563806 0.530112 0.560926 0.537396 0.570509 0.538479 0.568412 0.539073 0.563806 0.539505 0.556125 0.540047 0.551139 0.540802 0.549602 0.540802 0.547583 0.540583 0.546713 0.532971 0.546144 0.532000 0.541537 0.530810 0.538560 0.525727 0.529648 0.523602 0.526537
2 0.521581 0.510843 0.534393 0.517926 0.543195 0.523157 0.551206 0.527944 0.553885 0.530949 0.582135 0.564398 0.578703 0.573417 0.570643 0.577745 0.563518 0.568639 0.556458 0.539426 0.554711 0.540093 0.560771 0.566417 0.548961 0.551866 0.548461 0.535537 0.545964 0.534981 0.546714 0.549866 0.537029 0.537981 0.535154 0.537426 0.534279 0.539093 0.532000 0.541537 0.530810 0.538560 0.525727 0.529648 0.526914 0.529426 0.524977 0.525759 0.520292 0.517759 0.521479 0.516542 0.522167 0.514097 0.522042 0.511986
10 0.594388 0.610481 0.605969 0.635199 0.604510 0.638653 0.595547 0.650366 0.606240 0.673213 0.612990 0.687037 0.617688 0.681759 0.603052 0.707199 0.601216 0.700477 0.605969 0.694912 0.592956 0.665056 0.590958 0.663806 0.589013 0.660444 0.580750 0.671681 0.569682 0.652287 0.568547 0.654208 0.567359 0.652861 0.567089 0.650269 0.568440 0.648639 0.561667 0.633704 0.588828 0.598472
10 0.598831 0.620051 0.602599 0.620306 0.603203 0.622708 0.603914 0.625931 0.608396 0.626310 0.609497 0.622074 0.614013 0.622139 0.614440 0.623528 0.613232 0.642431 0.612448 0.644644 0.608786 0.644074 0.608534 0.649880 0.609479 0.650241 0.609193 0.655148 0.614089 0.655440 0.613307 0.657486 0.613513 0.659097 0.614500 0.660120 0.615781 0.662361 0.608688 0.661218 0.608745 0.664644 0.613643 0.665620 0.614526 0.669833 0.614904 0.672852 0.609799 0.680681 0.606240 0.673213 0.600419 0.660856 0.600586 0.648644 0.602315 0.648352 0.602724 0.640963 0.604510 0.638653 0.605969 0.635199
10 0.620505 0.687454 0.626159 0.682273 0.624188 0.677727 0.619565 0.685250
10 0.641948 0.658630 0.647031 0.653194 0.650232 0.649338 0.651016 0.646620 0.651122 0.644852 0.651016 0.642699 0.646911 0.628579 0.647766 0.627000 0.646982 0.626431 0.646130 0.625417 0.645560 0.623523 0.644315 0.620106 0.644068 0.619162 0.640510 0.620486 0.638805 0.616380 0.641328 0.614926 0.642857 0.614926 0.644992 0.615685 0.646768 0.618972 0.648690 0.623523 0.652742 0.637870 0.654057 0.644130 0.653667 0.648806 0.653099 0.651398 0.651818 0.654116 0.649685 0.656204 0.643924 0.662588
2 0.616510 0.594097 0.633607 0.601560 0.638805 0.616380 0.640510 0.620486 0.642576 0.626134 0.635294 0.645296 0.632208 0.639375 0.631797 0.638537 0.627174 0.632088 0.626448 0.630449 0.624542 0.637019 0.619289 0.646250 0.617521 0.642667 0.623117 0.626060 0.614440 0.623528 0.614013 0.622139 0.609497 0.622074 0.605714 0.620282 0.606526 0.616657 0.608000 0.612560 0.609445 0.611579 0.610521 0.611903 0.611411 0.613218 0.612609 0.613380 0.617896 0.612398 0.617773 0.610375 0.611904 0.610810 0.610951 0.610046 0.609753 0.609556 0.608339 0.609282 0.607201 0.610593 0.605297 0.616167 0.604396 0.619481 0.603328 0.619481 0.602599 0.620306 0.598831 0.620051 0.598307 0.618819 0.603255 0.603764 0.606336 0.592981 0.607690 0.590565
10 0.639443 0.571481 0.641221 0.566662 0.644417 0.568426 0.640065 0.582917 0.638523 0.580861 0.638648 0.580111 0.638602 0.578699 0.639070 0.576625
10 0.643078 0.589852 0.644823 0.586176 0.645924 0.584120 0.647411 0.581671 0.649979 0.579273 0.653549 0.578005 0.659523 0.581606 0.675331 0.591398 0.664544 0.599667 0.665117 0.597296 0.664831 0.595944 0.663117 0.594505 0.644076 0.590273
3 0.614089 0.655440 0.624542 0.637019 0.627174 0.632088 0.631797 0.638537 0.640365 0.655352 0.647547 0.670144 0.631690 0.694542 0.624188 0.677727 0.619565 0.685250 0.604453 0.711667 0.592185 0.733546 0.589128 0.732282 0.603052 0.707199 0.617688 0.681759 0.621591 0.674185 0.615781 0.662361 0.614500 0.660120 0.613513 0.659097 0.613307 0.657486
10 0.619565 0.685250 0.622266 0.691634 0.617786 0.697574 0.622870 0.708194 0.617005 0.717551 0.609820 0.707565 0.604766 0.712917 0.604453 0.711713
2 0.568214 0.539162 0.582083 0.547333 0.597865 0.557218 0.600878 0.559199 0.591081 0.565815 0.588352 0.562407 0.589174 0.559356 0.585990 0.556671 0.584969 0.557750
10 0.560560 0.589981 0.562010 0.581213 0.562617 0.576403 0.564065 0.576648 0.564997 0.578060 0.564344 0.582954 0.562031 0.599847 0.561419 0.599843 0.560503 0.598773
2 0.549430 0.579296 0.555474 0.583093 0.560987 0.586884 0.560560 0.589981 0.556398 0.587389 0.549609 0.583028
2 0.536896 0.582630 0.531839 0.569565 0.531945 0.567838 0.536305 0.573227 0.540023 0.583662 0.540526 0.585449 0.541930 0.590444 0.542255 0.595148 0.539826 0.592653
10 0.449453 0.331944 0.449227 0.334556 0.449284 0.336264 0.449169 0.337370 0.448661 0.338375 0.451695 0.343940 0.454990 0.339435 0.457495 0.338333 0.458492 0.337167 0.454651 0.335259 0.454935 0.334556 0.458664 0.331644 0.458719 0.329333 0.458833 0.327324 0.458563 0.326537
2 0.444792 0.314954 0.441336 0.309167 0.440479 0.324597 0.444211 0.331051 0.449133 0.328421 0.443594 0.317083
10 0.354672 0.188125 0.350234 0.199009 0.349547 0.197565 0.353734 0.186569 0.351922 0.183792 0.351229 0.180981 0.352115 0.179838 0.358893 0.190880 0.357401 0.192810
10 0.348852 0.201565 0.344172 0.213394 0.343245 0.213037 0.348458 0.200426
10 0.378802 0.244676 0.380721 0.253157 0.381484 0.255926 0.378003 0.256731
2 0.338281 0.211685 0.351740 0.215778 0.352542 0.216829 0.348740 0.226190 0.343208 0.215454 0.342576 0.214597 0.341792 0.214222 0.341549 0.215134 0.340042 0.214130
10 0.344211 0.241120 0.346596 0.244977 0.347812 0.261528 0.343516 0.278611 0.340755 0.274352 0.340023 0.257079
10 0.645490 0.654926 0.640849 0.638190 0.639409 0.640282 0.643724 0.656782
10 0.655820 0.617731 0.652813 0.617500 0.651766 0.618315 0.651310 0.619125 0.650982 0.620287 0.651047 0.621449 0.653701 0.628167 0.654448 0.624704 0.653924 0.621449 0.653794 0.619940 0.655951 0.619593
2 0.657005 0.610046 0.657081 0.610477 0.656081 0.614514 0.655820 0.617731 0.637599 0.612921 0.634232 0.603389
2 0.319753 0.241639 0.328284 0.212644 0.332065 0.215815 0.336547 0.217255 0.336547 0.221958 0.334799 0.222310 0.336693 0.224630 0.336672 0.229625 0.330208 0.222093 0.329547 0.222574 0.328974 0.223537 0.329125 0.225412 0.335969 0.232171 0.334484 0.234718 0.333755 0.235273 0.332245 0.236986 0.332036 0.238653 0.329474 0.237699 0.325315 0.249606
1 0.582526 0.725162 0.584219 0.730259 0.586424 0.739361 0.588203 0.746125 0.589802 0.755227 0.591651 0.769199 0.592789 0.780384 0.593714 0.792269 0.594211 0.808579 0.594247 0.826782 0.593784 0.840690 0.591510 0.870718 0.589589 0.881148 0.585643 0.891833 0.587953 0.888671 0.590620 0.882981 0.592612 0.871856 0.593997 0.855991 0.594888 0.841514 0.595349 0.827352 0.595279 0.808389 0.594852 0.792208 0.593927 0.780194 0.592859 0.768630 0.590940 0.754532 0.589518 0.745556 0.587419 0.737273 0.585307 0.729773 0.580823 0.716315 0.577120 0.709954 0.574487 0.706370 0.572266 0.704319 0.569755 0.702787 0.570154 0.704301 0.571398 0.704935 0.573852 0.707273 0.576625 0.711065 0.579896 0.717199
10 0.367622 0.243616 0.368641 0.243014 0.368922 0.242009 0.368922 0.240102 0.369995 0.240204 0.371352 0.241106 0.372878 0.241810 0.374911 0.241708 0.375930 0.241606 0.377568 0.243819 0.377555 0.244565 0.376927 0.253676 0.376495 0.256375 0.375872 0.257278 0.374461 0.256977 0.372935 0.255472 0.372492 0.254250 0.371161 0.250736
2 0.473880 0.316889 0.477818 0.317981 0.480182 0.320005 0.480620 0.322181 0.482107 0.325606 0.483596 0.328093 0.485083 0.328718 0.486047 0.328870 0.486047 0.331829 0.485904 0.333634 0.482068 0.337574 0.481583 0.337898 0.479919 0.337120 0.479307 0.335875 0.478344 0.331981 0.476156 0.328870 0.474930 0.327782 0.474055 0.325292 0.475893 0.321403
10 0.532323 0.357278 0.534544 0.352398 0.535328 0.351120 0.533432 0.344380 0.534154 0.343449 0.536703 0.350653 0.537422 0.350653 0.538141 0.348912 0.540167 0.343796 0.541148 0.344958 0.539513 0.351468 0.540560 0.354139 0.540951 0.355537 0.541018 0.356116 0.541018 0.356463 0.541021 0.358431 0.541083 0.359954 0.536068 0.357569
10 0.511911 0.358486 0.517664 0.356394 0.518318 0.358602 0.516930 0.363843 0.513638 0.367306 0.507456 0.371051 0.506372 0.369921 0.509750 0.363463
10 0.402943 0.173963 0.403234 0.173963 0.403724 0.176481 0.407339 0.179694 0.411146 0.182991 0.410758 0.183509 0.408938 0.183926 0.407680 0.183093 0.405484 0.183009 0.403206 0.183870
2 0.363526 0.207356 0.360552 0.207847 0.358906 0.208653 0.357055 0.214796 0.358083 0.222255 0.359565 0.228032 0.360635 0.228398 0.364172 0.226792 0.369398 0.228255 0.370344 0.228255 0.369862 0.227509 0.368508 0.224917 0.367362 0.221120 0.367023 0.218435 0.367154 0.216491 0.367544 0.216676 0.368065 0.218296 0.369029 0.220333 0.369940 0.223343 0.371997 0.226861 0.374542 0.226352 0.373003 0.220231 0.371167 0.210912 0.368161 0.210736 0.366651 0.209949 0.364411 0.207912
10 0.325315 0.249606 0.329474 0.237699 0.332036 0.238653 0.332740 0.240366 0.334250 0.241662 0.335953 0.243847 0.336763 0.245861 0.336602 0.250468 0.332552 0.261699
10 0.558099 0.527324 0.557935 0.525500 0.559070 0.523481 0.561716 0.521949 0.563875 0.520796 0.565117 0.518972 0.566685 0.517435 0.570625 0.517722 0.573961 0.518769 0.582995 0.527250 0.587302 0.533014 0.589635 0.536250 0.590661 0.538574 0.590286 0.540569 0.587630 0.540157 0.578948 0.536009 0.572878 0.532278 0.568445 0.531028 0.566344 0.528458 0.565430 0.527356 0.560885 0.529787 0.558763 0.531523 0.558099 0.530972
10 0.508633 0.498042 0.504253 0.493972 0.502240 0.491389 0.500911 0.496852 0.503599 0.503620 0.511966 0.520125 0.514385 0.521634 0.515826 0.521750 0.516935 0.521403 0.516870 0.520356 0.515628 0.519773 0.513930 0.519079 0.511901 0.517333 0.509875 0.513380 0.511117 0.513264 0.513143 0.512454 0.514385 0.511056 0.514125 0.509315 0.513607 0.508019 0.510070 0.499204
10 0.582362 0.412903 0.583682 0.411861 0.585003 0.411861 0.586177 0.413685 0.586766 0.414861 0.586693 0.417991 0.586172 0.419644 0.581737 0.425287 0.581344 0.424213 0.582008 0.422069 0.582398 0.418537 0.582490 0.415269
