0 0.601461 0.421292 0.595305 0.415630 0.592555 0.417782 0.591807 0.418449 0.588284 0.422157 0.583453 0.426875 0.582581 0.427245 0.582755 0.429662 0.582966 0.430343 0.585469 0.430648 0.585443 0.431727 0.585638 0.444907 0.585802 0.450287 0.582021 0.453551 0.581341 0.455833 0.577042 0.459069 0.576190 0.483750 0.576438 0.490222 0.576977 0.492046 0.578430 0.498926 0.579154 0.507972 0.580406 0.511944 0.581898 0.514407 0.587630 0.521157 0.592648 0.524042 0.594820 0.526630 0.600531 0.534731 0.603219 0.542676 0.607573 0.547852 0.611156 0.551454 0.618995 0.551972 0.625961 0.536306 0.640281 0.533894 0.650349 0.529259 0.650638 0.520838 0.650638 0.507759 0.650531 0.502009 0.650224 0.496440 0.652901 0.492130 0.656076 0.482759 0.657919 0.474593 0.657724 0.461745 0.654549 0.444505 0.653289 0.438380 0.650029 0.425889 0.647102 0.426630 0.638922 0.425162 0.625258 0.431333
2 0.409648 0.178847 0.409010 0.165417 0.409219 0.159398 0.408411 0.157130 0.408081 0.156269 0.407664 0.155991 0.407266 0.157037 0.403073 0.150884 0.401984 0.149088 0.399870 0.147731 0.402052 0.144306 0.404570 0.142468 0.406221 0.141847 0.408224 0.142894 0.407336 0.143319 0.408281 0.148380 0.409010 0.150648 0.410562 0.152431 0.411893 0.153005 0.413685 0.153213 0.416576 0.154417 0.419935 0.154468 0.420302 0.156565 0.420716 0.158889 0.421940 0.160287 0.422714 0.160347 0.427557 0.158958 0.428526 0.158769 0.428568 0.169815 0.421227 0.173019 0.415211 0.175940
6 0.500182 0.270657 0.498138 0.279329 0.494646 0.290106 0.495172 0.291981 0.497677 0.293856 0.499755 0.286611 0.500930 0.282204 0.502159 0.277338 0.501365 0.274611
6 0.500445 0.269250 0.501367 0.265241 0.501810 0.264537 0.504070 0.255074 0.506180 0.247694 0.507760 0.247222 0.509276 0.249569 0.505651 0.263278 0.504617 0.267338 0.504419 0.268213 0.502490 0.275694
1 0.495703 0.293815 0.495997 0.293815 0.496070 0.294537 0.495961 0.295782 0.495813 0.300361 0.495667 0.304935 0.495555 0.307347 0.494857 0.307944 0.494974 0.303380 0.495078 0.299838 0.495547 0.295509 0.495703 0.294412
1 0.496070 0.294537 0.498854 0.294907 0.500263 0.295130 0.503021 0.295394 0.502617 0.296699 0.497909 0.296171 0.495961 0.295782
1 0.492786 0.294398 0.495703 0.294412 0.495547 0.295509 0.492797 0.295319
1 0.504617 0.267338 0.510721 0.273903 0.516630 0.279505 0.521750 0.283792 0.525094 0.286759 0.526880 0.288685 0.526539 0.290111 0.524852 0.287907 0.516826 0.280819 0.510729 0.275370 0.506536 0.270843 0.504419 0.268213
1 0.494427 0.255699 0.495914 0.256736 0.496820 0.257912 0.499742 0.261824 0.501810 0.264537 0.501367 0.265241 0.498414 0.261389 0.497469 0.260306 0.496779 0.259509 0.495411 0.257713 0.494378 0.256838
1 0.495914 0.256736 0.489479 0.239731 0.483497 0.224532 0.475797 0.206690 0.466956 0.185009 0.458958 0.167134 0.457505 0.162699 0.455599 0.159074 0.455000 0.156847 0.449378 0.144495 0.440510 0.123500 0.436898 0.114602 0.437469 0.114296 0.441510 0.123514 0.447378 0.137690 0.454443 0.153792 0.463875 0.176301 0.472937 0.197444 0.479323 0.211611 0.489206 0.236625 0.496820 0.257912
1 0.510875 0.350745 0.510620 0.336144 0.509693 0.316514 0.509385 0.307463 0.508708 0.301106 0.507560 0.297097 0.504352 0.284551 0.501365 0.274611 0.499102 0.266968 0.496779 0.259509 0.497469 0.260306 0.499490 0.266250 0.503229 0.278333 0.507016 0.291736 0.509417 0.301773 0.509862 0.304880 0.510266 0.316389 0.510685 0.325213 0.511331 0.340231 0.511568 0.349282 0.511534 0.351940
1 0.511216 0.355282 0.511385 0.361940 0.511471 0.368218 0.511471 0.370787 0.512279 0.370940 0.512031 0.362037 0.511727 0.356264
8 0.483180 0.301574 0.488711 0.311486 0.494117 0.321389 0.495182 0.322870 0.500885 0.333019 0.506755 0.343537 0.515552 0.359093 0.524362 0.373412 0.522789 0.375685 0.514620 0.361417 0.507232 0.347856 0.494401 0.325023 0.484568 0.307477 0.482286 0.303421 0.482268 0.301736
2 0.506068 0.292731 0.505096 0.291046 0.503693 0.289986 0.501779 0.291653 0.502417 0.294375 0.503021 0.295394 0.503396 0.295583
2 0.504036 0.296667 0.504245 0.298537 0.507138 0.302093 0.508500 0.300352 0.507560 0.297097 0.506799 0.293995
2 0.509250 0.301042 0.510979 0.301106 0.512560 0.301759 0.512451 0.303329 0.512339 0.305681 0.511346 0.306727 0.510500 0.306468 0.509862 0.304880
10 0.521544 0.268671 0.521872 0.264227 0.522831 0.263514 0.523893 0.263898 0.524596 0.265403 0.524924 0.269718 0.524849 0.272662 0.525292 0.273315 0.524299 0.276125 0.522867 0.273843
1 0.483385 0.275185 0.485260 0.274028 0.486023 0.275843 0.484737 0.276630
1 0.489505 0.273181 0.488385 0.272546 0.487734 0.272671 0.487708 0.273921 0.489141 0.274755 0.489375 0.274060
10 0.469818 0.258194 0.470216 0.256259 0.470878 0.254815 0.473591 0.256958 0.476935 0.259315 0.476875 0.260866 0.477747 0.260972 0.478622 0.260708 0.480461 0.263116 0.478591 0.266546 0.477596 0.268204 0.470305 0.260708 0.469672 0.259690
6 0.444029 0.178009 0.443930 0.183083 0.443193 0.183347 0.441370 0.182208 0.441419 0.184134 0.445505 0.185620 0.446836 0.188074 0.447474 0.190611 0.449247 0.192537 0.449984 0.196824 0.451956 0.198139 0.452953 0.200755 0.455125 0.204157 0.459167 0.211116 0.461294 0.214065 0.461461 0.215273 0.461206 0.216491 0.468255 0.229130 0.477448 0.245315 0.476763 0.247088 0.479549 0.248199 0.484620 0.250630 0.489643 0.253417 0.489786 0.251500 0.472125 0.220954 0.460195 0.200685 0.457125 0.194829 0.456188 0.194130 0.455549 0.191676 0.455646 0.190718 0.453974 0.186889 0.449523 0.182444 0.448602 0.183042 0.446063 0.179398 0.445141 0.177116
2 0.437815 0.216023 0.435839 0.216310 0.434750 0.218458 0.437578 0.220972 0.439063 0.222454 0.439388 0.217741
10 0.402859 0.296463 0.402753 0.291472 0.403237 0.288782 0.404479 0.289361 0.403779 0.298574
10 0.403995 0.295602 0.406747 0.297231 0.410745 0.302130 0.413336 0.307986 0.415063 0.315972 0.416253 0.322213 0.416253 0.325380 0.410852 0.313477 0.405938 0.303204 0.403779 0.298574
1 0.414307 0.312514 0.417169 0.315972 0.416576 0.317509 0.414740 0.315106
10 0.435677 0.255046 0.436698 0.251255 0.437919 0.250694 0.439628 0.247227 0.442312 0.243755 0.444125 0.244685 0.447500 0.247361 0.449250 0.249394 0.449807 0.250903 0.450888 0.253972 0.451156 0.258968 0.451062 0.267676 0.449828 0.270343 0.446966 0.273343 0.444312 0.274625 0.442594 0.274356 0.441693 0.275699 0.440638 0.275755 0.438708 0.274736 0.437953 0.272963 0.437685 0.270667 0.437021 0.270231 0.435878 0.265787 0.435365 0.260273 0.435456 0.257431
1 0.426102 0.227306 0.426589 0.230403 0.427844 0.231514 0.429169 0.231514 0.430633 0.230218 0.430841 0.226560 0.430260 0.225556 0.429414 0.225940 0.429273 0.228417 0.428891 0.229412 0.427599 0.229412 0.427495 0.226866 0.427182 0.226245 0.426240 0.226306
2 0.470497 0.163861 0.474792 0.171329 0.476331 0.172907 0.477406 0.174481 0.478992 0.174815 0.480953 0.176389 0.482773 0.179458 0.483846 0.180787 0.484966 0.183111 0.487393 0.185352 0.487625 0.188917 0.487253 0.191574 0.486469 0.190352 0.485956 0.187037 0.483576 0.188944 0.483203 0.192097 0.478768 0.186287 0.472654 0.177657 0.469435 0.173347 0.467529 0.170301 0.468294 0.166282
2 0.486469 0.190352 0.487253 0.191574 0.488258 0.194750 0.489477 0.196296 0.491570 0.199583 0.490315 0.205657 0.488474 0.203190 0.486193 0.200708 0.484906 0.201685 0.484424 0.202491 0.483117 0.201167 0.482018 0.197722 0.481276 0.195787 0.482734 0.192685 0.483203 0.192097 0.483576 0.188944 0.485956 0.187037
2 0.455549 0.191676 0.455646 0.190718 0.456638 0.190347 0.459495 0.190222 0.461414 0.190657 0.461901 0.192023 0.463297 0.194440 0.459453 0.194583 0.457125 0.194829 0.456188 0.194130
2 0.469260 0.299028 0.467302 0.301935 0.467208 0.307741 0.468747 0.310398 0.471034 0.312222 0.472201 0.311477 0.471503 0.309565 0.471781 0.308736 0.471969 0.305417 0.471409 0.303759 0.471734 0.301352 0.470698 0.300519 0.469401 0.300856 0.469773 0.299444
10 0.445372 0.132694 0.446523 0.130838 0.447849 0.132694 0.450044 0.134991 0.451474 0.137157 0.451333 0.139264 0.453669 0.142861 0.451648 0.147384 0.447378 0.137690
2 0.393750 0.210324 0.389492 0.212236 0.386849 0.213426 0.389505 0.217907 0.390245 0.219273 0.392995 0.224259 0.398568 0.223565
2 0.388167 0.197171 0.388776 0.197454 0.392708 0.207731 0.393151 0.208750 0.385703 0.212269 0.384289 0.208375
2 0.357133 0.194644 0.358128 0.188968 0.358943 0.182806 0.359513 0.180662 0.361471 0.178037 0.362315 0.177662 0.362875 0.178079 0.362875 0.179468 0.362068 0.179236 0.361781 0.180208 0.361859 0.182292 0.364010 0.186204 0.361172 0.188968 0.359964 0.190782 0.359815 0.194963 0.359576 0.199838
2 0.453914 0.241079 0.460234 0.240833 0.460810 0.241134 0.460906 0.243454 0.460273 0.243815 0.457057 0.243889 0.453411 0.244028 0.451703 0.242310 0.451656 0.241306
2 0.443297 0.244185 0.449146 0.242435 0.448828 0.243681 0.448065 0.245542 0.446000 0.246167 0.444125 0.244685
2 0.493344 0.279412 0.496406 0.279861 0.497763 0.280431 0.498138 0.279329 0.498685 0.275963 0.497063 0.275569 0.494552 0.274949 0.492005 0.274259 0.491120 0.274491 0.492005 0.276759 0.492964 0.278449
2 0.438750 0.233194 0.442956 0.241477 0.443378 0.243296 0.442312 0.243755 0.441451 0.244153 0.438227 0.237727 0.438286 0.236227 0.437654 0.235745 0.437563 0.234296 0.438076 0.233333
2 0.430453 0.252301 0.430219 0.256468 0.430766 0.256375 0.430870 0.261005 0.430260 0.262407 0.426938 0.257810 0.427016 0.254060 0.427042 0.253227
2 0.435982 0.185787 0.436156 0.181694 0.436677 0.181449 0.436677 0.179528 0.438318 0.177667 0.440479 0.176426 0.442081 0.176426 0.444029 0.178009 0.443930 0.183083 0.443193 0.183347 0.441370 0.182208 0.441419 0.184134 0.445505 0.185620 0.446836 0.188074 0.447474 0.190611 0.449247 0.192537 0.449984 0.196824 0.450987 0.201634 0.450052 0.205139 0.449818 0.206713 0.449805 0.208000 0.449846 0.210435 0.448797 0.212370 0.446336 0.212227 0.444763 0.212157 0.443310 0.212014 0.442604 0.213889 0.440875 0.217153 0.439029 0.215171 0.439656 0.210273 0.440771 0.206060 0.440979 0.201778 0.440807 0.197880 0.439935 0.197630 0.439443 0.196449 0.439232 0.195056 0.438888 0.193912 0.437773 0.193602 0.436125 0.189852 0.436068 0.188889
1 0.435091 0.192306 0.436771 0.192593 0.437773 0.193602 0.438034 0.194898 0.437578 0.194954 0.436107 0.193648 0.435091 0.193417
2 0.425781 0.206806 0.424974 0.208194 0.423203 0.210417 0.422135 0.211019 0.415599 0.214676 0.414896 0.213750 0.414245 0.212130 0.414349 0.210278 0.418307 0.207315 0.421125 0.205282 0.422714 0.206625
2 0.384297 0.256343 0.387318 0.251667 0.387500 0.255231 0.385437 0.259255
10 0.439143 0.150769 0.439563 0.146370 0.440154 0.141657 0.442839 0.137319 0.444060 0.135458 0.444661 0.133426 0.449378 0.144495 0.451065 0.148292 0.449253 0.151759 0.451484 0.153806 0.451625 0.155292 0.447427 0.161310 0.446505 0.161778 0.445083 0.161778 0.441047 0.154787
2 0.461547 0.155250 0.457766 0.146037 0.457646 0.144222 0.458661 0.144315 0.459156 0.145606 0.462695 0.147093 0.462984 0.145750 0.463815 0.145931 0.465318 0.149153 0.466826 0.152958 0.464003 0.154218
2 0.413594 0.152176 0.413503 0.145620 0.412956 0.144324 0.411419 0.142889 0.411862 0.140991 0.412721 0.140157 0.414622 0.143444 0.416302 0.146620 0.416549 0.152611 0.416576 0.154417 0.413685 0.153213
2 0.393464 0.166898 0.396372 0.168065 0.397344 0.163426 0.398385 0.158102 0.399870 0.147731 0.396964 0.152116 0.394219 0.156343 0.394219 0.156343
2 0.390393 0.133361 0.390940 0.135537 0.391773 0.137435 0.392971 0.137667 0.394013 0.135583 0.394906 0.132394 0.395115 0.130361 0.393961 0.128731 0.393232 0.129287 0.392711 0.130815 0.392552 0.131713 0.391589 0.130602
8 0.392318 0.141806 0.394906 0.132394 0.395115 0.130361 0.395427 0.129106 0.396208 0.128921 0.399594 0.132486 0.398057 0.140032
8 0.389232 0.160481 0.391445 0.149509 0.391849 0.146389 0.397083 0.144676 0.395964 0.149491 0.391443 0.156708
8 0.387878 0.171440 0.389141 0.164120 0.394219 0.156343 0.393464 0.166898 0.392487 0.166458 0.391161 0.168065
2 0.447188 0.325972 0.449826 0.323764 0.451018 0.319829 0.453018 0.318620 0.455698 0.315745 0.461229 0.315065 0.463188 0.314912 0.463143 0.325046 0.462802 0.326032 0.453401 0.326787 0.447005 0.327917
11 0.422714 0.160347 0.427557 0.158958 0.430104 0.157963 0.433596 0.157273 0.437398 0.156486 0.437661 0.156458 0.437857 0.154384 0.437531 0.140519 0.437523 0.138722 0.435466 0.130833 0.432138 0.120120 0.431331 0.117537 0.429961 0.115815 0.426651 0.115528 0.425362 0.115815 0.420724 0.117824 0.418141 0.119116 0.417375 0.121481 0.418505 0.135032 0.419500 0.149935 0.420302 0.156565 0.420716 0.158889 0.421940 0.160287
5 0.389091 0.268106 0.390464 0.265736 0.391310 0.260144 0.393286 0.255412 0.394336 0.247093 0.395786 0.237917 0.395182 0.234838 0.395924 0.232750 0.399164 0.225745 0.400964 0.216051 0.404229 0.200454 0.406182 0.192875 0.409870 0.194801 0.414495 0.197500 0.414060 0.200324 0.413906 0.202222 0.413411 0.204949 0.409797 0.222431 0.407917 0.233352 0.407570 0.234810 0.406404 0.239292 0.404302 0.250829 0.402437 0.261361 0.401596 0.267167 0.399518 0.278338 0.397839 0.286852
8 0.508229 0.253750 0.509922 0.257731 0.508724 0.257685 0.507758 0.255329
8 0.505440 0.250231 0.504349 0.248009 0.502388 0.243102 0.501836 0.240486 0.502573 0.240421 0.504583 0.245278 0.505919 0.248528
8 0.460026 0.305370 0.464010 0.296481 0.467315 0.293037 0.469536 0.292125 0.474036 0.292532 0.473581 0.294861 0.470133 0.295134 0.467430 0.296458 0.464922 0.298912 0.462578 0.304491 0.461276 0.306713
8 0.451703 0.242310 0.458948 0.249764 0.467000 0.257935 0.478490 0.270102 0.486253 0.278269 0.488167 0.279630 0.489612 0.283037 0.489826 0.285153 0.488125 0.289009 0.484891 0.293324 0.483104 0.292944 0.480979 0.290296 0.477063 0.281824 0.474549 0.277139 0.474680 0.276000 0.475831 0.275699 0.477659 0.278421 0.481828 0.286972 0.483570 0.289769 0.485570 0.288181 0.486680 0.285384 0.486380 0.282806 0.475359 0.271157 0.467320 0.262310 0.459831 0.253912 0.453672 0.247731 0.451359 0.244292
5 0.459583 0.199630 0.463818 0.196810 0.466932 0.193870 0.470078 0.192741 0.475797 0.206690 0.476943 0.209185 0.477135 0.214380 0.476911 0.217319 0.475865 0.217995 0.474146 0.220481 0.473607 0.221500 0.472654 0.221838 0.472125 0.220954 0.460195 0.200685
5 0.470898 0.192250 0.473690 0.190528 0.476367 0.189213 0.476651 0.196704 0.477164 0.206731 0.472937 0.197444
8 0.404253 0.182398 0.405711 0.170269 0.406570 0.162954 0.407266 0.157037 0.407664 0.155991 0.408081 0.156269 0.408099 0.158935 0.406753 0.169324 0.406023 0.177241 0.405503 0.181639
8 0.406182 0.192875 0.406094 0.190880 0.407034 0.180801 0.407578 0.167824 0.407682 0.165046 0.408099 0.158935 0.408411 0.157130 0.409219 0.159398 0.409010 0.165417 0.408464 0.176713 0.408438 0.179815 0.408125 0.180046 0.407753 0.188810 0.407630 0.190231 0.407109 0.193333
8 0.373229 0.186319 0.375391 0.185324 0.376094 0.186829 0.375573 0.188171 0.373776 0.188843
7 0.503583 0.279602 0.506247 0.275296 0.507865 0.272269 0.508385 0.272787 0.506086 0.276875 0.503826 0.280389
3 0.508464 0.271481 0.510417 0.268009 0.511622 0.265384 0.511839 0.264102 0.513857 0.260250 0.514596 0.258375 0.515005 0.259694 0.512984 0.263685 0.511182 0.267606 0.510888 0.268389 0.510081 0.270139 0.509193 0.272222
8 0.377156 0.217537 0.375990 0.215509 0.374661 0.215463 0.375258 0.216894 0.377568 0.222134 0.378411 0.223796 0.380409 0.227556 0.381797 0.231463 0.383000 0.234037 0.383229 0.232630 0.383854 0.232500 0.383755 0.230181 0.379023 0.220481
8 0.366867 0.181486 0.369419 0.179773 0.371008 0.178755 0.372023 0.178708 0.372422 0.180370 0.371693 0.181065 0.367909 0.183060
8 0.452953 0.200755 0.455125 0.204157 0.459167 0.211116 0.461294 0.214065 0.461461 0.215273 0.461206 0.216491 0.460297 0.216750 0.453776 0.206343 0.452070 0.203551 0.451721 0.201815 0.452208 0.200759
8 0.352161 0.183843 0.356771 0.185093 0.358503 0.186079 0.358299 0.187551 0.357622 0.187273 0.355443 0.186296 0.352812 0.185185
8 0.375828 0.194861 0.377130 0.193657 0.378823 0.192685 0.379349 0.193046 0.378516 0.195231 0.376479 0.195787
8 0.354661 0.188843 0.357622 0.187273 0.358299 0.187551 0.358128 0.188968 0.357969 0.189907 0.355495 0.190926
8 0.389336 0.267704 0.388594 0.262778 0.387766 0.254940 0.387370 0.250824 0.386924 0.245778 0.386615 0.240824 0.386458 0.238185 0.385385 0.227815 0.384859 0.223796 0.385706 0.222718 0.386474 0.223361 0.388086 0.241079 0.388464 0.244769 0.389456 0.257000 0.390464 0.265736
8 0.526846 0.285514 0.531146 0.292130 0.538122 0.299894 0.546479 0.309292 0.553727 0.317421 0.555018 0.317968 0.555018 0.320685 0.554635 0.323255 0.546479 0.313495 0.533516 0.297634 0.529323 0.292884 0.526880 0.288685 0.526070 0.287458
8 0.522031 0.277833 0.522318 0.280093 0.523734 0.283731 0.525094 0.286759 0.526070 0.287458 0.526846 0.285514 0.526328 0.283505 0.524711 0.281463 0.523096 0.277681
8 0.526539 0.290111 0.526737 0.292389 0.528312 0.295977 0.528513 0.297231 0.532612 0.308236 0.536138 0.318120 0.544307 0.338625 0.552081 0.359639 0.554187 0.364699 0.555328 0.362676 0.548492 0.345565 0.541599 0.327028 0.532810 0.304194 0.532133 0.301699 0.532896 0.301699 0.533406 0.300644 0.533151 0.298977 0.531958 0.298977 0.531023 0.299653 0.529813 0.295042 0.527898 0.290500 0.526880 0.288685
8 0.402437 0.261361 0.409578 0.264514 0.413732 0.266838 0.414555 0.269551 0.415078 0.270542 0.417552 0.271037 0.420690 0.271782 0.421911 0.272213 0.421979 0.273514 0.420656 0.274134 0.415810 0.273514 0.414135 0.273204 0.408177 0.270819 0.402716 0.268000 0.401596 0.267167
8 0.406404 0.239292 0.406826 0.243273 0.409625 0.254227 0.411164 0.258208 0.411539 0.260944 0.412146 0.265926 0.413732 0.266838 0.413219 0.261278 0.414013 0.260532 0.413312 0.258292 0.415086 0.258542 0.412565 0.247921 0.411052 0.241523 0.409112 0.234477 0.407570 0.234810
2 0.411539 0.260944 0.408701 0.259389 0.408039 0.260755 0.407307 0.262551 0.407656 0.263046 0.412047 0.264907
2 0.413219 0.261278 0.415047 0.261125 0.416789 0.261870 0.417974 0.263917 0.422438 0.266704 0.426271 0.269556 0.427945 0.272032 0.427073 0.273028 0.423029 0.270731 0.418323 0.268069 0.416336 0.266829 0.415885 0.268611 0.414573 0.269574 0.413732 0.266838
8 0.423208 0.280486 0.422964 0.287620 0.424602 0.288801 0.424742 0.290227 0.426310 0.290287 0.426310 0.288181 0.427182 0.287620 0.427190 0.282116 0.426938 0.279815 0.425753 0.279065 0.424253 0.279065
8 0.423242 0.276468 0.423487 0.270949 0.425719 0.272250 0.426414 0.276588 0.424672 0.277208
8 0.423799 0.267727 0.424000 0.265861 0.425578 0.268407 0.425474 0.268968
2 0.392682 0.244852 0.394271 0.244713 0.394323 0.245639 0.393490 0.246528 0.391146 0.248463 0.390885 0.247731
2 0.380859 0.248000 0.381716 0.247120 0.384427 0.246194 0.386924 0.245778 0.387370 0.250824 0.384792 0.251389 0.382396 0.251667
1 0.558862 0.445528 0.560807 0.445787 0.562799 0.448194 0.564823 0.450736 0.567263 0.451852 0.570260 0.453338 0.574068 0.455014 0.576578 0.455630 0.576404 0.457181 0.575339 0.457037 0.571104 0.455319 0.565667 0.452593 0.561760 0.448319 0.560854 0.446894 0.558971 0.446894 0.558729 0.446273
1 0.564271 0.377917 0.565721 0.375245 0.566747 0.375000 0.569174 0.377986 0.572021 0.382963 0.573935 0.386032 0.575148 0.386944 0.576456 0.385120 0.576643 0.384292 0.576315 0.382301 0.574589 0.382384 0.574776 0.381306 0.575849 0.380556 0.577250 0.382301 0.577388 0.384704 0.576922 0.386282 0.575708 0.387940 0.573562 0.387611 0.570854 0.382880 0.568708 0.378815 0.567214 0.376991 0.566562 0.376324 0.565534 0.376657 0.564609 0.379167 0.563995 0.379148
8 0.580622 0.430333 0.579622 0.428560 0.579810 0.422005 0.580805 0.420861 0.582792 0.420741 0.584047 0.422417 0.583906 0.423093 0.583453 0.426875 0.582581 0.427245 0.582755 0.429662 0.582966 0.430343
1 0.580365 0.434167 0.580284 0.441245 0.580138 0.447671 0.581802 0.447671 0.581729 0.434176
1 0.576977 0.492046 0.573898 0.501069 0.572982 0.504431 0.571846 0.504333 0.572214 0.501667 0.576438 0.490222
4 0.581898 0.514407 0.577643 0.518787 0.575068 0.523764 0.574844 0.534315 0.577755 0.540287 0.591305 0.557208 0.611716 0.582847 0.616161 0.588181 0.619453 0.587144 0.631268 0.572333 0.649362 0.545500 0.658768 0.531486 0.658680 0.518588 0.650638 0.507759 0.650638 0.520838 0.650349 0.529259 0.640281 0.533894 0.625961 0.536306 0.618995 0.551972 0.611156 0.551454 0.607573 0.547852 0.603219 0.542676 0.600531 0.534731 0.594820 0.526630 0.592648 0.524042 0.587630 0.521157
6 0.436846 0.094065 0.437177 0.086282 0.439310 0.088574 0.438979 0.095894
6 0.438404 0.118269 0.437292 0.119676 0.437344 0.131204 0.437531 0.140519 0.437857 0.154384 0.437607 0.157352 0.437576 0.165495 0.443810 0.162921 0.443570 0.159171 0.441047 0.154787 0.439143 0.150769 0.439563 0.146370 0.440154 0.141657 0.442839 0.137319 0.443542 0.136190 0.443622 0.130866 0.440510 0.123500
1 0.400622 0.137394 0.403591 0.134940 0.405857 0.132949 0.406039 0.134245 0.402969 0.137037 0.400831 0.138690 0.400648 0.138273
1 0.397708 0.130463 0.397044 0.120111 0.396419 0.113861 0.396628 0.113259 0.397513 0.115343 0.398346 0.124417 0.398633 0.131500
6 0.456068 0.157593 0.464003 0.154218 0.471174 0.151111 0.474156 0.149718 0.474518 0.150037 0.475784 0.156361 0.475935 0.160375 0.463461 0.165037 0.459664 0.166218
6 0.408125 0.180046 0.415211 0.175940 0.421227 0.173019 0.432839 0.167546 0.446505 0.161778 0.455260 0.157778 0.455599 0.159074 0.457505 0.162699 0.458807 0.166653 0.452086 0.169644 0.440604 0.174954 0.423896 0.181921 0.412974 0.187231 0.407630 0.190231 0.407753 0.188810
6 0.368359 0.154074 0.373786 0.157815 0.375651 0.158843 0.374620 0.160407 0.374661 0.161713 0.368682 0.157630 0.365687 0.155222
6 0.377302 0.159806 0.382031 0.162315 0.385740 0.164065 0.386677 0.164759 0.385479 0.167074 0.379245 0.163981 0.375323 0.161843
6 0.363672 0.151481 0.362693 0.150778 0.359922 0.148750 0.353760 0.145037 0.351703 0.143231 0.351208 0.144019 0.351260 0.147074 0.356026 0.149806 0.360687 0.152444
1 0.380430 0.181620 0.384323 0.186157 0.388320 0.190694 0.388398 0.192778 0.387839 0.192639 0.384544 0.188611 0.381484 0.185093 0.379753 0.182917
1 0.376966 0.177685 0.379154 0.180139 0.378542 0.181296 0.376445 0.178796
1 0.353177 0.152963 0.347190 0.150745 0.343596 0.149356 0.341669 0.148477 0.341565 0.149912 0.342060 0.150884 0.346305 0.152505 0.350521 0.153889 0.353206 0.154495
1 0.365859 0.161065 0.368021 0.157315 0.368805 0.157926 0.366510 0.162546
8 0.430766 0.205718 0.433073 0.204259 0.436198 0.202639 0.436536 0.203056 0.436510 0.204907 0.429375 0.209861
8 0.410573 0.218574 0.416510 0.214398 0.422135 0.211019 0.426250 0.208574 0.429482 0.206398 0.428115 0.210269 0.426138 0.211620 0.422370 0.213935 0.414870 0.218528 0.410026 0.221167
1 0.357854 0.172949 0.360354 0.169431 0.362724 0.167718 0.360703 0.170787 0.359391 0.172671
1 0.357180 0.175787 0.356172 0.178194 0.355443 0.176713 0.355852 0.176157
1 0.355201 0.176343 0.357622 0.180880 0.358872 0.183236 0.358742 0.184537 0.356927 0.181296 0.354706 0.176435 0.354922 0.176343
1 0.350339 0.172361 0.348404 0.167264 0.349315 0.166481 0.350982 0.171759
1 0.353099 0.177407 0.355591 0.183565 0.355826 0.184815 0.354940 0.184583 0.352292 0.177546
1 0.493385 0.324120 0.492141 0.327250 0.492094 0.328750 0.492919 0.328750 0.493875 0.327505 0.494508 0.326042
1 0.494117 0.321389 0.495964 0.311898 0.497281 0.312722 0.497612 0.314713 0.495182 0.322870
6 0.374974 0.213981 0.370422 0.207764 0.367042 0.203426 0.362021 0.196731 0.360521 0.194440 0.359964 0.190782 0.360904 0.189231 0.363971 0.186259 0.367773 0.190907 0.372479 0.196917 0.378755 0.205903 0.383464 0.212778 0.382518 0.213838 0.380260 0.214954 0.377081 0.214083
1 0.416510 0.281435 0.421539 0.288097 0.422763 0.289440 0.423284 0.290505 0.422503 0.290778 0.417943 0.285185 0.415469 0.281574
1 0.396953 0.206667 0.403646 0.203343 0.403099 0.205880 0.397448 0.208333
1 0.398646 0.223796 0.399299 0.224907 0.399164 0.225745 0.395326 0.225773 0.389258 0.225898 0.389328 0.224532 0.396328 0.223796
1 0.375526 0.235620 0.377245 0.231824 0.377896 0.232333 0.375839 0.236454
1 0.377164 0.230444 0.379742 0.232759 0.382318 0.234259 0.383961 0.235213 0.383805 0.236463 0.379479 0.233796 0.376721 0.231324
1 0.371432 0.226806 0.374661 0.224259 0.377568 0.222134 0.378229 0.223380 0.376615 0.225139 0.372109 0.228380
1 0.386615 0.240824 0.383490 0.234157 0.383229 0.232630 0.383854 0.232500 0.386458 0.238185
1 0.388464 0.244769 0.390078 0.248750 0.391221 0.251657 0.392500 0.251657 0.392523 0.250546 0.390339 0.247213 0.389818 0.245000 0.388177 0.241759
1 0.585443 0.431727 0.578776 0.431991 0.574688 0.431727 0.570937 0.430801 0.570937 0.429690 0.574896 0.430153 0.580622 0.430333 0.582966 0.430343 0.585469 0.430648
10 0.430104 0.157963 0.432370 0.161204 0.436279 0.165931 0.437576 0.165495 0.437581 0.165144 0.437607 0.157352 0.437398 0.156486 0.433596 0.157273
10 0.419245 0.146481 0.413122 0.138880 0.413531 0.138898 0.413073 0.134722 0.409654 0.135796 0.404612 0.130417 0.403198 0.128769 0.402313 0.129630 0.401021 0.129630 0.399891 0.127046 0.398120 0.121824 0.397513 0.115343 0.396628 0.113259 0.395750 0.106130 0.396034 0.105481 0.397339 0.106181 0.399448 0.112935 0.400516 0.111319 0.403638 0.103352 0.405266 0.104361 0.406750 0.108801 0.407951 0.110977 0.408599 0.112639 0.408448 0.114782 0.408448 0.115907 0.409896 0.117731 0.411008 0.117995 0.411971 0.120514 0.417034 0.128389 0.418060 0.129454 0.418505 0.135032
10 0.444945 0.175944 0.445141 0.177116 0.446063 0.179398 0.448602 0.183042 0.449523 0.182444 0.453974 0.186889 0.454466 0.187130 0.455516 0.182829 0.456885 0.184190 0.457128 0.187199 0.457612 0.186843 0.457451 0.182468 0.458419 0.181606 0.458216 0.180458 0.458742 0.179671 0.459065 0.180532 0.460031 0.179815 0.459583 0.177694 0.458464 0.177037 0.454062 0.174630 0.454427 0.173102 0.453135 0.172977 0.451401 0.171926 0.445633 0.173718 0.445026 0.174005
2 0.461414 0.190657 0.460576 0.188551 0.460437 0.187495 0.461641 0.185046 0.462495 0.185204 0.463680 0.187870 0.464445 0.189667 0.466260 0.191463 0.466932 0.193870 0.464133 0.196481 0.464029 0.194750 0.463297 0.194440 0.461901 0.192023
10 0.454089 0.168750 0.459583 0.177694 0.463081 0.183921 0.468393 0.193273 0.470078 0.192741 0.466956 0.185009 0.458958 0.167134 0.458807 0.166653
10 0.462544 0.165319 0.472435 0.181588 0.473323 0.183162 0.474896 0.185926 0.476367 0.189213 0.473690 0.190528 0.470898 0.192250 0.463875 0.176301 0.459664 0.166218
10 0.476367 0.189213 0.479010 0.193889 0.483117 0.201167 0.484424 0.202491 0.484906 0.201685 0.486193 0.200708 0.488474 0.203190 0.490315 0.205657 0.491745 0.207500 0.493724 0.212778 0.493698 0.214167 0.493404 0.214764 0.492630 0.216019 0.488229 0.225231 0.485182 0.226528 0.479323 0.211611 0.477164 0.206731 0.476651 0.196704
2 0.488208 0.276009 0.489349 0.279444 0.492180 0.279472 0.491406 0.276713 0.490651 0.274722 0.489432 0.274889
2 0.505826 0.290171 0.502839 0.288815 0.500805 0.287852 0.499755 0.286611 0.500930 0.282204 0.502487 0.282542 0.504352 0.284551
2 0.389266 0.254657 0.389990 0.254819 0.390229 0.256051 0.392521 0.256106 0.392940 0.254231 0.391221 0.251657 0.390109 0.250907 0.388964 0.251069
10 0.411893 0.153005 0.409112 0.145903 0.408224 0.142894 0.407336 0.143319 0.408281 0.148380 0.409010 0.150648 0.410562 0.152431
10 0.418141 0.119116 0.416589 0.116944 0.414401 0.112917 0.414888 0.111139 0.416102 0.111468 0.418125 0.113690 0.420036 0.114019 0.421583 0.117468 0.420724 0.117824 0.420724 0.117824
10 0.418568 0.100014 0.419378 0.097986 0.422503 0.096810 0.426844 0.096093 0.427982 0.095435 0.433609 0.094653 0.436846 0.094065 0.438979 0.095894 0.438211 0.096292 0.435656 0.098560 0.434083 0.101662 0.435445 0.105519 0.437359 0.111912 0.436898 0.114602 0.436875 0.115880 0.433021 0.117079 0.429961 0.115815 0.426651 0.115528 0.425362 0.115815 0.421583 0.117468 0.419451 0.112829 0.418018 0.105245 0.418091 0.101583
8 0.386047 0.192153 0.386828 0.191458 0.387839 0.192639 0.388398 0.192778 0.388320 0.190694 0.387531 0.189745 0.387810 0.188968 0.389224 0.188356 0.390969 0.190208 0.390479 0.190542 0.390297 0.191190 0.390609 0.192116 0.392818 0.194653 0.396953 0.206667 0.397448 0.208333 0.400815 0.216986 0.399299 0.224907 0.398646 0.223796 0.393724 0.210278 0.388776 0.197454 0.388167 0.195736
2 0.415469 0.281574 0.414745 0.281727 0.414398 0.281356 0.414083 0.279806 0.414607 0.278009 0.415372 0.277574 0.416872 0.277699 0.421927 0.277944 0.423242 0.276468 0.424672 0.277208 0.426414 0.276588 0.428586 0.276458 0.430156 0.277329 0.430956 0.278875 0.430852 0.279991 0.430328 0.279991 0.429911 0.278255 0.429318 0.278134 0.428794 0.278630 0.428508 0.279185 0.427388 0.280593 0.426938 0.279815 0.425753 0.279065 0.424253 0.279065 0.423208 0.280486 0.423182 0.281292
2 0.431068 0.201620 0.429849 0.201949 0.428130 0.202412 0.426776 0.202829 0.426490 0.202227 0.424823 0.202088 0.422896 0.203060 0.421125 0.205282 0.422714 0.206625 0.425781 0.206806 0.426927 0.206574 0.429844 0.205370 0.430547 0.203657
10 0.414057 0.197282 0.413745 0.188764 0.417885 0.187329 0.418510 0.186912 0.419141 0.192685 0.417240 0.196250 0.418203 0.196204 0.418828 0.196343 0.419427 0.195324 0.422896 0.203060 0.421125 0.205282 0.418307 0.207315 0.414349 0.210278 0.413344 0.209912 0.412823 0.209588 0.412495 0.209412 0.413411 0.204949 0.413906 0.202222 0.414060 0.200324 0.414495 0.197500
10 0.427711 0.182505 0.429104 0.182593 0.431448 0.183889 0.432096 0.184444 0.434052 0.187778 0.435091 0.192306 0.435091 0.193417 0.434570 0.196250 0.433417 0.198699 0.430555 0.203519 0.431068 0.201620 0.429849 0.201949 0.428130 0.202412 0.426776 0.202829 0.426490 0.202227 0.424823 0.202088 0.422896 0.203060 0.419427 0.195324 0.419794 0.194866 0.421406 0.192083 0.424690 0.186394 0.427633 0.183523
1 0.408646 0.229167 0.413333 0.229722 0.414792 0.230046 0.419516 0.230843 0.419516 0.230843 0.420479 0.230796 0.420807 0.229583 0.420807 0.229583 0.420036 0.227648 0.419086 0.221199 0.417888 0.219671 0.416664 0.217542 0.421534 0.214810 0.422445 0.217495 0.423461 0.221106 0.421620 0.220426 0.420604 0.220426 0.420865 0.221537 0.421422 0.223866 0.421380 0.227824 0.425091 0.230824 0.426091 0.231755 0.427992 0.231894 0.429815 0.233468 0.431378 0.235181 0.432185 0.236847 0.430966 0.238157 0.429594 0.235815 0.425755 0.235139 0.423427 0.232356 0.421612 0.232718 0.421651 0.237306 0.420961 0.235782 0.420622 0.233236 0.416794 0.232912 0.412214 0.232037 0.412109 0.231528 0.411927 0.230556 0.410260 0.231944 0.408148 0.231662
2 0.359513 0.180662 0.358776 0.179722 0.357891 0.179444 0.357109 0.178241 0.357005 0.177546 0.358776 0.176667 0.359818 0.176019 0.359714 0.175185 0.364870 0.173889 0.365182 0.174722 0.365547 0.177454 0.365339 0.179167 0.364346 0.177708 0.362888 0.178079 0.362315 0.177662 0.361471 0.178037
10 0.705727 0.627759 0.702466 0.619431 0.704138 0.617051 0.707401 0.625380
2 0.485878 0.322449 0.490208 0.322731 0.491185 0.322394 0.492776 0.323069 0.492935 0.323977 0.492331 0.325106 0.490677 0.324708 0.486799 0.324880
2 0.377682 0.197398 0.379349 0.193046 0.381328 0.191194 0.383646 0.190870 0.385521 0.191287 0.388167 0.195736 0.386266 0.195829 0.382987 0.205921 0.380154 0.201088
2 0.393568 0.225870 0.396641 0.231056 0.395924 0.232750 0.395547 0.233843 0.390964 0.225833
2 0.386849 0.213426 0.389505 0.217907 0.392813 0.224204 0.390313 0.224444 0.384115 0.214537
8 0.382987 0.205921 0.386266 0.195829 0.388167 0.195736 0.388167 0.197171 0.384289 0.208375
2 0.375052 0.232130 0.375229 0.230435 0.376219 0.229833 0.376427 0.230620 0.377031 0.230000 0.378172 0.226037 0.378276 0.225065 0.377859 0.223861 0.376948 0.224880 0.377156 0.225528 0.376583 0.226917 0.374604 0.228028 0.373771 0.227472 0.373302 0.228398 0.373302 0.229602 0.373615 0.231361
2 0.382656 0.176898 0.383990 0.175190 0.387878 0.171440 0.391161 0.168065 0.392487 0.166458 0.396372 0.168065 0.398633 0.168653 0.400352 0.168333 0.401073 0.169190 0.401344 0.171116 0.399026 0.179634 0.398536 0.180819 0.400049 0.183458 0.400180 0.184755 0.398669 0.186051 0.396583 0.185264 0.395023 0.186097 0.393044 0.186005 0.390622 0.187903 0.387810 0.188968 0.387313 0.188366 0.387026 0.186745 0.384188 0.181375
2 0.517969 0.305093 0.511615 0.295278 0.515966 0.288014 0.519062 0.283551 0.520734 0.286227 0.521570 0.285338 0.525919 0.290690 0.524917 0.292472 0.528513 0.297231 0.532612 0.308236 0.529935 0.312250 0.527677 0.317009 0.525836 0.316565
2 0.471276 0.319120 0.473979 0.313949 0.474630 0.311380 0.474557 0.308037 0.472391 0.301741 0.470698 0.300519 0.469997 0.298116 0.467755 0.298194 0.467430 0.296458 0.470133 0.295134 0.473214 0.295713 0.475318 0.300778 0.476995 0.303014 0.479938 0.308245 0.485539 0.321764 0.488526 0.328898 0.491510 0.335375 0.491271 0.336708 0.487484 0.340153 0.484701 0.342815 0.483227 0.343986 0.480964 0.343625 0.477096 0.333653 0.473099 0.324477
10 0.469435 0.173347 0.470862 0.176495 0.471508 0.177500 0.471911 0.178000 0.472435 0.181588 0.473323 0.183162 0.474815 0.183449 0.474573 0.181014 0.475984 0.183736 0.475583 0.184815 0.477237 0.188185 0.479938 0.194352 0.481276 0.195787 0.482734 0.192685 0.478768 0.186287 0.472654 0.177657
1 0.390417 0.245917 0.392760 0.242213 0.394557 0.238981 0.395208 0.238926 0.395234 0.240546 0.390885 0.247731 0.390310 0.247167 0.390260 0.246657
1 0.432854 0.222903 0.434859 0.226236 0.434964 0.227764 0.434417 0.227995 0.431813 0.223551 0.432177 0.222579
1 0.450052 0.205139 0.454062 0.208657 0.455820 0.210796 0.455495 0.211481 0.450872 0.207463 0.449818 0.206713
1 0.430911 0.180833 0.433937 0.185588 0.436068 0.188889 0.436125 0.189852 0.435318 0.189852 0.431229 0.182949 0.430266 0.181287
1 0.426698 0.222602 0.426672 0.223574 0.427089 0.223500 0.427299 0.222481 0.427578 0.219120 0.428307 0.214491 0.429258 0.210162 0.430766 0.205718 0.432302 0.202662 0.434622 0.199931 0.436609 0.197843 0.439443 0.196449 0.439232 0.195056 0.437333 0.195699 0.433417 0.198699 0.430555 0.203519 0.428115 0.210269 0.427500 0.213426 0.426589 0.218009 0.426034 0.222162
1 0.422318 0.215185 0.422969 0.218287 0.423828 0.220477 0.424703 0.220051 0.423229 0.214477
1 0.410424 0.223907 0.413411 0.224074 0.417458 0.224315 0.417250 0.225287 0.417021 0.225514 0.410148 0.225889 0.410148 0.224764
1 0.418083 0.224222 0.420036 0.227648 0.420807 0.229583 0.420479 0.230796 0.419516 0.230843 0.418031 0.226769 0.417510 0.225889 0.417250 0.225287 0.417458 0.224315
2 0.430469 0.250333 0.430573 0.248657 0.430599 0.245611 0.429349 0.245370 0.428073 0.245333 0.429305 0.250838
1 0.452242 0.245731 0.449633 0.245602 0.447500 0.246315 0.447500 0.247361 0.453273 0.247162
5 0.596771 0.683676 0.602732 0.683907 0.608951 0.687824 0.612448 0.689435 0.609727 0.694731 0.605841 0.697269 0.601826 0.696574 0.598974 0.694505 0.596771 0.689435
2 0.649219 0.564120 0.650937 0.564537 0.652214 0.565741 0.652760 0.566898 0.656667 0.569954 0.657359 0.567644 0.656927 0.562759 0.657794 0.558259 0.658372 0.554921 0.656854 0.553634 0.654034 0.553764 0.654034 0.552606 0.655193 0.551708 0.655849 0.550176 0.655039 0.547954 0.655039 0.546296 0.654159 0.545731 0.652661 0.545796 0.652625 0.546296 0.650810 0.546375 0.650284 0.551681 0.649719 0.557773 0.649234 0.559995
1 0.591120 0.417560 0.590745 0.411565 0.590245 0.406787 0.591245 0.407009 0.592120 0.412787 0.592555 0.417782 0.591807 0.418449
2 0.511328 0.316435 0.515083 0.316065 0.516513 0.319287 0.519268 0.317241 0.519930 0.316250 0.519372 0.314454 0.517943 0.313028 0.515432 0.311477 0.514177 0.310921 0.513096 0.311602 0.511667 0.311537 0.510935 0.313028
1 0.553750 0.367083 0.557148 0.366750 0.558828 0.367333 0.559529 0.366750 0.559807 0.365009 0.559576 0.363847 0.557893 0.363847 0.557893 0.364759 0.558828 0.365176 0.558828 0.366005 0.557521 0.365255 0.553786 0.365755 0.553042 0.365755 0.552948 0.366917
2 0.493255 0.334676 0.495414 0.338384 0.496620 0.340926 0.497258 0.343019 0.498719 0.342454 0.499068 0.341097 0.496971 0.337931 0.495826 0.335333 0.494745 0.332736 0.494047 0.332227 0.493062 0.333185
10 0.511411 0.270139 0.518302 0.270403 0.521208 0.273644 0.521602 0.277319 0.520419 0.281606 0.516630 0.279505 0.510721 0.273903 0.509193 0.272222 0.510081 0.270139
2 0.505190 0.285083 0.509448 0.287625 0.511323 0.288699 0.512500 0.289153 0.513263 0.289606 0.513359 0.291468 0.512755 0.292769 0.510974 0.292824 0.508336 0.291810 0.506716 0.290736
2 0.506901 0.236204 0.509612 0.231394 0.510404 0.230810 0.511721 0.233389 0.512711 0.232917 0.514357 0.236667 0.514555 0.241824 0.516862 0.248620 0.517456 0.252602 0.519893 0.252838 0.521477 0.257523 0.520487 0.259866 0.519104 0.262444 0.517258 0.266194 0.513305 0.254593 0.510208 0.244722 0.510625 0.242500 0.509036 0.241574
2 0.503516 0.257176 0.501500 0.251935 0.500271 0.248083 0.501836 0.240486 0.502388 0.243102 0.504349 0.248009 0.505440 0.250231 0.504070 0.255074
2 0.505932 0.262176 0.506693 0.264259 0.509505 0.264306 0.511839 0.264102 0.513857 0.260250 0.510737 0.260231 0.510076 0.260755 0.509635 0.259491 0.506521 0.259375
2 0.515005 0.259694 0.512984 0.263685 0.511182 0.267606 0.510888 0.268389 0.513755 0.268588 0.517286 0.268912 0.520891 0.269241 0.520891 0.268847 0.519104 0.262444 0.517258 0.266194
2 0.506990 0.265255 0.510445 0.265185 0.511622 0.265384 0.510417 0.268009 0.507734 0.268056
2 0.508956 0.250940 0.511021 0.255176 0.511911 0.257662 0.511563 0.258116 0.509922 0.257731 0.508229 0.253750
8 0.348750 0.175741 0.351424 0.174815 0.355052 0.173657 0.358169 0.172917 0.363281 0.171713 0.366581 0.171111 0.368247 0.171296 0.368229 0.173611 0.364870 0.173889 0.358307 0.175556 0.354922 0.176343 0.352135 0.176898 0.349211 0.177130
11 0.441510 0.123514 0.439359 0.118606 0.435445 0.105519 0.434083 0.101662 0.435656 0.098560 0.438211 0.096292 0.440253 0.095611 0.441570 0.097574 0.447742 0.116866 0.452039 0.130329 0.456591 0.144699 0.458281 0.149259 0.460885 0.155509 0.459453 0.156065 0.458167 0.156727 0.456068 0.157315 0.451630 0.147352 0.453669 0.142861 0.451333 0.139264 0.451474 0.137157 0.450044 0.134991 0.447849 0.132694 0.446523 0.130838 0.445372 0.132694
8 0.356927 0.153287 0.360687 0.152444 0.363672 0.151481 0.369422 0.149463 0.375885 0.147708 0.379115 0.146782 0.389776 0.142630 0.398740 0.139847 0.407042 0.136907 0.413073 0.134722 0.413531 0.138898 0.404570 0.142468 0.397474 0.144625 0.383148 0.149185 0.370406 0.153171 0.368359 0.154074 0.365677 0.154954 0.360419 0.156403 0.358977 0.156301 0.358286 0.155468
8 0.375885 0.147708 0.383490 0.140116 0.386927 0.136736 0.387760 0.137755 0.387448 0.139074 0.379115 0.146782
8 0.375651 0.158843 0.377786 0.156574 0.380859 0.153657 0.384323 0.151065 0.386771 0.148796 0.387109 0.149722 0.386979 0.150880 0.379323 0.157917 0.377302 0.159806 0.375323 0.161843 0.374661 0.161713 0.374620 0.160407
8 0.373966 0.192213 0.375573 0.188171 0.376094 0.186829 0.377073 0.184977 0.378542 0.181296 0.379154 0.180139 0.382703 0.172875 0.384279 0.169199 0.387323 0.163681 0.391443 0.156708 0.396083 0.149176 0.398706 0.145954 0.399930 0.144306 0.402052 0.144306 0.396964 0.152116 0.388388 0.165380 0.383966 0.174102 0.382641 0.176940 0.380430 0.181620 0.379753 0.182917 0.378125 0.186713 0.377099 0.188912 0.374919 0.193495
8 0.344870 0.166620 0.349826 0.163005 0.354036 0.160185 0.357266 0.158194 0.358471 0.157796 0.360146 0.159593 0.355404 0.162259 0.351302 0.164722 0.349315 0.166481 0.348404 0.167264 0.345362 0.167838
8 0.348167 0.174106 0.350339 0.172361 0.350982 0.171759 0.354781 0.169523 0.359391 0.166792 0.363766 0.163875 0.364703 0.164940 0.364417 0.166468 0.362724 0.167718 0.360354 0.169431 0.355078 0.172407 0.351424 0.174815 0.348750 0.175741
1 0.371104 0.212083 0.374974 0.213981 0.377081 0.214083 0.380260 0.214954 0.382518 0.213838 0.383464 0.212778 0.385703 0.212269 0.392708 0.209028 0.393177 0.208796 0.393724 0.210278 0.392344 0.211019 0.389492 0.212236 0.386849 0.213426 0.384115 0.214537 0.380234 0.216343 0.375599 0.215324 0.375977 0.215435 0.372737 0.215315 0.371773 0.215046 0.370870 0.214514 0.370477 0.213708
8 0.371716 0.189190 0.374919 0.193495 0.380154 0.201088 0.382987 0.205921 0.384289 0.208375 0.385703 0.212269 0.383464 0.212778 0.378755 0.205903 0.372479 0.196917 0.371534 0.195727
8 0.361859 0.182292 0.361781 0.180208 0.362068 0.179236 0.362917 0.179537 0.362888 0.178079 0.364346 0.177708 0.369555 0.185486 0.370729 0.187176 0.370206 0.188505 0.369997 0.193736 0.367773 0.190907 0.363625 0.185514 0.362552 0.183565
8 0.367474 0.218426 0.368669 0.205560 0.370023 0.207227 0.369844 0.212917 0.369427 0.220741
1 0.401260 0.193505 0.402008 0.187190 0.402607 0.183486 0.403255 0.174769 0.404297 0.165741 0.404557 0.163148 0.404193 0.161944 0.403438 0.162685 0.402578 0.173380 0.401875 0.180833 0.401781 0.183968 0.400747 0.191792 0.400417 0.194028 0.399904 0.201861 0.399896 0.204046 0.399818 0.205204 0.400688 0.204861 0.400898 0.200255 0.401260 0.194954
6 0.402607 0.183486 0.407034 0.180801 0.406094 0.190880 0.403180 0.192556 0.401276 0.193380 0.402008 0.187190
6 0.390479 0.190542 0.395818 0.187486 0.398669 0.186051 0.400180 0.184755 0.401781 0.183968 0.400651 0.192407 0.400417 0.194028 0.399453 0.194306 0.394177 0.196468 0.390609 0.192116 0.390297 0.191190
1 0.418203 0.196204 0.417240 0.196250 0.420469 0.190278 0.422711 0.186394 0.424352 0.184079 0.425078 0.183148 0.426617 0.182505 0.427711 0.182505 0.427633 0.183523 0.424690 0.186394 0.421406 0.192083 0.419794 0.194866 0.418828 0.196343
1 0.413333 0.229722 0.417510 0.225889 0.418031 0.226769 0.417813 0.228056 0.414792 0.230046
1 0.407813 0.233843 0.410260 0.231944 0.411927 0.230556 0.412109 0.231528 0.412214 0.232037 0.409112 0.234477 0.407570 0.234810
1 0.420604 0.220426 0.421620 0.220426 0.425526 0.221769 0.426698 0.222602 0.426672 0.223574 0.424401 0.222870 0.422292 0.222130 0.420865 0.221537
6 0.452872 0.271787 0.457943 0.271991 0.459451 0.272352 0.459896 0.274333 0.459323 0.274630 0.452318 0.274583
1 0.454099 0.278801 0.460779 0.277514 0.470052 0.275833 0.472734 0.275463 0.473203 0.276833 0.464271 0.278565 0.454583 0.280278 0.454099 0.280162
6 0.439635 0.223704 0.442414 0.228069 0.446609 0.234523 0.449148 0.238106 0.451448 0.239829 0.456146 0.239676 0.460596 0.239657 0.461161 0.240444 0.461323 0.243241 0.460273 0.243815 0.457047 0.244102 0.458742 0.245968 0.461438 0.246181 0.462331 0.246255 0.464146 0.242597 0.463904 0.239514 0.463333 0.238782 0.459258 0.233981 0.449047 0.222403 0.445268 0.217296 0.443172 0.218519 0.441599 0.219093 0.439865 0.219880
1 0.438052 0.288690 0.433648 0.285750 0.430552 0.282819 0.429234 0.282231 0.428508 0.279185 0.427388 0.280593 0.427190 0.282116 0.429167 0.285139 0.433979 0.287856 0.437734 0.291019
1 0.438906 0.289583 0.444708 0.293611 0.451167 0.297241 0.456768 0.299588 0.455979 0.301343 0.453211 0.300407 0.445435 0.296069 0.442422 0.294537 0.438750 0.292130 0.438844 0.290796
6 0.428307 0.214491 0.431763 0.217917 0.433091 0.219815 0.432805 0.220926 0.431633 0.222917 0.430260 0.222546 0.427578 0.219120
6 0.426138 0.211620 0.427500 0.213426 0.426589 0.218009 0.423951 0.214815
1 0.440026 0.232037 0.442190 0.232009 0.444870 0.231713 0.445523 0.232843 0.442422 0.233472 0.439221 0.233213
1 0.393620 0.197222 0.399896 0.204046 0.399818 0.205204 0.399219 0.205528 0.394896 0.200509
8 0.370208 0.188519 0.371880 0.184630 0.377188 0.172407 0.378542 0.174074 0.374875 0.182176 0.374146 0.183380 0.372734 0.187083 0.371721 0.189171 0.371534 0.195727 0.369997 0.193736
8 0.378125 0.186713 0.380823 0.191690 0.379349 0.193046 0.378958 0.192685 0.377099 0.188912
8 0.377073 0.184977 0.375432 0.182245 0.374875 0.182176 0.374146 0.183380 0.375391 0.185324 0.376094 0.186829
2 0.507271 0.247324 0.506693 0.245926 0.506573 0.242236 0.505427 0.239977 0.504602 0.240542 0.503203 0.237889 0.502573 0.240421 0.504583 0.245278 0.505919 0.248528 0.506180 0.247694
1 0.508497 0.242741 0.507578 0.241574 0.506115 0.237995 0.505005 0.238671 0.504401 0.235417 0.504531 0.233565 0.505576 0.233472 0.506146 0.234546 0.507385 0.238106 0.508849 0.241213 0.509328 0.242514
2 0.508021 0.246750 0.508055 0.245565 0.508497 0.242741 0.509328 0.242514 0.509643 0.242005 0.510568 0.242685 0.509276 0.249569 0.507760 0.247222
2 0.425755 0.235139 0.426516 0.236986 0.431461 0.240745 0.432589 0.241477 0.433193 0.238843 0.432174 0.239134 0.430966 0.238157 0.429594 0.235815
2 0.458927 0.300505 0.459339 0.298074 0.459656 0.296435 0.458451 0.296208 0.459721 0.291745 0.461849 0.286889 0.462740 0.284569 0.464583 0.286264 0.462422 0.292875 0.461883 0.294685 0.462326 0.295815 0.461214 0.297847 0.460451 0.297282 0.459880 0.298977 0.459688 0.300833 0.459148 0.301407
10 0.448289 0.295463 0.447737 0.294287 0.447922 0.292782 0.448914 0.290954 0.450974 0.291213 0.452372 0.293241 0.452482 0.297750 0.451167 0.297241
6 0.497659 0.257861 0.500620 0.258708 0.502615 0.260940 0.501810 0.264537 0.499742 0.261824 0.496820 0.257912
6 0.497469 0.260306 0.498414 0.261389 0.501367 0.265241 0.500445 0.269250 0.499490 0.266250
6 0.479549 0.248199 0.484620 0.250630 0.489643 0.253417 0.494427 0.255699 0.494378 0.256838 0.495411 0.257713 0.496779 0.259509 0.499102 0.266968 0.499714 0.269060 0.490659 0.263491 0.481260 0.257310 0.477159 0.254074 0.476646 0.252352 0.475336 0.249819 0.476703 0.247083
10 0.478885 0.213852 0.478313 0.214866 0.477646 0.217014 0.477266 0.218708 0.480031 0.223796 0.482411 0.227903 0.484393 0.226792 0.483497 0.224532
8 0.373021 0.181806 0.374115 0.179537 0.373646 0.178241 0.369792 0.170787 0.368008 0.168611 0.365938 0.166343 0.367083 0.169306 0.368247 0.171296 0.368906 0.173241 0.370833 0.177130 0.372023 0.178708
8 0.364323 0.162778 0.362122 0.157421 0.361797 0.156528 0.363724 0.156250 0.365859 0.161065 0.366510 0.162546 0.368299 0.167227
1 0.358977 0.156301 0.365034 0.163745 0.370398 0.169370 0.375677 0.175833 0.375078 0.177176 0.368008 0.168611 0.364703 0.164940 0.363766 0.163875 0.360146 0.159593 0.358469 0.157782 0.357844 0.157088 0.357375 0.155560 0.358286 0.155468
8 0.375937 0.175278 0.374477 0.169546 0.374109 0.168481 0.374714 0.167130 0.375490 0.166819 0.377188 0.172500
6 0.375977 0.215435 0.377156 0.217537 0.379023 0.220481 0.381953 0.225000 0.384714 0.229537 0.385729 0.231250 0.385385 0.227815 0.384859 0.223796 0.385706 0.222718 0.386474 0.223361 0.387422 0.233750 0.392422 0.242639 0.392760 0.242213 0.394557 0.238981 0.395208 0.238926 0.395786 0.237917 0.395182 0.234838 0.395547 0.233843 0.390964 0.225833 0.389258 0.225898 0.389328 0.224532 0.390313 0.224444 0.384115 0.214537 0.380234 0.216343 0.375599 0.215324
8 0.377734 0.175880 0.379154 0.180139 0.376966 0.177685 0.376966 0.177685
8 0.379753 0.182917 0.380599 0.183981 0.382812 0.190972 0.381302 0.191111 0.378880 0.184954
6 0.405266 0.104361 0.406076 0.099218 0.408260 0.098986 0.409094 0.100097 0.409461 0.102139 0.409461 0.105236 0.407951 0.110977 0.406750 0.108801
1 0.499349 0.299444 0.500159 0.297898 0.501763 0.297713 0.502617 0.296699 0.503396 0.295583 0.506068 0.292731 0.506365 0.292505 0.506799 0.293995 0.504036 0.296667 0.502146 0.299014 0.500474 0.299259
1 0.499891 0.271866 0.496250 0.270972 0.496146 0.272361 0.499479 0.273426
1 0.409536 0.259148 0.409557 0.259861 0.408701 0.259389
1 0.408599 0.258315 0.408568 0.255370 0.408203 0.252870 0.407786 0.251528 0.407839 0.250556 0.408620 0.250602 0.409505 0.254722 0.409505 0.257870
1 0.403286 0.259241 0.405682 0.259287 0.408599 0.258315 0.410396 0.257389 0.410839 0.257389 0.411164 0.258208 0.411255 0.258778 0.409536 0.259148 0.408701 0.259389 0.406984 0.260398 0.405292 0.260769 0.403698 0.260880 0.403000 0.260213
8 0.447031 0.288843 0.447919 0.286519 0.448852 0.281042 0.450393 0.271750 0.451839 0.263532 0.452885 0.259144 0.453352 0.257403 0.454471 0.257486 0.454659 0.260556 0.453117 0.270264 0.451484 0.278727 0.449990 0.285861 0.449198 0.290176 0.448914 0.290954 0.446953 0.290185
2 0.449807 0.250903 0.450888 0.248981 0.453641 0.249176 0.454505 0.249750 0.454234 0.251958 0.455586 0.253972 0.456125 0.257620 0.454659 0.260556 0.454471 0.257486 0.453352 0.257403 0.452885 0.259144 0.452398 0.260884 0.451156 0.258968 0.450888 0.253972
1 0.414479 0.256019 0.417672 0.254847 0.418333 0.256028 0.414708 0.257144
1 0.436276 0.248981 0.438047 0.248611 0.437917 0.250278 0.436357 0.250449 0.436253 0.249764
1 0.433646 0.249583 0.434896 0.249213 0.435242 0.250074 0.434927 0.250819 0.433698 0.251204 0.433464 0.250944
1 0.426484 0.251667 0.429305 0.250838 0.432023 0.249782 0.432409 0.250528 0.432164 0.251769 0.426549 0.253380
8 0.421380 0.227824 0.421422 0.223866 0.421865 0.222287 0.424164 0.223079 0.425979 0.223866 0.425091 0.226662 0.425091 0.230824
8 0.422737 0.250523 0.422378 0.243972 0.421651 0.237306 0.421612 0.232718 0.423427 0.232356 0.425766 0.235370 0.426211 0.243116 0.426451 0.251935 0.426654 0.257310 0.425763 0.256042
8 0.411078 0.238185 0.412331 0.236394 0.413339 0.235319 0.418219 0.243421 0.422737 0.250523 0.425763 0.256042 0.431563 0.264352 0.435617 0.270667 0.435253 0.274250 0.434648 0.276042 0.433802 0.278481 0.431583 0.277907 0.424000 0.265861 0.414721 0.249727 0.412370 0.246069 0.411052 0.241523 0.411052 0.239870
6 0.442604 0.213889 0.449047 0.222403 0.459258 0.233981 0.463333 0.238782 0.466346 0.242023 0.469992 0.246306 0.472654 0.246380 0.473904 0.248273 0.471872 0.248273 0.473799 0.251056 0.475997 0.253222 0.477078 0.254028 0.476625 0.252171 0.475299 0.249815 0.476763 0.247088 0.477461 0.245352 0.468505 0.229593 0.461568 0.222093 0.452547 0.212444 0.449805 0.208000 0.449846 0.210435 0.448797 0.212370 0.446336 0.212227 0.444763 0.212157 0.443310 0.212014
1 0.477862 0.269384 0.480695 0.268204 0.483906 0.266806 0.485997 0.265958 0.488859 0.265528 0.490427 0.265208 0.490487 0.265634 0.490096 0.266384 0.488891 0.266597 0.484401 0.268204 0.481927 0.269352 0.478490 0.270102
1 0.483333 0.269028 0.486576 0.277153 0.487826 0.276366 0.488083 0.275319 0.486060 0.271333 0.484112 0.268588
6 0.491862 0.244032 0.493846 0.234815 0.497659 0.218819 0.502997 0.219634 0.505055 0.226273 0.501836 0.240486 0.500271 0.248083 0.497659 0.257861 0.496820 0.257912
6 0.491484 0.245417 0.490177 0.249213 0.489643 0.253417 0.494427 0.255699 0.495914 0.256736
1 0.438516 0.279074 0.438052 0.288690 0.437393 0.293259 0.436273 0.301694 0.437458 0.304389 0.439964 0.307083 0.444708 0.306264 0.451234 0.304856 0.456307 0.302866 0.455979 0.301343 0.454661 0.301343 0.450443 0.303102 0.443654 0.304625 0.440096 0.304977 0.437591 0.302046 0.438844 0.290796 0.439633 0.278963
6 0.479219 0.286389 0.477352 0.290306 0.477646 0.291611 0.478529 0.291940 0.480000 0.288213
1 0.465768 0.285472 0.469229 0.284157 0.472003 0.283032 0.474503 0.282204 0.474641 0.283472 0.469339 0.285523 0.465576 0.287185 0.465357 0.286111
1 0.488641 0.280824 0.490167 0.280824 0.493375 0.281333 0.494844 0.281389 0.497349 0.281727 0.497031 0.282917 0.493820 0.282690 0.490833 0.282347 0.489180 0.281954
1 0.459479 0.248301 0.464339 0.249995 0.464529 0.250787 0.464117 0.251352 0.459258 0.249319
1 0.455076 0.245731 0.461438 0.246181 0.467099 0.246255 0.472654 0.246380 0.473904 0.248273 0.467760 0.248009 0.460003 0.247750 0.456583 0.247426
1 0.464414 0.435074 0.465560 0.428454 0.466784 0.424009 0.467878 0.421694 0.469336 0.421324 0.470638 0.421278 0.472201 0.422111 0.474935 0.426139 0.471029 0.423639 0.469336 0.423176 0.468138 0.424056 0.467409 0.426833 0.466393 0.431694 0.466003 0.434704
8 0.466336 0.159699 0.458182 0.154796 0.451971 0.151917 0.447706 0.149523 0.446518 0.147222 0.447057 0.145194 0.448083 0.143764 0.448893 0.143273 0.452727 0.145292 0.465417 0.152685
1 0.434018 0.099019 0.425279 0.072074 0.413240 0.033847 0.402667 0.000000 0.403693 0.000000 0.419404 0.049602 0.435052 0.099343
8 0.427836 0.076398 0.433122 0.043806 0.434659 0.044819 0.429086 0.080236
8 0.427328 0.078412 0.424904 0.095736 0.426831 0.095181 0.428549 0.082171
17 0.431839 0.092361 0.430354 0.094630 0.429469 0.097361 0.429000 0.100231 0.428922 0.104074 0.429052 0.107505 0.429755 0.112454 0.430250 0.115278 0.430641 0.116995 0.431526 0.118981 0.431969 0.119444 0.433294 0.098875 0.434018 0.099019
14 0.364581 0.220421 0.361456 0.207134 0.360492 0.196394 0.361534 0.191579 0.363951 0.186824 0.364190 0.181681 0.365776 0.181194 0.372026 0.178898 0.373411 0.182454 0.375674 0.183477 0.377185 0.184634 0.378591 0.186856 0.377081 0.187134 0.377315 0.189634 0.379503 0.189403 0.385961 0.217690 0.387083 0.220556 0.381953 0.222222 0.373229 0.221991 0.373411 0.226528 0.371406 0.223843 0.369635 0.221713 0.367266 0.219074 0.366562 0.220370 0.365521 0.223565
5 0.419615 0.177269 0.418573 0.177269 0.418260 0.176296 0.414354 0.176713 0.413052 0.177222 0.410786 0.176528 0.408391 0.174444 0.407271 0.172361 0.406620 0.169630 0.406620 0.165417 0.408182 0.160833 0.409146 0.158519 0.412349 0.154491 0.415057 0.151898 0.417036 0.151296 0.419354 0.151019 0.421906 0.151065 0.423599 0.151713 0.429849 0.162083 0.426932 0.166019 0.423807 0.169861 0.421854 0.173333 0.420396 0.176898
4 0.424904 0.095736 0.419867 0.099921 0.416320 0.105148 0.414081 0.111125 0.413380 0.114856 0.412961 0.117514 0.413055 0.120167 0.413521 0.124231 0.414828 0.127301 0.416648 0.129625 0.418888 0.131037 0.421081 0.131866 0.423555 0.132528 0.426495 0.138421 0.431349 0.148375 0.436622 0.160991 0.438776 0.166759 0.439505 0.163333 0.442266 0.150926 0.431693 0.140046 0.431404 0.137468 0.431888 0.120764 0.431969 0.119444 0.431526 0.118981 0.430641 0.116995 0.430250 0.115278 0.429755 0.112454 0.429052 0.107505 0.428922 0.104074 0.429000 0.100231 0.429469 0.097361 0.430354 0.094630 0.426831 0.095181
6 0.396745 0.147185 0.412552 0.133852 0.416797 0.140426 0.418880 0.144176 0.400729 0.160926 0.402130 0.154806 0.401094 0.154259 0.399813 0.160361 0.397677 0.154111
6 0.397188 0.150009 0.395521 0.148157 0.395651 0.142509 0.405911 0.131815 0.410807 0.135333 0.396745 0.147185
1 0.395560 0.128505 0.400326 0.126884 0.403216 0.127208 0.407409 0.130773 0.411654 0.134616 0.410807 0.135333 0.406966 0.131884 0.403294 0.128366 0.401133 0.128042 0.399414 0.128366 0.397643 0.129153 0.395560 0.129755
5 0.412552 0.133852 0.402266 0.116310 0.402615 0.113148 0.404461 0.109366 0.405646 0.108125 0.407633 0.107880 0.409307 0.107940 0.410875 0.107880 0.412201 0.106949 0.413073 0.105523 0.414083 0.102361 0.415060 0.099574 0.415758 0.097963 0.416490 0.096412 0.417221 0.095731 0.418685 0.095792 0.419802 0.096292 0.420497 0.096722 0.421510 0.098583 0.419867 0.099921 0.416320 0.105148 0.414081 0.111125 0.413380 0.114856 0.412961 0.117514 0.413055 0.120167 0.413521 0.124231 0.414828 0.127301 0.416648 0.129625 0.418888 0.131037 0.421081 0.131866 0.423555 0.132528 0.426495 0.138421 0.431349 0.148375 0.436622 0.160991 0.437266 0.162546 0.438802 0.166806 0.436849 0.173241 0.429849 0.162083 0.423599 0.151713 0.418880 0.144176 0.416797 0.140426
2 0.414401 0.101620 0.412076 0.079741 0.414831 0.080051 0.417305 0.080361 0.420128 0.080361 0.421836 0.079926 0.423615 0.079185 0.424732 0.078625 0.425951 0.078565 0.427172 0.079431 0.424904 0.095736 0.421510 0.098583 0.420497 0.096722 0.419802 0.096292 0.418685 0.095792 0.417221 0.095731 0.416490 0.096412 0.415758 0.097963 0.415060 0.099574
14 0.417305 0.080361 0.390062 0.070708 0.386229 0.069491 0.385099 0.068560 0.384172 0.066625 0.383768 0.064329 0.383365 0.054000 0.384576 0.043819 0.386510 0.037653 0.388167 0.034282 0.389094 0.034208 0.416443 0.044106 0.425279 0.072074 0.427328 0.078412 0.427172 0.079431 0.425951 0.078565 0.424732 0.078625 0.423615 0.079185 0.421836 0.079926 0.420128 0.080361
14 0.417651 0.044102 0.432294 0.048926 0.427836 0.076398
14 0.433349 0.053477 0.433651 0.058032 0.433651 0.063495 0.433620 0.067889 0.433018 0.070565 0.429794 0.075764
10 0.420271 0.044907 0.421115 0.030389 0.423164 0.032000 0.422591 0.045713
2 0.377672 0.126222 0.373471 0.117843 0.371513 0.115935 0.369552 0.112866 0.366984 0.106894 0.366237 0.103986 0.364885 0.100833 0.363766 0.098593 0.362643 0.094694 0.361852 0.092204 0.359703 0.086148 0.358398 0.081338 0.360172 0.079759 0.363344 0.077685 0.371745 0.055616 0.383740 0.063912 0.384172 0.066625 0.385099 0.068560 0.386229 0.069491 0.390062 0.070708 0.417305 0.080361 0.414831 0.080051 0.412076 0.079741 0.414401 0.101620 0.414083 0.102361 0.413073 0.105523 0.412201 0.106949 0.410875 0.107880 0.409307 0.107940 0.407633 0.107880 0.405646 0.108125 0.402615 0.113148 0.401443 0.113046 0.398922 0.110972 0.397521 0.109810 0.395187 0.110560 0.392995 0.112801 0.390242 0.115287 0.388469 0.118773 0.388094 0.120269
1 0.390242 0.115287 0.398177 0.113769 0.401443 0.113046 0.402615 0.113148 0.402529 0.114509 0.396018 0.115713 0.389378 0.117009
10 0.388094 0.120269 0.387526 0.124537 0.387526 0.128009 0.387526 0.129491 0.395560 0.129755 0.395560 0.128505 0.402109 0.122037 0.404479 0.119954 0.402266 0.116310 0.402529 0.114509 0.396018 0.115713 0.389378 0.117009 0.388469 0.118773
10 0.390242 0.115287 0.392995 0.112801 0.395187 0.110560 0.397521 0.109810 0.398922 0.110972 0.401443 0.113046 0.398177 0.113769
2 0.397487 0.127801 0.404727 0.121736 0.412552 0.133852 0.404479 0.119954 0.402109 0.122037 0.395560 0.128505
2 0.391003 0.131505 0.382070 0.142847 0.381341 0.143958 0.381289 0.145579 0.382253 0.146597 0.383112 0.146690 0.390716 0.136412 0.395091 0.131644
1 0.378060 0.128218 0.380742 0.129051 0.387526 0.129491 0.395560 0.129755 0.404380 0.129505 0.406966 0.131884 0.405911 0.131815 0.395091 0.131644 0.391003 0.131505 0.386711 0.131870 0.382987 0.131731 0.381138 0.131407 0.379706 0.130898 0.378664 0.130574 0.377883 0.129972
1 0.349206 0.206255 0.360534 0.196903 0.360716 0.198755 0.350586 0.207690
2 0.356833 0.212412 0.361391 0.206069 0.361456 0.207134 0.361651 0.207921 0.362305 0.210745 0.358945 0.214912 0.357404 0.212912
2 0.380781 0.194907 0.387880 0.189074 0.389703 0.191481 0.381667 0.199074
1 0.388633 0.197972 0.385195 0.203944 0.385560 0.205148 0.385951 0.205565 0.389414 0.199824
10 0.389424 0.160597 0.387003 0.158231 0.385995 0.156083 0.385229 0.155579 0.384706 0.154648 0.384706 0.152426 0.385229 0.150991 0.386318 0.150704 0.387406 0.148769 0.388617 0.146972 0.391359 0.146185 0.392852 0.146185 0.395521 0.148157 0.397188 0.150009 0.397682 0.154130 0.397208 0.157657 0.395878 0.159167 0.394266 0.160384 0.392490 0.161102 0.391602 0.161245 0.390956 0.163398 0.390232 0.163468 0.389667 0.162537
2 0.335430 0.178296 0.348336 0.175606 0.348227 0.207190
2 0.348331 0.194315 0.363956 0.186856 0.361534 0.191579 0.360492 0.196394 0.360534 0.196903 0.349206 0.206255 0.350586 0.207690 0.360716 0.198755 0.361391 0.206069 0.356833 0.212412 0.355172 0.210991 0.351896 0.209750 0.349385 0.209750 0.348227 0.207190
2 0.362305 0.210745 0.364581 0.220421 0.363714 0.219917 0.360297 0.216444 0.358945 0.214912
2 0.348237 0.187106 0.351128 0.185486 0.352977 0.188819 0.348263 0.193218
2 0.335971 0.172569 0.364148 0.167014 0.364669 0.168125 0.367612 0.164931 0.373393 0.163773 0.377065 0.170440 0.377651 0.171241 0.378250 0.170639 0.379057 0.166750 0.379734 0.162306 0.378536 0.159991 0.383198 0.152722 0.384706 0.154648 0.385229 0.155579 0.385995 0.156083 0.387003 0.158231 0.389424 0.160597 0.389667 0.162537 0.388536 0.165361 0.386766 0.168046 0.386560 0.170824 0.386089 0.172676 0.382182 0.176426 0.377104 0.177815 0.376740 0.173370 0.373302 0.173556 0.373484 0.178278 0.365776 0.181194 0.359422 0.183185 0.351128 0.185486 0.348237 0.187106 0.348336 0.175606 0.335430 0.178296
2 0.364148 0.167014 0.363281 0.163472 0.364766 0.161111 0.370130 0.156574 0.372083 0.160880 0.367612 0.164931 0.364669 0.168125
2 0.370130 0.156574 0.369948 0.155556 0.370000 0.153843 0.369427 0.152083 0.367891 0.147546 0.367240 0.145278 0.367604 0.141898 0.370078 0.138056 0.372604 0.134167 0.373698 0.133148 0.378021 0.135417 0.375599 0.137407 0.371250 0.142824 0.370755 0.144259 0.373620 0.150926 0.374479 0.153843 0.378536 0.159991 0.379734 0.162306 0.379057 0.166750 0.378250 0.170639 0.377651 0.171241 0.377065 0.170440 0.373393 0.163773 0.372083 0.160880
14 0.320477 0.140227 0.350953 0.133426 0.353615 0.136079 0.355526 0.139398 0.356786 0.141060 0.358141 0.142384 0.358141 0.144463 0.358047 0.145620 0.358375 0.147861 0.359026 0.146699 0.360240 0.145208 0.361453 0.144542 0.363508 0.145042 0.365841 0.148278 0.365982 0.158153 0.357161 0.161222 0.355620 0.168523 0.335971 0.172569 0.335784 0.169435 0.332471 0.169931
2 0.332471 0.169931 0.335430 0.178296 0.335971 0.172569 0.335784 0.169435
1 0.319875 0.138949 0.322526 0.126843 0.325057 0.119556 0.326323 0.116824 0.327167 0.115273 0.332404 0.108630 0.339305 0.100597 0.343281 0.096894 0.348711 0.092940 0.353591 0.090102 0.354164 0.089833 0.353893 0.091440 0.348919 0.094278 0.343589 0.098296 0.339792 0.101616 0.332953 0.109921 0.327620 0.116454 0.325958 0.119565 0.325268 0.122134 0.323250 0.127597 0.320477 0.140227
1 0.355846 0.089037 0.359854 0.086463 0.360245 0.087481 0.356448 0.090213
2 0.354164 0.089833 0.354375 0.089259 0.355026 0.088981 0.355846 0.089037 0.356448 0.090213 0.357214 0.091898 0.357187 0.093194 0.356979 0.095000 0.357604 0.095926 0.358438 0.096157 0.358411 0.098380 0.358255 0.100278 0.353464 0.107870 0.340625 0.125509 0.336797 0.131389 0.334297 0.134722 0.332135 0.135833 0.331224 0.134352 0.328281 0.136528 0.324010 0.139398 0.320477 0.140227 0.322318 0.131713 0.324375 0.130278 0.330339 0.123935 0.336797 0.118194 0.340417 0.115417 0.341536 0.114907 0.344818 0.110648 0.346771 0.108333 0.349531 0.102593 0.352865 0.096574 0.353893 0.091440
2 0.317448 0.133750 0.321388 0.131954 0.319875 0.138949
2 0.373698 0.133148 0.365451 0.128454 0.359557 0.124611 0.353492 0.121079 0.350216 0.119468 0.349763 0.118417 0.350112 0.116370 0.351193 0.113954 0.352586 0.112778 0.355620 0.114014 0.363602 0.119347 0.373818 0.127032 0.377883 0.129972 0.378664 0.130574 0.386961 0.136574 0.384695 0.139611 0.377896 0.135458
6 0.353760 0.107273 0.354255 0.108477 0.370349 0.114264 0.369552 0.112866 0.366984 0.106894 0.366651 0.105560 0.357198 0.101856
14 0.346044 0.134597 0.346135 0.129991 0.346888 0.124796 0.347672 0.122227 0.348755 0.119866 0.349763 0.118417 0.350216 0.119468 0.353492 0.121079 0.359557 0.124611 0.365451 0.128454 0.373698 0.133148 0.372604 0.134167 0.370078 0.138056 0.367604 0.141898 0.367240 0.145278 0.367891 0.147546 0.369427 0.152083 0.370000 0.153843 0.369948 0.155556 0.370130 0.156574 0.365948 0.154056 0.365841 0.148278 0.363508 0.145042 0.361453 0.144542 0.360240 0.145208 0.359026 0.146699 0.358375 0.147861 0.358047 0.145620 0.358141 0.144463 0.358141 0.142384 0.356786 0.141060 0.355526 0.139398 0.353615 0.136079 0.350953 0.133426
14 0.385716 0.143083 0.387406 0.148769 0.386318 0.150704 0.385229 0.150991 0.384706 0.152426 0.384706 0.154648 0.383198 0.152722 0.378536 0.159991 0.374479 0.153843 0.373620 0.150926 0.370755 0.144259 0.371250 0.142824 0.375599 0.137407 0.378021 0.135417 0.384695 0.139611 0.382070 0.142847 0.381341 0.143958 0.381289 0.145579 0.382253 0.146597 0.383112 0.146690
10 0.385716 0.143083 0.390716 0.136412 0.395091 0.131644 0.405911 0.131815 0.395651 0.142509 0.395521 0.148157 0.392852 0.146185 0.391359 0.146185 0.388617 0.146972 0.387406 0.148769
10 0.411654 0.134616 0.407409 0.130773 0.403216 0.127208 0.400326 0.126884 0.397487 0.127801 0.404727 0.121736 0.412552 0.133852
10 0.395560 0.129755 0.397643 0.129153 0.399414 0.128366 0.401133 0.128042 0.403294 0.128366 0.404380 0.129505
10 0.387638 0.131750 0.387690 0.135731 0.391003 0.131505
2 0.373464 0.182454 0.373484 0.178278 0.373302 0.173556 0.376740 0.173370 0.377104 0.177815 0.377224 0.181583 0.375073 0.183269
2 0.428549 0.082171 0.431839 0.092361 0.430354 0.094630 0.426831 0.095181
1 0.378591 0.186856 0.389914 0.184356 0.400852 0.182616 0.413055 0.180449 0.421875 0.179889 0.419922 0.182370 0.409604 0.183731 0.399919 0.185481 0.379503 0.189403 0.377315 0.189634 0.377081 0.187134
1 0.396341 0.168292 0.389477 0.176037 0.381013 0.186315 0.383802 0.185713 0.393922 0.173269 0.397943 0.168981 0.398802 0.165787 0.396333 0.168287
1 0.405784 0.158032 0.416484 0.146435 0.418880 0.144176 0.419583 0.145185 0.405208 0.160833
1 0.375049 0.183236 0.382891 0.177130 0.392318 0.168519 0.399479 0.161759 0.398906 0.164074 0.383406 0.178394 0.376378 0.183995
2 0.395495 0.186296 0.384909 0.188343 0.387880 0.189074 0.389703 0.191481 0.385872 0.195056 0.386654 0.201259 0.388633 0.197972 0.389414 0.199824 0.386940 0.203806 0.387122 0.209639 0.387456 0.210843 0.390755 0.210880 0.392995 0.211481 0.395417 0.209444 0.396432 0.208333 0.398307 0.205324 0.407268 0.190551 0.409112 0.192162 0.409742 0.193218 0.413086 0.190301 0.409635 0.183796 0.399919 0.185481
