0 0.529635 0.437546 0.530036 0.441444 0.530068 0.446639 0.528591 0.452264 0.524284 0.460352 0.521781 0.466370 0.520247 0.466370 0.519609 0.468593 0.515753 0.464523 0.511776 0.461523 0.507227 0.459056 0.506536 0.458639 0.505753 0.456069 0.506505 0.450606 0.508734 0.437856 0.508615 0.434106 0.507680 0.430250 0.501594 0.407431 0.497828 0.403843 0.494695 0.407593 0.492133 0.409037 0.487703 0.410324 0.486648 0.410324 0.487734 0.416106 0.486529 0.434750 0.486409 0.447282 0.489391 0.453069 0.495026 0.460995 0.495779 0.462657 0.495870 0.464745 0.495768 0.469287 0.494612 0.470968 0.494544 0.473921 0.494844 0.475352 0.492826 0.480870 0.489844 0.486278 0.486016 0.488690 0.479357 0.488315 0.460224 0.459389 0.461219 0.457838 0.462091 0.455264 0.462091 0.453495 0.469323 0.445139 0.470469 0.421519 0.473211 0.407375 0.470831 0.404537 0.469023 0.402074 0.468299 0.401431 0.462154 0.406736 0.457453 0.414662 0.455010 0.420449 0.453776 0.424681 0.453052 0.427037 0.452841 0.429981 0.452901 0.448194 0.435578 0.421463 0.436661 0.409949 0.439523 0.401000 0.445641 0.384773 0.448081 0.382255 0.451216 0.381667 0.461398 0.376255 0.465016 0.374111 0.465526 0.371111 0.466521 0.366667 0.455794 0.357880 0.452964 0.344972 0.460284 0.336079 0.468901 0.334847 0.469294 0.323222 0.493279 0.320546 0.498701 0.322634 0.501714 0.335222 0.501896 0.342185 0.501836 0.348079 0.507018 0.351079 0.513073 0.348292 0.517773 0.348884 0.520276 0.350759 0.524010 0.367093 0.523799 0.372236 0.524458 0.377616 0.525089 0.381583 0.525695 0.389037 0.524435 0.398412 0.521169 0.407870 0.524388 0.417412 0.528169 0.418407 0.529104 0.418824 0.529687 0.426069 0.529526 0.429653 0.529284 0.432667 0.529323 0.435676
14 0.573208 0.596231 0.573646 0.593981 0.574427 0.593148 0.576693 0.593009 0.584063 0.593843 0.585130 0.590139 0.586693 0.588380 0.590521 0.585648 0.595677 0.585602 0.619349 0.589815 0.629219 0.591852 0.630781 0.592546 0.632891 0.593889 0.634609 0.594213 0.635625 0.594306 0.637708 0.596528 0.639167 0.601157 0.640313 0.606991 0.640651 0.615046 0.640156 0.620833 0.638802 0.626389 0.637005 0.630648 0.634792 0.633935 0.632422 0.635602 0.602266 0.632731 0.591628 0.630491 0.589641 0.629931 0.587630 0.629583 0.584609 0.626713 0.583203 0.622917 0.582422 0.618704 0.582266 0.614074 0.579036 0.613611 0.578385 0.612315 0.573854 0.612315 0.572318 0.611343 0.571510 0.609537 0.571594 0.604880 0.571378 0.601616
8 0.541932 0.570681 0.549857 0.586051 0.547771 0.578227 0.544690 0.566694 0.539253 0.556699 0.538016 0.556375 0.537685 0.556968 0.538919 0.558574 0.540370 0.562481 0.541573 0.566338
8 0.558255 0.592690 0.566010 0.611005 0.570654 0.621375 0.579185 0.638560 0.578250 0.639213 0.574380 0.641343 0.561581 0.614653 0.559424 0.609477 0.555688 0.598815 0.552563 0.589588 0.548763 0.574963 0.547326 0.570014 0.553320 0.583741 0.552964 0.585106
8 0.575409 0.707148 0.580956 0.696546 0.583247 0.691870 0.583742 0.691824 0.584367 0.692750 0.585266 0.693653 0.585305 0.694833 0.584680 0.696870 0.578203 0.708852 0.575906 0.707273
8 0.529505 0.477824 0.531760 0.477699 0.534036 0.478481 0.542102 0.483991 0.542055 0.486162 0.536047 0.481560 0.533508 0.480778 0.530674 0.479477
8 0.609760 0.565583 0.610607 0.565282 0.612417 0.566991 0.612417 0.568093 0.612021 0.569500 0.611909 0.570806 0.611737 0.575426 0.609534 0.573116
8 0.627841 0.577949 0.631854 0.577449 0.632815 0.580861 0.627729 0.581667
2 0.412331 0.353620 0.411523 0.350394 0.425964 0.342505 0.442664 0.333898 0.451232 0.329495 0.451977 0.330079 0.452674 0.333310 0.445339 0.337125 0.441508 0.339051 0.426542 0.346333 0.415667 0.351977
10 0.627029 0.671421 0.637794 0.685579 0.634763 0.690000 0.624549 0.677171
2 0.411833 0.384921 0.414779 0.367639 0.430792 0.360681 0.444669 0.354083 0.446443 0.362690 0.423411 0.373657 0.417320 0.376676 0.416552 0.387361 0.413362 0.387458
1 0.340776 0.135931 0.348984 0.170204 0.351398 0.181301 0.351224 0.182412 0.351646 0.183162 0.353120 0.188903 0.352320 0.190583 0.346984 0.168889 0.340922 0.142977 0.340224 0.139764 0.339732 0.137468 0.339560 0.135856
14 0.371719 0.201991 0.379995 0.194310 0.383328 0.194912 0.384469 0.195227 0.379427 0.200046 0.373763 0.204764
14 0.402909 0.184181 0.411953 0.181944 0.413307 0.182824 0.414323 0.184676 0.415339 0.190463 0.416016 0.197361 0.416432 0.201852 0.416146 0.205648 0.411484 0.205093 0.407057 0.205231 0.403229 0.206250 0.400755 0.206898 0.399063 0.206898 0.397943 0.207731 0.396302 0.211620 0.394141 0.221620 0.392419 0.221606 0.394008 0.217116 0.394555 0.212810 0.394424 0.208875 0.393747 0.205125 0.391690 0.199384 0.389477 0.196144 0.388687 0.189648
14 0.402961 0.173116 0.402909 0.184181 0.388687 0.189648 0.388245 0.186440 0.395622 0.179759
2 0.320068 0.241356 0.328422 0.213148 0.330898 0.211819 0.333695 0.210991 0.336357 0.211569 0.336625 0.211903 0.339438 0.215606 0.340786 0.217213 0.338828 0.223657 0.338445 0.223102 0.338690 0.220065 0.338625 0.216472 0.336531 0.215602 0.336693 0.221852 0.336083 0.221019 0.335482 0.221500 0.334849 0.222681 0.335180 0.223218 0.336568 0.224287 0.337997 0.226079 0.336393 0.229611 0.330169 0.222523 0.329536 0.223597 0.328784 0.224398 0.328875 0.225366 0.330984 0.227241 0.335591 0.232028 0.334370 0.234630 0.332453 0.236801 0.331891 0.238102 0.333151 0.240644 0.332247 0.240278 0.330661 0.239366 0.329354 0.239532 0.325247 0.249736
8 0.389583 0.215505 0.390284 0.222486 0.390284 0.222486
8 0.389583 0.215505 0.384859 0.218190 0.384341 0.216593 0.389281 0.214199
14 0.370729 0.202532 0.372930 0.205954 0.371586 0.207528
1 0.373784 0.207366 0.371979 0.209523 0.371586 0.207528 0.372930 0.205954
8 0.384789 0.206574 0.386219 0.207880 0.382013 0.209625 0.382013 0.209625 0.381563 0.208023
8 0.388307 0.206620 0.388753 0.210204 0.386219 0.207880 0.384789 0.206574 0.381932 0.202727 0.383076 0.201634 0.385974 0.204542
14 0.382240 0.218380 0.380503 0.212019 0.378174 0.211875
8 0.388383 0.228648 0.391570 0.233222 0.391794 0.235954 0.391039 0.235690 0.387607 0.230023
8 0.380503 0.212019 0.379930 0.210060 0.378990 0.205704 0.380870 0.205338 0.381563 0.208023 0.382013 0.209625 0.384341 0.216593 0.387419 0.226884 0.387440 0.231579 0.385971 0.232523 0.385766 0.228458 0.383516 0.222778 0.382240 0.218380
8 0.378174 0.211875 0.380503 0.212019 0.379930 0.210060 0.376703 0.209477
14 0.382013 0.209625 0.386219 0.207880 0.388753 0.210204 0.389281 0.214199 0.384341 0.216593
8 0.378937 0.215477 0.378065 0.215102 0.376357 0.213060 0.375138 0.211074 0.374250 0.211338 0.376615 0.215417 0.378396 0.216875 0.378685 0.216736 0.379427 0.216296
14 0.374036 0.219028 0.381615 0.219954 0.379427 0.216296 0.378414 0.216917 0.376615 0.215417 0.374250 0.211338 0.373888 0.211259 0.372156 0.211014
10 0.377268 0.194718 0.376708 0.193889 0.376289 0.192977 0.375146 0.193514 0.371477 0.196787 0.370227 0.199935 0.370891 0.200843
10 0.349107 0.197782 0.352047 0.191389 0.353773 0.187241 0.352549 0.184769 0.351646 0.183162 0.351224 0.182412 0.351398 0.181301 0.352411 0.180681 0.354086 0.182606 0.357885 0.189167 0.358339 0.190718 0.357643 0.192394 0.356701 0.191468 0.354852 0.188676 0.351818 0.195306 0.349867 0.199579
2 0.640385 0.567537 0.635294 0.555806 0.631589 0.547500 0.630984 0.545731 0.632010 0.544606 0.632883 0.544556 0.635625 0.550074 0.642315 0.566144
2 0.373411 0.223088 0.369427 0.222194 0.368552 0.219500 0.369805 0.220352 0.369805 0.218616 0.367935 0.215023 0.365078 0.209106 0.367177 0.210806 0.369674 0.211231 0.370885 0.211144 0.371510 0.214755
10 0.379995 0.194310 0.383328 0.194912 0.384469 0.195227 0.385583 0.195509 0.386034 0.195981 0.387234 0.197319 0.386688 0.193569 0.384865 0.192227 0.383693 0.191671 0.382625 0.191671
2 0.365552 0.223944 0.364753 0.225556 0.362414 0.227231 0.359385 0.228903 0.358792 0.225991 0.357956 0.220662 0.357917 0.218556 0.358932 0.214093 0.359833 0.211796 0.361263 0.209940 0.362766 0.208884 0.365078 0.209106 0.369805 0.218616 0.369805 0.220352 0.366982 0.218120 0.365833 0.218861 0.365380 0.220597
2 0.533560 0.555435 0.525784 0.553130 0.524911 0.551083 0.526724 0.533231 0.528224 0.520218 0.538263 0.522819 0.563854 0.532181 0.560995 0.562426 0.557891 0.562361 0.545943 0.559324 0.544016 0.558250 0.543138 0.555380 0.542393 0.547745 0.543232 0.540199 0.543792 0.535551 0.543935 0.527426 0.541740 0.526838 0.540664 0.539287 0.540432 0.549074 0.541133 0.555380 0.541820 0.557838 0.539253 0.556699 0.538016 0.556375 0.534768 0.555361
10 0.526042 0.563380 0.523878 0.564542 0.529687 0.581606 0.531865 0.587630 0.532914 0.586630 0.533357 0.585625 0.533599 0.584620 0.533849 0.583546 0.534268 0.581792 0.534591 0.580287 0.536464 0.578597 0.538156 0.579958 0.539286 0.580532 0.539685 0.580218 0.540982 0.578824 0.541826 0.576898 0.541854 0.574005 0.541932 0.570681 0.541573 0.566338 0.540370 0.562481 0.538919 0.558574 0.537685 0.556968 0.534768 0.555361 0.533560 0.555435 0.532107 0.557153 0.531219 0.558444 0.531299 0.560884 0.531906 0.563394 0.532107 0.564755 0.531583 0.566477 0.530734 0.565690 0.529404 0.563894 0.528302 0.563389
14 0.382383 0.189787 0.383060 0.173537 0.383555 0.164139 0.384049 0.161593 0.384648 0.160343 0.386510 0.157051 0.388333 0.155199 0.388854 0.155106 0.389565 0.143338 0.391596 0.141903 0.392898 0.140931 0.396023 0.140931 0.397013 0.141440 0.397638 0.142644 0.396857 0.153338 0.397586 0.153153 0.398836 0.152597 0.399591 0.153060 0.399669 0.155282 0.399695 0.156949 0.401753 0.160236 0.402742 0.162458 0.403211 0.165699 0.403161 0.170699 0.399839 0.173569 0.388070 0.184333 0.387297 0.177917 0.386630 0.175981 0.385458 0.176282 0.384870 0.177769 0.385039 0.180449 0.385826 0.186579
1 0.376893 0.174657 0.379107 0.167852 0.380018 0.162991 0.380721 0.156509 0.380927 0.150463 0.381057 0.146574 0.381214 0.145093 0.381969 0.144722 0.382255 0.145833 0.381839 0.155046 0.381161 0.162824 0.380641 0.165509 0.380406 0.167130 0.379172 0.171375 0.377581 0.173644
1 0.365953 0.184537 0.367854 0.189306 0.367333 0.190370 0.366995 0.190972 0.365484 0.186528
2 0.557359 0.577000 0.570680 0.593014 0.573208 0.596231 0.571378 0.601616 0.569164 0.598833 0.559802 0.586588 0.557964 0.582787
10 0.588823 0.643194 0.588380 0.641296 0.587885 0.640000 0.588719 0.638611 0.588875 0.636991 0.588719 0.635833 0.587052 0.634769 0.585073 0.635231 0.578250 0.639213 0.568602 0.644620 0.562909 0.649681 0.560854 0.652500 0.561182 0.654824 0.562255 0.656486 0.562721 0.660134 0.562581 0.664199 0.562536 0.667190 0.563841 0.671750 0.564964 0.673657 0.568370 0.674157 0.574810 0.671338 0.582370 0.666773 0.587656 0.662602
10 0.590359 0.651296 0.590880 0.653889 0.591089 0.654954 0.593130 0.655287 0.592922 0.657139 0.589818 0.660611
8 0.433719 0.368852 0.431268 0.369713 0.430513 0.373481 0.430060 0.377917 0.429680 0.381819 0.429453 0.385181 0.431299 0.383514 0.431667 0.380278 0.432812 0.370870
5 0.441740 0.364819 0.441284 0.368181 0.440831 0.371273 0.431299 0.383514 0.431667 0.380278 0.432812 0.370870 0.433719 0.368852
8 0.416701 0.382972 0.421164 0.382838 0.421391 0.385259 0.416776 0.385796
8 0.413372 0.376116 0.409211 0.381495 0.410346 0.383106 0.412690 0.380282
8 0.414328 0.370046 0.413456 0.370727 0.407591 0.378319 0.408349 0.379801 0.413945 0.372537
8 0.427695 0.345458 0.427630 0.347435 0.423643 0.353130 0.419667 0.352810 0.419125 0.354468 0.418643 0.356773 0.418346 0.356847 0.417563 0.354176 0.424622 0.347083
8 0.414823 0.315097 0.416510 0.325759 0.414091 0.321343 0.413307 0.315412
6 0.416654 0.314764 0.420904 0.319181 0.420445 0.321505 0.419073 0.323130 0.415672 0.318829 0.414823 0.315097
6 0.418156 0.302907 0.422799 0.311625 0.420120 0.312088 0.413711 0.303722
8 0.428161 0.315690 0.426526 0.316972 0.429404 0.323815 0.430802 0.325644 0.432018 0.323713
6 0.426068 0.313366 0.422539 0.328014 0.422930 0.331269 0.423453 0.332546 0.422521 0.334949 0.422341 0.336343 0.420328 0.332495 0.419008 0.329986 0.418680 0.326838 0.419073 0.323130 0.420445 0.321505 0.421099 0.317782 0.421557 0.314065
8 0.340234 0.225602 0.348286 0.236338 0.352776 0.241963 0.352055 0.244694 0.339495 0.228125 0.337997 0.226079 0.336568 0.224287 0.335180 0.223218 0.334849 0.222681 0.335482 0.221500 0.336083 0.221019 0.336693 0.221852 0.338445 0.223102 0.338828 0.223657
8 0.506990 0.496208 0.508112 0.496120 0.512078 0.515153 0.513057 0.521208 0.508698 0.508273
8 0.516745 0.503106 0.514706 0.498898 0.513435 0.498898 0.512557 0.499681 0.512409 0.500375 0.521055 0.529023 0.522763 0.529111 0.515344 0.506176 0.515672 0.504597
8 0.521810 0.510574 0.524375 0.519130 0.527599 0.526074 0.527940 0.523120
8 0.519357 0.502690 0.521810 0.510574 0.528026 0.521824 0.528224 0.520218 0.533224 0.521403 0.530094 0.516606 0.524297 0.506699 0.523911 0.507194 0.523911 0.507194 0.522083 0.505648 0.519432 0.501708
8 0.560909 0.574139 0.566771 0.577435 0.568820 0.580995 0.559883 0.576134
8 0.562526 0.571444 0.558615 0.578477 0.557784 0.577523 0.560177 0.572833 0.561745 0.570491
8 0.557359 0.577000 0.556385 0.564171 0.553133 0.560944 0.545943 0.559324 0.548385 0.564088 0.557964 0.582787
8 0.330169 0.222523 0.336393 0.229611 0.338031 0.231593 0.351714 0.246310 0.350990 0.248935 0.339005 0.235597 0.337258 0.234375 0.335591 0.232028 0.330984 0.227241 0.328875 0.225366 0.328784 0.224398 0.329536 0.223597
2 0.420974 0.271560 0.423591 0.268556 0.424789 0.269833 0.424185 0.272630 0.424185 0.275282 0.423000 0.277037
8 0.336531 0.215602 0.336693 0.221852 0.338445 0.223102 0.338690 0.220065 0.338625 0.216472
8 0.338828 0.223657 0.340786 0.217213 0.342284 0.218889 0.340234 0.225602
8 0.335591 0.232028 0.334370 0.234630 0.332453 0.236801 0.331891 0.238102 0.333151 0.240644 0.334128 0.241199 0.335029 0.240458 0.335799 0.238782 0.336182 0.236986 0.337258 0.234375
8 0.337997 0.226079 0.336393 0.229611 0.338031 0.231593 0.339495 0.228125
8 0.337258 0.234375 0.338630 0.270699 0.340068 0.272806 0.340880 0.272583 0.339380 0.243593 0.339005 0.235597
8 0.488956 0.296273 0.491529 0.301329 0.498271 0.316287 0.504826 0.330708 0.509458 0.340565 0.513073 0.348292 0.511549 0.349005 0.503719 0.331056 0.496091 0.313963 0.491706 0.304222 0.490081 0.300639
8 0.498057 0.322245 0.492643 0.308222 0.490497 0.302250 0.488956 0.296273 0.487182 0.296106 0.487464 0.298931 0.490357 0.307394 0.493484 0.315606 0.496096 0.321662
8 0.499417 0.325463 0.503620 0.335833 0.510378 0.349463 0.508596 0.350426 0.502812 0.338981 0.501714 0.335222
10 0.604073 0.719819 0.611883 0.725583 0.605888 0.735500 0.600099 0.729486 0.601841 0.724653
8 0.515042 0.341315 0.511250 0.326713 0.508484 0.313074 0.506922 0.302606 0.505841 0.296273 0.507573 0.296273 0.511453 0.319991 0.515076 0.335157 0.516807 0.342546 0.517669 0.345241 0.516750 0.346681
8 0.375724 0.262699 0.376302 0.257639 0.377161 0.251574 0.377708 0.243611 0.377682 0.242176 0.377656 0.240741 0.378698 0.245833 0.378594 0.250417 0.377891 0.257824 0.377005 0.262778 0.374594 0.275477 0.371901 0.285144 0.372471 0.280861
8 0.427341 0.371764 0.425737 0.380875 0.426198 0.381944 0.426680 0.383602 0.428180 0.376782 0.429260 0.370894
8 0.555458 0.647222 0.556242 0.647000 0.559112 0.650079 0.556810 0.650847 0.553557 0.652727 0.552117 0.648301
6 0.552893 0.638792 0.563375 0.649329 0.562909 0.649681 0.561180 0.652181 0.554974 0.645727 0.552440 0.639352
6 0.549016 0.621782 0.559609 0.634838 0.559651 0.638213 0.558302 0.638213 0.548805 0.625685 0.547833 0.622306 0.548974 0.622380
6 0.545680 0.615630 0.549016 0.618931 0.548974 0.622380 0.547833 0.622306
6 0.544260 0.591769 0.544260 0.602810 0.544195 0.609787 0.543307 0.607745 0.541841 0.603162 0.542102 0.590491
6 0.544260 0.602810 0.551779 0.613736 0.550995 0.617574 0.549555 0.617458 0.544195 0.609787
6 0.533849 0.583546 0.552440 0.639352 0.555458 0.647222 0.552117 0.648301 0.531865 0.587630 0.532914 0.586630 0.533180 0.586009 0.533599 0.584620
6 0.556810 0.650847 0.568383 0.683523 0.566047 0.687778 0.564828 0.687292 0.553557 0.652727
8 0.535060 0.341685 0.537112 0.340556 0.538674 0.340380 0.540138 0.341250 0.541409 0.343852 0.541701 0.347412 0.541604 0.348977 0.540724 0.348454 0.539310 0.348370 0.539115 0.348454
8 0.524026 0.349824 0.524404 0.349690 0.525083 0.350093 0.525464 0.351171 0.525841 0.351843 0.526445 0.351708 0.528109 0.349019 0.529698 0.347134 0.532120 0.344176 0.533784 0.342833 0.536583 0.347940 0.533102 0.351843 0.530000 0.355741 0.528565 0.358699 0.527656 0.362060 0.526521 0.364884
8 0.374505 0.303472 0.390711 0.323963 0.391130 0.322472 0.386060 0.315509 0.375604 0.302449
3 0.587802 0.724611 0.586130 0.730014 0.589198 0.731750 0.589617 0.729889
10 0.593130 0.655287 0.594385 0.654102 0.596896 0.653731 0.599232 0.655037 0.601706 0.657819 0.603065 0.660741 0.604320 0.665699 0.604565 0.671648 0.604112 0.675306 0.602823 0.679148 0.601497 0.681194 0.600208 0.682426 0.598289 0.682986 0.595362 0.682611 0.592021 0.673421 0.589401 0.681375 0.587727 0.678213 0.586995 0.674866 0.586682 0.669412 0.586820 0.664894 0.587656 0.662602 0.587448 0.665329 0.587763 0.667370 0.589576 0.665329 0.589818 0.660611 0.592922 0.657139
10 0.604094 0.659546 0.620891 0.651676 0.617245 0.658806 0.605865 0.664963
10 0.631047 0.646491 0.640812 0.642370 0.647141 0.640287 0.648182 0.640148 0.649299 0.640750 0.650422 0.642231 0.651122 0.643389 0.652245 0.647185 0.653466 0.660287 0.651177 0.663204 0.649849 0.647972 0.649039 0.646028 0.647086 0.645102 0.645240 0.645611 0.642375 0.646630 0.644432 0.664361 0.642138 0.661213 0.640526 0.647880 0.634250 0.650657 0.632289 0.648042
10 0.579185 0.709569 0.581190 0.705583 0.582284 0.705912 0.585357 0.708361 0.586607 0.706329 0.586763 0.706190 0.591919 0.710773 0.592135 0.711370 0.588255 0.722991 0.585667 0.717384 0.581391 0.711574
10 0.578776 0.711009 0.580768 0.720806 0.581549 0.723083 0.583221 0.725167 0.585247 0.725546 0.587203 0.726495 0.587802 0.724611 0.586057 0.720907 0.584268 0.717769 0.582628 0.715222 0.579607 0.711750
10 0.590599 0.727176 0.596792 0.730685 0.596471 0.729426 0.594102 0.716102
3 0.588255 0.722991 0.592135 0.711370 0.588047 0.700676 0.585266 0.693653 0.592021 0.673421 0.597180 0.687491 0.600039 0.695671 0.605607 0.717218 0.601841 0.724653 0.597938 0.736306 0.596471 0.729426 0.594102 0.716102 0.590232 0.728185
2 0.612656 0.690806 0.615690 0.685227 0.613703 0.677046 0.611508 0.681324 0.608961 0.678657 0.608612 0.675870 0.612099 0.668866 0.622388 0.648597 0.626362 0.640602 0.632289 0.648042 0.640969 0.659630 0.647836 0.669116 0.642536 0.677296 0.631211 0.662792 0.624549 0.677171 0.634763 0.690000 0.630885 0.696222 0.622862 0.685537 0.616568 0.698088 0.613500 0.695435
2 0.359755 0.303301 0.359513 0.279421 0.358560 0.239708 0.359328 0.239708 0.360417 0.239708 0.361628 0.239421 0.362635 0.241356 0.362289 0.246398 0.362612 0.253407 0.362547 0.278028 0.362448 0.287819 0.362659 0.295690 0.362893 0.301699 0.360661 0.304306
2 0.368823 0.268769 0.366284 0.264829 0.363693 0.258495 0.362612 0.253407 0.362289 0.246398 0.362883 0.238815 0.363154 0.235069 0.364826 0.237949 0.366664 0.241889 0.368552 0.244769 0.370604 0.247838 0.372440 0.251389 0.372224 0.257824 0.374068 0.262912 0.371758 0.268361 0.370065 0.272125
2 0.492104 0.482167 0.505406 0.520208 0.512130 0.538843 0.517984 0.547199 0.520359 0.547898 0.512544 0.525579 0.504445 0.501157 0.494844 0.475352 0.492826 0.480870
10 0.348266 0.201046 0.343219 0.213403 0.344268 0.213995 0.348742 0.202569
7 0.437201 0.257958 0.441898 0.259403 0.442602 0.253440 0.436810 0.252977 0.436779 0.256032
7 0.454406 0.253565 0.455099 0.256940 0.455099 0.260690 0.454526 0.263528 0.444479 0.260190 0.445109 0.253472 0.453469 0.253519
7 0.437021 0.251208 0.437622 0.248532 0.438979 0.245745 0.440214 0.243870 0.441872 0.242532 0.443799 0.241727 0.446362 0.241944 0.448771 0.242958 0.450789 0.244569 0.452628 0.248102 0.453833 0.252120 0.445188 0.251667 0.445411 0.249944 0.445497 0.249014 0.444604 0.248227 0.443680 0.248227 0.443195 0.249588 0.442846 0.251704
7 0.453758 0.266755 0.453195 0.282306 0.452456 0.283736 0.450758 0.286745 0.443698 0.286745 0.443596 0.270819 0.444237 0.264204 0.448068 0.265421
2 0.398898 0.256495 0.398607 0.253426 0.400505 0.250162 0.403247 0.248338 0.405596 0.248500 0.408159 0.249894 0.410005 0.255014 0.410302 0.256009 0.407833 0.258097 0.405000 0.263778 0.399909 0.273579 0.399302 0.275069 0.397607 0.269903 0.397568 0.263019 0.397810 0.262019
2 0.386919 0.276653 0.390323 0.280565 0.389464 0.280861 0.392120 0.298778 0.390469 0.303194 0.390677 0.304491 0.391172 0.305046 0.391458 0.305046 0.390552 0.306384 0.389221 0.305954 0.387164 0.299644 0.383169 0.285301 0.384057 0.284514 0.386034 0.284944 0.388695 0.286162 0.389906 0.285444 0.388776 0.283148 0.386479 0.281500 0.383008 0.281574 0.386406 0.277222
2 0.374594 0.275477 0.377005 0.262778 0.381948 0.269745 0.386438 0.275634 0.385234 0.276806 0.378984 0.284074 0.371190 0.293046 0.370461 0.293815 0.377805 0.269046 0.376841 0.267889 0.375747 0.271454
2 0.362659 0.295690 0.362448 0.287819 0.365029 0.279579 0.367852 0.280630 0.368898 0.277903 0.367818 0.276852 0.371758 0.268361 0.374068 0.262912 0.375724 0.262699 0.372471 0.280861 0.371901 0.285144 0.369211 0.294880 0.366187 0.297921 0.365255 0.298986
10 0.471799 0.309264 0.465521 0.321773 0.467867 0.322579 0.469294 0.323222 0.475279 0.322713 0.481104 0.322042 0.481180 0.321236 0.480424 0.319755 0.478456 0.317870 0.478010 0.315454 0.477852 0.312088 0.477549 0.309532 0.476716 0.308324 0.474901 0.308458
8 0.444479 0.260190 0.456016 0.264060 0.455328 0.267144 0.448068 0.265421 0.444237 0.264204
8 0.392120 0.298778 0.390469 0.303194 0.390677 0.304491 0.391172 0.305046 0.391458 0.305046 0.395156 0.295278 0.394672 0.293407 0.394568 0.293083
8 0.355505 0.214884 0.362292 0.191625 0.365133 0.180653 0.365995 0.178315 0.367312 0.180144 0.366654 0.182264 0.360031 0.205009 0.356164 0.218394
8 0.400180 0.367190 0.396734 0.359306 0.394357 0.353426 0.394518 0.351921 0.395607 0.352065 0.399841 0.362532
8 0.395607 0.352065 0.399167 0.353889 0.399557 0.357546 0.397083 0.355833
8 0.401594 0.355412 0.407807 0.358579 0.409979 0.363190 0.407271 0.361894 0.402714 0.359162 0.401984 0.358792
8 0.495779 0.462657 0.497104 0.452963 0.499424 0.439731 0.500781 0.429394 0.502198 0.428162 0.502799 0.428694 0.503372 0.429819 0.500901 0.449481 0.499451 0.455898 0.498969 0.457236 0.498276 0.459699 0.498188 0.462111 0.498247 0.464412 0.498404 0.466380 0.498398 0.468375 0.498635 0.470954 0.499453 0.473088 0.500417 0.474431 0.504034 0.479421 0.510122 0.487083 0.513922 0.492889 0.519432 0.501708 0.519357 0.502690 0.518565 0.502111 0.517474 0.502352 0.514549 0.497852 0.503221 0.483278 0.499786 0.478083 0.497768 0.474120 0.496833 0.471176 0.496443 0.468120 0.495870 0.464745
8 0.407505 0.316046 0.414094 0.312991 0.416534 0.312241 0.426898 0.311120 0.427984 0.312671 0.427201 0.313315 0.419878 0.314171 0.415451 0.314708 0.411411 0.316583 0.410286 0.316991 0.408766 0.317625
8 0.400279 0.320755 0.405872 0.317125 0.403383 0.321236 0.401122 0.322843
8 0.377151 0.330713 0.392552 0.324907 0.393672 0.327269 0.378523 0.333009
8 0.393672 0.327269 0.399510 0.340731 0.407807 0.358579 0.413456 0.370727 0.414328 0.370046 0.414779 0.367639 0.410326 0.359449 0.400247 0.336764 0.389297 0.312778 0.388703 0.312653 0.387727 0.313398 0.387833 0.314574 0.392552 0.324907
8 0.398055 0.332042 0.396794 0.304579 0.395669 0.282792 0.395237 0.273153 0.393443 0.253069 0.390984 0.228398 0.387549 0.199931 0.385039 0.180449 0.384870 0.177769 0.385458 0.176282 0.386630 0.175981 0.387297 0.177917 0.393154 0.227435 0.395497 0.253014 0.397083 0.271301 0.398490 0.296870 0.399805 0.327000 0.400247 0.336764
8 0.398057 0.337310 0.400180 0.367190 0.403117 0.371185 0.400555 0.342750 0.399510 0.340731
8 0.434193 0.342505 0.429755 0.361222 0.430792 0.360681 0.431531 0.360287 0.435523 0.344944
8 0.432060 0.339329 0.429911 0.334931 0.429305 0.332194 0.429120 0.329954 0.429633 0.327880 0.432865 0.321898 0.434393 0.324394 0.431685 0.329125 0.430846 0.331199 0.431500 0.334019 0.434346 0.338250
8 0.435513 0.316759 0.439531 0.309028 0.440180 0.309708 0.439995 0.313028 0.436773 0.319083
8 0.442560 0.302736 0.452456 0.283736 0.460063 0.269551 0.460529 0.273616 0.456096 0.282245 0.444521 0.304065
8 0.439995 0.325056 0.439995 0.313028 0.440180 0.309708 0.440138 0.289356 0.440932 0.272431 0.441745 0.260847 0.442711 0.252815 0.443195 0.249588 0.443680 0.248227 0.444604 0.248227 0.445497 0.249014 0.445411 0.249944 0.443596 0.270819 0.442466 0.293620 0.442266 0.304523 0.443120 0.331528
8 0.442005 0.334199 0.432156 0.314704 0.432112 0.312713 0.432719 0.311880 0.433185 0.311963 0.435513 0.316759 0.436773 0.319083 0.439995 0.325056 0.443120 0.331528 0.443919 0.333120 0.442664 0.333898
8 0.434393 0.324394 0.439977 0.335278 0.442005 0.334199 0.435578 0.321940 0.428135 0.308546 0.422349 0.298157 0.420693 0.296120 0.419729 0.296227 0.419156 0.297995 0.423284 0.304796 0.426898 0.311120 0.427984 0.312671 0.432865 0.321898
8 0.416563 0.288056 0.413802 0.299861 0.410495 0.313611 0.409531 0.312130 0.414852 0.289139 0.417232 0.281255 0.418305 0.281421
8 0.420049 0.252505 0.430831 0.255977 0.441898 0.259403 0.441745 0.260847 0.441560 0.263569 0.439268 0.262505 0.438990 0.261944 0.437656 0.260509 0.435156 0.260222 0.432938 0.260009 0.432211 0.260606 0.415310 0.255190 0.414865 0.253833 0.414432 0.252509 0.418302 0.252574
8 0.360245 0.204431 0.361706 0.204903 0.363406 0.205611 0.365026 0.206931 0.366727 0.208727 0.368557 0.209579 0.370656 0.209625 0.371320 0.209435 0.375198 0.209625 0.376310 0.211213 0.373339 0.211088 0.369674 0.211231 0.367177 0.210806 0.365078 0.209106 0.363510 0.207736 0.362344 0.207218 0.361333 0.206792 0.359740 0.206083 0.360031 0.205009
8 0.356911 0.209926 0.353914 0.194185 0.354089 0.192634 0.354716 0.191889 0.355552 0.192079 0.355971 0.193190 0.358203 0.205833
6 0.513924 0.336644 0.511664 0.345083 0.513073 0.348292 0.513073 0.348292 0.514378 0.348398 0.515565 0.343074
6 0.514518 0.333185 0.516620 0.322602 0.517932 0.320736 0.521083 0.325403 0.519307 0.329977 0.519307 0.329977 0.516443 0.340806
8 0.402875 0.369384 0.410263 0.374731 0.411833 0.372755 0.402680 0.366366
8 0.443568 0.317315 0.449099 0.326444 0.450315 0.324824 0.444643 0.314926
6 0.452362 0.300074 0.452211 0.303125 0.463711 0.316708 0.465828 0.313347 0.458414 0.304606
5 0.454633 0.295907 0.460154 0.299537 0.463029 0.304917 0.463862 0.304648 0.463104 0.301417 0.470971 0.308412 0.469458 0.310968 0.452362 0.300074 0.452969 0.298731
2 0.457753 0.278704 0.459109 0.281417 0.458607 0.281718 0.458719 0.285333 0.457810 0.286440 0.455893 0.282722
2 0.456346 0.276593 0.453521 0.272074 0.453352 0.277801 0.454250 0.280412
1 0.365133 0.180653 0.363594 0.176111 0.362057 0.171481 0.361042 0.169213 0.360286 0.168519 0.359792 0.168426 0.359896 0.169352 0.361406 0.173148 0.363724 0.180231 0.364609 0.182778
8 0.341799 0.218394 0.341565 0.215894 0.341617 0.214829 0.342607 0.214644 0.343180 0.215384 0.347607 0.224227 0.352216 0.233162 0.354013 0.237005 0.352776 0.241963 0.344482 0.223949 0.342284 0.218889
8 0.354359 0.218991 0.350979 0.230838 0.351740 0.232273 0.354786 0.221611 0.354682 0.220880
8 0.339719 0.250000 0.342646 0.239773 0.344320 0.241509 0.339964 0.257005
8 0.344148 0.234282 0.343286 0.237125 0.345039 0.239148 0.345776 0.236468
8 0.368867 0.187514 0.369240 0.177741 0.370240 0.177852 0.370177 0.185625
8 0.370365 0.188625 0.370302 0.196731 0.369367 0.199056 0.368669 0.198134 0.368669 0.198134 0.368753 0.191236
10 0.419667 0.352810 0.426599 0.353398 0.431479 0.353935 0.429755 0.361222 0.424669 0.360685 0.421354 0.359398 0.419487 0.357736 0.418643 0.356773 0.419125 0.354468
2 0.551354 0.603102 0.555406 0.612120 0.555992 0.612384 0.556383 0.614292 0.567909 0.640685 0.566539 0.642250 0.554917 0.615333 0.552427 0.620718 0.551206 0.620023 0.554086 0.613773 0.550130 0.603958
8 0.385156 0.264722 0.396427 0.277134 0.397547 0.278542 0.393737 0.279208 0.388229 0.271944
8 0.382927 0.261560 0.379651 0.266458 0.378326 0.264662 0.382240 0.259259
8 0.344888 0.231769 0.346362 0.228056 0.347685 0.230676 0.346516 0.234065
8 0.444156 0.363648 0.445375 0.385468 0.445641 0.384773 0.447083 0.383296 0.445690 0.363093
8 0.435523 0.344944 0.440823 0.355977 0.442984 0.354921 0.435872 0.341782 0.434193 0.342505
8 0.589641 0.629931 0.587656 0.662602 0.587448 0.665329 0.587763 0.667370 0.589576 0.665329 0.589818 0.660611 0.591628 0.630491
8 0.362529 0.264134 0.368599 0.268227 0.368823 0.268769 0.370065 0.272125 0.369529 0.272986 0.362529 0.269199
8 0.572781 0.642255 0.565490 0.624579 0.559424 0.609477 0.555688 0.598815 0.552563 0.589588 0.548763 0.574963 0.545893 0.565259 0.543138 0.555380 0.542393 0.547745 0.543232 0.540199 0.543792 0.535551 0.543935 0.527426 0.541740 0.526838 0.540664 0.539287 0.540432 0.549074 0.541133 0.555380 0.542859 0.561690 0.544690 0.566694 0.547771 0.578227 0.550661 0.588597 0.553091 0.597310 0.557539 0.609574 0.563422 0.625032 0.570680 0.643546
8 0.351664 0.261977 0.349036 0.273194 0.346615 0.283519 0.343516 0.278611 0.347812 0.261528 0.354766 0.234630 0.355208 0.234722 0.356276 0.235000 0.356953 0.236065 0.357240 0.236713 0.352474 0.257361 0.351789 0.257088 0.351039 0.258755 0.350914 0.260532
8 0.349651 0.270866 0.359516 0.277634 0.359516 0.280153 0.354292 0.276593 0.354187 0.274644 0.353299 0.274718 0.352656 0.275148 0.352729 0.276074 0.349036 0.273194
8 0.359677 0.293972 0.356737 0.298796 0.355779 0.297389 0.359563 0.291463
8 0.362557 0.264352 0.368049 0.267370 0.368823 0.268769 0.369227 0.269931 0.367984 0.271556 0.367331 0.271787 0.362687 0.268884
8 0.370898 0.293769 0.368612 0.316315 0.366911 0.315384 0.369526 0.295509 0.369721 0.294347 0.370461 0.293815
8 0.353542 0.294366 0.352656 0.275148 0.353299 0.274718 0.354187 0.274644 0.355276 0.296588
8 0.353167 0.284060 0.347208 0.280759 0.346615 0.283519 0.353266 0.287620
8 0.354682 0.285102 0.358247 0.287880 0.357563 0.290227 0.354828 0.288139
1 0.369526 0.295509 0.361060 0.305949 0.360661 0.304306 0.369211 0.294880 0.369211 0.294880
8 0.380305 0.284569 0.386581 0.307968 0.389221 0.305954 0.387164 0.299644 0.383169 0.285301 0.382044 0.282819
8 0.346083 0.191259 0.349622 0.199083 0.352008 0.205449 0.352401 0.206750 0.351841 0.207588 0.352401 0.210079 0.351966 0.210569 0.349456 0.204426 0.348057 0.200620 0.346659 0.197185 0.345219 0.194769 0.344766 0.193306 0.344971 0.191991
8 0.382044 0.282819 0.383008 0.281574 0.386479 0.281500 0.388776 0.283148 0.389906 0.285444 0.388695 0.286162 0.386034 0.284944 0.384057 0.284514 0.383169 0.285301
8 0.370078 0.302407 0.377917 0.294440 0.378943 0.295685 0.379083 0.297426 0.378990 0.298755 0.369281 0.308630
8 0.552964 0.585106 0.558255 0.592690 0.563276 0.597588 0.568029 0.601616 0.571594 0.604880 0.571378 0.601616 0.569164 0.598833 0.563115 0.592977 0.559659 0.590384 0.553990 0.581264
8 0.544617 0.561093 0.553990 0.581264 0.559659 0.590384 0.563115 0.592977 0.548385 0.564088 0.545943 0.559324 0.544016 0.558250
8 0.566221 0.600134 0.571826 0.611329 0.579057 0.625685 0.579117 0.627134 0.579089 0.628204 0.578667 0.628523 0.577401 0.627991 0.562315 0.596653 0.563276 0.597588
8 0.533849 0.583546 0.540177 0.603847 0.544701 0.616847 0.552440 0.639352 0.552893 0.638792 0.543307 0.607745 0.535398 0.582440 0.534591 0.580287 0.534268 0.581792
8 0.528302 0.563389 0.516742 0.532292 0.501628 0.487236 0.496380 0.472130 0.495768 0.469287 0.494612 0.470968 0.494544 0.473921 0.504445 0.501157 0.512544 0.525579 0.520359 0.547898 0.526042 0.563380
8 0.564060 0.584977 0.572286 0.586963 0.574099 0.590125 0.566393 0.588014
8 0.580758 0.588944 0.585130 0.590139 0.584487 0.592315 0.582354 0.591764
8 0.579591 0.678421 0.578060 0.677352 0.577081 0.677231 0.577865 0.680139 0.587477 0.687231 0.588260 0.684556
8 0.650422 0.642231 0.644349 0.620556 0.639167 0.601157 0.637708 0.596528 0.631901 0.578148 0.626380 0.556944 0.618776 0.531620 0.609167 0.498935 0.609740 0.498102 0.610703 0.497639 0.611120 0.497778 0.614271 0.509259 0.623672 0.540324 0.629453 0.560185 0.634453 0.578056 0.636797 0.586389 0.637005 0.588565 0.638385 0.592222 0.639219 0.594491 0.650990 0.634769 0.654609 0.648380 0.652552 0.650278 0.652245 0.647185 0.651122 0.643389
8 0.627346 0.553213 0.628336 0.541454 0.629039 0.540806 0.630081 0.540667 0.630471 0.540667 0.629117 0.559046
6 0.429510 0.311069 0.420219 0.283745 0.417266 0.276435 0.410005 0.255014 0.406958 0.246801 0.411396 0.244074 0.414865 0.253833 0.427174 0.288949 0.434182 0.309204 0.436307 0.315296 0.435513 0.316759 0.433185 0.311963 0.432719 0.311880 0.432112 0.312713 0.432156 0.314704 0.434432 0.319181 0.434201 0.319417
15 0.427362 0.289606 0.437307 0.286926 0.438753 0.287894 0.440138 0.289356 0.440049 0.296782 0.437247 0.296954 0.436154 0.296769 0.430438 0.298606
15 0.415341 0.293356 0.422693 0.291269 0.425948 0.300588 0.423867 0.300963 0.422349 0.298157 0.420693 0.296120 0.419729 0.296227 0.419156 0.297995 0.421669 0.302194 0.412841 0.303801 0.413802 0.299861
15 0.413833 0.293407 0.411544 0.294051 0.409195 0.297801 0.411664 0.302731
1 0.377779 0.176648 0.375253 0.185815 0.372753 0.193824 0.371477 0.196787 0.370227 0.199935 0.369367 0.199056 0.372544 0.190583 0.374836 0.182852 0.375878 0.179472
1 0.360674 0.202741 0.367333 0.190370 0.370979 0.184315 0.374951 0.177764 0.377581 0.173644 0.379172 0.171375 0.380682 0.170083 0.381305 0.170546 0.381383 0.171653 0.379482 0.174106 0.372896 0.183875 0.368753 0.191236 0.366654 0.195648 0.366201 0.196597 0.361284 0.204750 0.360245 0.204431
2 0.423086 0.277560 0.424013 0.277560 0.426969 0.283384 0.429430 0.288264 0.430276 0.288907 0.427362 0.289606
8 0.626773 0.558491 0.625758 0.575852 0.627086 0.576778 0.625315 0.579370 0.624977 0.587194 0.627398 0.587657 0.628284 0.570759 0.628622 0.565435
8 0.528716 0.381222 0.529742 0.399880 0.530349 0.410843 0.529555 0.411588 0.528529 0.411088 0.526849 0.381801 0.527651 0.381583
8 0.526521 0.377069 0.524422 0.361630 0.521607 0.345343 0.519307 0.329977 0.520245 0.329296 0.520977 0.329546 0.523385 0.345532 0.525266 0.356875 0.526766 0.365921 0.527464 0.373116 0.528021 0.376773
8 0.543750 0.359954 0.538062 0.350375 0.532367 0.340361 0.531281 0.338380 0.532336 0.337361 0.533091 0.337843 0.538633 0.347699 0.542911 0.355250 0.544792 0.358491
10 0.485534 0.308500 0.487487 0.305463 0.489003 0.307111 0.489539 0.308847 0.488904 0.310236 0.488026 0.311713 0.488612 0.313361 0.490320 0.317875 0.491297 0.320829 0.484901 0.321611
10 0.564776 0.688384 0.566047 0.687778 0.566437 0.689861 0.566878 0.691338 0.568732 0.692032 0.569758 0.692551 0.570003 0.693509 0.569758 0.694981 0.569271 0.696023 0.569466 0.697500 0.570198 0.698282 0.570638 0.699583 0.572492 0.706704 0.570904 0.706917
15 0.383451 0.340741 0.389518 0.336838 0.390919 0.331861 0.391013 0.330366 0.389005 0.328792 0.379904 0.334931
2 0.375604 0.302449 0.386060 0.315509 0.385263 0.312037 0.385263 0.309634 0.386589 0.307593 0.380372 0.283954 0.377414 0.287523 0.370964 0.293704 0.370078 0.302407 0.377917 0.294440 0.378943 0.295685 0.379083 0.297426 0.378990 0.298755
2 0.495539 0.424134 0.498940 0.423319 0.492271 0.415069 0.490495 0.409491 0.492133 0.409037 0.492133 0.409037 0.501096 0.417394 0.501888 0.416347 0.499862 0.412509 0.499992 0.411116 0.503391 0.413556 0.507680 0.430250 0.504497 0.444708 0.501948 0.457028 0.499451 0.455898 0.500901 0.449481 0.503372 0.429819 0.502799 0.428694 0.502198 0.428162 0.500781 0.429394 0.499424 0.439731 0.497104 0.452963 0.495779 0.462657 0.495026 0.460995 0.489391 0.453069 0.486409 0.447282 0.486529 0.434750 0.487112 0.427505 0.488284 0.429829 0.488870 0.425759 0.491362 0.425528 0.495669 0.424713
14 0.416146 0.205648 0.434773 0.208014 0.438638 0.208639 0.441099 0.210097 0.442388 0.212181 0.443091 0.214056 0.450943 0.218014 0.452349 0.220509 0.452701 0.225093 0.452583 0.230093 0.452115 0.234676 0.451411 0.235301 0.449185 0.235926 0.448951 0.237593 0.448130 0.238426 0.444029 0.237801 0.442622 0.240093 0.441872 0.242532 0.440214 0.243870 0.438979 0.245745 0.438990 0.244884 0.423875 0.243218 0.402901 0.240509 0.396576 0.237593 0.395169 0.234259 0.394818 0.226343 0.394141 0.221620 0.396302 0.211620 0.397943 0.207731 0.399063 0.206898 0.400755 0.206898 0.403229 0.206250 0.407057 0.205231 0.411484 0.205093
8 0.416953 0.199338 0.417742 0.197227 0.418195 0.197329 0.421471 0.206370 0.418818 0.205977
8 0.629049 0.537106 0.631714 0.531528 0.632771 0.531009 0.633792 0.531269 0.634156 0.532759 0.634120 0.534056 0.631057 0.541384 0.630471 0.540667 0.630081 0.540667 0.629039 0.540806
14 0.692859 0.595338 0.691357 0.595213 0.689721 0.595106 0.687826 0.595676 0.686320 0.596852 0.685406 0.597662 0.684359 0.597894 0.683641 0.597421 0.683117 0.598361 0.682727 0.599639 0.680508 0.601759 0.678047 0.604194 0.661021 0.622523 0.657359 0.627292 0.655331 0.630662 0.654417 0.639727 0.654482 0.646583 0.654609 0.648380 0.652552 0.650278 0.653466 0.660287
8 0.581224 0.667259 0.584430 0.682139 0.579591 0.678421 0.578151 0.669468
10 0.626643 0.565069 0.625419 0.566468 0.623495 0.569269 0.622531 0.572227 0.622794 0.573630 0.625331 0.574407 0.625758 0.575852 0.627086 0.576778 0.625315 0.579370 0.624977 0.587194 0.627398 0.587657 0.628482 0.587944 0.629219 0.591852 0.621987 0.590398 0.621987 0.590398 0.623422 0.585819 0.621130 0.584838 0.617227 0.580833 0.621690 0.563106 0.625073 0.561245 0.625385 0.558023 0.619956 0.554088 0.619344 0.551690 0.612143 0.545005 0.604414 0.531458 0.605990 0.530681 0.610802 0.538306 0.615344 0.543894 0.619031 0.547019 0.624456 0.550444 0.626380 0.556944 0.626773 0.558491
1 0.369557 0.200958 0.370000 0.204894 0.370656 0.209625 0.371320 0.209435 0.371979 0.209523 0.371042 0.204569 0.370729 0.202532 0.370440 0.202083
1 0.373763 0.204764 0.379427 0.200046 0.384469 0.195227 0.385583 0.195509 0.386034 0.195981 0.381146 0.200602 0.374589 0.206370
10 0.391951 0.217764 0.392836 0.213412 0.392940 0.209662 0.392419 0.207069 0.391612 0.203921 0.390466 0.201699 0.389971 0.200681 0.389477 0.196144 0.391690 0.199384 0.393747 0.205125 0.394424 0.208875 0.394555 0.212810 0.394008 0.217116 0.392419 0.221606
2 0.585133 0.550639 0.604828 0.568644 0.613568 0.577236 0.617227 0.580833 0.621130 0.584838 0.623422 0.585819 0.621987 0.590398 0.619349 0.589815 0.595677 0.585602 0.590521 0.585648 0.589924 0.586079 0.574016 0.543935 0.572826 0.540931 0.580805 0.547981 0.590102 0.574042 0.591125 0.574259 0.592180 0.574204 0.593143 0.572329 0.592000 0.569222 0.586250 0.553731
2 0.392120 0.298778 0.389464 0.280861 0.391703 0.279796 0.394281 0.279102 0.395479 0.278685 0.395669 0.282792 0.395740 0.284750 0.393396 0.289935 0.394568 0.293083
10 0.395740 0.284750 0.393396 0.289935 0.394672 0.293407 0.396547 0.299889
10 0.397466 0.279792 0.399909 0.273579 0.405000 0.263778 0.407833 0.258097 0.410302 0.256009 0.414581 0.268542 0.413859 0.270954 0.412773 0.275292 0.411206 0.278292 0.406471 0.288981 0.404849 0.292338 0.402448 0.295370 0.400664 0.295611 0.398609 0.298847 0.398490 0.296870
10 0.429430 0.288264 0.426969 0.283384 0.425557 0.280014 0.424547 0.277074 0.424185 0.275282 0.424185 0.272630 0.424789 0.269833 0.426523 0.265819 0.429227 0.262588 0.432938 0.260009 0.435156 0.260222 0.437656 0.260509 0.438990 0.261944 0.439594 0.263380 0.440932 0.272431 0.440279 0.286829 0.437307 0.286926 0.430276 0.288907
10 0.603953 0.699412 0.607352 0.694403 0.609953 0.693116 0.612844 0.691704 0.613500 0.695435 0.616568 0.698088 0.622862 0.685537 0.630885 0.696222 0.616820 0.718819 0.613206 0.719593 0.610315 0.718819 0.605607 0.717218 0.604099 0.711750 0.604747 0.705838 0.604747 0.701343
2 0.521990 0.482519 0.560841 0.525120 0.563854 0.532181 0.542945 0.524583 0.532656 0.508088 0.524021 0.493593 0.512026 0.473264
2 0.374844 0.303931 0.374643 0.309241 0.381797 0.317741 0.383633 0.317977 0.386094 0.318051
10 0.366982 0.218120 0.367297 0.221421 0.368099 0.224894 0.369495 0.227375 0.371378 0.230347 0.373818 0.232639 0.377026 0.234500 0.379570 0.234810 0.381208 0.234560 0.384380 0.233509 0.385315 0.232690 0.385859 0.231944 0.385859 0.228519 0.383195 0.231588 0.380755 0.232704 0.376563 0.230819 0.375130 0.230310 0.373120 0.228491 0.371378 0.226630 0.370086 0.224273 0.368552 0.219500
10 0.387419 0.226884 0.390284 0.222486 0.390674 0.225588 0.387422 0.230417
1 0.369211 0.294880 0.375747 0.271454 0.376841 0.267889 0.377805 0.269046 0.370461 0.293815
1 0.371190 0.293046 0.378984 0.284074 0.385234 0.276806 0.386745 0.275370 0.387266 0.276250 0.386406 0.277222 0.383008 0.281574 0.381112 0.283579 0.374661 0.290694 0.372969 0.292593
2 0.643977 0.610931 0.653432 0.615370 0.652070 0.631236 0.649951 0.630565
1 0.370891 0.200843 0.385826 0.186579 0.386073 0.188481 0.371719 0.201991
1 0.388070 0.184333 0.399839 0.173569 0.410227 0.164556 0.419464 0.156088 0.430706 0.146583 0.438086 0.140407 0.440227 0.138880 0.441130 0.140065 0.424852 0.154032 0.415237 0.162069 0.406193 0.170361 0.395622 0.179759 0.388245 0.186440
6 0.392497 0.244500 0.387203 0.242481 0.385000 0.241120 0.384073 0.240755 0.384073 0.238644 0.385315 0.232690 0.388932 0.234417 0.391794 0.235954
1 0.341703 0.217042 0.339203 0.213616 0.335635 0.208662 0.332432 0.204866 0.330714 0.202690 0.329672 0.201810 0.328891 0.202875 0.329464 0.203708 0.332120 0.206347 0.336625 0.211903 0.339438 0.215606 0.340786 0.217213 0.341799 0.218394
1 0.371719 0.201991 0.377174 0.210116 0.382240 0.218380 0.383516 0.222778 0.376310 0.211213 0.370440 0.202083 0.366201 0.196597 0.366654 0.195648 0.368669 0.198134 0.370891 0.200843
1 0.372292 0.211144 0.374714 0.222361 0.376563 0.230819 0.375130 0.230310 0.373411 0.223088 0.371510 0.214755 0.370885 0.211144
14 0.386034 0.195981 0.387234 0.197319 0.388307 0.206620 0.385974 0.204542 0.383076 0.201634 0.381932 0.202727 0.384789 0.206574 0.381563 0.208023 0.380870 0.205338 0.378990 0.205704 0.379930 0.210060 0.376703 0.209477 0.374589 0.206370 0.381146 0.200602
8 0.597690 0.689153 0.612664 0.689255 0.612656 0.690806 0.607578 0.691565 0.598370 0.691463
8 0.602211 0.680111 0.610234 0.679912 0.608961 0.678657 0.608766 0.678102 0.603172 0.678000 0.602823 0.679148
10 0.390552 0.306384 0.390875 0.305741 0.391380 0.306380 0.392393 0.306255 0.393333 0.306509 0.394055 0.307282 0.391768 0.311741 0.394779 0.316148 0.393622 0.316921 0.392104 0.317306 0.391526 0.317435 0.389297 0.312778 0.388703 0.312653 0.387727 0.313398 0.387833 0.314574 0.391130 0.322472 0.386060 0.315509 0.385263 0.312037 0.385263 0.309634 0.386589 0.307593 0.389221 0.305954
2 0.444495 0.368898 0.441284 0.368181 0.440831 0.371273 0.431299 0.383514 0.429453 0.385181 0.428362 0.387940 0.428633 0.388903 0.430260 0.390347 0.431885 0.393963 0.435005 0.401194 0.438529 0.403120 0.439523 0.401000 0.445641 0.384773
8 0.351789 0.257088 0.358849 0.261755 0.359036 0.267176 0.351664 0.261977 0.350914 0.260532 0.351039 0.258755
10 0.367833 0.209449 0.368201 0.205963 0.368771 0.204366 0.369794 0.203278 0.370000 0.204894 0.369669 0.206106 0.369424 0.207634 0.369344 0.208579 0.369263 0.209523
2 0.399805 0.327000 0.405872 0.317125 0.407505 0.316046 0.408766 0.317625 0.413432 0.325171 0.422299 0.340356 0.424401 0.343343 0.415734 0.348056 0.408474 0.322241 0.407224 0.322241 0.406216 0.322815 0.404641 0.325611 0.409065 0.339486 0.412266 0.349861 0.411523 0.350394 0.412331 0.353620 0.413112 0.353148 0.412729 0.360435 0.410326 0.359449 0.400247 0.336764
2 0.337385 0.211120 0.345745 0.214398 0.350693 0.215870 0.351984 0.216856 0.351276 0.220681 0.349310 0.225324 0.348607 0.225926 0.347607 0.224227 0.343180 0.215384 0.342607 0.214644 0.341617 0.214829 0.341565 0.215894 0.341703 0.217042 0.339203 0.213616
1 0.571690 0.708231 0.573253 0.708093 0.575232 0.708602 0.577758 0.710176 0.579607 0.711750 0.582628 0.715222 0.584268 0.717769 0.586057 0.720907 0.587802 0.724611 0.590286 0.731556 0.592083 0.738741 0.594141 0.747639 0.595716 0.756532 0.597005 0.766569 0.597823 0.773347 0.598469 0.781593 0.598831 0.791847 0.599409 0.801907 0.599724 0.808852 0.599586 0.820194 0.599411 0.829676 0.598682 0.841759 0.597500 0.856537 0.596510 0.866074 0.594870 0.877625 0.593883 0.883611 0.591885 0.888505 0.588753 0.894264 0.584974 0.899833 0.579646 0.905986 0.572138 0.913282 0.566469 0.918083 0.562310 0.919329 0.559612 0.919329 0.557560 0.919236 0.555885 0.916259 0.554859 0.914338 0.553995 0.910403 0.553510 0.904644 0.552914 0.899745 0.552969 0.888417 0.553672 0.877764 0.554049 0.873537 0.553888 0.871810 0.553130 0.872769 0.552646 0.876995 0.552104 0.888801 0.552052 0.900130 0.552701 0.909731 0.553672 0.915009 0.555885 0.919907 0.557828 0.921537 0.562365 0.921731 0.565930 0.920194 0.568250 0.918657 0.573219 0.914435 0.578404 0.909250 0.583479 0.903778 0.587083 0.899097 0.590185 0.894199 0.593219 0.888560 0.594682 0.885088 0.595518 0.880194 0.596253 0.875051 0.597297 0.868231 0.598690 0.856921 0.599904 0.841319 0.600370 0.829542 0.600651 0.819583 0.600560 0.808986 0.599898 0.790759 0.599518 0.780088 0.598815 0.772338 0.597909 0.763477 0.596898 0.756162 0.595068 0.745736 0.592734 0.736528 0.590911 0.730148 0.588451 0.723407 0.585667 0.717384 0.581391 0.711574 0.578203 0.708852 0.575906 0.707273 0.574453 0.706773 0.572961 0.706773 0.570904 0.706917
8 0.373911 0.303944 0.375586 0.302329 0.375586 0.302329
8 0.374839 0.317690 0.383633 0.317977 0.386094 0.318051 0.387385 0.319912 0.386617 0.321421 0.377745 0.320417 0.374930 0.319981 0.374464 0.319481 0.373464 0.318426 0.373062 0.316588 0.373422 0.308199 0.373911 0.303944 0.374505 0.303472 0.374844 0.303931 0.374643 0.309241 0.374271 0.315833 0.374714 0.317130
8 0.374836 0.321009 0.381883 0.329306 0.383190 0.328810 0.375583 0.319931 0.374974 0.320000
8 0.498404 0.466380 0.507526 0.469486 0.512026 0.473264 0.524021 0.493593 0.532656 0.508088 0.542945 0.524583 0.538263 0.522819 0.533229 0.521481 0.530094 0.516606 0.524297 0.506699 0.524721 0.506134 0.524612 0.503162 0.518565 0.493944 0.506685 0.476662 0.501716 0.474648 0.500417 0.474431 0.499453 0.473088 0.498635 0.470954 0.498398 0.468375
8 0.490495 0.409491 0.495669 0.424713 0.491362 0.425528 0.486648 0.410324 0.487703 0.410324
6 0.530622 0.457319 0.552503 0.508819 0.554341 0.506796 0.552620 0.502625 0.532898 0.454519
8 0.535435 0.468366 0.528872 0.464009 0.526070 0.461829 0.523794 0.461051 0.522482 0.464630 0.529484 0.468833 0.534737 0.471167
8 0.527560 0.467741 0.534036 0.478481 0.531760 0.477699 0.526333 0.468523
8 0.542240 0.459977 0.554344 0.476787 0.561138 0.495153 0.552529 0.486199
8 0.552529 0.486199 0.562438 0.498009 0.564555 0.504194 0.556234 0.495722
8 0.561833 0.488218 0.586492 0.515519 0.591031 0.519417 0.599651 0.532931 0.574708 0.508574 0.567148 0.502333
8 0.560344 0.475977 0.568943 0.492495 0.572271 0.493569 0.572953 0.493032 0.562763 0.472032 0.561594 0.474616
8 0.572716 0.492481 0.574185 0.490273 0.580370 0.500921 0.581190 0.502727 0.580682 0.503333 0.579495 0.504236 0.577630 0.502727 0.575089 0.501727 0.573958 0.501625 0.572320 0.499514 0.572271 0.493569 0.572953 0.493032
6 0.394711 0.245361 0.402271 0.248912 0.403247 0.248338 0.405596 0.248500 0.408159 0.249894 0.406958 0.246801 0.411396 0.244074 0.393953 0.236625
6 0.416302 0.273667 0.409612 0.286255 0.404849 0.292338 0.406471 0.288981 0.411206 0.278292 0.412773 0.275292 0.413859 0.270954 0.414581 0.268542
6 0.420591 0.256880 0.417844 0.262546 0.419617 0.267519 0.420880 0.264620 0.423354 0.260634 0.424336 0.258144
1 0.378698 0.245833 0.381977 0.258398 0.384461 0.266653 0.386729 0.271741 0.387862 0.274144 0.388565 0.274718 0.389104 0.273949 0.386784 0.269056 0.384190 0.262333 0.381005 0.250431 0.380000 0.245417 0.378854 0.240833 0.377711 0.235648 0.376630 0.235356 0.377656 0.240741
8 0.376289 0.192977 0.377385 0.188264 0.378458 0.188764 0.377268 0.194718 0.376708 0.193889
5 0.395237 0.273153 0.390240 0.263486 0.386458 0.254861 0.383003 0.251005 0.380000 0.245417 0.378854 0.240833 0.381815 0.243806 0.383651 0.242269 0.385000 0.241120 0.389969 0.244190 0.391536 0.245630 0.392885 0.247741 0.393443 0.253069
2 0.435604 0.253032 0.432711 0.256620 0.437201 0.257958 0.436779 0.256032 0.436810 0.252977
5 0.395307 0.250542 0.398898 0.256495 0.397810 0.262019 0.397568 0.263019 0.397607 0.269903 0.399302 0.275069 0.397466 0.279792 0.397083 0.271301 0.395497 0.253014
2 0.396719 0.303194 0.391768 0.311741 0.397500 0.320528 0.397318 0.317009 0.397266 0.315000 0.396979 0.309602
6 0.423852 0.250843 0.427289 0.244593 0.429372 0.245611 0.430388 0.247000 0.428044 0.250935 0.426740 0.250838
1 0.445188 0.251667 0.454719 0.252176 0.455005 0.253519 0.453469 0.253519 0.445109 0.253472
1 0.413734 0.250778 0.426740 0.250838 0.435419 0.251208 0.442846 0.251704 0.442711 0.252815 0.442602 0.253440 0.427854 0.252634 0.418302 0.252574 0.414432 0.252509
6 0.432208 0.328056 0.434604 0.331620 0.438380 0.336106 0.434346 0.338250 0.431500 0.334019 0.430846 0.331199 0.431685 0.329125
6 0.427573 0.341662 0.422521 0.334949 0.423927 0.330736 0.428250 0.322171 0.430802 0.325644 0.429633 0.327880 0.429120 0.329954 0.429305 0.332194 0.429911 0.334931 0.432060 0.339329
2 0.411839 0.316431 0.420328 0.332495 0.422341 0.336343 0.425964 0.342505 0.424401 0.343343 0.422299 0.340356 0.413432 0.325171 0.408766 0.317625 0.410286 0.316991 0.411411 0.316583
2 0.398609 0.298847 0.400664 0.295611 0.402448 0.295370 0.412109 0.283148 0.417266 0.276435 0.420219 0.283745 0.416563 0.288056 0.418305 0.281421 0.417232 0.281255 0.414852 0.289139 0.408365 0.299014 0.404865 0.304157 0.410885 0.314361 0.407505 0.316046 0.405872 0.317125 0.401130 0.309384 0.399115 0.311389
8 0.439531 0.309028 0.436154 0.306167 0.434461 0.304083 0.434201 0.302556 0.434461 0.300611 0.435346 0.298528 0.436154 0.296769 0.437247 0.296954 0.439070 0.298806 0.440112 0.300009 0.440180 0.309708
8 0.449638 0.309671 0.455966 0.318565 0.461120 0.327884 0.465339 0.335324 0.460284 0.336079 0.457292 0.331681 0.454008 0.327236 0.452018 0.322523 0.450904 0.318185 0.449789 0.312185
8 0.444521 0.304065 0.447440 0.306167 0.448044 0.313843 0.449094 0.319361 0.445625 0.314199 0.442841 0.310903 0.442437 0.310398 0.442266 0.304523 0.442276 0.302509 0.442560 0.302736
8 0.412266 0.349861 0.404641 0.325611 0.406216 0.322815 0.407224 0.322241 0.408474 0.322241 0.415734 0.348056
8 0.416661 0.351352 0.420938 0.364833 0.416742 0.366556 0.413112 0.353148 0.415667 0.351977
8 0.423411 0.373657 0.426198 0.381944 0.430391 0.395139 0.434818 0.410556 0.436198 0.415231 0.435578 0.421463 0.432214 0.416250 0.431198 0.411528 0.431474 0.408472 0.430951 0.401370 0.429536 0.395491 0.428086 0.392907 0.425464 0.390542 0.423802 0.389352 0.419687 0.375509
5 0.465344 0.404134 0.470185 0.428681 0.469323 0.445139 0.465414 0.449755 0.462091 0.453495 0.462307 0.441662 0.457453 0.414662 0.462154 0.406736
5 0.450328 0.381593 0.441508 0.339051 0.445339 0.337125 0.451411 0.336611 0.452964 0.344972 0.455794 0.357880 0.460016 0.377222 0.451216 0.381667
14 0.413362 0.387458 0.418484 0.387315 0.422641 0.388606 0.425464 0.390542 0.428086 0.392907 0.429536 0.395491 0.430951 0.401370 0.431474 0.408472 0.430951 0.413991 0.419453 0.396708
10 0.325247 0.249736 0.329354 0.239532 0.330661 0.239366 0.332247 0.240278 0.334443 0.242102 0.336029 0.244509 0.336357 0.246500 0.336495 0.249074 0.333089 0.261685
10 0.373062 0.316588 0.373464 0.318426 0.372542 0.318671 0.369391 0.314690 0.369625 0.308301 0.371763 0.306032 0.373422 0.308199
2 0.343872 0.242889 0.346487 0.243574 0.347260 0.263019 0.343516 0.278611 0.340880 0.272583 0.339964 0.257005 0.339964 0.257005
10 0.402826 0.174023 0.403448 0.174231 0.403729 0.176032 0.405424 0.178352 0.407177 0.179847 0.409211 0.181565 0.410229 0.182361 0.402909 0.184181
10 0.631047 0.646491 0.629841 0.645037 0.642786 0.637833 0.644159 0.640736
10 0.643724 0.637407 0.648552 0.635148 0.649076 0.637241 0.644826 0.639333
10 0.643724 0.637407 0.639737 0.630417 0.638776 0.631019 0.644596 0.641366 0.645727 0.640764
10 0.604320 0.665699 0.608716 0.664269 0.609219 0.667685 0.604422 0.669292
2 0.506685 0.476662 0.518565 0.493944 0.524612 0.503162 0.524721 0.506134 0.523911 0.507194 0.522083 0.505648 0.513922 0.492889 0.507495 0.482903 0.501716 0.474648
2 0.561469 0.556694 0.563805 0.532662 0.576857 0.565551 0.585971 0.589162 0.585130 0.590139 0.580758 0.588944 0.574815 0.578653
2 0.577732 0.538755 0.577224 0.538852 0.571008 0.528306 0.570049 0.527000 0.569258 0.524991 0.568185 0.525995 0.567844 0.527403 0.558240 0.501481 0.562138 0.501685 0.564555 0.504194
10 0.600240 0.696606 0.603346 0.698315 0.603953 0.699412 0.604747 0.701343 0.604747 0.705838 0.604099 0.711750
6 0.457453 0.414662 0.459620 0.433241 0.462091 0.453495 0.460763 0.450995 0.458289 0.445213 0.455266 0.419903
7 0.501044 0.507250 0.493656 0.510153 0.491237 0.506782 0.492349 0.506435 0.490128 0.496903 0.487380 0.497718 0.488297 0.502250 0.483458 0.494694 0.485354 0.492370 0.486268 0.491676 0.487055 0.491208 0.487708 0.490046 0.488229 0.489931 0.488951 0.490514 0.490453 0.490514 0.490781 0.488537 0.490977 0.487838 0.491302 0.488069 0.491630 0.489815 0.492479 0.491440 0.493919 0.491792 0.495682 0.492139
2 0.604828 0.568644 0.604404 0.565537 0.601693 0.560556 0.601253 0.558069 0.600729 0.553245 0.586813 0.536750 0.585237 0.539241 0.584273 0.542194 0.583224 0.545153 0.585133 0.550639
8 0.452896 0.432565 0.456891 0.441958 0.460763 0.450995 0.462091 0.453495 0.462091 0.455264 0.461219 0.457838 0.460224 0.459389 0.456083 0.453505 0.452901 0.448194
5 0.528716 0.381222 0.532599 0.380338 0.538625 0.379495 0.539091 0.390778 0.539091 0.396088 0.540630 0.403889 0.543617 0.419736 0.542547 0.442509 0.529687 0.426069 0.529104 0.418824 0.528169 0.418407 0.524388 0.417412 0.521169 0.407870 0.524435 0.398412 0.525695 0.389037 0.525089 0.381583 0.526849 0.381801 0.528529 0.411088 0.529555 0.411588 0.530349 0.410843 0.529742 0.399880
5 0.527167 0.370907 0.530661 0.368667 0.535469 0.367412 0.537943 0.367921 0.538456 0.369083 0.538206 0.370588 0.537557 0.373181 0.538099 0.374519 0.528021 0.376773 0.527464 0.373116
6 0.524458 0.377616 0.538099 0.374519 0.544253 0.373852 0.545766 0.373852 0.548628 0.372796 0.551273 0.376153 0.551057 0.380759 0.550195 0.382102 0.549654 0.384602 0.548268 0.400894 0.547477 0.417028 0.545633 0.441745 0.545633 0.443824 0.545982 0.446935 0.542547 0.442509 0.543940 0.413750 0.545232 0.395708 0.546026 0.381185 0.545839 0.380106 0.543693 0.379861 0.539117 0.379194 0.532599 0.380338 0.527651 0.381583 0.525089 0.381583
14 0.539117 0.379194 0.542898 0.388819 0.545232 0.395708 0.546026 0.381185 0.545839 0.380106 0.543693 0.379861
14 0.562536 0.439046 0.564195 0.443171 0.565852 0.444884 0.567146 0.445421 0.569232 0.444231 0.570195 0.443398 0.575247 0.440852 0.579154 0.446593 0.580029 0.445699 0.579031 0.442194 0.579482 0.440644 0.580326 0.439356 0.579362 0.438231 0.577766 0.437319 0.576740 0.434856 0.576651 0.433944 0.579000 0.429606 0.582956 0.424935 0.583445 0.421213 0.582432 0.416259 0.571763 0.391167 0.557701 0.357245 0.556406 0.355611 0.555813 0.355514 0.555055 0.353306 0.554677 0.351963 0.553435 0.350523 0.544792 0.358491 0.539828 0.365500 0.538206 0.370588 0.537557 0.373181 0.538099 0.374519 0.544253 0.373852 0.545766 0.373852 0.548628 0.372796 0.551273 0.376153 0.551057 0.380759 0.550195 0.382102 0.549654 0.384602 0.548268 0.400894 0.561451 0.436324 0.563849 0.425532 0.566224 0.415167 0.566927 0.412477 0.567576 0.411616 0.568169 0.412093 0.568224 0.412769 0.565794 0.422750 0.562984 0.436574
1 0.558620 0.453287 0.560826 0.439648 0.563849 0.425532 0.566224 0.415167 0.566927 0.412477 0.567576 0.411616 0.568169 0.412093 0.568224 0.412769 0.565794 0.422750 0.562984 0.436574 0.561042 0.446079 0.560393 0.451741 0.559906 0.455681
6 0.563867 0.462519 0.566992 0.450528 0.569232 0.444231 0.570195 0.443398 0.575247 0.440852 0.579154 0.446593 0.577490 0.448292 0.575654 0.451458 0.576195 0.452708 0.579219 0.454630 0.576391 0.464407 0.574477 0.469306 0.572435 0.475991 0.566930 0.467704
8 0.547083 0.445903 0.545633 0.443824 0.545633 0.441745 0.546641 0.439667 0.548375 0.437583 0.549182 0.437727 0.558620 0.453287 0.566930 0.467704 0.579789 0.487102 0.584065 0.494056 0.593440 0.511546 0.612143 0.545005 0.599651 0.532931 0.589643 0.516472 0.580370 0.500921 0.563177 0.471130 0.563448 0.469884 0.563328 0.468806 0.553510 0.456366
5 0.524732 0.475769 0.530977 0.484870 0.534607 0.490032 0.544451 0.497565 0.531865 0.481213 0.527911 0.475690 0.521781 0.466370 0.520247 0.466370 0.519609 0.468593 0.524461 0.473787
8 0.499451 0.455898 0.507227 0.459056 0.511776 0.461523 0.515753 0.464523 0.519609 0.468593 0.524461 0.473787 0.524732 0.475769 0.524370 0.478824 0.523164 0.481875 0.521990 0.482519 0.512026 0.473264 0.507526 0.469486 0.498404 0.466380 0.498247 0.464412 0.498188 0.462111 0.498276 0.459699 0.498969 0.457236
8 0.515344 0.506176 0.526078 0.539361 0.526724 0.533231 0.527292 0.528662 0.519357 0.502690 0.518565 0.502111 0.516745 0.503106 0.515672 0.504597
8 0.525953 0.540676 0.522266 0.533454 0.520586 0.534449 0.519792 0.534616 0.519138 0.532213 0.519326 0.530218 0.520352 0.529806 0.512078 0.515153 0.513057 0.521208 0.516742 0.532292 0.521888 0.546306 0.524911 0.551083
8 0.525784 0.553130 0.531906 0.563394 0.531299 0.560884 0.531219 0.558444 0.532107 0.557153 0.533560 0.555435
6 0.619956 0.554088 0.625385 0.558023 0.625073 0.561245 0.621690 0.563106 0.617227 0.580833 0.613568 0.577236 0.617805 0.560069 0.618508 0.555171
8 0.571651 0.514269 0.587690 0.530685 0.605943 0.549403 0.617805 0.560069 0.618508 0.555171 0.619956 0.554088 0.619344 0.551690 0.599651 0.532931 0.574708 0.508574 0.567148 0.502333 0.568956 0.507222
14 0.580029 0.445699 0.579031 0.442194 0.579482 0.440644 0.580326 0.439356 0.579362 0.438231 0.577766 0.437319 0.576740 0.434856 0.576651 0.433944 0.579000 0.429606 0.585508 0.421944 0.589938 0.416431 0.592680 0.413912 0.594128 0.412250 0.595151 0.413481 0.596477 0.416806 0.596568 0.418787 0.597862 0.419750 0.598737 0.420449 0.600365 0.424356 0.613049 0.457727 0.618953 0.473370 0.622539 0.482907 0.622177 0.486171 0.621755 0.490884 0.619195 0.493458 0.607203 0.475343 0.594513 0.455755 0.592609 0.455111 0.590721 0.455782 0.588615 0.456167 0.586453 0.453282 0.583214 0.447907 0.581378 0.445894
14 0.621073 0.539264 0.619510 0.542181 0.617716 0.543894 0.615344 0.543894 0.613521 0.540560 0.613341 0.538662 0.611307 0.537134 0.586245 0.497644 0.584065 0.494056 0.579789 0.487102 0.578378 0.481148 0.578177 0.478569 0.578865 0.475111 0.576904 0.472625 0.574477 0.469306 0.576391 0.464407 0.579219 0.454630 0.576195 0.452708 0.575654 0.451458 0.577490 0.448292 0.580029 0.445699 0.581378 0.445894 0.583214 0.447907 0.586453 0.453282 0.588615 0.456167 0.590721 0.455782 0.592609 0.455111 0.594513 0.455755 0.607203 0.475343 0.621406 0.496843 0.625771 0.503310 0.626818 0.505171 0.627201 0.506968 0.626956 0.509199 0.628107 0.509634 0.629432 0.510130 0.630966 0.512792 0.631453 0.514093 0.631461 0.516833 0.630555 0.521046 0.625536 0.531333 0.622547 0.536736 0.614271 0.509259 0.611120 0.497778 0.610703 0.497639 0.609740 0.498102 0.609167 0.498935 0.618776 0.531620
14 0.642315 0.566144 0.637891 0.543472 0.631120 0.507176 0.630677 0.503056 0.630885 0.501111 0.631198 0.499444 0.630703 0.498194 0.629583 0.496157 0.629870 0.491852 0.631068 0.488009 0.632891 0.484815 0.635859 0.482037 0.639141 0.479907 0.642969 0.478009 0.646458 0.477500 0.649271 0.478056 0.651016 0.479907 0.652031 0.483009 0.652005 0.485417 0.652813 0.487269 0.654010 0.489769 0.657630 0.510972 0.663177 0.541481 0.665417 0.553750 0.665521 0.556991 0.665365 0.560231 0.664297 0.562639 0.663125 0.564213 0.661307 0.563750 0.653117 0.561241 0.649125 0.562319 0.644646 0.566264
14 0.642315 0.566144 0.644646 0.566264 0.649125 0.562319 0.653117 0.561241 0.661307 0.563750 0.670583 0.565259 0.674052 0.565690 0.678247 0.568486 0.680708 0.571639 0.682404 0.575870 0.683492 0.580819 0.683734 0.585264 0.683734 0.592722 0.682443 0.597815 0.680508 0.601759 0.678047 0.604194 0.657635 0.606421 0.651344 0.605917 0.645818 0.603120 0.643357 0.601185 0.642065 0.595949 0.640008 0.594657 0.638958 0.593940 0.638385 0.592222 0.637005 0.588565 0.636797 0.586389 0.636974 0.577894 0.637547 0.573866 0.638693 0.570856 0.640385 0.567537
8 0.628120 0.544329 0.624760 0.535023 0.623719 0.535625 0.622547 0.536736 0.623672 0.540324 0.627346 0.553213
8 0.629268 0.557523 0.634477 0.571597 0.636974 0.577894 0.637547 0.573866 0.638693 0.570856 0.632182 0.553727 0.629891 0.548403
8 0.533953 0.442579 0.548411 0.460199 0.554893 0.469472 0.560344 0.475977 0.561594 0.474616 0.562763 0.472032 0.563448 0.469884 0.563328 0.468806 0.545982 0.446935 0.529687 0.426069 0.529526 0.429653 0.529284 0.432667 0.529323 0.435676 0.529635 0.437546
5 0.554893 0.469472 0.561326 0.486421 0.568956 0.507222 0.576445 0.526634 0.586250 0.553731 0.592000 0.569222 0.593143 0.572329 0.592180 0.574204 0.591125 0.574259 0.590102 0.574042 0.576180 0.535102 0.561138 0.495153 0.548411 0.460199
8 0.585971 0.589162 0.576857 0.565551 0.563805 0.532662 0.563854 0.532181 0.563521 0.532083 0.552620 0.502625 0.538065 0.462657 0.531581 0.444468 0.531893 0.443134 0.533266 0.442579 0.533953 0.442579 0.539391 0.452690 0.551885 0.484454 0.574016 0.543935 0.589924 0.586079 0.586693 0.588380
8 0.561469 0.556694 0.574815 0.578653 0.583562 0.593759 0.576693 0.593009 0.575818 0.593065 0.557891 0.562361 0.560995 0.562426
8 0.539685 0.580218 0.547008 0.594093 0.547732 0.594037 0.548513 0.593287 0.550661 0.588597 0.549857 0.586051 0.541932 0.570681 0.541854 0.574005 0.541826 0.576898 0.540982 0.578824
