2 0.603299 0.582398 0.607214 0.580167 0.610128 0.577134 0.611281 0.576153 0.612635 0.580435 0.613742 0.585435 0.612034 0.588282 0.609372 0.590431 0.607214 0.593019 0.607466 0.595074 0.606862 0.595597 0.604854 0.589898 0.604203 0.587833 0.605508 0.587833 0.607065 0.589005 0.608018 0.586861 0.605859 0.585079 0.603451 0.584273
2 0.597224 0.565352 0.599182 0.562944 0.603047 0.563477 0.606513 0.564458 0.608268 0.564907 0.608820 0.566065 0.609424 0.566065 0.611130 0.571333 0.611745 0.573380 0.610378 0.573644 0.609573 0.575875 0.608117 0.577310 0.605909 0.577491 0.602245 0.577046 0.602294 0.574009 0.601091 0.571333 0.597477 0.567495
2 0.550833 0.515926 0.547615 0.523727 0.544602 0.529708 0.544607 0.534250 0.545456 0.535329 0.548568 0.530241 0.551279 0.523551
2 0.550833 0.515926 0.553940 0.509449 0.557203 0.502931 0.559865 0.495347 0.561570 0.493472 0.564482 0.491065 0.566591 0.492310 0.566693 0.493560 0.563328 0.500523 0.560617 0.506056 0.558659 0.507486 0.556099 0.512125 0.554745 0.510875 0.554909 0.515560 0.553755 0.515116
2 0.574323 0.527755 0.576883 0.531681 0.578789 0.534981 0.582755 0.540245 0.585417 0.543102 0.585466 0.539532 0.584161 0.535606 0.581552 0.532838 0.580096 0.529718 0.579141 0.527037 0.578740 0.528736 0.574372 0.526412
2 0.585260 0.533889 0.586320 0.532481 0.587576 0.533644 0.590536 0.537926 0.593750 0.541676 0.593500 0.543458 0.594354 0.546764 0.595307 0.544889 0.596060 0.544532 0.596763 0.545958 0.595958 0.547296 0.596060 0.550958 0.597466 0.554171 0.593198 0.552384 0.589271 0.548889 0.587526 0.545690 0.586672 0.544889 0.586721 0.538463 0.586320 0.535519
2 0.530729 0.527315 0.530781 0.524977 0.531586 0.522301 0.531836 0.518551 0.533242 0.513019 0.534245 0.509449 0.536956 0.506593 0.538594 0.505185 0.541023 0.505431 0.538211 0.514537 0.536406 0.519537 0.535052 0.522546
2 0.500547 0.488847 0.502286 0.486227 0.506794 0.482523 0.509049 0.480287 0.510091 0.479051 0.510917 0.480134 0.512352 0.487384 0.513133 0.491088 0.512089 0.491241 0.506320 0.497333 0.503323 0.500958 0.502891 0.500495
2 0.557117 0.539032 0.556716 0.535194 0.555763 0.534838 0.555813 0.533769 0.556365 0.532963 0.555260 0.521542 0.554909 0.515560 0.553755 0.515116 0.550833 0.515926 0.551547 0.528500 0.551797 0.531269 0.553302 0.536000 0.555161 0.539838 0.555964 0.539120
2 0.573208 0.401412 0.570599 0.403102 0.567891 0.405231 0.566482 0.408194 0.568740 0.410782 0.571701 0.405699 0.573516 0.402269
2 0.575510 0.364366 0.576159 0.362981 0.576940 0.359046 0.577635 0.357194 0.579023 0.355806 0.580716 0.357042 0.581453 0.358583 0.581583 0.360356 0.580672 0.361435 0.580932 0.366449 0.581018 0.368454 0.579979 0.368843 0.580281 0.370384 0.579979 0.371079 0.580456 0.372236 0.580109 0.376171 0.579023 0.378097 0.576638 0.377481 0.572992 0.377634 0.572560 0.375398 0.572820 0.373625 0.573469 0.370769 0.574294 0.367532 0.575161 0.365449
2 0.561135 0.379185 0.558755 0.377843 0.557128 0.373301 0.552831 0.361630 0.551320 0.356778 0.551609 0.354301 0.553586 0.353269 0.554805 0.353370 0.558174 0.356676 0.562240 0.359255 0.566422 0.360083 0.567701 0.360597 0.568745 0.363801 0.570198 0.364005 0.571474 0.369375 0.572172 0.374231 0.572229 0.378255 0.569906 0.378361 0.569906 0.379907 0.572464 0.379704 0.572289 0.385176 0.570836 0.384968 0.571010 0.387755 0.570430 0.388065 0.566422 0.384764 0.562471 0.381148
2 0.508437 0.449491 0.508227 0.446537 0.508276 0.443324 0.507977 0.439398 0.507826 0.437343 0.507977 0.434222 0.508578 0.430384 0.508779 0.427884 0.511440 0.426815 0.513346 0.426722 0.513448 0.430204 0.512443 0.430653 0.512844 0.437699 0.513346 0.443144 0.512393 0.443144 0.510836 0.445106 0.510391 0.447500 0.510185 0.449037
2 0.503422 0.336403 0.507315 0.334958 0.511206 0.333824 0.513471 0.333407 0.515271 0.333306 0.516318 0.335579 0.517073 0.336093 0.516901 0.337731 0.510742 0.339708 0.505919 0.340949 0.502086 0.342912
2 0.557604 0.302315 0.559896 0.302894 0.562370 0.303727 0.563865 0.303894 0.563349 0.308454 0.562651 0.312602 0.562182 0.314514 0.560549 0.313931 0.560784 0.311773 0.557797 0.310444 0.556724 0.309782 0.555836 0.305801
2 0.545669 0.303380 0.547701 0.305690 0.549714 0.307037 0.552789 0.308097 0.554281 0.305611 0.553768 0.304199 0.551948 0.301380 0.549289 0.298722 0.547841 0.298972 0.546750 0.299347 0.546047 0.302227
2 0.363151 0.198981 0.360208 0.198250 0.359471 0.196588 0.359568 0.194750 0.358781 0.193963 0.358289 0.194139 0.358289 0.195625 0.357599 0.195102 0.357057 0.192213 0.355779 0.190111 0.357797 0.185648 0.358979 0.182148 0.358880 0.180657 0.359568 0.178560 0.360602 0.178995 0.360109 0.177245 0.361143 0.173046 0.362419 0.169597 0.362669 0.164449 0.364034 0.162333 0.368417 0.165361 0.370586 0.166421 0.371526 0.169630 0.372151 0.170347 0.374875 0.169833 0.377193 0.172574 0.378076 0.174995 0.377154 0.175847 0.377081 0.177676 0.376495 0.178199 0.373294 0.176889 0.372773 0.179083 0.372945 0.180449 0.371497 0.180528 0.371242 0.181815 0.370094 0.185745 0.369966 0.188319 0.370518 0.190208 0.368602 0.195505 0.366815 0.199819
2 0.349974 0.229120 0.357060 0.225657 0.362099 0.223106 0.365005 0.221602 0.366805 0.221338 0.366365 0.225787 0.363128 0.227880 0.362503 0.227616 0.363240 0.225981 0.362724 0.225722 0.361656 0.227745 0.360849 0.228597 0.359010 0.229838 0.355516 0.231343 0.353677 0.232194
2 0.548464 0.641806 0.547505 0.644995 0.547102 0.648926 0.547052 0.651157 0.553779 0.654278 0.560206 0.658116 0.563719 0.659991 0.566581 0.663560 0.567284 0.660972 0.568690 0.657940 0.569794 0.657847 0.569794 0.656509 0.568138 0.653120 0.569341 0.650801 0.569443 0.649644 0.563320 0.645088 0.555385 0.640009 0.555385 0.640009 0.551255 0.637736 0.550065 0.639287 0.553979 0.646602 0.553930 0.648208 0.551922 0.649102
2 0.545281 0.472032 0.549060 0.475352 0.553307 0.478921 0.550367 0.483486 0.549201 0.482324 0.548547 0.478421 0.546680 0.477926 0.543599 0.478588 0.543599 0.478009 0.545794 0.476347 0.545281 0.474523 0.543227 0.476102 0.542107 0.475685
2 0.553820 0.479171 0.555174 0.480662 0.557229 0.481824 0.555771 0.483681 0.553635 0.486639 0.551534 0.484398 0.553682 0.480829
2 0.663628 0.580403 0.663062 0.573051 0.663273 0.570199 0.664698 0.570199 0.664979 0.571444 0.667732 0.572986 0.668427 0.574106 0.669966 0.579130 0.671602 0.583653 0.671672 0.585259 0.668253 0.585324
2 0.636458 0.525231 0.633049 0.528556 0.628802 0.532954 0.625070 0.536519 0.623344 0.538097 0.623763 0.540500 0.624370 0.541829 0.629878 0.537185 0.632258 0.535190 0.635477 0.530880 0.638185 0.527727
2 0.373214 0.216310 0.373169 0.207537 0.373169 0.203907 0.373383 0.202093 0.374107 0.200352 0.375169 0.201032 0.377424 0.204968 0.376573 0.207009 0.376872 0.210713 0.376745 0.213213 0.375766 0.213894 0.374745 0.214949 0.375260 0.216713
2 0.632693 0.478204 0.630797 0.474546 0.630878 0.472037 0.631846 0.470245 0.632977 0.470319 0.633096 0.469028 0.635396 0.466875 0.637130 0.464148 0.637654 0.463866 0.638299 0.465227 0.638745 0.464866 0.638826 0.462787 0.640680 0.460495 0.641971 0.463935 0.643583 0.469815 0.644714 0.471463 0.644633 0.476056 0.644432 0.477847 0.643422 0.478565 0.642940 0.480718 0.643826 0.482509 0.643906 0.485306 0.643464 0.487241 0.640760 0.490181 0.639310 0.491472 0.637937 0.492690 0.636807 0.492620 0.635518 0.488315 0.634578 0.483431 0.633737 0.484778 0.632643 0.485523 0.631885 0.484181 0.633654 0.478347
2 0.637344 0.524352 0.638776 0.522792 0.639661 0.522097 0.640339 0.523625 0.640651 0.524921 0.638698 0.526542 0.637945 0.524968
2 0.596120 0.432685 0.595617 0.439894 0.595135 0.444019 0.593870 0.447778 0.593115 0.450028 0.590945 0.452065 0.587451 0.453616 0.583865 0.454528 0.582422 0.454500 0.581638 0.456028 0.581794 0.457741 0.583880 0.457792 0.589917 0.456407 0.593044 0.454972 0.593875 0.451644 0.594852 0.449954 0.595695 0.449847 0.596779 0.447167 0.597682 0.443097 0.598135 0.439884 0.598227 0.436616 0.598281 0.432685
2 0.592997 0.419167 0.591047 0.409782 0.588516 0.394745 0.587143 0.384593 0.586349 0.374824 0.587648 0.374954 0.590034 0.373671 0.590396 0.375213 0.592638 0.395519 0.594372 0.407597 0.596099 0.418574 0.595195 0.419319 0.594292 0.419319
2 0.593747 0.422056 0.594893 0.426764 0.595646 0.430625 0.597266 0.431204 0.598047 0.431574 0.597938 0.425912 0.596911 0.422056 0.596581 0.419806 0.595255 0.420824 0.593448 0.420931
2 0.546443 0.494713 0.551302 0.489852 0.555771 0.483681 0.558591 0.480366 0.562628 0.475352 0.563625 0.474269 0.564492 0.479361 0.565708 0.483912 0.559979 0.488384 0.552951 0.494250 0.547789 0.499495 0.543708 0.502269 0.542234 0.501653 0.542104 0.499338 0.545055 0.496560
2 0.569948 0.411250 0.573159 0.409088 0.575518 0.406319 0.576018 0.405250 0.577878 0.405250 0.579232 0.404181 0.580839 0.404000 0.580589 0.402574 0.579182 0.399986 0.574865 0.400787 0.572305 0.406231 0.570596 0.409894
2 0.542240 0.506065 0.542247 0.516491 0.542398 0.522380 0.542799 0.522824 0.542398 0.523630 0.542349 0.528537 0.543404 0.528894 0.543151 0.533537 0.544607 0.534250 0.544758 0.524167 0.544766 0.513565 0.544557 0.506134
6 0.390802 0.256870 0.390964 0.260046 0.392083 0.266991 0.392674 0.270486 0.393440 0.272227 0.395099 0.270792 0.396419 0.269051 0.396172 0.266250 0.395521 0.260509 0.393695 0.259218
6 0.456432 0.277241 0.452492 0.274389 0.451307 0.276745 0.451096 0.278977 0.449599 0.279287 0.449562 0.288273 0.449982 0.289139 0.453711 0.291620 0.457234 0.294843 0.456607 0.285792 0.456396 0.281829
6 0.457372 0.277796 0.460685 0.281083 0.461276 0.280588 0.462638 0.282509 0.462578 0.284931 0.463544 0.285579 0.463786 0.287301 0.465036 0.287727 0.465120 0.289019 0.465844 0.290162 0.464635 0.290880 0.463745 0.290454 0.463102 0.289810 0.462617 0.288731 0.461448 0.288949 0.462333 0.289375 0.462859 0.290958 0.463786 0.291958 0.466648 0.291602 0.466047 0.296764 0.465482 0.300847 0.461609 0.298194 0.458099 0.295542 0.457495 0.288731 0.457214 0.282278
6 0.414302 0.390463 0.414219 0.388167 0.416115 0.386875 0.418294 0.386731 0.419102 0.389097 0.418737 0.395769 0.418568 0.397083
6 0.506901 0.234676 0.509750 0.232681 0.512734 0.232148 0.513427 0.233324 0.513458 0.239699 0.512914 0.240287 0.508125 0.241093 0.507823 0.239431 0.507010 0.238898
6 0.588049 0.358352 0.584620 0.349944 0.582971 0.346088 0.581930 0.345778 0.580932 0.346162 0.579979 0.349097 0.581714 0.353417 0.583232 0.357426 0.584359 0.357810 0.584880 0.360125 0.586617 0.359815
6 0.590885 0.364907 0.592448 0.363213 0.593013 0.363287 0.595052 0.366606 0.595615 0.369227 0.593794 0.372620 0.592924 0.372005 0.590669 0.366681
1 0.547052 0.651157 0.553779 0.654278 0.560206 0.658116 0.563719 0.659991 0.566581 0.663560 0.567328 0.664616 0.563495 0.673806 0.560357 0.680620 0.559021 0.687644 0.554318 0.673704 0.549380 0.658523
2 0.563135 0.450199 0.565820 0.453667 0.567354 0.455278 0.570526 0.455278 0.574021 0.454523 0.577729 0.454472 0.579607 0.454644 0.580930 0.454782 0.580411 0.456241 0.572818 0.456292 0.569021 0.457097 0.566729 0.457042 0.565076 0.455542 0.561940 0.451472
2 0.559479 0.447222 0.561125 0.448204 0.562604 0.449444 0.561406 0.450509 0.560341 0.449273 0.558745 0.448472
2 0.587760 0.429352 0.581862 0.430037 0.578906 0.429620 0.576497 0.429898 0.576729 0.434736 0.576263 0.439301 0.575331 0.443861 0.575018 0.449116 0.575953 0.452019 0.578130 0.452569 0.579607 0.454644 0.580930 0.454782 0.581784 0.453125 0.584740 0.451324 0.586529 0.444829 0.588083 0.438333 0.588318 0.436394
2 0.539109 0.608718 0.537500 0.608194 0.535474 0.605986 0.536297 0.603319 0.537984 0.599787 0.539560 0.596917 0.541615 0.597222 0.541253 0.602296 0.540240 0.604833
2 0.641365 0.520264 0.642062 0.519519 0.642828 0.520389 0.643490 0.520699 0.643464 0.522130 0.641354 0.524120 0.641154 0.522741
2 0.378076 0.174995 0.377193 0.172574 0.374875 0.169833 0.372151 0.170347 0.371758 0.169162 0.371815 0.166431 0.373638 0.166125 0.372784 0.164403 0.371076 0.162278 0.370961 0.160759 0.371417 0.158935 0.374094 0.159343 0.376656 0.158935 0.378310 0.157213 0.382695 0.160963 0.383378 0.156000 0.384630 0.150833 0.387594 0.151847 0.388276 0.152861 0.391807 0.151542 0.391979 0.152255 0.391695 0.155394 0.394940 0.154986 0.395112 0.157315 0.393573 0.159037 0.391297 0.161870 0.390497 0.161671 0.389984 0.159745 0.382807 0.165722 0.380245 0.168352 0.379505 0.170986
2 0.340549 0.246713 0.339852 0.250699 0.339372 0.252926 0.340146 0.254102 0.341763 0.254361 0.343492 0.253838 0.344779 0.252662 0.344924 0.246519 0.344815 0.244361 0.343674 0.243380 0.342534 0.243639 0.341578 0.244491
2 0.375234 0.251481 0.374154 0.249745 0.373854 0.247630 0.372237 0.244449 0.373771 0.242713 0.375174 0.241653 0.377385 0.241579 0.378237 0.243694 0.380109 0.246269 0.382833 0.248231 0.384661 0.247931 0.385937 0.250653 0.387555 0.252620 0.387172 0.254208 0.382661 0.252167 0.379258 0.250579 0.376927 0.250046
2 0.375727 0.253227 0.376664 0.256782 0.377430 0.258370 0.378195 0.257236 0.378620 0.258218 0.377940 0.259731 0.378664 0.261093 0.382083 0.262801 0.382594 0.263861 0.384042 0.263861 0.385742 0.263255 0.386380 0.260606 0.387143 0.259306 0.389016 0.260213 0.389440 0.258398 0.389398 0.256509 0.384633 0.254389 0.380164 0.252347 0.377953 0.251667 0.377102 0.251139 0.376250 0.251972
2 0.550510 0.371366 0.548177 0.362519 0.546544 0.356713 0.545609 0.352704 0.543122 0.352431 0.541721 0.355056 0.543432 0.362657 0.545299 0.369157 0.546388 0.372611 0.549188 0.371366
2 0.544161 0.471370 0.543461 0.470708 0.540659 0.468880 0.538654 0.468134 0.538885 0.469875 0.539401 0.470542 0.539026 0.472699 0.541266 0.474940 0.543180 0.472616
2 0.558203 0.446917 0.554076 0.446542 0.552206 0.446167 0.551815 0.446861 0.551846 0.447935 0.554635 0.448472 0.557359 0.448579
2 0.597943 0.442593 0.604789 0.440931 0.609224 0.439495 0.611375 0.439736 0.611242 0.443560 0.607680 0.443917 0.604115 0.445370 0.598068 0.446426
2 0.610086 0.439676 0.611518 0.437361 0.612159 0.435130 0.613266 0.433343 0.614872 0.433259 0.615773 0.431468 0.616828 0.428968 0.618432 0.429593 0.618737 0.431917 0.619591 0.433884 0.617734 0.437986 0.616026 0.439060 0.614016 0.442713 0.613115 0.444319 0.612562 0.446556 0.611909 0.446556 0.611258 0.445569 0.611242 0.443560 0.611375 0.439736
2 0.617786 0.451806 0.618766 0.449537 0.619870 0.447579 0.620581 0.446829 0.620807 0.444236 0.623370 0.437727 0.626091 0.430764 0.628042 0.425995 0.628849 0.423542 0.629789 0.424000 0.630753 0.424468 0.632547 0.428218 0.629737 0.435440 0.627029 0.442662 0.625206 0.446875 0.622914 0.453148 0.621930 0.455894 0.621333 0.457282 0.619482 0.457190 0.618854 0.453426
2 0.627578 0.463519 0.626349 0.464653 0.625177 0.467431 0.624708 0.468542 0.624552 0.469653 0.625620 0.470718 0.626323 0.470949 0.626687 0.469329 0.628146 0.466690 0.628510 0.465903 0.628620 0.463426 0.628099 0.462870
2 0.552109 0.400741 0.552706 0.398815 0.554198 0.399532 0.554521 0.401324 0.554924 0.401829 0.556094 0.401542 0.558190 0.403620 0.558307 0.405926 0.559078 0.406060 0.559805 0.407060 0.558151 0.408856 0.557021 0.409856 0.556174 0.411653 0.555367 0.413444 0.554318 0.410074 0.553148 0.408208 0.553271 0.406060 0.552318 0.404167
2 0.536628 0.461782 0.537716 0.459495 0.538685 0.460356 0.539089 0.459204 0.540378 0.459204 0.542919 0.461287 0.543685 0.461782 0.543484 0.462435 0.541911 0.468102 0.539409 0.467384 0.537513 0.467241 0.538201 0.465657 0.537674 0.465449 0.536990 0.466884 0.535255 0.466741 0.535617 0.463792
2 0.514586 0.455329 0.513453 0.453597 0.509781 0.453889 0.507891 0.456958 0.508161 0.461278 0.508917 0.461278 0.509727 0.460704 0.510214 0.461662 0.509133 0.464065 0.509997 0.465407 0.511833 0.465213 0.513021 0.462333 0.513992 0.461088 0.514857 0.459838 0.515018 0.456861
2 0.427526 0.176389 0.426154 0.185157 0.425279 0.189157 0.426904 0.192380 0.428151 0.196819 0.430599 0.200556 0.434651 0.198264 0.436336 0.194708 0.437086 0.192380 0.434339 0.188269 0.431901 0.185269 0.428901 0.179935
2 0.523385 0.287731 0.524349 0.285644 0.525961 0.284995 0.527576 0.284995 0.529995 0.284995 0.530641 0.283847 0.531932 0.283704 0.534029 0.280120 0.535260 0.281537 0.537497 0.282704 0.541977 0.285190 0.543779 0.286866 0.545831 0.289361 0.546534 0.290801 0.547505 0.290898 0.547021 0.292435 0.546318 0.293972 0.546695 0.295412 0.547560 0.297620 0.546750 0.299347 0.546047 0.302227 0.545669 0.303380 0.542753 0.302417 0.540594 0.300977 0.539029 0.299347 0.536927 0.294722 0.534794 0.296616 0.532940 0.298620 0.530318 0.300556 0.526768 0.293815
2 0.519714 0.284769 0.517687 0.285023 0.515810 0.285282 0.514365 0.286694 0.514870 0.288880 0.516315 0.293505 0.516893 0.296718 0.516604 0.299801 0.517833 0.305199 0.519641 0.304815 0.521302 0.303528 0.522820 0.301472 0.527013 0.300958 0.524268 0.299546 0.519930 0.298389 0.518917 0.297620 0.519062 0.296977 0.522388 0.297102 0.527737 0.299162 0.524122 0.292861 0.520943 0.287468
2 0.526839 0.276185 0.525214 0.272185 0.523651 0.264630 0.522654 0.260968 0.522779 0.257523 0.525464 0.256079 0.527651 0.252523 0.530589 0.250412 0.533336 0.249306 0.534148 0.250190 0.537523 0.259412 0.538698 0.262315 0.538711 0.264296 0.541510 0.274444 0.544958 0.283625 0.545021 0.285403 0.543833 0.286958 0.541977 0.285190 0.537497 0.282704 0.535260 0.281537 0.533018 0.279051 0.530870 0.278384 0.529289 0.278384 0.528674 0.276315
2 0.433276 0.381065 0.431529 0.379671 0.430836 0.378440 0.429599 0.377532 0.428122 0.373782 0.426737 0.370245 0.425260 0.368208 0.424828 0.364782 0.424383 0.363069 0.424281 0.359968 0.423862 0.358347 0.423187 0.358949 0.423187 0.361032 0.423419 0.363806 0.423891 0.365611 0.423552 0.365662 0.421883 0.362931 0.420453 0.362606 0.421052 0.364921 0.422094 0.367606 0.423005 0.370565 0.425505 0.374037 0.426711 0.378181 0.427453 0.379764 0.428677 0.381019 0.431779 0.383333 0.432273 0.383421
6 0.395130 0.258472 0.393737 0.244843 0.393016 0.238190 0.391865 0.231759 0.391440 0.227903 0.390716 0.226917 0.389740 0.227296 0.387695 0.229111 0.387440 0.231606 0.389227 0.242727 0.389823 0.246356 0.390599 0.254537 0.393490 0.257500
1 0.607161 0.601250 0.608380 0.603597 0.609401 0.602315 0.607716 0.599569 0.607333 0.600310
8 0.615417 0.406898 0.619044 0.408468 0.625294 0.411815 0.630339 0.414444 0.635174 0.418384 0.639878 0.422569 0.640753 0.422329 0.641357 0.423523 0.640953 0.426032 0.640081 0.426986 0.633628 0.420417 0.626102 0.415639 0.621060 0.412412 0.617161 0.410144 0.615000 0.409074
8 0.602310 0.400106 0.610711 0.404167 0.614674 0.405843 0.614406 0.406440 0.611786 0.408111 0.608750 0.406667 0.602781 0.403569 0.601562 0.403935 0.601099 0.401898
8 0.548464 0.641806 0.547164 0.638681 0.548464 0.638241 0.549773 0.637875 0.550065 0.639287 0.553979 0.646602 0.553930 0.648208 0.551922 0.649102
8 0.594857 0.363093 0.594323 0.354259 0.594062 0.342083 0.593917 0.333343 0.593714 0.325338 0.593646 0.314704 0.595797 0.314463 0.595797 0.329639 0.595911 0.346991 0.596536 0.359505 0.596604 0.364167
8 0.637474 0.451204 0.633469 0.455218 0.632740 0.456421 0.633052 0.457255 0.633573 0.457440 0.635031 0.455634 0.636646 0.454940 0.639010 0.452454
8 0.643802 0.445602 0.652474 0.437171 0.656169 0.433620 0.657104 0.432602 0.657617 0.432769 0.658339 0.434208 0.657977 0.435181 0.650628 0.442093 0.646831 0.445620 0.645294 0.446639
8 0.501328 0.214306 0.499880 0.207398 0.499195 0.203329 0.501253 0.200755 0.502549 0.209296 0.503568 0.216204
8 0.457898 0.338963 0.461474 0.342421 0.464661 0.344907 0.468698 0.348102 0.469406 0.349333 0.474227 0.354583 0.475937 0.355690 0.477260 0.358181 0.476172 0.361222 0.469794 0.352926 0.466685 0.349472 0.465206 0.349606 0.459685 0.344634 0.455797 0.341454 0.456341 0.339380
8 0.598125 0.466759 0.587687 0.466852 0.582750 0.467185 0.580937 0.466519 0.580440 0.468074 0.580440 0.469852 0.588437 0.469861 0.597620 0.469519 0.598432 0.468630
8 0.597169 0.506486 0.598576 0.506218 0.602792 0.509074 0.607560 0.510500 0.611578 0.511481 0.614896 0.512176 0.617292 0.512824 0.619760 0.513801 0.619859 0.516213 0.618906 0.516926 0.612135 0.515417 0.606307 0.513713 0.603193 0.513000 0.599378 0.510500 0.596617 0.509699 0.596417 0.506755
2 0.520068 0.338227 0.519677 0.329972 0.518852 0.327282 0.518810 0.323801 0.518331 0.321796 0.519807 0.321875 0.521370 0.322028 0.520544 0.323032 0.520414 0.324958 0.521411 0.324264 0.522552 0.329907 0.525208 0.333750 0.528016 0.337380 0.529409 0.338412 0.526146 0.341435 0.522557 0.343579 0.519773 0.345491 0.519721 0.347366 0.521229 0.346560 0.524091 0.344421 0.527706 0.341921 0.530466 0.339421 0.531721 0.341296 0.529714 0.344597 0.528909 0.346829 0.526349 0.350486 0.524091 0.353968 0.522685 0.351917 0.521380 0.350847 0.520677 0.352005 0.517865 0.351829 0.518065 0.349329 0.517865 0.346560 0.518768 0.344060 0.520073 0.342454 0.520271 0.339338
2 0.535682 0.565301 0.536083 0.567352 0.538643 0.575472 0.540352 0.580472 0.544216 0.584486 0.542510 0.577616 0.541456 0.572616 0.539195 0.566014 0.538151 0.562454
2 0.423203 0.322954 0.422760 0.319750 0.422469 0.316222 0.423263 0.316046 0.423938 0.316782 0.424563 0.316556 0.424513 0.315625 0.426987 0.317111 0.428341 0.317713 0.430547 0.317593 0.430703 0.319491 0.427924 0.320208 0.424669 0.321921
2 0.387995 0.348148 0.391221 0.349949 0.394695 0.350963 0.397943 0.351370 0.402385 0.349241 0.406544 0.348431 0.410815 0.347319 0.411461 0.347032 0.411956 0.348106 0.412445 0.347662 0.412422 0.346884 0.414479 0.345616 0.419776 0.344352 0.422927 0.343370 0.426839 0.342315 0.429049 0.342083 0.431073 0.342315 0.434471 0.344667 0.439240 0.347611 0.442487 0.349750 0.442521 0.351583 0.445721 0.352361 0.450211 0.354458 0.452232 0.355236 0.453555 0.355106 0.454141 0.356616 0.454034 0.359356 0.453224 0.360403 0.452380 0.360269 0.450576 0.363014 0.449289 0.361778 0.447818 0.358375 0.446310 0.356806 0.443701 0.357981 0.441307 0.358375 0.439253 0.357523 0.436198 0.354458 0.433549 0.353153 0.432005 0.349486 0.427974 0.347620 0.425745 0.347398 0.423234 0.349213 0.420125 0.351236 0.416370 0.353505 0.412417 0.355602 0.410417 0.355722 0.406857 0.356056 0.403742 0.357069 0.398594 0.359218 0.396000 0.359519 0.394445 0.358954
2 0.340167 0.215370 0.342336 0.213083 0.344836 0.210662 0.345867 0.209750 0.346786 0.210009 0.347742 0.206417 0.348552 0.205694 0.349654 0.206023 0.349839 0.209750 0.348846 0.209944 0.347742 0.213412 0.347484 0.216093 0.347411 0.218509 0.346602 0.218181 0.346224 0.221528 0.345130 0.225505 0.344581 0.226810 0.343586 0.227727 0.341526 0.227856 0.339945 0.227333 0.339393 0.226421
2 0.581583 0.360356 0.582490 0.360458 0.583021 0.365139 0.583094 0.369060 0.581763 0.371500 0.581036 0.370569 0.581018 0.368454 0.580932 0.366449 0.580672 0.361435
2 0.423393 0.324472 0.425763 0.322991 0.427169 0.322296 0.428628 0.321370 0.431284 0.321278 0.432404 0.323685 0.434070 0.326417 0.435893 0.328454 0.437385 0.339046 0.438047 0.343171 0.438378 0.347185 0.434471 0.344667 0.431073 0.342315 0.429049 0.342083 0.426839 0.342315 0.425995 0.342528
2 0.559531 0.447083 0.563701 0.439324 0.567315 0.432991 0.568117 0.431648 0.568776 0.428981 0.569974 0.430042 0.572083 0.432009 0.572534 0.433972 0.574042 0.435935 0.575096 0.438255 0.575297 0.441912 0.573036 0.444861 0.569622 0.445481 0.566510 0.446556 0.563701 0.448338 0.562656 0.449398
2 0.538880 0.625231 0.541266 0.621111 0.544867 0.615329 0.546724 0.612644 0.548003 0.610269 0.547247 0.608306 0.545911 0.607171 0.545214 0.603764 0.544576 0.602111 0.542951 0.602523 0.541729 0.604278 0.540685 0.605931 0.539464 0.610991 0.538826 0.610370 0.539109 0.608718 0.537500 0.608194 0.536271 0.606755 0.535805 0.608926 0.534643 0.609546 0.534818 0.614088
2 0.377286 0.286972 0.381323 0.287759 0.384141 0.287917 0.384279 0.288889 0.383341 0.300361 0.381914 0.300005 0.381078 0.299486
2 0.465109 0.200148 0.467326 0.193500 0.467471 0.190699 0.470474 0.192884 0.472396 0.194634 0.471461 0.200588 0.470378 0.205227 0.469036 0.208796 0.466487 0.204352 0.467227 0.203653 0.467078 0.202162 0.465307 0.201986 0.464518 0.201639
2 0.438307 0.244167 0.440276 0.244361 0.442385 0.241324 0.443979 0.242542 0.445688 0.243037 0.445974 0.242356 0.445112 0.240949 0.443620 0.240278 0.445182 0.238569 0.446576 0.236250 0.448771 0.238236 0.448005 0.241741 0.446229 0.244454 0.443461 0.248292 0.442411 0.250380 0.442031 0.249870 0.442003 0.248745 0.437013 0.249648 0.436693 0.249306 0.437646 0.246935
2 0.438930 0.197676 0.439708 0.199926 0.439513 0.202176 0.439513 0.205287 0.439612 0.207713 0.439125 0.209787 0.437469 0.212208 0.436302 0.213769 0.434161 0.214630 0.428906 0.209958 0.425305 0.205287 0.433771 0.201310
1 0.625833 0.630759 0.625651 0.623315 0.626617 0.620259 0.626646 0.616722 0.626435 0.614208 0.623333 0.608102 0.627339 0.613134 0.630292 0.617259 0.630052 0.621704 0.629659 0.623579 0.627490 0.628616
1 0.620867 0.600912 0.621591 0.599625 0.624302 0.597537 0.629305 0.604019 0.635781 0.611250 0.638646 0.615213 0.635510 0.619394 0.631456 0.625319 0.632151 0.622718 0.632083 0.617884 0.628945 0.612926 0.625354 0.607472
2 0.417549 0.250843 0.420625 0.248921 0.422219 0.247199 0.423187 0.246995 0.425753 0.245880 0.428201 0.245477 0.431333 0.244565 0.435094 0.244060 0.437484 0.243755 0.437029 0.246491 0.434979 0.249829 0.430253 0.251250 0.425859 0.252870 0.421719 0.254815 0.417891 0.256514 0.416638 0.257222 0.416695 0.255500
1 0.609146 0.596657 0.611099 0.597213 0.611448 0.597958 0.611065 0.598824 0.610542 0.598389 0.608698 0.598333 0.608659 0.598389
1 0.608698 0.598333 0.609706 0.598514 0.610786 0.599815 0.610331 0.601366 0.609357 0.600065 0.608240 0.599074
2 0.394029 0.273667 0.392672 0.277153 0.391617 0.278759 0.389052 0.279296 0.385284 0.280102 0.385888 0.282782 0.388299 0.284389 0.391013 0.286264 0.393576 0.290551 0.394193 0.294921 0.394872 0.298380 0.395836 0.297681 0.396516 0.294574 0.397299 0.293208 0.398672 0.291625 0.399742 0.289722 0.399440 0.285245 0.399245 0.282111 0.399245 0.280046 0.398279 0.277958 0.396516 0.275546
1 0.573758 0.326333 0.575346 0.326782 0.575346 0.325144 0.572253 0.322769 0.568070 0.320685 0.564474 0.314736 0.563721 0.312505 0.563349 0.308454 0.563865 0.303894 0.562370 0.303727 0.559896 0.302894 0.559872 0.300167 0.559120 0.295704 0.554185 0.289014 0.554018 0.279199 0.553935 0.275778 0.553349 0.269384 0.552010 0.270574 0.552430 0.278306 0.552260 0.286931 0.550086 0.285444 0.547076 0.284403 0.544958 0.283625 0.546490 0.279792 0.546656 0.275778 0.545987 0.273102 0.544818 0.270870 0.544232 0.268046 0.545068 0.262394 0.544818 0.256894 0.544648 0.249903 0.546826 0.245296 0.545987 0.243806 0.544648 0.247079 0.543563 0.250500 0.543812 0.257338 0.543982 0.262843 0.542977 0.268046 0.542560 0.267449 0.543563 0.261653 0.542560 0.258977 0.541805 0.255704 0.540969 0.256894 0.542224 0.260907 0.542224 0.263287 0.541388 0.267750 0.542474 0.269829 0.540383 0.270125 0.541510 0.274444 0.538711 0.264296 0.538698 0.262315 0.538042 0.260463 0.539630 0.260463 0.539214 0.258824 0.538461 0.258676 0.537289 0.258676 0.536536 0.256449 0.537958 0.252880 0.537372 0.251986 0.535951 0.255106 0.534148 0.250190 0.533336 0.249306 0.534362 0.249310 0.534279 0.248417 0.531602 0.243213 0.528924 0.241431 0.527086 0.240981 0.526081 0.242023 0.524909 0.243509 0.524156 0.245444 0.523656 0.243806 0.523487 0.239051 0.522651 0.239051 0.522818 0.246037 0.522151 0.247227 0.521312 0.246486 0.519891 0.240241 0.519557 0.238903 0.518805 0.239199 0.518219 0.241579 0.516880 0.242769 0.516128 0.240981 0.516880 0.233694 0.517633 0.227602 0.516714 0.227602 0.515125 0.239347 0.513786 0.235926 0.513427 0.233324 0.512734 0.232148 0.511526 0.231616 0.508768 0.224625 0.507930 0.222394 0.509268 0.222245 0.509268 0.221056 0.507596 0.221204 0.507010 0.220167 0.508182 0.218528 0.508852 0.217787 0.509771 0.220014 0.511612 0.220014 0.513284 0.216745 0.514539 0.213921 0.514203 0.212731 0.512615 0.215407 0.511695 0.218083 0.510357 0.218380 0.509687 0.217190 0.508432 0.216745 0.506174 0.218676 0.506091 0.217935 0.505255 0.214514 0.505255 0.210352 0.504586 0.206338 0.503247 0.206037 0.502661 0.208713 0.502549 0.209296 0.503568 0.216204 0.501328 0.214306 0.498896 0.213769 0.496221 0.214218 0.492875 0.216745 0.490534 0.220167 0.489695 0.217338 0.489174 0.217731 0.489969 0.220782 0.487617 0.219259 0.485328 0.216037 0.483135 0.213097 0.482977 0.211630 0.483581 0.211065 0.484026 0.212139 0.486281 0.215866 0.486346 0.214907 0.484057 0.207222 0.481388 0.207449 0.477859 0.209199 0.474609 0.209444 0.474258 0.208431 0.476966 0.208102 0.478034 0.208102 0.478997 0.205329 0.478063 0.204912 0.477932 0.206579 0.475612 0.206435 0.474362 0.206810 0.473896 0.207273 0.473792 0.205000 0.473792 0.201301 0.473141 0.197227 0.472438 0.197412 0.472698 0.203014 0.472984 0.206023 0.472047 0.206898 0.470378 0.205227 0.469036 0.208796 0.466487 0.204352 0.467227 0.203653 0.467078 0.202162 0.465307 0.201986 0.464518 0.201639 0.465109 0.200148 0.467086 0.194255 0.465414 0.193819 0.463388 0.195491 0.461052 0.195616 0.459195 0.196588 0.457320 0.196130 0.455445 0.195569 0.454299 0.194134 0.453802 0.190292 0.453906 0.188815 0.458583 0.186727 0.463503 0.185079 0.468143 0.182644 0.470924 0.182356 0.475602 0.183644 0.478669 0.183361 0.482096 0.180870 0.487594 0.169653 0.492719 0.156560 0.493852 0.151477 0.492617 0.139338 0.490833 0.131847 0.491271 0.113773 0.491109 0.107148 0.489542 0.106958 0.489651 0.122602 0.489109 0.130759 0.490622 0.136431 0.492083 0.143630 0.492516 0.149481 0.491651 0.155245 0.488690 0.164356 0.484422 0.173190 0.480914 0.179722 0.478432 0.181542 0.472708 0.180486 0.469951 0.180389 0.467036 0.181347 0.458990 0.184713 0.454711 0.186361 0.453544 0.187028 0.453997 0.183032 0.452706 0.179375 0.451211 0.176796 0.449638 0.176005 0.447865 0.175935 0.446172 0.177940 0.445284 0.179231 0.447661 0.170194 0.449680 0.163241 0.448872 0.162736 0.446818 0.169194 0.445365 0.176366 0.443911 0.181310 0.443062 0.182602 0.442500 0.176935 0.441773 0.173856 0.438992 0.170773 0.438083 0.169755 0.438745 0.169069 0.440208 0.169505 0.440419 0.165968 0.439372 0.159833 0.439643 0.152810 0.439495 0.147185 0.438437 0.147185 0.438620 0.154949 0.438500 0.158968 0.438862 0.161810 0.438560 0.162185 0.437625 0.159884 0.435909 0.160306 0.434430 0.161167 0.432654 0.155866 0.432070 0.154764 0.431706 0.151616 0.431185 0.151759 0.431286 0.162403 0.430977 0.163356 0.429581 0.163856 0.428500 0.155611 0.427385 0.156421 0.428049 0.161009 0.427070 0.161870 0.426654 0.164106 0.425154 0.162370 0.423445 0.159829 0.422607 0.160264 0.422888 0.163356 0.417518 0.162741 0.417555 0.160574 0.419505 0.156856 0.419576 0.155796 0.418948 0.155245 0.416893 0.159394 0.416474 0.163176 0.416333 0.164352 0.415219 0.165653 0.414172 0.165037 0.411141 0.159394 0.409289 0.156917 0.410721 0.155611 0.411211 0.153380 0.410789 0.151958 0.410164 0.150968 0.412917 0.149537 0.414797 0.147185 0.415742 0.145329 0.414276 0.144644 0.414138 0.146380 0.412568 0.147741 0.410370 0.149356 0.409461 0.145694 0.407685 0.145106 0.406206 0.147620 0.404518 0.150671 0.402294 0.151653 0.396891 0.151653 0.393859 0.152148 0.392393 0.149917 0.390128 0.147194 0.391419 0.145699 0.394659 0.144278 0.397346 0.143968 0.396716 0.148181 0.398216 0.148181 0.398599 0.144153 0.400935 0.144278 0.402818 0.142727 0.404560 0.141056 0.405570 0.141241 0.405466 0.139565 0.403865 0.139940 0.402049 0.141736 0.401039 0.140685 0.400062 0.139505 0.398562 0.140250 0.397693 0.142231 0.395250 0.142727 0.392500 0.143778 0.390198 0.144963 0.388521 0.147185 0.387148 0.151630 0.387594 0.151847 0.388276 0.152861 0.391807 0.151542 0.391979 0.152255 0.391695 0.155394 0.394940 0.154986 0.395112 0.157315 0.393573 0.159037 0.391297 0.161870 0.390497 0.161671 0.389984 0.159745 0.382807 0.165722 0.380245 0.168352 0.379505 0.170986 0.378076 0.174995 0.377154 0.175847 0.377081 0.177676 0.376495 0.178199 0.373294 0.176889 0.372773 0.179083 0.372945 0.180449 0.371497 0.180528 0.371242 0.181815 0.370094 0.185745 0.369966 0.188319 0.370518 0.190208 0.368602 0.195505 0.366815 0.199819 0.363151 0.198981 0.360208 0.198250 0.359471 0.196588 0.359568 0.194750 0.358781 0.193963 0.358289 0.194139 0.358289 0.195625 0.357599 0.195102 0.356029 0.193301 0.356151 0.195745 0.357716 0.199079 0.352529 0.198185 0.353031 0.200190 0.356901 0.201301 0.353904 0.204407 0.353219 0.205963 0.352529 0.204741 0.351591 0.206296 0.349654 0.206023 0.348552 0.205694 0.347742 0.206417 0.346786 0.210009 0.345867 0.209750 0.344836 0.210662 0.343646 0.211574 0.340898 0.211444 0.329766 0.212088 0.330490 0.206306 0.332656 0.200269 0.335766 0.196278 0.337648 0.192685 0.338875 0.192296 0.338948 0.191009 0.337766 0.190685 0.335883 0.192667 0.332953 0.197620 0.331453 0.200537 0.329255 0.206736 0.328310 0.213630 0.328099 0.222736 0.326552 0.225153 0.325461 0.228667 0.327276 0.230602 0.326753 0.232681 0.325583 0.233111 0.323042 0.228667 0.320784 0.227231 0.318443 0.231176 0.334596 0.259060 0.358234 0.298750 0.387995 0.348148 0.391221 0.349949 0.394695 0.350963 0.397943 0.351370 0.402385 0.349241 0.406544 0.348431 0.410815 0.347319 0.411461 0.347032 0.411956 0.348106 0.412445 0.347662 0.412391 0.346787 0.414479 0.345616 0.419776 0.344352 0.422927 0.343370 0.425995 0.342528 0.423393 0.324472 0.425763 0.322991 0.427169 0.322296 0.428628 0.321370 0.431284 0.321278 0.432404 0.323685 0.434070 0.326417 0.435893 0.328454 0.437385 0.339046 0.438047 0.343171 0.438378 0.347185 0.439240 0.347611 0.442487 0.349750 0.442521 0.351583 0.445721 0.352361 0.450211 0.354458 0.452232 0.355236 0.453555 0.355106 0.454141 0.356616 0.454034 0.359356 0.453224 0.360403 0.452380 0.360269 0.450576 0.363014 0.449289 0.361778 0.447818 0.358375 0.446310 0.356806 0.443701 0.357981 0.441307 0.358375 0.439253 0.357523 0.436198 0.354458 0.433549 0.353153 0.432005 0.349486 0.427974 0.347620 0.425745 0.347398 0.423234 0.349213 0.420125 0.351236 0.416370 0.353505 0.412417 0.355602 0.410417 0.355722 0.406857 0.356056 0.403742 0.357069 0.398594 0.359218 0.396000 0.359519 0.394445 0.358954 0.414302 0.390463 0.414219 0.388167 0.416115 0.386875 0.418294 0.386731 0.419102 0.389097 0.418737 0.395769 0.418568 0.397083 0.442023 0.432333 0.464961 0.467269 0.482510 0.494361 0.505734 0.530625 0.511794 0.539509 0.524771 0.580574 0.534818 0.614088 0.534643 0.609546 0.535805 0.608926 0.536271 0.606755 0.535474 0.605986 0.536297 0.603319 0.537984 0.599787 0.539560 0.596917 0.541615 0.597222 0.541253 0.602296 0.540240 0.604833 0.539109 0.608718 0.538826 0.610370 0.539464 0.610991 0.540685 0.605931 0.541729 0.604278 0.542951 0.602523 0.544576 0.602111 0.545214 0.603764 0.545911 0.607171 0.547247 0.608306 0.548003 0.610269 0.547365 0.611194 0.547365 0.611194 0.548464 0.616667 0.549219 0.622870 0.549687 0.624417 0.549281 0.616981 0.549339 0.611921 0.549919 0.609750 0.552477 0.612435 0.555844 0.612644 0.560375 0.612435 0.563977 0.615222 0.566417 0.616565 0.569146 0.616565 0.569203 0.618014 0.570018 0.618218 0.570831 0.617394 0.573271 0.619560 0.573385 0.624106 0.572865 0.629681 0.571063 0.637218 0.571005 0.638972 0.571760 0.639491 0.570698 0.645894 0.569443 0.649644 0.571401 0.647389 0.572250 0.644444 0.575273 0.640500 0.579305 0.635847 0.583164 0.636815 0.583727 0.636236 0.583365 0.633727 0.585865 0.628926 0.589258 0.621750 0.593531 0.614722 0.596529 0.614343 0.598661 0.608713 0.601552 0.603810 0.602497 0.604722 0.604797 0.599491 0.605732 0.598912 0.607466 0.595074 0.610026 0.590949 0.612594 0.589782 0.615635 0.591727 0.616547 0.594315 0.618659 0.591218 0.620052 0.585519 0.623745 0.577699 0.625383 0.576153 0.629102 0.580486 0.629062 0.583588 0.633737 0.589106 0.638060 0.593394 0.639990 0.594537 0.642977 0.594616 0.645232 0.591606 0.648419 0.586829 0.651792 0.586606 0.668651 0.586153 0.682159 0.584875 0.682096 0.579431 0.681909 0.571102 0.680659 0.571991 0.680596 0.580208 0.678721 0.578097 0.678721 0.572769 0.677409 0.565213 0.677409 0.561213 0.676346 0.559329 0.675661 0.558995 0.672911 0.552884 0.683013 0.540000 0.686107 0.535102 0.685232 0.534157 0.681721 0.539032 0.676885 0.545343 0.673049 0.550574 0.672081 0.551653 0.670268 0.548065 0.668818 0.544120 0.667406 0.541111 0.666070 0.539611 0.665427 0.532292 0.661552 0.525773 0.662039 0.522972 0.665669 0.522750 0.666070 0.524981 0.666964 0.525694 0.667362 0.524051 0.665682 0.517796 0.666195 0.515120 0.665146 0.510241 0.663815 0.508097 0.662672 0.507144 0.661557 0.503125 0.662883 0.503500 0.664326 0.504731 0.667281 0.505690 0.670081 0.506769 0.670956 0.505856 0.670956 0.504356 0.666888 0.503333 0.663482 0.502046 0.661409 0.501301 0.659417 0.493269 0.660591 0.492449 0.660846 0.489204 0.660039 0.485218 0.659128 0.485042 0.657565 0.486384 0.656474 0.483042 0.658117 0.483139 0.658271 0.480407 0.657680 0.477278 0.661596 0.480843 0.666312 0.483241 0.669625 0.482662 0.673216 0.479097 0.674711 0.473542 0.674279 0.467222 0.673716 0.463426 0.672385 0.462269 0.668349 0.461481 0.664076 0.458681 0.657784 0.453449 0.651193 0.448995 0.647643 0.447287 0.645182 0.447139 0.649943 0.442833 0.653536 0.439319 0.658497 0.434944 0.657367 0.432222 0.653492 0.436380 0.646594 0.442542 0.643919 0.445264 0.643870 0.444620 0.646419 0.442255 0.647883 0.439153 0.649232 0.435269 0.649964 0.433088 0.649388 0.432222 0.648307 0.435755 0.646638 0.439843 0.645414 0.441833 0.643047 0.443875 0.641477 0.438912 0.639346 0.434755 0.637260 0.432968 0.634924 0.431792 0.633023 0.429481 0.632867 0.425417 0.631701 0.421662 0.631305 0.418926 0.626102 0.415639 0.621060 0.412412 0.617161 0.410144 0.615000 0.409074 0.615417 0.406898 0.619044 0.408468 0.625294 0.411815 0.630339 0.414444 0.634380 0.417662 0.633719 0.414685 0.633581 0.408866 0.633563 0.402556 0.633224 0.398259 0.632599 0.390815 0.629057 0.383630 0.625370 0.377963 0.622841 0.376810 0.621646 0.376875 0.619216 0.369389 0.614599 0.352894 0.619190 0.333389 0.621622 0.320870 0.620034 0.319972 0.617523 0.332023 0.615018 0.345106 0.613594 0.349273 0.611169 0.340796 0.610081 0.341542 0.612844 0.351648 0.611589 0.356704 0.610750 0.361616 0.607820 0.365333 0.604557 0.369944 0.603471 0.367111 0.600628 0.365181 0.597641 0.364468 0.596604 0.364167 0.594857 0.363093 0.594049 0.362824 0.592880 0.359380 0.591831 0.357727 0.590362 0.357926 0.591026 0.352727 0.590844 0.348185 0.591701 0.343199 0.592576 0.338208 0.593513 0.334144 0.593917 0.333343 0.593826 0.330125 0.592625 0.333181 0.591112 0.339287 0.589969 0.345986 0.589875 0.350051 0.589695 0.355838 0.588883 0.354773 0.588245 0.353051 0.587615 0.350806 0.586503 0.350481 0.585146 0.351227 0.588049 0.358352 0.586617 0.359815 0.584880 0.360125 0.584359 0.357810 0.583232 0.357426 0.581714 0.353417 0.579979 0.349097 0.580596 0.346995 0.578729 0.344375 0.577823 0.344431 0.578036 0.342343 0.579810 0.343407 0.581440 0.343463 0.583758 0.342606 0.584964 0.342398 0.585021 0.340519 0.584302 0.340519 0.581740 0.341532 0.579391 0.341264 0.577510 0.340787 0.575974 0.333556 0.574661 0.328481
2 0.474609 0.209444 0.477859 0.209199 0.481388 0.207449 0.484057 0.207222 0.486346 0.214907 0.486281 0.215866 0.484026 0.212139 0.483581 0.211065 0.482977 0.211630 0.483135 0.213097 0.485328 0.216037 0.487617 0.219259 0.486823 0.218861 0.482977 0.216829 0.480211 0.214681 0.478526 0.213551
2 0.549687 0.624417 0.549281 0.616981 0.549339 0.611921 0.549919 0.609750 0.552477 0.612435 0.555844 0.612644 0.560375 0.612435 0.563977 0.615222 0.566417 0.616565 0.569146 0.616565 0.569203 0.618014 0.570018 0.618218 0.570831 0.617394 0.573271 0.619560 0.573385 0.624106 0.572865 0.629681 0.571063 0.637218 0.571005 0.638972 0.571760 0.639491 0.570698 0.645894 0.569443 0.649644 0.563320 0.645088 0.555385 0.640009 0.551255 0.637736 0.550443 0.628546
2 0.412370 0.253657 0.416240 0.251856 0.415669 0.257630 0.414010 0.258426 0.412651 0.255500
2 0.393016 0.238190 0.395521 0.240000 0.397865 0.241644 0.398885 0.243310 0.400589 0.243083 0.400674 0.244139 0.402917 0.244213 0.403651 0.244593 0.402682 0.247546 0.399013 0.245806 0.395482 0.243912 0.393482 0.242551
2 0.547365 0.611194 0.548464 0.616667 0.549219 0.622870 0.550443 0.628546 0.551255 0.637736 0.548464 0.638241 0.545677 0.639306 0.543414 0.640315 0.541091 0.632676 0.541615 0.631023 0.541846 0.629269 0.540859 0.624519 0.540219 0.622866 0.541266 0.621111 0.544867 0.615329 0.546724 0.612644
2 0.585938 0.573981 0.587708 0.577222 0.591622 0.578681 0.596005 0.580685 0.598393 0.579685 0.597214 0.577361 0.593880 0.575829 0.590714 0.574824 0.587805 0.573977
2 0.588341 0.565977 0.587365 0.566713 0.586091 0.569639 0.585828 0.572176 0.589953 0.572977 0.593216 0.573843 0.596891 0.575176 0.594341 0.571046 0.593516 0.569111 0.591828 0.569370 0.590253 0.568912 0.589766 0.567380 0.589219 0.565509
