0 0.496036 0.125634 0.488422 0.125431 0.483607 0.126824 0.480023 0.134389 0.474760 0.142551 0.472521 0.142551 0.470393 0.147329 0.467818 0.144542 0.465466 0.144542 0.458581 0.148824 0.458055 0.152213 0.457310 0.155366 0.456201 0.157972 0.456479 0.159088 0.456305 0.160079 0.456096 0.161875 0.457492 0.162866 0.455260 0.163921 0.453797 0.164662 0.453133 0.166648 0.453062 0.168134 0.452820 0.171593 0.453823 0.175338 0.454495 0.182565 0.455021 0.187958 0.453935 0.189750 0.454258 0.193593 0.455815 0.210972 0.451549 0.215870 0.456779 0.234023 0.464224 0.226597 0.470247 0.221542 0.474224 0.219370 0.478143 0.213398 0.481727 0.217602 0.485870 0.226537 0.485758 0.233324 0.483552 0.238782 0.482130 0.245032 0.480953 0.252319 0.479284 0.253213 0.475411 0.257315 0.475333 0.260917 0.478805 0.265037 0.485958 0.268125 0.489013 0.267005 0.489474 0.266750 0.491870 0.263130 0.494583 0.260741 0.497779 0.260074 0.498208 0.250028 0.498310 0.242227 0.498812 0.231227 0.497724 0.231074 0.497641 0.221264 0.497984 0.208023 0.498073 0.198769 0.500661 0.200259 0.502755 0.204861 0.509362 0.212602 0.511286 0.215273 0.509099 0.221116 0.509115 0.223593 0.513044 0.226417 0.519349 0.234421 0.522362 0.225343 0.525117 0.217463 0.521107 0.211069 0.515487 0.202907 0.514547 0.203366 0.514177 0.204699 0.508802 0.196796 0.510740 0.191801 0.512115 0.187023 0.512430 0.182148
6 0.494583 0.260741 0.496997 0.274829 0.499224 0.291861 0.496417 0.292894 0.494193 0.278954 0.491870 0.263130
1 0.486424 0.322741 0.490135 0.322884 0.492878 0.322597 0.492419 0.324532 0.490297 0.324750 0.486143 0.325181 0.485901 0.323745
1 0.494688 0.333745 0.495388 0.333000 0.497943 0.336514 0.498833 0.337514 0.498654 0.339222 0.496273 0.336648
1 0.499036 0.347037 0.499193 0.351991 0.499622 0.356523 0.500161 0.356523 0.499792 0.345972
1 0.494664 0.300606 0.494339 0.294634 0.493219 0.286750 0.492049 0.280778 0.490497 0.273981 0.489013 0.267005 0.489451 0.266671 0.491448 0.274551 0.493638 0.285213 0.494823 0.292657 0.495635 0.300546
1 0.495951 0.303329 0.496867 0.314463 0.498219 0.330398 0.498833 0.337514 0.497943 0.336514 0.496685 0.321588 0.495508 0.308245 0.495135 0.303435
1 0.596034 0.455116 0.603781 0.460838 0.605930 0.461588 0.605414 0.463245 0.601823 0.461157 0.595940 0.456440
1 0.603102 0.478398 0.604977 0.480176 0.606039 0.484171 0.607245 0.487806 0.609687 0.491069 0.613479 0.496324 0.614536 0.497657 0.614680 0.496759 0.615518 0.496856 0.616560 0.498245 0.616036 0.499681 0.614893 0.499681 0.613693 0.498991 0.609214 0.492037 0.607000 0.488981 0.606128 0.487370 0.604977 0.482787 0.604352 0.480940 0.603128 0.480153 0.602659 0.478995
1 0.621529 0.496208 0.626331 0.496495 0.631776 0.496495 0.631937 0.498000 0.626250 0.497787 0.621490 0.497569
8 0.347451 0.175787 0.353958 0.173565 0.357294 0.172917 0.359836 0.172199 0.363880 0.170787 0.367378 0.170190 0.367641 0.170625 0.368065 0.171625 0.367701 0.172343 0.364797 0.173273 0.359661 0.174583 0.357719 0.175491 0.356432 0.175556 0.354401 0.176343 0.352680 0.177120 0.351844 0.177185 0.348219 0.177505
8 0.369844 0.194259 0.369799 0.192120 0.370872 0.186644 0.372526 0.182083 0.373292 0.180718 0.374021 0.179236 0.374766 0.177917 0.375260 0.176620 0.375781 0.175324 0.376284 0.173875 0.376815 0.172815 0.377914 0.172056 0.378969 0.172486 0.378937 0.173449 0.377448 0.176250 0.376396 0.178250 0.375833 0.179250 0.374810 0.181806 0.372880 0.186148 0.372214 0.189861 0.371797 0.191389 0.371341 0.194111 0.370919 0.195773
1 0.437891 0.303565 0.440299 0.306241 0.444979 0.304806 0.449013 0.303875 0.451956 0.302296 0.453490 0.301389 0.454659 0.301935 0.450424 0.304662 0.444979 0.306528 0.441107 0.307532 0.439977 0.307676 0.437435 0.305380 0.436589 0.304306 0.437396 0.303227
8 0.440885 0.290648 0.445951 0.294028 0.452161 0.297769 0.455026 0.299074 0.454505 0.300833 0.453513 0.300556 0.445141 0.296139 0.440336 0.293259 0.438542 0.291968 0.434060 0.292546 0.432708 0.291718 0.433034 0.289394 0.439380 0.289560
2 0.410677 0.259491 0.407831 0.257713 0.406365 0.255912 0.404901 0.260130 0.405320 0.261181 0.411943 0.263787
8 0.398776 0.260231 0.400839 0.261509 0.403211 0.262005 0.406661 0.263185 0.411089 0.264981 0.412448 0.265537 0.412867 0.267028 0.413635 0.265537 0.416422 0.266718 0.416492 0.267708 0.414549 0.270481 0.414385 0.272917 0.408263 0.270611 0.401898 0.267764 0.397471 0.265657
8 0.421258 0.277120 0.420987 0.278944 0.420599 0.280463 0.420448 0.285569 0.421906 0.286912 0.421906 0.287870 0.422823 0.288449 0.423471 0.288065 0.423471 0.284801 0.424703 0.286292 0.424828 0.280185 0.424875 0.276255 0.422823 0.276542 0.421432 0.275787
10 0.424703 0.286292 0.424891 0.289514 0.426703 0.290958 0.428453 0.292403 0.430828 0.289625 0.433076 0.287403 0.427159 0.282505 0.427268 0.281352 0.427646 0.280491 0.432667 0.284907 0.434388 0.285958 0.436951 0.281519 0.437388 0.279074 0.437076 0.275519 0.435888 0.271963 0.434451 0.269301 0.432141 0.268079 0.431078 0.266190 0.428203 0.266856 0.426203 0.270523 0.425766 0.271407 0.427391 0.273407 0.427578 0.275519 0.426016 0.278074 0.424828 0.280185
10 0.402474 0.297685 0.402482 0.292315 0.403130 0.289532 0.404427 0.289727 0.403831 0.300667
10 0.469721 0.298921 0.467995 0.300074 0.467346 0.302569 0.467023 0.308042 0.468156 0.310440 0.470534 0.312171 0.472477 0.311977 0.471505 0.309384 0.471721 0.307370 0.471232 0.305801 0.470568 0.304917 0.471081 0.303722
10 0.496997 0.274829 0.498586 0.275046 0.499667 0.276199 0.500583 0.278310 0.500260 0.279750 0.497615 0.279750
2 0.520409 0.266796 0.521406 0.269074 0.522615 0.272944 0.522857 0.276102 0.521406 0.275528 0.521380 0.273380 0.520437 0.272014 0.520234 0.268856
10 0.511510 0.264583 0.513281 0.264907 0.520409 0.266796 0.519987 0.271606 0.518958 0.271255 0.515779 0.270486 0.509633 0.269972 0.508414 0.268287
10 0.496187 0.262773 0.495536 0.266370 0.496839 0.268944 0.508044 0.274856 0.515852 0.279995 0.519393 0.281796 0.520240 0.280074 0.520477 0.275625 0.518958 0.271255 0.515779 0.270486 0.509633 0.269972 0.505948 0.264704 0.504789 0.261745 0.500742 0.260204 0.497779 0.260074
2 0.501174 0.283634 0.508911 0.287231 0.512526 0.289417 0.512742 0.291343 0.512453 0.292500 0.505729 0.289907 0.500164 0.286458
10 0.442612 0.339708 0.444909 0.341144 0.446201 0.342792 0.446604 0.343722 0.447531 0.343940 0.446885 0.346593 0.446039 0.346019 0.444669 0.346019 0.444508 0.343653 0.443497 0.342935 0.443336 0.341931 0.442370 0.341787 0.442047 0.340426
10 0.489505 0.319213 0.491284 0.316968 0.491492 0.315917 0.492573 0.315977 0.493583 0.318148 0.493583 0.319759 0.492120 0.321801 0.491388 0.322671 0.490656 0.322731
2 0.492969 0.333843 0.494034 0.332250 0.496273 0.336648 0.496273 0.338144 0.497161 0.338472 0.498281 0.340218 0.498047 0.342042 0.497255 0.342787
10 0.515219 0.311606 0.517786 0.313269 0.519745 0.315259 0.519745 0.316917 0.517878 0.319903 0.516805 0.319657 0.515544 0.317167 0.513911 0.313269 0.514565 0.312935
10 0.585120 0.432940 0.586096 0.431949 0.587352 0.432134 0.587352 0.433560 0.588536 0.437468 0.588570 0.438519 0.587701 0.439324 0.586792 0.437963 0.586513 0.436907 0.585573 0.437403 0.585398 0.435917 0.585536 0.435546
1 0.626224 0.535880 0.625596 0.536130 0.624896 0.538352 0.625417 0.539602 0.626042 0.540157 0.627083 0.539926 0.627344 0.538769 0.627396 0.537657 0.630521 0.534046 0.631354 0.532889 0.631250 0.532148 0.630729 0.531963 0.628331 0.535019 0.627109 0.536778 0.626768 0.537611 0.626849 0.538769 0.626378 0.538630 0.625833 0.538120 0.626016 0.537333 0.626458 0.536639
2 0.650544 0.566681 0.650943 0.565259 0.650656 0.560903 0.651805 0.557940 0.651438 0.554606 0.655036 0.554097 0.658654 0.554153 0.659560 0.553597 0.661646 0.553417 0.662221 0.553185 0.663964 0.553042 0.664326 0.553972 0.664352 0.555361 0.664896 0.555370 0.665396 0.557139 0.665339 0.558481 0.663826 0.559958 0.662922 0.559727 0.663076 0.561116 0.662083 0.561069 0.660628 0.559639 0.660258 0.560005 0.660810 0.561259 0.660990 0.564681 0.660940 0.566347 0.657784 0.566449 0.654299 0.567278 0.652292 0.567685 0.650469 0.567685
10 0.689323 0.602167 0.690286 0.599389 0.691042 0.596333 0.692214 0.593370 0.693359 0.592537 0.695599 0.589157 0.696589 0.588102 0.699932 0.588819 0.701771 0.593213 0.703367 0.595625 0.704831 0.597745 0.705109 0.601153 0.702737 0.610759 0.702109 0.614852 0.701971 0.616028 0.700677 0.619431 0.694854 0.624884 0.692065 0.626620 0.691367 0.624514 0.690497 0.624639 0.689904 0.622653 0.689380 0.618190
2 0.452305 0.271898 0.456740 0.272148 0.460026 0.272403 0.459539 0.275556 0.455867 0.275273 0.451745 0.274954
1 0.606068 0.689074 0.607935 0.690778 0.609628 0.691750 0.610799 0.692954 0.612466 0.693602 0.614784 0.693926 0.616529 0.695083 0.617492 0.696935 0.618742 0.698833 0.619497 0.699111 0.620409 0.700500 0.620227 0.701611 0.618143 0.700083 0.616294 0.697861 0.616112 0.696796 0.615956 0.696009 0.615383 0.695731 0.614245 0.696204 0.611953 0.695509 0.610721 0.694204 0.609375 0.693519 0.606797 0.691991 0.605391 0.689630
10 0.451937 0.292500 0.449919 0.291065 0.448669 0.291065 0.447701 0.293861 0.447656 0.295000 0.452161 0.297769 0.452503 0.296944
2 0.433104 0.216366 0.433263 0.212264 0.434570 0.207204 0.436146 0.205278 0.437789 0.201065 0.439190 0.198657 0.439271 0.196343 0.439089 0.194815 0.438396 0.192269 0.436810 0.190611 0.435643 0.189116 0.435596 0.185384 0.436203 0.182065 0.436857 0.179991 0.440591 0.177000 0.442177 0.177000 0.443857 0.179491 0.443669 0.182227 0.444698 0.184801 0.445070 0.186792 0.445958 0.189449 0.446237 0.190194 0.443633 0.192917 0.442401 0.195505 0.446742 0.211370 0.445250 0.212032 0.443430 0.210625 0.442354 0.212532 0.441888 0.214523 0.440044 0.216796 0.439648 0.218755 0.438201 0.216597 0.436896 0.216185 0.435961 0.216185 0.435495 0.217343 0.435029 0.217264 0.434607 0.218009 0.434516 0.219088 0.436102 0.220167 0.437641 0.221574 0.435323 0.227588 0.433615 0.224306 0.432742 0.222634 0.432591 0.221829 0.433344 0.220273 0.432349 0.218241
2 0.434607 0.218009 0.435029 0.217264 0.435495 0.217343 0.435961 0.216185 0.436896 0.216185 0.438201 0.216597 0.439648 0.218755 0.439695 0.221495 0.438719 0.222505 0.437641 0.221574 0.436102 0.220167 0.434516 0.219088
10 0.418987 0.146014 0.413297 0.140296 0.413341 0.137806 0.412878 0.135977 0.411898 0.135648 0.411305 0.136102 0.409794 0.136574 0.402964 0.128333 0.401190 0.129736 0.400445 0.128824 0.398534 0.124611 0.398221 0.121079 0.397839 0.117921 0.397083 0.114694 0.395503 0.108745 0.397141 0.108995 0.398987 0.111287 0.400557 0.108435 0.402823 0.104282 0.404112 0.103167 0.405112 0.104597 0.406044 0.108079 0.407958 0.111231 0.408961 0.112782 0.407839 0.114861 0.409849 0.118588 0.411544 0.118519 0.414607 0.118912 0.415443 0.119903 0.417307 0.124690 0.417633 0.129505 0.418529 0.136824 0.418542 0.140324
2 0.516273 0.264319 0.514419 0.258079 0.513531 0.254208 0.511958 0.249616 0.511112 0.249329 0.509659 0.248472 0.510385 0.246319 0.511151 0.246176 0.511555 0.244384 0.514620 0.244384 0.515023 0.243880 0.515508 0.243954 0.516799 0.248185 0.516638 0.249329 0.517404 0.252630 0.519380 0.252199 0.520430 0.255213 0.520753 0.257648 0.520591 0.259583 0.519036 0.261806 0.520469 0.266713 0.518047 0.266250
2 0.442776 0.215602 0.450148 0.223486 0.449232 0.220190 0.446742 0.211370 0.445250 0.212032 0.443430 0.210625 0.442354 0.212532 0.441888 0.214523
2 0.447159 0.325861 0.450557 0.323292 0.450846 0.320208 0.453667 0.317894 0.456052 0.315583 0.460172 0.314681 0.463065 0.314810 0.462917 0.326204 0.459531 0.326574 0.452943 0.327278 0.447016 0.327662
2 0.473906 0.306620 0.478552 0.306435 0.481052 0.311023 0.481133 0.313032 0.484279 0.319412 0.486135 0.323069 0.485901 0.323745 0.486143 0.325181 0.487440 0.325102 0.490193 0.331602 0.492286 0.333958 0.493242 0.335625 0.490620 0.336912 0.485859 0.341356 0.483185 0.344231 0.480898 0.344815 0.479641 0.340417 0.477211 0.335190 0.477076 0.333366 0.475393 0.332370 0.473948 0.325486 0.472544 0.323907 0.471891 0.321667 0.471531 0.318287 0.472997 0.316245 0.473380 0.313949 0.474109 0.313764 0.474250 0.310046
1 0.466432 0.285370 0.469854 0.284236 0.472224 0.283245 0.474281 0.282255 0.474352 0.283620 0.472503 0.284486 0.468958 0.286019 0.466542 0.286468
10 0.425526 0.206560 0.427812 0.206144 0.429445 0.205481 0.430833 0.202176 0.433490 0.198333 0.434581 0.192370 0.434159 0.189384 0.433414 0.187310 0.432667 0.183991 0.431500 0.181917 0.430099 0.180338 0.424125 0.182912 0.419922 0.184444 0.418526 0.185565 0.417031 0.190046 0.417135 0.194630 0.419042 0.190745 0.421167 0.187148 0.423294 0.183616 0.424969 0.183801 0.425107 0.184301 0.422422 0.187833 0.420193 0.191796 0.418938 0.194028 0.417672 0.196426 0.419398 0.197421 0.421214 0.197199 0.421875 0.197306 0.423255 0.199815 0.423203 0.206306
2 0.383937 0.208463 0.385711 0.203731 0.386719 0.200431 0.387354 0.197991 0.391836 0.208912 0.388029 0.210597 0.385753 0.211560
2 0.386680 0.212981 0.389987 0.218287 0.391359 0.218218 0.391117 0.212907 0.392526 0.210931 0.388404 0.212264
10 0.393255 0.212546 0.392810 0.215347 0.393214 0.218505 0.394344 0.219148 0.395495 0.218102
10 0.404047 0.296255 0.406154 0.297310 0.409555 0.300861 0.411747 0.304241 0.413331 0.308060 0.414583 0.314398 0.416333 0.321838 0.416615 0.327713 0.403831 0.300667
1 0.411589 0.153310 0.410263 0.150148 0.409036 0.146574 0.408172 0.144634 0.408281 0.143519 0.407648 0.142898 0.406846 0.143269 0.407404 0.144569 0.407997 0.147981 0.408695 0.150829 0.409602 0.151699 0.410753 0.153745
10 0.407839 0.114861 0.408961 0.112782 0.409326 0.111130 0.411018 0.110056 0.410857 0.108907 0.411745 0.107042 0.413148 0.108333 0.414164 0.109551 0.414859 0.111245 0.414859 0.112824 0.413883 0.115722 0.411544 0.118519 0.409849 0.118588
1 0.611615 0.727500 0.608370 0.711940 0.606229 0.702921 0.606922 0.702602 0.609122 0.711278 0.611049 0.720440 0.612255 0.725042 0.612438 0.727796
1 0.400172 0.137676 0.402917 0.135370 0.404719 0.134102 0.404977 0.135162 0.402422 0.137407 0.400500 0.139139 0.400003 0.138681
8 0.400940 0.259986 0.405130 0.259444 0.404901 0.260130 0.405320 0.261181 0.403870 0.261347 0.401255 0.261537 0.400940 0.260792
8 0.408820 0.258250 0.410521 0.257963 0.410633 0.258560 0.410677 0.259491
8 0.414466 0.256144 0.416839 0.254903 0.419141 0.253935 0.421823 0.253167 0.421964 0.254778 0.417849 0.256204 0.414747 0.257444
8 0.425169 0.252051 0.429039 0.250875 0.431201 0.250194 0.431549 0.250750 0.431375 0.251991 0.426810 0.253292 0.425169 0.253602
8 0.434844 0.249028 0.437352 0.248273 0.437161 0.248880 0.436380 0.250463 0.434875 0.250690
8 0.447021 0.245755 0.449742 0.245509 0.449818 0.246944 0.447102 0.247556
8 0.451641 0.242639 0.456701 0.247995 0.457841 0.252019 0.457156 0.251731 0.453807 0.247500 0.451026 0.244347
8 0.368211 0.204412 0.368234 0.205894 0.368023 0.208514 0.367128 0.220694 0.368844 0.223963 0.370141 0.207250 0.368630 0.204907
2 0.411974 0.140602 0.413995 0.142690 0.415677 0.145093 0.415982 0.148583 0.415953 0.153565 0.415380 0.154208 0.414083 0.153509 0.413091 0.152653 0.412607 0.145315 0.411341 0.143384 0.409836 0.142421 0.409956 0.141245
1 0.412891 0.107546 0.414060 0.105926 0.416872 0.102963 0.417081 0.104306 0.416302 0.105602 0.414167 0.107639 0.413148 0.108333
10 0.420182 0.117486 0.416714 0.112250 0.415833 0.110833 0.414859 0.111245 0.414859 0.112824 0.417495 0.118718
10 0.424307 0.115815 0.422193 0.115477 0.420451 0.114241 0.418984 0.110583 0.417870 0.105250 0.418497 0.100356 0.419266 0.098435 0.422263 0.096824 0.423797 0.094718 0.425750 0.094157 0.426482 0.092856 0.427073 0.093972 0.429898 0.094032 0.433315 0.093912 0.436234 0.094444 0.437568 0.095296 0.435141 0.099111 0.434112 0.101519 0.435466 0.106829 0.436940 0.110769 0.436836 0.114981 0.436625 0.116037 0.430888 0.116560 0.427201 0.114981
2 0.393422 0.135708 0.392234 0.137931 0.391359 0.137264 0.390359 0.132819 0.392609 0.130713 0.393297 0.129046 0.394482 0.130157
2 0.358703 0.184259 0.358151 0.182662 0.356094 0.178384 0.355188 0.177269 0.354177 0.177704 0.354211 0.179565 0.354070 0.180370 0.355607 0.185019 0.357021 0.185366 0.358352 0.186083
10 0.440396 0.143449 0.440437 0.140796 0.442091 0.138218 0.443380 0.135778 0.444445 0.133403 0.445922 0.131204 0.446734 0.131528 0.448844 0.134042 0.450922 0.137042 0.451193 0.138972 0.452339 0.140685 0.453151 0.142398 0.452729 0.144542 0.450651 0.148454 0.449083 0.150917 0.449115 0.151829 0.451044 0.153755 0.451073 0.154986 0.448844 0.158898 0.447818 0.159861 0.443479 0.150435
8 0.389987 0.218287 0.392552 0.222917 0.390490 0.222861 0.388956 0.222801 0.383906 0.214042 0.386680 0.212981
8 0.430565 0.205407 0.434133 0.203278 0.435391 0.202824 0.435878 0.202815 0.436146 0.205278 0.429341 0.208417 0.430078 0.206204
8 0.428958 0.206667 0.427005 0.207639 0.422995 0.210417 0.418385 0.213102 0.414583 0.215278 0.412187 0.216574 0.410260 0.218796 0.410651 0.221019 0.415469 0.218102 0.421198 0.214630 0.423255 0.213241 0.427943 0.209491
8 0.416484 0.196157 0.419042 0.190745 0.421167 0.187148 0.423294 0.183616 0.424969 0.183801 0.425107 0.184301 0.422422 0.187833 0.420193 0.191796 0.418938 0.194028 0.417682 0.196444
10 0.440078 0.144796 0.438753 0.149750 0.439065 0.151981 0.441437 0.156384 0.443495 0.159792 0.445758 0.162255 0.447865 0.162130 0.446826 0.160343 0.441823 0.149255
8 0.397323 0.223171 0.393313 0.223046 0.390490 0.222861 0.388956 0.222801 0.388919 0.224722 0.392826 0.225153 0.396484 0.225218 0.397161 0.224074
8 0.383333 0.256667 0.386693 0.251944 0.386927 0.254583 0.384922 0.258981 0.384315 0.259653
8 0.389505 0.246435 0.391083 0.243556 0.392203 0.242477 0.392810 0.242560 0.392857 0.243722 0.391221 0.246625 0.390443 0.248056
1 0.370365 0.227407 0.374232 0.224449 0.375320 0.223370 0.376893 0.222940 0.377701 0.223514 0.377440 0.226301 0.376010 0.229894 0.375078 0.229755 0.374997 0.231977 0.373789 0.231907 0.372617 0.230616 0.372982 0.229537 0.375039 0.227676 0.376208 0.225954 0.375805 0.225380 0.373516 0.227407 0.371016 0.229120
8 0.404297 0.182407 0.404687 0.176773 0.406367 0.163329 0.407068 0.158602 0.407529 0.156227 0.408294 0.156782 0.407216 0.163167 0.406273 0.171662 0.405784 0.177046 0.405438 0.180148 0.405391 0.181898
8 0.404263 0.199727 0.404404 0.201153 0.405414 0.201338 0.406302 0.195509 0.407318 0.189259 0.407630 0.180046 0.407878 0.176116 0.408052 0.171097 0.408089 0.166079 0.407951 0.164278 0.406927 0.166773 0.406555 0.175903 0.406453 0.181106 0.405768 0.190713 0.405104 0.194074
8 0.436875 0.291991 0.436424 0.298153 0.436424 0.301870 0.437086 0.302181 0.437539 0.300880 0.437891 0.291852
10 0.414427 0.203009 0.415578 0.200306 0.415820 0.197894 0.421214 0.197199 0.421875 0.197306 0.423255 0.199815 0.423203 0.206306 0.423232 0.208500 0.421453 0.208556 0.420883 0.207699 0.420641 0.206144 0.416740 0.207463 0.414115 0.209676 0.413099 0.208843
8 0.427646 0.280491 0.432667 0.284907 0.438542 0.289444 0.437188 0.289444 0.435859 0.289352 0.427159 0.282505 0.427268 0.281352
8 0.366510 0.180880 0.370365 0.178241 0.371094 0.177778 0.371979 0.179444 0.370625 0.180787 0.368435 0.182426 0.367734 0.182870
8 0.375565 0.158833 0.374448 0.159764 0.374622 0.161375 0.375255 0.161620 0.376995 0.160134 0.381596 0.155199 0.384703 0.151968 0.386115 0.150681 0.384503 0.149458 0.379904 0.154264 0.377078 0.156991
5 0.385531 0.263662 0.386977 0.258519 0.391130 0.248204 0.392857 0.243722 0.392810 0.242560 0.392203 0.242477 0.393602 0.235838 0.393917 0.229731 0.397318 0.224167 0.399063 0.221944 0.404323 0.204954 0.407435 0.194519 0.408086 0.192204 0.409242 0.192593 0.412135 0.195417 0.415820 0.197894 0.415578 0.200306 0.414479 0.202750 0.412352 0.212255 0.410260 0.218796 0.409365 0.223148 0.409365 0.223148 0.408880 0.224861 0.406615 0.226421 0.405076 0.227917 0.404607 0.231648 0.404982 0.233806 0.405773 0.235130 0.403604 0.243097 0.398776 0.260231 0.397471 0.265657 0.396911 0.268060 0.395229 0.274204 0.395229 0.274204 0.393490 0.279630
8 0.395091 0.282509 0.395060 0.278602 0.395229 0.274204 0.396354 0.269907 0.396953 0.268056 0.396875 0.273380 0.396664 0.278171 0.396380 0.280833 0.396451 0.285176
8 0.359109 0.156782 0.360312 0.156204 0.361625 0.156412 0.361974 0.157356 0.360286 0.158565
8 0.414193 0.312731 0.417299 0.316102 0.416563 0.317407 0.414583 0.314398
2 0.589424 0.435023 0.588615 0.438801 0.596424 0.443463 0.597112 0.441134 0.596987 0.438579 0.594799 0.437245 0.591362 0.435468
10 0.441687 0.173931 0.445380 0.178454 0.447820 0.181551 0.449737 0.182421 0.451448 0.184093 0.452216 0.184773 0.454495 0.182565 0.453823 0.175338 0.453823 0.175338 0.452820 0.171593 0.452219 0.171968 0.450990 0.169213 0.450461 0.170097 0.444083 0.173139
10 0.428648 0.157815 0.433352 0.162403 0.436063 0.166199 0.437312 0.165421 0.437188 0.163977 0.437185 0.158986 0.437563 0.156634 0.430562 0.157880
2 0.377211 0.196968 0.378424 0.194227 0.380104 0.191824 0.382766 0.191241 0.384586 0.191324 0.386453 0.192653 0.388458 0.194644 0.387208 0.195162 0.386484 0.195972 0.385388 0.199500 0.382891 0.206435 0.380477 0.201644
2 0.356599 0.195972 0.358703 0.184259 0.359461 0.180324 0.361367 0.176639 0.362549 0.174773 0.364294 0.174037 0.364919 0.175454 0.365130 0.178681 0.364206 0.177273 0.361734 0.180968 0.362539 0.181829 0.359880 0.185324 0.359880 0.185324 0.359880 0.194255 0.359141 0.201389
2 0.414615 0.275477 0.418854 0.275417 0.421094 0.275421 0.420990 0.277315 0.417839 0.277884 0.415669 0.278208 0.414844 0.278009 0.414219 0.277083 0.414141 0.276019
2 0.414487 0.261306 0.419055 0.264157 0.421745 0.265986 0.424818 0.268380 0.425401 0.270852 0.424703 0.271097 0.420484 0.268620 0.415464 0.265398 0.413792 0.264653 0.413930 0.261986
8 0.375781 0.175324 0.374201 0.169912 0.374016 0.168995 0.374247 0.167338 0.375276 0.167588 0.376815 0.172815 0.376284 0.173875
6 0.368174 0.153875 0.373646 0.157843 0.375565 0.158833 0.374448 0.159764 0.374622 0.161375 0.371102 0.159204 0.365026 0.154583 0.366643 0.153935
8 0.376396 0.178250 0.377448 0.176250 0.378385 0.178102 0.378948 0.180338 0.378518 0.181139
8 0.365375 0.164977 0.363865 0.161458 0.362615 0.158912 0.361625 0.156412 0.361911 0.155995 0.363292 0.155903 0.365792 0.161181 0.367458 0.165394 0.368344 0.167014 0.370208 0.170185 0.367273 0.167477
8 0.372734 0.181481 0.373292 0.180718 0.374021 0.179236 0.372797 0.176690 0.371333 0.173477 0.367016 0.168495 0.367641 0.170625 0.369922 0.175370 0.372031 0.179583
8 0.376953 0.184722 0.375844 0.182449 0.374841 0.181833 0.374333 0.183005 0.376104 0.186431
8 0.381341 0.191648 0.380234 0.189491 0.379008 0.185009 0.379323 0.183565 0.380391 0.184583 0.381810 0.188829 0.382766 0.191241
8 0.379271 0.193009 0.377823 0.190088 0.377042 0.188375 0.378057 0.186708 0.378891 0.188468 0.380766 0.191801 0.380104 0.191824
8 0.373786 0.192120 0.376104 0.186431 0.376953 0.184722 0.378081 0.182250 0.378518 0.181139 0.378948 0.180338 0.382760 0.172083 0.385466 0.167505 0.386581 0.164782 0.387568 0.162699 0.393073 0.153704 0.396013 0.149019 0.398859 0.145148 0.399943 0.146639 0.392919 0.158981 0.387729 0.168056 0.382292 0.176759 0.379844 0.182454 0.379323 0.183565 0.379008 0.185009 0.378057 0.186708 0.377042 0.188375 0.374557 0.193301
8 0.362539 0.181829 0.361734 0.180968 0.364206 0.177273 0.368568 0.184306 0.370622 0.187611 0.369799 0.192120 0.369844 0.194259
8 0.372214 0.189815 0.375927 0.195324 0.380477 0.201644 0.382891 0.206435 0.383937 0.208463 0.385753 0.211560 0.383151 0.212593 0.376047 0.201269 0.372250 0.195912 0.371341 0.194111 0.371797 0.191389
2 0.513732 0.298579 0.511492 0.295111 0.516047 0.288296 0.518648 0.283926 0.520240 0.280074 0.522117 0.282514 0.522552 0.284569 0.522263 0.286241 0.525154 0.289968 0.524794 0.292796 0.526167 0.294208 0.527396 0.296778
8 0.387161 0.240319 0.389505 0.246435 0.390443 0.248056 0.390708 0.249116 0.390148 0.250606 0.389589 0.249694 0.387536 0.245130
8 0.387208 0.257824 0.386927 0.254583 0.386693 0.251944 0.386695 0.250440 0.386135 0.246542 0.385529 0.237662 0.384315 0.229699 0.383849 0.223972 0.384922 0.223727 0.385294 0.224139 0.386182 0.232769 0.386695 0.234843 0.387536 0.245130 0.388229 0.250602 0.388469 0.254671
8 0.385763 0.241398 0.381281 0.231690 0.378435 0.224056 0.376268 0.219625 0.374583 0.216065 0.375583 0.215824 0.378958 0.221250 0.381716 0.226944 0.383490 0.230463 0.384904 0.233398 0.385529 0.237662
1 0.399021 0.202347 0.399594 0.201931 0.400036 0.198968 0.400375 0.194662 0.400805 0.192870 0.401026 0.187069 0.401458 0.180736 0.402135 0.172500 0.403091 0.161963 0.403813 0.162736 0.402917 0.173380 0.402177 0.183903 0.401654 0.189065 0.401195 0.193352 0.401021 0.196944 0.400602 0.201407 0.400393 0.203083 0.399904 0.204134
4 0.509115 0.223593 0.508367 0.234176 0.511555 0.244384 0.511151 0.246176 0.510385 0.246319 0.509659 0.248472 0.507586 0.248199 0.503505 0.250926 0.505021 0.257222 0.497779 0.260074 0.498208 0.250028 0.498310 0.242227 0.498812 0.231227 0.497724 0.231074 0.497641 0.221264 0.497984 0.208023 0.498073 0.198769 0.500661 0.200259 0.502755 0.204861 0.509362 0.212602 0.511286 0.215273 0.509099 0.221116
4 0.454495 0.182565 0.443633 0.192917 0.442401 0.195505 0.449232 0.220190 0.456701 0.247995 0.462690 0.268819 0.466185 0.280167 0.467247 0.283792 0.468513 0.284130 0.471312 0.283310 0.475042 0.280981 0.475102 0.278972 0.475102 0.277435 0.479258 0.274171 0.480664 0.273019 0.485958 0.268125 0.478805 0.265037 0.475333 0.260917 0.475411 0.257315 0.479284 0.253213 0.480953 0.252319 0.482130 0.245032 0.483552 0.238782 0.485781 0.233426 0.485870 0.226537 0.481727 0.217602 0.478159 0.213384 0.474271 0.219259 0.470247 0.221542 0.464224 0.226597 0.456779 0.234023 0.451549 0.215870 0.455815 0.210972 0.453935 0.189750 0.455021 0.187958
8 0.405076 0.227917 0.406615 0.226421 0.408854 0.225000 0.412161 0.229398 0.416229 0.233556 0.419542 0.236875 0.420987 0.238912 0.421172 0.242870 0.420312 0.243333 0.418797 0.245088 0.414503 0.244676 0.411953 0.241343 0.410807 0.240000 0.409258 0.239310 0.408214 0.237139 0.407167 0.236088 0.406365 0.235778 0.404982 0.233806 0.404607 0.231648
2 0.515208 0.300463 0.518143 0.305519 0.522479 0.311944 0.526312 0.316958 0.527469 0.316315 0.529419 0.312074 0.531299 0.310403 0.532383 0.308602 0.528646 0.298843
1 0.394911 0.205449 0.396417 0.202130 0.398013 0.199079 0.397352 0.198167 0.395302 0.197153 0.393917 0.196505 0.394115 0.196157 0.395453 0.195704 0.397953 0.197204 0.398617 0.198380 0.398737 0.199833 0.397422 0.202269 0.395091 0.206528
1 0.389956 0.194005 0.392115 0.197264 0.393622 0.200000 0.394586 0.200532 0.396091 0.202838 0.396815 0.201495 0.394586 0.198875 0.391964 0.194426 0.389977 0.192713
5 0.593133 0.691495 0.596023 0.686889 0.598766 0.683194 0.601206 0.679282 0.603016 0.675319 0.603828 0.676069 0.604852 0.681532 0.604792 0.686088 0.603737 0.690264 0.602172 0.693102 0.599852 0.694551 0.597742 0.695194 0.595542 0.695139 0.592891 0.693477
1 0.687760 0.611620 0.688023 0.596264 0.687862 0.592324 0.689318 0.592324 0.689318 0.603944 0.689375 0.620370 0.689156 0.629671 0.689266 0.639847 0.687753 0.639653 0.687646 0.618056
10 0.703958 0.617176 0.702289 0.619560 0.704242 0.623819 0.704971 0.625856 0.705883 0.626690 0.707315 0.624931 0.705492 0.620486
2 0.414549 0.270481 0.418521 0.271250 0.420211 0.271639 0.421312 0.272319 0.423302 0.272028 0.423513 0.273468 0.423513 0.274120 0.418669 0.273991 0.416247 0.273208 0.414385 0.272917
8 0.403958 0.204028 0.403281 0.202245 0.402167 0.197796 0.401406 0.193148 0.402344 0.192454 0.403823 0.199120 0.404422 0.201810
8 0.357474 0.187315 0.353469 0.189454 0.354115 0.191176 0.356094 0.190463 0.357708 0.189444 0.358190 0.187014
2 0.409060 0.179014 0.409060 0.168144 0.408500 0.160509 0.408734 0.155366 0.410026 0.154926 0.410719 0.154764 0.410753 0.153745 0.413091 0.152653 0.414083 0.153509 0.415380 0.154208 0.415953 0.153565 0.417786 0.153704 0.419935 0.155032 0.420260 0.157523 0.420542 0.159347 0.422641 0.160426 0.426281 0.159347 0.427870 0.165241 0.428336 0.167477 0.428148 0.169306 0.423807 0.170963 0.414708 0.175778
10 0.456536 0.293843 0.461677 0.287130 0.463125 0.285556 0.464664 0.287463 0.466250 0.289787 0.464516 0.295843 0.463208 0.298417 0.459940 0.305134 0.457758 0.301486 0.456263 0.299162 0.457198 0.296755
1 0.364167 0.212083 0.365010 0.211463 0.364523 0.205949 0.364453 0.201713 0.364245 0.199315 0.363391 0.198477 0.362849 0.197829 0.363234 0.202227 0.363826 0.209481
1 0.364557 0.214259 0.365547 0.210694 0.367542 0.205356 0.368234 0.205894 0.368023 0.208514 0.366997 0.212157 0.366536 0.213380 0.365461 0.215102 0.364896 0.215139
8 0.400148 0.218421 0.394438 0.204931 0.391177 0.196704 0.389956 0.194005 0.387208 0.195162 0.387354 0.197991 0.391836 0.208912 0.395495 0.218102 0.397539 0.223819 0.399036 0.221898
1 0.382891 0.206435 0.385388 0.199500 0.386484 0.195972 0.387354 0.197991 0.386719 0.200431 0.385711 0.203731 0.383937 0.208463
2 0.382292 0.176759 0.385411 0.173602 0.389240 0.170532 0.391758 0.168042 0.391758 0.168042 0.392344 0.167375 0.393297 0.167699 0.396380 0.168542 0.400797 0.169199 0.401357 0.170194 0.401305 0.171773 0.399159 0.179819 0.398487 0.181995 0.399781 0.184296 0.399758 0.185815 0.396271 0.187370 0.393896 0.186218 0.392708 0.186407 0.390224 0.187944 0.388549 0.188329 0.386714 0.186505 0.385646 0.184884
10 0.504789 0.261745 0.505841 0.259727 0.503505 0.250926 0.507586 0.248199 0.512117 0.258486 0.514034 0.263380 0.513281 0.264907 0.511510 0.264583 0.508414 0.268287 0.505948 0.264704
2 0.383401 0.236468 0.379846 0.234046 0.378591 0.233551 0.376604 0.231509 0.376010 0.229894 0.377440 0.226301 0.378435 0.224056 0.381281 0.231690
2 0.386992 0.238944 0.389188 0.240556 0.391839 0.241796 0.388805 0.236218 0.386398 0.232005 0.386182 0.232769 0.386695 0.234843
10 0.379833 0.248532 0.383242 0.246875 0.384688 0.246375 0.386135 0.246542 0.386695 0.250440 0.385201 0.251602 0.381563 0.252352
2 0.420081 0.218713 0.423102 0.219454 0.425211 0.220102 0.425966 0.220472 0.425888 0.221630 0.424195 0.221074 0.421904 0.220426 0.420654 0.220380 0.419820 0.220380 0.419716 0.219222
2 0.420065 0.227472 0.419508 0.226356 0.419010 0.223657 0.418750 0.221759 0.419271 0.220556 0.420234 0.220694 0.420521 0.223102 0.420755 0.226759
15 0.427227 0.218829 0.429758 0.221991 0.430995 0.222792 0.432591 0.221829 0.433344 0.220273 0.432349 0.218241 0.433104 0.216366 0.431206 0.213792 0.428698 0.210278 0.427919 0.213741 0.427740 0.215454
15 0.423255 0.213241 0.426505 0.217384 0.427167 0.213042 0.427943 0.209491
2 0.438719 0.222505 0.438073 0.224676 0.437346 0.230106 0.436539 0.234694 0.435656 0.238639 0.436339 0.239500 0.437185 0.237852 0.437630 0.236528 0.438203 0.233472 0.438919 0.227597 0.439526 0.225514 0.439688 0.223579 0.439284 0.222648
2 0.409365 0.223148 0.416380 0.223519 0.416997 0.223505 0.418464 0.225116 0.419508 0.226356 0.420065 0.227472 0.420451 0.229023 0.420172 0.229829 0.419508 0.229829 0.418078 0.227162 0.417487 0.225986 0.416370 0.225690 0.412734 0.225370 0.408880 0.224861
1 0.425120 0.226713 0.426099 0.229782 0.428013 0.231194 0.430115 0.229366 0.430206 0.228370 0.429927 0.225551 0.428948 0.225301 0.428438 0.223796 0.427604 0.224398 0.428714 0.226213 0.428714 0.228454 0.426799 0.228704 0.426753 0.226380 0.426286 0.225801 0.426380 0.224472 0.426005 0.223394 0.425120 0.225134
2 0.425685 0.235551 0.425958 0.239620 0.427187 0.241991 0.429862 0.244639 0.431815 0.246440 0.432966 0.247306 0.434151 0.243403 0.431979 0.240880 0.428203 0.237972
1 0.426458 0.234769 0.429039 0.237102 0.429878 0.236917 0.430398 0.237227 0.430852 0.238713 0.432701 0.239523 0.432841 0.240634 0.431979 0.240880 0.428203 0.237972 0.426182 0.235866
8 0.421120 0.230602 0.420987 0.223852 0.420987 0.221986 0.421510 0.220843 0.423687 0.221556 0.425302 0.222491 0.424456 0.229806 0.424010 0.230787
2 0.425208 0.255338 0.425812 0.255931 0.427076 0.258769 0.427740 0.257750 0.427047 0.257319 0.427076 0.253194 0.430482 0.252231 0.430271 0.257537 0.429880 0.260750 0.429185 0.264662 0.428042 0.264394 0.427620 0.263106 0.426534 0.262894 0.426685 0.260269 0.425992 0.260750 0.425253 0.259745
1 0.408526 0.251458 0.408648 0.255157 0.408820 0.258250 0.409703 0.258157 0.409763 0.255532
2 0.449576 0.251370 0.449727 0.250139 0.450776 0.248852 0.451945 0.249208 0.453719 0.252005 0.454607 0.252509 0.456141 0.257097 0.455534 0.259394 0.453922 0.260681 0.453846 0.258542 0.452492 0.258208 0.451784 0.262333 0.450789 0.261741 0.450508 0.256019
10 0.434919 0.263153 0.434828 0.257097 0.435667 0.251870 0.437161 0.248880 0.437815 0.246227 0.439401 0.245810 0.442714 0.241995 0.443695 0.243241 0.447102 0.247556 0.448315 0.248551 0.448969 0.250125 0.449576 0.251370 0.450508 0.256019 0.450789 0.261741 0.450648 0.265727 0.448969 0.270787 0.447383 0.272361 0.446260 0.273028 0.443789 0.274106 0.441969 0.273856 0.440661 0.275764 0.437815 0.274769 0.437068 0.272361 0.436786 0.270120 0.435388 0.266139
8 0.421745 0.265986 0.422500 0.259551 0.422013 0.255713 0.421690 0.250431 0.420987 0.238912 0.420664 0.232481 0.421823 0.232176 0.425000 0.232639 0.425685 0.235551 0.425146 0.249569 0.425253 0.259745 0.425201 0.263394 0.424818 0.268380
11 0.417307 0.124690 0.417120 0.122037 0.417495 0.118718 0.420760 0.117389 0.424307 0.115815 0.427201 0.114981 0.430888 0.116560 0.432990 0.124028 0.433922 0.127676 0.431542 0.122287 0.430003 0.118051 0.429255 0.116394 0.428974 0.117139 0.432008 0.124690 0.435414 0.133486 0.437469 0.139458 0.437328 0.150907 0.437563 0.156634 0.430562 0.157880 0.427107 0.158213 0.426281 0.159347 0.422641 0.160426 0.420542 0.159347 0.420260 0.157523 0.419935 0.155032 0.419935 0.155032 0.418987 0.146014 0.418542 0.140324 0.418529 0.136824 0.417633 0.129505
2 0.416940 0.256588 0.417982 0.257977 0.418685 0.260199 0.419284 0.262329 0.419544 0.264505 0.419055 0.264157 0.416786 0.262745 0.415615 0.262051 0.415534 0.259782 0.414747 0.257444
2 0.416406 0.255093 0.415716 0.253625 0.414388 0.253671 0.414284 0.255106 0.414466 0.256144
2 0.418195 0.257269 0.418846 0.256574 0.420383 0.255833 0.421008 0.257310 0.421737 0.258236 0.420513 0.260417 0.419401 0.261991 0.419549 0.260370 0.419185 0.259907 0.419263 0.259120 0.419680 0.258889 0.419159 0.257963 0.418586 0.258102 0.418195 0.257870
8 0.410521 0.257963 0.408526 0.251458 0.406435 0.243773 0.405737 0.241046 0.405633 0.237079 0.406365 0.235778 0.407167 0.236088 0.408214 0.237139 0.409258 0.239310 0.409432 0.241106 0.410828 0.243093 0.413094 0.250898 0.414466 0.256144 0.414747 0.257444 0.414557 0.258648 0.413513 0.258398 0.412745 0.259579 0.414279 0.260134 0.414802 0.260815 0.414487 0.261306 0.413930 0.261986 0.413792 0.264653 0.413635 0.265537 0.412867 0.267028 0.412448 0.265537 0.411943 0.263787 0.410677 0.259491 0.410633 0.258560
2 0.435323 0.227588 0.433615 0.224306 0.432742 0.222634 0.431628 0.223065 0.431068 0.225051 0.433195 0.228333 0.434591 0.230440
2 0.438203 0.233472 0.440964 0.238148 0.442503 0.240917 0.442714 0.241995 0.441214 0.243704 0.439479 0.240833 0.437630 0.236528
8 0.375495 0.194588 0.376732 0.193463 0.378307 0.192407 0.379167 0.193148 0.378424 0.194227 0.377333 0.195287 0.376250 0.195824 0.375927 0.195324
8 0.609008 0.435889 0.615818 0.449662 0.622565 0.463102 0.627750 0.472435 0.626687 0.474097 0.617755 0.456995 0.611818 0.444222 0.608008 0.436667 0.608107 0.435833 0.608576 0.435380
8 0.471081 0.303722 0.487240 0.301713 0.498117 0.300250 0.509865 0.298657 0.513732 0.298579 0.527396 0.296778 0.531458 0.296292 0.535138 0.296444 0.534971 0.298375 0.525682 0.299120 0.509372 0.301199 0.496326 0.303282 0.481849 0.304630 0.471232 0.305801 0.470568 0.304917
8 0.530008 0.298856 0.533573 0.306532 0.540971 0.326023 0.548740 0.347037 0.554346 0.361157 0.554880 0.364250 0.553883 0.364481 0.545388 0.343042 0.536641 0.320380 0.532383 0.308602 0.528646 0.298843
8 0.529687 0.296620 0.525359 0.285065 0.524659 0.282907 0.524987 0.282162 0.522583 0.276676 0.521695 0.277838 0.522630 0.281324 0.525151 0.288708 0.528229 0.296671
8 0.343828 0.167130 0.349872 0.162731 0.354068 0.159579 0.358229 0.157407 0.359323 0.159213 0.354591 0.162088 0.349427 0.165602 0.348427 0.166338 0.347917 0.166852 0.345911 0.167917 0.344349 0.168704
2 0.449255 0.274486 0.445826 0.274343 0.446268 0.273051 0.447552 0.272130 0.449898 0.271833
8 0.524076 0.279995 0.523984 0.277870 0.525711 0.277755 0.526409 0.280079 0.526878 0.284477 0.530378 0.290120 0.536724 0.297338 0.546073 0.306963 0.551398 0.312560 0.554586 0.315931 0.555109 0.317648 0.554427 0.319588 0.547286 0.312486 0.538531 0.302231 0.534971 0.298375 0.535138 0.296444 0.532805 0.296426 0.527922 0.289755 0.526148 0.287245 0.525359 0.285065 0.524659 0.282907 0.524987 0.282162
8 0.491693 0.328565 0.492419 0.324532 0.493870 0.319296 0.494677 0.314852 0.495042 0.312986 0.495846 0.312556 0.496169 0.315926 0.495081 0.321380 0.493549 0.326685 0.492943 0.329551
8 0.346888 0.174421 0.350031 0.172287 0.350729 0.171731 0.357414 0.167537 0.360763 0.165245 0.363021 0.163736 0.364312 0.165245 0.363505 0.166319 0.360964 0.168241 0.354471 0.172417 0.351146 0.174444 0.347451 0.175787
6 0.402177 0.183903 0.406453 0.181106 0.405768 0.190713 0.404719 0.190569 0.403911 0.191505 0.401198 0.193056 0.401654 0.189065
8 0.459940 0.305134 0.463208 0.298417 0.464516 0.295843 0.466661 0.293356 0.468854 0.292194 0.471841 0.292194 0.473802 0.292440 0.473896 0.293852 0.473336 0.294847 0.470909 0.294597 0.467268 0.295676 0.464047 0.299907 0.462461 0.305051 0.461247 0.307130 0.460081 0.306963
8 0.480664 0.273019 0.486117 0.278588 0.488870 0.281565 0.489687 0.284630 0.487953 0.288861 0.484443 0.293375 0.481852 0.292028 0.477206 0.282431 0.475102 0.278972 0.475102 0.277435 0.476451 0.277630 0.479258 0.283773 0.483146 0.290106 0.484552 0.288574 0.487198 0.284444 0.485846 0.282139 0.481419 0.277051 0.479258 0.274171
1 0.453583 0.279000 0.458904 0.278005 0.462031 0.277500 0.463716 0.277755 0.463622 0.278667 0.458021 0.279815 0.454430 0.280662 0.453583 0.280088
8 0.453846 0.258542 0.453846 0.262356 0.451719 0.274907 0.450201 0.283347 0.448669 0.291065 0.447266 0.291810 0.446419 0.290648 0.448846 0.276708 0.451607 0.263519 0.452492 0.258208
8 0.400417 0.292130 0.398047 0.282593 0.396664 0.278171 0.396380 0.280833 0.397005 0.283565 0.397776 0.286412 0.398193 0.288954
8 0.397109 0.269120 0.401896 0.270292 0.405313 0.270926 0.403674 0.269426 0.399909 0.268370 0.397161 0.267546 0.396911 0.268060
8 0.407604 0.272222 0.409182 0.275005 0.409948 0.275810 0.410682 0.277977 0.412599 0.278907 0.416294 0.283431 0.419849 0.288204 0.420302 0.288269 0.420302 0.286718 0.418315 0.283495 0.416745 0.281574 0.413505 0.278287 0.411622 0.276551 0.410820 0.276056 0.410234 0.274306 0.408414 0.272648
6 0.436234 0.094444 0.436828 0.086384 0.439023 0.088370 0.438698 0.095417 0.437568 0.095296
11 0.442049 0.127315 0.438734 0.116287 0.435466 0.106829 0.434112 0.101519 0.435141 0.099111 0.437568 0.095296 0.440693 0.095625 0.444148 0.106829 0.448721 0.120185 0.453482 0.135370 0.457542 0.147731 0.458055 0.152213 0.457310 0.155366 0.456982 0.154037 0.452875 0.148560 0.452034 0.145824 0.452729 0.144542 0.453151 0.142398 0.452339 0.140685 0.451193 0.138972 0.450922 0.137042 0.448844 0.134042 0.446734 0.131528 0.445922 0.131204 0.444445 0.133403 0.443380 0.131116
6 0.437544 0.138167 0.437469 0.139458 0.437328 0.150907 0.437563 0.156634 0.437185 0.158986 0.437188 0.163977 0.437312 0.165421 0.443562 0.163264 0.443495 0.159792 0.441437 0.156384 0.439065 0.151981 0.438753 0.149750 0.440078 0.144796
6 0.437089 0.135417 0.436888 0.123588 0.436927 0.120074 0.437734 0.117995 0.438703 0.117921 0.439427 0.119644 0.442049 0.127315 0.443380 0.131116 0.443380 0.135778 0.442091 0.138218 0.440437 0.140796 0.440396 0.143449 0.439474 0.141273
1 0.433922 0.127676 0.431542 0.122287 0.430003 0.118051 0.429255 0.116394 0.428974 0.117139 0.432008 0.124690 0.435414 0.133486 0.437544 0.138167 0.441823 0.149255 0.446826 0.160343 0.447865 0.162130 0.449380 0.165394 0.450990 0.169213 0.452219 0.171968 0.452820 0.171593 0.452052 0.169310 0.448393 0.161319 0.443479 0.150435 0.439474 0.141273 0.435706 0.131954
8 0.340896 0.148486 0.346583 0.150421 0.353698 0.151991 0.357596 0.152287 0.361276 0.151894 0.363750 0.151083 0.368367 0.149347 0.373359 0.148241 0.376237 0.147532 0.381398 0.145736 0.389906 0.143130 0.396820 0.141014 0.405521 0.137963 0.411305 0.136102 0.411898 0.135648 0.412878 0.135977 0.413341 0.137806 0.413297 0.140296 0.407745 0.141954 0.397146 0.145356 0.384503 0.149458 0.377362 0.150750 0.372099 0.152824 0.368174 0.153875 0.366643 0.153935 0.362240 0.155602 0.360521 0.156019 0.358214 0.155704 0.357151 0.155704 0.348521 0.153023 0.342417 0.151009 0.340583 0.150046
1 0.399362 0.147852 0.402768 0.148014 0.405055 0.148069 0.406474 0.149676 0.410753 0.153745 0.410719 0.154764 0.410026 0.154926 0.406380 0.151065 0.405286 0.149769 0.401589 0.149352 0.399661 0.149083
6 0.405112 0.104597 0.406091 0.099287 0.408799 0.099866 0.409313 0.103185 0.407958 0.111231 0.406044 0.108079
6 0.399557 0.135231 0.399651 0.132556 0.400445 0.128824 0.401190 0.129736 0.403245 0.129486 0.402826 0.132306
1 0.396344 0.114903 0.396719 0.123458 0.397219 0.130676 0.398076 0.131287 0.397422 0.119630 0.397083 0.114694
6 0.398607 0.149491 0.399695 0.149491 0.398083 0.159528 0.396380 0.168542 0.393297 0.167699 0.396044 0.153704
8 0.392359 0.142264 0.394794 0.129602 0.395669 0.129380 0.399107 0.132042 0.398544 0.136597 0.398294 0.140375 0.396820 0.141014
8 0.387568 0.162699 0.391445 0.147306 0.397146 0.145356 0.396013 0.149019
8 0.396044 0.153704 0.393297 0.167699 0.392370 0.167454 0.391758 0.168042 0.389240 0.170532 0.385411 0.173602 0.382292 0.176759 0.387729 0.168056 0.392919 0.158981
8 0.376237 0.147532 0.377203 0.146167 0.381602 0.142222 0.384505 0.138782 0.386039 0.136630 0.387128 0.137278 0.387570 0.137995 0.387289 0.139713 0.383333 0.143750 0.381398 0.145736
1 0.370112 0.155245 0.372099 0.152824 0.373359 0.152731 0.370911 0.155787
1 0.365792 0.161181 0.368411 0.157083 0.369167 0.157685 0.368099 0.159491 0.366307 0.162458
6 0.376995 0.160134 0.381734 0.162301 0.386581 0.164782 0.385466 0.167505 0.379844 0.164398 0.376401 0.162796 0.375255 0.161620
6 0.351484 0.142315 0.359453 0.147546 0.362380 0.149972 0.363750 0.151083 0.361276 0.151894 0.359557 0.150880 0.354440 0.147551 0.351823 0.145870 0.351333 0.144949 0.351128 0.143894
1 0.358307 0.172546 0.360964 0.168241 0.363505 0.166319 0.359836 0.172199
1 0.355313 0.177361 0.356432 0.175556 0.357719 0.175491 0.356094 0.178384
1 0.350031 0.172287 0.347917 0.166852 0.348427 0.166338 0.349195 0.167144 0.350729 0.171731
1 0.354667 0.184560 0.351844 0.177185 0.352680 0.177120 0.354070 0.180370 0.355607 0.185019
1 0.350964 0.183565 0.353711 0.184292 0.357021 0.185366 0.358352 0.186083 0.358190 0.187014 0.357474 0.187315 0.355000 0.186389 0.351333 0.184935
1 0.375260 0.176620 0.373021 0.173588 0.370208 0.170185 0.367273 0.167477 0.362711 0.161477 0.360089 0.158259 0.358214 0.155704 0.357151 0.155704 0.359526 0.159481 0.366148 0.167477 0.371333 0.173477 0.374766 0.177917
1 0.378518 0.181139 0.376396 0.178250 0.375833 0.179250 0.378081 0.182250
1 0.379844 0.182454 0.385206 0.187806 0.389956 0.194005 0.388828 0.194468 0.384393 0.189579 0.380391 0.184583 0.379323 0.183565
1 0.398396 0.208463 0.399115 0.209537 0.399901 0.210231 0.400078 0.209120 0.399117 0.208037
1 0.395401 0.207153 0.400398 0.204708 0.403211 0.203153 0.403586 0.204931 0.400521 0.207361 0.396276 0.209486
1 0.374138 0.213356 0.371909 0.212708 0.370703 0.212361 0.370599 0.214537 0.376034 0.215370 0.380219 0.216037 0.382219 0.214704 0.383906 0.214042 0.388404 0.212264 0.392526 0.210931 0.391836 0.208912 0.388029 0.210597 0.383151 0.212593 0.381594 0.213259 0.379786 0.214153
6 0.383906 0.214042 0.388956 0.222801 0.388919 0.224722 0.392826 0.225153 0.392964 0.225259 0.394651 0.228255 0.393917 0.229731 0.393602 0.235838 0.392203 0.242477 0.391839 0.241796 0.388805 0.236218 0.386398 0.232005 0.385294 0.224139 0.384922 0.223727 0.383849 0.223972 0.384219 0.228921 0.379844 0.221370 0.376034 0.215370 0.380219 0.216037 0.382219 0.214704
6 0.374138 0.213356 0.368630 0.204907 0.363391 0.198477 0.359880 0.194255 0.359880 0.185324 0.362539 0.181829 0.369974 0.194491 0.376286 0.202491 0.383151 0.212593 0.381594 0.213259 0.379786 0.214153
6 0.448393 0.161319 0.450867 0.160204 0.456201 0.157972 0.456479 0.159088 0.456305 0.160079 0.456096 0.161875 0.457492 0.162866 0.455260 0.163921 0.453797 0.164662 0.453133 0.166648 0.453062 0.168134 0.452052 0.169310
6 0.407630 0.180046 0.414602 0.175801 0.418836 0.173718 0.425039 0.170523 0.431979 0.167977 0.436063 0.166199 0.437312 0.165421 0.443862 0.163185 0.445758 0.162255 0.447865 0.162130 0.449380 0.165394 0.450990 0.169213 0.450461 0.170097 0.444083 0.173139 0.432820 0.177542 0.424922 0.180787 0.418542 0.183380 0.410060 0.188171 0.407318 0.189259
6 0.439648 0.218755 0.440044 0.216796 0.441888 0.214523 0.442776 0.215602 0.450148 0.223486 0.454930 0.241250 0.453357 0.241394 0.450896 0.240315 0.445531 0.233144 0.441417 0.227120 0.439643 0.224542 0.439688 0.223579 0.439284 0.222648 0.438719 0.222505 0.439695 0.221495
1 0.425888 0.221630 0.426823 0.222315 0.427227 0.218829 0.427740 0.215454 0.427919 0.213741 0.428698 0.210278 0.430078 0.206204 0.432708 0.201296 0.435182 0.198380 0.437266 0.197130 0.439271 0.196343 0.439089 0.194815 0.436016 0.196157 0.433490 0.198333 0.430833 0.202176 0.428958 0.206667 0.427943 0.209491 0.427167 0.213042 0.426505 0.217384 0.425966 0.220472
6 0.391078 0.190713 0.394065 0.188639 0.399758 0.185815 0.401146 0.184722 0.400805 0.192870 0.398385 0.194028 0.396406 0.195278 0.394115 0.196157 0.391891 0.192870 0.390802 0.191722
1 0.417943 0.278148 0.419044 0.281250 0.420070 0.283361 0.420555 0.282690 0.420479 0.281361 0.419820 0.279912 0.418802 0.277824
1 0.494823 0.292657 0.497146 0.294343 0.500651 0.295000 0.504003 0.295921 0.503721 0.297213 0.499365 0.296065 0.496979 0.295787 0.495008 0.294486
1 0.464414 0.435074 0.465560 0.428454 0.466784 0.424009 0.467878 0.421694 0.469336 0.421324 0.470638 0.421278 0.472201 0.422111 0.474935 0.426139 0.471029 0.423639 0.469336 0.423176 0.468138 0.424056 0.467409 0.426833 0.466393 0.431694 0.466003 0.434704
8 0.466336 0.159699 0.458182 0.154796 0.451971 0.151917 0.447706 0.149523 0.446518 0.147222 0.447057 0.145194 0.448083 0.143764 0.448893 0.143273 0.452727 0.145292 0.465417 0.152685
1 0.434018 0.099019 0.425279 0.072074 0.413240 0.033847 0.402667 0.000000 0.403693 0.000000 0.419404 0.049602 0.435052 0.099343
8 0.427836 0.076398 0.433122 0.043806 0.434659 0.044819 0.429086 0.080236
8 0.427328 0.078412 0.424904 0.095736 0.426831 0.095181 0.428549 0.082171
17 0.431839 0.092361 0.430354 0.094630 0.429469 0.097361 0.429000 0.100231 0.428922 0.104074 0.429052 0.107505 0.429755 0.112454 0.430250 0.115278 0.430641 0.116995 0.431526 0.118981 0.431969 0.119444 0.433294 0.098875 0.434018 0.099019
14 0.364581 0.220421 0.361456 0.207134 0.360492 0.196394 0.361534 0.191579 0.363951 0.186824 0.364190 0.181681 0.365776 0.181194 0.372026 0.178898 0.373411 0.182454 0.375674 0.183477 0.377185 0.184634 0.378591 0.186856 0.377081 0.187134 0.377315 0.189634 0.379503 0.189403 0.385961 0.217690 0.387083 0.220556 0.381953 0.222222 0.373229 0.221991 0.373411 0.226528 0.371406 0.223843 0.369635 0.221713 0.367266 0.219074 0.366562 0.220370 0.365521 0.223565
5 0.419615 0.177269 0.418573 0.177269 0.418260 0.176296 0.414354 0.176713 0.413052 0.177222 0.410786 0.176528 0.408391 0.174444 0.407271 0.172361 0.406620 0.169630 0.406620 0.165417 0.408182 0.160833 0.409146 0.158519 0.412349 0.154491 0.415057 0.151898 0.417036 0.151296 0.419354 0.151019 0.421906 0.151065 0.423599 0.151713 0.429849 0.162083 0.426932 0.166019 0.423807 0.169861 0.421854 0.173333 0.420396 0.176898
4 0.424904 0.095736 0.419867 0.099921 0.416320 0.105148 0.414081 0.111125 0.413380 0.114856 0.412961 0.117514 0.413055 0.120167 0.413521 0.124231 0.414828 0.127301 0.416648 0.129625 0.418888 0.131037 0.421081 0.131866 0.423555 0.132528 0.426495 0.138421 0.431349 0.148375 0.436622 0.160991 0.438776 0.166759 0.439505 0.163333 0.442266 0.150926 0.431693 0.140046 0.431404 0.137468 0.431888 0.120764 0.431969 0.119444 0.431526 0.118981 0.430641 0.116995 0.430250 0.115278 0.429755 0.112454 0.429052 0.107505 0.428922 0.104074 0.429000 0.100231 0.429469 0.097361 0.430354 0.094630 0.426831 0.095181
6 0.396745 0.147185 0.412552 0.133852 0.416797 0.140426 0.418880 0.144176 0.400729 0.160926 0.402130 0.154806 0.401094 0.154259 0.399813 0.160361 0.397677 0.154111
6 0.397188 0.150009 0.395521 0.148157 0.395651 0.142509 0.405911 0.131815 0.410807 0.135333 0.396745 0.147185
1 0.395560 0.128505 0.400326 0.126884 0.403216 0.127208 0.407409 0.130773 0.411654 0.134616 0.410807 0.135333 0.406966 0.131884 0.403294 0.128366 0.401133 0.128042 0.399414 0.128366 0.397643 0.129153 0.395560 0.129755
5 0.412552 0.133852 0.402266 0.116310 0.402615 0.113148 0.404461 0.109366 0.405646 0.108125 0.407633 0.107880 0.409307 0.107940 0.410875 0.107880 0.412201 0.106949 0.413073 0.105523 0.414083 0.102361 0.415060 0.099574 0.415758 0.097963 0.416490 0.096412 0.417221 0.095731 0.418685 0.095792 0.419802 0.096292 0.420497 0.096722 0.421510 0.098583 0.419867 0.099921 0.416320 0.105148 0.414081 0.111125 0.413380 0.114856 0.412961 0.117514 0.413055 0.120167 0.413521 0.124231 0.414828 0.127301 0.416648 0.129625 0.418888 0.131037 0.421081 0.131866 0.423555 0.132528 0.426495 0.138421 0.431349 0.148375 0.436622 0.160991 0.437266 0.162546 0.438802 0.166806 0.436849 0.173241 0.429849 0.162083 0.423599 0.151713 0.418880 0.144176 0.416797 0.140426
2 0.414401 0.101620 0.412076 0.079741 0.414831 0.080051 0.417305 0.080361 0.420128 0.080361 0.421836 0.079926 0.423615 0.079185 0.424732 0.078625 0.425951 0.078565 0.427172 0.079431 0.424904 0.095736 0.421510 0.098583 0.420497 0.096722 0.419802 0.096292 0.418685 0.095792 0.417221 0.095731 0.416490 0.096412 0.415758 0.097963 0.415060 0.099574
14 0.417305 0.080361 0.390062 0.070708 0.386229 0.069491 0.385099 0.068560 0.384172 0.066625 0.383768 0.064329 0.383365 0.054000 0.384576 0.043819 0.386510 0.037653 0.388167 0.034282 0.389094 0.034208 0.416443 0.044106 0.425279 0.072074 0.427328 0.078412 0.427172 0.079431 0.425951 0.078565 0.424732 0.078625 0.423615 0.079185 0.421836 0.079926 0.420128 0.080361
14 0.417651 0.044102 0.432294 0.048926 0.427836 0.076398
14 0.433349 0.053477 0.433651 0.058032 0.433651 0.063495 0.433620 0.067889 0.433018 0.070565 0.429794 0.075764
10 0.420271 0.044907 0.421115 0.030389 0.423164 0.032000 0.422591 0.045713
2 0.377672 0.126222 0.373471 0.117843 0.371513 0.115935 0.369552 0.112866 0.366984 0.106894 0.366237 0.103986 0.364885 0.100833 0.363766 0.098593 0.362643 0.094694 0.361852 0.092204 0.359703 0.086148 0.358398 0.081338 0.360172 0.079759 0.363344 0.077685 0.371745 0.055616 0.383740 0.063912 0.384172 0.066625 0.385099 0.068560 0.386229 0.069491 0.390062 0.070708 0.417305 0.080361 0.414831 0.080051 0.412076 0.079741 0.414401 0.101620 0.414083 0.102361 0.413073 0.105523 0.412201 0.106949 0.410875 0.107880 0.409307 0.107940 0.407633 0.107880 0.405646 0.108125 0.402615 0.113148 0.401443 0.113046 0.398922 0.110972 0.397521 0.109810 0.395187 0.110560 0.392995 0.112801 0.390242 0.115287 0.388469 0.118773 0.388094 0.120269
1 0.390242 0.115287 0.398177 0.113769 0.401443 0.113046 0.402615 0.113148 0.402529 0.114509 0.396018 0.115713 0.389378 0.117009
10 0.388094 0.120269 0.387526 0.124537 0.387526 0.128009 0.387526 0.129491 0.395560 0.129755 0.395560 0.128505 0.402109 0.122037 0.404479 0.119954 0.402266 0.116310 0.402529 0.114509 0.396018 0.115713 0.389378 0.117009 0.388469 0.118773
10 0.390242 0.115287 0.392995 0.112801 0.395187 0.110560 0.397521 0.109810 0.398922 0.110972 0.401443 0.113046 0.398177 0.113769
2 0.397487 0.127801 0.404727 0.121736 0.412552 0.133852 0.404479 0.119954 0.402109 0.122037 0.395560 0.128505
2 0.391003 0.131505 0.382070 0.142847 0.381341 0.143958 0.381289 0.145579 0.382253 0.146597 0.383112 0.146690 0.390716 0.136412 0.395091 0.131644
1 0.378060 0.128218 0.380742 0.129051 0.387526 0.129491 0.395560 0.129755 0.404380 0.129505 0.406966 0.131884 0.405911 0.131815 0.395091 0.131644 0.391003 0.131505 0.386711 0.131870 0.382987 0.131731 0.381138 0.131407 0.379706 0.130898 0.378664 0.130574 0.377883 0.129972
1 0.349206 0.206255 0.360534 0.196903 0.360716 0.198755 0.350586 0.207690
2 0.356833 0.212412 0.361391 0.206069 0.361456 0.207134 0.361651 0.207921 0.362305 0.210745 0.358945 0.214912 0.357404 0.212912
2 0.380781 0.194907 0.387880 0.189074 0.389703 0.191481 0.381667 0.199074
1 0.388633 0.197972 0.385195 0.203944 0.385560 0.205148 0.385951 0.205565 0.389414 0.199824
10 0.389424 0.160597 0.387003 0.158231 0.385995 0.156083 0.385229 0.155579 0.384706 0.154648 0.384706 0.152426 0.385229 0.150991 0.386318 0.150704 0.387406 0.148769 0.388617 0.146972 0.391359 0.146185 0.392852 0.146185 0.395521 0.148157 0.397188 0.150009 0.397682 0.154130 0.397208 0.157657 0.395878 0.159167 0.394266 0.160384 0.392490 0.161102 0.391602 0.161245 0.390956 0.163398 0.390232 0.163468 0.389667 0.162537
2 0.335430 0.178296 0.348336 0.175606 0.348227 0.207190
2 0.348331 0.194315 0.363956 0.186856 0.361534 0.191579 0.360492 0.196394 0.360534 0.196903 0.349206 0.206255 0.350586 0.207690 0.360716 0.198755 0.361391 0.206069 0.356833 0.212412 0.355172 0.210991 0.351896 0.209750 0.349385 0.209750 0.348227 0.207190
2 0.362305 0.210745 0.364581 0.220421 0.363714 0.219917 0.360297 0.216444 0.358945 0.214912
2 0.348237 0.187106 0.351128 0.185486 0.352977 0.188819 0.348263 0.193218
2 0.335971 0.172569 0.364148 0.167014 0.364669 0.168125 0.367612 0.164931 0.373393 0.163773 0.377065 0.170440 0.377651 0.171241 0.378250 0.170639 0.379057 0.166750 0.379734 0.162306 0.378536 0.159991 0.383198 0.152722 0.384706 0.154648 0.385229 0.155579 0.385995 0.156083 0.387003 0.158231 0.389424 0.160597 0.389667 0.162537 0.388536 0.165361 0.386766 0.168046 0.386560 0.170824 0.386089 0.172676 0.382182 0.176426 0.377104 0.177815 0.376740 0.173370 0.373302 0.173556 0.373484 0.178278 0.365776 0.181194 0.359422 0.183185 0.351128 0.185486 0.348237 0.187106 0.348336 0.175606 0.335430 0.178296
2 0.364148 0.167014 0.363281 0.163472 0.364766 0.161111 0.370130 0.156574 0.372083 0.160880 0.367612 0.164931 0.364669 0.168125
2 0.370130 0.156574 0.369948 0.155556 0.370000 0.153843 0.369427 0.152083 0.367891 0.147546 0.367240 0.145278 0.367604 0.141898 0.370078 0.138056 0.372604 0.134167 0.373698 0.133148 0.378021 0.135417 0.375599 0.137407 0.371250 0.142824 0.370755 0.144259 0.373620 0.150926 0.374479 0.153843 0.378536 0.159991 0.379734 0.162306 0.379057 0.166750 0.378250 0.170639 0.377651 0.171241 0.377065 0.170440 0.373393 0.163773 0.372083 0.160880
14 0.320477 0.140227 0.350953 0.133426 0.353615 0.136079 0.355526 0.139398 0.356786 0.141060 0.358141 0.142384 0.358141 0.144463 0.358047 0.145620 0.358375 0.147861 0.359026 0.146699 0.360240 0.145208 0.361453 0.144542 0.363508 0.145042 0.365841 0.148278 0.365982 0.158153 0.357161 0.161222 0.355620 0.168523 0.335971 0.172569 0.335784 0.169435 0.332471 0.169931
2 0.332471 0.169931 0.335430 0.178296 0.335971 0.172569 0.335784 0.169435
1 0.319875 0.138949 0.322526 0.126843 0.325057 0.119556 0.326323 0.116824 0.327167 0.115273 0.332404 0.108630 0.339305 0.100597 0.343281 0.096894 0.348711 0.092940 0.353591 0.090102 0.354164 0.089833 0.353893 0.091440 0.348919 0.094278 0.343589 0.098296 0.339792 0.101616 0.332953 0.109921 0.327620 0.116454 0.325958 0.119565 0.325268 0.122134 0.323250 0.127597 0.320477 0.140227
1 0.355846 0.089037 0.359854 0.086463 0.360245 0.087481 0.356448 0.090213
2 0.354164 0.089833 0.354375 0.089259 0.355026 0.088981 0.355846 0.089037 0.356448 0.090213 0.357214 0.091898 0.357187 0.093194 0.356979 0.095000 0.357604 0.095926 0.358438 0.096157 0.358411 0.098380 0.358255 0.100278 0.353464 0.107870 0.340625 0.125509 0.336797 0.131389 0.334297 0.134722 0.332135 0.135833 0.331224 0.134352 0.328281 0.136528 0.324010 0.139398 0.320477 0.140227 0.322318 0.131713 0.324375 0.130278 0.330339 0.123935 0.336797 0.118194 0.340417 0.115417 0.341536 0.114907 0.344818 0.110648 0.346771 0.108333 0.349531 0.102593 0.352865 0.096574 0.353893 0.091440
2 0.317448 0.133750 0.321388 0.131954 0.319875 0.138949
2 0.373698 0.133148 0.365451 0.128454 0.359557 0.124611 0.353492 0.121079 0.350216 0.119468 0.349763 0.118417 0.350112 0.116370 0.351193 0.113954 0.352586 0.112778 0.355620 0.114014 0.363602 0.119347 0.373818 0.127032 0.377883 0.129972 0.378664 0.130574 0.386961 0.136574 0.384695 0.139611 0.377896 0.135458
6 0.353760 0.107273 0.354255 0.108477 0.370349 0.114264 0.369552 0.112866 0.366984 0.106894 0.366651 0.105560 0.357198 0.101856
14 0.346044 0.134597 0.346135 0.129991 0.346888 0.124796 0.347672 0.122227 0.348755 0.119866 0.349763 0.118417 0.350216 0.119468 0.353492 0.121079 0.359557 0.124611 0.365451 0.128454 0.373698 0.133148 0.372604 0.134167 0.370078 0.138056 0.367604 0.141898 0.367240 0.145278 0.367891 0.147546 0.369427 0.152083 0.370000 0.153843 0.369948 0.155556 0.370130 0.156574 0.365948 0.154056 0.365841 0.148278 0.363508 0.145042 0.361453 0.144542 0.360240 0.145208 0.359026 0.146699 0.358375 0.147861 0.358047 0.145620 0.358141 0.144463 0.358141 0.142384 0.356786 0.141060 0.355526 0.139398 0.353615 0.136079 0.350953 0.133426
14 0.385716 0.143083 0.387406 0.148769 0.386318 0.150704 0.385229 0.150991 0.384706 0.152426 0.384706 0.154648 0.383198 0.152722 0.378536 0.159991 0.374479 0.153843 0.373620 0.150926 0.370755 0.144259 0.371250 0.142824 0.375599 0.137407 0.378021 0.135417 0.384695 0.139611 0.382070 0.142847 0.381341 0.143958 0.381289 0.145579 0.382253 0.146597 0.383112 0.146690
10 0.385716 0.143083 0.390716 0.136412 0.395091 0.131644 0.405911 0.131815 0.395651 0.142509 0.395521 0.148157 0.392852 0.146185 0.391359 0.146185 0.388617 0.146972 0.387406 0.148769
10 0.411654 0.134616 0.407409 0.130773 0.403216 0.127208 0.400326 0.126884 0.397487 0.127801 0.404727 0.121736 0.412552 0.133852
10 0.395560 0.129755 0.397643 0.129153 0.399414 0.128366 0.401133 0.128042 0.403294 0.128366 0.404380 0.129505
10 0.387638 0.131750 0.387690 0.135731 0.391003 0.131505
2 0.373464 0.182454 0.373484 0.178278 0.373302 0.173556 0.376740 0.173370 0.377104 0.177815 0.377224 0.181583 0.375073 0.183269
2 0.428549 0.082171 0.431839 0.092361 0.430354 0.094630 0.426831 0.095181
1 0.378591 0.186856 0.389914 0.184356 0.400852 0.182616 0.413055 0.180449 0.421875 0.179889 0.419922 0.182370 0.409604 0.183731 0.399919 0.185481 0.379503 0.189403 0.377315 0.189634 0.377081 0.187134
1 0.396341 0.168292 0.389477 0.176037 0.381013 0.186315 0.383802 0.185713 0.393922 0.173269 0.397943 0.168981 0.398802 0.165787 0.396333 0.168287
1 0.405784 0.158032 0.416484 0.146435 0.418880 0.144176 0.419583 0.145185 0.405208 0.160833
1 0.375049 0.183236 0.382891 0.177130 0.392318 0.168519 0.399479 0.161759 0.398906 0.164074 0.383406 0.178394 0.376378 0.183995
2 0.395495 0.186296 0.384909 0.188343 0.387880 0.189074 0.389703 0.191481 0.385872 0.195056 0.386654 0.201259 0.388633 0.197972 0.389414 0.199824 0.386940 0.203806 0.387122 0.209639 0.387456 0.210843 0.390755 0.210880 0.392995 0.211481 0.395417 0.209444 0.396432 0.208333 0.398307 0.205324 0.407268 0.190551 0.409112 0.192162 0.409742 0.193218 0.413086 0.190301 0.409635 0.183796 0.399919 0.185481
