0 0.413435 0.283019 0.413716 0.287537 0.408878 0.297866 0.411901 0.303815 0.404734 0.303579 0.398474 0.304231 0.394477 0.304907 0.390437 0.307148 0.386987 0.310306 0.384698 0.313954 0.382471 0.318718 0.381193 0.326241 0.379568 0.331648 0.379406 0.340963 0.380951 0.349995 0.386203 0.359255 0.388151 0.360537 0.389062 0.349551 0.390987 0.340630 0.392911 0.337958 0.396174 0.332306 0.399435 0.330519 0.409484 0.332329 0.403870 0.341542 0.399430 0.349338 0.396417 0.356514 0.394690 0.360796 0.393594 0.361472 0.391992 0.369745 0.391266 0.379069 0.390862 0.387889 0.407565 0.398833 0.411453 0.386296 0.413914 0.381227 0.414318 0.378144 0.413773 0.374523 0.412760 0.369690 0.412693 0.367898 0.412901 0.364731 0.414245 0.363190 0.417307 0.359074 0.422328 0.352699 0.422836 0.344731 0.428258 0.346019 0.433753 0.344991 0.434479 0.352366 0.433542 0.353380 0.434789 0.356852 0.436867 0.364509 0.436935 0.369093 0.433195 0.377032 0.431945 0.380171 0.431924 0.380949 0.435982 0.394278 0.442807 0.409537 0.445872 0.415764 0.451242 0.422389 0.453682 0.422324 0.457187 0.410981 0.457745 0.405463 0.459242 0.399454 0.460367 0.385134 0.460172 0.370343 0.459471 0.366347 0.457839 0.364190 0.454151 0.362366 0.451956 0.361370 0.444182 0.332620 0.447698 0.332028 0.454888 0.334407 0.464594 0.334852 0.467773 0.336194 0.471003 0.346398 0.471419 0.347560 0.472148 0.348343 0.475844 0.351028 0.482781 0.358731 0.484154 0.361884 0.485669 0.366685 0.487484 0.366685 0.489180 0.364894 0.490268 0.355505 0.491437 0.343472 0.491047 0.338588 0.490201 0.333495 0.488909 0.328833 0.487094 0.324606 0.484469 0.319963 0.481044 0.315528 0.478406 0.312870 0.475852 0.310838 0.477151 0.306491 0.476651 0.302269 0.475885 0.299500 0.474633 0.297347 0.474432 0.294620 0.475320 0.291037 0.475440 0.289315 0.474203 0.284222 0.472596 0.280940 0.471065 0.279148 0.467612 0.276481 0.464990 0.274255 0.462891 0.272032 0.460794 0.271315 0.457016 0.271366 0.451609 0.276102 0.447979 0.280403 0.443299 0.284991 0.437216 0.301565
2 0.593159 0.472852 0.594284 0.475847 0.595971 0.484292 0.597409 0.485625 0.598656 0.486069 0.596846 0.476514 0.595784 0.472074
2 0.589807 0.457023 0.591945 0.455157 0.594687 0.454940 0.596341 0.457523 0.595938 0.459458 0.593154 0.461542 0.592227 0.462903 0.590250 0.462759
2 0.588060 0.442458 0.589833 0.431921 0.593755 0.432750 0.590346 0.451088
2 0.560117 0.403454 0.565417 0.399676 0.566497 0.403579 0.561164 0.406306
3 0.365005 0.370250 0.375453 0.377778 0.390862 0.387889 0.391266 0.379069 0.391992 0.369745 0.393594 0.361472 0.388151 0.360537 0.386203 0.359255 0.382227 0.358231 0.380781 0.356671 0.375120 0.323894 0.374323 0.324310 0.379971 0.358407 0.377453 0.363162 0.374698 0.366449 0.372328 0.364282 0.369000 0.367301
1 0.694258 0.507796 0.691602 0.511315 0.689857 0.514093 0.688646 0.516370 0.688021 0.518454 0.687812 0.520537 0.687865 0.521648 0.688331 0.522838 0.689060 0.523856 0.690622 0.525106 0.690883 0.524134 0.689737 0.523023 0.688956 0.522282 0.688539 0.521171 0.688539 0.519644 0.689060 0.517329 0.690258 0.515060 0.694477 0.508671
1 0.687570 0.536083 0.685982 0.535389 0.680721 0.533537 0.676242 0.532194 0.674992 0.532102 0.674940 0.534880 0.676242 0.535065 0.680773 0.535852 0.680669 0.537009 0.676164 0.537148 0.674271 0.537315 0.670573 0.538051 0.664703 0.540361 0.665635 0.542662 0.670880 0.541111 0.674073 0.540255 0.676242 0.539931 0.680701 0.539667 0.685823 0.539292 0.682690 0.543523 0.680883 0.544968 0.679307 0.547144 0.677536 0.550755 0.676177 0.554685 0.676802 0.555426 0.678130 0.551861 0.679484 0.548759 0.680958 0.547023 0.682771 0.545102 0.685734 0.543306
1 0.522237 0.375171 0.521326 0.377764 0.520831 0.378968 0.520805 0.380681 0.521221 0.382856 0.522891 0.386468 0.525156 0.389801 0.531779 0.397213 0.529513 0.399509 0.528747 0.398394 0.527492 0.397588 0.526375 0.397338 0.525224 0.397588 0.524076 0.398949 0.523411 0.401491 0.522372 0.407620 0.523206 0.429861 0.524497 0.430046 0.524008 0.420315 0.523659 0.408106 0.529203 0.430792 0.522021 0.433639 0.516333 0.434981 0.516667 0.436907 0.517992 0.435782 0.522693 0.435245 0.529549 0.432926 0.532508 0.432394 0.534982 0.446338 0.536146 0.444699 0.537474 0.448310 0.536016 0.451829 0.537958 0.461653 0.539732 0.460574 0.546544 0.467093 0.550091 0.461366 0.558430 0.463380 0.562479 0.459634 0.556799 0.474069 0.554284 0.480778 0.553703 0.485324 0.554943 0.492667 0.569518 0.502000 0.566206 0.489509 0.563331 0.484625 0.562240 0.477792 0.563247 0.464454 0.566130 0.440551 0.566417 0.429644 0.559786 0.419532 0.556255 0.404806 0.557766 0.402861 0.559484 0.402398 0.564211 0.415926 0.568724 0.430000 0.568516 0.456394 0.566831 0.470963 0.564456 0.473514 0.570203 0.492620 0.574557 0.512685 0.577089 0.518167 0.582896 0.522782 0.589690 0.528653 0.596148 0.537407 0.592562 0.544231 0.594583 0.545097 0.593922 0.549625 0.591271 0.549435 0.593841 0.555144 0.594388 0.554495 0.597826 0.558708 0.597617 0.551903 0.602044 0.554079 0.602326 0.573667 0.615414 0.600750 0.614245 0.584255 0.616909 0.587769 0.622578 0.616245 0.624792 0.622870 0.627602 0.602037 0.633758 0.598292 0.636690 0.584606 0.643523 0.585907 0.646628 0.588042 0.649589 0.597384 0.650174 0.608093 0.651094 0.615380 0.648919 0.619542 0.647247 0.624449 0.641708 0.630713 0.635057 0.626343 0.632635 0.639801 0.634549 0.640880 0.635576 0.637227 0.639216 0.636231 0.642237 0.636949 0.643081 0.638824 0.645094 0.645208 0.648427 0.647523 0.669732 0.592829 0.659620 0.603366 0.656344 0.591028 0.653698 0.581741 0.658661 0.573144 0.665784 0.568037 0.678031 0.563787 0.669221 0.553171 0.670932 0.548009 0.671714 0.545787 0.671219 0.545139 0.670359 0.547176 0.668667 0.552500 0.650414 0.528653 0.651893 0.525259 0.645198 0.520384 0.641753 0.517301 0.641258 0.515218 0.641883 0.514940 0.643419 0.516375 0.643836 0.515866 0.643003 0.514523 0.642430 0.514292 0.642039 0.514292 0.642013 0.513505 0.642560 0.513412 0.644018 0.511745 0.643576 0.510912 0.641094 0.514056 0.640135 0.504954 0.638914 0.502782 0.640708 0.493343 0.651255 0.494306 0.658164 0.495495 0.658242 0.493134 0.652240 0.492472 0.647253 0.492060 0.646862 0.488310 0.650146 0.487597 0.649885 0.486764 0.646865 0.486671 0.646339 0.481954 0.645766 0.482051 0.646182 0.486815 0.644281 0.486866 0.643526 0.483856 0.644047 0.481713 0.641667 0.479347 0.644573 0.479204 0.644008 0.472347 0.641883 0.469014 0.641258 0.464792 0.639320 0.461019 0.641758 0.459130 0.642258 0.458009 0.643555 0.457796 0.643404 0.456616 0.641354 0.456884 0.639276 0.457954 0.638672 0.458866 0.637406 0.455866 0.634760 0.451481 0.631927 0.447894 0.626096 0.440815 0.625888 0.439935 0.625185 0.439519 0.622372 0.436231 0.621669 0.437065 0.624378 0.440537 0.623648 0.442759 0.623128 0.444657 0.620328 0.446792 0.617307 0.448366 0.616227 0.448935 0.613883 0.450741 0.612182 0.452042 0.608107 0.454560 0.605346 0.451412 0.607818 0.445403 0.607398 0.444597 0.604609 0.451046 0.603635 0.450301 0.601927 0.448009 0.603461 0.445903 0.603914 0.444537 0.603773 0.443606 0.602763 0.442556 0.600221 0.444144 0.599492 0.441412 0.599388 0.435532 0.599208 0.431764 0.597641 0.428444 0.597458 0.423722 0.596859 0.422426 0.596208 0.422519 0.594490 0.427611 0.593734 0.427611 0.591547 0.424139 0.590799 0.424227 0.589836 0.425616 0.589836 0.423764 0.588690 0.424042 0.586513 0.421963 0.586539 0.420620 0.585966 0.419602 0.587138 0.417519 0.587945 0.414370 0.588310 0.410065 0.587188 0.409949 0.586354 0.416708 0.586146 0.413838 0.585286 0.414023 0.585521 0.416338 0.584583 0.416940 0.582552 0.417542 0.582031 0.414764 0.580521 0.414532 0.577182 0.414278 0.572862 0.412856 0.573487 0.411838 0.572706 0.411190 0.571781 0.412454 0.568404 0.411833 0.569909 0.410657 0.573044 0.409963 0.576479 0.409477 0.579341 0.408838 0.581781 0.407227 0.581747 0.406236 0.578154 0.407995 0.574846 0.408134 0.571578 0.408917 0.569409 0.409454 0.566544 0.412241 0.565581 0.411597 0.564151 0.411486 0.563547 0.408861 0.562102 0.407523 0.567404 0.403880 0.571141 0.404468 0.571049 0.403292 0.567646 0.402755 0.566023 0.399269 0.559951 0.400995 0.558510 0.398907 0.557919 0.397111 0.556661 0.396616 0.555802 0.394023 0.555802 0.391523 0.555307 0.390597 0.553591 0.396708 0.552549 0.399856 0.543516 0.396278 0.540130 0.394796 0.542401 0.387699 0.539466 0.384338 0.539857 0.383505 0.539310 0.382856 0.538711 0.383551 0.537279 0.382949 0.535560 0.383782 0.535487 0.381023 0.536193 0.380468 0.537310 0.378755 0.540201 0.378477 0.540021 0.377644 0.536245 0.376671 0.535664 0.374208 0.534258 0.372819 0.531344 0.370227 0.530977 0.371801 0.531549 0.375782 0.531344 0.377495 0.529961 0.378514 0.528372 0.379625 0.527359 0.377884 0.526487 0.376921 0.524703 0.371403 0.527971 0.366537 0.527633 0.366028 0.524560 0.369917 0.523701 0.366153 0.523456 0.362616 0.522029 0.358343 0.519542 0.350704 0.519229 0.351028 0.522510 0.362787 0.523031 0.367528 0.523393 0.370153 0.522188 0.371921
2 0.613146 0.491981 0.614125 0.498537 0.615898 0.500444 0.617112 0.499282 0.618419 0.496958 0.618141 0.493806 0.617299 0.491236 0.614594 0.486421 0.613380 0.488000
2 0.612544 0.476648 0.612776 0.461134 0.614505 0.461218 0.616185 0.473745
2 0.577089 0.518194 0.582896 0.522782 0.589690 0.528653 0.596148 0.537407 0.592562 0.544231 0.589214 0.544801
2 0.589214 0.544801 0.592562 0.544231 0.594583 0.545097 0.593922 0.549625 0.591271 0.549435
3 0.407565 0.398833 0.412687 0.402273 0.412076 0.404426 0.411753 0.408227 0.411305 0.422782 0.411086 0.430819 0.411570 0.430500 0.411901 0.429273 0.411964 0.420106 0.412362 0.408620 0.412544 0.404819 0.413385 0.402838 0.439299 0.420171 0.496096 0.455958 0.534682 0.479167 0.543029 0.484708 0.537328 0.473338 0.532630 0.474148 0.530654 0.473361 0.529203 0.471926 0.527911 0.469560 0.527484 0.466241 0.528927 0.462088 0.534982 0.446338 0.532508 0.432394 0.529549 0.432926 0.522693 0.435245 0.517992 0.435782 0.516667 0.436907 0.516333 0.434981 0.522021 0.433639 0.529203 0.430792 0.523659 0.408106 0.524008 0.420315 0.524497 0.430046 0.523206 0.429861 0.522372 0.407620 0.523411 0.401491 0.524076 0.398949 0.525224 0.397588 0.526375 0.397338 0.527492 0.397588 0.528747 0.398394 0.529513 0.399509 0.531779 0.397213 0.525156 0.389801 0.522891 0.386468 0.521221 0.382856 0.520805 0.380681 0.520831 0.378968 0.521326 0.377764 0.522237 0.375171 0.516852 0.372083 0.506354 0.371139 0.505065 0.369847 0.504055 0.370278 0.502159 0.368056 0.501435 0.367194 0.500505 0.367194 0.499781 0.367468 0.498896 0.368949 0.497750 0.372838 0.492016 0.376528 0.489747 0.380079 0.484695 0.386426 0.483667 0.391426 0.484586 0.396130 0.486367 0.399005 0.485609 0.401694 0.482318 0.400537 0.480156 0.401213 0.478372 0.398625 0.477078 0.395741 0.478643 0.388449 0.477568 0.388634 0.476216 0.395935 0.475026 0.394398 0.473104 0.393847 0.470951 0.396278 0.469378 0.396708 0.467766 0.392551 0.465224 0.392907 0.464456 0.398431 0.462521 0.397500 0.459242 0.399454 0.457745 0.405463 0.457187 0.410981 0.453682 0.422324 0.451242 0.422389 0.445872 0.415764 0.442807 0.409537 0.435982 0.394278 0.431924 0.380949 0.431945 0.380171 0.433195 0.377032 0.431299 0.374778 0.430635 0.371519 0.430000 0.371301 0.429643 0.376278 0.426471 0.378028 0.424859 0.373366 0.422922 0.374014 0.421510 0.374083 0.420646 0.377769 0.418872 0.375032 0.417307 0.359074 0.414245 0.363190 0.412901 0.364731 0.412693 0.367898 0.412760 0.369690 0.413773 0.374523 0.414318 0.378144 0.413914 0.381227 0.411453 0.386296
2 0.505299 0.379713 0.511594 0.375338 0.512078 0.380356 0.505622 0.384370
2 0.501589 0.381861 0.497193 0.384514 0.497516 0.387815 0.503284 0.384657
2 0.604044 0.500690 0.607352 0.504856 0.609878 0.506940 0.612820 0.507681 0.614044 0.507727 0.615945 0.507403 0.616753 0.506708 0.615555 0.504347 0.614148 0.503051 0.608445 0.501801
2 0.559484 0.402398 0.557766 0.402861 0.556255 0.404806 0.559786 0.419532 0.566417 0.429644 0.566130 0.440551 0.563247 0.464454 0.562240 0.477792 0.563331 0.484625 0.566206 0.489509 0.569479 0.502037 0.574557 0.512685 0.570203 0.492620 0.564456 0.473514 0.566831 0.470963 0.568516 0.456394 0.568724 0.430000 0.564211 0.415926
2 0.644008 0.472347 0.645674 0.476583 0.647977 0.478940 0.653031 0.483403 0.655784 0.485880 0.654424 0.491708 0.653693 0.492389 0.652240 0.492472 0.650974 0.492389 0.648219 0.488051 0.650146 0.487597 0.649885 0.486764 0.648393 0.486810 0.648497 0.485880 0.646406 0.482532 0.646339 0.481954 0.645766 0.482051 0.643792 0.479310 0.644573 0.479204
2 0.586115 0.519343 0.587182 0.521843 0.596427 0.505731 0.595437 0.504296 0.600177 0.497861 0.600958 0.497861 0.605151 0.490500 0.603523 0.488815 0.600490 0.493958 0.601049 0.495157 0.600323 0.496306 0.599513 0.495074 0.586581 0.517694
2 0.553591 0.396708 0.552549 0.399856 0.543516 0.396278 0.544661 0.392731
2 0.542401 0.387699 0.540130 0.394796 0.543516 0.396278 0.547021 0.385366 0.545172 0.383565
2 0.593841 0.555144 0.594388 0.554495 0.597826 0.558708 0.598008 0.564593
2 0.597826 0.558708 0.597617 0.551903 0.602044 0.554079 0.602326 0.573667 0.598008 0.564593
2 0.615414 0.600750 0.614245 0.584255 0.616909 0.587769 0.622578 0.616245
9 0.634549 0.640880 0.635576 0.637227 0.639216 0.636231 0.642237 0.636949 0.643081 0.638824 0.645094 0.645208 0.648427 0.647523 0.645969 0.653606 0.636682 0.649671 0.634521 0.643620
2 0.669732 0.592829 0.659620 0.603366 0.656344 0.591028 0.653698 0.581741 0.658661 0.573144 0.665784 0.568037 0.678031 0.563787 0.679339 0.564079
8 0.670932 0.548009 0.669221 0.553171 0.678031 0.563787 0.679339 0.564079 0.680583 0.559630 0.676802 0.555426 0.676177 0.554685 0.672125 0.549861
6 0.676242 0.539931 0.680701 0.539667 0.680883 0.544968 0.679307 0.547144 0.677536 0.550755 0.676177 0.554685
6 0.680958 0.547023 0.679484 0.548759 0.678130 0.551861 0.676802 0.555426 0.680583 0.559630
6 0.676242 0.535065 0.680773 0.535852 0.680669 0.537009 0.676164 0.537148
6 0.676242 0.532194 0.676141 0.526231 0.677148 0.518343 0.677068 0.509449 0.676706 0.505074 0.680375 0.503495 0.681060 0.521569 0.680698 0.528523 0.680721 0.533537
8 0.652430 0.523986 0.651893 0.525259 0.650414 0.528653 0.668667 0.552500 0.670359 0.547176 0.665635 0.542662 0.664703 0.540361 0.659742 0.534296 0.659219 0.533616 0.658070 0.532074
2 0.624792 0.622870 0.627602 0.602037 0.633758 0.598292 0.628435 0.631042
2 0.674073 0.540255 0.670880 0.541111 0.665635 0.542662 0.670359 0.547176 0.671219 0.545139 0.671714 0.545787 0.670932 0.548009 0.672125 0.549861
2 0.659742 0.534296 0.660807 0.531065 0.663672 0.532639 0.664583 0.529630 0.665964 0.528380 0.666589 0.531250 0.667370 0.529815 0.667474 0.528704 0.667135 0.527778 0.666406 0.527546 0.664870 0.525463 0.661823 0.520602 0.658568 0.516065 0.657708 0.508796 0.656615 0.497731 0.657813 0.498796 0.658672 0.497963 0.660286 0.495741 0.661198 0.490787 0.661693 0.486898 0.663125 0.488796 0.665000 0.488333 0.665990 0.485046 0.668385 0.485046 0.668984 0.486620 0.670156 0.484259 0.669323 0.481667 0.671302 0.483519 0.676875 0.485231 0.679089 0.487269 0.676706 0.505074 0.677068 0.509449 0.677148 0.518343 0.676141 0.526231 0.674992 0.532102 0.674940 0.534880 0.674271 0.537315 0.670573 0.538051 0.664703 0.540361
8 0.656615 0.497731 0.655568 0.497903 0.656737 0.514611 0.657625 0.524509 0.658070 0.532074 0.659219 0.533616 0.659763 0.524435 0.658568 0.516065 0.657708 0.508796
2 0.643836 0.515866 0.643419 0.516375 0.641883 0.514940 0.641258 0.515218 0.641753 0.517301 0.645198 0.520384 0.651893 0.525259 0.652430 0.523986 0.658070 0.532074 0.657625 0.524509
2 0.651255 0.494306 0.640708 0.493343 0.638914 0.502782 0.640135 0.504954 0.641094 0.514056 0.643576 0.510912 0.644018 0.511745 0.642560 0.513412 0.642013 0.513505 0.642039 0.514292 0.642430 0.514292 0.643003 0.514523 0.643836 0.515866 0.657625 0.524509 0.656737 0.514611 0.655568 0.497903 0.656615 0.497731
2 0.514151 0.455995 0.512896 0.462255 0.510492 0.463741 0.513943 0.465352 0.514849 0.463866 0.518195 0.460148
2 0.534982 0.446338 0.528927 0.462088 0.527484 0.466241 0.527911 0.469560 0.529203 0.471926 0.530654 0.473361 0.532630 0.474148 0.537430 0.473074 0.540669 0.472356 0.539914 0.467750 0.533000 0.469093 0.531435 0.469287 0.530734 0.467463 0.533432 0.458727 0.536016 0.451829 0.537474 0.448310 0.536146 0.444699
3 0.536016 0.451829 0.537958 0.461653 0.534846 0.463565 0.537203 0.466426 0.538776 0.465347 0.542003 0.467713 0.539914 0.467750 0.533000 0.469093 0.531435 0.469287 0.530734 0.467463 0.533432 0.458727
2 0.598693 0.532532 0.598047 0.536907 0.618906 0.560972 0.623589 0.559491 0.628276 0.549528 0.627557 0.547199 0.627393 0.543648 0.627828 0.540093 0.630906 0.542495 0.631443 0.548639 0.632148 0.549602 0.636521 0.543741 0.637206 0.534949 0.636768 0.529616 0.630143 0.526056 0.621708 0.531278 0.619589 0.535616 0.617836 0.539167 0.616961 0.539167 0.613589 0.528171 0.605716 0.527949
2 0.525268 0.405972 0.529453 0.403926 0.531161 0.405847 0.531753 0.409750 0.530917 0.411671 0.526523 0.414773 0.525130 0.409815
2 0.517927 0.388444 0.523237 0.389111 0.525737 0.391111 0.525987 0.394000 0.517052 0.392889
2 0.508937 0.445352 0.509297 0.448657 0.514380 0.451597 0.517005 0.446792 0.519143 0.443991 0.517323 0.442630 0.512284 0.442630
2 0.597641 0.428444 0.599208 0.431764 0.599388 0.435532 0.599492 0.441412 0.600221 0.444144 0.602763 0.442556 0.603773 0.443606 0.603914 0.444537 0.603461 0.445903 0.601927 0.448009 0.603635 0.450301 0.604609 0.451046 0.607398 0.444597 0.607818 0.445403 0.605346 0.451412 0.608107 0.454560 0.612182 0.452042 0.613883 0.450741 0.618724 0.427389 0.615362 0.422245 0.614242 0.419093 0.611815 0.418181 0.610417 0.423241
9 0.597016 0.487412 0.597862 0.492287 0.600323 0.496306 0.601049 0.495157 0.599878 0.492648 0.599596 0.489491
9 0.585076 0.466079 0.584471 0.466866 0.584107 0.470093 0.584953 0.472676 0.586044 0.474398 0.587495 0.473681 0.588464 0.470093 0.586891 0.467801
9 0.483284 0.424954 0.483552 0.428023 0.487063 0.427065 0.484794 0.424759
9 0.493128 0.376046 0.490289 0.378963 0.492529 0.382620 0.494951 0.378685
9 0.488339 0.431838 0.488799 0.440051 0.490247 0.440134 0.489641 0.433162 0.489172 0.432083
9 0.473143 0.432190 0.474159 0.436588 0.475461 0.436125 0.474289 0.431403
9 0.489206 0.389116 0.487904 0.395412 0.492122 0.397495 0.492852 0.393190 0.491654 0.391014
9 0.501695 0.406542 0.500341 0.408903 0.500940 0.410940 0.503076 0.410292 0.504273 0.407560
9 0.502034 0.405060 0.503701 0.402514 0.505289 0.402653 0.506279 0.404366 0.505263 0.406264
9 0.517513 0.410731 0.514966 0.414269 0.514409 0.416495 0.515456 0.417241 0.518174 0.414083
9 0.591883 0.464259 0.590435 0.467259 0.590617 0.470366 0.592604 0.468972
9 0.480125 0.406481 0.480247 0.411069 0.486701 0.411856 0.485974 0.408917
2 0.575023 0.450273 0.573758 0.451829 0.572703 0.454185 0.572734 0.458468 0.574422 0.459218 0.576620 0.452954 0.577253 0.451880 0.579604 0.450861
2 0.569711 0.444287 0.572776 0.441921 0.576083 0.444574 0.577698 0.449519 0.573664 0.445648 0.571565 0.446796 0.570034 0.451171 0.568742 0.451528
2 0.546544 0.467093 0.550091 0.461366 0.558430 0.463380 0.562479 0.459634 0.556799 0.474069 0.554284 0.480778 0.553703 0.485324 0.554943 0.492667 0.550531 0.489514 0.548578 0.473597 0.548818 0.469435
2 0.544359 0.469866 0.548578 0.473597 0.550531 0.489514
2 0.539914 0.467750 0.542003 0.467713 0.544359 0.469866 0.550531 0.489514 0.543029 0.484708 0.537430 0.473074 0.540669 0.472356
2 0.534846 0.463565 0.537958 0.461653 0.539732 0.460574 0.546544 0.467093 0.548818 0.469435 0.548578 0.473597 0.542003 0.467713 0.538776 0.465347 0.537203 0.466426
2 0.643523 0.585907 0.646628 0.588042 0.649589 0.597384 0.650174 0.608093 0.651094 0.615380 0.648919 0.619542 0.647247 0.624449 0.641708 0.630713 0.635057 0.626343
2 0.628435 0.631042 0.633758 0.598292 0.636690 0.584606 0.643523 0.585907 0.635057 0.626343 0.632635 0.639801
2 0.605398 0.489657 0.603625 0.496463 0.603672 0.498704 0.613286 0.500694 0.613005 0.496958
5 0.297013 0.203889 0.288721 0.187306 0.294810 0.183389 0.308674 0.177398 0.311911 0.175097 0.316057 0.171644 0.321370 0.171644 0.331484 0.192037 0.343005 0.212407 0.357388 0.241662 0.371185 0.271329 0.373984 0.280079 0.374555 0.283259 0.376224 0.285444 0.376458 0.288046 0.372870 0.284847 0.369734 0.282472 0.366146 0.278491 0.361979 0.280648 0.359266 0.284731 0.335143 0.254995 0.306938 0.217222
5 0.357547 0.158755 0.356435 0.154731 0.355596 0.153046 0.355523 0.149398 0.359219 0.149204 0.362883 0.148806 0.362883 0.147792 0.358784 0.143718 0.358755 0.142060 0.361227 0.140282 0.364388 0.132481 0.363685 0.130005 0.362427 0.128514 0.362516 0.125519 0.365508 0.125852 0.372786 0.132907 0.378664 0.138218 0.384917 0.144190 0.389536 0.148009 0.395753 0.153481 0.403409 0.161954 0.415229 0.173750 0.423760 0.180292 0.433701 0.189894 0.442901 0.199713 0.447419 0.204171 0.447044 0.206278 0.448794 0.213167 0.449609 0.219051 0.456609 0.225056 0.455227 0.227278 0.454115 0.228287 0.453177 0.229907 0.451172 0.228051 0.449734 0.227046 0.447943 0.231296 0.446706 0.239412 0.439331 0.231185 0.439766 0.240181 0.440266 0.249509 0.434219 0.242505 0.424984 0.232806 0.411701 0.218213 0.396148 0.201894 0.379083 0.182597 0.362451 0.164551
5 0.384917 0.144190 0.377315 0.135782 0.371388 0.129644 0.368401 0.126907 0.368401 0.125662 0.370081 0.123171 0.374234 0.120435 0.375401 0.119190 0.376521 0.112801 0.377409 0.110560 0.381047 0.102597 0.383055 0.102264 0.383570 0.102500 0.384411 0.103250 0.410234 0.129417 0.441930 0.159255 0.468906 0.185454 0.466456 0.189551 0.466456 0.189551 0.465057 0.192620 0.463003 0.198014 0.461883 0.200171 0.461229 0.200088 0.460622 0.199009 0.459596 0.200333 0.460016 0.202412 0.458661 0.206560 0.456328 0.208051 0.456281 0.209546 0.454010 0.212546 0.447419 0.204171 0.442901 0.199713 0.433701 0.189894 0.423760 0.180292 0.415229 0.173750 0.403409 0.161954 0.395753 0.153481 0.389536 0.148009
5 0.464870 0.234852 0.462633 0.232213 0.459487 0.232356 0.457607 0.233384 0.456609 0.233602 0.453638 0.235727 0.452146 0.237019 0.450979 0.238903 0.451461 0.240102 0.462190 0.251861 0.474815 0.265917 0.494823 0.288435 0.498818 0.293671 0.507609 0.302417 0.525440 0.323931 0.533424 0.333111 0.534596 0.334616 0.535724 0.338417 0.535951 0.339593 0.531870 0.341514 0.530984 0.342181 0.531474 0.344005 0.539958 0.353324 0.541630 0.352431 0.541044 0.350500 0.541044 0.345296 0.543135 0.343958 0.546984 0.349014 0.548823 0.347676 0.548992 0.343065 0.552003 0.347676 0.554094 0.347227 0.554010 0.342917 0.556518 0.331167 0.559279 0.325815 0.562307 0.327806 0.563315 0.327157 0.562786 0.326019 0.559375 0.322639 0.557318 0.320694 0.553078 0.316412 0.551865 0.314755 0.550130 0.314398 0.547383 0.311681 0.544583 0.314171 0.542344 0.311602 0.540198 0.310602 0.538469 0.311185 0.536695 0.311269 0.514576 0.287454 0.489557 0.260986
5 0.451461 0.240102 0.449839 0.242657 0.446706 0.239412 0.439331 0.231185 0.439766 0.240181 0.440266 0.249509 0.440211 0.252102 0.437727 0.253926 0.434974 0.255463 0.433948 0.257000 0.436797 0.259120 0.445964 0.269815 0.464237 0.290875 0.480622 0.308231 0.488049 0.313931 0.500633 0.331287 0.511859 0.346162 0.517961 0.354032 0.521133 0.351491 0.526328 0.345542 0.531870 0.341514 0.535951 0.339593 0.535724 0.338417 0.534596 0.334616 0.533424 0.333111 0.525440 0.323931 0.507609 0.302417 0.498818 0.293671 0.494823 0.288435 0.474815 0.265917 0.462190 0.251861
