8 0.547935 0.365769 0.550727 0.359662 0.552930 0.355569 0.554807 0.351477 0.556016 0.349259 0.556495 0.347560 0.558440 0.348366 0.559583 0.349444 0.559117 0.350958 0.558385 0.351898 0.557344 0.350741 0.555263 0.354185 0.553177 0.359630 0.550495 0.365509 0.548393 0.369398 0.548076 0.367208
10 0.360560 0.169130 0.363034 0.171204 0.366276 0.175231 0.368516 0.173981 0.369286 0.171870 0.370885 0.171574 0.372839 0.172454 0.375542 0.169463 0.374841 0.166144 0.374935 0.164565 0.374188 0.160250 0.372497 0.156542 0.370930 0.153384 0.369273 0.153704 0.368401 0.152204 0.366594 0.152528 0.365271 0.154463 0.366539 0.157120 0.366448 0.159278 0.361479 0.167718
10 0.372057 0.190741 0.373487 0.188644 0.374148 0.186597 0.376346 0.185236 0.377740 0.183190 0.376867 0.181454 0.376659 0.178977 0.375333 0.175440 0.372839 0.172454 0.370885 0.171574 0.369286 0.171870 0.368516 0.173981 0.366276 0.175231 0.363034 0.171204 0.360560 0.169130 0.359612 0.170204
2 0.385055 0.174801 0.388120 0.173653 0.391789 0.171074 0.393161 0.170000 0.395151 0.169819 0.395885 0.177713 0.396716 0.184333 0.397570 0.188829 0.397539 0.190759 0.396878 0.191190 0.396336 0.190329 0.395430 0.185292 0.393776 0.181972 0.391031 0.178440 0.389659 0.177588 0.389609 0.175972 0.387031 0.176296 0.386094 0.176389 0.385268 0.176292
2 0.429115 0.188750 0.428711 0.182389 0.428268 0.174787 0.427904 0.170556 0.429034 0.170412 0.429477 0.169838 0.430646 0.169838 0.430646 0.170412 0.431563 0.170324 0.431563 0.176852 0.431693 0.181019 0.429635 0.180880 0.429945 0.186921 0.430182 0.187963
10 0.444531 0.224769 0.444422 0.222912 0.445083 0.222477 0.445919 0.222912 0.446547 0.224833 0.447628 0.225949 0.448500 0.226630 0.449406 0.226630 0.449615 0.228546 0.450279 0.229606 0.450174 0.230968 0.446688 0.228986 0.443305 0.227310 0.443096 0.224208 0.443724 0.223653
2 0.414708 0.205444 0.411674 0.198227 0.409107 0.191343 0.403880 0.180972 0.402432 0.175245 0.401034 0.176986 0.400427 0.181218 0.404859 0.190593 0.408734 0.199389 0.412466 0.208102
2 0.414708 0.205444 0.413904 0.201829 0.412411 0.196852 0.411385 0.192454 0.411805 0.191208 0.413159 0.190713 0.414557 0.196935 0.415771 0.201167 0.416719 0.203102
2 0.418906 0.204028 0.420914 0.212250 0.421661 0.215569 0.423568 0.216898 0.423760 0.214407 0.422174 0.207935 0.420495 0.201963
2 0.417190 0.206250 0.418865 0.212324 0.419560 0.214620 0.413180 0.211394
10 0.457404 0.194931 0.457839 0.187093 0.458849 0.182079 0.460945 0.177065 0.463331 0.175009 0.464951 0.176398 0.465805 0.179546 0.466245 0.182773 0.465805 0.185139 0.472253 0.189662 0.476568 0.192602 0.477740 0.189944 0.479271 0.188014 0.480943 0.187838 0.482677 0.189843 0.483523 0.193861 0.483682 0.197231 0.483760 0.200676 0.482070 0.201139 0.481510 0.201463 0.478984 0.199745 0.476380 0.199935 0.474609 0.201231 0.472919 0.202968 0.470057 0.200606 0.467346 0.198148 0.465958 0.198046 0.465208 0.198949 0.463555 0.197991 0.460969 0.196190 0.460448 0.199208 0.459724 0.200278 0.458724 0.201157 0.457258 0.200352 0.457383 0.197551
10 0.481510 0.201463 0.482070 0.201139 0.483760 0.200676 0.485063 0.201306 0.486474 0.203315 0.487966 0.205681 0.488255 0.206606
2 0.427500 0.217917 0.428305 0.210616 0.429036 0.204787 0.429437 0.205208 0.430086 0.203477 0.431755 0.203981 0.433081 0.204727 0.433742 0.202245 0.434036 0.201528 0.434661 0.201435 0.434232 0.203671 0.433534 0.208384 0.432836 0.214394 0.431721 0.221338 0.431164 0.221088 0.431023 0.218981 0.431651 0.214704 0.429419 0.214583 0.429456 0.217495 0.428932 0.219167 0.428234 0.218921
2 0.463208 0.333028 0.467081 0.330394 0.470271 0.328773 0.472656 0.327546 0.472492 0.333431 0.472380 0.335560 0.471013 0.341634 0.470443 0.344574 0.468961 0.346190 0.467594 0.346801 0.461667 0.336574
2 0.474427 0.335880 0.476008 0.336972 0.477318 0.338889 0.475419 0.340829 0.473984 0.342333 0.472440 0.342921
10 0.472049 0.344773 0.473099 0.345116 0.475385 0.347204 0.476117 0.348167 0.475990 0.349444 0.473703 0.347375 0.471828 0.346245
10 0.506956 0.287236 0.507747 0.283606 0.508802 0.279505 0.509792 0.276106 0.510911 0.275755 0.515062 0.278333 0.518885 0.281495 0.521198 0.283454 0.519617 0.285208 0.516719 0.289310 0.514518 0.292926 0.512810 0.289282 0.512070 0.286546 0.510815 0.286750 0.508937 0.289787 0.507513 0.288269
10 0.537344 0.358426 0.538680 0.356648 0.540625 0.355495 0.543542 0.355782 0.544891 0.356648 0.546240 0.360583 0.547320 0.363366 0.548076 0.367208 0.548617 0.371431 0.548240 0.376231 0.546510 0.380264 0.543971 0.382949 0.541888 0.384440 0.542266 0.381042 0.541471 0.380875 0.541016 0.385000 0.538073 0.386204 0.535625 0.384398 0.533984 0.380880 0.532880 0.376722 0.533062 0.375667 0.537917 0.378843 0.540461 0.377208 0.542023 0.372597 0.543359 0.365269 0.542815 0.363347 0.538604 0.359514
2 0.558099 0.366713 0.557891 0.364028 0.559807 0.362657 0.561813 0.361593 0.563922 0.361593 0.565797 0.361685 0.565927 0.364000 0.563505 0.363861 0.561344 0.364324 0.559052 0.365991
2 0.483771 0.350625 0.482771 0.349861 0.481771 0.348704 0.480740 0.346505 0.480398 0.342153 0.480422 0.341023 0.481115 0.341611 0.482380 0.344611 0.482862 0.345792 0.483313 0.345954
2 0.483932 0.340972 0.484849 0.341079 0.487531 0.344718 0.489943 0.347560 0.492081 0.350079 0.491750 0.351792 0.493346 0.353667 0.494401 0.355185 0.493740 0.356292 0.491750 0.353343 0.489279 0.356185 0.491810 0.359611 0.493378 0.361167 0.494297 0.362083 0.493672 0.363472 0.490664 0.359824 0.488073 0.356880 0.486115 0.354310 0.485513 0.353074 0.485201 0.349093
2 0.527630 0.405324 0.524456 0.405181 0.525570 0.396310 0.526094 0.394213 0.526208 0.396176 0.526484 0.398796
2 0.547583 0.379870 0.548315 0.377824 0.549013 0.377019 0.550023 0.376213 0.550721 0.375468 0.551383 0.376463 0.551383 0.377579 0.551906 0.377699 0.552219 0.379125 0.552534 0.379560 0.552370 0.381111 0.551042 0.383519 0.549193 0.386852 0.548070 0.388606 0.546990 0.388606 0.546815 0.387681 0.547375 0.385944 0.548107 0.385880 0.548802 0.384394 0.547932 0.382968 0.547758 0.381542
10 0.549737 0.416259 0.551354 0.416204 0.554401 0.414722 0.557177 0.412778 0.560070 0.410903 0.560794 0.408921 0.560883 0.405546 0.560706 0.403454 0.560078 0.401991 0.558263 0.400134 0.556719 0.398935 0.555914 0.399009 0.555068 0.401356 0.553109 0.405894 0.553034 0.408301 0.550740 0.413764
2 0.559833 0.401792 0.560253 0.395407 0.560740 0.390884 0.562831 0.388713 0.564997 0.388528 0.567294 0.389148 0.567607 0.388343 0.568445 0.384005 0.569281 0.377931 0.569250 0.372787 0.568589 0.370051 0.567260 0.368074 0.565974 0.366398 0.564807 0.365417 0.563586 0.365509 0.561240 0.366481 0.559596 0.366912 0.557922 0.370755 0.555622 0.374657 0.554680 0.378065 0.554036 0.381481 0.552727 0.386676 0.552729 0.388560 0.555935 0.388250 0.557331 0.388495 0.558445 0.391037 0.557703 0.399722 0.558263 0.400134
2 0.531276 0.448472 0.533211 0.444977 0.536128 0.444977 0.539096 0.446319 0.540716 0.449199 0.540771 0.451120 0.540339 0.452273 0.540393 0.455727 0.541635 0.459569 0.541203 0.463023 0.541607 0.464759 0.541490 0.467778 0.541526 0.471796 0.538302 0.460606 0.532734 0.450639
10 0.532453 0.434528 0.532656 0.431519 0.533703 0.428148 0.534391 0.426139 0.535357 0.425565 0.535398 0.423560 0.536206 0.423630 0.536245 0.424273 0.536930 0.423986 0.537333 0.423343 0.537979 0.423704 0.538625 0.423986 0.539352 0.425565 0.541448 0.425352 0.543102 0.426713 0.543547 0.428074 0.543747 0.431231 0.543909 0.435676 0.543344 0.436755 0.542417 0.440051 0.542094 0.442060 0.541529 0.442921 0.541406 0.444907 0.538193 0.444662 0.536971 0.442676 0.536693 0.440634 0.535544 0.439829 0.533732 0.438468 0.532682 0.436852
2 0.561302 0.439028 0.560729 0.438287 0.560185 0.433861 0.558104 0.434944 0.556372 0.435495 0.555807 0.435694 0.552779 0.436523 0.550398 0.436810 0.548583 0.437454 0.548867 0.441111 0.549794 0.441042 0.550398 0.442190 0.549875 0.444125 0.548867 0.443981 0.548664 0.446278 0.547617 0.447852 0.549714 0.448713 0.551971 0.450505 0.552659 0.451870 0.555885 0.450005 0.558831 0.448500 0.559672 0.448218 0.559362 0.445000 0.559635 0.442361
1 0.565625 0.454028 0.566771 0.452222 0.568385 0.449074 0.570469 0.445556 0.572214 0.442824 0.574401 0.439120 0.576302 0.436250 0.578203 0.433148 0.579531 0.430741 0.580599 0.428657 0.581146 0.428056 0.582187 0.428009 0.582344 0.428843 0.581953 0.430093 0.578047 0.436111 0.575365 0.440185 0.573828 0.442546 0.571953 0.445417 0.571125 0.445819 0.569193 0.449583 0.566536 0.454028 0.566250 0.454583
10 0.568802 0.424167 0.572602 0.420023 0.575948 0.416801 0.578943 0.413565 0.581799 0.410838 0.582951 0.409602 0.584555 0.407120 0.586122 0.404644 0.586716 0.403653 0.587971 0.403528 0.588005 0.405014 0.585182 0.409477 0.582500 0.412454 0.578724 0.416065 0.575247 0.419269 0.573721 0.420884 0.573073 0.422407 0.571432 0.424306 0.569190 0.426403 0.568836 0.427028 0.567562 0.423569 0.566323 0.420171 0.566570 0.418722 0.566711 0.418472 0.567031 0.419417 0.568057 0.422245
10 0.580792 0.439278 0.582667 0.433722 0.584977 0.428505 0.586727 0.423949 0.587914 0.420616 0.590602 0.421282 0.591911 0.419394 0.593724 0.414065 0.596474 0.414287 0.597349 0.415838 0.595964 0.418426 0.595339 0.421296 0.598474 0.422417 0.598724 0.424306 0.597849 0.427412 0.599284 0.430190 0.599096 0.430634 0.598161 0.431079 0.597349 0.434301 0.596474 0.435301 0.595849 0.438611 0.591411 0.440611 0.591161 0.442611 0.587227 0.446162 0.584727 0.452606 0.582854 0.457384 0.580729 0.461713 0.579854 0.460824 0.580042 0.459491 0.581979 0.455940 0.584414 0.450495 0.586352 0.445718 0.585039 0.444273 0.583039 0.448606 0.582667 0.447051 0.583102 0.445718 0.583164 0.440944 0.582104 0.439944
2 0.574167 0.442222 0.575013 0.440676 0.576505 0.440745 0.576747 0.441750 0.576385 0.443185 0.576708 0.443542 0.578362 0.442111 0.578523 0.440245 0.580581 0.439884 0.580792 0.439278 0.582104 0.439944 0.582273 0.442468 0.582396 0.444690 0.581628 0.444690 0.581628 0.446125 0.582677 0.446199 0.582667 0.447051 0.583039 0.448606 0.583523 0.452435 0.581979 0.455940 0.580042 0.459491 0.579854 0.460824 0.580729 0.461713 0.582854 0.457384 0.583685 0.455593 0.584169 0.461903 0.584773 0.466991 0.584854 0.470079 0.583927 0.469431 0.583120 0.466991 0.582234 0.466565 0.582073 0.467782 0.583161 0.471296 0.582760 0.473102 0.581023 0.475741 0.579409 0.474449 0.578159 0.473231 0.578159 0.471870 0.577190 0.471583 0.576505 0.465773 0.575779 0.461472 0.575255 0.454588
1 0.558872 0.473546 0.561518 0.475852 0.563245 0.477579 0.563354 0.478921 0.562706 0.482380 0.562490 0.484681 0.564865 0.486889 0.567187 0.489769 0.568807 0.488907 0.571076 0.489097 0.571182 0.490056 0.569023 0.490056 0.567294 0.491208 0.565352 0.489097 0.563299 0.486792 0.561464 0.485449 0.561464 0.483338 0.562544 0.478440 0.558872 0.475083 0.558060 0.473736
10 0.573661 0.494968 0.576404 0.495324 0.578583 0.494181 0.580156 0.490019 0.581529 0.486935 0.581568 0.484426 0.581083 0.483278 0.581044 0.480338 0.580760 0.479764 0.581044 0.478903 0.580841 0.476824 0.580034 0.476324 0.578664 0.478403 0.576404 0.477185 0.575497 0.477176 0.574732 0.478898 0.573703 0.479764 0.572089 0.482921 0.571242 0.484713 0.570878 0.486722 0.571076 0.489097 0.571182 0.490056
10 0.580760 0.479764 0.581044 0.478903 0.580841 0.476824 0.581023 0.475741 0.582760 0.473102 0.583161 0.471296 0.584854 0.470079 0.586195 0.471421 0.586589 0.473648 0.589781 0.469435 0.592049 0.472606 0.594130 0.476532 0.596505 0.481417 0.598318 0.484639 0.597943 0.488639 0.596576 0.489745 0.595362 0.487921 0.594055 0.487093 0.593125 0.487407 0.592068 0.487861 0.590570 0.491972 0.589008 0.493528 0.587320 0.493972 0.586508 0.498301 0.586695 0.502079 0.588633 0.508301 0.588070 0.510185 0.586445 0.510296 0.584008 0.507301 0.582573 0.502190 0.582073 0.498745 0.583008 0.491083 0.583633 0.487306 0.583695 0.484306 0.583508 0.480755 0.582510 0.479421 0.581044 0.480338
2 0.605411 0.462648 0.609122 0.471324 0.612068 0.477278 0.613599 0.480000 0.614810 0.479856 0.615052 0.477421 0.613156 0.474407 0.611180 0.469532 0.609122 0.464657 0.608151 0.462917 0.606068 0.459491
10 0.613698 0.645741 0.616076 0.645824 0.619341 0.646236 0.622096 0.646157 0.625083 0.645407 0.622609 0.648977 0.620367 0.652296 0.619435 0.653620 0.618268 0.653542 0.617943 0.654037 0.614492 0.652028 0.614708 0.650486 0.614276 0.646884
10 0.618948 0.429560 0.617495 0.432681 0.615766 0.434694 0.614685 0.437574 0.613820 0.440356 0.613930 0.442565 0.612633 0.442856 0.612255 0.445736 0.610958 0.449958 0.610096 0.454472 0.609177 0.456583 0.608096 0.456486 0.606802 0.455528 0.605883 0.454856 0.605859 0.455741 0.606047 0.457736 0.608313 0.459269 0.609826 0.459366 0.611122 0.464069 0.612849 0.466662 0.617440 0.472324 0.621490 0.476741 0.627862 0.484519 0.630130 0.487111 0.631263 0.486343 0.633964 0.489509 0.637365 0.490472 0.638174 0.489894 0.638229 0.488648 0.638932 0.484519 0.639526 0.481542 0.640714 0.476741 0.643036 0.473958 0.645411 0.471079 0.645521 0.469542 0.646383 0.470505 0.647086 0.467912 0.645745 0.466134 0.645789 0.463093 0.644552 0.462981 0.641297 0.459491 0.633523 0.448750 0.624221 0.436412
10 0.564688 0.513519 0.569115 0.513611 0.569089 0.517037 0.568815 0.518602 0.567930 0.518880 0.566917 0.518741 0.567109 0.517269 0.566812 0.516287 0.564245 0.516250 0.564349 0.515185
10 0.568404 0.522644 0.567565 0.525801 0.567078 0.527537 0.565443 0.527454 0.565781 0.526111 0.565997 0.524440 0.566406 0.523380
10 0.631745 0.635370 0.629750 0.624917 0.628721 0.617694 0.627836 0.611222 0.630589 0.610477 0.632315 0.609315 0.633344 0.609315 0.633997 0.607241 0.635396 0.606829 0.640203 0.605417 0.640708 0.606389 0.642523 0.605815 0.643167 0.612194 0.643495 0.615347 0.643331 0.618361
7 0.436016 0.181028 0.433411 0.179491 0.432786 0.178519 0.432214 0.178519 0.431615 0.178935 0.431693 0.181019 0.429635 0.180880 0.429945 0.186921 0.430182 0.187963 0.430729 0.188935 0.429323 0.190833 0.429323 0.195231 0.430495 0.195648 0.429922 0.196296 0.429922 0.197685 0.430729 0.197685 0.430651 0.199306 0.429635 0.200972 0.429922 0.201991 0.430573 0.201667 0.431745 0.198611 0.431563 0.197593 0.432135 0.197870 0.432812 0.199444 0.434036 0.201528 0.434661 0.201435 0.436484 0.206991 0.437057 0.208287 0.437578 0.208519 0.437656 0.206620 0.436719 0.205833 0.436875 0.204583 0.437943 0.205880 0.438828 0.205880 0.439036 0.207176 0.440651 0.207685 0.440286 0.208889 0.438932 0.208333 0.439063 0.209722 0.439635 0.211111 0.440104 0.211065 0.440208 0.209815 0.441562 0.209398 0.442318 0.209491 0.442552 0.212870 0.442630 0.216296 0.443099 0.217593 0.443646 0.217593 0.443385 0.213935 0.443073 0.209769 0.444063 0.210833 0.444714 0.213102 0.445391 0.214352 0.445208 0.219259 0.445417 0.220324 0.445938 0.220185 0.445938 0.218194 0.445859 0.216157 0.446042 0.215880 0.446849 0.218611 0.447708 0.220417 0.447240 0.222500 0.447109 0.223472 0.447109 0.224907 0.447578 0.225324 0.448021 0.224259 0.448203 0.221435 0.448646 0.221343 0.449245 0.224259 0.450521 0.226296 0.451901 0.224306 0.452083 0.220509 0.452266 0.218148 0.452188 0.214074 0.453203 0.214815 0.454036 0.214444 0.454062 0.213241 0.453203 0.211806 0.452109 0.211759 0.452109 0.210231 0.453594 0.210324 0.453932 0.209861 0.453880 0.208704 0.453281 0.208519 0.452057 0.208704 0.451953 0.207454 0.453021 0.207639 0.453203 0.206991 0.453177 0.206019 0.452161 0.205972 0.452448 0.203935 0.454141 0.203889 0.454349 0.203426 0.454141 0.202500 0.452734 0.202269 0.452995 0.200648 0.454427 0.200787 0.454766 0.200370 0.454714 0.199259 0.454323 0.198935 0.453411 0.199028 0.453594 0.197593 0.454740 0.197963 0.455286 0.197824 0.455208 0.196620 0.454974 0.196157 0.454036 0.196065 0.454219 0.194398 0.455495 0.194630 0.456120 0.194630 0.456224 0.193981 0.455703 0.192917 0.454479 0.192593 0.454505 0.190694 0.455469 0.190278 0.455339 0.189398 0.454974 0.189537 0.455000 0.187685 0.455417 0.188009 0.455703 0.189120 0.456641 0.188935 0.456693 0.186991 0.455521 0.186019 0.453932 0.185093 0.452604 0.185231 0.452630 0.183380 0.452057 0.183241 0.451771 0.184676 0.449375 0.184259 0.449635 0.181713 0.452839 0.182685 0.452578 0.181759 0.450833 0.180509 0.449948 0.180093 0.449714 0.179028 0.450078 0.175880 0.447786 0.174769 0.446250 0.175463 0.446068 0.178009 0.443776 0.176296 0.443880 0.174676 0.443437 0.175185 0.442214 0.176528 0.442552 0.177639 0.442422 0.180000 0.440234 0.178796 0.436771 0.182500 0.431276 0.188194 0.430677 0.187315 0.433151 0.184028
10 0.559167 0.522546 0.560794 0.521894 0.564049 0.520449 0.563984 0.520417 0.561344 0.518972 0.560156 0.516620 0.559349 0.517685 0.556378 0.516190 0.555044 0.515718 0.556016 0.519074 0.558802 0.520648
10 0.558651 0.526074 0.558891 0.527037 0.561000 0.526449 0.562417 0.525269 0.562135 0.524583
2 0.437578 0.208519 0.437656 0.206620 0.436719 0.205833 0.436875 0.204583 0.437969 0.205926 0.438828 0.205880 0.439036 0.207176 0.440651 0.207685 0.440286 0.208889 0.438984 0.208472 0.439115 0.209861 0.439635 0.211111 0.440104 0.211065 0.440208 0.209815 0.441562 0.209398 0.442318 0.209491 0.442552 0.212870 0.442630 0.216296 0.443099 0.217593 0.443646 0.217593 0.443385 0.213935 0.443073 0.209769 0.444063 0.210833 0.444714 0.213102 0.445391 0.214352 0.445208 0.219259 0.445417 0.220324 0.444854 0.220963 0.443354 0.220347 0.441995 0.219662 0.440565 0.220532 0.437706 0.219847 0.437464 0.214333
2 0.563542 0.443148 0.561016 0.449139 0.562365 0.450750 0.563440 0.448843 0.565260 0.446685 0.567266 0.442949 0.570112 0.438306 0.571654 0.435236 0.569526 0.434005 0.565977 0.439528
2 0.559635 0.442361 0.560773 0.440102 0.563034 0.436514 0.565495 0.432787 0.567349 0.429491 0.569206 0.426403 0.571432 0.424306 0.573073 0.422407 0.573721 0.420884 0.574974 0.420167 0.575901 0.420310 0.577760 0.425000 0.576745 0.426852 0.574479 0.430833 0.571302 0.432644 0.569526 0.434005 0.565977 0.439528 0.563542 0.443148 0.561461 0.443042
10 0.552659 0.451870 0.551255 0.451935 0.550206 0.450644 0.548914 0.450139 0.547802 0.450343 0.546023 0.450593 0.545154 0.451958 0.544596 0.453069 0.543464 0.456111 0.543549 0.459032 0.542380 0.461972 0.541937 0.466347 0.542299 0.471009 0.544156 0.474306 0.546375 0.476102 0.548430 0.476028 0.549641 0.475241 0.549763 0.475671 0.551417 0.474454 0.558060 0.473736 0.558872 0.473546 0.564427 0.475556 0.565495 0.477963 0.567711 0.480759 0.570495 0.481620 0.572271 0.480403 0.573964 0.478468 0.574732 0.478898 0.575497 0.477176 0.575940 0.473306 0.576063 0.471079 0.575940 0.467208 0.575133 0.464194 0.575617 0.461903 0.574690 0.458389 0.573479 0.455880 0.571182 0.454875 0.569206 0.460681 0.567917 0.465370 0.565365 0.464167 0.566826 0.458745 0.567880 0.455208 0.566484 0.454769 0.565625 0.454028 0.564359 0.452051 0.563203 0.451713 0.561016 0.449139 0.559672 0.448218 0.558831 0.448500 0.555885 0.450005
2 0.425258 0.131699 0.430182 0.131778 0.431961 0.131616 0.433164 0.129954 0.433948 0.128403 0.434763 0.127866 0.435576 0.127597 0.435305 0.117903 0.436872 0.116403 0.447898 0.133491 0.456609 0.146676 0.455878 0.147481 0.455529 0.147917 0.455773 0.162231 0.454833 0.160620 0.438516 0.133292 0.436771 0.130935 0.433391 0.133292 0.429766 0.134593 0.436076 0.143764 0.441758 0.152630 0.445245 0.157708 0.450404 0.160685 0.452391 0.161491 0.451763 0.162806 0.450807 0.163051 0.443711 0.164218 0.441307 0.164958 0.440536 0.166773 0.422654 0.135708 0.422620 0.133106 0.423438 0.132491
7 0.437344 0.164949 0.435852 0.163657 0.434318 0.162727 0.433995 0.160648 0.433430 0.161148 0.433188 0.163944 0.434560 0.165093 0.437344 0.166713 0.436664 0.168204 0.434437 0.167676 0.433753 0.166597 0.432542 0.166597 0.432664 0.168319 0.435521 0.170093 0.436667 0.171250 0.436779 0.172907 0.435367 0.171907 0.433391 0.170903 0.432180 0.170472 0.432219 0.171546 0.434883 0.173269 0.436617 0.174199 0.436375 0.176782 0.434560 0.175991 0.432865 0.174847 0.432341 0.174847 0.432503 0.176065 0.435971 0.178287 0.435937 0.180972 0.438435 0.177801 0.441057 0.175074 0.444083 0.170986 0.445289 0.169394 0.445008 0.169324 0.444966 0.166815 0.444281 0.167028 0.444320 0.168894 0.442224 0.167745 0.440536 0.166773 0.439099 0.166032 0.437742 0.165014
2 0.418073 0.201481 0.415828 0.193000 0.415453 0.190676 0.416328 0.188194 0.417448 0.189491 0.417273 0.192005 0.418581 0.196486 0.419888 0.199139
10 0.530000 0.290741 0.534297 0.293333 0.535703 0.294630 0.535956 0.296375 0.535034 0.296843 0.531151 0.293292
10 0.490992 0.270389 0.494169 0.264745 0.497346 0.259722 0.499198 0.263491 0.500435 0.260509 0.502375 0.264903 0.502992 0.266468 0.501935 0.266782 0.501141 0.264116 0.500169 0.265370 0.501669 0.268667 0.500875 0.270231 0.498669 0.265056 0.497258 0.267722 0.501846 0.276977 0.503346 0.273685 0.505109 0.276037 0.502904 0.279176 0.504255 0.282500 0.502885 0.283944 0.502807 0.285148 0.502383 0.285306 0.501995 0.283347 0.500849 0.285384 0.499190 0.288713 0.498732 0.288944 0.497604 0.290417 0.498125 0.283657 0.499586 0.281764 0.499781 0.277023 0.499401 0.276005 0.498695 0.276181 0.498854 0.274708 0.498047 0.273009 0.495893 0.273088 0.495784 0.272005 0.495070 0.271343 0.492292 0.276343 0.487448 0.282407 0.491404 0.274361
10 0.503771 0.287023 0.503828 0.288847 0.501320 0.292389 0.499385 0.295935 0.497474 0.293611 0.497031 0.305231 0.498758 0.302718 0.500807 0.307176 0.502859 0.310819 0.501891 0.312949 0.503065 0.314394 0.503771 0.314972 0.506333 0.310616 0.505594 0.308995 0.503315 0.306870 0.503315 0.304847 0.500695 0.299477 0.503599 0.295023 0.505307 0.291380 0.506049 0.292287 0.509466 0.299477 0.511404 0.296949 0.514518 0.292926 0.512810 0.289282 0.512070 0.286546 0.510815 0.286750 0.508937 0.289787 0.507513 0.288269 0.506430 0.286144 0.505917 0.287356 0.506659 0.289079 0.506089 0.289889 0.505120 0.289685 0.504721 0.287056 0.504151 0.286343
10 0.504854 0.306769 0.507096 0.303370 0.509466 0.299477 0.511404 0.296949 0.514518 0.292926 0.516719 0.289310 0.519617 0.285208 0.521198 0.283454 0.521979 0.282407 0.523047 0.281065 0.523768 0.280523 0.525878 0.283102 0.528448 0.287671 0.531151 0.293292 0.534643 0.299736 0.538862 0.306417 0.542169 0.312120 0.543357 0.313528 0.541971 0.319389 0.538677 0.325481 0.536172 0.330519 0.534844 0.332731 0.534065 0.331338 0.532284 0.331102 0.528263 0.331222 0.526419 0.332625 0.526354 0.336023 0.524372 0.334102 0.519372 0.330056 0.513125 0.324394 0.510667 0.321611 0.507773 0.313727 0.506333 0.310616 0.505594 0.308995
10 0.490625 0.285833 0.493565 0.291560 0.489740 0.297204 0.487732 0.300852 0.487638 0.303593 0.489273 0.304171 0.492352 0.300273 0.494266 0.296620 0.494872 0.287495 0.492995 0.283843
10 0.555271 0.398389 0.553490 0.398565 0.551484 0.398750 0.549583 0.400648 0.548177 0.402917 0.547258 0.404745 0.546323 0.406407 0.546458 0.407083 0.547667 0.407338 0.548112 0.407338 0.548815 0.408171 0.548776 0.409954 0.547708 0.412824 0.548151 0.414769 0.549391 0.411833 0.550104 0.409815 0.551224 0.405972 0.552708 0.405023 0.553581 0.402838 0.554359 0.401222
2 0.556495 0.347560 0.549190 0.339551 0.541802 0.331014 0.543000 0.328986 0.545563 0.326454 0.550643 0.329009 0.560526 0.337042 0.567518 0.342514 0.567740 0.343685 0.571667 0.348963 0.576536 0.356093 0.577750 0.359199 0.578031 0.362644 0.577911 0.365366 0.577143 0.366657 0.570367 0.357625 0.567102 0.355255 0.565849 0.357338 0.564229 0.357324 0.561521 0.357139 0.558872 0.356116 0.558669 0.353750 0.558385 0.351898 0.559117 0.350958 0.559583 0.349444 0.558440 0.348366
10 0.595339 0.421296 0.595964 0.418426 0.598411 0.416750 0.601409 0.415194 0.603721 0.415194 0.607031 0.418306 0.607719 0.423639 0.608469 0.428856 0.608594 0.434079 0.607656 0.437745 0.606221 0.439745 0.603721 0.440968 0.601971 0.441412 0.599721 0.440079 0.598474 0.439412 0.596974 0.437745 0.596474 0.435301 0.597349 0.434301 0.598161 0.431079 0.599096 0.430634 0.599284 0.430190 0.597849 0.427412 0.598724 0.424306 0.598474 0.422417
2 0.566052 0.489907 0.564458 0.493444 0.563401 0.497194 0.562797 0.503139 0.562982 0.506301 0.563672 0.510319 0.564688 0.513519 0.569115 0.513611 0.569089 0.517037 0.568815 0.518602 0.569685 0.518412 0.573120 0.516968 0.575651 0.515898 0.577057 0.515463 0.577969 0.515185 0.577917 0.519028 0.579867 0.518782 0.581794 0.516745 0.583935 0.512301 0.584687 0.508120 0.584008 0.507301 0.582573 0.502190 0.582073 0.498745 0.583008 0.491083 0.580771 0.488782 0.580156 0.490019 0.578583 0.494181 0.576404 0.495324 0.573661 0.494968 0.571182 0.490056 0.569023 0.490056 0.567294 0.491208
10 0.487753 0.378343 0.487430 0.372176 0.488836 0.371606 0.491555 0.369444 0.491927 0.369000 0.493672 0.363472 0.494297 0.362083 0.495497 0.360005 0.496458 0.359949 0.497328 0.360449 0.497812 0.361759 0.497969 0.362917 0.498154 0.363782 0.498505 0.365144 0.496448 0.367745 0.495714 0.369361 0.495997 0.372708 0.498122 0.374259 0.500909 0.374259 0.503523 0.375926 0.504154 0.377662 0.506203 0.379199 0.507440 0.377963 0.508313 0.377694 0.509458 0.378875 0.509336 0.381657 0.508797 0.382569 0.507227 0.382569 0.505661 0.381500 0.505177 0.382019 0.506375 0.384468 0.506919 0.385403 0.506771 0.387454 0.505307 0.388032 0.503406 0.390949 0.501245 0.394056 0.500099 0.395625 0.499263 0.397852 0.492081 0.385815 0.488826 0.380537
2 0.528203 0.392546 0.531000 0.392519 0.531557 0.393264 0.531510 0.395000 0.533961 0.396486 0.534729 0.396426 0.535776 0.395120 0.536857 0.393139 0.537971 0.390662 0.539646 0.389421 0.540552 0.387500 0.541016 0.385000 0.541471 0.380875 0.542266 0.381042 0.541888 0.384440 0.541422 0.387810 0.540586 0.390042 0.540445 0.395060 0.540063 0.399769 0.540273 0.405597 0.540029 0.408509 0.539818 0.410741 0.537370 0.410463 0.536120 0.409815 0.534922 0.409583 0.533203 0.409537 0.530625 0.408472 0.529398 0.400227
10 0.533203 0.409537 0.534464 0.414111 0.535997 0.415907 0.537776 0.418139 0.538542 0.416282 0.540424 0.416218 0.541263 0.417583 0.541576 0.419690 0.540982 0.421361 0.542174 0.421644 0.543997 0.422662 0.545167 0.422912 0.545104 0.425880 0.545755 0.425417 0.545714 0.423278 0.546289 0.423278 0.548966 0.424463 0.549523 0.425639 0.549664 0.427685 0.549943 0.429852 0.550362 0.429852 0.550849 0.429296 0.551198 0.428491 0.551859 0.429111 0.551964 0.430782 0.551792 0.431898 0.551094 0.432954 0.550396 0.433634 0.550398 0.436810 0.548583 0.437454 0.548867 0.441111 0.549794 0.441042 0.550398 0.442190 0.549875 0.444125 0.548867 0.443981 0.548664 0.446278 0.547617 0.447852 0.549714 0.448713 0.551971 0.450505 0.552659 0.451870 0.551255 0.451935 0.550206 0.450644 0.548914 0.450139 0.547802 0.450343 0.546023 0.450593 0.545154 0.451958 0.544596 0.453069 0.543802 0.452454 0.541615 0.450833 0.540990 0.450787 0.540771 0.451120 0.540716 0.449199 0.539096 0.446319 0.536128 0.444977 0.533211 0.444977 0.532755 0.441815 0.532411 0.439218 0.532917 0.437917 0.532109 0.436343 0.530406 0.433847 0.528047 0.430139 0.528026 0.425634 0.528828 0.427037 0.529958 0.425847 0.529930 0.424667 0.528031 0.422042 0.528047 0.418333 0.528125 0.413102 0.528328 0.411384 0.529323 0.419259 0.530964 0.430046 0.533281 0.429537 0.532656 0.431519 0.532453 0.434528 0.532682 0.436852 0.533732 0.438468 0.535544 0.439829 0.536693 0.440634 0.536971 0.442676 0.538193 0.444662 0.541406 0.444907 0.541529 0.442921 0.542094 0.442060 0.542417 0.440051 0.543344 0.436755 0.543909 0.435676 0.543747 0.431231 0.543547 0.428074 0.543102 0.426713 0.541448 0.425352 0.539352 0.425565 0.538625 0.423986 0.537979 0.423704 0.537333 0.423343 0.536930 0.423986 0.536245 0.424273 0.536206 0.423630 0.535398 0.423560 0.535357 0.425565 0.534391 0.426139 0.533703 0.428148 0.533245 0.429046 0.532701 0.424935 0.531563 0.414810 0.530625 0.408472
10 0.551198 0.503208 0.560052 0.508681 0.563672 0.510319 0.564688 0.513519 0.564349 0.515185 0.564245 0.516250 0.566812 0.516287 0.567109 0.517269 0.566917 0.518741 0.563984 0.520417 0.561344 0.518972 0.560156 0.516620 0.559349 0.517685 0.556378 0.516190 0.555044 0.515718
2 0.592654 0.581287 0.597419 0.577926 0.599690 0.577384 0.600596 0.578194 0.601279 0.581556 0.601279 0.584111 0.601052 0.585454 0.594849 0.589222 0.593940 0.588412 0.593714 0.586801 0.593865 0.584111
2 0.515604 0.381681 0.519089 0.381495 0.521354 0.381481 0.522542 0.382051 0.523099 0.381866 0.524667 0.381431 0.525784 0.380750 0.528049 0.380500 0.529375 0.380185 0.530807 0.379815 0.530677 0.381991 0.530385 0.383787 0.528516 0.383981 0.528573 0.385088 0.525156 0.385458 0.519089 0.384769 0.515604 0.385028
2 0.344740 0.145417 0.349609 0.137468 0.353229 0.131324 0.355333 0.132667 0.358466 0.138620 0.362409 0.147931 0.365271 0.154463 0.366539 0.157120 0.366448 0.159278 0.361479 0.167718 0.359612 0.170204
1 0.555807 0.435694 0.556581 0.431343 0.557279 0.426880 0.557766 0.423532 0.558568 0.419444 0.559193 0.419074 0.559404 0.420495 0.558359 0.426759 0.557344 0.431944 0.556372 0.435495
2 0.509792 0.276106 0.508802 0.279505 0.507747 0.283606 0.506956 0.287236 0.506430 0.286144 0.505917 0.287356 0.506659 0.289079 0.506089 0.289889 0.505120 0.289685 0.504721 0.287056 0.504151 0.286343 0.503771 0.287023 0.503828 0.288847 0.502102 0.291218 0.500849 0.285384 0.501995 0.283347 0.502383 0.285306 0.502807 0.285148 0.502885 0.283944 0.504255 0.282500 0.507000 0.278556 0.508083 0.271569 0.509677 0.261444 0.507625 0.260898 0.507938 0.258208 0.508695 0.256583 0.509083 0.254963 0.509315 0.252926 0.510487 0.252745 0.510773 0.254088 0.511346 0.253810 0.513586 0.251306 0.518563 0.245847 0.521469 0.242407 0.523633 0.240181 0.524602 0.241394 0.528987 0.247468 0.534057 0.254458 0.541404 0.265088 0.548240 0.274606 0.556271 0.284431 0.559346 0.289495 0.559346 0.291519 0.557638 0.292935 0.557240 0.300227 0.554846 0.311366 0.553935 0.316329 0.550292 0.320278 0.545563 0.326454 0.543000 0.328986 0.541802 0.331014 0.539526 0.334255 0.537302 0.335875 0.536563 0.334861 0.536620 0.332329 0.539753 0.328583 0.541292 0.326963 0.543456 0.316227 0.544708 0.309037 0.543115 0.311264 0.542169 0.312120 0.540607 0.309444 0.541690 0.307014 0.543682 0.305394 0.541518 0.303065 0.538898 0.299519 0.537190 0.297088 0.535703 0.294630 0.534297 0.293333 0.531036 0.290204 0.525878 0.283102 0.523768 0.280523 0.519305 0.274407 0.517823 0.271977 0.516570 0.272889 0.516245 0.272625 0.512307 0.266764 0.511518 0.266676 0.510927 0.268602 0.511273 0.270000 0.512109 0.271315 0.512924 0.272685 0.514917 0.275014 0.513151 0.277037 0.510911 0.275755
2 0.630586 0.563819 0.631654 0.561477 0.632419 0.559282 0.633443 0.556634 0.634846 0.554593 0.635268 0.552023 0.636245 0.550889 0.636674 0.550583 0.636081 0.548769 0.636464 0.547787 0.637185 0.547861 0.637867 0.549523 0.639057 0.544833 0.640846 0.539690 0.641951 0.539009 0.643143 0.538782 0.643654 0.539542 0.643521 0.541963 0.644490 0.542380 0.644750 0.541685 0.645339 0.540870 0.646385 0.540639 0.647943 0.541296 0.649609 0.542417 0.649609 0.542417 0.649841 0.547111 0.646125 0.546681 0.646078 0.548995 0.645143 0.552704 0.646414 0.555046 0.646414 0.558148 0.645568 0.558602 0.644500 0.557241 0.644333 0.555500 0.643612 0.554972 0.642841 0.556333 0.643313 0.557620 0.644378 0.557995 0.644930 0.559282 0.644844 0.560269 0.643143 0.559282 0.642333 0.558755 0.642250 0.559435 0.644104 0.560782 0.644156 0.561713 0.643008 0.564069 0.640333 0.570931 0.639008 0.573708 0.638250 0.573662 0.635672 0.571671 0.633174 0.569495 0.630982 0.567551 0.630255 0.566069
2 0.578583 0.591912 0.580247 0.589625 0.582292 0.587875 0.583654 0.588412 0.584409 0.589491 0.585167 0.592986 0.585242 0.594329 0.584937 0.595944 0.583956 0.597153 0.582443 0.597560 0.581005 0.595273 0.579568 0.595005
2 0.560458 0.530042 0.568073 0.534264 0.577036 0.538583 0.583529 0.542523 0.586089 0.543431 0.585635 0.545444 0.583826 0.548060 0.583146 0.551486 0.585409 0.553699 0.588581 0.555106 0.591411 0.556116 0.593904 0.556315 0.594695 0.554704 0.594810 0.552088 0.593904 0.548264 0.593563 0.543028 0.593451 0.539204 0.592430 0.537190 0.590279 0.536384 0.587448 0.536588 0.584844 0.538199 0.579409 0.535782 0.574391 0.533028 0.569521 0.530435 0.563294 0.527259 0.562539 0.526833 0.561102 0.528370
2 0.478060 0.354778 0.475596 0.359157 0.481711 0.368968 0.483326 0.366250 0.483495 0.364440 0.482221 0.362176
2 0.527120 0.392023 0.526510 0.390972 0.526120 0.388704 0.526901 0.387963 0.528750 0.389167 0.531484 0.391111 0.534167 0.393241 0.535990 0.394537 0.535776 0.395120 0.534729 0.396426 0.533961 0.396486 0.531510 0.395000 0.531557 0.393264 0.531000 0.392519 0.528203 0.392546
2 0.540208 0.397824 0.545117 0.401694 0.546263 0.402713 0.547589 0.403139 0.547258 0.404745 0.546323 0.406407 0.545057 0.405764 0.542768 0.404370 0.540117 0.402227 0.540063 0.399769
10 0.545859 0.420532 0.547432 0.416523 0.549391 0.411833 0.550104 0.409815 0.551224 0.405972 0.552708 0.405023 0.553581 0.402838 0.554359 0.401222 0.555271 0.398389 0.556104 0.396310 0.556445 0.397606 0.555068 0.401356 0.553109 0.405894 0.553034 0.408301 0.550740 0.413764 0.548526 0.419245 0.546966 0.422852 0.546289 0.423278 0.545714 0.423278 0.545599 0.421852
14 0.405979 0.062949 0.403945 0.054347 0.406076 0.049528 0.409656 0.047120 0.411107 0.046606 0.411979 0.048843 0.413141 0.058477 0.414206 0.057787 0.414940 0.058630 0.415125 0.059713 0.418211 0.060713 0.420495 0.063944 0.422828 0.072653 0.424745 0.085023 0.427880 0.105977 0.428906 0.113204 0.429526 0.118435 0.427948 0.126898 0.426669 0.130116 0.425258 0.131699 0.423438 0.132491 0.420466 0.134778 0.417167 0.134505 0.414786 0.133556 0.413016 0.129944 0.410286 0.123889 0.408719 0.114477 0.406367 0.099407 0.404120 0.087019 0.403115 0.082269 0.402573 0.077505 0.402398 0.074236 0.403542 0.068843 0.405060 0.065343
14 0.468307 0.221944 0.465581 0.220500 0.463312 0.218389 0.462070 0.216852 0.461315 0.209074 0.461591 0.206829 0.462648 0.203019 0.464122 0.200398 0.465208 0.198949 0.465958 0.198046 0.467346 0.198148 0.470057 0.200606 0.472919 0.202968 0.474609 0.201231 0.476380 0.199935 0.478984 0.199745 0.481510 0.201463 0.488255 0.206606 0.492607 0.209806 0.503828 0.218426 0.509266 0.222333 0.511221 0.224380 0.511971 0.226556 0.514958 0.228352 0.515940 0.234602 0.515578 0.239583 0.514797 0.245259 0.514396 0.247926 0.513586 0.251306 0.511346 0.253810 0.510773 0.254088 0.510487 0.252745 0.509315 0.252926 0.509083 0.254963 0.508695 0.256583 0.507938 0.258208 0.507625 0.260898 0.505594 0.259130 0.501112 0.256449 0.494768 0.251116 0.486458 0.244440 0.480005 0.239278 0.478995 0.238134 0.479599 0.235907 0.479195 0.229792 0.476409 0.228495 0.474609 0.234421 0.469810 0.231319 0.468695 0.227968 0.468523 0.224005
14 0.486633 0.322616 0.488133 0.316838 0.490445 0.313065 0.491633 0.310065 0.493945 0.308065 0.495818 0.308509 0.496755 0.310176 0.499318 0.310509 0.503065 0.314394 0.508815 0.319282 0.513125 0.324394 0.519372 0.330056 0.524372 0.334102 0.530313 0.339764 0.533818 0.343597 0.535281 0.348685 0.534768 0.355481 0.534500 0.356338 0.538604 0.359514 0.542815 0.363347 0.543359 0.365269 0.542023 0.372597 0.540461 0.377208 0.537917 0.378843 0.533062 0.375667 0.529440 0.372208 0.528690 0.374231 0.526096 0.376819 0.523828 0.377296 0.521448 0.375764 0.508370 0.362056 0.501648 0.356005 0.493276 0.348116 0.489682 0.344144 0.488190 0.342398 0.487253 0.339407 0.484687 0.336759 0.485247 0.331356 0.485622 0.326468
14 0.580125 0.596944 0.585401 0.599259 0.588437 0.603241 0.589458 0.607481 0.595891 0.617250 0.596758 0.621236 0.598711 0.622519 0.600591 0.623806 0.605208 0.630745 0.608854 0.636606 0.612180 0.642644 0.614276 0.646884 0.614708 0.650486 0.614492 0.652028 0.608776 0.648056 0.602057 0.644315 0.593599 0.640074
6 0.542695 0.420255 0.545286 0.413796 0.545417 0.418287 0.543997 0.422662 0.542174 0.421644
6 0.545990 0.411389 0.546966 0.408727 0.547667 0.407338 0.548112 0.407338 0.548815 0.408171 0.548776 0.409954 0.547344 0.413704 0.545898 0.417153 0.545794 0.414745
6 0.561685 0.393847 0.565753 0.390847 0.567951 0.388917 0.574083 0.384380 0.577609 0.381810 0.581706 0.378972 0.586135 0.375648 0.587513 0.380361 0.587935 0.381273 0.587331 0.382505 0.576576 0.390273 0.569878 0.395449 0.566128 0.398227 0.563367 0.400264 0.561310 0.395449
14 0.587674 0.454171 0.588268 0.449083 0.589781 0.445245 0.592318 0.441884 0.594695 0.440444 0.598638 0.440444 0.602310 0.442750 0.604956 0.447259 0.606063 0.451597 0.605859 0.455741 0.606167 0.459032 0.604685 0.466079 0.602526 0.471741 0.599448 0.475676 0.595289 0.475579 0.592049 0.472606 0.589781 0.469435 0.588052 0.465310 0.587568 0.459838
6 0.540771 0.451120 0.540781 0.453796 0.540807 0.455787 0.542292 0.456019 0.543464 0.456111 0.543594 0.454074 0.543802 0.452454 0.541615 0.450833 0.540990 0.450787
6 0.567914 0.455231 0.566826 0.458745 0.565365 0.464167 0.567917 0.465370 0.569206 0.460681 0.571182 0.454875 0.572484 0.450343 0.573951 0.445324 0.573531 0.444083 0.573044 0.444208 0.572625 0.445079 0.571125 0.445819
2 0.374789 0.195130 0.381807 0.176769 0.384714 0.178847 0.385318 0.185306 0.381484 0.195130 0.397984 0.203588 0.399234 0.201796 0.402057 0.203588 0.401492 0.205167 0.410568 0.210116 0.406586 0.215056 0.404828 0.217014 0.380365 0.204148
2 0.413180 0.211394 0.419560 0.214620 0.421661 0.215569 0.423568 0.216898 0.431164 0.221088 0.431721 0.221338 0.443305 0.227310 0.446688 0.228986 0.450174 0.230968 0.471711 0.242435 0.474609 0.234421 0.476409 0.228495 0.479195 0.229792 0.479599 0.235907 0.478995 0.238134 0.473245 0.256069 0.469445 0.267907 0.459229 0.298338 0.427646 0.281852 0.418510 0.266977 0.457104 0.287616 0.462857 0.269764 0.434583 0.255944 0.416732 0.247019 0.415651 0.246088 0.412201 0.255634 0.409341 0.251731 0.411539 0.244292 0.400313 0.237102 0.394943 0.227870 0.414117 0.238528 0.419068 0.223903 0.407948 0.218324 0.408542 0.217505
2 0.393872 0.211301 0.389716 0.219463 0.392956 0.225125 0.394943 0.227870 0.414117 0.238528 0.414831 0.237125 0.395385 0.221667 0.398951 0.213991
2 0.427797 0.271981 0.435138 0.258139 0.430135 0.253694 0.434583 0.255944 0.445344 0.261218 0.461451 0.273944 0.460094 0.278231 0.438099 0.262106 0.432253 0.274375
2 0.466195 0.277426 0.478854 0.287148 0.483734 0.276236 0.488302 0.266694 0.491031 0.268287 0.491474 0.269486 0.490992 0.270389 0.491404 0.274361 0.487448 0.282407 0.479505 0.299398 0.478862 0.300926 0.478461 0.301713 0.463208 0.333028 0.461667 0.336574 0.457177 0.330333 0.461367 0.321671 0.441706 0.304921 0.434734 0.293708 0.454737 0.309681 0.463901 0.317556 0.476219 0.292083 0.464602 0.282361
2 0.475229 0.249796 0.482682 0.244324 0.483815 0.247398 0.483760 0.249796 0.482898 0.251431 0.475932 0.256995 0.484951 0.273412 0.483734 0.276236 0.482951 0.278116 0.473503 0.259491 0.471451 0.261509 0.473245 0.256069
2 0.495703 0.275593 0.494427 0.281389 0.492995 0.283843 0.484687 0.290880 0.487135 0.295509 0.487292 0.298519 0.485911 0.299676 0.484922 0.298333 0.482266 0.293472 0.487448 0.282407 0.492292 0.276343 0.495070 0.271343 0.495784 0.272005 0.495893 0.273088
2 0.457771 0.305259 0.462138 0.301245 0.471208 0.294014 0.474914 0.291014 0.476219 0.292083 0.471268 0.302315 0.460872 0.310884 0.459125 0.311208 0.458372 0.310833 0.457771 0.308259
2 0.451544 0.272009 0.444122 0.278236 0.443982 0.279315 0.443982 0.280394 0.447109 0.282134 0.453458 0.277986 0.456445 0.275495
2 0.454984 0.268829 0.457979 0.267394 0.462857 0.269764 0.459281 0.272255
8 0.401094 0.220787 0.406586 0.215056 0.411339 0.209394 0.416953 0.202866 0.420651 0.198148 0.422625 0.196046 0.424557 0.193810 0.426977 0.190796 0.428792 0.188866 0.430182 0.187963 0.430729 0.188935 0.424643 0.196583 0.418099 0.204968 0.408542 0.217505 0.404031 0.222273 0.401872 0.221815
8 0.430703 0.187361 0.433151 0.184037 0.436016 0.181028 0.438435 0.177801 0.441057 0.175074 0.444083 0.170986 0.446451 0.167940 0.448440 0.165588 0.450807 0.163051 0.451763 0.162806 0.452797 0.160634 0.453563 0.160259 0.454260 0.161866 0.452586 0.165523 0.448404 0.169926 0.446940 0.170176 0.446518 0.171727 0.443156 0.175542 0.439404 0.179644 0.435680 0.183718 0.432245 0.187236 0.431307 0.188255
8 0.424904 0.196662 0.428255 0.200417 0.430086 0.203477 0.429437 0.205208 0.425930 0.200694 0.423768 0.197718 0.424643 0.196583
8 0.423573 0.194861 0.421766 0.192398 0.419143 0.188704 0.416461 0.185491 0.413328 0.181417 0.412484 0.180079 0.411672 0.180134 0.411701 0.181148 0.413151 0.183935 0.415677 0.187222 0.420573 0.193843 0.422625 0.196046
8 0.433620 0.207963 0.436299 0.211065 0.437310 0.212556 0.437344 0.215042 0.436333 0.214917 0.434870 0.213431 0.433203 0.211019
8 0.511273 0.270000 0.510927 0.268602 0.511518 0.266676 0.512307 0.266764 0.516245 0.272625 0.519594 0.276917 0.522940 0.281204 0.521198 0.283454 0.518805 0.280417 0.515802 0.276389 0.512109 0.271315
8 0.511599 0.379472 0.516359 0.373204 0.516872 0.372935 0.517385 0.373528 0.517263 0.374329 0.512352 0.380810 0.511901 0.380435
6 0.578542 0.359722 0.581484 0.364213 0.582604 0.365046 0.585443 0.361574 0.585833 0.359537 0.584190 0.356435 0.579005 0.348917 0.577055 0.346171 0.573617 0.340704 0.571477 0.337292 0.570320 0.337926 0.568479 0.340560 0.567518 0.342514 0.567740 0.343685 0.571667 0.348963 0.576536 0.356093
8 0.545599 0.352130 0.545156 0.355046 0.552120 0.357093 0.552930 0.355569 0.553344 0.354731 0.548672 0.353287
8 0.553932 0.357778 0.560286 0.360370 0.562135 0.360880 0.565609 0.360796 0.566208 0.362046 0.565896 0.365426 0.565974 0.366398 0.567641 0.367000 0.567823 0.364176 0.567682 0.359352 0.566781 0.357509 0.564229 0.357324 0.561521 0.357139 0.557875 0.355843 0.556026 0.355287 0.554906 0.355056
8 0.647969 0.546991 0.647865 0.552213 0.647727 0.557792 0.647331 0.567606 0.646888 0.576718 0.646237 0.587148 0.645479 0.595120 0.644490 0.608870 0.643688 0.617690 0.645365 0.615486 0.646497 0.607130 0.647414 0.593694 0.648542 0.579917 0.649292 0.564935 0.649813 0.554519 0.649789 0.549843 0.649841 0.547111
8 0.608229 0.414491 0.608333 0.411620 0.610388 0.408907 0.614073 0.414241 0.620443 0.422361 0.621651 0.424060 0.626365 0.429866 0.630474 0.434843 0.633039 0.438662 0.637380 0.444384 0.638872 0.446458 0.644146 0.454449 0.651125 0.463704 0.657266 0.471250 0.661094 0.476435 0.662318 0.478519 0.661346 0.482051 0.660453 0.483861 0.659060 0.484296 0.654635 0.477907 0.650344 0.472269 0.645745 0.466134 0.645789 0.463093 0.644552 0.462981 0.641297 0.459491 0.633523 0.448750 0.624221 0.436412 0.618948 0.429560 0.614555 0.423458
8 0.647943 0.541296 0.647482 0.536282 0.647237 0.532380 0.646992 0.528847 0.647516 0.528537 0.648594 0.529213 0.649190 0.534116 0.649503 0.538764 0.649609 0.542417
8 0.696458 0.537361 0.690609 0.533227 0.684357 0.528676 0.679138 0.525176 0.674461 0.522199 0.671263 0.519486 0.666880 0.516685 0.666094 0.517736 0.665896 0.520449 0.670867 0.523778 0.682734 0.531806 0.688297 0.535593 0.693367 0.539093 0.695130 0.539861
8 0.596758 0.621236 0.596901 0.615856 0.597417 0.609134 0.597695 0.602912 0.598115 0.598514 0.598255 0.595444 0.599469 0.594366 0.600357 0.595528 0.599422 0.605481 0.598862 0.612537 0.598674 0.617181 0.598711 0.622519
8 0.562365 0.450750 0.563440 0.448843 0.565260 0.446685 0.567266 0.442949 0.570112 0.438306 0.571654 0.435236 0.573240 0.432579 0.574479 0.430833 0.576745 0.426852 0.577760 0.425000 0.580669 0.419736 0.583331 0.415000 0.585430 0.411338 0.586919 0.409051 0.588698 0.405898 0.589583 0.405681 0.591078 0.406968 0.591602 0.409407 0.589622 0.412926 0.584865 0.422532 0.582201 0.427194 0.581146 0.428056 0.580599 0.428657 0.579531 0.430741 0.578203 0.433148 0.576302 0.436250 0.574401 0.439120 0.572214 0.442824 0.570469 0.445556 0.568385 0.449074 0.566771 0.452222 0.565625 0.454028 0.564359 0.452051 0.563203 0.451713
8 0.526208 0.396176 0.526094 0.392935 0.527120 0.392023 0.528203 0.392546 0.529398 0.400227 0.531563 0.414810 0.532701 0.424935 0.533281 0.429537 0.530964 0.430046 0.529323 0.419259 0.527687 0.405898 0.526484 0.398796
8 0.417070 0.230083 0.407948 0.218324 0.413482 0.221370 0.418383 0.225884
8 0.506146 0.391991 0.506589 0.391532 0.507161 0.392269 0.508924 0.395500 0.511719 0.400231 0.512724 0.402009 0.515263 0.406644 0.517034 0.409472 0.519010 0.412500 0.519141 0.414537 0.518437 0.415185 0.517310 0.413963 0.514062 0.409398 0.511560 0.405597 0.511307 0.405032 0.509039 0.401366 0.504984 0.393667
8 0.550292 0.320278 0.556836 0.327704 0.555786 0.328329 0.549833 0.321329
6 0.557180 0.523343 0.560794 0.521894 0.564049 0.520449 0.567182 0.519111 0.569685 0.518412 0.573120 0.516968 0.575651 0.515898 0.577057 0.515463 0.577969 0.515185 0.577917 0.519028 0.576010 0.519861 0.571943 0.521412 0.566406 0.523380 0.561789 0.524681 0.558047 0.526157
8 0.586635 0.517759 0.587568 0.515847 0.589294 0.519333 0.590508 0.522403 0.590789 0.526801 0.590367 0.532111 0.590313 0.533287 0.588698 0.533287 0.588734 0.530949 0.588969 0.527051 0.588641 0.522236 0.587708 0.519750
8 0.493945 0.308065 0.494185 0.298204 0.495096 0.284125 0.495703 0.275593 0.495893 0.273088 0.498047 0.273009 0.498854 0.274708 0.497544 0.290708 0.497203 0.301745 0.496755 0.310176 0.495818 0.308509
2 0.521094 0.421898 0.520990 0.420556 0.520990 0.419398 0.524013 0.424046 0.525576 0.426361 0.526589 0.428056 0.528047 0.430139 0.530406 0.433847 0.532109 0.436343 0.532917 0.437917 0.532411 0.439218 0.529521 0.435236 0.528099 0.433380 0.526536 0.431204 0.524495 0.427042 0.522656 0.424167
8 0.469375 0.348889 0.470443 0.344574 0.471013 0.341634 0.472380 0.335560 0.474094 0.330153 0.475781 0.325370 0.477734 0.320972 0.479180 0.317343 0.479914 0.314731 0.480651 0.314597 0.480831 0.315843 0.480503 0.317472 0.478385 0.322778 0.475797 0.331204 0.474427 0.335880 0.472440 0.342921 0.471604 0.347213 0.470458 0.350852
8 0.486026 0.362528 0.488367 0.370093 0.488836 0.371606 0.490240 0.369486 0.488964 0.365023 0.487602 0.360940 0.486878 0.358519 0.485943 0.358671
8 0.543021 0.400000 0.543565 0.398931 0.545466 0.397449 0.547237 0.395273 0.549242 0.392171 0.550617 0.388898 0.551529 0.385750 0.552156 0.382602 0.552370 0.381111 0.552534 0.379560 0.552625 0.377787 0.552917 0.376111 0.553849 0.374593 0.554583 0.375648 0.554036 0.381481 0.552727 0.386676 0.551919 0.389639 0.549784 0.394315 0.547648 0.397093 0.546190 0.398574 0.544497 0.399824 0.543534 0.400426
2 0.507083 0.398796 0.509039 0.401366 0.511560 0.405597 0.514062 0.409398 0.517310 0.413963 0.520052 0.417870 0.520156 0.418981 0.519870 0.419907 0.516042 0.414630 0.513099 0.409838 0.510599 0.406088 0.508560 0.403139 0.507036 0.401264 0.503523 0.404597 0.502469 0.402722
8 0.526615 0.420597 0.526536 0.416157 0.526589 0.412870 0.526979 0.411991 0.527552 0.411944 0.528125 0.413102 0.528047 0.418333 0.528031 0.422042 0.527279 0.422042
8 0.519531 0.408241 0.523180 0.414167 0.526161 0.419148 0.526615 0.420597 0.527279 0.422042 0.528031 0.422042 0.529930 0.424667 0.529958 0.425847 0.528828 0.427037 0.526073 0.422148 0.522578 0.416259 0.520557 0.412829 0.519766 0.411667
8 0.518672 0.409769 0.514872 0.403208 0.512521 0.399028 0.511086 0.396736 0.510388 0.395366 0.511122 0.394579 0.511857 0.395167 0.514799 0.400597 0.517630 0.405185 0.518542 0.406898 0.518646 0.408843
6 0.609557 0.394861 0.614607 0.401241 0.622125 0.412935 0.630510 0.424630 0.636151 0.432727 0.642872 0.442106 0.647354 0.449306 0.651982 0.455986 0.651042 0.460227 0.649596 0.460616 0.645115 0.454704 0.640055 0.446731 0.631755 0.434074 0.625010 0.425079 0.619885 0.417856 0.614138 0.408977 0.608508 0.401681 0.605578 0.397519 0.606984 0.392935
8 0.593125 0.487407 0.594141 0.489583 0.595495 0.492917 0.599703 0.501116 0.602224 0.507667 0.603904 0.507505 0.604271 0.505185 0.602456 0.502028 0.599237 0.495222 0.596576 0.489745 0.595362 0.487921 0.594055 0.487093
8 0.546828 0.476042 0.548612 0.479495 0.549638 0.482088 0.551148 0.483144 0.552229 0.482380 0.552336 0.480361 0.550448 0.477000 0.549763 0.475671 0.549641 0.475241 0.548430 0.476028
1 0.546458 0.407083 0.545781 0.408611 0.545312 0.410602 0.545286 0.413796 0.545417 0.418287 0.545104 0.425880 0.545755 0.425417 0.545714 0.423278 0.545599 0.421852 0.545859 0.420532 0.545898 0.417153 0.545794 0.414745 0.545990 0.411389 0.545964 0.410602 0.546380 0.409074 0.546966 0.408727 0.547667 0.407338
8 0.513833 0.378981 0.515604 0.385028 0.516656 0.391005 0.518156 0.399685 0.519531 0.408241 0.519766 0.411667 0.520565 0.417657 0.520990 0.419398 0.520990 0.420556 0.521258 0.432699 0.520083 0.431199 0.520104 0.427731 0.519844 0.425324 0.519870 0.419907 0.520156 0.418981 0.520052 0.417870 0.519141 0.414537 0.519010 0.412500 0.518672 0.409769 0.518646 0.408843 0.518542 0.406898 0.516542 0.395431 0.514484 0.385144 0.513089 0.379875
8 0.495365 0.354352 0.496615 0.355880 0.502878 0.364468 0.509885 0.373639 0.512674 0.376926 0.513094 0.377421 0.512188 0.378597 0.506784 0.371782 0.500508 0.363602 0.496081 0.357838 0.494401 0.355185 0.494635 0.354398
8 0.479505 0.299398 0.480815 0.311773 0.481836 0.320625 0.482865 0.330866 0.483932 0.340972 0.485201 0.349093 0.485911 0.357917 0.486172 0.367218 0.486510 0.371167 0.484823 0.371144 0.484664 0.361653 0.484320 0.355653 0.483771 0.350625 0.482810 0.340856 0.481568 0.330389 0.480687 0.321060 0.480503 0.317472 0.480831 0.315843 0.480651 0.314597 0.479914 0.314731 0.479096 0.308310 0.478461 0.301713 0.478862 0.300926
8 0.481797 0.332083 0.480057 0.333546 0.479430 0.337796 0.479583 0.345000 0.481198 0.356204 0.482508 0.360685 0.484714 0.368056 0.484714 0.365324 0.483589 0.360074 0.481596 0.352074 0.480740 0.346505 0.480398 0.342153 0.480469 0.335787 0.481995 0.333949
8 0.492083 0.351898 0.492604 0.351106 0.494836 0.353153 0.495813 0.353769 0.497974 0.356190 0.499578 0.357616 0.501424 0.358792 0.502052 0.359287 0.502122 0.360343 0.501565 0.361083 0.499229 0.358606 0.496615 0.355880 0.495365 0.354352 0.494635 0.354398
8 0.597292 0.543426 0.600529 0.544620 0.605781 0.546852 0.609523 0.548588 0.609943 0.548773 0.609943 0.550009 0.608906 0.550278 0.602760 0.547347 0.599448 0.545856 0.597599 0.545116
8 0.526589 0.423148 0.526589 0.428056 0.528047 0.430139 0.528026 0.425634
8 0.526542 0.431190 0.526464 0.436699 0.528151 0.436620 0.528099 0.433380
