0 0.137599 0.830273 0.116599 0.844727 0.112948 0.870685 0.122385 0.904579 0.129875 0.917796 0.131937 0.919463 0.138159 0.933227 0.143724 0.939472 0.151234 0.942829 0.161435 0.943120 0.167695 0.940815 0.175477 0.931972 0.179745 0.926310 0.184120 0.931301 0.197242 0.914352 0.195685 0.907125 0.197000 0.904907 0.200242 0.900468 0.204685 0.892347 0.209745 0.875593 0.211081 0.855394 0.210831 0.839514 0.203552 0.819986 0.194552 0.799546 0.190932 0.799546 0.181680 0.782995 0.174578 0.783236 0.161995 0.791116 0.155792 0.803208
2 0.507969 0.492778 0.510911 0.493222 0.513490 0.493468 0.514466 0.493843 0.516560 0.496444 0.518930 0.497310 0.518724 0.501343 0.513958 0.499630 0.508880 0.498287 0.506674 0.498093 0.506081 0.496843
2 0.507276 0.499537 0.509005 0.503764 0.511909 0.504125 0.517708 0.506111 0.518516 0.504537 0.518802 0.502546 0.514693 0.501329 0.511823 0.500185
2 0.480964 0.510324 0.482958 0.515144 0.484312 0.519208 0.485060 0.524106 0.485432 0.530079 0.486487 0.536005 0.486008 0.537505 0.483505 0.537796 0.482776 0.527755 0.482013 0.521227 0.481167 0.517644 0.479714 0.514213
2 0.484664 0.521227 0.487365 0.522667 0.488229 0.522764 0.488013 0.525259 0.486987 0.529005 0.486276 0.530648 0.485432 0.530079
2 0.564411 0.571333 0.566398 0.571764 0.569349 0.572593 0.568352 0.575296 0.567862 0.576102 0.567656 0.577407 0.566094 0.576806 0.564029 0.575792
2 0.570443 0.573333 0.571802 0.573935 0.574068 0.577343 0.576094 0.580509 0.573646 0.579815 0.570990 0.578657 0.568419 0.577528
2 0.573906 0.574676 0.577320 0.575690 0.580667 0.577116 0.581958 0.582630 0.579792 0.581713 0.577914 0.581144 0.575961 0.578417
2 0.468547 0.311889 0.471643 0.313296 0.477445 0.315639 0.482453 0.317866 0.484167 0.311667 0.478695 0.304037 0.474544 0.298648 0.471643 0.294667 0.466503 0.294431 0.465977 0.296657 0.465185 0.298412
2 0.478885 0.517194 0.480182 0.518444 0.481641 0.519694 0.482013 0.521227 0.482776 0.527755 0.482083 0.528102 0.479318 0.526796 0.477753 0.525551 0.477969 0.520556
2 0.476328 0.297963 0.481333 0.299236 0.487068 0.301111 0.486078 0.304625 0.484826 0.309074
2 0.466667 0.311157 0.463378 0.310259 0.461753 0.309736 0.460234 0.305463 0.460815 0.303606 0.460620 0.299056 0.460620 0.292056 0.461211 0.290394 0.463180 0.298093 0.465443 0.306671
2 0.520885 0.736574 0.522453 0.731699 0.523695 0.728148 0.524560 0.726227 0.526990 0.728051 0.527500 0.729815 0.530573 0.739056 0.531505 0.742000 0.530521 0.744722 0.525445 0.740389
2 0.498745 0.499921 0.497396 0.494259 0.497773 0.491569 0.502362 0.491954 0.503659 0.495602 0.504198 0.496944 0.504146 0.499153 0.503174 0.501074 0.502578 0.499060 0.501823 0.495699 0.501229 0.493491 0.500474 0.493296 0.499932 0.493296 0.500258 0.496755 0.500042 0.500116
2 0.520115 0.507713 0.518742 0.521463 0.522500 0.515426 0.524018 0.508227 0.520477 0.506171
2 0.525971 0.501671 0.525031 0.508611 0.522211 0.507329 0.524164 0.502958 0.525174 0.501931
2 0.523875 0.502060 0.521417 0.506685 0.519682 0.505912 0.519682 0.502829 0.521633 0.501801
2 0.528068 0.728713 0.530958 0.731500 0.532734 0.732593 0.532646 0.736644 0.532406 0.740231 0.532104 0.741144 0.530469 0.736449
10 0.532214 0.751806 0.533352 0.751144 0.534617 0.751306 0.535365 0.749815 0.537448 0.750000 0.538112 0.752963 0.538414 0.755375 0.537932 0.755481 0.538203 0.756444 0.538112 0.757250 0.537721 0.757194 0.537781 0.758588 0.535461 0.759662 0.533833 0.760301 0.532508 0.755375 0.532237 0.753125
5 0.542359 0.461935 0.544297 0.462602 0.545547 0.460824 0.546047 0.457940 0.546797 0.454718 0.546422 0.451273 0.547547 0.450495 0.548357 0.456051 0.548107 0.459824 0.547982 0.465046 0.547917 0.468704 0.543484 0.473819
5 0.545461 0.496227 0.545000 0.490370 0.544711 0.484361 0.544016 0.477394 0.543484 0.473819 0.547917 0.468704 0.548729 0.467519 0.550917 0.472579 0.553904 0.479051 0.555958 0.484361 0.555823 0.485190 0.552971 0.488509 0.550000 0.492731 0.546576 0.498384 0.545878 0.497884
5 0.545885 0.504167 0.545878 0.497884 0.546576 0.498384 0.550000 0.492731 0.552971 0.488509 0.554266 0.487060 0.556479 0.494648 0.559286 0.503093 0.561664 0.511829 0.564742 0.522648 0.565010 0.523801 0.562365 0.526491 0.560529 0.527736 0.559773 0.522361 0.559341 0.519194 0.560367 0.519769 0.560745 0.521977 0.561339 0.521977 0.561232 0.520056 0.560854 0.518616 0.558964 0.517657 0.557776 0.513722 0.555508 0.509977 0.555508 0.507963 0.554698 0.507384 0.554589 0.509116 0.552474 0.507593 0.550651 0.505833 0.548047 0.504306
1 0.510112 0.657236 0.508221 0.659542 0.504549 0.661463 0.502445 0.663574 0.500945 0.665255 0.500365 0.668181 0.500076 0.674546 0.500172 0.677472 0.500859 0.677731 0.501557 0.677301 0.501508 0.670505 0.501557 0.667681 0.502630 0.666597 0.505685 0.663764 0.506333 0.663287 0.506872 0.671639 0.508229 0.673472 0.506781 0.676389 0.504964 0.679968 0.502070 0.684769 0.501299 0.686394 0.499974 0.688356 0.499341 0.689394 0.498130 0.688292 0.496961 0.681477 0.496328 0.681019 0.499312 0.701495 0.503523 0.719731 0.503956 0.726644 0.505091 0.731829 0.504927 0.725301 0.508060 0.736056 0.509302 0.733940 0.505143 0.718486 0.503901 0.715028 0.500932 0.704181 0.498664 0.691796 0.500120 0.689875 0.503349 0.694056 0.506208 0.697213 0.504604 0.706102 0.503901 0.715222 0.505469 0.719060 0.507872 0.698583 0.508669 0.692287 0.511805 0.677431 0.512305 0.676542 0.514742 0.660880
1 0.397474 0.291481 0.401008 0.286884 0.406529 0.280787 0.410628 0.274690 0.413974 0.271417 0.416818 0.269037 0.419578 0.268000 0.426268 0.269634 0.431120 0.271565 0.434549 0.272162 0.438221 0.264981 0.440188 0.262569 0.442755 0.259491 0.443641 0.259491 0.444008 0.261486 0.442654 0.262319 0.439859 0.266139 0.437057 0.271032 0.436122 0.272519 0.439576 0.272606 0.441349 0.272935 0.443682 0.272935 0.443966 0.269546 0.445081 0.265889 0.447044 0.263731 0.448901 0.262958 0.451937 0.264042 0.455794 0.262380 0.459107 0.260889 0.462042 0.260889 0.463398 0.261528 0.464586 0.259907 0.462219 0.255134 0.460404 0.251731 0.460680 0.250810 0.461240 0.249810 0.461724 0.250245 0.463682 0.253588 0.466083 0.258556 0.467237 0.255954 0.468281 0.253588 0.469396 0.253588 0.469469 0.254644 0.468315 0.256935 0.466643 0.259046 0.467589 0.259847 0.469638 0.260282 0.473091 0.260787 0.473862 0.262213 0.474831 0.264444 0.476070 0.261009 0.477674 0.257472 0.478370 0.251282 0.479448 0.238125 0.480578 0.222690 0.481474 0.215880 0.483297 0.206588 0.484508 0.198870 0.486609 0.187019 0.489227 0.166495 0.491167 0.155745 0.492630 0.149782 0.494865 0.143759 0.496302 0.133889 0.499482 0.113042 0.497875 0.090454 0.494495 0.054421 0.491057 0.021620 0.489732 0.000000 0.490612 0.000000 0.492112 0.019866 0.494438 0.041722 0.497531 0.072519 0.499924 0.101532 0.500510 0.108250 0.501404 0.108875 0.500961 0.112815 0.500885 0.117694 0.502065 0.127926 0.501956 0.131954 0.499539 0.137352 0.496279 0.145218 0.495258 0.146718 0.495727 0.153023 0.493911 0.163106 0.492263 0.170227 0.490607 0.181306 0.487956 0.197398 0.487044 0.202019 0.486667 0.210810 0.486526 0.216949 0.484987 0.226495 0.484326 0.237440 0.484500 0.246454 0.485721 0.253264 0.488357 0.262509 0.491042 0.269931 0.490380 0.261204 0.489979 0.258898 0.490505 0.257755 0.491836 0.258111 0.492596 0.259981 0.492036 0.266509 0.492849 0.269694 0.493784 0.271000 0.493943 0.270394 0.493266 0.268963 0.493760 0.268074 0.494698 0.269889 0.494698 0.271000 0.494286 0.272431 0.496453 0.275509 0.498586 0.277338 0.498469 0.278718 0.497867 0.278944 0.497773 0.279806 0.499188 0.279745 0.500125 0.280282 0.499799 0.282093 0.497924 0.282421 0.495065 0.282542 0.495659 0.284398 0.496914 0.285144 0.496638 0.286630 0.498234 0.287120 0.502073 0.285292 0.506372 0.284028 0.505638 0.279019 0.504557 0.272250 0.503370 0.266435 0.503172 0.264505 0.502867 0.261792 0.503630 0.260981 0.504086 0.263014 0.506146 0.273449 0.509195 0.282940 0.510010 0.285264 0.509594 0.289097 0.508924 0.291759 0.508164 0.292190 0.508297 0.294616 0.509938 0.293810 0.512411 0.293306 0.512797 0.293190 0.513148 0.293931 0.515198 0.300037 0.520664 0.315532 0.523630 0.307222 0.526531 0.300398 0.527526 0.302630 0.526312 0.304259 0.524599 0.309532 0.521633 0.317616 0.523875 0.324060 0.527828 0.334958 0.532641 0.348199 0.531341 0.349306 0.527492 0.352130 0.529836 0.361796 0.532846 0.373991 0.536276 0.388889 0.539375 0.401713 0.539974 0.399954 0.539417 0.394523 0.538229 0.389750 0.537792 0.386194 0.538979 0.385861 0.539292 0.389083 0.540104 0.392194 0.540667 0.395745 0.541042 0.401634 0.540979 0.405190 0.540242 0.406204 0.539107 0.408889 0.538029 0.412824 0.538513 0.415995 0.543320 0.435481 0.542779 0.436921 0.541807 0.436153 0.541052 0.436153 0.543792 0.456259 0.541953 0.459625 0.542359 0.461935 0.543484 0.473819 0.544016 0.477394 0.544711 0.484361 0.545000 0.490370 0.545461 0.496227 0.545878 0.497884 0.545885 0.504167 0.548047 0.504306 0.550651 0.505833 0.552474 0.507593 0.554589 0.509116 0.554698 0.507384 0.555508 0.507963 0.555508 0.509977 0.557776 0.513722 0.558964 0.517657 0.560854 0.518616 0.561232 0.520056 0.561339 0.521977 0.560745 0.521977 0.560367 0.519769 0.559341 0.519194 0.559773 0.522361 0.560529 0.527736 0.562096 0.540745 0.562701 0.545759 0.569542 0.549829 0.571982 0.552199 0.573435 0.552843 0.574969 0.552699 0.576703 0.559657 0.580396 0.576306 0.580667 0.577116 0.581958 0.582630 0.589102 0.612389 0.569073 0.592560 0.567333 0.588431 0.565492 0.585500 0.563651 0.584296 0.561518 0.587222 0.556492 0.581542 0.554359 0.579833 0.551073 0.581037 0.549810 0.583088 0.540323 0.573810 0.528414 0.562019 0.527617 0.564472 0.525953 0.554569 0.525143 0.549602 0.525284 0.543819 0.525862 0.539449 0.524565 0.533917 0.521964 0.531491 0.519263 0.531491 0.516620 0.531491 0.515107 0.534750 0.512622 0.535713 0.504742 0.535995 0.489922 0.537528 0.486008 0.537505 0.486487 0.536005 0.485432 0.530079 0.486276 0.530648 0.486987 0.529005 0.488013 0.525259 0.488229 0.522764 0.487365 0.522667 0.484664 0.521227 0.484312 0.519208 0.482958 0.515144 0.480964 0.510324 0.479714 0.514213 0.478885 0.517194 0.477969 0.520556 0.477753 0.525551 0.479318 0.526796 0.482083 0.528102 0.482776 0.527755 0.483505 0.537796 0.479391 0.538213 0.475232 0.538407 0.470474 0.538273 0.467721 0.538926 0.466911 0.533824 0.466969 0.529051 0.466659 0.522824 0.465906 0.520829 0.464284 0.520056 0.461977 0.520606 0.460648 0.516208 0.463023 0.507319 0.462023 0.502880 0.460336 0.496324 0.458523 0.496324 0.457026 0.502991 0.444474 0.460481 0.445039 0.460481 0.445563 0.459838 0.445966 0.458472 0.446198 0.449167 0.445909 0.444153 0.446659 0.443819 0.447005 0.444259 0.447159 0.443375 0.445659 0.441153 0.443911 0.439153 0.442661 0.435713 0.441224 0.434935 0.438724 0.434157 0.437102 0.433380 0.436164 0.432935 0.436203 0.432088 0.438680 0.432583 0.441607 0.433634 0.443594 0.436051 0.446523 0.440144 0.447964 0.441611 0.450133 0.435394 0.452482 0.429611 0.453539 0.426130 0.451872 0.420014 0.449732 0.419852 0.447531 0.419472 0.446750 0.421083 0.445573 0.421833 0.444971 0.423495 0.443674 0.424940 0.441716 0.426866 0.439516 0.427296 0.438010 0.426384 0.436805 0.424403 0.436615 0.421713 0.437617 0.420167 0.438156 0.418991 0.438128 0.416255 0.437703 0.415074 0.437005 0.416713 0.436406 0.418935 0.435646 0.424060 0.434948 0.426602 0.432292 0.417468 0.430073 0.411625 0.421518 0.383167 0.417870 0.369708 0.412893 0.350273 0.411865 0.347685 0.409974 0.347968 0.408469 0.350185 0.407005 0.353056 0.404687 0.356130 0.403284 0.356995 0.402146 0.355356 0.404146 0.352773 0.408034 0.348356 0.411003 0.345472 0.405398 0.325009 0.402021 0.310630
6 0.539375 0.401713 0.536276 0.388889 0.532846 0.373991 0.529836 0.361796 0.527492 0.352130 0.531341 0.349306 0.533932 0.347523 0.534435 0.350644 0.537279 0.347819 0.537445 0.350347 0.536443 0.351389 0.536359 0.352727 0.537948 0.352431 0.538534 0.353171 0.536109 0.356741 0.541536 0.379213 0.547318 0.403472 0.554208 0.432014 0.560232 0.457884 0.566276 0.483333 0.570312 0.501991 0.573305 0.514542 0.570654 0.515032 0.567576 0.515787 0.566336 0.516278 0.562982 0.501824 0.558299 0.481111 0.553372 0.459894 0.548260 0.440324 0.544070 0.421588 0.542109 0.413287 0.540292 0.406301 0.540979 0.405190 0.541042 0.401634 0.540667 0.395745 0.540104 0.392194 0.539292 0.389083 0.538979 0.385861 0.537792 0.386194 0.538229 0.389750 0.539417 0.394523 0.539974 0.399954
2 0.504115 0.382176 0.503992 0.380940 0.507823 0.379935 0.507945 0.381944 0.507742 0.384384 0.507461 0.385245
6 0.533932 0.347523 0.532641 0.348199 0.527828 0.334958 0.523875 0.324060 0.521633 0.317616 0.524599 0.309532 0.526312 0.304259 0.529081 0.311523 0.534023 0.325116 0.539099 0.339412 0.547271 0.362259 0.553599 0.380537 0.559661 0.397523 0.571063 0.428690 0.582333 0.460444 0.600128 0.510241 0.622076 0.572806 0.634003 0.606667 0.637299 0.616157 0.637031 0.625185 0.630742 0.628329 0.628906 0.623750 0.623393 0.608074 0.613706 0.580421 0.602237 0.547264 0.587211 0.504616 0.574359 0.466417 0.565792 0.443806 0.556763 0.417208 0.544768 0.383815 0.538440 0.366125 0.536109 0.356741 0.538534 0.353171 0.537948 0.352431 0.536359 0.352727 0.536443 0.351389 0.537445 0.350347 0.537279 0.347819 0.534435 0.350644
6 0.525508 0.302583 0.522456 0.293093 0.516820 0.278333 0.511180 0.262333 0.507823 0.252847 0.505383 0.253796 0.502258 0.255829 0.502180 0.259625 0.499435 0.260708 0.500732 0.265046 0.503172 0.264505 0.502867 0.261792 0.503630 0.260981 0.504086 0.263014 0.506146 0.273449 0.509195 0.282940 0.515198 0.300037 0.520664 0.315532 0.523630 0.307222
2 0.508549 0.379579 0.509841 0.379505 0.512221 0.379722 0.513068 0.378787 0.513633 0.378648 0.514479 0.379648 0.515810 0.379866 0.517344 0.382375 0.517141 0.383810 0.515326 0.386963 0.513391 0.390477 0.511091 0.388111 0.508307 0.386032 0.508753 0.382301
2 0.507917 0.388102 0.511328 0.390972 0.512422 0.391898 0.511857 0.392773 0.509599 0.392986 0.507419 0.393130 0.506563 0.392917 0.506534 0.391912
2 0.512943 0.363796 0.516232 0.368611 0.518167 0.371167 0.518854 0.377495 0.519917 0.380384 0.520161 0.387926 0.520023 0.391657 0.518573 0.391069 0.518437 0.386019 0.517268 0.381287 0.515076 0.373731 0.513320 0.366333 0.512656 0.364222
2 0.504193 0.402315 0.506935 0.402736 0.508615 0.402736 0.511789 0.406634 0.512487 0.406968 0.513464 0.408380 0.512302 0.409787 0.510435 0.411032 0.506513 0.412194 0.504974 0.407630 0.503948 0.403981
6 0.573438 0.467963 0.579255 0.484588 0.583016 0.496843 0.605495 0.565463 0.611221 0.584963 0.619870 0.611787 0.622336 0.610847 0.624193 0.617125 0.626927 0.625593 0.624984 0.626847 0.630180 0.640903 0.635385 0.656894 0.641036 0.672889 0.636091 0.670542 0.634326 0.663481 0.631154 0.655481 0.627711 0.651718 0.625062 0.649204 0.624620 0.643088 0.624620 0.640426 0.621622 0.637287 0.617729 0.637435 0.616229 0.632880 0.614167 0.626250 0.612169 0.621551 0.613698 0.620139 0.613984 0.619491 0.612630 0.615093 0.609453 0.603565 0.607370 0.605046 0.606628 0.602269 0.601510 0.585833 0.596198 0.567731 0.590026 0.546435 0.581484 0.516991 0.577240 0.502407 0.575029 0.493806 0.574458 0.482667 0.573862 0.472963
6 0.567240 0.487824 0.570682 0.487944 0.573328 0.487319 0.568828 0.471787 0.563536 0.452653 0.558682 0.435398 0.556831 0.435681 0.555516 0.437565 0.560232 0.457884 0.566276 0.483333
6 0.542201 0.382287 0.543966 0.381190 0.544768 0.383815 0.556763 0.417208 0.565792 0.443806 0.571857 0.463273 0.573055 0.475319 0.574018 0.485042 0.574141 0.489074 0.573328 0.487319 0.568828 0.471787 0.563536 0.452653 0.558682 0.435398 0.556831 0.435681 0.555701 0.434051 0.550195 0.415463 0.547318 0.403472
1 0.567240 0.487824 0.570682 0.487944 0.573328 0.487319 0.574141 0.489074 0.574018 0.485042 0.573055 0.475319 0.571857 0.463273 0.573018 0.462931 0.573438 0.467963 0.573862 0.472963 0.574458 0.482667 0.575029 0.493806 0.574557 0.492222 0.573255 0.488472 0.571406 0.488935 0.568542 0.489306 0.567448 0.488935
2 0.516797 0.401667 0.518453 0.401463 0.520018 0.404032 0.521164 0.405750 0.522516 0.409000 0.520227 0.409912 0.518448 0.410231 0.515044 0.406912
2 0.637031 0.625185 0.630742 0.628329 0.628906 0.623750 0.627969 0.625324 0.632719 0.640282 0.637133 0.653171 0.642935 0.669690 0.644253 0.674375 0.648008 0.675194 0.648615 0.674190 0.649398 0.674282 0.649695 0.677435 0.650974 0.679532 0.652549 0.679963 0.654125 0.681889 0.655701 0.680060 0.651417 0.666843 0.645260 0.649259
10 0.525279 0.406213 0.526271 0.405287 0.526451 0.403986 0.526815 0.400838 0.527859 0.400519 0.528070 0.403634 0.529263 0.402782 0.529659 0.403495 0.529138 0.404190 0.528018 0.405116 0.527966 0.405856 0.528177 0.408380 0.525625 0.410139 0.525599 0.408796 0.525964 0.407269 0.525286 0.406806
6 0.626927 0.625593 0.630708 0.637481 0.636375 0.653296 0.640396 0.665602 0.643164 0.674741 0.641036 0.672889 0.635385 0.656894 0.630180 0.640903 0.624984 0.626847
6 0.605495 0.565463 0.608893 0.574329 0.614693 0.590616 0.618120 0.601042 0.621680 0.610884 0.620560 0.611468 0.616208 0.598583 0.611221 0.584963
6 0.612169 0.621551 0.614167 0.626250 0.616229 0.632880 0.617729 0.637435 0.615156 0.638981 0.612969 0.631157 0.612708 0.630324 0.610521 0.622546
6 0.595469 0.567546 0.601253 0.585384 0.606628 0.602269 0.607370 0.605046 0.605964 0.606157 0.602578 0.594259
6 0.567448 0.488935 0.568542 0.489306 0.571406 0.488935 0.573255 0.488472 0.574557 0.492222 0.577240 0.502407 0.581484 0.516991 0.589818 0.546019 0.595469 0.567546 0.602578 0.594259 0.605964 0.606157 0.609453 0.603565 0.612630 0.615093 0.613984 0.619491 0.613698 0.620139 0.610521 0.622546 0.612708 0.630324 0.615156 0.638981 0.608839 0.632144 0.607487 0.626287 0.608622 0.625319 0.604854 0.613819 0.596094 0.583861 0.580378 0.529616 0.573151 0.503750
6 0.567448 0.488935 0.573151 0.503750 0.580378 0.529616 0.596094 0.583861 0.604854 0.613819 0.608622 0.625319 0.607487 0.626287 0.608839 0.632144 0.603331 0.627250 0.599581 0.623056 0.596888 0.612005 0.591659 0.591231 0.586385 0.568750 0.580698 0.545296 0.576971 0.529838 0.573516 0.515343 0.573305 0.514542 0.570312 0.501991
2 0.522458 0.399565 0.524156 0.398486 0.526693 0.398056 0.529677 0.399491 0.529471 0.401764 0.529263 0.402782 0.528099 0.403565 0.527859 0.400519 0.526815 0.400838 0.526451 0.403986 0.526271 0.405287 0.525279 0.406213 0.524318 0.406907 0.523143 0.402782
10 0.526641 0.411389 0.526581 0.413856 0.527128 0.415199 0.527987 0.414644 0.528508 0.417606 0.529055 0.419412 0.531815 0.419875 0.532258 0.418532 0.531120 0.414815 0.530130 0.414815 0.529862 0.413069 0.529419 0.411356 0.528977 0.409875
2 0.542323 0.414454 0.541135 0.416227 0.541224 0.419861 0.542760 0.428227 0.543948 0.436222 0.545302 0.445509 0.545521 0.450597 0.543792 0.456259 0.541953 0.459625 0.542359 0.461935 0.544297 0.462602 0.545547 0.460824 0.546047 0.457940 0.546797 0.454718 0.546422 0.451273 0.547195 0.449250 0.546383 0.441375 0.544602 0.427935 0.543984 0.423704
5 0.542526 0.475926 0.541036 0.477875 0.538797 0.480778 0.538284 0.481690 0.539823 0.483931 0.541365 0.487829 0.543510 0.492972 0.544117 0.492144
2 0.538906 0.488102 0.542049 0.495032 0.544372 0.500213 0.544859 0.500120 0.544117 0.492144 0.543510 0.492972 0.541365 0.487829 0.540862 0.486583
2 0.462734 0.488380 0.463271 0.482991 0.464242 0.477713 0.467536 0.479727 0.468885 0.480690 0.468398 0.484912 0.467969 0.487218 0.466562 0.487602 0.466456 0.489134 0.464349 0.489028
2 0.537083 0.483981 0.536109 0.481880 0.535409 0.479769 0.534922 0.475926 0.535411 0.472546 0.538000 0.474264 0.540078 0.475046 0.541320 0.477481 0.541036 0.477875 0.538797 0.480778 0.538284 0.481690
5 0.547135 0.506898 0.547138 0.509208 0.548919 0.514681 0.550495 0.520926 0.552375 0.526968 0.553672 0.530926 0.554372 0.521208 0.555021 0.514875 0.551456 0.511227 0.548974 0.508250
5 0.555781 0.515926 0.558044 0.518713 0.559125 0.524185 0.559828 0.528889 0.557776 0.531097 0.554323 0.533611
2 0.540841 0.492171 0.536898 0.493801 0.533120 0.495338 0.532201 0.495528 0.532362 0.493704 0.533125 0.491991 0.537276 0.488713 0.538906 0.488102
2 0.528177 0.467361 0.524609 0.469167 0.521039 0.472069 0.517312 0.475523 0.514937 0.470532 0.513208 0.467171 0.512292 0.466787 0.511643 0.468037 0.513370 0.472833 0.516664 0.478213 0.520445 0.486083 0.523956 0.492898 0.526438 0.499713 0.528922 0.499426 0.527680 0.496546 0.526979 0.495301 0.530542 0.493093 0.533945 0.490884 0.537276 0.488713 0.538906 0.488102 0.540862 0.486583 0.539823 0.483931 0.537779 0.484741 0.533674 0.487042 0.530974 0.489347 0.528167 0.491458 0.526060 0.492801 0.523036 0.486657 0.520336 0.481282 0.518393 0.477829 0.521641 0.475046 0.526068 0.471574 0.528977 0.469380 0.529354 0.467940
1 0.524583 0.718519 0.527682 0.727593 0.530469 0.736449 0.533836 0.746255 0.533982 0.747519 0.533469 0.748806 0.533229 0.747898 0.530573 0.739056 0.527500 0.729815 0.524156 0.718727
14 0.444474 0.460481 0.445039 0.460481 0.445563 0.459838 0.445966 0.458472 0.446198 0.449167 0.445909 0.444153 0.446659 0.443819 0.447005 0.444259 0.447159 0.443375 0.445659 0.441153 0.443911 0.439153 0.442661 0.435713 0.441224 0.434935 0.438724 0.434157 0.437102 0.433380 0.436164 0.432935
14 0.437703 0.415074 0.437005 0.416713 0.436406 0.418935 0.435646 0.424060 0.434948 0.426602 0.437911 0.428213 0.441086 0.429764 0.444536 0.431653 0.446943 0.433014 0.448198 0.433204 0.448302 0.434255 0.447953 0.435185 0.446383 0.435000 0.441992 0.432208 0.439133 0.431032 0.436763 0.429731 0.435367 0.429731 0.436203 0.432088 0.438680 0.432583 0.441607 0.433634 0.443594 0.436051 0.446523 0.440144 0.447964 0.441611 0.450133 0.435394 0.452482 0.429611 0.453539 0.426130 0.451872 0.420014 0.449732 0.419852 0.447531 0.419472 0.446750 0.421083 0.445573 0.421833 0.444971 0.423495 0.443674 0.424940 0.441716 0.426866 0.439516 0.427296 0.438010 0.426384 0.436805 0.424403 0.436615 0.421713 0.437617 0.420167 0.438156 0.418991 0.438128 0.416255
2 0.527057 0.501759 0.528992 0.505898 0.532628 0.513722 0.535974 0.519741 0.539081 0.525694 0.539938 0.525213 0.540148 0.523773 0.537104 0.517880 0.537734 0.517444 0.537526 0.516162 0.536203 0.513810 0.538750 0.512884 0.541344 0.511819 0.545026 0.509769 0.544896 0.506852 0.540831 0.508171 0.536823 0.509940 0.534685 0.510745 0.533060 0.507426 0.530625 0.501620
5 0.548516 0.505926 0.550380 0.506773 0.552669 0.508532 0.554961 0.510847 0.555352 0.512421 0.555273 0.513255 0.554727 0.513532 0.553086 0.511449 0.550482 0.508671 0.549167 0.507500 0.548529 0.507144 0.547930 0.506403
2 0.457026 0.502991 0.458523 0.496324 0.460336 0.496324 0.462023 0.502880 0.463023 0.507319 0.460648 0.516208
2 0.434206 0.340880 0.436156 0.340120 0.438406 0.341454 0.443776 0.343102 0.445078 0.343704 0.445406 0.352421 0.444240 0.353000 0.443589 0.351009 0.442607 0.351093 0.442841 0.352005 0.440367 0.350926 0.436773 0.348440 0.434534 0.347773 0.434628 0.345949 0.434185 0.345306 0.434492 0.342315
2 0.487135 0.395833 0.490693 0.398421 0.493633 0.399667 0.496154 0.401241 0.497318 0.401759 0.496807 0.405306 0.496615 0.410926 0.493586 0.408792 0.490833 0.407134 0.487565 0.405139 0.484859 0.402653 0.485000 0.401157 0.488591 0.401824 0.491766 0.402986 0.491346 0.401741 0.490273 0.400745 0.487471 0.400662 0.485000 0.400079 0.485138 0.397921
2 0.495469 0.359931 0.496388 0.359833 0.497521 0.359162 0.498547 0.355319 0.499195 0.352921 0.498927 0.349755 0.496766 0.349852 0.495956 0.352634 0.494336 0.354745 0.494930 0.358204
6 0.566766 0.517838 0.569089 0.516898 0.571518 0.516014 0.573516 0.515343 0.576971 0.529838 0.580698 0.545296 0.586385 0.568750 0.591659 0.591231 0.596888 0.612005 0.599581 0.623056 0.592573 0.616250 0.589102 0.612389 0.580396 0.576306 0.576648 0.559639 0.570503 0.534028 0.572091 0.533000 0.571729 0.531194 0.568547 0.525032
4 0.553151 0.685556 0.553125 0.702958 0.553557 0.718764 0.553609 0.724287 0.553779 0.748972 0.565320 0.742875 0.576294 0.736310 0.589732 0.727542 0.597685 0.723162 0.600930 0.720782 0.594099 0.713407 0.583573 0.706250 0.575396 0.700273 0.559500 0.689528
6 0.511820 0.677477 0.517094 0.683366 0.524049 0.691083 0.535776 0.704477 0.545320 0.714755 0.553609 0.724287 0.553779 0.748972 0.551940 0.749120 0.537388 0.732620 0.520823 0.713736 0.513380 0.705255 0.507872 0.698583 0.508669 0.692287
6 0.492448 0.655648 0.497172 0.660782 0.500945 0.665255 0.500365 0.668181 0.500076 0.674546 0.500172 0.677472 0.500859 0.677731 0.501557 0.677301 0.501508 0.670505 0.501557 0.667681 0.502630 0.666597 0.506125 0.671005 0.508229 0.673472 0.506781 0.676389 0.504964 0.679968 0.502070 0.684769 0.501299 0.686394 0.499974 0.688356 0.499341 0.689394 0.498130 0.688292 0.496961 0.681477 0.496328 0.681019 0.494451 0.668727 0.492451 0.658477
2 0.493479 0.355815 0.494448 0.357176 0.494529 0.359903 0.495214 0.362051 0.493641 0.368648 0.492633 0.375389 0.491870 0.381981 0.490458 0.386569 0.490339 0.388148 0.489531 0.389194 0.489531 0.391968 0.487674 0.393819 0.485760 0.395620 0.484328 0.397662 0.483667 0.398773 0.483492 0.401190 0.483909 0.402806 0.483214 0.403366 0.483005 0.407704 0.482237 0.409375 0.480458 0.409185 0.478750 0.407329 0.477247 0.406102 0.478974 0.405028 0.480188 0.404532 0.479721 0.403704 0.478086 0.403704 0.476969 0.403449 0.478648 0.395403 0.479677 0.387023 0.481729 0.378264 0.482711 0.373208 0.483432 0.369264 0.484130 0.369079 0.483992 0.371060 0.484409 0.371375 0.485909 0.367222 0.487755 0.363380 0.488935 0.360560 0.490938 0.359722 0.491789 0.355685
2 0.446042 0.376667 0.446005 0.381481 0.446284 0.382898 0.446979 0.383153 0.448794 0.380921 0.450328 0.380546 0.449943 0.373417 0.449693 0.372412 0.448724 0.372611
2 0.444661 0.337361 0.446299 0.337444 0.447023 0.335903 0.448831 0.335514 0.448828 0.338426 0.448982 0.344741 0.449010 0.350926 0.449203 0.354694 0.449482 0.357620 0.449482 0.359032 0.448253 0.359676 0.445505 0.361088 0.445406 0.352421 0.445078 0.343704
2 0.455365 0.356991 0.455091 0.347667 0.455060 0.344306 0.456591 0.344593 0.458125 0.342009 0.458073 0.339583 0.459062 0.339491 0.459174 0.340861 0.459495 0.347819 0.459576 0.353912 0.458771 0.354991 0.456794 0.356278
2 0.455937 0.377315 0.456174 0.387375 0.456268 0.388954 0.456927 0.390278 0.458099 0.389769 0.460562 0.384389 0.459583 0.372870 0.458047 0.374259 0.455802 0.376426
2 0.470763 0.363889 0.472536 0.363806 0.476365 0.363806 0.476505 0.366625 0.475758 0.370856 0.472771 0.370940 0.472445 0.370111 0.473938 0.367954 0.473703 0.366875 0.472583 0.367208 0.472164 0.368449
2 0.462604 0.368889 0.465294 0.365139 0.466023 0.366574 0.466385 0.366213 0.466615 0.363796 0.468594 0.363935 0.470177 0.368801 0.467716 0.369009 0.464693 0.368940
2 0.459763 0.363421 0.464104 0.363671 0.463078 0.365995 0.460859 0.368704 0.459714 0.368843
2 0.451849 0.368519 0.455656 0.368505 0.455552 0.362861
2 0.449948 0.363009 0.454055 0.363111 0.451648 0.366148 0.450289 0.368505 0.449417 0.368505 0.449242 0.364472
2 0.440440 0.368602 0.445807 0.368657 0.445807 0.366111 0.445781 0.363102 0.444362 0.363421 0.442513 0.364472 0.439690 0.364782 0.439794 0.366704
10 0.444570 0.356273 0.440875 0.355282 0.437005 0.354292 0.436831 0.352310 0.435333 0.352245 0.435229 0.356958 0.435297 0.360306 0.436380 0.360370 0.436378 0.356523 0.441432 0.358009 0.444745 0.358690 0.444885 0.357454
2 0.448982 0.344741 0.454531 0.347407 0.455091 0.347667 0.455010 0.349889 0.453154 0.350032 0.450896 0.350463 0.449010 0.350926
2 0.441823 0.326759 0.446039 0.325625 0.448255 0.325000 0.448167 0.326759 0.447911 0.328722 0.446805 0.329481 0.445146 0.329481 0.444253 0.329403 0.442208 0.327361
2 0.435937 0.328843 0.439268 0.327792 0.441227 0.327644 0.443227 0.329912 0.445013 0.330519 0.446927 0.330593 0.448247 0.329079 0.448927 0.326657 0.448927 0.324843 0.450716 0.324014 0.453482 0.323329 0.454758 0.323028 0.456458 0.324921 0.456536 0.331481 0.453802 0.331806 0.453208 0.333218 0.450995 0.333519 0.445716 0.335148 0.444036 0.335477 0.442495 0.334731 0.438669 0.333986 0.436195 0.332907
15 0.427812 0.328102 0.430411 0.327065 0.432380 0.326977 0.434448 0.328028 0.434547 0.333190 0.433365 0.333630 0.433070 0.334417 0.430805 0.335468 0.427760 0.336435 0.426128 0.334852
15 0.420750 0.330111 0.417104 0.331125 0.413458 0.332338 0.413003 0.337403 0.412320 0.340745 0.413125 0.342269 0.419680 0.339144 0.420320 0.337917 0.418990 0.334417 0.418794 0.333278 0.419531 0.333014 0.421057 0.336167 0.421318 0.333755 0.421432 0.331329
2 0.449167 0.364352 0.449417 0.368505 0.449443 0.369898 0.449000 0.371116 0.446943 0.372838 0.445990 0.374444 0.445885 0.372731 0.447227 0.369968 0.447065 0.368394 0.448112 0.366023
2 0.445781 0.363102 0.446799 0.362505 0.448042 0.364616 0.446638 0.368167 0.446477 0.371144 0.445990 0.370856 0.445807 0.368657 0.445807 0.366111
2 0.455552 0.362861 0.455656 0.368505 0.455680 0.374560 0.459862 0.370250 0.459714 0.368843 0.459763 0.363421 0.459695 0.357310
1 0.549063 0.454398 0.551755 0.458681 0.554094 0.462843 0.555534 0.469245 0.557070 0.475690 0.557854 0.480681 0.557914 0.482667 0.557010 0.481653 0.556224 0.474847 0.554628 0.468148 0.552995 0.463380 0.550279 0.458861 0.548583 0.455662 0.548531 0.454644
2 0.462135 0.496296 0.465773 0.496546 0.465023 0.500657 0.463648 0.504213
