0 0.415102 0.217921 0.420229 0.224292 0.422359 0.227213 0.423443 0.229384 0.426453 0.228625 0.425206 0.236954 0.423859 0.242319 0.423104 0.250338 0.423299 0.252005 0.429414 0.246227 0.432849 0.241565 0.434477 0.239343 0.436294 0.236125 0.437602 0.236352 0.439914 0.239120 0.440586 0.238588 0.443419 0.238019 0.446042 0.238569 0.447667 0.240116 0.453852 0.248894 0.457596 0.258356 0.457721 0.271912 0.457664 0.278690 0.457354 0.281806 0.454479 0.276801 0.451102 0.271912 0.447852 0.267130 0.444724 0.265032 0.440544 0.265255 0.436479 0.265907 0.431833 0.266667 0.432617 0.272431 0.439198 0.277764 0.440719 0.276866 0.442818 0.276611 0.444115 0.277898 0.452458 0.291097 0.454237 0.294745 0.454789 0.294005 0.456057 0.293745 0.456802 0.293676 0.458206 0.295588 0.460344 0.306616 0.462638 0.319000 0.460297 0.334176 0.458951 0.335657 0.457781 0.337894 0.455612 0.348593 0.454102 0.350384 0.453271 0.351125 0.451508 0.350074 0.448664 0.347546 0.446826 0.344139 0.444482 0.337736 0.443872 0.333472 0.443177 0.324542 0.443284 0.316199 0.442326 0.312620 0.441271 0.310468 0.434534 0.301505 0.432193 0.299750 0.431680 0.297083 0.431206 0.295931 0.428312 0.292611 0.426539 0.295106 0.425003 0.297255 0.423695 0.299167 0.421411 0.300815 0.423232 0.331028 0.427102 0.336759 0.431206 0.341556 0.431862 0.342556 0.432375 0.343880 0.432706 0.346634 0.432375 0.355991 0.430693 0.365630 0.429018 0.368120 0.428833 0.374333 0.427760 0.376829 0.405404 0.343620 0.405539 0.342454 0.409701 0.336069 0.410581 0.334157 0.409885 0.311347 0.410940 0.303037 0.407021 0.299852 0.404891 0.298458 0.401445 0.297412 0.399529 0.298324 0.399190 0.300694 0.399859 0.302931 0.401784 0.305602 0.391927 0.324167 0.377359 0.301745 0.377698 0.298616 0.380203 0.295500 0.382971 0.288051 0.384888 0.285093 0.386901 0.283889 0.388826 0.284042 0.392669 0.280032 0.396016 0.277347 0.394661 0.272731 0.392669 0.269625 0.390326 0.269764 0.384635 0.269176 0.379206 0.268435 0.377531 0.268574 0.372760 0.275269 0.369753 0.278981 0.367990 0.279880 0.366742 0.281375 0.364398 0.282407 0.363622 0.279958 0.363065 0.278088 0.364312 0.268574 0.364815 0.263069 0.367323 0.256977 0.368831 0.254449 0.369839 0.251630 0.370505 0.248361 0.371424 0.246278 0.374505 0.242403 0.376607 0.241185 0.378893 0.240685 0.381130 0.240431 0.384818 0.240931 0.387898 0.240597 0.389669 0.241537 0.402279 0.252384 0.402724 0.235870 0.401378 0.228296 0.401156 0.223120 0.406419 0.216546 0.412914 0.215755
10 0.498661 0.312153 0.501286 0.316815 0.498411 0.322593 0.495661 0.316370 0.495911 0.315037 0.496411 0.313819 0.496911 0.312819 0.497536 0.311931
8 0.453318 0.399208 0.461633 0.408204 0.467776 0.414370 0.469221 0.416042 0.469729 0.416815 0.469440 0.417843 0.465896 0.414500 0.457693 0.406583 0.452690 0.400917 0.452646 0.400338 0.452849 0.399556
8 0.473919 0.351435 0.476016 0.356097 0.477591 0.360977 0.478438 0.363125 0.478638 0.363843 0.478799 0.364847 0.478438 0.365134 0.477872 0.364704 0.476299 0.360259 0.475250 0.357176 0.474242 0.355093 0.473516 0.353375 0.473354 0.352801 0.473557 0.351866
8 0.561781 0.506412 0.562385 0.502329 0.564766 0.495727 0.568599 0.488778 0.569635 0.487079 0.570995 0.487759 0.568490 0.492532 0.565990 0.497051 0.564052 0.503361 0.563448 0.507162
8 0.556323 0.503454 0.563695 0.507454 0.579878 0.518560 0.590125 0.524894 0.595060 0.528116 0.597747 0.529560 0.596997 0.531222 0.593812 0.530005 0.589313 0.527560 0.579440 0.520671 0.569844 0.514417 0.559622 0.507787 0.556729 0.506542 0.555979 0.505634 0.555844 0.504801 0.555844 0.504134
8 0.591539 0.528769 0.590047 0.530426 0.587992 0.532088 0.585286 0.533250 0.582487 0.533500 0.581833 0.532917 0.582159 0.530676 0.583745 0.530759 0.586826 0.529931 0.588740 0.528602 0.589313 0.527560
8 0.586172 0.507037 0.587953 0.507708 0.588102 0.508852 0.588169 0.512509 0.585414 0.511838
8 0.596826 0.511449 0.598492 0.511889 0.597185 0.514745 0.595870 0.516407 0.593167 0.515690 0.593240 0.514681 0.594203 0.513676 0.595096 0.512454 0.595656 0.511810
8 0.592578 0.488380 0.601198 0.496296 0.603052 0.500903 0.605258 0.508273 0.603714 0.507727 0.591716 0.496199 0.591276 0.494394 0.592448 0.498611 0.591232 0.490472
8 0.607003 0.486370 0.606536 0.499727 0.606055 0.501815 0.604758 0.498569 0.605276 0.486287 0.605690 0.485458 0.606536 0.485375
8 0.596997 0.469843 0.601247 0.474176 0.603245 0.476176 0.603495 0.477176 0.602497 0.478176 0.601747 0.479176 0.600622 0.479954 0.599435 0.479398 0.597560 0.478287 0.595060 0.475398 0.594812 0.474176 0.594935 0.472509 0.595310 0.471287 0.595935 0.470065
8 0.596870 0.478630 0.598161 0.482574 0.595742 0.483505 0.594773 0.479560 0.594812 0.479130 0.595216 0.478699 0.595742 0.478560
8 0.578099 0.520583 0.580107 0.529208 0.578852 0.537384 0.574419 0.521625 0.575005 0.520731 0.575924 0.520134
8 0.581432 0.534352 0.584516 0.547176 0.583328 0.547287 0.581953 0.546509 0.581516 0.545620 0.580328 0.540620 0.581036 0.536134
8 0.583464 0.523426 0.581036 0.536134 0.578065 0.553319 0.575852 0.553606 0.581521 0.522213
8 0.588008 0.496394 0.583820 0.520940 0.581323 0.519495 0.584383 0.504944 0.585820 0.495394 0.586133 0.495171 0.586883 0.495060 0.587445 0.495171
8 0.474685 0.347491 0.480010 0.361907 0.485698 0.375602 0.484771 0.376176 0.482430 0.370657 0.476703 0.356958 0.474646 0.351148 0.474404 0.349356 0.473919 0.348208 0.474081 0.347278
8 0.574063 0.455880 0.578221 0.465431 0.577138 0.466204 0.575909 0.468130 0.575115 0.471088 0.573169 0.468981
5 0.544635 0.409519 0.545174 0.414222 0.545607 0.418542 0.546091 0.420750 0.546578 0.422671 0.546924 0.424343 0.546417 0.424593 0.545661 0.424880 0.545013 0.425838 0.544958 0.427088 0.544203 0.427565 0.542906 0.427472 0.541935 0.427824 0.542487 0.433537 0.541826 0.433694 0.541164 0.434398 0.540591 0.436519 0.540107 0.439102 0.538992 0.437935 0.538424 0.436792 0.538062 0.436005 0.537620 0.426685 0.537133 0.426394 0.538891 0.422458 0.543078 0.413796 0.543203 0.412463 0.543516 0.410685 0.543766 0.409463
14 0.544974 0.378389 0.546271 0.375949 0.549435 0.371815 0.551302 0.370185 0.552904 0.370051 0.554201 0.370051 0.555268 0.370731 0.556068 0.371681 0.556792 0.372560 0.557745 0.373306 0.558966 0.374324 0.570206 0.385639 0.573141 0.388310 0.577583 0.393171 0.586672 0.403255 0.588036 0.404958 0.588924 0.406292 0.590018 0.408477 0.590430 0.410301 0.590565 0.412968 0.590812 0.415144 0.593260 0.418102 0.595078 0.419926 0.596263 0.421611 0.596424 0.422880 0.595159 0.423157 0.593656 0.422176 0.591284 0.418801 0.590888 0.427236 0.591206 0.430185 0.593500 0.433278 0.594289 0.434685 0.594607 0.435949 0.594607 0.436796 0.594607 0.437778 0.591682 0.441708 0.590812 0.443116 0.589453 0.443472 0.588359 0.442412 0.586065 0.439884 0.583141 0.437074 0.581404 0.435241 0.579664 0.435106 0.576581 0.437491 0.548987 0.397995 0.554047 0.387458 0.552544 0.386199 0.547135 0.395509 0.544326 0.391671 0.542190 0.388440 0.541951 0.386829
8 0.578552 0.440815 0.581143 0.445125 0.580086 0.454343 0.574232 0.445981 0.576620 0.442514
8 0.556466 0.424898 0.560008 0.434870 0.561396 0.434806 0.563198 0.434662 0.557529 0.425106
8 0.597630 0.518769 0.597901 0.528750 0.597747 0.529560 0.596820 0.529037 0.596065 0.524431 0.596029 0.521042
8 0.595536 0.499903 0.595818 0.509370 0.596979 0.508519 0.597734 0.507898 0.597453 0.501824
8 0.422370 0.215315 0.427646 0.225269 0.429932 0.230412 0.429505 0.232593 0.429109 0.232181 0.426081 0.225611 0.421615 0.216995 0.421302 0.216000 0.421302 0.215569 0.421479 0.214889 0.421966 0.214764
8 0.419526 0.214454 0.421479 0.218667 0.425557 0.228829 0.423990 0.229264 0.421479 0.222755 0.418646 0.214954 0.418898 0.214264 0.419073 0.214204
8 0.498669 0.351750 0.500396 0.355898 0.502453 0.361167 0.505409 0.369306 0.507938 0.377023 0.511396 0.387088 0.515279 0.400056 0.516396 0.404769 0.515070 0.405032 0.514466 0.403269 0.512781 0.397051 0.507536 0.380019 0.501539 0.363199 0.497716 0.353292 0.497745 0.352755
14 0.362070 0.175634 0.362648 0.173843 0.363648 0.172843 0.364148 0.171287 0.365336 0.167731 0.365711 0.166731 0.366898 0.167065 0.369104 0.170565 0.369961 0.172264 0.369656 0.173444 0.368940 0.173986 0.368737 0.175440 0.369307 0.177556
1 0.333070 0.143648 0.335964 0.152079 0.337724 0.157444 0.337443 0.158940 0.332760 0.144306
1 0.317331 0.097875 0.321326 0.108704 0.329229 0.132227 0.332396 0.142130 0.332167 0.143042 0.325268 0.121958 0.316969 0.098069
8 0.483568 0.253056 0.474974 0.268333 0.472966 0.270875 0.468099 0.277810 0.466849 0.275366 0.471130 0.269838 0.475234 0.263597 0.481906 0.252153 0.482406 0.251597 0.482656 0.251597
14 0.389891 0.171403 0.388867 0.181130 0.387654 0.189259 0.388026 0.191417 0.388398 0.193991 0.389193 0.195731 0.391479 0.194403 0.393159 0.191083 0.393859 0.187519 0.394094 0.182787 0.393534 0.177560 0.393346 0.175486 0.391154 0.168352 0.390313 0.166958
14 0.444620 0.213199 0.442516 0.219431 0.439706 0.218278 0.433659 0.214829 0.432417 0.217134 0.431823 0.217903 0.430690 0.218671 0.416703 0.211949 0.416758 0.206861 0.431823 0.209935
8 0.417622 0.213981 0.418378 0.215370 0.419289 0.216852 0.421479 0.222755 0.423990 0.229264 0.423443 0.229384 0.422359 0.227213 0.420539 0.224722 0.418586 0.219398 0.416685 0.215741 0.416529 0.215139 0.416581 0.214583 0.416763 0.214167 0.417180 0.213889
14 0.386224 0.135741 0.388987 0.134551 0.390372 0.134069 0.391609 0.133639 0.394802 0.134389 0.397576 0.133694 0.397966 0.133694 0.398177 0.135620 0.398268 0.137551 0.397906 0.138782 0.396279 0.139745 0.395466 0.140713 0.395104 0.142264 0.394711 0.144139 0.389380 0.147301 0.386878 0.149764 0.386576 0.150407 0.386818 0.153083 0.387693 0.156083 0.390073 0.164065 0.390313 0.166958 0.389891 0.171403 0.371872 0.177940 0.372143 0.175958 0.373018 0.171296 0.373198 0.161977 0.372687 0.157051 0.372143 0.155282 0.371633 0.149389 0.370818 0.143764 0.370490 0.142023
14 0.374669 0.090491 0.377854 0.089722 0.378880 0.089338 0.380716 0.090014 0.380393 0.101722 0.382607 0.100861 0.383201 0.102204 0.383201 0.103931 0.383417 0.104986 0.384010 0.106139 0.385036 0.107773 0.386495 0.111514 0.386831 0.113630 0.387047 0.115421 0.386224 0.135741 0.370490 0.142023 0.368034 0.133806 0.367385 0.125838 0.366732 0.114653 0.367531 0.109519 0.369117 0.106042 0.371073 0.103866 0.372154 0.103222 0.372661 0.094352 0.373240 0.092806
14 0.515833 0.360787 0.520732 0.379542 0.521323 0.381606 0.524758 0.382829 0.526008 0.383495 0.527195 0.385162 0.527826 0.386273 0.528576 0.388273 0.528758 0.390046 0.528201 0.392380 0.527266 0.394046 0.526820 0.395824 0.526641 0.398713 0.526516 0.399824 0.527344 0.402116 0.528703 0.402954 0.535909 0.402116 0.539156 0.400014 0.539747 0.397704 0.537857 0.395185 0.536617 0.390778 0.522326 0.369255
8 0.415409 0.214769 0.415773 0.214583 0.415878 0.214583 0.416529 0.215139 0.416685 0.215741 0.418221 0.218750 0.418742 0.221204 0.418776 0.222454 0.417049 0.220417 0.416919 0.219352 0.416503 0.217870 0.416190 0.216898 0.415721 0.216343 0.415383 0.215741 0.415331 0.215417
8 0.426727 0.230880 0.429076 0.236398 0.431276 0.242074 0.431638 0.242773 0.431547 0.243306 0.430635 0.244560 0.428341 0.239185 0.425844 0.232847 0.426078 0.231551 0.426260 0.231088 0.426495 0.230991
8 0.425714 0.234144 0.427380 0.238588 0.429307 0.243866 0.429437 0.244421 0.429490 0.244792 0.429516 0.245162 0.429516 0.245671 0.429414 0.246227 0.428813 0.246736 0.428500 0.246088 0.426911 0.241273 0.425206 0.236954
8 0.430602 0.231838 0.433667 0.237574 0.434477 0.239343 0.434070 0.239940 0.433586 0.240083 0.433021 0.239083 0.430682 0.234134 0.430240 0.233417
8 0.434445 0.215306 0.434266 0.218255 0.433995 0.219861 0.433542 0.221898 0.433271 0.223343 0.432818 0.225648 0.431914 0.228644 0.431193 0.230949 0.430602 0.231838 0.430240 0.233417 0.429836 0.235449 0.429474 0.236306 0.429076 0.236398 0.428630 0.235343 0.429505 0.232593 0.429932 0.230412 0.431133 0.227736 0.432607 0.220662 0.433659 0.214829
2 0.557161 0.493935 0.563393 0.490991 0.568854 0.487093 0.570068 0.486926 0.571771 0.486667 0.578464 0.491574 0.581594 0.494810 0.582482 0.495306 0.581875 0.493148 0.580987 0.491657 0.580055 0.490079 0.578654 0.488255 0.577674 0.486759 0.573146 0.484273 0.572680 0.483523 0.571719 0.481898 0.569505 0.482315 0.559401 0.487870 0.557698 0.488917 0.557987 0.490866 0.556211 0.492685
1 0.552669 0.626060 0.553281 0.627361 0.558307 0.626852 0.562839 0.627546 0.566432 0.629074 0.571664 0.632213 0.577310 0.638907 0.579031 0.641088 0.585081 0.651361 0.588753 0.659426 0.590859 0.664514 0.595380 0.678509 0.595911 0.679449 0.599164 0.693032 0.602568 0.713606 0.604844 0.731370 0.605753 0.747042 0.606122 0.767250 0.605411 0.777875 0.603490 0.785986 0.599422 0.796514 0.592977 0.807972 0.584307 0.821301 0.576107 0.830671 0.569419 0.836699 0.566841 0.837745 0.563799 0.837116 0.562159 0.836495 0.559935 0.834625 0.559109 0.832745 0.558526 0.827120 0.558760 0.814630 0.558057 0.804005 0.557354 0.793380 0.556294 0.793167 0.557234 0.804421 0.557234 0.807542 0.557589 0.810042 0.557589 0.812963 0.557589 0.815463 0.557469 0.817949 0.557469 0.820870 0.557354 0.824005 0.557354 0.827120 0.556531 0.826088 0.555714 0.819833 0.555010 0.812745 0.554193 0.812963 0.554661 0.821500 0.555714 0.827542 0.557120 0.832958 0.559109 0.837949 0.560984 0.839412 0.565320 0.839829 0.568367 0.839829 0.571297 0.837745 0.577977 0.831708 0.584654 0.823787 0.590745 0.814412 0.598831 0.800671 0.602115 0.793167 0.604573 0.786926 0.606797 0.778588 0.607500 0.766713 0.607266 0.750884 0.607031 0.741931 0.605625 0.728185 0.603477 0.707810 0.599951 0.689481 0.596833 0.677676 0.591294 0.661671 0.588102 0.654444 0.581422 0.642745 0.579099 0.639306 0.576211 0.635792 0.574174 0.633037 0.571419 0.630417 0.566607 0.627380 0.565346 0.626662 0.561135 0.625481 0.557992 0.625417 0.554969 0.625481
3 0.389891 0.171403 0.382661 0.174713 0.377404 0.177069 0.374370 0.177829 0.374417 0.178671 0.376643 0.179176 0.382047 0.176731 0.387685 0.173699 0.389724 0.172690
1 0.361607 0.085338 0.361768 0.091958 0.361930 0.100889 0.361432 0.110556 0.360742 0.116056 0.359987 0.118458 0.359505 0.117731 0.359896 0.114676 0.360797 0.109241 0.361229 0.097338 0.361120 0.090231 0.360904 0.086681 0.360687 0.085241 0.360958 0.085046
10 0.543359 0.457167 0.546401 0.453907 0.547203 0.454019 0.548503 0.456847 0.548792 0.461218 0.542565 0.458500
2 0.552755 0.439606 0.554375 0.437398 0.558156 0.434903 0.561396 0.434806 0.564203 0.434708 0.566310 0.435671 0.567281 0.436435 0.568255 0.437111 0.568685 0.438644 0.569172 0.447861 0.571872 0.448435 0.572953 0.448917 0.573654 0.449588 0.574141 0.450838 0.574357 0.452759 0.573169 0.468981 0.564010 0.460435 0.552857 0.449056 0.552076 0.447440 0.552201 0.442435
2 0.549820 0.546231 0.543367 0.547019 0.541674 0.546519 0.541310 0.545944 0.542156 0.544366 0.542198 0.543218 0.541594 0.543005 0.541190 0.544222 0.540948 0.545301 0.540422 0.545583 0.539859 0.546157 0.539698 0.547236 0.539656 0.548310 0.538607 0.549528 0.538083 0.549315 0.537721 0.550319 0.537195 0.551181 0.536469 0.551537 0.536055 0.553639 0.535307 0.554884 0.534513 0.555713 0.533815 0.556213 0.533534 0.556620 0.532417 0.556792 0.531479 0.556458 0.530781 0.555296 0.531250 0.552894 0.531622 0.551403 0.531250 0.549241 0.531573 0.546921 0.531479 0.542023 0.531193 0.540444 0.531339 0.538130 0.532424 0.536333 0.533292 0.535301 0.532352 0.534019 0.531557 0.532606 0.531557 0.530292 0.532060 0.528241 0.532352 0.524509 0.550286 0.545231
10 0.546984 0.546769 0.547523 0.551954 0.547253 0.555889 0.545844 0.559921 0.544818 0.561065 0.535589 0.560796 0.534331 0.559463 0.533586 0.557972 0.533534 0.556620 0.533815 0.556213 0.534513 0.555713 0.535307 0.554884 0.536055 0.553639 0.536469 0.551537 0.537195 0.551181 0.537721 0.550319 0.538083 0.549315 0.538607 0.549528 0.539656 0.548310 0.539698 0.547236 0.539859 0.546157 0.540422 0.545583 0.540948 0.545301 0.541310 0.545944 0.541674 0.546519 0.543367 0.547019
2 0.532786 0.519676 0.546750 0.535495 0.551026 0.541065 0.550286 0.545231 0.531224 0.523333
2 0.535807 0.511574 0.539089 0.513606 0.543690 0.518810 0.549378 0.524019 0.553997 0.528903 0.558490 0.534491 0.557839 0.542324 0.557573 0.545282 0.554479 0.544981 0.552974 0.543347 0.553211 0.541620 0.551964 0.540620 0.551464 0.540620 0.551026 0.541065 0.546750 0.535495 0.532786 0.519676
10 0.545281 0.573287 0.542474 0.573380 0.539128 0.573287 0.536049 0.572324 0.533510 0.570694 0.530810 0.562819 0.535076 0.566181 0.540044 0.568389 0.546307 0.567815
10 0.543208 0.573375 0.540453 0.583000 0.538026 0.582667 0.537094 0.580926 0.536628 0.579597 0.537141 0.576778 0.538401 0.574204 0.539128 0.573287 0.542474 0.573380
2 0.554641 0.550227 0.552589 0.560931 0.551216 0.564722 0.551729 0.565963 0.553615 0.568727 0.554596 0.569227 0.555435 0.568477 0.557536 0.566486 0.557466 0.556514 0.557549 0.553051
2 0.559156 0.554255 0.563633 0.559704 0.559193 0.564894 0.559052 0.559833
10 0.548695 0.566713 0.551216 0.564722 0.551729 0.565963 0.552289 0.567375 0.552755 0.568537 0.552664 0.569282 0.550003 0.570944 0.548417 0.572435 0.547951 0.572106 0.547901 0.571389
2 0.395750 0.224769 0.396273 0.227708 0.396354 0.229787 0.395589 0.232083 0.391589 0.230162 0.388234 0.227412 0.386922 0.226634 0.385359 0.226190 0.383799 0.226412 0.382174 0.226634 0.380383 0.223866 0.379966 0.222977 0.388490 0.215356 0.392346 0.219866
2 0.369508 0.207227 0.370367 0.208593 0.371307 0.209278 0.371831 0.210514 0.374935 0.217148 0.377583 0.222477 0.378589 0.222704 0.385927 0.216361 0.388336 0.214282 0.385120 0.209565 0.383672 0.207685
2 0.368411 0.190218 0.367891 0.192417 0.367786 0.193968 0.367404 0.195083 0.366969 0.195921 0.368792 0.197681 0.369885 0.198838 0.369990 0.199301 0.373612 0.199741 0.378039 0.200509 0.374242 0.196264
10 0.565826 0.489356 0.566151 0.491181 0.565917 0.493009 0.564766 0.495727 0.562594 0.501449 0.561677 0.501065 0.559786 0.498185 0.557161 0.493935 0.563393 0.490991
10 0.547135 0.395509 0.552544 0.386199 0.554047 0.387458 0.548987 0.397995
10 0.531021 0.431903 0.537768 0.414463 0.542453 0.403579 0.544141 0.401134 0.547513 0.404690 0.545328 0.409241 0.543766 0.409463 0.543516 0.410685 0.543203 0.412463 0.543078 0.413796 0.538891 0.422458 0.533081 0.434454
2 0.381125 0.183491 0.385078 0.188583 0.387617 0.191736 0.388063 0.192384 0.388398 0.193991 0.389193 0.195731 0.394846 0.202093 0.381714 0.200958 0.379805 0.198954 0.373216 0.191657 0.371464 0.189236 0.373516 0.186417 0.375107 0.186662 0.376599 0.185005 0.377628 0.184009 0.379120 0.182931
10 0.546951 0.421375 0.549328 0.421278 0.551432 0.421375 0.553971 0.423486 0.555268 0.426750 0.555914 0.430495 0.555698 0.433088 0.552945 0.438167 0.550935 0.438319 0.549263 0.438912 0.547674 0.437866 0.546336 0.434745 0.545250 0.430139 0.546255 0.426273 0.546924 0.424343
2 0.597638 0.422917 0.598557 0.421579 0.599982 0.420685 0.600734 0.422324 0.601151 0.422620 0.602909 0.422171 0.603661 0.422472 0.603661 0.424106 0.603076 0.425444 0.601737 0.427824 0.600565 0.429458 0.599396 0.431245 0.602573 0.444477 0.597159 0.453662 0.596383 0.454736 0.594607 0.437778 0.594607 0.436796 0.594607 0.435949 0.594289 0.434685 0.593500 0.433278 0.592880 0.432301 0.592552 0.429699 0.591523 0.429889 0.590888 0.427236 0.591417 0.425579 0.593581 0.425472 0.593633 0.423171 0.595159 0.423157 0.596424 0.422880
10 0.574232 0.445981 0.573120 0.444912 0.572839 0.443620 0.572839 0.442329 0.574096 0.441162 0.576258 0.438569 0.576581 0.437491 0.579664 0.435106 0.581404 0.435241 0.583141 0.437074 0.583096 0.439222 0.582115 0.441611 0.580461 0.440681 0.579292 0.440324 0.578552 0.440815 0.576620 0.442514
10 0.588727 0.447583 0.596724 0.456028 0.597536 0.457806 0.598078 0.463657 0.595568 0.460537 0.588706 0.452060
2 0.588359 0.442412 0.589367 0.476644 0.587240 0.476444 0.580185 0.472463 0.580297 0.470671 0.582201 0.468681 0.583208 0.466292 0.579961 0.464898 0.580086 0.454343 0.581143 0.445125 0.583096 0.439222 0.583141 0.437074 0.586065 0.439884
10 0.579961 0.464898 0.578221 0.465431 0.577138 0.466204 0.575909 0.468130 0.575115 0.471088 0.582628 0.478319 0.591500 0.486537 0.593188 0.485481 0.593909 0.483940 0.592391 0.480338 0.590294 0.478028 0.587240 0.476444 0.580185 0.472463 0.580297 0.470671 0.582201 0.468681 0.583208 0.466292
10 0.603495 0.477176 0.604753 0.475583 0.605693 0.475329 0.606706 0.477000 0.606198 0.478926 0.605042 0.480727 0.603669 0.483167 0.602294 0.484708 0.599667 0.486384 0.597451 0.487153 0.594344 0.487792 0.592578 0.488380 0.591232 0.490472 0.590487 0.493963 0.589815 0.495556 0.588008 0.496394 0.587445 0.495171 0.586883 0.495060 0.586133 0.495171 0.585820 0.495394 0.586029 0.493190 0.587044 0.491333 0.589938 0.488648 0.591500 0.486537 0.593188 0.485481 0.593909 0.483940 0.595742 0.483505 0.598161 0.482574 0.600622 0.479954 0.601747 0.479176 0.602497 0.478176
10 0.592448 0.498611 0.593286 0.509491 0.593174 0.523227 0.593398 0.526611 0.591159 0.526014 0.590823 0.509889 0.590039 0.502722 0.589815 0.495556 0.590487 0.493963 0.591276 0.494394 0.591716 0.496199
2 0.588477 0.497523 0.589352 0.503301 0.590823 0.509889 0.590938 0.514319 0.589607 0.515324 0.588414 0.514963 0.588102 0.508852 0.587602 0.506301 0.586914 0.503523 0.587852 0.497412
2 0.554669 0.490745 0.556211 0.492685 0.557161 0.493935 0.559786 0.498185 0.561677 0.501065 0.562594 0.501449 0.562385 0.502329 0.561781 0.506412 0.556323 0.503454 0.555305 0.502407 0.554237 0.500657 0.553440 0.498986 0.552430 0.496032 0.551380 0.496843 0.551380 0.498167 0.551039 0.498472 0.548393 0.493769 0.547799 0.492231 0.546503 0.492519 0.543263 0.492426 0.544201 0.490023 0.546456 0.490509 0.549531 0.486986 0.553284 0.489620 0.553674 0.489940
2 0.516826 0.503926 0.518391 0.504694 0.519633 0.505079 0.521039 0.505528 0.519430 0.506764 0.516755 0.511907 0.515799 0.511125 0.514125 0.510069 0.512883 0.509495 0.512180 0.508819 0.510398 0.503444 0.512234 0.503639 0.513747 0.504116 0.515258 0.504597 0.516229 0.504500
2 0.521674 0.507426 0.523401 0.508588 0.524615 0.509750 0.525734 0.511162 0.526294 0.511907 0.527133 0.513319 0.528628 0.514565 0.529281 0.515394 0.530120 0.516722 0.528880 0.519954 0.527786 0.519458 0.525594 0.517551 0.523307 0.516306 0.520414 0.514565 0.517768 0.512685 0.520948 0.508056
10 0.527857 0.513884 0.528948 0.511801 0.532052 0.508144 0.534029 0.506426 0.534836 0.505852 0.535482 0.503843 0.534234 0.505116 0.529049 0.510014 0.527172 0.512806 0.527133 0.513319
10 0.542115 0.487519 0.537997 0.491403 0.535492 0.495403 0.530346 0.500602 0.528401 0.501565 0.525971 0.502333 0.523271 0.505690 0.520948 0.508056 0.517768 0.512685 0.516755 0.511907 0.519430 0.506764 0.521039 0.505528 0.523354 0.502315 0.526607 0.498847 0.527896 0.498125 0.529669 0.497403 0.531044 0.496759 0.532174 0.496324 0.532992 0.495083 0.533451 0.493361 0.541971 0.485926
10 0.526167 0.517838 0.524385 0.524171 0.523576 0.528972 0.522818 0.533005 0.522766 0.535306 0.522927 0.537421 0.522656 0.538764 0.521953 0.538764 0.520227 0.534060 0.521469 0.526954 0.522865 0.523704 0.523898 0.521194 0.524924 0.517259 0.525594 0.517551
10 0.528281 0.554292 0.530810 0.562819 0.535076 0.566181 0.540044 0.568389 0.546307 0.567815 0.546839 0.564949 0.543672 0.564699 0.538068 0.564106 0.536591 0.563046 0.534047 0.561065 0.530792 0.557264
2 0.582292 0.497731 0.583065 0.498458 0.583427 0.502444 0.583354 0.506556 0.583284 0.509644 0.581323 0.519495 0.579878 0.518560 0.564922 0.508356 0.566799 0.499616 0.567307 0.496917 0.568490 0.492532 0.571065 0.488565 0.572510 0.488565 0.577500 0.492546 0.580029 0.495245 0.581693 0.497176
2 0.578393 0.535838 0.573625 0.555019 0.571443 0.556417 0.570688 0.555227 0.571107 0.553296 0.570354 0.552847 0.568013 0.554782 0.566094 0.556898 0.559354 0.549801 0.559380 0.544981 0.567911 0.544449 0.559940 0.535856 0.560779 0.529713 0.563479 0.516046 0.564565 0.511139 0.569844 0.514417 0.578034 0.519616 0.578099 0.520583 0.575924 0.520134 0.575005 0.520731 0.574419 0.521625
2 0.398201 0.207662 0.401607 0.213056 0.402820 0.214634 0.403661 0.215875 0.403846 0.216792 0.403474 0.218199 0.403148 0.219528 0.402448 0.221435 0.401156 0.223120 0.399427 0.226208 0.398914 0.226051 0.397266 0.223935 0.391380 0.214398 0.390807 0.213565
10 0.402841 0.309514 0.404839 0.310380 0.406190 0.310569 0.407810 0.311722 0.409214 0.313356 0.410023 0.316042 0.410581 0.334157 0.409701 0.336069 0.405539 0.342454 0.405164 0.343116 0.393984 0.326796
10 0.365328 0.194995 0.364349 0.197407 0.363099 0.200741 0.362385 0.203065 0.361979 0.201759 0.363255 0.197778 0.364635 0.194352
10 0.367612 0.189361 0.365625 0.194491 0.364844 0.193750 0.366378 0.189574 0.366768 0.188556
8 0.602630 0.506620 0.601570 0.511005 0.600169 0.513907 0.598536 0.517144 0.597630 0.518769 0.596029 0.521042 0.594943 0.523282 0.594336 0.524116 0.593357 0.524778 0.593174 0.523227 0.593216 0.520380 0.595870 0.516407 0.597185 0.514745 0.598492 0.511889 0.599401 0.509491 0.599977 0.508653 0.599977 0.508088 0.600497 0.506523 0.601057 0.505444
8 0.601104 0.512333 0.603391 0.517394 0.606003 0.522204 0.607078 0.524361 0.607823 0.525606 0.608292 0.526685 0.608523 0.527269 0.608865 0.528282 0.607448 0.530755 0.606240 0.530023 0.605630 0.529509 0.604836 0.528264 0.602177 0.523120 0.599750 0.518639 0.598536 0.517144 0.600169 0.513907
8 0.443203 0.271236 0.448044 0.275106 0.454940 0.281491 0.460224 0.287157 0.465953 0.294329 0.474497 0.306273 0.481958 0.318106 0.485948 0.325097 0.493510 0.340306 0.497318 0.348843 0.496346 0.350282 0.491812 0.340681 0.488065 0.333009 0.481714 0.321102 0.475646 0.310546 0.468586 0.300736 0.460930 0.290880 0.454107 0.283231 0.446372 0.275921 0.442622 0.272407
8 0.438984 0.268088 0.442448 0.270681 0.441927 0.272069 0.438385 0.269199 0.438359 0.268829 0.438490 0.268412 0.438698 0.268088
8 0.601570 0.513412 0.604883 0.514657 0.607357 0.516148 0.608570 0.516648 0.609458 0.517310 0.610490 0.518296 0.611187 0.520505 0.611458 0.521366 0.611352 0.522523 0.609625 0.521750 0.607143 0.520597 0.604875 0.519926 0.603391 0.517394
14 0.640328 0.507130 0.643729 0.503472 0.647156 0.509810 0.641047 0.507579
8 0.641875 0.495602 0.642943 0.497329 0.643784 0.499653 0.643971 0.500815 0.644018 0.501810 0.643729 0.503472 0.640328 0.507130 0.636599 0.505417 0.634964 0.504880 0.637305 0.501838
8 0.468531 0.290343 0.474687 0.290824 0.482583 0.292764 0.488935 0.294676 0.493755 0.295088 0.494198 0.295222 0.494484 0.295403 0.494695 0.296106 0.494641 0.296745 0.494510 0.297306 0.493836 0.298236 0.485867 0.296190 0.477378 0.294250 0.472690 0.293236 0.471880 0.293417 0.470865 0.293185 0.470005 0.292810 0.469201 0.292583 0.468732 0.292120 0.468602 0.291611 0.468602 0.290921
8 0.430984 0.364333 0.434633 0.365412 0.442336 0.370144 0.458482 0.379852 0.472490 0.388394 0.476281 0.390903 0.477086 0.391690 0.477974 0.392190 0.478781 0.392838 0.479063 0.393769 0.477732 0.394556 0.468940 0.389181 0.455388 0.381005 0.440299 0.371755 0.432677 0.367380 0.431589 0.366944 0.431146 0.366523 0.430693 0.365630
8 0.429479 0.367870 0.431987 0.371532 0.434156 0.375014 0.437682 0.379245 0.440214 0.381819 0.441146 0.382944 0.441328 0.383426 0.441297 0.384338 0.440695 0.384657 0.439852 0.384176 0.435242 0.379569 0.429276 0.373194 0.428854 0.372500 0.429018 0.368120
8 0.500182 0.341213 0.503745 0.345245 0.505852 0.346014 0.517247 0.362745 0.522326 0.369255 0.536617 0.390778 0.537484 0.393546 0.544141 0.401134 0.547513 0.404690 0.571937 0.442407 0.574096 0.441162 0.576258 0.438569 0.576581 0.437491 0.548987 0.397995 0.547135 0.395509 0.544326 0.391671 0.542190 0.388440 0.541289 0.386829 0.533789 0.376394 0.512789 0.344792 0.512049 0.343431 0.507839 0.338343 0.506112 0.336616 0.501544 0.332968 0.499844 0.331019 0.498443 0.329606 0.497849 0.329704 0.497310 0.331144 0.496552 0.334505 0.496174 0.336042 0.497039 0.337579
14 0.613109 0.429833 0.614586 0.430250 0.614763 0.430880 0.615112 0.433505 0.615526 0.435185 0.618130 0.435708 0.624766 0.451065 0.630130 0.464954 0.639609 0.488519 0.641562 0.494630 0.641875 0.495602 0.637305 0.501838 0.631031 0.507343 0.627271 0.509565 0.624091 0.508676 0.622081 0.507931 0.619906 0.502727 0.617151 0.496032 0.615727 0.494398 0.604305 0.472245 0.600406 0.463639 0.600354 0.461329 0.599995 0.458597 0.598701 0.456394 0.597633 0.455236 0.597159 0.453662 0.609271 0.434449
8 0.599667 0.486384 0.604310 0.497620 0.609279 0.510194 0.610089 0.512551 0.611167 0.514907 0.611867 0.516644 0.612878 0.519185 0.613958 0.522157 0.614633 0.523421 0.612945 0.525088 0.611352 0.522523 0.611458 0.521366 0.611187 0.520505 0.610490 0.518296 0.608625 0.514537 0.607766 0.512884 0.606417 0.510579 0.605258 0.508273 0.603052 0.500903 0.600260 0.493778 0.597451 0.487153
14 0.647156 0.509810 0.648854 0.510741 0.650026 0.514444 0.656510 0.533426 0.661719 0.546204 0.662474 0.548519 0.663255 0.550231 0.660599 0.553194 0.634591 0.548093 0.631664 0.546009 0.628570 0.544968 0.626729 0.543185 0.625727 0.540509 0.624471 0.537236 0.621711 0.535005 0.619885 0.532889 0.619703 0.532611 0.619159 0.531500 0.618792 0.529606 0.618281 0.526713 0.618359 0.523426 0.618516 0.519213 0.618542 0.518519 0.619479 0.514954 0.619687 0.513935 0.620201 0.512611 0.621068 0.509634 0.622398 0.508273 0.624052 0.508639 0.627271 0.509565 0.631031 0.507343 0.633922 0.504819 0.636599 0.505417 0.641047 0.507579
8 0.354323 0.157269 0.346151 0.172213 0.339727 0.184116 0.338536 0.185843 0.337404 0.184597 0.340589 0.179023 0.347177 0.167509 0.353568 0.156713
8 0.443466 0.330384 0.443000 0.331796 0.442859 0.333125 0.442859 0.334949 0.443094 0.336856 0.444401 0.342667 0.447013 0.350463 0.451448 0.363241 0.452521 0.365398 0.453268 0.366144 0.453781 0.364986 0.453781 0.363491 0.448273 0.347560 0.446826 0.344139 0.444482 0.337736 0.443872 0.333472
5 0.524471 0.404509 0.539060 0.403755 0.542453 0.403579 0.537768 0.414463 0.536456 0.417829 0.534398 0.416963 0.526409 0.414176
5 0.518135 0.405333 0.517234 0.404968 0.516396 0.404769 0.515070 0.405032 0.513563 0.405255 0.511953 0.405648 0.511641 0.406389 0.511901 0.407037 0.513833 0.408134 0.518099 0.409481
8 0.311883 0.150787 0.318648 0.158421 0.324609 0.164569 0.325263 0.165065 0.324823 0.167472 0.322258 0.165148 0.317776 0.160583 0.312708 0.154444 0.310888 0.152370 0.310982 0.151708 0.311448 0.151042
8 0.314182 0.182421 0.321229 0.187236 0.326503 0.190810 0.327159 0.191398 0.325070 0.193074 0.321417 0.190977 0.315862 0.188569 0.312456 0.185833 0.312268 0.185079 0.312242 0.184315 0.313688 0.183028
8 0.316797 0.180903 0.323003 0.184972 0.331125 0.190611 0.332385 0.191440 0.333224 0.192356 0.333599 0.193597 0.333505 0.193847 0.324638 0.188620 0.317682 0.183644 0.315583 0.182481 0.315349 0.181819 0.315302 0.180819 0.315495 0.180329
8 0.327159 0.191398 0.329966 0.192662 0.331602 0.193574 0.332859 0.194153 0.333000 0.194819 0.333000 0.195731 0.332674 0.196394 0.330901 0.196477 0.329042 0.196292 0.328414 0.194310
8 0.351570 0.243338 0.344771 0.252574 0.343586 0.251088 0.350557 0.242037 0.350768 0.241977
8 0.358281 0.256435 0.352917 0.264847 0.352352 0.263630 0.357677 0.255454 0.358482 0.255236
8 0.351174 0.254662 0.352570 0.255407 0.353510 0.256273 0.354383 0.257079 0.355568 0.258569 0.353568 0.261620 0.349711 0.258690 0.349362 0.257699 0.349607 0.256523 0.349956 0.255222
8 0.356354 0.259491 0.358193 0.261634 0.356578 0.264644 0.354609 0.262269
8 0.493081 0.360870 0.497956 0.370421 0.498768 0.373310 0.496013 0.377829 0.493914 0.373931 0.492758 0.371366 0.490271 0.366046 0.490271 0.365134 0.491115 0.363477
8 0.500747 0.379245 0.501260 0.381486 0.501958 0.384639 0.503146 0.392921 0.503424 0.401051 0.503005 0.402130 0.502724 0.402792 0.502211 0.403292 0.501326 0.403125 0.500997 0.402463 0.500578 0.401051 0.499737 0.395657 0.498617 0.383792 0.498570 0.382468 0.500484 0.379148
14 0.510893 0.322556 0.514141 0.318880 0.516680 0.316574 0.520896 0.313370 0.525409 0.311144 0.526594 0.311028 0.527352 0.311028 0.527948 0.311681 0.528013 0.312667 0.528107 0.313958 0.528177 0.315185 0.528508 0.316245 0.529099 0.316949 0.529826 0.317833 0.531307 0.321926 0.534578 0.335699 0.539474 0.356634 0.544547 0.377968 0.541951 0.386829 0.541289 0.386829 0.533789 0.376394 0.512826 0.345014 0.512049 0.343431 0.511378 0.341944 0.510492 0.339037 0.509185 0.333565 0.509185 0.332731 0.508672 0.331407 0.508156 0.330657 0.507458 0.329083 0.507177 0.327588 0.507365 0.326509 0.508203 0.325931 0.508904 0.324852
14 0.367953 0.142963 0.369078 0.146958 0.369172 0.149949 0.369229 0.151569 0.369042 0.154347 0.368646 0.156019 0.367448 0.156250 0.366745 0.156250 0.365182 0.156250 0.361414 0.156120 0.355208 0.156389 0.354776 0.154991 0.354690 0.152759 0.354857 0.151125 0.355607 0.148306 0.356615 0.147116 0.357531 0.146815 0.359544 0.146519 0.361880 0.145630 0.366818 0.142653
8 0.498411 0.322593 0.500474 0.331037 0.500474 0.331755 0.499844 0.331019 0.498443 0.329606 0.497849 0.329704 0.497310 0.331144 0.496682 0.332972 0.496156 0.332111 0.495833 0.329815 0.495391 0.327667 0.494383 0.325014 0.493898 0.322718 0.492659 0.319796 0.493339 0.318241 0.494112 0.316866 0.495174 0.316185 0.495661 0.316370
8 0.466721 0.322181 0.471385 0.327657 0.474138 0.330972 0.475492 0.334875 0.465083 0.322843 0.464711 0.321514 0.465039 0.321185 0.465555 0.321185 0.465831 0.321269
8 0.501781 0.407435 0.505250 0.417546 0.506781 0.422639 0.506620 0.423069 0.505997 0.423194 0.505250 0.422995 0.504818 0.421625 0.500565 0.407931 0.500286 0.406454 0.500529 0.406102 0.500844 0.405778 0.501182 0.405778
8 0.486130 0.377421 0.488896 0.383310 0.489018 0.384315 0.488573 0.384676 0.487849 0.383454 0.485346 0.378005
8 0.483628 0.379792 0.485286 0.383759 0.485526 0.385042 0.485076 0.385097 0.484471 0.384773 0.483268 0.382148 0.482784 0.380597
8 0.478112 0.396741 0.480445 0.395069 0.483203 0.393023 0.485120 0.391472 0.487979 0.389921 0.486615 0.392403 0.484841 0.394074 0.483167 0.395005 0.481281 0.396681 0.480310 0.397236 0.479018 0.397606 0.478458 0.397917 0.477904 0.397917 0.477659 0.397361
8 0.457708 0.266759 0.459956 0.267296 0.461833 0.268324 0.463424 0.269352 0.464003 0.270125 0.463659 0.270986 0.463135 0.271407 0.461690 0.270250 0.459740 0.269444 0.457641 0.269097
14 0.356536 0.159889 0.356482 0.161713 0.358375 0.161838 0.359703 0.161838 0.361604 0.161468 0.363036 0.161236 0.364469 0.160819 0.365302 0.160542 0.366109 0.160542 0.366839 0.160634 0.367464 0.160681 0.367542 0.159458 0.362682 0.158981 0.358932 0.159491
5 0.432375 0.355991 0.433714 0.356963 0.435232 0.358889 0.436531 0.360176 0.437760 0.360949 0.438701 0.367889 0.434633 0.365412 0.430984 0.364333
2 0.362070 0.175634 0.369307 0.177556 0.370440 0.177648 0.369469 0.180819 0.361477 0.177843
2 0.371872 0.177940 0.379318 0.179944 0.388552 0.182153 0.388391 0.185606 0.381857 0.183403 0.376781 0.182440 0.374297 0.181579 0.373703 0.180519 0.373055 0.179657 0.372516 0.180042 0.371727 0.180449
10 0.590318 0.673634 0.587279 0.679764 0.593047 0.682991 0.593451 0.682755
2 0.339813 0.155250 0.339573 0.163023 0.336771 0.165486 0.337443 0.158940 0.337724 0.157444 0.338758 0.151292
2 0.474802 0.230384 0.476693 0.229421 0.477917 0.230185 0.475234 0.263597 0.471130 0.269838 0.473073 0.246894 0.474586 0.231343
2 0.474974 0.268333 0.481786 0.278250 0.491167 0.292384 0.492805 0.259102 0.495453 0.256931 0.496117 0.258977 0.493990 0.294926 0.488935 0.294676 0.479383 0.281167 0.472966 0.270875
2 0.339036 0.165231 0.337995 0.178287 0.335521 0.177870 0.336563 0.167593 0.338078 0.166167
2 0.335669 0.199616 0.331352 0.231102 0.328813 0.228894 0.332708 0.199306
10 0.539161 0.502593 0.542474 0.502259 0.546438 0.502185 0.545365 0.503264 0.544109 0.503505 0.541401 0.503505 0.538833 0.503671
10 0.546536 0.502407 0.548302 0.503074 0.550922 0.504653 0.552294 0.505727 0.553344 0.506731 0.554471 0.508597 0.555255 0.509704 0.556424 0.513694 0.554924 0.511481 0.550492 0.507032 0.547240 0.504366
10 0.544596 0.519194 0.545596 0.517083 0.546284 0.516194 0.547721 0.516194 0.549406 0.518194 0.550344 0.519528 0.550781 0.521750 0.550969 0.523639 0.550781 0.524972 0.549378 0.524019
2 0.554479 0.544981 0.557672 0.548389 0.557549 0.553051 0.552185 0.547602 0.552974 0.543347
2 0.559156 0.554255 0.563633 0.559704 0.565911 0.556991 0.566068 0.556852 0.559354 0.549801
2 0.559940 0.535856 0.559380 0.544981 0.567911 0.544449
10 0.613091 0.586282 0.618698 0.582917 0.623229 0.579583 0.624818 0.578704 0.627344 0.576898 0.629062 0.575880 0.631693 0.575370 0.635122 0.577833 0.637747 0.583935 0.639375 0.593241 0.637560 0.594824 0.634305 0.581495 0.632810 0.579824 0.630750 0.579606 0.626622 0.582935 0.630807 0.601375 0.628435 0.599708 0.626375 0.592162 0.622687 0.594718 0.622370 0.593718 0.626245 0.590824 0.624219 0.583426 0.620260 0.586806 0.621685 0.594153 0.620815 0.593500 0.619378 0.592264 0.618815 0.588833 0.616589 0.589769
10 0.366732 0.114653 0.366354 0.114028 0.366042 0.114028 0.365604 0.114917 0.365417 0.116361 0.365229 0.119245 0.365354 0.123690 0.365792 0.127023 0.366367 0.134412 0.364229 0.135875 0.362365 0.138505 0.362146 0.140745 0.361654 0.142694 0.360776 0.143866 0.360008 0.144157 0.358253 0.143477 0.356938 0.142208 0.355786 0.142306 0.357870 0.136069 0.359844 0.127977 0.359568 0.126028 0.359240 0.125347 0.360391 0.122907 0.360721 0.120764 0.360721 0.118815 0.359987 0.118458 0.359505 0.117731 0.358253 0.123787 0.357539 0.129051 0.356828 0.133435 0.355456 0.137042 0.354745 0.139676 0.355128 0.134120 0.354195 0.134315 0.353099 0.142792 0.351674 0.144843 0.350193 0.146500 0.348714 0.146986 0.347615 0.146009 0.347341 0.139384 0.346026 0.131389 0.344599 0.123102 0.344544 0.120667 0.343120 0.119986 0.342516 0.119884 0.341969 0.120083 0.342570 0.122032 0.343229 0.123005 0.343448 0.125931 0.343888 0.129051 0.344544 0.133532 0.345313 0.136069 0.345862 0.139088 0.346190 0.141917 0.346573 0.144843 0.345862 0.143671 0.344544 0.142306 0.340818 0.142694 0.340760 0.144843 0.344599 0.144546 0.346135 0.146500 0.346740 0.147667 0.346245 0.149227 0.346135 0.152153 0.346682 0.154394 0.347451 0.158194 0.347232 0.159852 0.347198 0.160778 0.347607 0.162139 0.348932 0.162227 0.349341 0.162593 0.349495 0.162954 0.353568 0.156713 0.354323 0.157269 0.349810 0.165505 0.350396 0.166648 0.355620 0.165213 0.360227 0.165116 0.358737 0.166977 0.358000 0.168343 0.357445 0.169389 0.356432 0.170319 0.355214 0.170630 0.354378 0.170755 0.353432 0.171185 0.352945 0.172120 0.353089 0.173176 0.353682 0.173296 0.354271 0.172051 0.355458 0.171875 0.356526 0.172843 0.357401 0.173843 0.357776 0.175616 0.358151 0.176616 0.358961 0.177931 0.360276 0.178838 0.360964 0.179727 0.361477 0.177843 0.362070 0.175634 0.362648 0.173843 0.363648 0.172843 0.364148 0.171287 0.365336 0.167731 0.365711 0.166731 0.366898 0.167065 0.369104 0.170565 0.371039 0.174009 0.371477 0.175120 0.367813 0.186111 0.368203 0.186574 0.368479 0.186782 0.370789 0.180227 0.370977 0.180560 0.370977 0.181227 0.369542 0.187338 0.369917 0.188005 0.370229 0.188338 0.370727 0.187560 0.371227 0.183671 0.371727 0.180449 0.371872 0.177940 0.372143 0.175958 0.373018 0.171296 0.373198 0.161977 0.372687 0.157051 0.372143 0.155282 0.371633 0.149389 0.370818 0.143764 0.370490 0.142023 0.368034 0.133806 0.367385 0.125838
2 0.637182 0.555282 0.636482 0.560370 0.635724 0.569106 0.634768 0.570519 0.634104 0.570449 0.628721 0.557231 0.619969 0.536366 0.619060 0.534046 0.619953 0.532926 0.621711 0.535005 0.624471 0.537236 0.625727 0.540509 0.626729 0.543185 0.628570 0.544968 0.631664 0.546009 0.634591 0.548093 0.646049 0.556704 0.645609 0.557542 0.645391 0.557963
2 0.501680 0.377231 0.494057 0.389894 0.477063 0.415551 0.475375 0.418440 0.474375 0.416662 0.473250 0.417329 0.473125 0.419773 0.471065 0.424324 0.465503 0.432102 0.463005 0.428324 0.469253 0.418773 0.476875 0.407222 0.490245 0.386671 0.499443 0.372407 0.500005 0.372185 0.501380 0.374407 0.502385 0.376273
10 0.485125 0.459083 0.492987 0.473787 0.494055 0.475634 0.495065 0.471778 0.496872 0.468181 0.498003 0.467282 0.496648 0.457398 0.495563 0.457398 0.495563 0.460532 0.487836 0.461255 0.486344 0.458361
2 0.326299 0.183435 0.325854 0.186866 0.323714 0.185421 0.324448 0.180907
10 0.331656 0.126204 0.336474 0.130000 0.340745 0.133750 0.340745 0.134167 0.340510 0.134491 0.340042 0.134769 0.336344 0.132130 0.333070 0.143648 0.332760 0.144306 0.327279 0.164412 0.326888 0.163894 0.328646 0.156662 0.332167 0.143042 0.333023 0.139991 0.333839 0.136560 0.333625 0.135704 0.333898 0.134796 0.334500 0.134796 0.335312 0.130991 0.333898 0.129921 0.332180 0.128741 0.331578 0.128153 0.331336 0.127509 0.331305 0.126708
2 0.309820 0.167477 0.316617 0.170819 0.320013 0.173005 0.321820 0.174676 0.321958 0.177958 0.322917 0.179398 0.322031 0.184259 0.316797 0.180903 0.315565 0.180116 0.314701 0.181870 0.313688 0.183028 0.312242 0.184315 0.311591 0.185597 0.314518 0.187875 0.315862 0.188569 0.320573 0.190833 0.319326 0.195963 0.314393 0.199093 0.313802 0.197824 0.313099 0.196574 0.311198 0.193102 0.310536 0.192292 0.309039 0.191843 0.308932 0.193519 0.310479 0.196292 0.312839 0.201019 0.311354 0.202616 0.303417 0.191394
2 0.336484 0.189074 0.335833 0.196343 0.333224 0.196856 0.334443 0.186782 0.335753 0.179352 0.337620 0.179787
10 0.327159 0.191398 0.328414 0.194310 0.329042 0.196292 0.329320 0.197593 0.328867 0.199389 0.321883 0.205296 0.316701 0.210181 0.314503 0.207241 0.320461 0.202292 0.318411 0.196648 0.319289 0.195963 0.325070 0.193074
10 0.494055 0.475634 0.495065 0.471778 0.496872 0.468181 0.500487 0.464968 0.503453 0.464069 0.506779 0.464454 0.508945 0.466384 0.510174 0.468051 0.511115 0.470366 0.509891 0.476495 0.511315 0.478185 0.514656 0.479750 0.514802 0.483088 0.514513 0.486176 0.514078 0.488356 0.513862 0.490287 0.512344 0.492856 0.503164 0.488486
2 0.442786 0.317440 0.440474 0.319773 0.439411 0.320991 0.437099 0.321769 0.435039 0.322546 0.434039 0.323213 0.433227 0.323991 0.432977 0.325102 0.433789 0.328213 0.436039 0.334324 0.437349 0.338875 0.438724 0.345097 0.439661 0.348097 0.440286 0.350315 0.441536 0.353759 0.443430 0.357759 0.447260 0.363810 0.449734 0.368287 0.451365 0.370611 0.452719 0.372685 0.454120 0.374431 0.454914 0.374931 0.455195 0.375176 0.455987 0.374764 0.460372 0.368412 0.462047 0.370231 0.463398 0.372255 0.469177 0.378194 0.471445 0.379741 0.472039 0.380218 0.472633 0.380116 0.474469 0.375995 0.477544 0.370421 0.477706 0.369468 0.477437 0.368023 0.468859 0.357213 0.470102 0.354815 0.471177 0.353083 0.472208 0.351648 0.473987 0.350019 0.474404 0.349356 0.473919 0.348208 0.472477 0.343963 0.466591 0.326968 0.463461 0.318329 0.462810 0.315838 0.462266 0.314583 0.461948 0.314972 0.462638 0.319000 0.460297 0.334176 0.458951 0.335657 0.457781 0.337894 0.455612 0.348593 0.454102 0.350384 0.453271 0.351125 0.451508 0.350074 0.448664 0.347546 0.448273 0.347560 0.453781 0.363491 0.453781 0.364986 0.453268 0.366144 0.452521 0.365398 0.451448 0.363241 0.447013 0.350463 0.444401 0.342667 0.443094 0.336856 0.442859 0.334949 0.442859 0.333125 0.443000 0.331796 0.443466 0.330384 0.443177 0.324542 0.443284 0.316199
10 0.369961 0.172264 0.371039 0.174009 0.371477 0.175120 0.370661 0.177833 0.370440 0.177648 0.369307 0.177556 0.368737 0.175440 0.368940 0.173986 0.369656 0.173444
10 0.356523 0.192431 0.358089 0.193718 0.358583 0.194056 0.359398 0.197921 0.360104 0.199769 0.360339 0.200426 0.359307 0.200699 0.358698 0.199477 0.357497 0.197995 0.356810 0.196435 0.356430 0.196097 0.356047 0.195759 0.355549 0.195019 0.356305 0.192704
10 0.359961 0.194611 0.360250 0.194333 0.360536 0.194194 0.361081 0.193778 0.361497 0.193361 0.362018 0.193083 0.362643 0.193083 0.363060 0.193731 0.364258 0.195074 0.363255 0.197778 0.361979 0.201759
10 0.386937 0.122333 0.387586 0.123199 0.387857 0.123681 0.388773 0.124926 0.389854 0.126366 0.391635 0.127806 0.395794 0.131454 0.397576 0.133694 0.394802 0.134389 0.391609 0.133639 0.391042 0.132704 0.390016 0.131069 0.388883 0.129245 0.388612 0.130111 0.388667 0.133472 0.388612 0.134718 0.387370 0.135287 0.386885 0.127713
2 0.457664 0.373111 0.466760 0.383778 0.471310 0.387736 0.473052 0.386014 0.473148 0.382403 0.469177 0.378194 0.462406 0.372597 0.459214 0.369671
10 0.467451 0.266537 0.469385 0.268546 0.468701 0.269912 0.467451 0.271343 0.462648 0.280667 0.459937 0.276745 0.463659 0.270986 0.466240 0.266681
7 0.544779 0.588051 0.547937 0.580657 0.555466 0.570097 0.557466 0.567384 0.559193 0.564894 0.568013 0.554782 0.570354 0.552847 0.571107 0.553296 0.570688 0.555227 0.571443 0.556417 0.574201 0.555375 0.575852 0.553606 0.578065 0.553319 0.579818 0.551528 0.582760 0.548981 0.586068 0.547269 0.587526 0.545139 0.588854 0.544213 0.590078 0.545556 0.583229 0.555741 0.576224 0.568519 0.573411 0.572639 0.568802 0.580417 0.567982 0.583194 0.561224 0.598102 0.557917 0.606620 0.556589 0.609722 0.552969 0.618426 0.552526 0.619028 0.550885 0.617500 0.554922 0.604815 0.560807 0.590370 0.560219 0.589009 0.560130 0.587991 0.561146 0.586815 0.561940 0.587991 0.562867 0.586657 0.564036 0.582685 0.556385 0.582144 0.549443 0.584074 0.546935 0.589282
10 0.558151 0.606111 0.568906 0.614551 0.568781 0.616329 0.565346 0.626662 0.561135 0.625481 0.557992 0.625417 0.554969 0.625481 0.552669 0.626060 0.544234 0.601889 0.546008 0.596435 0.555367 0.603546 0.554922 0.604815 0.550885 0.617500 0.552526 0.619028 0.552969 0.618426 0.556589 0.609722 0.557917 0.606620
2 0.546224 0.594769 0.546008 0.596435 0.555367 0.603546 0.560807 0.590370 0.560219 0.589009 0.560130 0.587991 0.561146 0.586815 0.561940 0.587991 0.562867 0.586657 0.564036 0.582685 0.563766 0.582824 0.562833 0.583486 0.555599 0.588301 0.547432 0.595435
2 0.574792 0.597685 0.573568 0.597546 0.572474 0.597731 0.570599 0.598611 0.561458 0.605093 0.558984 0.606806 0.558151 0.606111 0.561224 0.598102 0.567982 0.583194 0.568802 0.580417 0.569323 0.580324 0.569844 0.581111 0.570156 0.581713 0.569708 0.583880 0.569940 0.587278 0.571807 0.589435 0.575635 0.594333
7 0.570453 0.577736 0.570362 0.580477 0.569708 0.583880 0.569940 0.587278 0.571807 0.589435 0.575635 0.594333 0.584174 0.567366 0.580721 0.564796 0.576224 0.568519 0.573411 0.572639
3 0.578547 0.641282 0.577143 0.644352 0.579086 0.649921 0.582003 0.655972 0.584896 0.660556 0.579401 0.674583 0.582812 0.677380 0.587422 0.665926 0.589661 0.672546 0.592969 0.681528 0.595443 0.678611 0.590859 0.664514 0.588753 0.659426 0.585081 0.651361 0.579031 0.641088
3 0.586565 0.632005 0.591198 0.639819 0.597294 0.653583 0.601745 0.667269 0.596120 0.676435 0.591294 0.661671 0.588102 0.654444 0.581422 0.642745 0.579099 0.639306 0.580648 0.634662 0.582875 0.630356 0.583078 0.629426 0.584628 0.627880
10 0.609396 0.648630 0.603096 0.660495 0.600857 0.664889 0.598336 0.656593 0.601719 0.650556 0.604635 0.645463 0.605755 0.646968 0.607576 0.648213 0.608604 0.647301
10 0.593156 0.630949 0.595964 0.624769 0.598516 0.621157 0.601927 0.619046 0.603063 0.621157 0.603792 0.623162 0.602005 0.626898 0.606648 0.635833 0.609083 0.633431 0.609836 0.634625 0.611336 0.637833 0.610276 0.639167 0.608401 0.642500 0.604526 0.639611 0.603464 0.639611 0.603901 0.642167 0.604635 0.645463 0.601719 0.650556 0.600904 0.650273 0.599466 0.647829 0.596591 0.651940 0.593656 0.645500 0.595716 0.640611 0.594781 0.638278 0.593156 0.636167 0.592531 0.634722 0.592469 0.632394
2 0.608815 0.582833 0.620599 0.593356 0.632659 0.602796 0.630471 0.606019 0.610417 0.589468 0.607354 0.599574 0.624724 0.613347 0.620724 0.620681 0.605273 0.608023 0.603104 0.619458 0.603846 0.621444 0.608768 0.625819 0.607638 0.628185 0.608688 0.629190 0.609948 0.626574 0.615937 0.631250 0.614766 0.637361 0.609836 0.634625 0.609083 0.633431 0.606648 0.635833 0.602005 0.626898 0.603792 0.623162 0.603063 0.621157 0.601927 0.619046 0.598411 0.621111 0.600633 0.610218 0.603336 0.599181
10 0.613359 0.592037 0.617065 0.607282 0.615057 0.605458 0.611604 0.592597 0.608943 0.594176 0.610417 0.589468
10 0.619648 0.597111 0.622029 0.607796 0.623401 0.612097 0.624724 0.613347 0.625578 0.612958 0.623198 0.600120
10 0.623852 0.561574 0.624690 0.562986 0.625391 0.565227 0.625810 0.567551 0.625956 0.569542 0.625625 0.571032 0.625344 0.571699 0.624536 0.570870 0.622641 0.568796 0.621836 0.568009 0.621229 0.567935 0.620924 0.566856 0.618810 0.558921 0.620117 0.559667
10 0.615677 0.556713 0.617773 0.558509 0.617938 0.559398 0.620232 0.568431 0.619328 0.568699 0.617609 0.570042 0.616766 0.570769 0.612284 0.568333 0.612271 0.568046 0.612630 0.566528 0.614062 0.560556 0.614932 0.556866
1 0.621229 0.567935 0.621836 0.568009 0.622641 0.568796 0.624536 0.570870 0.626958 0.573745 0.628047 0.574963 0.630104 0.572958 0.631880 0.572097 0.632484 0.571954 0.632927 0.573171 0.632604 0.574032 0.630305 0.575681 0.629062 0.575880 0.627344 0.576898 0.626716 0.576111 0.622563 0.569940 0.621714 0.569514
10 0.345615 0.159417 0.346331 0.159505 0.346841 0.159958 0.347198 0.160778 0.347607 0.162139 0.348932 0.162227 0.349341 0.162593 0.349495 0.162954 0.348831 0.165042 0.348219 0.165315 0.347453 0.165042 0.346484 0.164588 0.346023 0.163954 0.345719 0.163407 0.345411 0.162593 0.345464 0.160685
2 0.475026 0.381079 0.476424 0.380917 0.478432 0.381495 0.480859 0.382657 0.484471 0.384773 0.485076 0.385097 0.485526 0.385042 0.487159 0.385065 0.488932 0.385065 0.489539 0.385065 0.490474 0.385644 0.490245 0.386671 0.487979 0.389921 0.485120 0.391472 0.483203 0.393023 0.481466 0.394356 0.478385 0.391287 0.478714 0.389458 0.478013 0.388134 0.475305 0.385236 0.474607 0.383819 0.474466 0.382324 0.474560 0.381495
2 0.463846 0.400116 0.464250 0.402625 0.464169 0.404560 0.463891 0.405778 0.463609 0.407144 0.462964 0.407644 0.461669 0.407069 0.459289 0.405491 0.453318 0.399208 0.454557 0.396579 0.457208 0.393292 0.458461 0.392074 0.458406 0.392843 0.463766 0.399181
10 0.472026 0.391028 0.471635 0.395491 0.471677 0.398931 0.472201 0.400653 0.472685 0.401870 0.473208 0.402875 0.474016 0.403736 0.475065 0.404236 0.475589 0.404093 0.476034 0.403949 0.476357 0.403162 0.476557 0.402014 0.476557 0.401153 0.477461 0.400690 0.477836 0.399468 0.478398 0.399134 0.478461 0.399801 0.478898 0.400690 0.478523 0.402023 0.477461 0.403690 0.475776 0.406574 0.475255 0.408972 0.471690 0.404843 0.470612 0.403403 0.470018 0.401773 0.469531 0.399657 0.469154 0.397741 0.469044 0.396491 0.468721 0.391690 0.468940 0.389181
2 0.458482 0.379852 0.471310 0.387736 0.466760 0.383778 0.457664 0.373111 0.456846 0.374315 0.457786 0.375083 0.458508 0.377653
10 0.477669 0.296755 0.479229 0.304644 0.479604 0.306532 0.478667 0.306088 0.477357 0.304755 0.476857 0.304755 0.476044 0.304088 0.475232 0.302088 0.475419 0.301421 0.475857 0.299532 0.475294 0.297977 0.475669 0.295977 0.476107 0.294977 0.477232 0.295421
10 0.442516 0.219431 0.441628 0.237014 0.440586 0.238588 0.439914 0.239120 0.437602 0.236352 0.437279 0.233148 0.437029 0.224375 0.437445 0.216940 0.439706 0.218278
2 0.528458 0.434236 0.529120 0.433681 0.529714 0.433370 0.530516 0.433245 0.531036 0.433245 0.532013 0.433806 0.534919 0.447306 0.536854 0.456194 0.529206 0.452949 0.529154 0.451509 0.529370 0.450167 0.528721 0.444694
2 0.486307 0.341213 0.486839 0.340861 0.487768 0.340431 0.489219 0.340644 0.490591 0.341292 0.492487 0.342796 0.493172 0.344088 0.493456 0.345236 0.492930 0.346454 0.492326 0.347241 0.491880 0.350255 0.492245 0.352977 0.492406 0.354773 0.492245 0.355778 0.491799 0.356278 0.490833 0.356060 0.490630 0.356134 0.488357 0.351977 0.487518 0.349926 0.487846 0.347769 0.487799 0.346523 0.487799 0.345528 0.487474 0.344782 0.486911 0.343704 0.486260 0.342458
10 0.503078 0.319528 0.505703 0.325301 0.505966 0.326014 0.505734 0.327333 0.504753 0.327926 0.503354 0.328500 0.502417 0.328667 0.501391 0.327014 0.501016 0.325181 0.502279 0.322194
2 0.439661 0.348097 0.437906 0.347708 0.436172 0.347968 0.435664 0.348736 0.433135 0.348995 0.432773 0.351051 0.432990 0.354005 0.433714 0.356963 0.435232 0.358889 0.436531 0.360176 0.437760 0.360949 0.438701 0.367889 0.442336 0.370144 0.458482 0.379852 0.458508 0.377653 0.457786 0.375083 0.456846 0.374315 0.455987 0.374764 0.455195 0.375176 0.454914 0.374931 0.454120 0.374431 0.452719 0.372685 0.451365 0.370611 0.449734 0.368287 0.447260 0.363810 0.443430 0.357759 0.441536 0.353759 0.440286 0.350315
2 0.440078 0.371528 0.440872 0.379148 0.441146 0.382944 0.441328 0.383426 0.441297 0.384338 0.440695 0.384657 0.441445 0.386532 0.442141 0.387116 0.442422 0.389352 0.442518 0.390676 0.441724 0.389940 0.440419 0.387287 0.439807 0.386292 0.439479 0.386444 0.438927 0.386944 0.439953 0.391588 0.440747 0.394083 0.441628 0.396167 0.445878 0.403958 0.447792 0.406370 0.449708 0.403787 0.450542 0.402551 0.450870 0.400639 0.451568 0.399727 0.452646 0.400338 0.452849 0.399556 0.453318 0.399208 0.454557 0.396579 0.457208 0.393292 0.458461 0.392074 0.461594 0.385741 0.461768 0.385190 0.455388 0.381005
2 0.531823 0.432963 0.533081 0.434454 0.533612 0.434097 0.537805 0.440269 0.542576 0.446181 0.545396 0.450037 0.547203 0.454019 0.546401 0.453907 0.543052 0.456944 0.539638 0.455245 0.540802 0.457662 0.536854 0.456194 0.534919 0.447306
2 0.422333 0.316722 0.430865 0.328546 0.436039 0.334324 0.437349 0.338875 0.438021 0.342426 0.432599 0.335361 0.422841 0.321866
2 0.342531 0.239907 0.347089 0.242454 0.349016 0.244028 0.347922 0.245556 0.342578 0.242176
2 0.342682 0.228889 0.346464 0.231343 0.347349 0.233981 0.342714 0.231157
3 0.406622 0.302412 0.393984 0.326796 0.391927 0.324167 0.401784 0.305602 0.405164 0.300778
8 0.491393 0.357759 0.494745 0.352551 0.496346 0.350282 0.497318 0.348843 0.499143 0.346523 0.499464 0.346310 0.500081 0.346116 0.500331 0.348671 0.499706 0.349463 0.498669 0.351750 0.497568 0.352477 0.496521 0.353407 0.495591 0.354843 0.494260 0.357426 0.493081 0.360870 0.491115 0.363477 0.490271 0.365134 0.489865 0.365384 0.489180 0.366458 0.488615 0.366889 0.488211 0.367394 0.487807 0.368181 0.487365 0.368324 0.486315 0.367250 0.485911 0.364884 0.486799 0.363880 0.488214 0.363157
10 0.518440 0.376495 0.518818 0.377361 0.519411 0.378704 0.520732 0.379542 0.521323 0.381606 0.524758 0.382829 0.526008 0.383495 0.527195 0.385162 0.527826 0.386273 0.528576 0.388273 0.528758 0.390046 0.528201 0.392380 0.527266 0.394046 0.526820 0.395824 0.526641 0.398713 0.526516 0.399824 0.526594 0.400880 0.526323 0.401741 0.525945 0.402801 0.525674 0.403759 0.524471 0.404509 0.523807 0.402259 0.522133 0.394389 0.520674 0.387574 0.520242 0.386324 0.519000 0.383829 0.518763 0.382639 0.518385 0.380625 0.518276 0.379185 0.518060 0.378319 0.518008 0.377264
2 0.499206 0.340343 0.499768 0.343787 0.500081 0.346116 0.500331 0.348671 0.500953 0.351782 0.504484 0.363514 0.507234 0.373708 0.508102 0.375130 0.508971 0.374231 0.509620 0.373454 0.511495 0.371009 0.512656 0.368954 0.515188 0.366000 0.516125 0.364458 0.516313 0.364032 0.515612 0.360389 0.505852 0.346014 0.503745 0.345245 0.500182 0.341213
2 0.362708 0.254227 0.360333 0.257301 0.355042 0.267764 0.360549 0.276884 0.364005 0.270551 0.364312 0.268574 0.364815 0.263069 0.367016 0.258167 0.363195 0.253366
2 0.345888 0.192731 0.345091 0.193116 0.344802 0.193500 0.345742 0.200699 0.346393 0.209824 0.346755 0.215477 0.347477 0.218819 0.348344 0.222292 0.349430 0.225245 0.350370 0.226532 0.351453 0.227685 0.352583 0.229731 0.353208 0.228069 0.353833 0.228069 0.355583 0.224412 0.357583 0.221968 0.356073 0.216532 0.355904 0.214889 0.355643 0.214472 0.355409 0.213917 0.355227 0.213083 0.354430 0.211917 0.353857 0.212102 0.353023 0.211963 0.352685 0.211593 0.352320 0.211037 0.351982 0.210296 0.351799 0.209694 0.351669 0.208954 0.351878 0.207889 0.352294 0.206963 0.352997 0.205852 0.353492 0.205296 0.353745 0.204324 0.353044 0.198657 0.352177 0.197407 0.351958 0.195213 0.351693 0.194144 0.350831 0.193194 0.349964 0.192806 0.349479 0.193093 0.348271 0.193394 0.347698 0.193347 0.347099 0.192792
10 0.323490 0.203620 0.322885 0.206060 0.322563 0.208639 0.321958 0.211292 0.321352 0.212870 0.320628 0.213806 0.319740 0.214236 0.319013 0.213519 0.316701 0.210181 0.321883 0.205296
10 0.328299 0.201583 0.327792 0.203903 0.327508 0.205065 0.327466 0.207139 0.327651 0.210292 0.327560 0.212037 0.327372 0.213116 0.327500 0.214583 0.327560 0.216431 0.327320 0.222491 0.326206 0.222407 0.325411 0.222074 0.325039 0.221162 0.324758 0.218259 0.324896 0.211667 0.326250 0.201620 0.327750 0.200593 0.328320 0.200727
10 0.317776 0.160583 0.322258 0.165148 0.324823 0.167472 0.324776 0.168468 0.323513 0.173505 0.322771 0.172449 0.321789 0.170542 0.319130 0.168884 0.317122 0.166394 0.316469 0.165894 0.316469 0.164569 0.316562 0.163074
10 0.360078 0.181931 0.358932 0.184986 0.358307 0.187301 0.357630 0.186620 0.358125 0.184523 0.359297 0.181005
10 0.357581 0.189694 0.356305 0.192704 0.355549 0.195019 0.355341 0.195991 0.354977 0.196778 0.354690 0.197657 0.354508 0.198444 0.354846 0.201500 0.355367 0.205898 0.355628 0.208630 0.355419 0.209880 0.355315 0.210528 0.355055 0.211176 0.354794 0.211639 0.354430 0.211917 0.353857 0.212102 0.353023 0.211963 0.352685 0.211593 0.352320 0.211037 0.351982 0.210296 0.351799 0.209694 0.351669 0.208954 0.351878 0.207889 0.352294 0.206963 0.352997 0.205852 0.353492 0.205296 0.354065 0.205713 0.354352 0.205806 0.353779 0.200250 0.353622 0.198074 0.354560 0.194741 0.356643 0.189139 0.357266 0.188102
10 0.361979 0.204630 0.361633 0.205074 0.361372 0.205352 0.361164 0.205722 0.360773 0.206417 0.360409 0.206833 0.359393 0.208639 0.358898 0.208963 0.358430 0.209333 0.357961 0.209426 0.357779 0.209750 0.357987 0.211000 0.358169 0.211787 0.358143 0.212481 0.357935 0.213500 0.357805 0.213870 0.357622 0.214333 0.357388 0.214704 0.357154 0.214843 0.356789 0.214843 0.356320 0.214889 0.355904 0.214889 0.355643 0.214472 0.355409 0.213917 0.355227 0.213083 0.355331 0.212065 0.355591 0.211185 0.356060 0.210352 0.356451 0.209657 0.357023 0.208778 0.357779 0.208130 0.359419 0.206602 0.360591 0.204796 0.361451 0.203176
2 0.519000 0.383829 0.520242 0.386324 0.520674 0.387574 0.522133 0.394389 0.523807 0.402259 0.524471 0.404509 0.526409 0.414176 0.527747 0.422134 0.528180 0.427894 0.528721 0.444694 0.529370 0.450167 0.529154 0.451509 0.529206 0.452949 0.527995 0.452606 0.525862 0.453167 0.524167 0.455185 0.523753 0.453236 0.523159 0.451222 0.523008 0.447046 0.522857 0.444532 0.523008 0.442282 0.522557 0.441051 0.521880 0.437954 0.521672 0.436565 0.521359 0.436009 0.521203 0.435361 0.520135 0.425495 0.518190 0.412245 0.518135 0.405333 0.517651 0.401495 0.516354 0.392181 0.516570 0.389875 0.517219 0.387671 0.517380 0.385653 0.517867 0.384310
10 0.475375 0.418440 0.475924 0.418889 0.476357 0.418986 0.477229 0.419157 0.476807 0.421903 0.477042 0.432856 0.477695 0.439898 0.479328 0.446630 0.479982 0.449523 0.479219 0.450569 0.478299 0.450759 0.477060 0.447690 0.475708 0.444042 0.474034 0.441255 0.472956 0.439625 0.471388 0.438088 0.470471 0.437417 0.468687 0.436551 0.468203 0.436361 0.467932 0.435977 0.467878 0.434440 0.468203 0.432810 0.471336 0.425704 0.471714 0.424167 0.471930 0.422250 0.473125 0.419773 0.473250 0.417329 0.474375 0.416662
2 0.482362 0.412528 0.481990 0.412528 0.480917 0.412685 0.480216 0.413190 0.479656 0.413852 0.478721 0.415264 0.477742 0.416926 0.477229 0.419157 0.476807 0.421903 0.477042 0.432856 0.477695 0.439898 0.479328 0.446630 0.479982 0.449523 0.481336 0.453009 0.483250 0.455338 0.484648 0.456412 0.486096 0.456667 0.487542 0.456583 0.489456 0.455921 0.492724 0.453181 0.493984 0.451773 0.495383 0.451106 0.495849 0.450602 0.495068 0.445565 0.496417 0.446144 0.500036 0.445856 0.500703 0.450028 0.501565 0.449954 0.502427 0.449472 0.504443 0.448986 0.505138 0.448370 0.506258 0.448194 0.506630 0.447954 0.507052 0.447116 0.507188 0.446236 0.506630 0.444560 0.507964 0.444454 0.510500 0.443398 0.511560 0.441250 0.516958 0.433856 0.517987 0.431069 0.517659 0.429056 0.516419 0.427810 0.514690 0.426468 0.510211 0.426176 0.509021 0.424639 0.507565 0.423194 0.505997 0.423194 0.503836 0.422713 0.500005 0.420898 0.499948 0.419935 0.499247 0.419162 0.498328 0.418972 0.497609 0.418944 0.498362 0.420134 0.498531 0.422366 0.497693 0.423259 0.495268 0.422366 0.492674 0.421472 0.490836 0.420880 0.488326 0.419986 0.487154 0.419690 0.485565 0.419097 0.484143 0.416866 0.483224 0.414634 0.483307 0.412106
2 0.498615 0.396792 0.499784 0.401699 0.500370 0.403630 0.500286 0.406454 0.498445 0.407944 0.492841 0.411958 0.490500 0.413889 0.488995 0.415972 0.493596 0.416866 0.496440 0.418204 0.497609 0.418944 0.498362 0.420134 0.498531 0.422366 0.497693 0.423259 0.495268 0.422366 0.492674 0.421472 0.490836 0.420880 0.488326 0.419986 0.487154 0.419690 0.485565 0.419097 0.484143 0.416866 0.483224 0.414634 0.483307 0.412106 0.484872 0.410171 0.484563 0.408509 0.484185 0.409282 0.483375 0.409505 0.482622 0.408833 0.482747 0.407394 0.483875 0.407287 0.485063 0.407171 0.486688 0.407171 0.487875 0.406843 0.494682 0.400287 0.496372 0.397847
2 0.376865 0.230634 0.379237 0.228523 0.380674 0.226968 0.382174 0.226634 0.383799 0.226412 0.385359 0.226190 0.386922 0.226634 0.388234 0.227412 0.389529 0.229444 0.390365 0.230620 0.390609 0.231745 0.390503 0.232731 0.390159 0.233722 0.389104 0.231944 0.388667 0.232611 0.388667 0.233611 0.389766 0.235787 0.390141 0.237032 0.390141 0.238606 0.389766 0.239773 0.387898 0.240597 0.384818 0.240931 0.381130 0.240431 0.378893 0.240685 0.376607 0.241185 0.374523 0.242407 0.371203 0.236731 0.369641 0.233509 0.370266 0.231968 0.371516 0.231176 0.373909 0.232431 0.375594 0.231769 0.375969 0.231213
2 0.508503 0.446468 0.509206 0.446375 0.510987 0.445509 0.514443 0.443495 0.517198 0.441380 0.518492 0.439940 0.519089 0.441250 0.517292 0.446296 0.514331 0.454213 0.513922 0.454009 0.512516 0.454995 0.512138 0.455694 0.511544 0.454157
8 0.562833 0.583486 0.555599 0.588301 0.547432 0.595435 0.546224 0.594769 0.546667 0.592917 0.546849 0.591296 0.546935 0.589282 0.548737 0.585398 0.556385 0.582144 0.563766 0.582824
8 0.538891 0.585019 0.543341 0.587051 0.544779 0.588051 0.546935 0.589282 0.546849 0.590741 0.546771 0.592593 0.546250 0.594676 0.545521 0.595463 0.544453 0.596014 0.542891 0.594630 0.541562 0.592593
8 0.590078 0.545556 0.592143 0.543065 0.587292 0.557407 0.580721 0.564796 0.576224 0.568519 0.583229 0.555741 0.587987 0.548625
8 0.567630 0.620509 0.569130 0.628991 0.566354 0.627130 0.565859 0.625370 0.567500 0.620231
8 0.569568 0.630944 0.571198 0.639722 0.567430 0.636889 0.566432 0.629074
1 0.609948 0.626574 0.612917 0.617546 0.613698 0.615093 0.612500 0.614167 0.610495 0.620370 0.608768 0.625819 0.607638 0.628185 0.608688 0.629190
8 0.616846 0.529889 0.620112 0.537523 0.629914 0.560338 0.634104 0.570449 0.638268 0.579421 0.641534 0.588134 0.641721 0.589130 0.641208 0.590375 0.640180 0.590792 0.637747 0.583935 0.635122 0.577833 0.627581 0.560921 0.619180 0.540593 0.615539 0.531051 0.616659 0.529722
8 0.608865 0.528282 0.612945 0.525088 0.614633 0.523421 0.616641 0.520972 0.618516 0.519213 0.618359 0.523426 0.618281 0.526713 0.616383 0.529199 0.612714 0.534907 0.610549 0.532356 0.607448 0.530755
8 0.606055 0.501815 0.614307 0.508468 0.619687 0.513935 0.619479 0.514954 0.618542 0.518519 0.617318 0.519815 0.611042 0.513935 0.610130 0.512292 0.610141 0.512306 0.609141 0.509769
14 0.599490 0.529690 0.601734 0.529356 0.606240 0.530023 0.610549 0.532356 0.612729 0.534912 0.614112 0.537356 0.615299 0.539579 0.616016 0.542639 0.616172 0.544444 0.616406 0.547037 0.616406 0.549213 0.615833 0.552361 0.615417 0.553685 0.614062 0.560556 0.612630 0.566528 0.608828 0.579907 0.602341 0.602245 0.596224 0.621204 0.591979 0.624167 0.588854 0.624028 0.586250 0.631204 0.584628 0.627880 0.583078 0.629426 0.579635 0.626898 0.577005 0.635231 0.576211 0.635792 0.574174 0.633037 0.572344 0.630185 0.571589 0.625509 0.575286 0.612917 0.574609 0.610139 0.573984 0.604306 0.574792 0.597685 0.587292 0.557407 0.594036 0.537639 0.596120 0.533148 0.596997 0.531222 0.598466 0.530671
8 0.615529 0.540875 0.618422 0.542366 0.619542 0.543444 0.619917 0.544194 0.619776 0.545273 0.618935 0.545519 0.617161 0.544440 0.615995 0.543611 0.616016 0.542639
2 0.519917 0.441755 0.524167 0.455185 0.523016 0.456963 0.522224 0.458088 0.515547 0.454769
8 0.473938 0.307611 0.477018 0.315657 0.483320 0.334079 0.486307 0.341213 0.486260 0.342458 0.486911 0.343704 0.487474 0.344782 0.487799 0.345528 0.487799 0.346523 0.487846 0.347769 0.487518 0.349926 0.486044 0.346963 0.475924 0.322546 0.467539 0.303912 0.463951 0.294667 0.468586 0.300736
8 0.459937 0.276745 0.463716 0.282468 0.465352 0.285458 0.467823 0.290019 0.468602 0.291611 0.468732 0.292120 0.469878 0.294750 0.470719 0.296324 0.471604 0.298236 0.472258 0.299977 0.473146 0.301968 0.473659 0.303380 0.473706 0.304954 0.465953 0.294329 0.460224 0.287157 0.458583 0.283796 0.457651 0.282384 0.457354 0.281806 0.457604 0.280394 0.457930 0.279231 0.458443 0.278074 0.459471 0.276495
8 0.330578 0.171287 0.329367 0.162681 0.327854 0.162546 0.327279 0.164412 0.326719 0.170616 0.327516 0.173236 0.328523 0.174171 0.329292 0.173356 0.329536 0.172241
8 0.590964 0.516343 0.589247 0.517907 0.587750 0.519412 0.586664 0.520917 0.586177 0.521060 0.585896 0.520704 0.585698 0.520130 0.585698 0.519194 0.589607 0.515324 0.590938 0.514319
8 0.593240 0.511236 0.595818 0.509370 0.596979 0.508519 0.598281 0.507917 0.599245 0.507870 0.599977 0.508088 0.599977 0.508653 0.599401 0.509491 0.598542 0.510139 0.597786 0.510602 0.596927 0.511157 0.595656 0.511810 0.595096 0.512454 0.594203 0.513676 0.593240 0.514681
8 0.544818 0.561065 0.547607 0.561000 0.547154 0.562921 0.536591 0.563046 0.534047 0.561065 0.535703 0.561157
8 0.506581 0.406926 0.509766 0.412014 0.514318 0.419523 0.518552 0.426472 0.520810 0.430639 0.520852 0.431426 0.518672 0.427838 0.514844 0.421958 0.508266 0.411199 0.506333 0.408259 0.506169 0.407542 0.506169 0.406898
8 0.519089 0.441250 0.519961 0.439028 0.520414 0.438097 0.520904 0.437292 0.521148 0.437106 0.521391 0.437417 0.521427 0.438222 0.519917 0.441755 0.515547 0.454769 0.514331 0.454213 0.517292 0.446296
8 0.510734 0.458972 0.508867 0.460880 0.506581 0.462875 0.506779 0.464454 0.507560 0.464199 0.509427 0.462875 0.510578 0.461699 0.510919 0.459306
8 0.507964 0.444454 0.510500 0.443398 0.513362 0.441764 0.515740 0.439847 0.517521 0.438787 0.518708 0.438694 0.518492 0.439940 0.517198 0.441380 0.514443 0.443495 0.510987 0.445509 0.509206 0.446375 0.508503 0.446468
8 0.507224 0.442833 0.511544 0.454157 0.512138 0.455694 0.511852 0.456259 0.511219 0.456944 0.508086 0.448593 0.506630 0.444560
8 0.342102 0.179718 0.344313 0.180106 0.346292 0.181218 0.349844 0.182343 0.354365 0.184593 0.357044 0.186199 0.360823 0.189634 0.364443 0.193375 0.366969 0.195921 0.368792 0.197681 0.369885 0.198838 0.369990 0.199301 0.369547 0.199440 0.368427 0.198097 0.365328 0.194995 0.364260 0.193977 0.360234 0.190190 0.356745 0.187278 0.351813 0.184648 0.346682 0.182699 0.344469 0.181681 0.342279 0.181079 0.341549 0.180759
8 0.445711 0.267130 0.443203 0.271236 0.442622 0.272407 0.439878 0.277333 0.439198 0.277764 0.438898 0.277500 0.439878 0.275343 0.441927 0.272069 0.442448 0.270681 0.443984 0.268620 0.445010 0.267130 0.445385 0.266713
8 0.519943 0.486130 0.517318 0.491347 0.515964 0.494398 0.514531 0.493704 0.516224 0.490139 0.519401 0.483889 0.519695 0.485634
8 0.519674 0.495843 0.525940 0.494500 0.531880 0.493731 0.533451 0.493361 0.532992 0.495083 0.531497 0.495333 0.526177 0.496074 0.521695 0.496819
8 0.333937 0.177634 0.337995 0.178287 0.339609 0.178565 0.340589 0.179023 0.339828 0.180069 0.339383 0.180144 0.335753 0.179352 0.334906 0.179208 0.334422 0.178639
8 0.329536 0.172241 0.333437 0.168380 0.339820 0.162880 0.340240 0.162880 0.340414 0.163130 0.340378 0.163870 0.338078 0.166167 0.331693 0.171852 0.329990 0.173662 0.329570 0.173727 0.329292 0.173356
8 0.309039 0.191843 0.310536 0.192292 0.311198 0.193102 0.313099 0.196574 0.313802 0.197824 0.314393 0.199093 0.312839 0.200926 0.310479 0.196292 0.308932 0.193519
8 0.326307 0.171657 0.327516 0.173236 0.328523 0.174171 0.331753 0.174958 0.334211 0.175676 0.335260 0.176032 0.335706 0.176176 0.335521 0.177870 0.333937 0.177634 0.332961 0.177324 0.330581 0.176537 0.328807 0.176319 0.327315 0.175458 0.325799 0.174333
8 0.358151 0.188426 0.360005 0.194935 0.362385 0.203065 0.364391 0.207630 0.368826 0.215514 0.372792 0.222898 0.374193 0.225218 0.374333 0.225884 0.373539 0.226051 0.368966 0.218583 0.363086 0.207296 0.359398 0.197921 0.357187 0.187639
8 0.349771 0.166931 0.352990 0.176556 0.355315 0.182597 0.356589 0.185972 0.357044 0.186199 0.357630 0.186620 0.356484 0.181991 0.353742 0.174750 0.351161 0.168009 0.350396 0.166648
8 0.327279 0.164412 0.326307 0.171657 0.325799 0.174333 0.325414 0.175926 0.323513 0.173505 0.325706 0.163509
8 0.324448 0.180907 0.323714 0.185421 0.322031 0.184259 0.322917 0.179398
8 0.322495 0.191676 0.321711 0.194801 0.319326 0.195963 0.320573 0.190833
6 0.311354 0.202616 0.312839 0.201019 0.314393 0.199093 0.318411 0.196648 0.318411 0.196648 0.320461 0.202292 0.314503 0.207241
2 0.340047 0.192176 0.339594 0.195894 0.338513 0.196329 0.337677 0.196394 0.337117 0.196329 0.336630 0.196083 0.336490 0.195463 0.337503 0.190750 0.337815 0.190255 0.338372 0.190194
2 0.339104 0.199491 0.336729 0.211009 0.341698 0.213986 0.342940 0.216769 0.343208 0.218593 0.343208 0.219458 0.341266 0.218593 0.336891 0.215523 0.335542 0.213889 0.333974 0.222912 0.334622 0.223778 0.341484 0.228380 0.341458 0.229769 0.341484 0.230556 0.338565 0.229347 0.333273 0.226176 0.332732 0.230500 0.332786 0.232514 0.335703 0.235009 0.341201 0.239236 0.341076 0.241588 0.338878 0.240509 0.335594 0.238426 0.333727 0.236662 0.331464 0.232676 0.331352 0.231102 0.335669 0.199616 0.336784 0.199171
5 0.341896 0.205574 0.343763 0.207315 0.345117 0.208727 0.345909 0.210468 0.346422 0.211380 0.346755 0.215477 0.347477 0.218819 0.348344 0.222292 0.349430 0.225245 0.350370 0.226532 0.351453 0.227685 0.352583 0.229731 0.352271 0.232301 0.351021 0.236065 0.351771 0.237963 0.353565 0.240255 0.355430 0.248968 0.356505 0.255106 0.356130 0.255769 0.355758 0.255602 0.355383 0.254690 0.355245 0.252782 0.354451 0.249546 0.354031 0.246972 0.353331 0.245065 0.352630 0.243741 0.351570 0.243338 0.350768 0.241977 0.350557 0.242037 0.350026 0.241815 0.345755 0.229319 0.343768 0.222940 0.343828 0.222074 0.344552 0.221653 0.345187 0.221486 0.345484 0.220583 0.343375 0.217579 0.342940 0.216769 0.341698 0.213986 0.341299 0.213079 0.340818 0.211796 0.341271 0.210616 0.341448 0.209329 0.341388 0.207671 0.341326 0.206060
6 0.378599 0.287903 0.381672 0.291648 0.380203 0.295500 0.379260 0.296741 0.374802 0.291222 0.374953 0.289991 0.375315 0.289134 0.375737 0.288542 0.376490 0.288167 0.377604 0.287741
6 0.377781 0.280097 0.382961 0.285074 0.382971 0.288051 0.381672 0.291648 0.381703 0.291546 0.378599 0.287903 0.377604 0.287741 0.376008 0.285903 0.375076 0.284662 0.374794 0.283083 0.375589 0.281838 0.376802 0.280431
8 0.390365 0.230620 0.395187 0.239000 0.397607 0.242227 0.399953 0.244111 0.402523 0.247204 0.402523 0.245051 0.398440 0.240611 0.394052 0.234829 0.391589 0.230162 0.388984 0.227972
8 0.400021 0.236889 0.393667 0.231644 0.393440 0.232852 0.393440 0.233259 0.400625 0.239981
8 0.396768 0.227745 0.400021 0.236889 0.402523 0.245051 0.402742 0.240519 0.399339 0.230838 0.397372 0.227204
6 0.504443 0.448986 0.505737 0.456472 0.506495 0.462042 0.506779 0.464454 0.503453 0.464069 0.502521 0.464287 0.502250 0.462273 0.500862 0.451394 0.501565 0.449954 0.502427 0.449472
6 0.500036 0.445856 0.502250 0.462273 0.502521 0.464287 0.500487 0.464968 0.498685 0.466782 0.495068 0.445565 0.496417 0.446144
6 0.517148 0.434806 0.518479 0.432870 0.519164 0.431940 0.519568 0.431722 0.520115 0.432199 0.521203 0.435361 0.521359 0.436009 0.521672 0.436565 0.521880 0.437954 0.522557 0.441051 0.523008 0.442282 0.522857 0.444532 0.523008 0.447046 0.522195 0.446407 0.521292 0.444426 0.520958 0.442977 0.520477 0.441583 0.520266 0.441102 0.521427 0.438222 0.521391 0.437417 0.521148 0.437106 0.520904 0.437292 0.520414 0.438097 0.519961 0.439028 0.519513 0.440352 0.519302 0.439926 0.518708 0.438694 0.517552 0.436315
2 0.491104 0.298593 0.493128 0.306431 0.494935 0.311569 0.495586 0.314014 0.495174 0.316185 0.494112 0.316866 0.493339 0.318241 0.492659 0.319796 0.491885 0.318588 0.488690 0.307574 0.486565 0.301560 0.486464 0.299838 0.487143 0.298282 0.488018 0.297421 0.488979 0.297255
11 0.530279 0.525931 0.538448 0.504690 0.541901 0.496144 0.544201 0.490023 0.553221 0.466458 0.554383 0.462935 0.555016 0.460963 0.553849 0.459639 0.551951 0.462722 0.543411 0.484648 0.537419 0.498634 0.533734 0.508755 0.528880 0.519954 0.526927 0.524352 0.525935 0.524065 0.525180 0.524199 0.524422 0.525407 0.523893 0.527023 0.523969 0.528639 0.524195 0.530384 0.522818 0.533005 0.522766 0.535306 0.522927 0.537421 0.522656 0.538764 0.521953 0.538764 0.523818 0.543028 0.524953 0.542218 0.526237 0.542625 0.527297 0.546792 0.528583 0.551097 0.529719 0.550019 0.530096 0.547463 0.529263 0.542352 0.529719 0.540741 0.530323 0.539125 0.530625 0.537917 0.530927 0.533074 0.530021 0.529981 0.529036 0.527963
10 0.615727 0.494398 0.614523 0.495458 0.614273 0.496014 0.616711 0.508454 0.617086 0.511009 0.619687 0.513935 0.619333 0.511787 0.618461 0.506009 0.617961 0.500014 0.617151 0.496032
1 0.620443 0.569722 0.619328 0.570255 0.618182 0.571005 0.615109 0.573787 0.614023 0.574968 0.612367 0.575130 0.612607 0.573843 0.614628 0.572287 0.617609 0.570042 0.619328 0.568699 0.620232 0.568431
10 0.635724 0.569106 0.640081 0.564741 0.644315 0.560796 0.645203 0.559287 0.645391 0.557963 0.645609 0.557542 0.646049 0.556704 0.647422 0.556634 0.649156 0.557139 0.650042 0.557569 0.650768 0.558431 0.651656 0.559287 0.652099 0.560579 0.652260 0.562231 0.651898 0.563662 0.651172 0.564810 0.650122 0.564523 0.646453 0.561870 0.645565 0.561440 0.641531 0.566245 0.640081 0.568611 0.640000 0.569329 0.642419 0.583384 0.643346 0.587829 0.642177 0.588620 0.638023 0.572269 0.637135 0.569903 0.636370 0.570833 0.635401 0.570977 0.634768 0.570519
10 0.644844 0.562407 0.645786 0.564787 0.646003 0.566806 0.646003 0.569111 0.645680 0.570935 0.645086 0.572759 0.644167 0.574583 0.643034 0.575639 0.640982 0.575157 0.640000 0.569329 0.640081 0.568611 0.641531 0.566245
10 0.636727 0.568102 0.637172 0.563944 0.638380 0.560718 0.639510 0.558921 0.640922 0.558352 0.641971 0.558639 0.644315 0.560796
10 0.556909 0.636787 0.553281 0.627361 0.558307 0.626852 0.562839 0.627546 0.566432 0.629074 0.565391 0.635370 0.577143 0.644352 0.579086 0.649921 0.582003 0.655972 0.584818 0.660602 0.583438 0.663657 0.565289 0.649940 0.564227 0.651273 0.562604 0.651273 0.560854 0.650384 0.557292 0.638056
10 0.476435 0.283880 0.477414 0.288028 0.477367 0.289606 0.477414 0.290352 0.477182 0.291431 0.474687 0.290824 0.468531 0.290343 0.467823 0.290019 0.465352 0.285458 0.465607 0.284463 0.465982 0.283463 0.466961 0.283796 0.468500 0.284958 0.469901 0.285870 0.471068 0.286949 0.472469 0.287032 0.473542 0.286370 0.474474 0.285125 0.474943 0.284380
1 0.615138 0.555551 0.617940 0.553458 0.618784 0.553458 0.618906 0.554051 0.618815 0.555495 0.618695 0.556995 0.618810 0.558921 0.620924 0.566856 0.621229 0.567935 0.621714 0.569514 0.623573 0.578060 0.622424 0.578708 0.620443 0.569722 0.620232 0.568431 0.617938 0.559398 0.617773 0.558509 0.617724 0.555130 0.617437 0.555088 0.615677 0.556713 0.614932 0.556866
14 0.513922 0.454009 0.522224 0.458088 0.523016 0.456963 0.525862 0.453167 0.527995 0.452606 0.540802 0.457662 0.551951 0.462722 0.543411 0.484648 0.533451 0.493361 0.521987 0.490273 0.519695 0.485634 0.519062 0.481556 0.511315 0.478185 0.509891 0.476495 0.512263 0.465338 0.512104 0.464338 0.511141 0.463611 0.510682 0.462796 0.510578 0.461699 0.511036 0.458352 0.511852 0.456259 0.512516 0.454995
14 0.554383 0.462935 0.558891 0.464514 0.568732 0.473866 0.572831 0.477509 0.571719 0.481898 0.569505 0.482315 0.559458 0.487745 0.557698 0.488917 0.557987 0.490866 0.554669 0.490745 0.553674 0.489940 0.553284 0.489620 0.549531 0.486986 0.546456 0.490509 0.544201 0.490023 0.553221 0.466458
8 0.533612 0.434097 0.537805 0.440269 0.542576 0.446181 0.545396 0.450037 0.547203 0.454019 0.548503 0.456847 0.548792 0.461218 0.551107 0.462116 0.551396 0.456718 0.548445 0.453065 0.545971 0.448593 0.540544 0.440204 0.535562 0.434486 0.534479 0.432815
8 0.543586 0.434042 0.548487 0.441602 0.548958 0.443491 0.550849 0.446116 0.552857 0.449056 0.564896 0.461296 0.573169 0.468981 0.582628 0.478319 0.591500 0.486537 0.589938 0.488648 0.587044 0.491333 0.586070 0.490787 0.572831 0.477509 0.568732 0.473866 0.558891 0.464514 0.553117 0.458787 0.548445 0.453065 0.545971 0.448593 0.540544 0.440204 0.540107 0.439102 0.540591 0.436519 0.541164 0.434398 0.541826 0.433694 0.542487 0.433537
8 0.553211 0.541620 0.547901 0.571389 0.544779 0.588051 0.543341 0.587051 0.543091 0.586384 0.546839 0.564949 0.551026 0.541065 0.551464 0.540620 0.551964 0.540620
5 0.512344 0.492856 0.526607 0.498847 0.523354 0.502315 0.521039 0.505528 0.508750 0.498333 0.503164 0.488486
5 0.530346 0.500602 0.535693 0.503292 0.534234 0.505116 0.529049 0.510014 0.523271 0.505690 0.525971 0.502333 0.528401 0.501565
5 0.537732 0.507111 0.542721 0.509681 0.541924 0.511477 0.541708 0.513921 0.541562 0.516361 0.539089 0.513606 0.535807 0.511574
8 0.563346 0.510051 0.562039 0.520009 0.560779 0.529713 0.559940 0.535856 0.559380 0.544981 0.559052 0.559833 0.559193 0.564894 0.557466 0.567384 0.557466 0.556514 0.557839 0.542324 0.559240 0.528056 0.560359 0.519509 0.561385 0.508972
8 0.552430 0.496032 0.553440 0.498986 0.554237 0.500657 0.555844 0.504801 0.555979 0.505634 0.558052 0.510528 0.559826 0.515838 0.560432 0.518162 0.560359 0.519509 0.559688 0.524630 0.555255 0.509704 0.553896 0.506954 0.552312 0.502148 0.551424 0.499579 0.551380 0.498167 0.551380 0.496843
8 0.546438 0.502185 0.549984 0.512144 0.554745 0.524755 0.557266 0.530310 0.558594 0.534398 0.553997 0.528903 0.550685 0.520273 0.546763 0.509986 0.544896 0.505588 0.544943 0.504343 0.545365 0.503264
5 0.363706 0.220528 0.371516 0.231176 0.370266 0.231968 0.369641 0.233509 0.371203 0.236731 0.374523 0.242407 0.371424 0.246278 0.370505 0.248361 0.369839 0.251630 0.368831 0.254449 0.367323 0.256977 0.367016 0.258167 0.351771 0.237963 0.351021 0.236065 0.352271 0.232301 0.352583 0.229731 0.353208 0.228069 0.353833 0.228069 0.355583 0.224412 0.357583 0.221968 0.358331 0.220194 0.359018 0.219403 0.360768 0.220528 0.362143 0.220292
5 0.365130 0.214306 0.375701 0.229190 0.376513 0.230398 0.375969 0.231213 0.375594 0.231769 0.373909 0.232431 0.371516 0.231176 0.363706 0.220528 0.362143 0.220292 0.362161 0.219324 0.362474 0.218213 0.363411 0.216440
8 0.342740 0.225583 0.342414 0.248625 0.341016 0.246620 0.341604 0.225773 0.342091 0.225389
8 0.370229 0.188338 0.373216 0.191657 0.379805 0.198954 0.385018 0.205662 0.390104 0.212639 0.388336 0.214282 0.385120 0.209565 0.381263 0.204616 0.374242 0.196264 0.368411 0.190218 0.366628 0.188199 0.359878 0.181671 0.354586 0.175815 0.354208 0.174472 0.355721 0.174856 0.358961 0.177931 0.362740 0.181671 0.367654 0.186088 0.368479 0.186782
5 0.511901 0.407037 0.511440 0.407366 0.510867 0.407685 0.510266 0.408116 0.509964 0.408380 0.509633 0.408917 0.509542 0.409347 0.509766 0.412014 0.514318 0.419523 0.518552 0.426472 0.520810 0.430639 0.520135 0.425495 0.518190 0.412245 0.518099 0.409481 0.513833 0.408134
5 0.509792 0.413444 0.509896 0.419023 0.510211 0.421384 0.510245 0.422681 0.510211 0.426176 0.514690 0.426468 0.516419 0.427810 0.517659 0.429056 0.517987 0.431069 0.518612 0.431426 0.519568 0.431722 0.520115 0.432199 0.520669 0.431981 0.520852 0.431426 0.518672 0.427838 0.514844 0.421958
5 0.532161 0.429014 0.528146 0.429426 0.528180 0.427894 0.527747 0.422134 0.526409 0.414176 0.534398 0.416963 0.536456 0.417829
5 0.462078 0.385833 0.468721 0.391690 0.469044 0.396491 0.469154 0.397741 0.469531 0.399657 0.470018 0.401773 0.470612 0.403403 0.471690 0.404843 0.475255 0.408972 0.474174 0.410315 0.467479 0.403306 0.458406 0.392843 0.458461 0.392074 0.461594 0.385741
5 0.471635 0.395491 0.476195 0.400366 0.476557 0.401153 0.476557 0.402014 0.476357 0.403162 0.476034 0.403949 0.475589 0.404093 0.475065 0.404236 0.474016 0.403736 0.473208 0.402875 0.472685 0.401870 0.472201 0.400653 0.471677 0.398931
5 0.383151 0.268981 0.391185 0.281060 0.388826 0.284042 0.386901 0.283889 0.385560 0.284727 0.382937 0.280838 0.377812 0.273509 0.376938 0.271731 0.376375 0.270287 0.377531 0.268574 0.379206 0.268435
8 0.329320 0.197593 0.331299 0.197366 0.333224 0.196856 0.335833 0.196343 0.337117 0.196329 0.337677 0.196394 0.338513 0.196329 0.339594 0.195894 0.340901 0.195648 0.341344 0.196148 0.341505 0.197079 0.341344 0.197870 0.340982 0.198370 0.340417 0.198588 0.339104 0.199491 0.336784 0.199171 0.335669 0.199616 0.332708 0.199306 0.331138 0.199880 0.329927 0.200093 0.328638 0.200449 0.327750 0.200593 0.327943 0.200231 0.328867 0.199389
5 0.392669 0.269625 0.394661 0.272731 0.396016 0.277347 0.392669 0.280032 0.391388 0.281347 0.391185 0.281060 0.383216 0.269042 0.384635 0.269176 0.390326 0.269764
1 0.398953 0.206736 0.388490 0.215356 0.379966 0.222977 0.378740 0.223250 0.378589 0.222704 0.385927 0.216361 0.388336 0.214282 0.392547 0.210861 0.398620 0.206236
8 0.390885 0.213611 0.397435 0.224264 0.400094 0.227583 0.401378 0.228296 0.401961 0.231403 0.402055 0.232315 0.401216 0.233144 0.399815 0.231236 0.392346 0.219866 0.388490 0.215356
6 0.365294 0.199741 0.369547 0.199440 0.373612 0.199741 0.378039 0.200509 0.381263 0.204616 0.383672 0.207685 0.369508 0.207227 0.365078 0.207227 0.363406 0.202718 0.364107 0.199546
8 0.485698 0.375602 0.488089 0.373884 0.490289 0.372171 0.490951 0.371796 0.491404 0.371315 0.491703 0.371046 0.492247 0.370940 0.492758 0.371366 0.492307 0.372440 0.491253 0.373083 0.489294 0.375171 0.486130 0.377421 0.484141 0.379241 0.482576 0.380796 0.481490 0.381440 0.480737 0.381704 0.480013 0.381759 0.479622 0.381546 0.479260 0.380954 0.479711 0.380204 0.480888 0.379509 0.481878 0.378500 0.482677 0.378134 0.482854 0.377699 0.483690 0.377153 0.484771 0.376176
8 0.389104 0.231944 0.394602 0.241829 0.398536 0.249162 0.395664 0.246718 0.388667 0.233611 0.388667 0.232611
6 0.381714 0.200958 0.397771 0.202264 0.403766 0.207444 0.403982 0.209657 0.398201 0.207662 0.398953 0.206736 0.398620 0.206236 0.394422 0.209079 0.386755 0.207731 0.385018 0.205662
8 0.339122 0.143060 0.342344 0.157829 0.344201 0.169671 0.344589 0.172028 0.342995 0.174583 0.340229 0.157218 0.338698 0.150648 0.337917 0.147546 0.337440 0.145250 0.337440 0.144199 0.337440 0.143583 0.337508 0.142903 0.337753 0.142588 0.338000 0.142407 0.338625 0.142407
8 0.345052 0.174259 0.346292 0.181218 0.344313 0.180106 0.343661 0.176866
8 0.346682 0.182699 0.347802 0.189227 0.348427 0.193116 0.348271 0.193394 0.347698 0.193347 0.347099 0.192792 0.346578 0.192051 0.346292 0.191079 0.344469 0.181681
8 0.460026 0.290231 0.467539 0.303912 0.475924 0.322546 0.486044 0.346963 0.488357 0.351977 0.491393 0.357759 0.488214 0.363157 0.482576 0.350306 0.472164 0.326403 0.460888 0.301597 0.458206 0.295588 0.456680 0.292653 0.454714 0.288838 0.453505 0.286264 0.452385 0.283528 0.452430 0.282694 0.453036 0.282370 0.454107 0.283231
8 0.473031 0.354662 0.475130 0.359829 0.477591 0.365421 0.481180 0.373546 0.482854 0.377699 0.482677 0.378134 0.481878 0.378500 0.480656 0.375653 0.478216 0.369579 0.475115 0.362264 0.473435 0.358606 0.472833 0.357079 0.472628 0.356157 0.472523 0.355366 0.472547 0.354722
