0 0.412159 0.185370 0.419031 0.176426 0.420289 0.174019 0.422417 0.171093 0.423773 0.169542 0.424451 0.169028 0.426677 0.162833 0.429289 0.162662 0.435966 0.162662 0.441193 0.163005 0.444289 0.165069 0.446805 0.169542 0.448643 0.173500 0.451935 0.176940 0.454935 0.182449 0.456096 0.191222 0.456385 0.197588 0.455419 0.202060 0.455128 0.206532 0.454451 0.210491 0.454161 0.213931 0.454742 0.216167 0.458323 0.225977 0.460935 0.234579 0.463034 0.241648 0.463326 0.246157 0.463471 0.250269 0.463034 0.256685 0.461294 0.263380 0.459784 0.269023 0.458911 0.272634 0.455729 0.279569 0.454141 0.280083 0.451828 0.279449 0.449872 0.278278 0.449370 0.277125 0.449729 0.275199 0.450453 0.273394 0.450599 0.272375 0.445326 0.264412 0.442789 0.259130 0.441995 0.257458 0.440766 0.250509 0.438745 0.234181 0.426599 0.226218 0.423680 0.223852 0.422000 0.226241 0.420096 0.228431 0.417409 0.231019 0.416513 0.232412 0.416065 0.235597 0.415594 0.239537 0.417620 0.251361 0.417763 0.257046 0.418826 0.262713 0.420263 0.265046 0.424760 0.268708 0.429109 0.273718 0.429547 0.274755 0.430021 0.277528 0.430000 0.279213 0.430052 0.281806 0.430258 0.288657 0.430521 0.293009 0.430409 0.294421 0.429115 0.292037 0.428633 0.293245 0.430161 0.296648 0.429344 0.301866 0.428224 0.305190 0.427258 0.304722 0.427258 0.306963 0.425953 0.311639 0.424375 0.314259 0.424135 0.315606 0.423995 0.316412 0.423438 0.317093 0.422182 0.317403 0.419268 0.317542 0.417865 0.317963 0.416276 0.318194 0.413880 0.318449 0.412940 0.318449 0.412552 0.316639 0.411427 0.315194 0.409302 0.314083 0.407180 0.311972 0.404430 0.307199 0.403180 0.304532 0.401180 0.300532 0.400242 0.297644 0.399495 0.294648 0.398250 0.295579 0.397799 0.294403 0.396961 0.290421 0.397185 0.287093 0.397758 0.284009 0.398542 0.281801 0.401224 0.279037 0.402674 0.275421 0.404901 0.270088 0.405289 0.266648 0.405154 0.260315 0.403604 0.247583 0.402635 0.243972 0.401862 0.243972 0.400120 0.236403 0.397216 0.236056 0.393445 0.236792 0.390018 0.239417 0.386766 0.245519 0.383086 0.253264 0.381635 0.256875 0.380766 0.260662 0.381247 0.276315 0.378443 0.290769 0.377471 0.290903 0.377398 0.293991 0.377182 0.296315 0.376177 0.296611 0.376094 0.300778 0.376344 0.303306 0.376964 0.305444 0.374690 0.305986 0.372953 0.305588 0.370716 0.303796 0.368331 0.299815 0.366740 0.296412 0.364557 0.293444 0.362719 0.289426 0.360458 0.283032 0.358880 0.277380 0.358880 0.273815 0.361466 0.253153 0.362719 0.245111 0.364398 0.244514 0.365654 0.243917 0.366068 0.242741 0.363302 0.237986 0.362888 0.234699 0.362641 0.229644 0.362641 0.226380 0.362216 0.222954 0.361219 0.218060 0.359013 0.211750 0.361039 0.205042 0.364534 0.194708 0.365888 0.190069 0.368307 0.187324 0.372271 0.184037 0.374792 0.181111 0.378172 0.179741 0.379818 0.180616 0.383984 0.186449 0.397432 0.192301
1 0.398029 0.266130 0.396112 0.268361 0.395844 0.266343 0.396635 0.265306 0.402154 0.259454 0.402734 0.261005
1 0.397836 0.280412 0.392333 0.286694 0.388391 0.292458 0.387078 0.294273 0.384477 0.300056 0.384992 0.302412 0.388740 0.294968 0.392365 0.289514 0.394438 0.286218 0.398542 0.281801 0.401224 0.279037 0.400836 0.278347
2 0.380609 0.301074 0.377516 0.297949 0.377182 0.296315 0.376177 0.296611 0.376094 0.300778 0.376344 0.303306 0.376964 0.305444 0.378802 0.307963 0.380401 0.302889
2 0.381086 0.299000 0.380401 0.302889 0.378802 0.307963 0.380656 0.310361 0.384992 0.302412 0.384477 0.300056 0.382885 0.298769
2 0.558484 0.498722 0.558755 0.497667 0.559943 0.496801 0.562104 0.494208 0.567667 0.494500 0.569339 0.495361 0.570042 0.496611 0.571391 0.501699 0.567870 0.502495 0.568357 0.505856 0.571174 0.505153 0.570365 0.509856 0.569393 0.509764 0.566099 0.506884 0.566802 0.502657 0.562589 0.502560
2 0.579708 0.447199 0.581922 0.488190 0.579276 0.488769 0.576576 0.443361 0.579276 0.442685
2 0.593630 0.497611 0.594130 0.494505 0.594568 0.491171 0.594818 0.488727 0.595318 0.487060 0.596130 0.486727 0.597880 0.487505 0.603065 0.487394 0.614497 0.485838 0.615497 0.490282 0.616247 0.489616 0.615497 0.485949 0.616435 0.485838 0.619227 0.487958 0.617708 0.489245 0.615393 0.492074 0.612719 0.495671 0.611419 0.499528 0.609125 0.499611 0.604753 0.500611 0.601690 0.501722 0.599565 0.502833 0.593568 0.500056
1 0.425609 0.361477 0.432049 0.351065 0.433557 0.352106 0.426781 0.362514
2 0.496055 0.415778 0.503120 0.407866 0.505055 0.409759 0.497992 0.418361
2 0.488924 0.422713 0.487065 0.422213 0.486000 0.422384 0.484958 0.424458 0.487445 0.427560
1 0.492070 0.418894 0.490133 0.423782 0.488945 0.429000 0.487445 0.427560 0.489695 0.420116 0.490883 0.417560
2 0.491216 0.423708 0.491000 0.424370 0.490938 0.426593 0.491125 0.428593 0.491117 0.429435 0.490417 0.430264 0.488945 0.429000 0.490133 0.423782 0.490510 0.423380
2 0.497375 0.430704 0.497849 0.431273 0.498930 0.432231 0.499523 0.433000 0.499630 0.434250 0.499685 0.439912 0.491437 0.430926 0.497063 0.427148
2 0.587958 0.498273 0.567870 0.502495 0.568357 0.505856 0.587687 0.501245 0.588497 0.500861 0.600919 0.507583 0.602214 0.505088 0.593568 0.500056
2 0.493724 0.421111 0.491687 0.423037 0.491000 0.424370 0.490938 0.426593 0.491125 0.428593 0.491437 0.430926 0.497063 0.427148 0.497375 0.430704 0.505560 0.428259 0.505935 0.427704 0.505997 0.425704 0.507495 0.426259 0.509370 0.426148 0.510495 0.425704 0.511602 0.424926 0.512682 0.421662 0.512182 0.418593 0.509307 0.417259 0.507995 0.415708 0.506122 0.411486 0.505055 0.409759 0.497992 0.418361 0.499055 0.419565
1 0.583583 0.425759 0.583083 0.425759 0.582708 0.426648 0.588706 0.442532 0.592268 0.450194 0.595831 0.454847 0.595893 0.452972 0.592643 0.448194 0.589956 0.442310
2 0.594393 0.451194 0.596018 0.449861 0.597578 0.450083 0.598266 0.448306 0.599266 0.447861 0.600141 0.448083 0.601078 0.450972 0.601516 0.452306 0.601016 0.453861 0.599828 0.455083 0.598828 0.455861
1 0.592578 0.476528 0.592456 0.478407 0.607326 0.485519 0.608763 0.485394 0.608888 0.483282
1 0.596984 0.456366 0.606544 0.465255 0.608156 0.466977 0.609005 0.467838 0.610174 0.470560 0.611505 0.474435 0.613885 0.484116 0.614497 0.485838 0.615497 0.490282 0.616247 0.489616 0.615497 0.485949 0.614375 0.481731 0.611786 0.471926 0.610578 0.468194 0.609529 0.465903 0.603841 0.460810 0.598828 0.455861 0.598073 0.455218
1 0.580427 0.446926 0.582839 0.461065 0.585055 0.460162 0.581656 0.446537
1 0.511747 0.443579 0.504674 0.438875 0.503971 0.440315 0.511440 0.444894
1 0.506250 0.437546 0.500948 0.441083 0.500409 0.439644 0.505323 0.436380
1 0.500948 0.434843 0.507591 0.427931 0.505935 0.427704 0.500409 0.433213
1 0.504135 0.432444 0.509372 0.434940 0.509750 0.433116 0.504891 0.431194
1 0.607833 0.507352 0.605953 0.513264 0.607109 0.513394 0.609063 0.506968
2 0.571182 0.412556 0.571893 0.413005 0.576404 0.422306 0.581372 0.434625 0.587388 0.446014 0.584643 0.450431 0.576534 0.433347 0.574659 0.429583 0.573536 0.427847 0.572612 0.425329 0.571044 0.421028 0.571883 0.417532
2 0.608729 0.508259 0.612229 0.510167 0.612719 0.511606 0.612276 0.512903 0.608076 0.510333
2 0.497451 0.383824 0.500714 0.387394 0.504896 0.390815 0.507404 0.391259 0.510247 0.392449 0.513177 0.393787 0.516362 0.397111 0.520620 0.400542 0.521594 0.400065 0.521430 0.398815 0.522294 0.398625 0.522781 0.399486 0.522294 0.401310 0.525102 0.401597 0.525534 0.400449 0.526398 0.400255 0.527318 0.400542 0.528557 0.402079 0.529477 0.404574 0.531042 0.409088 0.531096 0.412065 0.531042 0.417343 0.531799 0.418880 0.534003 0.418264 0.536563 0.417921 0.537875 0.417370 0.539310 0.415449 0.539247 0.412231 0.539872 0.410120 0.540935 0.408787 0.542060 0.408120 0.543560 0.408676 0.544935 0.407343 0.546120 0.405343 0.546190 0.399380 0.547128 0.397815 0.547378 0.396491 0.547185 0.392819 0.546315 0.390606 0.545378 0.389815 0.533133 0.382500 0.528617 0.378634 0.522268 0.374769 0.520745 0.373861 0.517208 0.370903 0.515326 0.369875 0.514188 0.373134 0.512380 0.370694 0.511010 0.373384 0.509922 0.375065 0.509128 0.375185 0.507823 0.374157 0.505297 0.379435 0.501247 0.376986 0.500596 0.376597 0.499583 0.377370 0.498789 0.379051 0.498354 0.379810
1 0.528508 0.442819 0.528070 0.443931 0.530070 0.446708 0.525695 0.451153 0.525383 0.453037 0.525758 0.452926 0.530695 0.448042 0.531070 0.446819 0.531070 0.445931
1 0.527500 0.440694 0.525383 0.453037 0.524323 0.452926 0.526508 0.440597
9 0.576404 0.422306 0.577122 0.421259 0.578888 0.420329 0.579674 0.420792 0.580000 0.423236 0.581047 0.424861 0.581831 0.427185 0.582091 0.428463 0.582091 0.431255 0.581896 0.433579 0.581372 0.434625
2 0.662083 0.547315 0.659659 0.553458 0.656674 0.554819 0.660312 0.546343
2 0.646133 0.595625 0.650380 0.597403 0.648818 0.614731 0.647852 0.616972 0.646831 0.616741 0.645008 0.610764 0.645464 0.597977
2 0.673115 0.546310 0.670857 0.548176 0.689224 0.539870 0.688292 0.539972 0.687099 0.540204 0.686414 0.540306 0.685417 0.539532 0.684542 0.538866 0.683789 0.539755 0.683419 0.540972 0.682479 0.541194 0.680419 0.540972 0.677109 0.543153 0.675656 0.544231
1 0.654716 0.551671 0.656693 0.553333 0.656146 0.554630 0.654263 0.552912
2 0.602711 0.512778 0.603273 0.514338 0.603086 0.519319 0.599354 0.524796 0.599005 0.524384 0.593513 0.516801 0.594161 0.512046 0.597344 0.507546 0.597995 0.506259 0.599992 0.508685
2 0.580674 0.499801 0.580313 0.497875 0.580344 0.496583 0.580646 0.495671 0.593419 0.492838 0.594130 0.494505 0.593630 0.497611 0.593568 0.500056 0.587958 0.498273
2 0.578539 0.490935 0.583214 0.486968 0.583979 0.490065 0.579482 0.494097
2 0.646227 0.507083 0.646443 0.504384 0.647240 0.501944 0.647888 0.501042 0.648828 0.500917 0.659602 0.509398 0.670805 0.518394 0.671549 0.518394 0.672115 0.518481 0.672859 0.518727 0.673930 0.519060 0.675237 0.519884 0.677435 0.522042 0.677898 0.523380 0.678461 0.524370 0.687417 0.531208 0.689289 0.533431 0.689724 0.535639 0.689414 0.538315 0.689224 0.539870 0.688292 0.539972 0.687099 0.540204 0.686414 0.540306 0.685417 0.539532 0.684542 0.538866 0.683789 0.539755 0.683419 0.540972 0.682479 0.541194 0.680419 0.540972 0.678042 0.538866 0.676422 0.535306 0.674607 0.525977 0.673734 0.525204 0.670734 0.524653 0.667734 0.523870 0.665737 0.523764 0.663424 0.524870 0.660237 0.525088 0.658177 0.524097 0.656117 0.522431 0.651055 0.519319 0.647492 0.517880 0.645930 0.517097
2 0.533953 0.419694 0.548263 0.437361 0.549865 0.439245 0.552424 0.441796 0.553987 0.444352 0.554474 0.444176 0.555799 0.445463 0.556112 0.446241 0.555362 0.448130 0.554612 0.450241 0.552924 0.452907 0.552112 0.453019 0.550737 0.450130 0.549115 0.448352 0.548740 0.447796 0.547292 0.446389 0.543620 0.446662 0.543247 0.444574 0.545779 0.442245 0.545940 0.441102 0.546750 0.440333 0.546320 0.439278 0.544320 0.440528 0.543404 0.441773 0.540216 0.439662 0.537086 0.438606 0.536328 0.437264 0.535141 0.434093 0.534708 0.432463 0.532440 0.433231 0.528607 0.425551 0.529417 0.424685 0.529526 0.423245 0.531146 0.422671 0.532549 0.421329 0.532927 0.420463
10 0.432214 0.298241 0.434195 0.293991 0.436070 0.293546 0.438068 0.293324 0.439005 0.292991 0.444628 0.295991 0.446065 0.296991 0.446003 0.299546 0.445628 0.301986 0.444440 0.304319 0.443573 0.305685 0.443500 0.314296 0.442779 0.316736 0.441260 0.320977 0.439042 0.314634 0.436378 0.307801 0.435547 0.305833
2 0.631831 0.484514 0.631266 0.486120 0.630193 0.489032 0.630021 0.490440 0.630305 0.490843 0.630193 0.491949 0.629797 0.492148 0.629456 0.492449 0.629344 0.494963 0.625878 0.489116 0.623635 0.486806 0.622190 0.486546 0.620961 0.486676 0.619906 0.487125 0.618810 0.485616 0.621622 0.485616 0.623245 0.485060 0.625057 0.485616 0.628995 0.485505 0.629995 0.484171
2 0.554612 0.450241 0.558193 0.451106 0.559602 0.452755 0.560695 0.454593 0.560695 0.458463 0.559284 0.459542 0.558833 0.459370 0.552992 0.457602 0.547224 0.455667 0.546417 0.454949 0.546135 0.453806 0.547284 0.447653 0.548740 0.447796 0.549115 0.448352 0.550737 0.450130 0.552112 0.453019 0.552924 0.452907
5 0.570187 0.426611 0.571789 0.403616 0.573089 0.383954 0.572151 0.379838 0.549234 0.363519 0.548078 0.367500 0.547065 0.379838 0.546315 0.390606 0.547185 0.392819 0.547378 0.396491 0.547128 0.397815 0.546190 0.399380 0.546120 0.405343 0.547245 0.406009 0.549370 0.412898 0.550370 0.416116 0.555487 0.416657 0.556448 0.421639 0.558029 0.421782 0.558776 0.424435 0.563242 0.428940 0.566536 0.432106 0.569292 0.433741 0.570187 0.426611
1 0.527820 0.437046 0.529133 0.442153 0.527945 0.442708 0.526883 0.437597
1 0.527820 0.437046 0.532299 0.432866 0.533268 0.433009 0.533146 0.433509 0.528185 0.438745
2 0.455135 0.319824 0.456935 0.314634 0.458943 0.310917 0.460698 0.309727 0.463542 0.313444 0.466638 0.311361 0.467977 0.312255 0.469479 0.311759 0.470734 0.312704 0.470734 0.315079 0.470651 0.317458 0.470820 0.319690 0.474333 0.325343 0.475922 0.325194 0.476424 0.326829 0.476339 0.328167 0.477760 0.330843 0.477846 0.333519 0.470904 0.331287 0.470904 0.333815 0.477008 0.335602 0.475839 0.337384 0.475503 0.338722 0.476172 0.340361 0.477177 0.341551 0.479018 0.346870 0.477831 0.348116 0.475510 0.346968 0.473411 0.350472 0.470734 0.350171 0.458773 0.332032 0.458690 0.331588 0.459026 0.330843 0.464797 0.331287 0.462539 0.328611 0.457240 0.327870 0.455471 0.322796
10 0.538839 0.439176 0.537320 0.440588 0.535297 0.443931 0.534141 0.446370 0.530091 0.452157 0.521849 0.462310 0.525609 0.466292 0.534719 0.457296 0.534500 0.455111 0.535948 0.453954 0.537826 0.451384 0.538044 0.449069 0.538477 0.447273 0.539852 0.446884 0.542885 0.447144 0.543247 0.444574 0.545779 0.442255 0.545940 0.441102 0.546750 0.440333 0.546320 0.439278 0.544320 0.440528 0.543404 0.441773 0.540216 0.439662
10 0.636938 0.507366 0.625878 0.489116 0.623635 0.486806 0.622190 0.486546 0.620961 0.486676 0.619227 0.487958 0.617708 0.489245 0.615393 0.492074 0.612719 0.495671 0.611359 0.499481 0.611505 0.500523 0.607406 0.501046 0.604479 0.502736 0.602214 0.505088 0.600919 0.507583 0.600453 0.509241 0.602430 0.512106 0.604003 0.508995 0.604456 0.507755 0.605945 0.507171 0.607760 0.507361 0.609063 0.506968 0.611589 0.506898 0.611779 0.508782 0.612719 0.511606 0.621396 0.527287 0.629419 0.541940 0.635130 0.551704
5 0.474826 0.397519 0.466628 0.393505 0.463617 0.391569 0.462698 0.390380 0.459435 0.390532 0.457094 0.390380 0.454500 0.389343 0.452242 0.388153 0.451406 0.387704 0.445299 0.383097 0.426781 0.362514 0.433557 0.352106 0.432049 0.351065 0.425609 0.361477 0.424773 0.360731 0.426948 0.355079 0.427534 0.350023 0.426195 0.348537 0.426698 0.347644 0.425779 0.339023 0.427534 0.338870 0.429039 0.339171 0.436818 0.346157 0.441083 0.348685 0.446521 0.353593 0.449198 0.356417 0.452458 0.353741 0.453214 0.354634 0.451456 0.356866 0.453380 0.358056 0.453464 0.356866 0.454133 0.356718 0.454885 0.357310 0.456141 0.357458 0.458398 0.357759 0.458482 0.359245 0.458482 0.360287 0.459318 0.362069 0.460323 0.364597 0.473203 0.373519 0.480313 0.378722 0.480229 0.379468 0.479914 0.386255 0.477591 0.391588
1 0.589859 0.474231 0.591198 0.474829 0.589443 0.489546 0.588187 0.489546
10 0.381635 0.256875 0.389570 0.270639 0.387927 0.274769 0.381732 0.286296 0.378443 0.290769 0.381247 0.276315 0.380766 0.260662
2 0.601753 0.539931 0.598357 0.533505 0.597417 0.532222 0.595464 0.530935 0.593294 0.528880 0.591633 0.525667 0.590909 0.523227 0.590331 0.515259 0.591302 0.503194 0.593294 0.504079 0.596115 0.505361 0.597995 0.506259 0.597344 0.507546 0.594161 0.512046 0.593513 0.516801 0.599005 0.524384 0.604068 0.529907 0.606742 0.533505 0.607971 0.533505 0.610500 0.531838 0.612164 0.530037 0.615849 0.527208 0.617440 0.528750 0.618596 0.528750 0.618958 0.527338 0.620839 0.526310 0.621396 0.527287 0.627706 0.538648
2 0.558094 0.442727 0.558719 0.444894 0.559339 0.446602 0.560638 0.449014 0.565724 0.457051 0.563802 0.459662 0.559602 0.452755 0.558193 0.451106 0.554943 0.448440 0.556193 0.445884 0.555130 0.444218 0.556380 0.443898 0.556453 0.443250 0.557182 0.442861
1 0.557240 0.460278 0.563359 0.466671 0.563872 0.464931 0.558833 0.459370
2 0.470417 0.408981 0.485026 0.424583 0.486000 0.422384 0.487065 0.422213 0.488430 0.414986 0.489292 0.404838 0.490557 0.400366 0.491138 0.397269 0.492688 0.393310 0.494388 0.390301 0.495760 0.387088 0.496917 0.385417 0.497451 0.383824 0.498354 0.379810 0.498789 0.379051 0.499583 0.377370 0.500914 0.368708 0.502172 0.366296 0.503130 0.364060 0.503333 0.358556 0.501591 0.358213 0.499365 0.357523 0.497526 0.357009 0.496268 0.358384 0.494818 0.360278 0.493945 0.362343 0.493549 0.365954 0.493076 0.366296 0.492979 0.364231 0.491323 0.363718 0.489581 0.363718 0.488042 0.364060 0.485914 0.365954 0.482042 0.373181 0.480784 0.376620 0.480203 0.379546 0.479914 0.386255 0.477591 0.391588 0.472161 0.404148
2 0.539466 0.464287 0.540221 0.463616 0.541034 0.464000 0.541247 0.465153 0.540924 0.467454 0.537307 0.474366 0.533852 0.473792 0.532609 0.472449 0.533687 0.470241 0.536172 0.470144
2 0.545552 0.455792 0.549865 0.458792 0.549865 0.459903 0.546240 0.464458 0.544240 0.462903
2 0.539599 0.455204 0.538943 0.457769 0.544234 0.459880 0.545260 0.454694 0.544922 0.454204 0.543510 0.455639 0.541690 0.454560 0.541609 0.452917 0.540042 0.452338
2 0.545609 0.446440 0.546857 0.449472 0.545365 0.452981 0.544922 0.454204 0.543510 0.455639 0.541690 0.454560 0.541609 0.452917 0.540042 0.452338 0.539599 0.455204 0.537661 0.454273 0.537826 0.451384 0.538044 0.449069 0.538477 0.447273 0.539852 0.446884 0.542885 0.447144 0.543620 0.446662
2 0.537185 0.423782 0.537497 0.421227 0.538622 0.419671 0.539497 0.418227 0.539310 0.415449 0.539247 0.412231 0.539872 0.410120 0.540935 0.408787 0.542060 0.408120 0.543560 0.408676 0.544935 0.407343 0.546120 0.405343 0.547245 0.406009 0.549370 0.412898 0.550370 0.416116 0.546125 0.415866 0.543560 0.423116 0.545185 0.427449 0.544685 0.429444 0.543935 0.431111 0.543435 0.431444
2 0.519000 0.435583 0.513924 0.430301 0.511440 0.427519 0.511602 0.424926 0.512682 0.421662 0.513979 0.418208 0.513331 0.416958 0.513221 0.416190 0.513708 0.415231 0.514518 0.413981 0.515544 0.412736 0.517164 0.411102 0.518352 0.409472 0.519865 0.409088 0.520352 0.408319 0.521755 0.405727 0.520945 0.404000 0.520081 0.402653 0.519919 0.401213 0.520620 0.400542 0.521594 0.400065 0.521430 0.398815 0.522294 0.398625 0.522781 0.399486 0.522294 0.401310 0.525102 0.401597 0.525534 0.400449 0.526398 0.400255 0.527318 0.400542 0.528557 0.402079 0.529477 0.404574 0.531042 0.409088 0.531096 0.412065 0.531042 0.417343 0.531799 0.418880 0.532716 0.419551 0.532927 0.420463 0.532549 0.421329 0.531146 0.422671 0.529526 0.423245 0.529417 0.424685 0.528607 0.425551 0.526453 0.428769 0.522781 0.434046 0.520729 0.434241
8 0.416276 0.318194 0.416378 0.321523 0.417865 0.317963
6 0.522240 0.436157 0.526076 0.437407 0.524508 0.451903 0.520404 0.451903 0.520297 0.447681
8 0.634659 0.566505 0.629010 0.566991 0.631794 0.570088 0.634536 0.569731
8 0.636461 0.500588 0.636099 0.501019 0.634849 0.501231 0.633034 0.501162 0.635615 0.505319 0.637026 0.503741 0.637141 0.500991
8 0.601753 0.539931 0.601042 0.540616 0.603776 0.542505 0.623151 0.542505 0.629802 0.542505 0.629802 0.542505 0.627706 0.538648 0.627612 0.538602
8 0.649255 0.484981 0.651596 0.487995 0.651031 0.489644 0.648495 0.493806 0.647359 0.494880 0.646674 0.495167 0.646836 0.491079 0.647924 0.489644 0.648531 0.487491 0.648737 0.485843
8 0.643951 0.572125 0.653323 0.562991 0.650888 0.574569 0.643589 0.581120
6 0.691552 0.628537 0.686953 0.636120 0.683188 0.642218 0.663617 0.636269 0.662109 0.629282 0.662195 0.626903 0.664117 0.619616
10 0.494388 0.390301 0.509568 0.402894 0.518352 0.409472 0.519865 0.409088 0.520352 0.408319 0.521755 0.405727 0.520945 0.404000 0.520081 0.402653 0.519919 0.401213 0.520620 0.400542 0.516362 0.397111 0.503641 0.390431 0.499302 0.386829 0.496917 0.385417 0.495760 0.387088
10 0.513880 0.434259 0.517219 0.435102 0.517651 0.437505 0.518945 0.438750 0.516948 0.457375 0.511711 0.452384 0.511440 0.444894
9 0.494120 0.413602 0.494120 0.412699 0.493612 0.411931 0.493685 0.410773 0.494841 0.410389 0.496937 0.410773 0.497552 0.411157 0.497760 0.412361 0.497552 0.414167 0.496055 0.415778
2 0.493724 0.421111 0.499055 0.419565 0.493539 0.412681 0.489185 0.413713 0.489570 0.415954
2 0.500406 0.400917 0.498026 0.405815 0.497044 0.406727 0.493685 0.410773 0.492005 0.413032 0.489185 0.413713 0.489570 0.415954 0.489857 0.416352 0.488130 0.419588 0.487477 0.419755 0.488430 0.414986 0.488878 0.409963 0.492659 0.404236 0.495039 0.401083 0.496672 0.399093 0.498724 0.396769 0.500453 0.395194 0.503393 0.397764
2 0.490698 0.399093 0.492750 0.399593 0.493497 0.400505 0.493779 0.402662 0.495039 0.401083 0.495831 0.400005 0.495411 0.397681 0.493544 0.394528 0.492688 0.393310 0.491138 0.397269
2 0.514422 0.365685 0.514151 0.367319 0.512315 0.369907 0.504917 0.364917 0.506375 0.360407
1 0.516148 0.365972 0.515339 0.367991 0.517208 0.370903 0.521062 0.373847 0.521062 0.373847 0.521172 0.373171
1 0.506479 0.357139 0.510096 0.359731 0.513174 0.360981 0.516305 0.361463 0.515982 0.364148 0.511932 0.363287 0.505831 0.359542
2 0.512581 0.355699 0.516953 0.352148 0.519979 0.350611 0.521383 0.358773 0.518789 0.359829 0.516305 0.361463 0.513174 0.360981 0.512633 0.358773 0.513672 0.357037
1 0.513672 0.357037 0.509555 0.351093 0.505992 0.347731 0.505398 0.349847 0.509771 0.354551 0.512633 0.358773
1 0.464820 0.312509 0.458674 0.303384 0.454844 0.297731 0.454271 0.298218 0.454271 0.299273 0.454865 0.301097 0.459076 0.306185 0.459940 0.306856 0.460698 0.309727 0.463542 0.313444
1 0.454120 0.296444 0.434458 0.271639 0.433661 0.273056 0.447591 0.290824 0.450276 0.294602 0.452003 0.296583 0.452380 0.297352
1 0.457240 0.327870 0.462539 0.328611 0.464797 0.331287 0.459026 0.330843 0.457888 0.331954 0.456013 0.334398 0.454451 0.335065 0.452701 0.335843 0.450034 0.334097 0.449516 0.334843 0.446078 0.333620 0.445641 0.331625 0.446828 0.329292 0.443828 0.327181 0.442174 0.323847 0.447523 0.326069
2 0.501247 0.376986 0.503401 0.369556 0.505714 0.370843 0.507823 0.374157 0.505297 0.379435
9 0.524568 0.371926 0.523661 0.371463 0.523174 0.371560 0.522268 0.374769 0.528617 0.378634 0.529008 0.378282 0.528521 0.374537 0.527766 0.373097 0.526956 0.372042 0.526307 0.372519 0.525703 0.372787
1 0.524568 0.371926 0.523380 0.356375 0.524190 0.356375 0.525703 0.372787
1 0.490391 0.345046 0.500435 0.357718 0.501591 0.358213 0.502758 0.358292 0.490445 0.343125
2 0.459318 0.362069 0.462484 0.360819 0.462706 0.361625 0.465885 0.364153 0.467557 0.364894 0.468896 0.367722 0.469732 0.371139 0.460323 0.364597
2 0.472451 0.354620 0.473495 0.358602 0.475763 0.360713 0.477112 0.363880 0.477922 0.366088 0.479057 0.366375 0.480839 0.366282 0.484836 0.367912 0.485914 0.365954 0.488042 0.364060 0.489581 0.363718 0.491323 0.363718 0.492979 0.364231 0.492448 0.359755 0.485482 0.355912 0.484510 0.354569 0.480622 0.350440 0.479490 0.349097 0.477831 0.348116 0.475510 0.346968 0.473411 0.350472 0.472760 0.353102
1 0.558216 0.468491 0.578336 0.472264 0.578211 0.470269 0.557779 0.466269
2 0.564326 0.450491 0.565698 0.448986 0.566625 0.447838 0.567797 0.448412 0.569531 0.450060 0.570659 0.452931 0.570055 0.454148 0.570659 0.455653 0.566599 0.455097 0.566625 0.455509 0.565375 0.455509 0.565013 0.455366 0.564648 0.455366 0.563237 0.453074
2 0.577568 0.459245 0.575141 0.456843 0.573740 0.456259 0.566599 0.455097 0.566505 0.462565 0.568979 0.463398 0.573086 0.463477 0.574813 0.462153 0.575187 0.461569 0.577893 0.464806
2 0.604461 0.475079 0.603422 0.476833 0.604469 0.479375 0.610638 0.484519 0.611128 0.483593 0.611859 0.480245 0.607323 0.476324 0.605703 0.474500
2 0.602247 0.471333 0.599747 0.475815 0.595042 0.468634 0.594987 0.467292 0.595703 0.466116 0.597417 0.461968 0.598104 0.461856 0.599349 0.463426 0.600086 0.464324 0.602302 0.465093 0.602732 0.466917 0.602948 0.470278
2 0.586078 0.466782 0.585701 0.468319 0.584784 0.468991 0.584297 0.470046 0.585539 0.472157 0.587969 0.469185 0.589320 0.466977 0.589266 0.465153 0.591047 0.461889 0.592667 0.460065 0.592828 0.459296 0.592344 0.457949 0.591208 0.457662 0.590669 0.457662 0.587484 0.464190 0.586510 0.465440
1 0.487477 0.347639 0.490932 0.352819 0.491255 0.353685 0.492448 0.359755 0.492979 0.364231 0.493076 0.366296 0.493549 0.365954 0.493945 0.362343 0.492174 0.352917 0.488016 0.346005
10 0.645651 0.523370 0.646401 0.523694 0.652523 0.534134 0.655336 0.540032 0.656148 0.544144 0.656211 0.546685 0.655398 0.549917 0.654023 0.553685 0.651523 0.557014 0.648464 0.562639 0.647318 0.564120 0.646406 0.564630 0.645276 0.564356 0.644089 0.563579
2 0.381078 0.293884 0.378443 0.290769 0.377471 0.290903 0.377398 0.293991 0.381086 0.299000 0.382885 0.298769 0.383174 0.296458
2 0.381078 0.293884 0.381945 0.293245 0.387078 0.294273 0.384477 0.300056 0.382885 0.298769 0.383174 0.296458
2 0.405154 0.260315 0.405289 0.266648 0.404901 0.270088 0.402674 0.275421 0.401224 0.279037 0.400836 0.278347 0.397836 0.280412 0.396966 0.277829 0.397643 0.269403 0.398029 0.266130 0.401128 0.263037 0.402734 0.261005
2 0.402154 0.259454 0.396635 0.265306 0.394701 0.260144 0.394411 0.255671 0.395862 0.249819 0.400023 0.254120 0.400417 0.255648
2 0.397216 0.236056 0.397411 0.239500 0.400417 0.255648 0.402734 0.261005 0.405154 0.260315 0.403604 0.247583 0.402635 0.243972 0.401862 0.243972 0.400120 0.236403
2 0.634862 0.561269 0.633271 0.562810 0.630237 0.563579 0.628284 0.563708 0.626693 0.562681 0.625174 0.561523 0.623729 0.560111 0.621271 0.559981 0.610789 0.549829 0.603776 0.542505 0.621344 0.542505 0.623151 0.542505 0.629802 0.542505 0.635130 0.551704
9 0.580445 0.460852 0.582099 0.460782 0.582839 0.461065 0.583672 0.462787 0.583714 0.464009 0.583430 0.465727 0.583068 0.466875 0.582656 0.467361 0.580594 0.463921
2 0.590669 0.457662 0.590625 0.455931 0.589271 0.453856 0.587497 0.456343 0.586471 0.458167 0.585055 0.460162 0.584604 0.460657 0.584698 0.462319 0.585070 0.465056 0.586078 0.466782 0.586510 0.465440 0.587484 0.464190
2 0.586977 0.473338 0.589823 0.470347 0.590943 0.471014 0.594987 0.467292 0.595703 0.466116 0.594070 0.465037 0.592391 0.460310 0.591047 0.461889 0.589266 0.465153 0.589320 0.466977 0.587969 0.469185 0.585539 0.472157
2 0.580594 0.463921 0.587073 0.474676 0.587180 0.476306 0.587018 0.477940 0.585885 0.478130 0.580937 0.469676
2 0.577875 0.479269 0.576943 0.479102 0.575703 0.487963 0.570078 0.486574 0.569818 0.484120 0.570781 0.477611 0.571576 0.477111 0.578201 0.478023
2 0.579867 0.519602 0.581174 0.518356 0.582247 0.518023 0.582622 0.518935 0.584068 0.518769 0.584768 0.517940 0.586122 0.517940 0.587336 0.517940 0.587849 0.517940 0.589247 0.519102 0.590370 0.520681 0.590461 0.522005 0.590135 0.524495 0.590276 0.527398 0.590089 0.528560 0.588641 0.529060 0.583836 0.525079 0.581034 0.522505 0.579867 0.521176
2 0.383086 0.253264 0.381635 0.256875 0.384443 0.261519 0.392570 0.251028 0.390927 0.247755 0.389185 0.248963 0.386766 0.245519
10 0.440599 0.322222 0.433138 0.342870 0.429039 0.339171 0.427534 0.338870 0.425779 0.339023 0.429292 0.330380 0.433958 0.318537 0.433896 0.312227 0.433979 0.308292 0.433745 0.306301 0.430779 0.305556 0.430560 0.301829 0.431573 0.299773 0.433474 0.303931 0.437305 0.313468
2 0.446516 0.291856 0.447591 0.290824 0.450276 0.294602 0.449839 0.296380 0.449526 0.299157 0.447966 0.300931 0.446003 0.299546 0.446065 0.296991 0.443654 0.295380
1 0.427258 0.304722 0.433745 0.306301 0.433979 0.308292 0.427258 0.306963
1 0.480479 0.334333 0.487039 0.340773 0.489664 0.345995 0.489102 0.347106 0.485792 0.341440 0.480229 0.336222
1 0.477846 0.333519 0.477448 0.335454 0.477008 0.335602 0.470904 0.333815 0.470904 0.331287
2 0.482940 0.349653 0.485747 0.350611 0.491633 0.355412 0.491958 0.356949 0.490661 0.357333 0.484510 0.354569 0.482130 0.351958
2 0.426195 0.348537 0.419544 0.344370 0.419255 0.345139 0.417880 0.344241 0.416724 0.344495 0.416146 0.344755 0.414990 0.344755 0.415063 0.349509 0.418677 0.353750 0.424773 0.360731 0.426948 0.355079 0.427534 0.350023
10 0.443510 0.344954 0.444513 0.341236 0.446857 0.339602 0.450034 0.334097 0.458148 0.340046 0.467013 0.348968 0.470734 0.350171 0.473411 0.350472 0.472784 0.352986 0.472451 0.354620 0.470609 0.355361 0.466010 0.353875 0.460406 0.349713 0.453714 0.345699 0.452292 0.350903 0.450953 0.351644 0.449784 0.351347 0.449115 0.351199
2 0.470609 0.355361 0.469229 0.356866 0.467641 0.358204 0.464128 0.356866 0.462286 0.357014 0.461786 0.358648 0.462706 0.361625 0.465885 0.364153 0.467557 0.364894 0.468896 0.367722 0.469732 0.371139 0.473203 0.373519 0.480313 0.378722 0.480784 0.376620 0.484836 0.367912 0.480839 0.366282 0.479057 0.366375 0.477922 0.366088 0.477112 0.363880 0.475763 0.360713 0.473495 0.358602 0.472451 0.354620
2 0.451185 0.354921 0.451185 0.353505 0.449115 0.351199 0.443510 0.344954 0.440630 0.342454 0.434776 0.338343 0.433138 0.342870 0.436818 0.346157 0.441083 0.348685 0.446521 0.353593 0.449198 0.356417
2 0.457240 0.327870 0.455471 0.322796 0.455135 0.319824 0.453883 0.313727 0.450536 0.303912 0.449115 0.302426 0.447776 0.302278 0.446688 0.304361 0.444596 0.310903 0.445182 0.314324 0.447523 0.326069
2 0.449839 0.296380 0.452003 0.296583 0.452380 0.297352 0.455188 0.295815 0.455242 0.297065 0.454271 0.298218 0.454271 0.299273 0.454865 0.301097 0.456000 0.303782 0.458049 0.306375 0.459076 0.306185 0.459940 0.306856 0.460698 0.309727 0.458943 0.310917 0.456935 0.314634 0.455135 0.319824 0.453883 0.313727 0.450536 0.303912 0.449115 0.302426 0.447776 0.302278 0.447966 0.300931 0.449526 0.299157
1 0.443828 0.327181 0.442508 0.331968 0.442036 0.331954 0.437865 0.329861 0.438307 0.328519 0.441703 0.329889 0.442469 0.327380 0.437305 0.313468 0.433474 0.303931 0.428633 0.293245 0.429115 0.292037 0.432070 0.298102 0.436378 0.307801 0.439042 0.314634 0.442174 0.323847
2 0.425146 0.325731 0.425760 0.324190 0.426411 0.323806 0.429159 0.327273 0.429375 0.328944 0.429292 0.330380 0.425779 0.339023 0.425398 0.340769 0.425471 0.348222 0.419544 0.344370 0.419398 0.345009 0.417630 0.340509 0.415078 0.341435 0.414701 0.339870 0.415424 0.336398 0.415568 0.334343 0.418458 0.332931 0.419544 0.332417 0.420195 0.332417 0.420122 0.330875 0.420773 0.329588 0.422073 0.329204 0.423049 0.328306
1 0.425779 0.339023 0.425398 0.340769 0.425471 0.348222 0.426195 0.348537 0.426698 0.347644
2 0.430052 0.281806 0.430000 0.279213 0.430021 0.277528 0.430833 0.277861 0.430708 0.279528 0.431896 0.280417 0.432833 0.281750 0.434333 0.282528 0.435018 0.283083 0.435206 0.284194 0.440893 0.283972 0.442206 0.285417 0.443078 0.288417 0.443453 0.290301 0.446516 0.291856 0.443654 0.295380 0.439005 0.292991 0.438068 0.293324 0.436070 0.293546 0.430258 0.288657
2 0.430521 0.293009 0.431021 0.293380 0.433708 0.295157 0.434195 0.293991 0.436070 0.293546 0.430258 0.288657
2 0.426833 0.315782 0.427646 0.311009 0.433896 0.312227 0.432958 0.318671 0.427833 0.317560 0.428039 0.316606
2 0.424375 0.314259 0.428039 0.316606 0.427677 0.318921 0.431292 0.322134 0.432161 0.323102 0.430807 0.326481 0.427315 0.320593 0.426737 0.322648 0.425943 0.322134 0.426232 0.319435 0.422182 0.317403 0.423438 0.317093 0.423995 0.316412 0.424135 0.315606
2 0.422255 0.317380 0.420232 0.324833 0.420232 0.326634 0.423049 0.328306 0.425146 0.325731 0.425943 0.322134 0.426232 0.319435
1 0.417839 0.317963 0.419227 0.317606 0.415169 0.326287 0.415169 0.324616
8 0.416794 0.323019 0.417120 0.328907 0.417633 0.330153 0.418521 0.330815 0.419315 0.330731 0.419828 0.329986 0.420234 0.328241 0.419268 0.317542
2 0.398615 0.331042 0.401797 0.317032 0.402880 0.314593 0.403242 0.311505 0.403742 0.307866 0.404430 0.307199 0.407180 0.311972 0.409302 0.314083 0.411427 0.315194 0.412552 0.316639 0.413052 0.319861 0.414115 0.319861 0.415169 0.324616 0.415169 0.326287 0.412062 0.332583 0.410906 0.328856 0.408810 0.320375 0.407724 0.319602 0.407003 0.317931 0.406568 0.316778 0.406422 0.317032 0.406206 0.318444 0.404615 0.327315 0.403315 0.335023 0.401870 0.334639
1 0.410391 0.326412 0.409669 0.327699 0.408005 0.329884 0.407716 0.330144 0.408513 0.340935 0.411766 0.342736 0.410682 0.344537 0.409885 0.344148 0.409375 0.343657 0.407716 0.342093 0.406849 0.331042 0.405115 0.330912 0.404031 0.329884 0.404615 0.327315 0.406206 0.318444 0.406422 0.317032 0.406568 0.316778 0.407003 0.317931 0.407724 0.319602 0.408810 0.320375
2 0.411539 0.331065 0.410091 0.331398 0.409766 0.332972 0.409391 0.333968 0.408458 0.334634 0.407992 0.334801 0.407716 0.330144 0.408005 0.329884 0.409669 0.327699 0.410391 0.326412 0.410906 0.328856
2 0.403315 0.335023 0.404219 0.335500 0.405953 0.334213 0.407182 0.334472 0.406849 0.331042 0.405115 0.330912 0.404031 0.329884
2 0.396026 0.312694 0.400096 0.312495 0.400604 0.312880 0.400966 0.314940 0.401036 0.320333 0.398615 0.331042 0.391714 0.323028 0.392839 0.320806 0.392464 0.314917 0.392589 0.313361
2 0.394151 0.308917 0.396339 0.310694 0.396026 0.312694 0.392589 0.313361 0.392464 0.314917 0.392839 0.320806 0.391714 0.323028 0.380656 0.310361 0.384992 0.302412 0.388180 0.305296 0.392177 0.309963 0.393490 0.310074 0.394240 0.309852
2 0.384992 0.302412 0.388180 0.305296 0.392177 0.309963 0.393490 0.310074 0.394240 0.309852 0.393990 0.307185 0.392927 0.307074 0.392677 0.305407 0.392552 0.303407 0.392927 0.302412 0.394115 0.302968 0.394302 0.304407 0.394927 0.305074 0.396799 0.306296 0.397299 0.306407 0.397987 0.302412 0.397862 0.301412 0.397299 0.301523 0.396737 0.302412 0.394865 0.301745 0.393615 0.300968 0.393990 0.299968 0.396987 0.296968 0.397674 0.295625 0.397799 0.294403 0.393365 0.289514 0.392365 0.289514 0.388740 0.294968
2 0.600086 0.464324 0.600357 0.462500 0.601060 0.461542 0.602409 0.461639 0.603057 0.462023 0.606544 0.465255 0.607539 0.469028 0.608620 0.473347 0.608727 0.475556 0.607862 0.476324 0.607323 0.476324 0.605703 0.474500 0.604461 0.475079 0.602247 0.471333 0.602948 0.470278 0.602732 0.466917 0.602302 0.465093
2 0.587687 0.501245 0.587867 0.504329 0.587922 0.507019 0.587057 0.508361 0.585760 0.509514 0.583979 0.509606 0.583008 0.510088 0.581549 0.509991 0.580469 0.509514 0.579281 0.508074 0.579065 0.506727 0.580091 0.505481 0.581008 0.503560 0.581120 0.502870
2 0.408117 0.336648 0.409612 0.336481 0.412552 0.339968 0.413997 0.341296 0.414513 0.344866 0.414990 0.344755 0.415063 0.349509 0.410682 0.344537 0.411758 0.342787 0.408539 0.341046
2 0.413719 0.330259 0.413951 0.331255 0.417031 0.333579 0.418458 0.332931 0.419544 0.332417 0.414557 0.328435
2 0.417763 0.257046 0.426198 0.263602 0.426448 0.267486 0.424760 0.268708 0.420263 0.265046 0.418826 0.262713
10 0.560586 0.439019 0.561701 0.435060 0.561599 0.430019 0.560383 0.427681 0.558255 0.425880 0.556260 0.424662 0.553987 0.425824 0.552586 0.427977 0.551901 0.429718 0.550365 0.433519 0.551615 0.435880 0.553203 0.436296 0.556706 0.437347
2 0.560586 0.439019 0.561669 0.440264 0.562984 0.440782 0.563823 0.440329 0.564953 0.439616 0.566047 0.438449 0.566521 0.438319 0.566667 0.439356 0.565828 0.441301 0.564807 0.443574 0.563422 0.444676 0.561997 0.444481 0.560794 0.443639 0.559299 0.443250 0.558094 0.442727 0.557182 0.442861 0.556453 0.443250 0.556380 0.443884 0.554255 0.442556 0.549758 0.439444 0.549411 0.437250 0.547885 0.431523 0.549807 0.430722 0.550365 0.433519 0.551557 0.435843 0.556706 0.437347
2 0.647388 0.590981 0.645464 0.597977 0.643036 0.596731 0.649523 0.578727 0.649945 0.578972
2 0.689224 0.539870 0.691435 0.544111 0.699057 0.559657 0.702182 0.566102 0.701995 0.568102 0.701557 0.568880 0.698310 0.587208 0.694310 0.603088 0.661945 0.617639 0.659883 0.618417 0.652073 0.602088 0.647388 0.590981 0.653323 0.562991 0.654766 0.555648
2 0.660208 0.629954 0.657917 0.630394 0.656755 0.632801 0.652398 0.634694 0.647174 0.617833 0.647852 0.616972 0.649883 0.611468 0.651625 0.606824 0.653560 0.609403 0.655013 0.615769 0.658109 0.619898
2 0.670643 0.613713 0.682102 0.619361 0.695901 0.621296 0.698109 0.616866 0.681466 0.614782 0.675026 0.611759
2 0.704049 0.584894 0.707060 0.564074 0.705469 0.564074 0.701622 0.583704
2 0.657594 0.613861 0.656924 0.614454 0.662612 0.641667 0.664870 0.641963 0.663617 0.636269 0.662109 0.629282 0.659883 0.618417
2 0.656755 0.632801 0.652398 0.634694 0.656016 0.645833 0.657474 0.646023 0.658714 0.645639 0.658984 0.644870 0.659255 0.642856 0.659039 0.641514 0.658445 0.637000
1 0.657917 0.630394 0.660065 0.637000 0.660714 0.640745 0.659039 0.641514 0.658445 0.637000 0.656755 0.632801
2 0.643284 0.588806 0.644081 0.586625 0.646031 0.585338 0.646826 0.585722 0.645307 0.590093 0.643500 0.591250 0.642417 0.592662 0.641477 0.594333 0.640466 0.595491 0.639742 0.595491 0.638297 0.590866 0.639453 0.589194
8 0.654286 0.537685 0.669758 0.546296 0.668383 0.549380 0.667292 0.550000 0.656148 0.544144 0.655336 0.540032
10 0.680419 0.540972 0.677109 0.543153 0.675656 0.544231 0.673115 0.546310 0.666703 0.539065 0.663393 0.535981 0.662143 0.532181 0.660893 0.529028 0.660208 0.526731 0.660237 0.525088 0.663424 0.524870 0.665737 0.523764 0.667734 0.523870 0.670734 0.524653 0.673734 0.525204 0.674607 0.525977 0.676422 0.535306 0.678042 0.538866
2 0.648094 0.494269 0.656029 0.502713 0.660651 0.509264 0.660464 0.510042 0.659602 0.509398 0.648828 0.500917 0.646531 0.499046 0.646674 0.495167 0.647359 0.494880
2 0.614375 0.481731 0.615685 0.481620 0.616497 0.482176 0.617372 0.482509 0.624307 0.479620 0.628932 0.477065 0.634430 0.475509 0.635492 0.475287 0.635180 0.473620 0.635180 0.472176 0.635492 0.472176 0.636367 0.472398 0.637992 0.473287 0.637555 0.485505 0.629995 0.484171 0.628995 0.485505 0.625057 0.485616 0.623245 0.485060 0.621622 0.485616 0.618810 0.485616 0.616435 0.485838 0.615497 0.485949
2 0.634953 0.471301 0.635180 0.472176 0.635180 0.473620 0.635492 0.475287 0.633786 0.474787 0.630193 0.474375 0.625432 0.471968 0.618852 0.466407 0.615539 0.463005 0.613956 0.460574 0.611898 0.457088 0.610690 0.455931 0.609378 0.455181 0.608357 0.455097 0.608070 0.454102 0.608818 0.453606 0.609242 0.453190 0.603708 0.445125 0.603846 0.443634 0.604828 0.441477 0.605341 0.440644 0.606615 0.441185 0.610396 0.447157 0.613849 0.451972 0.617536 0.458606 0.618563 0.460102 0.624258 0.465245 0.627430 0.469394 0.629018 0.470889 0.629997 0.471222
1 0.630193 0.496269 0.637198 0.498880 0.637141 0.500991 0.631266 0.498176
9 0.633299 0.487931 0.634034 0.487829 0.636693 0.487685 0.636521 0.496065 0.633357 0.496167 0.633188 0.495162 0.633469 0.493657 0.633357 0.492250 0.632451 0.490843 0.632281 0.489338 0.632630 0.488704
1 0.624818 0.479412 0.610182 0.462134 0.609279 0.464042 0.623122 0.480014
2 0.543560 0.423116 0.546138 0.431241 0.551643 0.429782 0.553987 0.425824 0.556799 0.424782 0.559073 0.425514 0.558029 0.421782 0.556448 0.421639 0.555487 0.416657 0.546125 0.415866
2 0.636938 0.507366 0.638151 0.468389 0.647477 0.469542 0.646247 0.511310 0.643284 0.588806 0.639453 0.589194 0.638659 0.586366 0.637719 0.582898 0.635766 0.581611 0.634609 0.580069 0.634174 0.578653
1 0.548539 0.473667 0.564167 0.474366 0.564099 0.471458 0.548604 0.471227
2 0.559339 0.446602 0.558719 0.444894 0.558094 0.442727 0.559299 0.443250 0.560794 0.443639 0.561997 0.444481 0.563422 0.444676 0.569792 0.441481 0.571036 0.443088 0.571260 0.444093 0.568831 0.445296 0.566628 0.446403 0.566062 0.447204 0.564143 0.447907 0.562786 0.448310 0.561599 0.448815 0.560638 0.449014
2 0.561701 0.435060 0.562672 0.434847 0.564424 0.436759 0.566521 0.438319 0.567872 0.439370 0.569057 0.440074 0.570133 0.440375 0.571375 0.435755 0.570370 0.434509 0.563620 0.430185 0.562052 0.429426 0.561599 0.430019
2 0.570187 0.426611 0.573536 0.427847 0.574659 0.429583 0.574414 0.434014 0.571036 0.434546 0.570810 0.431134 0.570753 0.428319
1 0.570945 0.437157 0.579961 0.440644 0.578391 0.437389 0.571036 0.434546 0.571375 0.435755
2 0.398250 0.295579 0.399495 0.294648 0.400242 0.297644 0.401180 0.300532 0.403180 0.304532 0.404430 0.307199 0.403747 0.307907 0.400875 0.311241 0.399875 0.310796 0.399500 0.309352 0.399661 0.307546
2 0.607682 0.507731 0.605945 0.507171 0.604456 0.507755 0.604003 0.508995 0.606953 0.510093
9 0.571260 0.444093 0.571495 0.445032 0.572169 0.446157 0.572719 0.446981 0.573818 0.447505 0.576560 0.447731 0.576560 0.444278 0.576055 0.444204 0.576138 0.442556 0.575927 0.441505 0.575167 0.439926 0.574323 0.439477 0.573732 0.439926 0.573607 0.440528 0.572594 0.441051 0.571453 0.441653 0.570312 0.441130 0.569792 0.441481 0.571036 0.443088
2 0.662797 0.650458 0.666198 0.643546 0.664870 0.641963 0.665659 0.640764 0.667117 0.641722 0.669224 0.644028 0.669427 0.645370 0.666901 0.652454
2 0.407323 0.336565 0.404219 0.335500 0.403315 0.335023 0.401870 0.334639 0.407716 0.342093 0.407716 0.342093
1 0.413776 0.331991 0.415445 0.344699 0.414513 0.344866 0.412831 0.332088
1 0.395651 0.277963 0.388497 0.273384 0.387813 0.275231 0.395690 0.280819
1 0.397643 0.269403 0.396870 0.269801 0.396383 0.270282 0.395755 0.274491 0.395573 0.276810 0.395844 0.282667 0.396922 0.281222 0.396966 0.277829
5 0.297013 0.203889 0.288721 0.187306 0.294810 0.183389 0.308674 0.177398 0.311911 0.175097 0.316057 0.171644 0.321370 0.171644 0.331484 0.192037 0.343005 0.212407 0.357388 0.241662 0.371185 0.271329 0.373984 0.280079 0.374555 0.283259 0.376224 0.285444 0.376458 0.288046 0.372870 0.284847 0.369734 0.282472 0.366146 0.278491 0.361979 0.280648 0.359266 0.284731 0.335143 0.254995 0.306938 0.217222
5 0.357547 0.158755 0.356435 0.154731 0.355596 0.153046 0.355523 0.149398 0.359219 0.149204 0.362883 0.148806 0.362883 0.147792 0.358784 0.143718 0.358755 0.142060 0.361227 0.140282 0.364388 0.132481 0.363685 0.130005 0.362427 0.128514 0.362516 0.125519 0.365508 0.125852 0.372786 0.132907 0.378664 0.138218 0.384917 0.144190 0.389536 0.148009 0.395753 0.153481 0.403409 0.161954 0.415229 0.173750 0.423760 0.180292 0.433701 0.189894 0.442901 0.199713 0.447419 0.204171 0.447044 0.206278 0.448794 0.213167 0.449609 0.219051 0.456609 0.225056 0.455227 0.227278 0.454115 0.228287 0.453177 0.229907 0.451172 0.228051 0.449734 0.227046 0.447943 0.231296 0.446706 0.239412 0.439331 0.231185 0.439766 0.240181 0.440266 0.249509 0.434219 0.242505 0.424984 0.232806 0.411701 0.218213 0.396148 0.201894 0.379083 0.182597 0.362451 0.164551
5 0.384917 0.144190 0.377315 0.135782 0.371388 0.129644 0.368401 0.126907 0.368401 0.125662 0.370081 0.123171 0.374234 0.120435 0.375401 0.119190 0.376521 0.112801 0.377409 0.110560 0.381047 0.102597 0.383055 0.102264 0.383570 0.102500 0.384411 0.103250 0.410234 0.129417 0.441930 0.159255 0.468906 0.185454 0.466456 0.189551 0.466456 0.189551 0.465057 0.192620 0.463003 0.198014 0.461883 0.200171 0.461229 0.200088 0.460622 0.199009 0.459596 0.200333 0.460016 0.202412 0.458661 0.206560 0.456328 0.208051 0.456281 0.209546 0.454010 0.212546 0.447419 0.204171 0.442901 0.199713 0.433701 0.189894 0.423760 0.180292 0.415229 0.173750 0.403409 0.161954 0.395753 0.153481 0.389536 0.148009
5 0.464870 0.234852 0.462633 0.232213 0.459487 0.232356 0.457607 0.233384 0.456609 0.233602 0.453638 0.235727 0.452146 0.237019 0.450979 0.238903 0.451461 0.240102 0.462190 0.251861 0.474815 0.265917 0.494823 0.288435 0.498818 0.293671 0.507609 0.302417 0.525440 0.323931 0.533424 0.333111 0.534596 0.334616 0.535724 0.338417 0.535951 0.339593 0.531870 0.341514 0.530984 0.342181 0.531474 0.344005 0.539958 0.353324 0.541630 0.352431 0.541044 0.350500 0.541044 0.345296 0.543135 0.343958 0.546984 0.349014 0.548823 0.347676 0.548992 0.343065 0.552003 0.347676 0.554094 0.347227 0.554010 0.342917 0.556518 0.331167 0.559279 0.325815 0.562307 0.327806 0.563315 0.327157 0.562786 0.326019 0.559375 0.322639 0.557318 0.320694 0.553078 0.316412 0.551865 0.314755 0.550130 0.314398 0.547383 0.311681 0.544583 0.314171 0.542344 0.311602 0.540198 0.310602 0.538469 0.311185 0.536695 0.311269 0.514576 0.287454 0.489557 0.260986
5 0.451461 0.240102 0.449839 0.242657 0.446706 0.239412 0.439331 0.231185 0.439766 0.240181 0.440266 0.249509 0.440211 0.252102 0.437727 0.253926 0.434974 0.255463 0.433948 0.257000 0.436797 0.259120 0.445964 0.269815 0.464237 0.290875 0.480622 0.308231 0.488049 0.313931 0.500633 0.331287 0.511859 0.346162 0.517961 0.354032 0.521133 0.351491 0.526328 0.345542 0.531870 0.341514 0.535951 0.339593 0.535724 0.338417 0.534596 0.334616 0.533424 0.333111 0.525440 0.323931 0.507609 0.302417 0.498818 0.293671 0.494823 0.288435 0.474815 0.265917 0.462190 0.251861
