0 0.404938 0.319755 0.402833 0.318792 0.398945 0.319944 0.392357 0.328204 0.389008 0.331176 0.386904 0.338282 0.387117 0.355222 0.386466 0.356380 0.386539 0.359847 0.387190 0.361648 0.388997 0.363574 0.380393 0.368199 0.376273 0.372444 0.374104 0.376171 0.370622 0.382606 0.366690 0.391819 0.366875 0.403398 0.367453 0.423009 0.369482 0.433676 0.373646 0.439870 0.377128 0.443477 0.380904 0.436431 0.381292 0.424731 0.381870 0.417329 0.385260 0.412856 0.386518 0.408208 0.388063 0.401509 0.390482 0.397889 0.394068 0.394278 0.398604 0.392625 0.405352 0.390736 0.410227 0.393843 0.409102 0.400176 0.406263 0.410963 0.404615 0.420949 0.402000 0.424384 0.398615 0.427829 0.398031 0.431269 0.397331 0.436968 0.397745 0.447519 0.401677 0.464472 0.406310 0.481245 0.409669 0.487611 0.413924 0.493185 0.415604 0.492782 0.419750 0.480843 0.422547 0.470088 0.426128 0.457352 0.430276 0.441625 0.430831 0.435454 0.426576 0.427889 0.424448 0.422514 0.424896 0.416347 0.426589 0.410907 0.428396 0.405125 0.428539 0.400495 0.428974 0.395102 0.434469 0.392014 0.440253 0.394972 0.444083 0.400755 0.449721 0.403838 0.450156 0.405639 0.453771 0.409495 0.451964 0.426074 0.462190 0.445727 0.469318 0.457236 0.473336 0.464838 0.476958 0.468065 0.478773 0.462074 0.481883 0.453097 0.482919 0.446417 0.482919 0.434435 0.482401 0.416014 0.479940 0.404032 0.477089 0.397352 0.472039 0.396431 0.468021 0.386991 0.454937 0.371324 0.470755 0.363606 0.474448 0.364806 0.483969 0.374157 0.489120 0.378542 0.493260 0.385907 0.494076 0.395426 0.496620 0.390880 0.498526 0.381329 0.498862 0.373764 0.496841 0.363412 0.493708 0.349477 0.492813 0.344500 0.487547 0.337926 0.482510 0.334347 0.474815 0.330083 0.462250 0.332616 0.463156 0.326639 0.462768 0.323412 0.459917 0.320185 0.457323 0.307745 0.451885 0.302676 0.445146 0.301523 0.440227 0.302444 0.435562 0.310278
3 0.398604 0.392625 0.405352 0.390736 0.410227 0.393843 0.409102 0.400176
2 0.528987 0.460565 0.536070 0.470241 0.537034 0.468111 0.535042 0.465190 0.531578 0.460282 0.530497 0.458852
2 0.545831 0.414986 0.538219 0.427565 0.540216 0.431597 0.546372 0.421130
6 0.676633 0.532824 0.676664 0.524810 0.677086 0.520528 0.677328 0.516296 0.676906 0.513028 0.677086 0.504190 0.680823 0.503759 0.681245 0.519454 0.681214 0.525241 0.681003 0.529417 0.681138 0.534028
1 0.514271 0.465125 0.569878 0.501657 0.577089 0.516963 0.581690 0.518435 0.588130 0.519931 0.594154 0.522319 0.602674 0.526181 0.598701 0.544755 0.617477 0.526699 0.622247 0.528829 0.623971 0.533727 0.626560 0.530361 0.631104 0.527773 0.637151 0.527236 0.642167 0.532134 0.644687 0.534384 0.639078 0.545370 0.625193 0.565755 0.616917 0.560102 0.604120 0.548657 0.599943 0.551819 0.596896 0.551560 0.593549 0.554148 0.595643 0.558630 0.596482 0.558130 0.598396 0.561537 0.597703 0.554968 0.602922 0.556139 0.604141 0.577083 0.613771 0.597926 0.614422 0.592250 0.613872 0.585921 0.616034 0.585644 0.620031 0.601190 0.621609 0.608315 0.621990 0.616856 0.624701 0.622491 0.627779 0.601986 0.630445 0.600255 0.634643 0.597667 0.637589 0.584310 0.643646 0.587273 0.647732 0.592491 0.650544 0.600032 0.650477 0.611144 0.650857 0.616597 0.648674 0.618926 0.647609 0.624139 0.642604 0.630931 0.635865 0.624917 0.632740 0.640463 0.634755 0.644366 0.634911 0.638852 0.635841 0.637856 0.637497 0.637338 0.640073 0.636565 0.641529 0.637417 0.642896 0.638852 0.643544 0.642375 0.644195 0.644722 0.648505 0.647931 0.669904 0.592949 0.659513 0.603736 0.657284 0.594204 0.655773 0.587333 0.655404 0.578792 0.658023 0.575231 0.664518 0.569796 0.677318 0.563366 0.669646 0.554269 0.671146 0.549134 0.672221 0.545847 0.671797 0.545690 0.670531 0.547940 0.668729 0.553292 0.651250 0.528569 0.653724 0.525088 0.651708 0.526259 0.648271 0.522875 0.643411 0.518199 0.642010 0.517361 0.640768 0.513917 0.643927 0.510056 0.643747 0.509519 0.640982 0.512745 0.640982 0.506236 0.640141 0.502333 0.639302 0.499528 0.639784 0.494569 0.651148 0.495185 0.657888 0.495625 0.657766 0.493616 0.652536 0.491843 0.649188 0.488417 0.646758 0.485255 0.646659 0.483042 0.646581 0.481472 0.646266 0.479898 0.648315 0.480912 0.648505 0.479796 0.645896 0.476954 0.645336 0.476273 0.643208 0.476273 0.642247 0.469407 0.641742 0.466542 0.640589 0.464630 0.639930 0.460787 0.637307 0.455829 0.626604 0.441139 0.623133 0.436481 0.622203 0.438213 0.625193 0.441278 0.623615 0.445657 0.622763 0.449463 0.615977 0.452944 0.611745 0.451509 0.608005 0.454380 0.608833 0.449801 0.607747 0.450218 0.606706 0.455532 0.604982 0.451690 0.598878 0.457741 0.597961 0.456727 0.595284 0.456426 0.594354 0.453282 0.593302 0.451213 0.592576 0.451931 0.592820 0.455514 0.592654 0.455431 0.592172 0.454356 0.589427 0.449403 0.583784 0.438454 0.583854 0.434259 0.583135 0.430292 0.583135 0.433736 0.578276 0.431824 0.575945 0.429815 0.573953 0.429236 0.571578 0.428458 0.570010 0.425574 0.577302 0.422606 0.576977 0.421176 0.567995 0.424856 0.564122 0.418903 0.563807 0.419481 0.560370 0.408792 0.560013 0.409208 0.562430 0.419898 0.565422 0.428500 0.558208 0.430968 0.556193 0.434569 0.556193 0.430968 0.555466 0.431227 0.555398 0.433537 0.552578 0.434829 0.549755 0.436361 0.547370 0.415801 0.548893 0.414523 0.548310 0.411560 0.546643 0.413630 0.544839 0.408296 0.541010 0.401745 0.537034 0.399296 0.535086 0.400968 0.533060 0.404056 0.531404 0.411241 0.530159 0.425514 0.528346 0.423843 0.524953 0.420236 0.522568 0.417931 0.520979 0.414963 0.519018 0.412394 0.512669 0.422963 0.511919 0.424977 0.507596 0.428241 0.504898 0.428338 0.503812 0.426606 0.502357 0.425931 0.501589 0.426389 0.500901 0.426509 0.496833 0.423532 0.495596 0.431606 0.494635 0.437639 0.493578 0.445338 0.495458 0.445995 0.500576 0.450000 0.504203 0.452009 0.507016 0.454435
2 0.651148 0.495185 0.639784 0.494569 0.639302 0.499528 0.640141 0.502333 0.640982 0.506236 0.640982 0.512745 0.643747 0.509519 0.643927 0.510056 0.640768 0.513917 0.657714 0.525398 0.657109 0.516722 0.655091 0.498028 0.655953 0.497870
2 0.674354 0.540718 0.665891 0.542477 0.670531 0.547940 0.671797 0.545690 0.672221 0.545847 0.671146 0.549134 0.672510 0.550611
6 0.680924 0.547037 0.680143 0.548333 0.678424 0.551389 0.676810 0.555324 0.680578 0.559935
3 0.362971 0.368843 0.374104 0.376171 0.376273 0.372444 0.380393 0.368199 0.388997 0.363574 0.387190 0.361648 0.386539 0.359847 0.386466 0.356380 0.387117 0.355222 0.384589 0.355347 0.380393 0.355991 0.374857 0.323273 0.374271 0.324764 0.379289 0.354949 0.377531 0.350042 0.371849 0.355838
3 0.493854 0.397222 0.499427 0.396912 0.507542 0.402565 0.513479 0.410296 0.519018 0.412394 0.512669 0.422963 0.511919 0.424977 0.507596 0.428241 0.504898 0.428338 0.503812 0.426606 0.502357 0.425931 0.500901 0.426509 0.496833 0.423532 0.498255 0.410889 0.492250 0.405426 0.490042 0.404338 0.486948 0.417329 0.483229 0.433796 0.482919 0.434435 0.482401 0.416014 0.481091 0.409375 0.482107 0.409074 0.482560 0.410481 0.483521 0.409977 0.483690 0.409171 0.485044 0.409477 0.486346 0.408972 0.486685 0.407769 0.487193 0.407264 0.488039 0.406963 0.488661 0.406060 0.488492 0.405056 0.487305 0.403949 0.487984 0.402843 0.487474 0.401537 0.490458 0.401199 0.491904 0.401028 0.492448 0.400977
2 0.578771 0.485361 0.577469 0.485176 0.576740 0.487074 0.578997 0.499829 0.581500 0.500685
2 0.478320 0.398523 0.480242 0.394708 0.481430 0.397722 0.482333 0.393704 0.483352 0.393505 0.483859 0.395009 0.483971 0.396616 0.483125 0.397120 0.483068 0.399528 0.484594 0.400231 0.485328 0.399833 0.485667 0.398727 0.486516 0.399528 0.487023 0.400532 0.487474 0.401537 0.487984 0.402843 0.487305 0.403949 0.488492 0.405056 0.488661 0.406060 0.488039 0.406963 0.487193 0.407264 0.486685 0.407769 0.486346 0.408972 0.485044 0.409477 0.483690 0.409171 0.483521 0.409977 0.482560 0.410481 0.482107 0.409074 0.481091 0.409375 0.479940 0.404032 0.479846 0.402241
2 0.487474 0.401537 0.490458 0.401199 0.491023 0.400093 0.490854 0.397681 0.490346 0.395972 0.489102 0.396176 0.487859 0.396375 0.487521 0.395269 0.486617 0.394468 0.486333 0.396375 0.487023 0.400532
2 0.496833 0.423532 0.498255 0.410889 0.492250 0.405426 0.490042 0.404338 0.486948 0.417329 0.483229 0.433796 0.482919 0.434435 0.482919 0.446417 0.485505 0.446273 0.487081 0.446583 0.487518 0.445181 0.489268 0.444870 0.489005 0.443782 0.489706 0.442694 0.491281 0.442694 0.491630 0.444718 0.492768 0.444870 0.493294 0.446116 0.493578 0.445338 0.494635 0.437639 0.495625 0.431667
2 0.493294 0.446116 0.491930 0.452417 0.502479 0.459190 0.507997 0.462056 0.508437 0.460667 0.507898 0.457366 0.507016 0.454435 0.504203 0.452009 0.500576 0.450000 0.495458 0.445995 0.493578 0.445338
2 0.532542 0.457968 0.536214 0.460375 0.536708 0.461856 0.536813 0.463708 0.536161 0.464819 0.535042 0.465190 0.531578 0.460282
2 0.535654 0.454023 0.537424 0.455227 0.539638 0.456847 0.539794 0.458653 0.540367 0.460319 0.540419 0.462912 0.539299 0.464116 0.537581 0.464532 0.536669 0.459810 0.534924 0.456060
8 0.655953 0.497870 0.655091 0.498028 0.657109 0.516722 0.657714 0.525398 0.657586 0.531106 0.658956 0.532829 0.659724 0.525083 0.658221 0.516065 0.657284 0.508213
2 0.531911 0.445843 0.533292 0.445565 0.534229 0.444593 0.537562 0.446444 0.534854 0.448065 0.532823 0.449176
2 0.540232 0.444824 0.541320 0.441954 0.543458 0.440593 0.545758 0.440880 0.546888 0.444824 0.547977 0.451347 0.544630 0.454292 0.542411 0.455222 0.542008 0.453500 0.543701 0.450778
2 0.523518 0.428736 0.522424 0.429431 0.523023 0.432255 0.527789 0.444106 0.527815 0.437347 0.526841 0.434218
2 0.609047 0.466255 0.612823 0.466810 0.612927 0.475514 0.609333 0.477273
9 0.613552 0.470417 0.618474 0.477236 0.615651 0.478528 0.613271 0.474292
2 0.581586 0.503787 0.583852 0.503787 0.586664 0.506472 0.589737 0.506333 0.591482 0.511005 0.591456 0.515269 0.590570 0.519991 0.587810 0.519708 0.585258 0.518875 0.584945 0.516931 0.582341 0.517625
2 0.612698 0.561653 0.612898 0.566315 0.615359 0.572912 0.617539 0.573560 0.620161 0.573630 0.621492 0.571551 0.619312 0.561727 0.617336 0.561653 0.615844 0.563162
2 0.609497 0.478565 0.609419 0.483102 0.613299 0.481944 0.613143 0.478056 0.611555 0.477037 0.610930 0.477593
2 0.614906 0.487236 0.616141 0.489532 0.618070 0.496694 0.617911 0.499148 0.617341 0.500583 0.615674 0.502060 0.614242 0.501231 0.613357 0.499565 0.612156 0.495259 0.613148 0.491231
9 0.630833 0.472736 0.632891 0.473940 0.630779 0.483940 0.629401 0.483292 0.629010 0.477782
6 0.676529 0.534815 0.681164 0.535463 0.681190 0.536806 0.676424 0.536806
2 0.583854 0.434259 0.583784 0.438454 0.589427 0.449403 0.592172 0.454356 0.592654 0.455431 0.592820 0.455514 0.592576 0.451931 0.593302 0.451213 0.594354 0.453282 0.595284 0.456426 0.597961 0.456727 0.598878 0.457741 0.604982 0.451690 0.606706 0.455532 0.607747 0.450218 0.608833 0.449801 0.608005 0.454380 0.611745 0.451509 0.615977 0.452944 0.616901 0.440231 0.619089 0.432454 0.616172 0.425556 0.615521 0.423519 0.614062 0.422037 0.613177 0.422037 0.612552 0.423287 0.611823 0.426111
2 0.659680 0.533662 0.660404 0.530931 0.660977 0.530713 0.663596 0.532537 0.663687 0.531412 0.664771 0.529000 0.665284 0.528194 0.666219 0.528144 0.666247 0.530981 0.666490 0.530819 0.667242 0.529000 0.667242 0.527819 0.666310 0.527394 0.665013 0.526000 0.663339 0.523181 0.658221 0.516065 0.657284 0.508213 0.655953 0.497870 0.657417 0.497995 0.658466 0.497560 0.658813 0.496630 0.659685 0.495884 0.660073 0.493454 0.660854 0.491204 0.661224 0.486782 0.661766 0.487157 0.662247 0.488282 0.663826 0.488713 0.664578 0.487694 0.665023 0.484269 0.666013 0.484361 0.668070 0.485843 0.668589 0.484454 0.668880 0.481120 0.669659 0.481306 0.670961 0.483347 0.672497 0.483148 0.672995 0.483796 0.675833 0.484444 0.678974 0.487620 0.677086 0.504190 0.676906 0.513028 0.677328 0.516296 0.677086 0.520528 0.676664 0.524810 0.675539 0.532731 0.675122 0.534769 0.674398 0.537287 0.664536 0.540255
2 0.623396 0.452472 0.625687 0.453213 0.627797 0.452704 0.631026 0.457333 0.631990 0.459556 0.630323 0.465852 0.624646 0.462935 0.624568 0.461315 0.624021 0.459556 0.622875 0.457750
2 0.598878 0.457741 0.604982 0.451690 0.606706 0.455532 0.607148 0.458171 0.606589 0.461157 0.604862 0.464977 0.601594 0.464644
2 0.569005 0.433528 0.566458 0.437866 0.565169 0.442699 0.566005 0.450014 0.566703 0.449023 0.569771 0.451750 0.571341 0.451685 0.573362 0.447968 0.574130 0.448278 0.574198 0.450074 0.576396 0.448028 0.577964 0.445611 0.578346 0.446727 0.575211 0.450509 0.574862 0.451870 0.574792 0.452556 0.575557 0.452491 0.576047 0.451255 0.577091 0.452370 0.579464 0.452616 0.581974 0.450199 0.581763 0.448773 0.582461 0.447907 0.583576 0.447657 0.586227 0.450509 0.587172 0.454190 0.586544 0.457597 0.588495 0.458093 0.591076 0.458528 0.592156 0.457972 0.592539 0.459583 0.593167 0.458528 0.592854 0.456792 0.591773 0.456171 0.589820 0.452704 0.587102 0.446505 0.582987 0.439069 0.582708 0.434977 0.578805 0.435722
2 0.533555 0.440431 0.533857 0.439194 0.534820 0.438287 0.537380 0.438069 0.538076 0.439676 0.537865 0.442037 0.536659 0.443537 0.534518 0.444069
2 0.538781 0.443389 0.543701 0.450778 0.541443 0.454435 0.537208 0.447694
2 0.530185 0.469009 0.530758 0.472333 0.530789 0.475171 0.531422 0.475815 0.535971 0.475227 0.540461 0.474259 0.541544 0.473458 0.541154 0.470352 0.537534 0.469329 0.536070 0.470241 0.534880 0.469745
2 0.577089 0.516963 0.581690 0.518435 0.588130 0.519931 0.594154 0.522319 0.602674 0.526181 0.598701 0.544755 0.596776 0.542245 0.593211 0.540806 0.590404 0.541380 0.587810 0.541190
2 0.590404 0.541380 0.593211 0.540806 0.596776 0.542245 0.598701 0.544755 0.596969 0.548810 0.593081 0.549454 0.591094 0.549185
6 0.591094 0.549185 0.593081 0.549454 0.596969 0.548810 0.598701 0.544755 0.617477 0.526699 0.622247 0.528829 0.623971 0.533727 0.619289 0.539815 0.617406 0.534171 0.613747 0.537954 0.611375 0.537458 0.603776 0.542352 0.604120 0.548657 0.599943 0.551819 0.596896 0.551560 0.593549 0.554148
2 0.595643 0.558630 0.596482 0.558130 0.598396 0.561537 0.598464 0.565741
2 0.598396 0.561537 0.597703 0.554968 0.602922 0.556139 0.604141 0.577083 0.598464 0.565741
2 0.613771 0.597926 0.614422 0.592250 0.613872 0.585921 0.616034 0.585644 0.620031 0.601190 0.621609 0.608315 0.621990 0.616856
2 0.624701 0.622491 0.627779 0.601986 0.630445 0.600255 0.634643 0.597667 0.628758 0.630750
2 0.634643 0.597667 0.637589 0.584310 0.643646 0.587273 0.635865 0.624917 0.632740 0.640463 0.628758 0.630750
2 0.643646 0.587273 0.647732 0.592491 0.650544 0.600032 0.650477 0.611144 0.650857 0.616597 0.648674 0.618926 0.647609 0.624139 0.642604 0.630931 0.635865 0.624917
9 0.634755 0.644366 0.634911 0.638852 0.635841 0.637856 0.637497 0.637338 0.640073 0.636565 0.641529 0.637417 0.642896 0.638852 0.643544 0.642375 0.644195 0.644722 0.648505 0.647931 0.646263 0.654014 0.637193 0.649407
2 0.623971 0.533727 0.626560 0.530361 0.631104 0.527773 0.637151 0.527236 0.642167 0.532134 0.644687 0.534384 0.639078 0.545370 0.625193 0.565755 0.616917 0.560102 0.604120 0.548657 0.603776 0.542352 0.611375 0.537458 0.613747 0.537954 0.617406 0.534171 0.619289 0.539815
2 0.669904 0.592949 0.659513 0.603736 0.657284 0.594204 0.655773 0.587333 0.655404 0.578792 0.658023 0.575231 0.664518 0.569796 0.677318 0.563366 0.679573 0.563870
8 0.671146 0.549134 0.669646 0.554269 0.677318 0.563366 0.679573 0.563870 0.680578 0.559935 0.676810 0.555324 0.676159 0.554861 0.675576 0.553907 0.672510 0.550611
6 0.676562 0.540190 0.681201 0.539838 0.680992 0.544838 0.679596 0.546759 0.677721 0.550463 0.676159 0.554861 0.675576 0.553907
1 0.694180 0.507847 0.691029 0.511782 0.688867 0.516088 0.688034 0.518495 0.687747 0.521736 0.688320 0.523125 0.690742 0.524838 0.690794 0.523681 0.689336 0.522616 0.688867 0.521597 0.688766 0.518727 0.689648 0.516319 0.694570 0.508727
1 0.687570 0.536713 0.686945 0.535880 0.681138 0.534028 0.676633 0.532824 0.675539 0.532731 0.675122 0.534769 0.676529 0.534815 0.681164 0.535463 0.681190 0.536806 0.676424 0.536806 0.674398 0.537287 0.664536 0.540255 0.665891 0.542477 0.674354 0.540718 0.676562 0.540190 0.681201 0.539838 0.685159 0.539699 0.680992 0.544838 0.679596 0.546759 0.677721 0.550463 0.676159 0.554861 0.676810 0.555324 0.678424 0.551389 0.680143 0.548333 0.680924 0.547037 0.683581 0.544398 0.685820 0.543009
8 0.629505 0.574694 0.630812 0.578296 0.630682 0.580736 0.629701 0.581551 0.629047 0.581898 0.627414 0.581199 0.626432 0.579111 0.625451 0.576435
3 0.426589 0.410907 0.428396 0.405125 0.428539 0.400495 0.428974 0.395102 0.434469 0.392014 0.440253 0.394972 0.432154 0.396514 0.433240 0.402940 0.444083 0.400755 0.449721 0.403838 0.443794 0.405255 0.444010 0.406667 0.450156 0.405639 0.453771 0.409495 0.451964 0.426074 0.450729 0.426898
2 0.603875 0.501653 0.602667 0.500005 0.604885 0.493194 0.606781 0.494843 0.609362 0.496991 0.612023 0.501583 0.613719 0.504449
9 0.619151 0.453093 0.621833 0.457259 0.619672 0.460315 0.618448 0.459481 0.616365 0.456009
2 0.445164 0.409083 0.442734 0.410718 0.441331 0.413213 0.440737 0.416190 0.442357 0.418685 0.445003 0.420986 0.447271 0.421370 0.448891 0.420028 0.448784 0.415806 0.448674 0.413884
2 0.449721 0.403838 0.443794 0.405255 0.444010 0.406667 0.450156 0.405639
2 0.440253 0.394972 0.432154 0.396514 0.433240 0.402940 0.444083 0.400755
2 0.553638 0.483301 0.555115 0.480194 0.558216 0.480519 0.562555 0.486250 0.566393 0.491444 0.568534 0.495407 0.566156 0.498519
9 0.561602 0.464028 0.564880 0.468426 0.566484 0.472949 0.565612 0.475060 0.559930 0.467125
2 0.605753 0.505153 0.607776 0.508130 0.612203 0.511042 0.614120 0.511292 0.615305 0.510051 0.610633 0.506829 0.608820 0.505653
9 0.558359 0.471528 0.563206 0.472269 0.564008 0.476481 0.558987 0.478157
2 0.525742 0.457764 0.522099 0.457764 0.520081 0.459745 0.521013 0.465370 0.522669 0.466870 0.524294 0.465796 0.525865 0.463171
2 0.577292 0.464023 0.573229 0.474815 0.577161 0.479306 0.581562 0.469259 0.578596 0.463694
2 0.524057 0.422745 0.523008 0.427551 0.526841 0.434218 0.527969 0.433644 0.528292 0.427764
2 0.640768 0.513917 0.642010 0.517361 0.643411 0.518199 0.648271 0.522875 0.651708 0.526259 0.653724 0.525088 0.657586 0.531106 0.657714 0.525398
8 0.653724 0.525088 0.651250 0.528569 0.668729 0.553292 0.670531 0.547940 0.665891 0.542477 0.664536 0.540255 0.659680 0.533662 0.658956 0.532829 0.657586 0.531106
5 0.297013 0.203889 0.288721 0.187306 0.294810 0.183389 0.308674 0.177398 0.311911 0.175097 0.316057 0.171644 0.321370 0.171644 0.331484 0.192037 0.343005 0.212407 0.357388 0.241662 0.371185 0.271329 0.373984 0.280079 0.374555 0.283259 0.376224 0.285444 0.376458 0.288046 0.372870 0.284847 0.369734 0.282472 0.366146 0.278491 0.361979 0.280648 0.359266 0.284731 0.335143 0.254995 0.306938 0.217222
5 0.357547 0.158755 0.356435 0.154731 0.355596 0.153046 0.355523 0.149398 0.359219 0.149204 0.362883 0.148806 0.362883 0.147792 0.358784 0.143718 0.358755 0.142060 0.361227 0.140282 0.364388 0.132481 0.363685 0.130005 0.362427 0.128514 0.362516 0.125519 0.365508 0.125852 0.372786 0.132907 0.378664 0.138218 0.384917 0.144190 0.389536 0.148009 0.395753 0.153481 0.403409 0.161954 0.415229 0.173750 0.423760 0.180292 0.433701 0.189894 0.442901 0.199713 0.447419 0.204171 0.447044 0.206278 0.448794 0.213167 0.449609 0.219051 0.456609 0.225056 0.455227 0.227278 0.454115 0.228287 0.453177 0.229907 0.451172 0.228051 0.449734 0.227046 0.447943 0.231296 0.446706 0.239412 0.439331 0.231185 0.439766 0.240181 0.440266 0.249509 0.434219 0.242505 0.424984 0.232806 0.411701 0.218213 0.396148 0.201894 0.379083 0.182597 0.362451 0.164551
5 0.384917 0.144190 0.377315 0.135782 0.371388 0.129644 0.368401 0.126907 0.368401 0.125662 0.370081 0.123171 0.374234 0.120435 0.375401 0.119190 0.376521 0.112801 0.377409 0.110560 0.381047 0.102597 0.383055 0.102264 0.383570 0.102500 0.384411 0.103250 0.410234 0.129417 0.441930 0.159255 0.468906 0.185454 0.466456 0.189551 0.466456 0.189551 0.465057 0.192620 0.463003 0.198014 0.461883 0.200171 0.461229 0.200088 0.460622 0.199009 0.459596 0.200333 0.460016 0.202412 0.458661 0.206560 0.456328 0.208051 0.456281 0.209546 0.454010 0.212546 0.447419 0.204171 0.442901 0.199713 0.433701 0.189894 0.423760 0.180292 0.415229 0.173750 0.403409 0.161954 0.395753 0.153481 0.389536 0.148009
5 0.464870 0.234852 0.462633 0.232213 0.459487 0.232356 0.457607 0.233384 0.456609 0.233602 0.453638 0.235727 0.452146 0.237019 0.450979 0.238903 0.451461 0.240102 0.462190 0.251861 0.474815 0.265917 0.494823 0.288435 0.498818 0.293671 0.507609 0.302417 0.525440 0.323931 0.533424 0.333111 0.534596 0.334616 0.535724 0.338417 0.535951 0.339593 0.531870 0.341514 0.530984 0.342181 0.531474 0.344005 0.539958 0.353324 0.541630 0.352431 0.541044 0.350500 0.541044 0.345296 0.543135 0.343958 0.546984 0.349014 0.548823 0.347676 0.548992 0.343065 0.552003 0.347676 0.554094 0.347227 0.554010 0.342917 0.556518 0.331167 0.559279 0.325815 0.562307 0.327806 0.563315 0.327157 0.562786 0.326019 0.559375 0.322639 0.557318 0.320694 0.553078 0.316412 0.551865 0.314755 0.550130 0.314398 0.547383 0.311681 0.544583 0.314171 0.542344 0.311602 0.540198 0.310602 0.538469 0.311185 0.536695 0.311269 0.514576 0.287454 0.489557 0.260986
5 0.451461 0.240102 0.449839 0.242657 0.446706 0.239412 0.439331 0.231185 0.439766 0.240181 0.440266 0.249509 0.440211 0.252102 0.437727 0.253926 0.434974 0.255463 0.433948 0.257000 0.436797 0.259120 0.445964 0.269815 0.464237 0.290875 0.480622 0.308231 0.488049 0.313931 0.500633 0.331287 0.511859 0.346162 0.517961 0.354032 0.521133 0.351491 0.526328 0.345542 0.531870 0.341514 0.535951 0.339593 0.535724 0.338417 0.534596 0.334616 0.533424 0.333111 0.525440 0.323931 0.507609 0.302417 0.498818 0.293671 0.494823 0.288435 0.474815 0.265917 0.462190 0.251861
