0 0.328076 0.086079 0.333172 0.082079 0.341867 0.087407 0.348164 0.093005 0.350260 0.099935 0.350333 0.106148 0.349844 0.107778 0.351167 0.119481 0.353568 0.127454 0.349948 0.141713 0.344766 0.149722 0.341716 0.137509 0.339469 0.130583 0.337438 0.125755 0.333732 0.123560 0.332852 0.128579 0.328703 0.136421 0.327109 0.139259 0.323818 0.132356 0.321906 0.128019 0.320563 0.123792 0.319534 0.124153 0.318414 0.131185 0.313664 0.136056 0.316430 0.139935 0.321195 0.147051 0.323789 0.153606 0.324568 0.149181 0.326982 0.153338 0.330654 0.159787 0.331792 0.159301 0.332781 0.158833 0.335615 0.158130 0.338016 0.157204 0.341102 0.156167 0.341727 0.157157 0.340312 0.165417 0.338883 0.167866 0.337625 0.175620 0.339664 0.181639 0.340622 0.187824 0.338029 0.192329 0.331539 0.201977 0.329411 0.206426 0.325542 0.205412 0.319922 0.198912 0.318482 0.194940 0.318557 0.189583 0.316638 0.184227 0.314826 0.178194 0.314622 0.176199 0.313010 0.173005 0.311161 0.170046 0.306578 0.164403 0.306266 0.161361 0.308604 0.156963 0.311174 0.153532 0.303990 0.142204 0.300466 0.144370 0.297620 0.145097 0.294771 0.144611 0.292602 0.171847 0.293552 0.172329 0.295365 0.174352 0.296401 0.181935 0.295982 0.187583 0.296852 0.194407 0.297797 0.199551 0.297286 0.202639 0.296359 0.201292 0.294687 0.200093 0.294245 0.203750 0.295292 0.208745 0.294880 0.209773 0.295125 0.214491 0.300534 0.220662 0.302781 0.224167 0.305617 0.228574 0.306089 0.233407 0.305497 0.242644 0.302427 0.248148 0.298260 0.253806 0.294273 0.256898 0.294138 0.262282 0.291245 0.264333 0.288922 0.259829 0.284589 0.254954 0.279029 0.249037 0.275956 0.243069 0.275086 0.237898 0.272747 0.236273 0.270781 0.231741 0.268664 0.225940 0.267440 0.220338 0.266557 0.216204 0.271982 0.212074 0.274951 0.210931 0.274802 0.202481 0.274141 0.201630 0.274141 0.194139 0.273984 0.187546 0.275521 0.179356 0.277266 0.174162 0.279120 0.167417 0.281141 0.159630 0.284198 0.139551 0.274979 0.146060 0.276826 0.152806 0.278367 0.157630 0.279536 0.163653 0.277995 0.167093 0.274266 0.167417 0.266854 0.167889 0.264773 0.163606 0.263000 0.161718 0.259693 0.166968 0.265599 0.176625 0.273945 0.187106 0.273961 0.192222 0.269523 0.196644 0.264188 0.201148 0.261594 0.203255 0.257711 0.205574 0.255659 0.203176 0.255268 0.197977 0.251221 0.197019 0.246154 0.192806 0.243216 0.187343 0.242721 0.179694 0.242865 0.177824 0.241823 0.170000 0.238542 0.170000 0.239344 0.156532 0.240359 0.143106 0.243372 0.145912 0.246198 0.139398 0.245589 0.137231 0.246995 0.134847 0.248779 0.129088 0.250068 0.125625 0.256721 0.125009 0.258237 0.125597 0.263589 0.123227 0.265091 0.122449 0.270560 0.118944 0.274125 0.117495 0.279268 0.113523 0.281216 0.113019 0.277380 0.106384 0.271562 0.099296 0.263409 0.092074 0.256154 0.083810 0.252451 0.076644 0.250276 0.072620 0.250201 0.065769 0.253799 0.061157 0.256633 0.056417 0.261654 0.053884 0.262240 0.051194 0.263992 0.051644 0.269344 0.057588 0.273062 0.056231 0.273737 0.057329 0.321651 0.076366 0.322557 0.078625 0.324372 0.083139
2 0.499896 0.418750 0.497240 0.418287 0.497672 0.411551 0.497997 0.406653 0.498612 0.408838 0.498932 0.411991 0.499417 0.415819
10 0.507943 0.373102 0.510271 0.370866 0.513701 0.369977 0.516125 0.370866 0.517883 0.376222 0.519138 0.379194 0.519221 0.381130 0.520391 0.383208 0.520977 0.386481 0.522232 0.386630 0.522057 0.388889 0.520646 0.391130 0.520003 0.391847 0.518872 0.393926 0.516378 0.398125 0.513315 0.401708 0.513594 0.399491 0.513539 0.395519 0.513164 0.395352 0.512839 0.399259 0.512510 0.402153 0.510573 0.401130 0.507987 0.398838 0.506172 0.396250 0.505930 0.392532 0.508440 0.394481 0.510331 0.394481 0.511133 0.392940 0.512560 0.389597 0.513685 0.384370 0.514568 0.380157 0.514128 0.378037 0.512687 0.376815 0.509320 0.374375
1 0.528411 0.448426 0.529247 0.444569 0.529789 0.439931 0.530477 0.435468 0.531146 0.432315 0.531641 0.432731 0.531266 0.437306 0.530469 0.443704 0.529443 0.448685 0.528508 0.449032
2 0.503492 0.461551 0.504174 0.460338 0.507820 0.460032 0.510326 0.460032 0.512833 0.461755 0.513859 0.463880 0.514656 0.472995 0.515281 0.480287 0.515625 0.486361 0.511466 0.473806
2 0.494401 0.442917 0.496630 0.447120 0.498698 0.450602 0.499396 0.450144 0.499349 0.446296 0.495807 0.441250 0.494609 0.439213 0.493620 0.438009
2 0.493542 0.441204 0.492031 0.438981 0.492344 0.436528 0.492893 0.437111 0.493099 0.438704
8 0.519138 0.379194 0.521591 0.374009 0.525216 0.366458 0.526841 0.362681 0.527526 0.360903 0.530151 0.362236 0.530151 0.364236 0.529276 0.365125 0.528214 0.364347 0.524904 0.371009 0.521966 0.378231 0.520029 0.382449 0.519221 0.381130
8 0.525922 0.368898 0.529857 0.369231 0.534607 0.370343 0.538490 0.370787 0.539729 0.372898 0.540167 0.377231 0.539354 0.380231 0.538167 0.379787 0.537167 0.378231 0.537417 0.375454 0.537104 0.373787 0.533490 0.373333 0.528732 0.372343 0.524904 0.371009
8 0.524180 0.368546 0.521182 0.368111 0.519055 0.367370 0.516719 0.366375 0.516128 0.368856 0.516510 0.370838 0.520833 0.371481 0.522813 0.371481
2 0.528620 0.378750 0.530807 0.375977 0.532745 0.374866 0.536742 0.374421 0.537417 0.375454 0.537117 0.376977 0.535055 0.376644 0.533120 0.377088 0.529557 0.380528
2 0.536354 0.455926 0.532422 0.455231 0.534987 0.451097 0.539516 0.442347 0.542026 0.438583 0.545474 0.434468 0.547099 0.431931 0.548177 0.432130 0.550286 0.436574 0.548721 0.440157 0.547049 0.443310 0.544982 0.444185 0.542526 0.446296 0.540255 0.449611 0.537940 0.453199
10 0.541536 0.435787 0.544141 0.433241 0.546841 0.430898 0.550078 0.427222 0.553193 0.423907 0.554427 0.422222 0.556245 0.419528 0.557523 0.417069 0.559089 0.414537 0.560086 0.414972 0.559888 0.416380 0.557672 0.420144 0.555852 0.422856 0.551961 0.426796 0.548516 0.430556 0.547099 0.431931 0.544922 0.434028 0.541979 0.437269
2 0.522760 0.451148 0.527565 0.449389 0.528508 0.449032 0.529443 0.448685 0.533057 0.447218 0.533362 0.450065 0.533208 0.453727 0.532422 0.455231 0.532599 0.457926 0.533438 0.462403 0.531224 0.462546 0.525734 0.465653 0.524667 0.463486 0.522760 0.462403 0.520854 0.461861 0.521693 0.459014
10 0.539245 0.525787 0.541797 0.525926 0.543542 0.525972 0.543438 0.530417 0.542948 0.530736 0.541693 0.531296 0.541659 0.528657 0.539003 0.528565
10 0.529635 0.528519 0.533833 0.530542 0.534315 0.529685 0.535521 0.530435 0.536305 0.531880 0.537419 0.532204 0.538323 0.532898 0.535117 0.534593 0.533542 0.534861 0.533333 0.533333 0.530781 0.532176
2 0.547094 0.454352 0.547885 0.452593 0.549333 0.452944 0.549599 0.455287 0.551180 0.453880 0.550917 0.451889 0.553815 0.451773 0.554474 0.452009 0.555133 0.454000 0.555661 0.459273 0.556716 0.464426 0.554615 0.468222 0.553250 0.471023 0.553125 0.472532 0.554013 0.473449 0.555589 0.469815 0.556693 0.466620 0.557250 0.471329 0.558193 0.478051 0.558391 0.480866 0.557664 0.480750 0.556411 0.477704 0.555292 0.478051 0.555227 0.479343 0.556609 0.483208 0.555026 0.485926 0.554505 0.487315 0.552854 0.486606 0.551404 0.484616 0.549823 0.477819 0.548966 0.470556 0.548503 0.467273
10 0.552828 0.451755 0.553893 0.449259 0.556063 0.443662 0.557807 0.438824 0.559466 0.434282 0.560190 0.431940 0.563211 0.432014 0.564708 0.428958 0.565984 0.424648 0.568708 0.424796 0.569302 0.426463 0.568380 0.428574 0.567396 0.431620 0.569039 0.431736 0.571018 0.433028 0.570820 0.434903 0.570292 0.437245 0.570688 0.438648 0.571742 0.440292 0.568776 0.446616 0.569714 0.448889 0.569245 0.450602 0.567638 0.451116 0.565141 0.452449 0.562953 0.455560 0.560411 0.456282 0.556693 0.466620 0.555589 0.469815 0.554013 0.473449 0.553125 0.472532 0.553250 0.471023 0.554615 0.468222 0.556716 0.464426 0.557297 0.461903 0.558654 0.458505 0.559318 0.456606 0.557956 0.455954 0.557003 0.457264 0.556451 0.459292 0.555661 0.459273 0.555133 0.454000 0.554474 0.452009 0.553815 0.451773
10 0.547732 0.491199 0.546404 0.493662 0.545221 0.496546 0.545419 0.499347 0.545419 0.502676 0.548716 0.506079 0.550391 0.506954 0.552359 0.506079 0.555068 0.499778 0.555510 0.496111 0.554378 0.493398 0.553247 0.491736 0.551523 0.489898 0.550096 0.489023 0.549057 0.489162 0.548661 0.490801
2 0.579375 0.469722 0.582409 0.475227 0.585388 0.480829 0.587216 0.483625 0.588365 0.486120 0.588195 0.488315 0.587430 0.489602 0.586154 0.488542 0.583005 0.482264 0.580195 0.476894 0.578464 0.474491
10 0.560482 0.512875 0.562076 0.515606 0.562987 0.518745 0.562417 0.521685 0.560708 0.523306 0.558315 0.520468 0.556549 0.513986 0.556208 0.509023 0.556664 0.502847 0.557120 0.499000 0.557292 0.496671 0.555805 0.491759 0.554378 0.493398 0.553247 0.491736 0.554443 0.488056 0.555805 0.486009 0.556995 0.484194 0.558065 0.485269 0.558841 0.484356 0.560310 0.484093 0.559388 0.486250 0.560271 0.486574 0.560531 0.488144 0.561745 0.489653 0.562628 0.488671 0.563198 0.487093 0.561878 0.484144 0.563125 0.481472 0.563685 0.481241 0.564766 0.480764 0.566115 0.483542 0.567315 0.483954 0.567646 0.486769 0.569635 0.490602 0.571615 0.494259 0.573091 0.498931 0.573911 0.502181 0.573742 0.503690 0.572596 0.504074 0.571974 0.502787 0.570513 0.499384 0.569375 0.498750 0.567888 0.498500 0.566159 0.501542 0.567596 0.501866 0.566714 0.503565 0.564508 0.503171 0.563294 0.503630 0.562776 0.504551 0.561875 0.503843 0.560794 0.505523 0.560167 0.508926
1 0.594271 0.431574 0.596388 0.433588 0.599974 0.437926 0.603169 0.441569 0.605307 0.444245 0.608133 0.448338 0.610659 0.451301 0.611987 0.453065 0.611909 0.453755 0.611234 0.453801 0.607354 0.448708 0.603839 0.444310 0.601286 0.441069 0.597690 0.437042 0.595216 0.433898 0.593984 0.432639
10 0.591849 0.438843 0.590258 0.439431 0.589320 0.441208 0.590445 0.443319 0.588070 0.444319 0.586633 0.444431 0.586445 0.451653 0.585320 0.452981 0.584195 0.459759 0.583008 0.464870 0.581448 0.466537 0.580073 0.465093 0.579135 0.464870 0.579323 0.466981 0.581010 0.468755 0.582385 0.468532 0.583445 0.469310 0.583945 0.472755 0.586008 0.476088 0.592693 0.482972 0.599690 0.490528 0.604253 0.495523 0.605128 0.494417 0.607750 0.497301 0.611250 0.497412 0.612438 0.492972 0.612625 0.490306 0.615286 0.486019 0.616745 0.485046 0.619583 0.481389 0.620208 0.477083 0.619635 0.473843 0.618685 0.469032 0.617526 0.469815 0.610047 0.460384 0.601299 0.450306 0.599122 0.447056
10 0.590687 0.653634 0.593448 0.653796 0.598409 0.653940 0.601193 0.653940 0.598570 0.658315 0.596146 0.661343 0.594375 0.660741 0.591909 0.659347 0.591763 0.655125
10 0.608568 0.641991 0.607341 0.636343 0.606370 0.631542 0.605505 0.626551 0.604534 0.620694 0.604750 0.618005 0.606857 0.617620 0.608422 0.616375 0.609669 0.616306 0.610112 0.615167 0.611240 0.613657 0.613497 0.612792 0.616042 0.611931 0.618659 0.611718 0.619026 0.615731 0.619469 0.619102 0.619750 0.623977
2 0.605727 0.571954 0.607164 0.568069 0.608727 0.563292 0.610169 0.560616 0.610375 0.558759 0.611495 0.557639 0.610901 0.556093 0.610938 0.554972 0.612187 0.554972 0.613125 0.552838 0.614313 0.549931 0.615010 0.545898 0.615112 0.543667 0.616091 0.544343 0.616367 0.545954 0.616648 0.546389 0.617068 0.545398 0.617836 0.545463 0.618323 0.546264 0.618422 0.548755 0.620484 0.548440 0.620659 0.549620 0.620271 0.551718 0.621247 0.553463 0.621216 0.556306 0.620167 0.558662 0.621177 0.560593 0.621565 0.561769 0.621565 0.563856 0.620997 0.564769 0.619971 0.564870 0.619516 0.563694 0.619479 0.562176 0.618776 0.561759 0.618594 0.562222 0.618177 0.563426 0.618315 0.564125 0.619596 0.565157 0.620104 0.565602 0.620000 0.566481 0.617641 0.565481 0.617430 0.566069 0.618391 0.566759 0.619448 0.567403 0.619203 0.568903 0.618091 0.571579 0.616492 0.575708 0.614729 0.580366 0.614005 0.580630 0.611742 0.578866 0.608945 0.576509 0.607375 0.575921 0.606445 0.575009 0.606320 0.573454
2 0.512185 0.423727 0.511823 0.425278 0.507474 0.424352 0.506302 0.424167 0.502500 0.423981 0.501273 0.417083 0.500143 0.408190 0.501935 0.407972 0.502495 0.407806 0.503195 0.408056 0.503055 0.409963 0.506224 0.412037 0.507057 0.411435 0.507797 0.410782 0.508357 0.409454 0.508638 0.407546 0.509617 0.407380 0.509805 0.405556 0.510971 0.404477 0.512510 0.402153 0.512839 0.399259 0.513164 0.395352 0.513539 0.395519 0.513594 0.399491 0.512932 0.404644 0.512464 0.407880 0.512474 0.412546 0.512240 0.416250
10 0.527979 0.411856 0.529870 0.412870 0.531120 0.414028 0.532031 0.415093 0.532937 0.416829 0.533221 0.419880 0.532813 0.423056 0.531760 0.424458 0.529154 0.426435 0.526961 0.428074 0.524641 0.429597 0.522500 0.429583 0.523180 0.427366 0.524687 0.421713 0.526690 0.415894
2 0.532031 0.415093 0.532500 0.404537 0.534339 0.401583 0.536823 0.401296 0.539469 0.401486 0.540495 0.394958 0.541143 0.388722 0.540982 0.385454 0.539630 0.381616 0.539354 0.380231 0.538167 0.379787 0.537167 0.378231 0.534674 0.378139 0.531779 0.379685 0.530073 0.381366 0.528729 0.384620 0.527125 0.388449 0.525672 0.392463 0.525234 0.393889 0.524193 0.400509 0.524544 0.401861 0.529062 0.402005 0.530435 0.404157 0.530182 0.406944 0.529792 0.412870
10 0.519534 0.427759 0.520234 0.429912 0.522130 0.425037 0.523776 0.420972 0.525198 0.417898 0.526487 0.414171 0.527214 0.411713 0.525417 0.411713 0.523333 0.412454 0.521510 0.413981 0.519531 0.416931 0.519763 0.418921 0.522068 0.418370 0.522659 0.418306 0.523880 0.417255 0.523776 0.418495 0.522414 0.419981 0.520393 0.420662 0.519779 0.421412 0.520440 0.421412 0.521214 0.422782 0.520846 0.424222
10 0.567396 0.431620 0.568380 0.428574 0.571544 0.426463 0.574708 0.425060 0.577411 0.426231 0.579714 0.429861 0.580904 0.437125 0.581232 0.442398 0.580310 0.448023 0.577477 0.450833 0.574201 0.451782 0.570234 0.449583 0.568776 0.446616 0.571742 0.440292 0.570688 0.438648 0.570292 0.437245 0.570820 0.434903 0.571018 0.433028 0.569039 0.431736
2 0.569375 0.498750 0.571974 0.502787 0.574828 0.508741 0.578229 0.514074 0.578516 0.515926 0.576849 0.517231 0.573992 0.511806 0.569758 0.504190 0.567214 0.499583 0.567888 0.498500
10 0.525607 0.516523 0.534948 0.521995 0.537919 0.522764 0.538242 0.524009 0.539245 0.525787 0.539003 0.528565 0.541659 0.528657 0.541693 0.531296 0.539487 0.532296 0.538323 0.532898 0.537419 0.532204 0.536305 0.531880 0.535521 0.530435 0.534315 0.529685 0.533833 0.530542 0.529635 0.528519
10 0.545042 0.501644 0.540997 0.503370 0.539323 0.505676 0.538135 0.508361 0.536893 0.515852 0.536784 0.519213 0.538242 0.524009 0.539245 0.525787 0.541797 0.525926 0.543542 0.525972 0.543438 0.530417 0.546490 0.529222 0.548469 0.528097 0.551484 0.527315 0.552344 0.527870 0.552289 0.530356 0.551135 0.531727 0.553523 0.530731 0.556927 0.526796 0.558487 0.522093 0.558315 0.520468 0.556549 0.513986 0.556208 0.509023 0.556664 0.502847 0.554497 0.501162 0.552359 0.506079 0.550391 0.506954 0.548716 0.506079 0.545419 0.502676
2 0.487135 0.397963 0.491771 0.397222 0.497107 0.396366 0.499849 0.395792 0.501099 0.395361 0.502552 0.395648 0.502391 0.398875 0.501826 0.399519 0.499969 0.399662 0.499445 0.401458 0.496099 0.401384 0.491135 0.401671 0.487708 0.401384 0.487263 0.399380
1 0.517779 0.439255 0.517831 0.432787 0.517646 0.428343 0.517745 0.424630 0.518232 0.422523 0.518878 0.420250 0.519763 0.418921 0.522068 0.418370 0.522659 0.418306 0.523880 0.417255 0.523776 0.418495 0.522414 0.419981 0.520393 0.420662 0.519779 0.421412 0.518151 0.425741 0.518234 0.429843 0.518307 0.434491 0.518219 0.437190 0.518302 0.439505
2 0.467831 0.271551 0.466911 0.273634 0.465490 0.278394 0.465823 0.281514 0.468164 0.284190 0.468833 0.287019 0.469479 0.285921 0.468917 0.281921 0.479477 0.291472 0.487500 0.300819 0.488526 0.301069 0.488807 0.302148 0.495409 0.309801 0.501906 0.317574 0.502891 0.318843 0.502891 0.320463 0.502594 0.328463 0.497656 0.337236 0.498844 0.339458 0.499906 0.339014 0.510495 0.322361 0.511341 0.320861 0.515276 0.314796 0.515651 0.302690 0.513776 0.301468 0.512904 0.311912 0.506404 0.305468 0.510521 0.298472 0.511745 0.296157 0.513901 0.293250 0.513977 0.298241 0.516089 0.299806 0.516464 0.286806 0.509029 0.279144 0.479102 0.248153 0.471609 0.259120 0.467656 0.264583 0.466328 0.266574 0.465354 0.268704 0.465070 0.273338 0.466828 0.270662 0.467831 0.270213
8 0.565078 0.542185 0.564937 0.543546 0.563544 0.543421 0.563474 0.542370 0.563229 0.534125 0.562219 0.530407 0.561034 0.528051 0.562253 0.526315 0.563891 0.529727 0.564625 0.531773 0.565286 0.535926
8 0.446974 0.342356 0.448490 0.338333 0.449490 0.339431 0.448437 0.343750 0.446042 0.350787 0.445135 0.353111 0.444206 0.355259 0.443083 0.361505 0.442474 0.365083 0.441797 0.369259 0.440818 0.368023 0.440859 0.365972 0.442630 0.357269 0.443698 0.352454 0.444453 0.349954 0.445542 0.347292 0.446471 0.344213
10 0.518307 0.434491 0.520234 0.429912 0.522130 0.425037 0.523776 0.420972 0.525198 0.417898 0.526487 0.414171 0.527495 0.411014 0.527940 0.409870 0.528383 0.410657 0.526690 0.415894 0.524687 0.421713 0.523180 0.427366 0.521849 0.431597 0.520357 0.435111 0.519430 0.437190 0.518219 0.437190
8 0.379948 0.233657 0.383229 0.229356 0.387378 0.223083 0.392229 0.216338 0.396375 0.210380 0.401141 0.203634 0.405966 0.196981 0.410714 0.190301 0.413414 0.186551 0.417701 0.180278 0.419846 0.176231 0.419708 0.174426 0.421625 0.174306 0.422008 0.176231 0.421732 0.178088 0.421034 0.179329 0.418372 0.182255 0.412591 0.190394 0.406628 0.199523 0.400195 0.208403 0.395078 0.215681 0.389742 0.222926 0.384977 0.230144 0.382021 0.233986 0.380521 0.235602
6 0.538151 0.355417 0.540891 0.350759 0.541641 0.350097 0.543953 0.352537 0.548138 0.357870 0.552888 0.364866 0.556760 0.370532 0.556385 0.372532 0.553451 0.377310 0.550388 0.373199 0.548638 0.369977 0.545141 0.364093 0.540328 0.358204
8 0.491047 0.425315 0.487216 0.419648 0.485198 0.415991 0.485156 0.415093 0.485724 0.414773 0.487297 0.417213 0.489474 0.420222 0.490604 0.422301
8 0.491576 0.423593 0.494857 0.429102 0.498216 0.434148 0.500521 0.437546 0.502708 0.440417 0.501901 0.442361 0.499818 0.439213 0.494935 0.431509 0.492000 0.426755
8 0.515339 0.413241 0.517109 0.411977 0.519490 0.408991 0.521263 0.406088 0.522477 0.402935 0.523362 0.399449 0.523922 0.396463 0.524115 0.392963 0.524622 0.389079 0.525510 0.388995 0.525234 0.393889 0.524193 0.400509 0.522656 0.405694 0.520885 0.409398 0.517807 0.413306 0.517247 0.413968 0.515474 0.414218
8 0.499148 0.435509 0.498932 0.428694 0.499094 0.427060 0.499794 0.426773 0.500659 0.428023 0.500521 0.437546
8 0.499310 0.438296 0.499471 0.443574 0.500937 0.445417 0.500547 0.440231 0.499818 0.439213
8 0.499471 0.445972 0.499578 0.451060 0.500875 0.451926 0.501198 0.451542 0.501052 0.448255
6 0.532031 0.535833 0.535117 0.534593 0.539487 0.532296 0.542948 0.530736 0.546490 0.529222 0.548469 0.528097 0.551484 0.527315 0.552344 0.527870 0.552289 0.530356 0.551135 0.531727 0.547427 0.532898 0.543169 0.534852 0.539818 0.536412 0.537510 0.537000 0.535807 0.537083 0.534846 0.537685 0.534219 0.538194 0.532786 0.538565
6 0.594271 0.431574 0.589333 0.424829 0.584453 0.417514 0.581628 0.414144 0.578685 0.410412 0.578078 0.406037 0.578844 0.404463 0.580378 0.403602 0.582273 0.405250 0.589534 0.414861 0.598812 0.427194 0.608857 0.440602 0.615430 0.449569 0.624870 0.462690 0.623659 0.466847 0.622086 0.467421 0.615633 0.458819 0.611987 0.453065 0.610659 0.451301 0.608133 0.448338 0.605307 0.444245 0.603169 0.441569 0.599974 0.437926 0.596388 0.433588
8 0.572109 0.553519 0.575747 0.554222 0.579349 0.555741 0.582630 0.557130 0.585000 0.557778 0.584974 0.559583 0.582766 0.559171 0.577120 0.556588 0.574174 0.555440 0.572036 0.555083
8 0.386125 0.228472 0.390339 0.250000 0.396034 0.276218 0.397823 0.281361 0.398323 0.283884 0.397891 0.287963 0.398557 0.296551 0.400026 0.293889 0.399427 0.285139 0.395185 0.264458 0.389313 0.236023 0.387682 0.226343
2 0.295125 0.214491 0.300534 0.220662 0.304906 0.210727 0.309797 0.201403 0.313500 0.192894 0.314826 0.178194 0.314622 0.176199 0.312581 0.172931 0.310987 0.173495 0.311161 0.170046 0.306578 0.164403 0.303393 0.159537 0.303219 0.162042 0.299953 0.163458 0.297401 0.163458 0.296615 0.165491 0.302841 0.173296 0.308763 0.180556 0.301922 0.194347 0.294880 0.209773
2 0.293880 0.166157 0.296615 0.165491 0.302841 0.173296 0.304096 0.174963 0.295365 0.174352 0.293411 0.168704
2 0.297812 0.203472 0.296359 0.201292 0.294687 0.200093 0.294245 0.203750 0.295292 0.208745
2 0.266854 0.167889 0.274266 0.167417 0.279120 0.167417 0.277266 0.174162 0.270914 0.174162
2 0.273984 0.187546 0.265599 0.176625 0.259693 0.166968 0.263000 0.161718 0.264773 0.163606 0.266854 0.167889 0.270914 0.174162 0.275521 0.179356
8 0.385542 0.225968 0.383625 0.215056 0.382823 0.209852 0.382474 0.207560 0.383518 0.207185 0.384357 0.209667 0.386901 0.223796
8 0.393724 0.214259 0.390083 0.210218 0.386396 0.206069 0.384716 0.203995 0.383271 0.202417 0.383315 0.205241 0.386862 0.209389 0.389849 0.212458 0.392552 0.215880
14 0.429818 0.241204 0.427740 0.238449 0.426672 0.237009 0.426008 0.235236 0.425086 0.233282 0.423990 0.232241 0.423583 0.230343 0.424240 0.227523 0.425161 0.223875 0.425758 0.222667 0.426565 0.221380 0.427375 0.221301 0.429120 0.223579 0.431302 0.226389 0.431164 0.222736 0.432057 0.221829 0.434146 0.222139 0.434146 0.224255 0.435977 0.226449 0.437286 0.224782 0.438401 0.223264 0.440185 0.222968 0.441589 0.222736 0.443716 0.224023 0.446698 0.227588 0.454688 0.236431 0.458516 0.241389 0.464906 0.248722 0.466188 0.250134 0.466828 0.252398 0.467714 0.252926 0.469138 0.254241 0.471609 0.259120 0.467656 0.264583 0.466328 0.266574 0.464380 0.271176 0.463352 0.273398 0.462276 0.277421 0.461781 0.280569 0.461932 0.284773 0.461240 0.287579 0.459057 0.286694 0.456154 0.281829 0.449031 0.272921 0.442083 0.265426 0.437294 0.259148 0.434130 0.255449 0.430599 0.251287 0.430263 0.247963 0.430172 0.242894 0.430349 0.241690
8 0.393909 0.217347 0.396690 0.220935 0.398263 0.222509 0.399583 0.222500 0.401250 0.224806 0.402055 0.224449 0.400443 0.221866 0.399474 0.220218 0.398344 0.219931 0.395078 0.215681
2 0.237461 0.128208 0.238680 0.109634 0.240443 0.089306 0.244060 0.094722 0.246625 0.098269 0.246565 0.103231 0.247135 0.105250 0.251354 0.111435 0.252552 0.113056 0.257750 0.112907 0.260557 0.116412 0.261641 0.116574 0.261875 0.119676 0.258711 0.120532 0.249583 0.122269 0.243958 0.122917 0.241536 0.132222
2 0.323750 0.145694 0.328703 0.136421 0.332852 0.128579 0.333732 0.123560 0.337438 0.125755 0.338409 0.136579 0.338232 0.139875 0.333380 0.149440 0.329766 0.156343
2 0.327109 0.139259 0.323818 0.132356 0.321906 0.128019 0.319534 0.124153 0.318414 0.131185 0.317622 0.137394 0.320060 0.140556 0.320523 0.143250 0.323026 0.146764 0.323750 0.145694
2 0.332648 0.150866 0.334430 0.154616 0.335615 0.158130 0.332781 0.158833 0.331792 0.159301 0.330286 0.155324
2 0.304906 0.210727 0.304552 0.224167 0.302781 0.224167 0.305617 0.228574 0.306089 0.233407 0.305497 0.242644 0.302427 0.248148 0.302073 0.263519 0.302250 0.267130 0.303490 0.268852 0.306750 0.268366 0.307281 0.259907 0.308073 0.247519 0.308958 0.235759 0.316365 0.235903 0.324656 0.236218 0.336586 0.236032 0.346992 0.235671 0.354859 0.234940 0.367922 0.234037 0.372008 0.234037 0.371901 0.247644 0.371596 0.261440 0.377523 0.261986 0.377727 0.252009 0.378128 0.230949 0.379049 0.207894 0.379557 0.187042 0.380289 0.167431 0.376000 0.157810 0.369846 0.145380 0.363102 0.130681 0.354174 0.113676 0.350333 0.106148 0.349844 0.107778 0.351167 0.119481 0.353568 0.127454 0.356146 0.133102 0.349948 0.141713 0.344766 0.149722 0.347734 0.156185 0.352763 0.149755 0.356469 0.144421 0.359206 0.141287 0.364146 0.150227 0.368380 0.156972 0.371734 0.163245 0.372500 0.164940 0.366836 0.162838 0.361268 0.161440 0.355807 0.159949 0.351328 0.158889 0.346953 0.158102 0.341727 0.157157 0.340312 0.165417 0.353617 0.168773 0.363669 0.171356 0.369385 0.173185 0.372990 0.173394 0.372589 0.191722 0.372375 0.218560 0.372268 0.222551 0.363490 0.223287 0.352266 0.223657 0.345326 0.223644 0.331531 0.224083 0.314758 0.224083 0.309680 0.224292 0.309797 0.201403
2 0.265091 0.122449 0.261641 0.116574 0.260557 0.116412 0.257750 0.112907 0.249201 0.103208 0.246625 0.098269 0.244060 0.094722 0.240443 0.089306 0.232680 0.078782 0.227646 0.071713 0.224370 0.069819 0.222461 0.077009 0.219107 0.084190 0.215755 0.090833 0.223846 0.103250 0.226932 0.110153 0.225872 0.111722 0.232224 0.120190 0.237461 0.128208 0.241536 0.132222 0.245589 0.137231 0.246198 0.139398 0.243372 0.145912 0.240359 0.143106 0.236177 0.137662 0.228807 0.128556 0.220651 0.116898 0.214357 0.109282 0.207896 0.099565 0.203745 0.093699 0.211497 0.079694 0.217294 0.068444 0.226534 0.047949 0.234089 0.033935 0.241737 0.017875 0.250286 0.003611 0.252812 0.004861 0.254479 0.008796 0.255234 0.012130 0.250703 0.021250 0.245805 0.030074 0.251477 0.039523 0.258099 0.047593 0.256719 0.049708 0.255664 0.051472 0.253984 0.052546 0.252656 0.052500 0.246953 0.044907 0.241891 0.040690 0.238331 0.045144 0.234315 0.053111 0.229708 0.062903 0.237648 0.074509 0.244529 0.083602 0.252440 0.092667 0.254427 0.095093 0.249297 0.101343 0.253534 0.102792 0.261849 0.106157 0.270560 0.118944
8 0.511745 0.296157 0.513977 0.298241 0.516633 0.300278 0.517466 0.300880 0.517466 0.302546 0.516945 0.303333 0.516190 0.303287 0.512779 0.300648 0.510521 0.298472
8 0.535625 0.465000 0.538862 0.457958 0.543146 0.450343 0.545255 0.445542 0.547049 0.443310 0.548721 0.440157 0.550286 0.436574 0.553573 0.429944 0.556734 0.424319 0.558844 0.420569 0.561086 0.416352 0.561680 0.415648 0.562865 0.418227 0.563656 0.420569 0.557263 0.432991 0.552846 0.440958 0.547443 0.450801 0.543159 0.458181 0.539115 0.467778
8 0.478867 0.302977 0.482599 0.307208 0.488294 0.311361 0.492260 0.314676 0.495901 0.317417 0.499271 0.319398 0.502891 0.320463 0.502891 0.318843 0.496789 0.315667 0.495219 0.314653 0.494258 0.314338 0.489555 0.310685 0.487081 0.308116 0.485766 0.307028 0.483346 0.305051 0.480547 0.302565 0.479333 0.300819 0.478820 0.301069
8 0.457453 0.338889 0.455773 0.341542 0.453299 0.346935 0.451620 0.351250 0.450919 0.354819 0.450732 0.363366 0.451648 0.369370 0.453188 0.374102 0.455602 0.382185 0.457701 0.388347 0.458656 0.391949 0.457690 0.392023 0.456198 0.387718 0.455227 0.383852 0.453010 0.376606 0.451516 0.371588 0.450466 0.368287 0.449792 0.363102 0.449740 0.356991 0.450000 0.352917 0.451380 0.348606 0.452552 0.345301 0.454419 0.341569 0.457781 0.336968
8 0.449906 0.367620 0.447107 0.365713 0.444401 0.363148 0.442953 0.362236 0.442625 0.364056 0.445391 0.366574 0.447318 0.367639 0.449453 0.368472
8 0.469844 0.378009 0.470872 0.377731 0.474182 0.381884 0.477391 0.385477 0.481320 0.390231 0.484753 0.393944 0.484479 0.394722 0.484245 0.394907 0.479453 0.390046 0.476474 0.386722 0.474484 0.383935 0.472422 0.381343
8 0.485286 0.395833 0.485781 0.394954 0.487135 0.397963 0.487263 0.399380 0.487708 0.401384 0.488503 0.406644 0.489346 0.410981 0.489948 0.415431 0.491453 0.423005 0.492000 0.426755 0.492813 0.431667 0.493620 0.438241 0.494401 0.442917 0.494688 0.444583 0.494870 0.448750 0.494349 0.448009 0.493732 0.442505 0.493099 0.438704 0.492146 0.432343 0.490380 0.421005 0.487552 0.405787 0.486615 0.399421
2 0.479375 0.415648 0.480937 0.416898 0.483914 0.421611 0.487263 0.426505 0.490880 0.431593 0.492370 0.433736 0.492612 0.435157 0.492656 0.435926 0.488289 0.430634 0.483164 0.423569 0.480966 0.420287 0.478951 0.417875 0.476401 0.421014 0.475159 0.419273
2 0.493151 0.434815 0.495823 0.438463 0.498891 0.442676 0.501680 0.446583 0.503841 0.449745 0.505271 0.451977 0.506073 0.453463 0.505096 0.453898 0.501052 0.448255 0.495682 0.440139 0.493464 0.436852
14 0.457781 0.336968 0.460891 0.330292 0.463482 0.326606 0.467875 0.326375 0.468646 0.326852 0.469448 0.327648 0.470078 0.328426 0.471490 0.329852 0.475375 0.333102 0.479703 0.337338 0.484070 0.341162 0.487904 0.344245 0.498385 0.353440 0.503943 0.358181 0.505188 0.361708 0.505628 0.366153 0.504812 0.370157 0.509320 0.374375 0.512687 0.376815 0.514128 0.378037 0.514568 0.380157 0.513685 0.384370 0.512560 0.389597 0.511133 0.392940 0.510331 0.394481 0.508440 0.394481 0.504435 0.391509 0.499693 0.386995 0.498982 0.390449 0.498010 0.394181 0.494836 0.393514 0.492943 0.391880 0.482786 0.382574 0.476023 0.376449 0.470078 0.371264 0.462328 0.363778 0.460063 0.361269 0.458547 0.358000 0.458016 0.354449 0.458016 0.352722 0.456227 0.351574 0.456227 0.347634 0.456927 0.341597
6 0.546852 0.456926 0.545128 0.463231 0.543750 0.469269 0.542372 0.474782 0.541432 0.478194 0.538630 0.476181 0.539958 0.471542 0.541682 0.465681 0.542815 0.461741 0.544242 0.458153 0.546508 0.455528
8 0.523156 0.488926 0.524917 0.491958 0.525836 0.493199 0.525615 0.495426 0.524034 0.495880 0.522341 0.493269 0.520719 0.489861
2 0.512474 0.412546 0.517188 0.415602 0.519531 0.416931 0.519763 0.418921 0.518878 0.420250 0.516641 0.419491 0.513411 0.417269 0.512240 0.416250
8 0.670885 0.540000 0.664365 0.536255 0.658047 0.532125 0.651297 0.527903 0.645789 0.524444 0.644115 0.523676 0.640607 0.522046 0.639958 0.524829 0.643846 0.527708 0.653836 0.533468 0.661667 0.538653 0.668201 0.542204 0.669604 0.542782
8 0.599122 0.447056 0.591849 0.438843 0.588099 0.433796 0.583398 0.428032 0.580581 0.424991 0.580227 0.421954 0.582250 0.417986 0.583125 0.418176 0.586227 0.422880 0.591070 0.429204 0.593984 0.432639 0.597966 0.438356 0.602391 0.443727 0.606930 0.449199 0.612982 0.456884 0.619841 0.465162 0.625154 0.472153 0.631523 0.480264 0.635521 0.484815 0.634234 0.489079 0.633151 0.490329 0.626724 0.482167 0.622135 0.476343 0.619279 0.472491 0.618685 0.469032 0.617526 0.469815 0.610047 0.460384 0.601299 0.450306
8 0.622763 0.547102 0.622224 0.542685 0.621576 0.537597 0.621630 0.534815 0.622547 0.534907 0.623466 0.539421 0.624115 0.542782 0.624438 0.548347
8 0.624815 0.553727 0.624654 0.563708 0.623974 0.587968 0.623411 0.598625 0.622510 0.614426 0.622159 0.618917 0.621716 0.621176 0.620427 0.622968 0.620740 0.615278 0.621404 0.603144 0.622018 0.586866 0.622409 0.576468 0.622591 0.565551 0.622878 0.554532 0.623341 0.553042 0.624326 0.552958
8 0.573594 0.627903 0.573698 0.621190 0.574120 0.614380 0.574435 0.609139 0.574253 0.605019 0.575122 0.603505 0.576086 0.603611 0.576458 0.605278 0.576086 0.612773 0.575784 0.620593 0.575443 0.626713 0.575383 0.630301
8 0.379583 0.239083 0.380104 0.236019 0.381563 0.234537 0.383490 0.239167 0.385159 0.244755 0.387307 0.251611 0.389331 0.257949 0.391667 0.263472 0.393414 0.268403 0.396034 0.276218 0.397823 0.281361 0.398323 0.283884 0.397891 0.287963 0.395526 0.287477 0.393359 0.280417 0.390047 0.269699 0.387091 0.260329 0.384922 0.254315 0.382344 0.246944 0.380781 0.242593
8 0.484479 0.415648 0.482865 0.412639 0.479635 0.407037 0.478875 0.408130 0.477161 0.410556 0.479089 0.413565 0.481146 0.416759 0.483914 0.421611 0.487263 0.426505 0.490880 0.431593 0.491781 0.430500 0.491047 0.425315 0.487216 0.419648 0.485680 0.417250
14 0.367943 0.101435 0.371224 0.118644 0.374318 0.133963 0.376354 0.145370 0.377552 0.152407 0.381224 0.155880 0.386276 0.156898 0.390755 0.155324 0.392117 0.151315 0.391206 0.150347 0.390833 0.148194 0.392378 0.147657 0.393437 0.148551 0.394091 0.144681 0.394542 0.140935 0.394727 0.136921 0.394659 0.131806 0.392594 0.122926 0.391599 0.117264 0.390151 0.113264 0.383794 0.110051 0.372510 0.103241
6 0.392117 0.151315 0.391206 0.150347 0.390833 0.148194 0.392378 0.147657 0.397703 0.152491 0.402893 0.157713 0.407107 0.161417 0.411576 0.165579 0.411745 0.166639 0.410935 0.169134 0.406979 0.165579 0.399745 0.158694 0.394896 0.154079
6 0.533539 0.406778 0.537810 0.403333 0.542083 0.399690 0.547664 0.394829 0.551766 0.391287 0.556721 0.386931 0.558031 0.388347 0.559115 0.391389 0.559115 0.393310 0.551708 0.399588 0.543393 0.406778 0.537867 0.411435 0.535417 0.413056 0.533367 0.408602
6 0.513982 0.465606 0.514492 0.465227 0.515768 0.466968 0.516831 0.466667 0.516875 0.469917 0.516279 0.470449 0.514320 0.469843
6 0.515255 0.434745 0.516654 0.431218 0.517646 0.428343 0.517831 0.432787 0.516641 0.436898 0.515328 0.436120
14 0.560828 0.463116 0.560336 0.467037 0.560443 0.471546 0.561310 0.475764 0.562229 0.478366 0.563685 0.481241 0.564766 0.480764 0.566115 0.483542 0.568594 0.484407 0.570919 0.484407 0.573130 0.483065 0.576448 0.479773 0.578323 0.475111 0.579510 0.468889 0.579198 0.463894 0.578635 0.460338 0.577396 0.455833 0.574201 0.451782 0.570443 0.450278 0.567638 0.451116 0.565141 0.452449 0.562953 0.455560 0.561328 0.459560
14 0.556354 0.606759 0.559984 0.609144 0.572630 0.626620 0.579219 0.635463 0.588091 0.648556 0.588919 0.650231 0.589245 0.651542 0.590687 0.653634 0.591763 0.655125 0.591909 0.659347 0.588404 0.657634 0.579479 0.652676 0.574799 0.650250 0.570789 0.648894 0.562482 0.625426
8 0.498932 0.411991 0.498612 0.408838 0.499013 0.407833 0.500143 0.408190 0.501273 0.417083 0.502443 0.424037 0.503573 0.431208 0.504581 0.437917 0.505427 0.442361 0.505146 0.443079 0.503896 0.443366 0.502604 0.435833 0.500596 0.422361 0.499417 0.415819
6 0.518151 0.425741 0.519779 0.421412 0.520440 0.421412 0.521214 0.422782 0.520846 0.424222 0.518281 0.431343 0.518234 0.429843
2 0.501935 0.407972 0.500143 0.408190 0.498622 0.406727 0.498948 0.403986 0.500536 0.404069 0.502776 0.405898 0.508333 0.409722 0.507057 0.411435 0.506224 0.412037 0.503055 0.409963 0.503195 0.408056 0.502495 0.407806
1 0.553930 0.438991 0.555331 0.439769 0.554544 0.441324 0.547885 0.452593 0.544242 0.458153 0.544242 0.458153 0.543164 0.460306 0.542289 0.459995 0.543159 0.458181 0.547443 0.450801
2 0.554831 0.602583 0.556057 0.600407 0.558070 0.598694 0.559820 0.598542 0.560695 0.600718 0.560958 0.604144 0.561047 0.606477 0.560432 0.607255 0.559297 0.607565 0.556354 0.606759
2 0.568573 0.590917 0.574875 0.587028 0.576451 0.588426 0.577326 0.592940 0.576714 0.595273 0.570937 0.598694 0.569622 0.598227 0.569622 0.596361 0.569622 0.593718
8 0.433193 0.333454 0.440195 0.331713 0.444581 0.330551 0.449529 0.329806 0.453589 0.328806 0.459349 0.327778 0.462784 0.327648 0.460891 0.330292 0.459656 0.332875 0.453729 0.333787 0.448333 0.335139 0.442552 0.335833 0.438490 0.336620 0.434766 0.336991 0.432867 0.337023 0.432867 0.335361
8 0.511341 0.320861 0.514984 0.324185 0.520253 0.329088 0.523945 0.332324 0.525029 0.333287 0.524930 0.334250 0.522760 0.333009 0.521932 0.332639 0.521797 0.331468 0.518745 0.329269 0.516245 0.327565 0.513508 0.325403 0.510495 0.322361
2 0.536914 0.539556 0.539669 0.540301 0.545805 0.542718 0.550013 0.544153 0.554685 0.546199 0.560609 0.548264 0.562307 0.544843 0.563544 0.543421 0.564937 0.543546 0.567065 0.545648 0.567971 0.548463 0.568536 0.553699 0.569104 0.560343 0.570008 0.566380 0.569896 0.567588 0.563893 0.565579 0.561742 0.564773 0.559591 0.563361 0.557893 0.561551 0.557779 0.557926 0.559930 0.555912 0.561404 0.554102 0.555521 0.551343 0.548643 0.548407 0.542458 0.545648 0.537857 0.543852 0.535807 0.542407 0.536253 0.539884
10 0.421260 0.202208 0.421948 0.197657 0.423635 0.193880 0.425698 0.191546 0.427760 0.194546 0.429135 0.198102 0.429695 0.201542 0.434133 0.203208 0.437755 0.204097 0.440505 0.204875 0.441380 0.201542 0.442617 0.199644 0.444029 0.199644 0.445846 0.201875 0.447135 0.206819 0.447734 0.211111 0.447734 0.212824 0.447458 0.214852 0.446042 0.218657 0.444063 0.224306 0.442943 0.223523 0.441589 0.222736 0.440185 0.222968 0.439148 0.223171 0.438867 0.220306 0.434026 0.218870 0.428823 0.215995 0.423742 0.214273 0.423216 0.217440 0.422573 0.219148 0.421724 0.218648 0.421117 0.217069 0.420919 0.215060 0.420836 0.207176 0.421036 0.203810
2 0.397815 0.298185 0.401695 0.290185 0.405578 0.281713 0.408755 0.274500 0.412018 0.267597 0.413695 0.264148 0.415195 0.265560 0.412990 0.273245 0.417313 0.276537 0.426312 0.282028 0.431341 0.284852 0.433307 0.286250 0.434974 0.287361 0.437474 0.282639 0.439036 0.279352 0.441016 0.281065 0.439792 0.286991 0.433370 0.298500 0.427018 0.309477 0.424107 0.315907 0.422078 0.319986 0.419695 0.318889 0.420401 0.313241 0.423224 0.308380 0.430018 0.296301 0.433107 0.290028 0.427107 0.286894 0.420651 0.283241 0.414479 0.279769 0.411120 0.277130 0.405755 0.289713 0.401875 0.297593 0.399922 0.301620 0.397812 0.300509
2 0.272747 0.236273 0.262956 0.236120 0.252721 0.237060 0.244427 0.237685 0.235161 0.238315 0.234016 0.238782 0.233398 0.251491 0.233487 0.264352 0.231721 0.266236 0.229339 0.266861 0.226427 0.262940 0.227266 0.244722 0.228872 0.224606 0.229789 0.213532 0.233073 0.176620 0.234951 0.151259 0.236177 0.137662 0.240359 0.143106 0.239344 0.156532 0.238542 0.170000 0.241823 0.170000 0.242865 0.177824 0.238464 0.177500 0.238102 0.196653 0.235896 0.215005 0.235807 0.225671 0.251370 0.225782 0.261693 0.226250 0.268664 0.225940 0.270781 0.231741
10 0.504570 0.450917 0.505081 0.446097 0.505987 0.442454 0.508549 0.438704 0.511201 0.437796 0.511714 0.438972 0.512044 0.439778 0.514214 0.439884 0.515479 0.440741 0.516260 0.441972 0.516716 0.449472 0.514846 0.457023 0.514305 0.459060 0.512833 0.461755 0.510326 0.460032 0.507820 0.460032 0.505836 0.459116 0.505096 0.453898 0.506073 0.453463 0.505271 0.451977
10 0.506302 0.424167 0.508542 0.428620 0.509745 0.431727 0.510107 0.432583 0.510560 0.431458 0.511161 0.430440 0.512339 0.430440 0.512940 0.430977 0.513602 0.432315 0.513664 0.433977 0.513391 0.435690 0.514568 0.435958 0.515328 0.436120 0.516641 0.436898 0.517760 0.437352 0.517779 0.439255 0.518302 0.439505 0.518219 0.437190 0.519430 0.437190 0.521378 0.438421 0.521859 0.439065 0.521948 0.443458 0.523786 0.442491 0.524208 0.442171 0.524510 0.443241 0.524359 0.444690 0.523786 0.446241 0.523003 0.447259 0.522943 0.451065 0.522760 0.451148 0.521693 0.459014 0.520854 0.461861 0.520060 0.463032 0.518148 0.464204 0.516831 0.466667 0.515768 0.466968 0.514492 0.465227 0.513982 0.465606 0.513859 0.463880 0.512833 0.461755 0.514305 0.459060 0.514846 0.457023 0.516716 0.449472 0.516260 0.441972 0.515479 0.440741 0.514214 0.439884 0.512044 0.439778 0.511714 0.438972 0.511201 0.437796 0.508549 0.438704 0.505987 0.442454 0.505081 0.446097 0.504570 0.450917 0.503841 0.449745 0.501680 0.446583 0.500937 0.445417 0.500547 0.440231 0.501901 0.442361 0.502708 0.440417 0.500521 0.437546 0.500659 0.428023 0.499794 0.426773 0.500596 0.422361 0.502604 0.435833 0.503896 0.443366 0.505146 0.443079 0.505427 0.442361 0.504581 0.437917 0.503573 0.431208 0.502443 0.424037
2 0.527526 0.360903 0.518182 0.352315 0.513484 0.346940 0.516508 0.343481 0.517372 0.342620 0.518018 0.340602 0.519099 0.340509 0.524013 0.344537 0.532383 0.351546 0.538151 0.355417 0.540328 0.358204 0.545141 0.364093 0.548638 0.369977 0.549393 0.374394 0.549232 0.377181 0.548906 0.377657 0.548312 0.377949 0.543669 0.371995 0.540159 0.369787 0.538052 0.368829 0.536758 0.370458 0.534607 0.370343 0.529857 0.369231 0.529276 0.365125 0.530151 0.364236 0.530151 0.362236
2 0.536354 0.455926 0.533138 0.460597 0.533438 0.462403 0.535086 0.463620 0.535625 0.465000 0.538862 0.457958 0.543146 0.450343 0.544385 0.447486 0.542526 0.446296 0.540255 0.449611 0.537940 0.453199
10 0.515643 0.477796 0.516698 0.473579 0.516875 0.469917 0.516831 0.466667 0.518148 0.464204 0.520060 0.463032 0.522760 0.462403 0.524667 0.463486 0.525734 0.465653 0.531224 0.462546 0.533438 0.462403 0.535086 0.463620 0.535625 0.465000 0.539115 0.467778 0.539964 0.468190 0.539958 0.471542 0.538630 0.476181 0.541432 0.478194 0.542372 0.474782 0.543456 0.473343 0.546026 0.474046 0.547542 0.474866 0.549057 0.477676 0.549453 0.483769 0.549057 0.489162 0.548661 0.490801 0.547081 0.490333 0.545695 0.492676 0.544510 0.493611 0.541214 0.492440 0.538492 0.489037 0.533547 0.487495 0.531589 0.487361 0.526109 0.486315 0.524737 0.488458 0.523156 0.488926 0.520719 0.489861 0.518674 0.489042 0.516633 0.486699 0.515841 0.482833
1 0.536224 0.497144 0.536849 0.493148 0.537174 0.490861 0.536294 0.489593 0.533547 0.487495 0.531589 0.487361 0.534151 0.489639 0.536354 0.491389 0.535990 0.493102 0.535305 0.497269 0.540878 0.503565 0.540997 0.503370 0.541919 0.503009
10 0.620484 0.548440 0.621591 0.547319 0.622763 0.547102 0.624438 0.548347 0.625148 0.550056 0.625148 0.551981 0.624326 0.552958 0.623612 0.553051 0.623341 0.553042 0.621247 0.553463 0.620271 0.551718 0.620659 0.549620
2 0.402708 0.148333 0.402138 0.143199 0.401893 0.139435 0.403172 0.139000 0.406620 0.143375 0.410016 0.148102 0.415333 0.155278 0.419615 0.161231 0.422919 0.166139 0.423471 0.167190 0.423471 0.168431 0.422294 0.168625 0.422737 0.171634 0.423112 0.176458 0.423297 0.181560 0.422880 0.181806 0.422151 0.181000 0.421589 0.180815 0.421034 0.179329 0.421732 0.178088 0.422008 0.176231 0.421625 0.174306 0.419708 0.174426 0.419846 0.176231 0.418734 0.176352 0.417490 0.174412 0.414344 0.168282 0.410708 0.162611 0.407654 0.158204 0.405833 0.154954 0.405833 0.152870 0.405339 0.151111 0.404479 0.149583
2 0.403172 0.200787 0.403122 0.197199 0.401794 0.195352 0.399727 0.196843 0.400021 0.199380 0.400208 0.205000 0.401141 0.203634
2 0.400464 0.208046 0.401055 0.213995 0.401547 0.217329 0.401401 0.221269 0.401893 0.221347 0.402500 0.219074 0.402581 0.213995 0.402266 0.209167 0.402828 0.209269 0.402865 0.212917 0.403763 0.213648 0.403664 0.209620 0.403281 0.204120
7 0.401794 0.195352 0.401872 0.194171 0.402638 0.194778 0.403448 0.192736 0.402766 0.191597 0.403107 0.190769 0.403703 0.190995 0.405831 0.194551 0.406766 0.191597 0.405107 0.189407 0.403661 0.187514 0.403490 0.186532 0.404000 0.186454 0.405404 0.188273 0.407065 0.190389 0.407576 0.187287 0.405531 0.184639 0.404172 0.182523 0.404214 0.181537 0.404810 0.181463 0.406979 0.184866 0.407831 0.186000 0.408042 0.184565 0.408810 0.185398 0.408341 0.187060 0.409745 0.188574 0.410714 0.190301 0.405966 0.196981 0.404510 0.199014 0.403122 0.197199
7 0.413414 0.186551 0.414513 0.184815 0.415560 0.178431 0.416409 0.178000 0.415156 0.175491 0.413867 0.173412 0.413180 0.173051 0.412333 0.175847 0.412172 0.177787 0.412898 0.178000 0.413625 0.175134 0.415036 0.177282 0.414271 0.180796 0.413706 0.184167 0.412333 0.182162 0.410641 0.179292 0.409995 0.179866 0.410195 0.181014 0.412737 0.184454 0.413568 0.185417
7 0.403763 0.213648 0.404659 0.217921 0.405529 0.219977 0.405961 0.223579 0.408057 0.228972 0.409432 0.229102 0.409070 0.229875 0.410443 0.232958 0.411310 0.234630 0.411672 0.238870 0.412034 0.242468 0.411167 0.246454 0.410154 0.250435 0.410443 0.251593 0.411672 0.248894 0.412250 0.246065 0.412685 0.243241 0.413406 0.239384 0.413552 0.237329 0.415070 0.238741 0.416732 0.240542 0.416951 0.243884 0.417745 0.242597 0.417456 0.238741 0.418612 0.240412 0.419263 0.240412 0.419047 0.239000 0.417456 0.237199 0.417240 0.235398 0.417891 0.235657 0.418323 0.235144 0.417745 0.234630 0.416732 0.232958 0.416661 0.231801 0.417240 0.231671 0.417240 0.230644 0.416661 0.230259 0.416732 0.229616 0.417672 0.229102 0.418974 0.229361 0.419406 0.228458 0.418828 0.227560 0.417310 0.226792 0.417599 0.224477 0.417529 0.222546 0.416516 0.221648 0.415359 0.220491 0.415286 0.218051 0.416878 0.219208 0.417021 0.220236 0.418250 0.219977 0.418250 0.218949 0.416878 0.217407 0.415721 0.216380 0.416227 0.211111 0.416878 0.211111 0.417456 0.210468 0.417383 0.209181 0.416589 0.209440 0.416951 0.206611 0.416732 0.205454 0.416083 0.206097 0.415432 0.210852 0.414924 0.215606 0.412828 0.213551 0.413552 0.208796 0.414346 0.203657 0.414635 0.201602 0.415792 0.195176 0.415576 0.194019 0.415000 0.194676 0.414854 0.196329 0.413190 0.193634 0.413190 0.192477 0.413695 0.190676 0.412901 0.189903 0.412591 0.190394 0.406628 0.199523 0.403281 0.204120 0.403664 0.209620
7 0.414688 0.187454 0.415807 0.188727 0.415565 0.192028 0.416250 0.192241 0.416896 0.188153 0.417578 0.183426
10 0.453589 0.328806 0.459349 0.327778 0.462784 0.327648 0.463482 0.326606 0.467875 0.326375 0.470424 0.323449 0.473016 0.320472 0.474188 0.317500 0.475023 0.317500 0.474607 0.315718 0.469672 0.318542 0.465823 0.320773 0.463648 0.318394 0.461641 0.318394 0.463648 0.313338 0.464737 0.304565 0.466159 0.297870 0.466828 0.293111 0.469839 0.291773 0.473268 0.293264 0.475526 0.295639 0.476112 0.303227 0.476445 0.304116 0.476948 0.311106 0.477617 0.311106 0.477951 0.308130 0.478453 0.305009 0.478867 0.302977 0.478820 0.301069 0.478703 0.297574 0.477451 0.293560 0.475526 0.292222 0.473852 0.289991 0.470341 0.288356 0.468833 0.287019 0.468164 0.284190 0.465823 0.281514 0.465490 0.278394 0.466911 0.273634 0.467831 0.271551 0.467831 0.270213 0.466828 0.270662 0.465070 0.273338 0.464151 0.272889 0.463398 0.274676 0.463565 0.276458 0.462276 0.277421 0.461781 0.280569 0.461932 0.284773 0.461240 0.287579 0.459773 0.295681 0.459148 0.299273 0.457125 0.302333 0.456872 0.304861 0.457878 0.305602 0.455367 0.310361 0.453612 0.314227 0.450516 0.314528 0.447755 0.315718 0.447339 0.317204 0.448508 0.317352 0.449094 0.316903 0.449680 0.320028 0.452357 0.327611
10 0.432870 0.285759 0.434672 0.282426 0.437284 0.276542 0.439086 0.271903 0.440115 0.269745 0.441328 0.270333 0.443792 0.272949 0.445594 0.275236 0.445448 0.276282 0.444711 0.276347 0.442359 0.273407 0.441292 0.275694 0.442359 0.277130 0.444565 0.279486 0.447065 0.282361 0.448500 0.279356 0.449677 0.279421 0.450227 0.280856 0.448831 0.283866 0.450669 0.286153 0.455549 0.290708 0.458635 0.294046 0.459773 0.295681 0.459148 0.299273 0.455729 0.295745 0.453596 0.293458 0.451536 0.297116 0.450260 0.296727 0.449911 0.295431 0.451279 0.291356 0.448419 0.288593 0.446161 0.292940 0.444477 0.296102 0.443461 0.295653 0.442932 0.293162 0.445680 0.286958 0.445458 0.285833 0.442740 0.282856 0.439607 0.279778 0.438984 0.279306 0.437266 0.283014 0.435000 0.287417
2 0.447091 0.377250 0.448279 0.375519 0.449414 0.373505 0.450924 0.375042 0.453031 0.378398 0.454164 0.381954 0.454112 0.385120 0.452656 0.385324
10 0.458229 0.393519 0.461271 0.389194 0.464669 0.383542 0.466260 0.380972 0.468211 0.377500 0.471094 0.381620 0.473922 0.387014 0.476596 0.390352 0.478693 0.393565 0.480646 0.394338 0.481411 0.395495 0.481367 0.397639 0.480646 0.399222 0.479799 0.399579 0.478708 0.398718 0.478143 0.399361 0.478302 0.400148 0.479112 0.401366 0.479307 0.402667 0.477846 0.404708 0.475237 0.408088 0.473299 0.410880 0.471529 0.413898
2 0.522057 0.388889 0.520646 0.391130 0.520003 0.391847 0.518872 0.393926 0.518711 0.397227 0.519195 0.399519 0.519961 0.399806 0.518188 0.401889 0.518188 0.403250 0.518953 0.404398 0.520484 0.401958 0.522784 0.397440 0.523714 0.395148 0.524115 0.392963 0.523107 0.390556
