0 0.364984 0.554681 0.350635 0.551361 0.347786 0.551537 0.344445 0.547167 0.338943 0.553458 0.330786 0.563940 0.325971 0.574769 0.320961 0.587347 0.320664 0.594509 0.320568 0.603245 0.320862 0.608838 0.321745 0.615477 0.325185 0.626829 0.330687 0.636088 0.330099 0.654435 0.332065 0.664565 0.334815 0.670505 0.337568 0.674870 0.341203 0.677495 0.347198 0.676968 0.356141 0.674870 0.357122 0.660722 0.352503 0.641681 0.360365 0.610583 0.362724 0.602023 0.369701 0.605343 0.372354 0.605167 0.376578 0.643250 0.375695 0.649366 0.367734 0.663866 0.367638 0.669981 0.372846 0.684130 0.381885 0.691995 0.382573 0.699505 0.383852 0.699505 0.383753 0.695838 0.396232 0.692866 0.397805 0.694787 0.398003 0.690769 0.397904 0.685704 0.402326 0.675398 0.403997 0.674699 0.405174 0.671903 0.406159 0.664741 0.406552 0.657403 0.406552 0.652509 0.397609 0.644824 0.394758 0.640806 0.393284 0.635042 0.390927 0.607264 0.389453 0.599926 0.395544 0.592940 0.405568 0.601676 0.415396 0.614250 0.417557 0.620889 0.417656 0.633468 0.418737 0.639935 0.420406 0.646569 0.423552 0.659324 0.422174 0.666310 0.421685 0.668407 0.424141 0.669458 0.426992 0.668236 0.431216 0.663343 0.434755 0.656181 0.438391 0.642727 0.440945 0.637662 0.441732 0.629102 0.442221 0.619495 0.440354 0.609185 0.436326 0.598181 0.431904 0.588745 0.432396 0.578963 0.432396 0.563588 0.429643 0.554157 0.426008 0.548042 0.420013 0.543148 0.416182 0.536861 0.404979 0.530569 0.401047 0.528824 0.390828 0.541227 0.385914 0.547167
8 0.653341 0.524787 0.651307 0.528782 0.668919 0.553106 0.670758 0.548356 0.665440 0.542815 0.664742 0.540213 0.659667 0.533519 0.658992 0.533028 0.657771 0.531171
2 0.605721 0.504000 0.608820 0.505481 0.615326 0.510009 0.614102 0.511120 0.612305 0.510935 0.610013 0.509269 0.607721 0.508157
3 0.364750 0.369616 0.375156 0.376574 0.388237 0.371759 0.399956 0.370606 0.403643 0.370218 0.410792 0.367852 0.408760 0.365102 0.400823 0.359074 0.398596 0.354088 0.398409 0.358560 0.392503 0.358907 0.386893 0.360454 0.381378 0.356324 0.374393 0.320625 0.373526 0.321907 0.379888 0.356222 0.377286 0.359824 0.370057 0.361880 0.366443 0.364449
8 0.658992 0.533028 0.659385 0.526278 0.659596 0.522903 0.658016 0.515634 0.657062 0.508773 0.656083 0.497903 0.654906 0.497954 0.656474 0.510241 0.657604 0.525370 0.657771 0.531171
2 0.577641 0.463653 0.573299 0.474440 0.576846 0.480745 0.581326 0.470454 0.578620 0.464306
2 0.609479 0.477222 0.609036 0.466019 0.612552 0.466713 0.612943 0.476574
9 0.613471 0.470417 0.618273 0.477301 0.615448 0.478310 0.613310 0.474648
2 0.577091 0.517171 0.588076 0.520162 0.602396 0.526444 0.598083 0.544565 0.595586 0.541380 0.592940 0.540806 0.590078 0.541093 0.588081 0.541861
2 0.590078 0.541093 0.592940 0.540806 0.595586 0.541380 0.598083 0.544565 0.596958 0.548458 0.591151 0.549176
6 0.591151 0.549176 0.596958 0.548458 0.598083 0.544565 0.617563 0.526995 0.622328 0.529032 0.623966 0.533884 0.619289 0.539750 0.617302 0.534296 0.614443 0.537894 0.608552 0.538324 0.603951 0.541921 0.603497 0.548407 0.599979 0.551648 0.596924 0.551574 0.593531 0.554287
2 0.569370 0.432546 0.566721 0.436764 0.564872 0.442713 0.565570 0.445565 0.566372 0.449282 0.568812 0.450273 0.571148 0.451639 0.572891 0.448537 0.574076 0.448042 0.574357 0.450458 0.576065 0.447546 0.578120 0.445810 0.578539 0.446431 0.574495 0.451264 0.574076 0.452255 0.575089 0.453185 0.575995 0.452444 0.579341 0.452319 0.580456 0.450088 0.581711 0.450023 0.581641 0.447731 0.582479 0.448167 0.582828 0.449407 0.583664 0.449157 0.584430 0.450333 0.584990 0.448912 0.586523 0.451514 0.586997 0.452792 0.587208 0.455306 0.586607 0.457981 0.589560 0.458037 0.591969 0.457824 0.592122 0.459000 0.593388 0.458676 0.592875 0.456699 0.592208 0.456324 0.590404 0.453644 0.587630 0.448292 0.583776 0.440574 0.582885 0.439134 0.582768 0.436782 0.582768 0.435065 0.580039 0.435287
2 0.581336 0.503361 0.583914 0.503551 0.586529 0.506588 0.588656 0.506648 0.590294 0.506708 0.591411 0.510551 0.590922 0.518981 0.588797 0.519602 0.585938 0.519352 0.584891 0.518671 0.584961 0.517370 0.582625 0.517620
2 0.612536 0.561366 0.612779 0.564880 0.615117 0.573199 0.616690 0.574130 0.618990 0.574060 0.622016 0.574060 0.621250 0.570190 0.619474 0.563306 0.617055 0.562301 0.615279 0.563019
2 0.615349 0.486315 0.617888 0.495639 0.617930 0.498218 0.617042 0.500083 0.615992 0.501014 0.614703 0.501014 0.613372 0.499153 0.612927 0.497500 0.611557 0.489042 0.614299 0.485597
2 0.605180 0.492560 0.603081 0.496792 0.601831 0.500093 0.602435 0.501093 0.605664 0.502028 0.612602 0.504250 0.610664 0.499875
2 0.632388 0.473454 0.630982 0.472944 0.629055 0.476139 0.629211 0.483407 0.630982 0.483593
2 0.609437 0.478315 0.609672 0.482806 0.613266 0.482852 0.613370 0.478500 0.612823 0.477528 0.610818 0.477574
2 0.598594 0.457912 0.604432 0.451579 0.606411 0.454370 0.606961 0.454671 0.607245 0.456958 0.606799 0.460685 0.604904 0.464773 0.601839 0.464560
9 0.618826 0.453403 0.621456 0.457569 0.619971 0.460301 0.616560 0.456782
2 0.623195 0.451593 0.624589 0.452958 0.628214 0.452894 0.631284 0.457792 0.632120 0.459528 0.630167 0.465537 0.624589 0.462750 0.624451 0.461014 0.623648 0.459958 0.622464 0.457171
2 0.553099 0.482861 0.557497 0.479560 0.567542 0.495194 0.564635 0.497704
9 0.561794 0.464394 0.564385 0.467931 0.566734 0.473500 0.565651 0.474894 0.560135 0.466324
9 0.557393 0.471037 0.560589 0.471306 0.563812 0.473181 0.564174 0.477944 0.558781 0.477676
9 0.388536 0.361917 0.390263 0.360662 0.392271 0.370380 0.390076 0.370963
2 0.583297 0.433889 0.584047 0.438889 0.589362 0.449995 0.592104 0.454597 0.592714 0.455273 0.592628 0.451782 0.593378 0.451278 0.594677 0.453366 0.595143 0.456000 0.598042 0.456755 0.598594 0.457912 0.604432 0.451579 0.606411 0.454370 0.606961 0.454671 0.607357 0.451028 0.608078 0.450097 0.608589 0.450375 0.608445 0.452310 0.608474 0.453991 0.611104 0.451704 0.612049 0.451755 0.613719 0.453866 0.615828 0.449792 0.616669 0.440167 0.619190 0.432449 0.616016 0.424981 0.614383 0.421912 0.612562 0.422412 0.611862 0.426144
2 0.595667 0.559014 0.596232 0.558435 0.598565 0.562833 0.598672 0.565880
2 0.643560 0.588264 0.647646 0.593921 0.649893 0.596005 0.650005 0.609528 0.650190 0.610981 0.650826 0.613398 0.650797 0.616060 0.648549 0.619176 0.646685 0.626139 0.642641 0.630986 0.636224 0.624176
9 0.634839 0.644634 0.635602 0.638273 0.638076 0.637523 0.641185 0.637597 0.642711 0.639153 0.644240 0.644356 0.648422 0.647500 0.645740 0.654477 0.637211 0.649722
2 0.623966 0.533884 0.625380 0.531694 0.631305 0.527648 0.636859 0.527699 0.644195 0.534032 0.637792 0.546597 0.624547 0.565245 0.617380 0.562153 0.603497 0.548407 0.603951 0.541921 0.608552 0.538324 0.614443 0.537894 0.617302 0.534296 0.619289 0.539750
2 0.669937 0.592690 0.659802 0.603019 0.657724 0.597940 0.655406 0.580602 0.657187 0.575523 0.666828 0.568713 0.678490 0.563463 0.679581 0.563833
8 0.671409 0.548810 0.669797 0.553736 0.678490 0.563463 0.679581 0.563833 0.680893 0.559523 0.676432 0.554375 0.675487 0.553199 0.672352 0.549977
6 0.681557 0.546708 0.677620 0.554819 0.676432 0.554375 0.680893 0.559523
6 0.676214 0.540523 0.680990 0.539778 0.680708 0.544616 0.676432 0.554375 0.675487 0.553199
6 0.676302 0.534958 0.681065 0.535597 0.681003 0.536565 0.676182 0.536722
6 0.676198 0.532731 0.676255 0.526176 0.677161 0.520477 0.677719 0.514833 0.676638 0.503926 0.680125 0.503120 0.681276 0.515333 0.681276 0.520847 0.680753 0.529093 0.680914 0.533778
2 0.665440 0.542815 0.674505 0.540088 0.672352 0.549977 0.671409 0.548810 0.672271 0.546273 0.671732 0.545944 0.670758 0.548356
2 0.659667 0.533519 0.660526 0.530556 0.663443 0.532454 0.663807 0.531019 0.664641 0.528889 0.665526 0.528148 0.665917 0.528472 0.666359 0.530463 0.666724 0.530278 0.667036 0.528981 0.666828 0.528009 0.665943 0.527361 0.664589 0.525278 0.662792 0.522037 0.658016 0.515634 0.657062 0.508773 0.656083 0.497903 0.658036 0.497843 0.658872 0.496667 0.659779 0.495824 0.659935 0.493880 0.660872 0.491333 0.660826 0.487199 0.661398 0.486690 0.662336 0.488773 0.664055 0.488542 0.665258 0.484343 0.667263 0.485083 0.669008 0.480870 0.670206 0.482352 0.670883 0.483097 0.672706 0.483468 0.673227 0.484625 0.675857 0.484764 0.678555 0.487519 0.678945 0.490093 0.677198 0.497269 0.676638 0.503926 0.677719 0.514833 0.677161 0.520477 0.676255 0.526176 0.675068 0.532708 0.674555 0.535065 0.674526 0.536991 0.664742 0.540213
2 0.650698 0.494551 0.639997 0.494000 0.639177 0.500282 0.641370 0.506139 0.641370 0.508176 0.641073 0.511690 0.643573 0.508653 0.643844 0.509755 0.641469 0.513653 0.641341 0.514759 0.657604 0.525370 0.656474 0.510241 0.654906 0.497954 0.656083 0.497903
2 0.641341 0.514759 0.641510 0.517773 0.645695 0.520963 0.651180 0.525139 0.653341 0.524787 0.657771 0.531171 0.657604 0.525370
2 0.525953 0.423894 0.524219 0.423750 0.522969 0.427477 0.527526 0.435435 0.528333 0.427833
2 0.523529 0.428662 0.522565 0.428801 0.522799 0.431486 0.528086 0.444884 0.528247 0.437787 0.527526 0.435435
2 0.537229 0.443523 0.538729 0.443028 0.543680 0.450403 0.541797 0.454310 0.537510 0.448546
2 0.540344 0.444569 0.541109 0.441657 0.543029 0.440662 0.545888 0.439917 0.547734 0.443148 0.547734 0.451444 0.545435 0.453435 0.543237 0.454421 0.541797 0.454310 0.543680 0.450403
2 0.531630 0.457824 0.532958 0.458380 0.536109 0.460185 0.536891 0.463472 0.536266 0.464815 0.535198 0.465370 0.530927 0.459583
2 0.535677 0.453634 0.537865 0.454560 0.539583 0.456505 0.540469 0.460764 0.540208 0.462986 0.539089 0.463819 0.537240 0.463958 0.536891 0.463472 0.536109 0.460185 0.534453 0.457199
2 0.529003 0.460778 0.535977 0.470324 0.537161 0.467713 0.535198 0.465370 0.530927 0.459583 0.530266 0.458944
2 0.530276 0.468606 0.530927 0.476153 0.535172 0.474949 0.540042 0.473931 0.541422 0.473097 0.541448 0.470968 0.540719 0.470366 0.537229 0.469069 0.535977 0.470324 0.534573 0.469486
2 0.525570 0.457537 0.520117 0.459454 0.521034 0.464833 0.522602 0.467037 0.525464 0.463870
2 0.491542 0.452074 0.491844 0.448861 0.494013 0.444736 0.502167 0.451236 0.504747 0.451546 0.507221 0.454398 0.508789 0.462583
9 0.484422 0.431454 0.486042 0.433181 0.485935 0.435866 0.486690 0.437403 0.486635 0.442972 0.484531 0.443838 0.481615 0.440954
9 0.471458 0.435236 0.472784 0.433935 0.473898 0.433440 0.474562 0.440259 0.473445 0.440815
2 0.491773 0.424616 0.495693 0.423125 0.493453 0.444032 0.491307 0.444616
2 0.544164 0.417394 0.537630 0.427866 0.538156 0.429440 0.540695 0.431880 0.546667 0.422056 0.545982 0.418685
2 0.578714 0.485148 0.577406 0.485051 0.576724 0.486972 0.579245 0.500356 0.581612 0.500708
2 0.634245 0.598694 0.637396 0.584847 0.643560 0.588264 0.636224 0.624176 0.632661 0.640713 0.628935 0.631486
2 0.624914 0.622319 0.627685 0.601509 0.634245 0.598694 0.628935 0.631486
2 0.614482 0.600782 0.614185 0.590102 0.613945 0.584546 0.615430 0.585273 0.621281 0.606208 0.622271 0.616611
2 0.598565 0.562833 0.597773 0.555042 0.602581 0.556449 0.605068 0.578463 0.598672 0.565880
1 0.687693 0.536347 0.685885 0.535171 0.680914 0.533778 0.676198 0.532731 0.675068 0.532708 0.674555 0.535065 0.676302 0.534958 0.681065 0.535597 0.681003 0.536565 0.676182 0.536722 0.674526 0.536991 0.664742 0.540213 0.665440 0.542815 0.674505 0.540088 0.676214 0.540523 0.680990 0.539778 0.685031 0.539222 0.680708 0.544616 0.676432 0.554375 0.677620 0.554819 0.681557 0.546708 0.686367 0.542824
1 0.694128 0.507583 0.691263 0.511889 0.689102 0.515269 0.688190 0.518139 0.687747 0.520824 0.687982 0.522120 0.690612 0.524944 0.690742 0.524250 0.689570 0.523139 0.688711 0.522074 0.688346 0.520222 0.689023 0.517213 0.691133 0.513741 0.694674 0.508324
8 0.629260 0.574657 0.631151 0.578019 0.630849 0.580708 0.629638 0.581514 0.629107 0.581648 0.628125 0.580977 0.626990 0.579630 0.626536 0.577347 0.626536 0.576403
1 0.460443 0.432329 0.522357 0.471032 0.570237 0.501792 0.577091 0.517171 0.588076 0.520162 0.602396 0.526444 0.598083 0.544565 0.617563 0.526995 0.622328 0.529032 0.623966 0.533884 0.625380 0.531694 0.631305 0.527648 0.636859 0.527699 0.644195 0.534032 0.637792 0.546597 0.624547 0.565245 0.617380 0.562153 0.603497 0.548407 0.599979 0.551648 0.596924 0.551574 0.593531 0.554287 0.595667 0.559014 0.596232 0.558435 0.598565 0.562833 0.597773 0.555042 0.602581 0.556449 0.605068 0.578463 0.614482 0.600782 0.614185 0.590102 0.613945 0.584546 0.615430 0.585273 0.621281 0.606208 0.622271 0.616611 0.624914 0.622319 0.627685 0.601509 0.634245 0.598694 0.637396 0.584847 0.643560 0.588264 0.647646 0.593921 0.649893 0.596005 0.650005 0.609528 0.650190 0.610981 0.650826 0.613398 0.650797 0.616060 0.648549 0.619176 0.646685 0.626139 0.642641 0.630986 0.636224 0.624176 0.632661 0.640713 0.634839 0.644634 0.635602 0.638273 0.638076 0.637523 0.641185 0.637597 0.642711 0.639153 0.644240 0.644356 0.648422 0.647500 0.669937 0.592690 0.659802 0.603019 0.657724 0.597940 0.655406 0.580602 0.657187 0.575523 0.666828 0.568713 0.678490 0.563463 0.669797 0.553736 0.671409 0.548810 0.672271 0.546273 0.671732 0.545944 0.670758 0.548356 0.668919 0.553106 0.651307 0.528782 0.653341 0.524787 0.651180 0.525139 0.645695 0.520963 0.641510 0.517773 0.641341 0.514759 0.641469 0.513653 0.643844 0.509755 0.643573 0.508653 0.641073 0.511690 0.641370 0.508176 0.641370 0.506139 0.639177 0.500282 0.639997 0.494000 0.650698 0.494551 0.657654 0.495685 0.657497 0.492944 0.651872 0.492542 0.646797 0.484602 0.646685 0.482514 0.645849 0.480329 0.645750 0.479324 0.648125 0.480704 0.648664 0.480153 0.645622 0.477185 0.645370 0.476407 0.643023 0.476259 0.641510 0.467463 0.639799 0.463870 0.639714 0.460500 0.638471 0.457935 0.635813 0.453412 0.631219 0.446653 0.626612 0.441528 0.627388 0.441250 0.627232 0.440319 0.626201 0.440722 0.622893 0.436676 0.622185 0.437833 0.625083 0.441278 0.623896 0.444542 0.623203 0.446954 0.622893 0.448940 0.620815 0.450574 0.619417 0.451681 0.616448 0.452759 0.616078 0.453866 0.617096 0.453815 0.616221 0.456227 0.616943 0.458769 0.615612 0.458315 0.614398 0.456880 0.613719 0.453866 0.612049 0.451755 0.611104 0.451704 0.608474 0.453991 0.608445 0.452310 0.608589 0.450375 0.608078 0.450097 0.607357 0.451028 0.606961 0.454671 0.606411 0.454370 0.604432 0.451579 0.598594 0.457912 0.598042 0.456755 0.595143 0.456000 0.594677 0.453366 0.593378 0.451278 0.592628 0.451782 0.592714 0.455273 0.592104 0.454597 0.589362 0.449995 0.584047 0.438889 0.583297 0.433889 0.575948 0.429287 0.573135 0.429287 0.568695 0.426069 0.572073 0.424741 0.577263 0.421421 0.574872 0.421824 0.569841 0.423986 0.568625 0.424690 0.563635 0.419287 0.560680 0.407977 0.551422 0.415343 0.534768 0.415440 0.530117 0.409588 0.479312 0.426273
5 0.297013 0.203889 0.288721 0.187306 0.294810 0.183389 0.308674 0.177398 0.311911 0.175097 0.316057 0.171644 0.321370 0.171644 0.331484 0.192037 0.343005 0.212407 0.357388 0.241662 0.371185 0.271329 0.373984 0.280079 0.374555 0.283259 0.376224 0.285444 0.376458 0.288046 0.372870 0.284847 0.369734 0.282472 0.366146 0.278491 0.361979 0.280648 0.359266 0.284731 0.335143 0.254995 0.306938 0.217222
5 0.357547 0.158755 0.356435 0.154731 0.355596 0.153046 0.355523 0.149398 0.359219 0.149204 0.362883 0.148806 0.362883 0.147792 0.358784 0.143718 0.358755 0.142060 0.361227 0.140282 0.364388 0.132481 0.363685 0.130005 0.362427 0.128514 0.362516 0.125519 0.365508 0.125852 0.372786 0.132907 0.378664 0.138218 0.384917 0.144190 0.389536 0.148009 0.395753 0.153481 0.403409 0.161954 0.415229 0.173750 0.423760 0.180292 0.433701 0.189894 0.442901 0.199713 0.447419 0.204171 0.447044 0.206278 0.448794 0.213167 0.449609 0.219051 0.456609 0.225056 0.455227 0.227278 0.454115 0.228287 0.453177 0.229907 0.451172 0.228051 0.449734 0.227046 0.447943 0.231296 0.446706 0.239412 0.439331 0.231185 0.439766 0.240181 0.440266 0.249509 0.434219 0.242505 0.424984 0.232806 0.411701 0.218213 0.396148 0.201894 0.379083 0.182597 0.362451 0.164551
5 0.384917 0.144190 0.377315 0.135782 0.371388 0.129644 0.368401 0.126907 0.368401 0.125662 0.370081 0.123171 0.374234 0.120435 0.375401 0.119190 0.376521 0.112801 0.377409 0.110560 0.381047 0.102597 0.383055 0.102264 0.383570 0.102500 0.384411 0.103250 0.410234 0.129417 0.441930 0.159255 0.468906 0.185454 0.466456 0.189551 0.466456 0.189551 0.465057 0.192620 0.463003 0.198014 0.461883 0.200171 0.461229 0.200088 0.460622 0.199009 0.459596 0.200333 0.460016 0.202412 0.458661 0.206560 0.456328 0.208051 0.456281 0.209546 0.454010 0.212546 0.447419 0.204171 0.442901 0.199713 0.433701 0.189894 0.423760 0.180292 0.415229 0.173750 0.403409 0.161954 0.395753 0.153481 0.389536 0.148009
5 0.464870 0.234852 0.462633 0.232213 0.459487 0.232356 0.457607 0.233384 0.456609 0.233602 0.453638 0.235727 0.452146 0.237019 0.450979 0.238903 0.451461 0.240102 0.462190 0.251861 0.474815 0.265917 0.494823 0.288435 0.498818 0.293671 0.507609 0.302417 0.525440 0.323931 0.533424 0.333111 0.534596 0.334616 0.535724 0.338417 0.535951 0.339593 0.531870 0.341514 0.530984 0.342181 0.531474 0.344005 0.539958 0.353324 0.541630 0.352431 0.541044 0.350500 0.541044 0.345296 0.543135 0.343958 0.546984 0.349014 0.548823 0.347676 0.548992 0.343065 0.552003 0.347676 0.554094 0.347227 0.554010 0.342917 0.556518 0.331167 0.559279 0.325815 0.562307 0.327806 0.563315 0.327157 0.562786 0.326019 0.559375 0.322639 0.557318 0.320694 0.553078 0.316412 0.551865 0.314755 0.550130 0.314398 0.547383 0.311681 0.544583 0.314171 0.542344 0.311602 0.540198 0.310602 0.538469 0.311185 0.536695 0.311269 0.514576 0.287454 0.489557 0.260986
5 0.451461 0.240102 0.449839 0.242657 0.446706 0.239412 0.439331 0.231185 0.439766 0.240181 0.440266 0.249509 0.440211 0.252102 0.437727 0.253926 0.434974 0.255463 0.433948 0.257000 0.436797 0.259120 0.445964 0.269815 0.464237 0.290875 0.480622 0.308231 0.488049 0.313931 0.500633 0.331287 0.511859 0.346162 0.517961 0.354032 0.521133 0.351491 0.526328 0.345542 0.531870 0.341514 0.535951 0.339593 0.535724 0.338417 0.534596 0.334616 0.533424 0.333111 0.525440 0.323931 0.507609 0.302417 0.498818 0.293671 0.494823 0.288435 0.474815 0.265917 0.462190 0.251861
