2 0.428917 0.338046 0.433240 0.344741 0.434740 0.331167 0.432263 0.326889 0.432023 0.327727
8 0.488245 0.294222 0.491589 0.301019 0.497943 0.314954 0.501823 0.323704 0.509089 0.340000 0.511380 0.345185 0.511003 0.345954 0.510729 0.346343 0.505599 0.334815 0.498177 0.317917 0.489896 0.299907 0.488992 0.297542
8 0.439815 0.321181 0.444711 0.329838 0.446013 0.332153 0.444971 0.333495 0.439633 0.324236
8 0.446951 0.333866 0.448698 0.336750 0.450099 0.339403 0.451547 0.341060 0.453904 0.345718 0.451589 0.344213 0.446432 0.335741 0.446719 0.334444
8 0.454870 0.273921 0.459841 0.279759 0.462401 0.282810 0.465745 0.286347 0.470146 0.290792 0.471349 0.293792 0.469060 0.291704 0.461919 0.284472 0.458786 0.280616
8 0.394307 0.351435 0.393255 0.347083 0.393568 0.346065 0.394479 0.345694 0.395208 0.348981 0.395625 0.351991 0.396000 0.354491 0.396703 0.355787 0.399799 0.364481 0.401341 0.368097 0.398385 0.364213 0.396510 0.359352 0.394906 0.355000
2 0.438594 0.335912 0.439766 0.336468 0.441823 0.337347 0.440833 0.338565 0.437990 0.342185
2 0.440755 0.348875 0.437500 0.347625 0.437630 0.345884 0.438932 0.344167 0.443359 0.338505 0.444766 0.339292 0.443932 0.342870 0.443516 0.344815 0.443021 0.345972
10 0.584367 0.625750 0.587219 0.634139 0.588346 0.632565 0.589638 0.631630 0.592130 0.628880 0.596000 0.625481 0.592654 0.618463
8 0.368151 0.304028 0.369792 0.303750 0.368490 0.317083 0.367029 0.315051
10 0.587271 0.611778 0.584297 0.613565 0.582135 0.615231 0.581510 0.616065 0.583620 0.622685 0.591849 0.615509 0.590237 0.610898 0.588565 0.610546
2 0.444089 0.350880 0.442005 0.349537 0.443984 0.346667 0.444661 0.344676 0.445573 0.340093 0.446589 0.340463 0.445208 0.346528
10 0.430391 0.288287 0.428159 0.284843 0.424721 0.277852 0.424148 0.276093 0.423992 0.272759 0.424721 0.269056 0.425971 0.266046 0.427352 0.264009 0.428029 0.263361 0.429721 0.261556 0.431805 0.259889 0.433185 0.259194 0.434773 0.259194 0.437169 0.259472 0.438315 0.260259 0.439357 0.262250 0.439383 0.264472 0.440607 0.268269 0.441258 0.269981 0.441284 0.273917 0.441023 0.284009 0.441023 0.284704 0.440979 0.285208 0.440406 0.285250 0.440042 0.285671 0.434617 0.286972
2 0.574609 0.639861 0.582143 0.642255 0.583865 0.641579 0.586677 0.641116 0.587219 0.634139 0.584367 0.625750 0.583576 0.626620 0.577461 0.631389 0.576320 0.637065 0.576109 0.637597 0.574003 0.637477
2 0.578185 0.627667 0.583750 0.601528 0.584682 0.604319 0.585229 0.613116 0.584297 0.613565 0.582135 0.615231 0.581510 0.616065 0.583620 0.622685
2 0.616987 0.591069 0.615682 0.595051 0.611812 0.598380 0.591849 0.615509 0.590237 0.610898 0.588565 0.610546 0.587021 0.606616 0.586133 0.590440 0.586987 0.585986 0.586544 0.585014 0.585503 0.584551 0.585362 0.582745 0.589505 0.584028
2 0.491612 0.393620 0.498234 0.401245 0.504753 0.408435 0.503125 0.413565 0.494156 0.403972 0.491052 0.400440
2 0.470169 0.374005 0.479388 0.386431 0.488021 0.397093 0.488648 0.389597 0.483974 0.384264 0.473203 0.370755 0.471807 0.370755 0.470344 0.371931
10 0.448625 0.366157 0.448591 0.369755 0.448904 0.372356 0.449706 0.374218 0.450682 0.374958 0.452250 0.375394 0.454320 0.375343 0.456039 0.375620 0.457914 0.376361 0.460266 0.373750 0.463068 0.369597 0.464404 0.366477 0.464924 0.364023 0.462320 0.364250 0.452529 0.365968
8 0.593536 0.528556 0.600383 0.542801 0.609029 0.550065 0.591331 0.517370 0.588536 0.519755
8 0.635089 0.557065 0.634591 0.557176 0.634591 0.557176 0.633930 0.558185 0.634740 0.566153 0.639122 0.576079 0.639536 0.575713 0.639536 0.575713 0.641349 0.576083 0.642289 0.573884 0.638826 0.566116
6 0.413724 0.302917 0.417240 0.307917 0.419378 0.304926 0.417057 0.302037
3 0.481615 0.414398 0.483310 0.411889 0.484813 0.410523 0.485510 0.410894 0.485823 0.408167 0.490286 0.413310 0.494536 0.426019 0.495935 0.429796 0.497448 0.430556 0.495794 0.435500 0.487076 0.422486
8 0.456651 0.452153 0.458349 0.453301 0.471359 0.454708 0.470969 0.457731 0.457630 0.455870 0.455807 0.453426
8 0.419424 0.304944 0.417102 0.308019 0.413789 0.312102 0.414151 0.312894 0.414628 0.312708 0.417750 0.308690 0.419557 0.306065
15 0.411354 0.293843 0.413826 0.293009 0.413677 0.293722 0.411638 0.302083 0.408747 0.297361
6 0.423440 0.311435 0.426935 0.302171 0.427737 0.299667 0.428747 0.298231 0.429555 0.297722 0.430641 0.299023 0.430820 0.299815 0.430820 0.302116 0.429922 0.305741 0.427536 0.307796 0.428380 0.310097 0.427990 0.310903 0.425182 0.311296
6 0.422776 0.313579 0.417773 0.327454 0.419286 0.330426 0.420758 0.333773 0.424133 0.324241 0.427568 0.312991 0.425596 0.313241
2 0.481615 0.414398 0.480401 0.416620 0.481193 0.418778 0.491695 0.434875 0.501635 0.449644 0.508122 0.460014 0.513677 0.468065 0.519698 0.476361 0.524411 0.483000 0.529779 0.489139 0.533232 0.493120 0.537852 0.496690 0.541307 0.499593 0.538320 0.495861 0.536266 0.493870 0.527911 0.482833 0.519792 0.471301 0.507891 0.453625 0.495794 0.435500 0.487076 0.422486
8 0.468646 0.471852 0.473609 0.440144 0.476224 0.423722 0.476737 0.422065 0.477437 0.421153 0.478323 0.421069 0.479771 0.421486 0.480984 0.422481 0.481404 0.423972 0.481404 0.425718 0.472771 0.478486
6 0.457544 0.435315 0.452576 0.443667 0.451523 0.443306 0.450682 0.443880 0.450315 0.444389 0.455807 0.453426 0.463490 0.439856 0.462370 0.438333
2 0.429922 0.305741 0.435315 0.302181 0.434831 0.303856 0.434130 0.306083 0.428552 0.310421 0.428380 0.310097 0.427536 0.307796
2 0.440641 0.297736 0.452096 0.288630 0.456896 0.284759 0.460807 0.293366 0.463391 0.299532 0.465044 0.302685 0.465010 0.304491 0.464367 0.305208 0.463398 0.304556 0.456542 0.288565 0.448797 0.294662 0.439195 0.302843
15 0.415190 0.292713 0.426055 0.289560 0.429190 0.288505 0.430307 0.288194 0.434617 0.286972 0.440042 0.285671 0.436570 0.297940 0.430641 0.299023 0.429555 0.297722 0.428747 0.298231 0.427737 0.299667 0.419589 0.301454 0.412690 0.303181 0.414477 0.295426
2 0.540167 0.442218 0.532654 0.453213 0.534107 0.454653 0.536203 0.457083 0.541122 0.448625 0.545479 0.442889 0.550562 0.436287 0.548034 0.430847
10 0.539206 0.460597 0.542461 0.458468 0.542484 0.456014 0.544828 0.453236 0.548214 0.450644 0.548760 0.451106 0.549310 0.453375 0.550167 0.452958 0.551315 0.452264 0.551729 0.453005 0.551859 0.455042 0.552146 0.455690 0.552747 0.455829 0.553565 0.457116 0.554086 0.457995 0.554841 0.459199 0.555128 0.461468 0.555258 0.462810 0.555862 0.463546 0.557260 0.468690 0.557326 0.470671 0.557643 0.471106 0.557328 0.473838 0.556703 0.475366 0.556156 0.475829 0.543812 0.465736
3 0.491495 0.366069 0.490427 0.375329 0.488917 0.387319 0.487589 0.401023 0.489932 0.403634 0.490557 0.404356 0.493057 0.381532 0.494750 0.368060
3 0.492359 0.358796 0.494349 0.342269 0.495234 0.335509 0.497695 0.335856 0.498112 0.338778 0.495599 0.360833
2 0.517891 0.435819 0.516146 0.423111 0.514247 0.410884 0.513211 0.404681 0.511799 0.399065 0.509182 0.390792 0.507805 0.387319 0.507266 0.386134 0.507391 0.385028 0.507852 0.383625 0.508346 0.383255 0.508557 0.381556 0.509510 0.380741 0.512875 0.379116 0.520526 0.383403 0.526630 0.404236 0.531911 0.424333 0.532661 0.427583 0.533451 0.427361 0.534112 0.426546 0.534198 0.425736 0.522849 0.385102 0.524724 0.386282 0.525888 0.385620 0.526427 0.384880 0.526922 0.383329 0.526922 0.380963 0.526135 0.378894 0.525094 0.378083 0.519359 0.375204 0.525716 0.370681 0.528518 0.369023 0.529992 0.368130 0.530891 0.367171 0.532005 0.366403 0.536385 0.366403 0.537141 0.367491 0.537281 0.373236 0.538792 0.391116 0.539510 0.398333 0.539510 0.400949 0.542060 0.410148 0.547172 0.425616 0.546453 0.426829 0.546633 0.427972 0.548034 0.430847 0.540167 0.442218 0.536542 0.445343 0.532591 0.447639 0.530865 0.448343 0.529211 0.448852
10 0.626544 0.655153 0.629409 0.671356 0.632065 0.673532 0.629148 0.657699
10 0.634203 0.662634 0.637146 0.678097 0.639385 0.680088 0.636547 0.664810
10 0.632979 0.652403 0.633448 0.655366 0.635583 0.657403 0.634411 0.651755
10 0.627958 0.650352 0.637073 0.645352 0.645901 0.640954 0.648141 0.641139 0.650016 0.642435 0.651266 0.644148 0.652630 0.650370 0.653177 0.656250 0.653974 0.660306 0.652464 0.662435 0.651109 0.654148 0.650354 0.649056 0.649208 0.646602 0.647984 0.645722 0.646422 0.645491 0.643427 0.646694 0.641979 0.647685 0.633792 0.652157 0.630927 0.653176
10 0.641979 0.647685 0.645104 0.666481 0.642526 0.664120 0.640104 0.648657
2 0.620927 0.687986 0.630521 0.697037 0.626901 0.702009 0.626294 0.699935 0.625453 0.699861 0.624148 0.700352 0.622466 0.698690 0.624286 0.696949 0.624615 0.695120 0.623727 0.694042 0.622466 0.694042 0.621068 0.696616 0.620180 0.695120 0.619482 0.692468
2 0.608776 0.698056 0.613932 0.680394 0.616755 0.673509 0.625630 0.651639 0.626477 0.649056 0.639182 0.660671 0.648016 0.669347 0.645354 0.673361 0.625427 0.654000 0.623047 0.665620 0.640232 0.680819 0.635552 0.688995 0.621393 0.675014 0.618359 0.685338 0.615094 0.689648 0.613367 0.690898 0.610753 0.694542
10 0.610443 0.702778 0.608776 0.698056 0.610753 0.694542 0.613367 0.690898 0.615094 0.689648 0.618359 0.685338 0.618828 0.685009 0.620927 0.687986 0.619482 0.692468 0.620180 0.695120 0.621068 0.696616 0.622466 0.694042 0.623727 0.694042 0.624615 0.695120 0.624286 0.696949 0.622466 0.698690 0.622094 0.700269 0.623167 0.702426 0.624148 0.700352 0.625453 0.699861 0.626294 0.699935 0.626901 0.702009 0.617521 0.717366 0.615289 0.712606 0.612359 0.716079 0.607474 0.711343 0.604922 0.717037 0.603958 0.716250 0.603029 0.715477 0.604323 0.714356 0.604984 0.711519 0.605198 0.709056 0.605781 0.708056
7 0.592130 0.628880 0.600602 0.636046 0.600378 0.636458 0.593451 0.652153 0.592044 0.657477 0.592016 0.658708 0.591182 0.657644 0.590401 0.656579 0.589151 0.654634 0.588396 0.652412 0.588109 0.650051 0.587797 0.646671 0.587797 0.643894 0.588422 0.642366 0.588005 0.641671 0.586677 0.641116 0.587219 0.634139 0.588346 0.632565 0.589638 0.631630
10 0.563448 0.657736 0.561276 0.658380 0.559557 0.654491 0.558307 0.649259 0.556979 0.640833 0.556901 0.637778 0.556953 0.635463 0.557682 0.634815 0.560729 0.633009 0.561823 0.635093 0.562474 0.637130 0.566901 0.635972 0.566771 0.631898 0.566797 0.629722 0.568021 0.628056 0.570286 0.626991 0.571432 0.628565 0.572708 0.631667 0.573750 0.636065 0.574609 0.639861 0.574714 0.642176 0.574714 0.644861 0.575115 0.648014 0.574984 0.650236 0.573786 0.652366 0.571313 0.653523 0.570427 0.650282 0.569766 0.647639 0.567656 0.647824 0.566198 0.648796 0.565312 0.649167 0.565599 0.653519 0.565677 0.654954
10 0.559562 0.671181 0.565740 0.658542 0.588247 0.679486 0.581703 0.697148 0.580135 0.695208 0.576125 0.691458 0.572766 0.689745 0.570474 0.689190 0.565604 0.689421
10 0.568888 0.690509 0.566198 0.690741 0.576995 0.723532 0.579885 0.714551 0.580667 0.713949 0.581031 0.713347 0.581396 0.711958 0.582633 0.713361 0.585940 0.705861 0.583396 0.701153 0.579419 0.696269 0.574938 0.692287 0.570456 0.690486
10 0.592633 0.707287 0.603958 0.716250 0.604922 0.717037 0.607474 0.711343 0.613802 0.717500 0.611406 0.722639 0.613255 0.724259 0.606380 0.735000 0.605443 0.733843 0.604896 0.734630 0.602727 0.728444 0.599773 0.720194 0.596609 0.713926
3 0.585940 0.705861 0.582633 0.713361 0.584846 0.717759 0.586227 0.720630 0.589352 0.725583 0.587451 0.730954 0.590523 0.732806 0.591669 0.729704 0.593440 0.734426 0.597451 0.736463 0.595599 0.729852 0.591419 0.717731 0.587227 0.708352
3 0.586823 0.704630 0.588956 0.701500 0.592633 0.707287 0.596609 0.713926 0.599773 0.720194 0.602727 0.728444 0.605531 0.736542 0.603633 0.740185 0.599115 0.737398 0.596794 0.728968 0.592125 0.715894 0.588313 0.707292
2 0.420563 0.344921 0.422833 0.343083 0.423253 0.344014 0.421544 0.350213 0.414049 0.358023 0.414052 0.351352
2 0.582914 0.581819 0.577214 0.580167 0.583102 0.595657 0.583669 0.592606
2 0.542690 0.569014 0.554010 0.572731 0.572474 0.578472 0.575398 0.579306 0.582417 0.598241 0.579758 0.610440 0.575771 0.629352 0.572758 0.632028 0.572708 0.631667 0.571432 0.628565 0.570286 0.626991 0.563747 0.609486 0.559250 0.598144 0.555206 0.587796 0.551685 0.581102 0.546281 0.573231
2 0.534568 0.595843 0.543557 0.623148 0.547654 0.635727 0.556979 0.640833 0.556901 0.637778 0.556953 0.635463 0.557682 0.634815 0.560729 0.633009 0.561823 0.635093 0.562474 0.637130 0.566870 0.635861 0.566771 0.631898 0.566797 0.629722 0.568021 0.628056 0.568844 0.627685 0.559443 0.604630 0.551268 0.585194 0.548443 0.580236 0.545096 0.576454 0.543039 0.574162 0.541854 0.572551 0.540703 0.570935 0.539729 0.569509 0.539833 0.568273 0.533203 0.566852 0.533487 0.581218
2 0.532078 0.589514 0.526044 0.571116 0.519091 0.549125 0.514378 0.541657 0.495568 0.513449 0.504951 0.482583 0.509104 0.477190 0.534586 0.503245 0.554187 0.522495 0.587370 0.554685 0.601753 0.568769 0.615253 0.582301 0.612969 0.581481 0.601068 0.578148 0.584570 0.573222 0.583279 0.557014 0.580336 0.554144 0.581786 0.572870 0.568229 0.568750 0.556094 0.564907 0.545052 0.561574 0.533542 0.557361 0.533021 0.558750 0.533279 0.552023 0.531083 0.551468 0.530685 0.561685 0.530990 0.575741
2 0.437383 0.257236 0.447823 0.261032 0.455531 0.263347 0.456156 0.264134 0.456341 0.265060 0.456341 0.265894 0.455661 0.266727 0.453359 0.266759 0.441224 0.262917 0.439357 0.262250 0.438315 0.260259 0.437169 0.259472 0.434773 0.259194 0.433185 0.259194 0.431805 0.259889 0.424583 0.257546 0.420385 0.256588 0.413107 0.254176 0.413047 0.252361 0.421615 0.252361 0.429893 0.254903
2 0.450383 0.293264 0.460852 0.298634 0.463398 0.304556 0.464367 0.305208 0.465010 0.304491 0.465044 0.302685 0.464211 0.300903 0.466581 0.302014 0.467307 0.303273 0.470734 0.307505 0.470747 0.308958 0.470305 0.308898 0.466060 0.308079 0.458768 0.303681 0.449367 0.298495 0.446398 0.296736 0.448797 0.294662
2 0.442005 0.307870 0.440990 0.308472 0.439815 0.321181 0.442042 0.319074 0.444362 0.317042 0.443549 0.315380 0.443698 0.314199 0.444271 0.313667 0.444935 0.313935 0.445596 0.315551 0.447617 0.311750 0.450297 0.308264 0.450836 0.307620 0.443620 0.306250 0.443255 0.306944
2 0.449484 0.326361 0.447266 0.330463 0.446901 0.331204 0.446302 0.331852 0.446013 0.332153 0.444711 0.329838 0.440956 0.323306 0.442555 0.322023 0.445779 0.319667
2 0.438812 0.417352 0.443661 0.428602 0.447036 0.436157 0.450682 0.443880 0.451523 0.443306 0.452576 0.443667 0.455172 0.439528 0.449690 0.428389 0.444766 0.424028
2 0.376836 0.262375 0.381565 0.268106 0.386297 0.274375 0.390154 0.280111 0.389630 0.281356 0.389841 0.284949 0.392214 0.297778 0.390924 0.301301 0.387732 0.301356 0.382703 0.283440 0.382234 0.282606 0.381612 0.282745 0.384672 0.279213 0.386339 0.277315 0.386339 0.276852 0.386260 0.276157 0.385401 0.276486 0.381964 0.280421 0.378839 0.284028 0.375036 0.287829 0.371104 0.291852 0.373440 0.283194 0.377974 0.268444 0.376997 0.267704 0.374315 0.277042 0.376383 0.265472
2 0.375617 0.261380 0.373883 0.262745 0.370737 0.269556 0.364927 0.279236 0.362831 0.285907 0.362927 0.295759 0.365352 0.298833 0.366797 0.297176 0.369576 0.293981 0.373615 0.274148 0.374979 0.265782
2 0.371820 0.305764 0.380534 0.316019 0.381862 0.317370 0.385805 0.317079 0.386992 0.318333 0.387102 0.320634 0.386073 0.322361 0.388987 0.326005 0.391466 0.325148 0.392497 0.325852 0.395458 0.330250 0.398844 0.335269 0.396904 0.330769 0.390609 0.316023 0.388286 0.316505 0.386940 0.316023 0.385641 0.313435 0.385536 0.311032 0.385750 0.309111 0.386586 0.307352 0.385570 0.303324 0.380953 0.303444 0.371680 0.303815 0.369792 0.303750
10 0.389008 0.306194 0.390182 0.306565 0.391393 0.307856 0.391878 0.309792 0.391878 0.311801 0.391286 0.312977 0.390690 0.311407 0.390247 0.311190 0.389440 0.311407 0.389036 0.312051 0.390086 0.314634 0.390609 0.316023 0.388286 0.316505 0.386940 0.316023 0.385641 0.313435 0.385536 0.311032 0.385750 0.309111 0.386586 0.307352 0.387810 0.306426
2 0.388174 0.303185 0.389008 0.306194 0.390182 0.306565 0.391393 0.307856 0.391878 0.309792 0.391878 0.311801 0.392297 0.311111 0.393466 0.308315 0.394930 0.305866 0.393862 0.302903 0.393539 0.303009
5 0.622659 0.536769 0.627719 0.538991 0.626656 0.542319 0.620872 0.540431
8 0.581516 0.523171 0.585052 0.529884 0.585052 0.529884 0.600383 0.542801 0.600383 0.542801 0.593536 0.528556
2 0.398698 0.254954 0.399372 0.251852 0.399807 0.265787 0.400068 0.272338 0.399302 0.274352 0.398396 0.272306 0.397698 0.269144 0.397523 0.266356 0.397385 0.261273 0.398047 0.257991
2 0.401445 0.246569 0.402305 0.245366 0.403867 0.245458 0.410430 0.248745 0.409987 0.250458 0.408565 0.250509 0.408362 0.252593 0.411940 0.252403 0.410422 0.255171 0.408331 0.257523 0.405716 0.262171 0.402161 0.268921 0.402115 0.266505 0.401680 0.251519
10 0.375729 0.232130 0.373490 0.231528 0.371406 0.229769 0.369479 0.226481 0.367786 0.222824 0.366979 0.219630 0.366641 0.217130 0.366745 0.215139 0.368437 0.218704 0.369323 0.221852 0.370833 0.225324 0.374609 0.229583 0.376667 0.230417 0.379219 0.230185 0.383490 0.229491 0.385260 0.227546 0.385729 0.228843 0.385495 0.230972 0.384714 0.231852 0.383802 0.232500 0.376641 0.232269
10 0.387109 0.226667 0.388385 0.224861 0.390156 0.221806 0.391458 0.218380 0.392292 0.214352 0.392474 0.213194 0.392552 0.208194 0.391068 0.202870 0.389375 0.199120 0.386302 0.195694 0.384115 0.194537 0.379557 0.193796 0.382344 0.190926 0.382995 0.191292 0.386880 0.192815 0.389341 0.195398 0.391318 0.198051 0.392852 0.202208 0.394503 0.207731 0.394503 0.211532 0.393052 0.219921 0.390885 0.225046 0.389766 0.226667 0.388411 0.228519
10 0.371068 0.197546 0.372771 0.195389 0.374638 0.193731 0.376297 0.192606 0.376839 0.189125 0.377440 0.187088 0.378284 0.187356 0.378164 0.189500 0.379820 0.188963 0.380755 0.185801 0.381357 0.186019 0.381659 0.186444 0.380997 0.190356 0.380182 0.191157 0.374156 0.196782 0.370904 0.200426 0.370677 0.199769
10 0.369148 0.199681 0.367560 0.202505 0.367169 0.204264 0.366779 0.208014 0.366977 0.208171 0.368409 0.208866 0.369174 0.208801 0.369253 0.206255 0.370104 0.203699 0.369792 0.200602
10 0.366727 0.210190 0.366622 0.212366 0.368263 0.215236 0.368914 0.216532 0.368940 0.211208 0.367810 0.211181
2 0.340154 0.255681 0.340536 0.272769 0.343451 0.277648 0.346794 0.265972 0.347659 0.262361 0.346904 0.249778 0.346305 0.244903 0.345370 0.244046 0.343724 0.245602 0.341120 0.251528
2 0.359711 0.302528 0.359388 0.269542 0.358799 0.239194 0.362112 0.238944 0.362721 0.271134 0.362906 0.301995
2 0.338560 0.210787 0.341919 0.212546 0.347362 0.214167 0.350773 0.215231 0.352336 0.215787 0.352076 0.217315 0.351320 0.219398 0.348768 0.225833 0.347943 0.224167 0.343099 0.214769 0.342266 0.214074 0.341615 0.214306 0.341354 0.215093 0.341406 0.215926 0.338492 0.212102
10 0.349294 0.197856 0.352096 0.191000 0.353846 0.186394 0.351284 0.182375 0.351555 0.180819 0.351885 0.180338 0.352458 0.180338 0.355714 0.185319 0.358305 0.189394 0.358185 0.190463 0.357823 0.191588 0.357430 0.191963 0.354690 0.188051 0.349867 0.199569
10 0.348240 0.200588 0.343148 0.212856 0.343984 0.213227 0.348867 0.201824
2 0.362112 0.238944 0.362813 0.233426 0.363849 0.234713 0.366495 0.240861 0.368708 0.246139 0.371896 0.246810 0.373190 0.249403 0.373190 0.251898 0.372164 0.254778 0.372003 0.256699 0.372164 0.258042 0.373516 0.260921 0.373883 0.262745 0.370737 0.269556 0.369875 0.271111 0.369273 0.269829 0.368549 0.268329 0.367133 0.266292 0.364659 0.261116 0.363849 0.258042 0.362445 0.252764
10 0.454542 0.255194 0.455344 0.255940 0.458865 0.267093 0.460891 0.271370 0.461971 0.272736 0.462039 0.274778 0.461549 0.273681 0.460469 0.274176 0.459562 0.275667 0.459388 0.277403 0.461654 0.281801 0.459841 0.279759 0.454870 0.273921 0.453310 0.271148 0.453359 0.266759 0.455661 0.266727 0.456341 0.265894 0.456341 0.265060 0.456156 0.264134 0.455531 0.263347 0.453109 0.262634 0.453839 0.261523 0.454568 0.259394 0.454672 0.256847
2 0.443557 0.288403 0.448458 0.291519 0.444310 0.294866 0.441974 0.293690
2 0.367378 0.243296 0.369799 0.241718 0.371667 0.243046 0.373440 0.245787 0.373859 0.247694 0.373859 0.249602 0.373164 0.250847 0.373190 0.249403 0.371896 0.246810 0.368708 0.246139
2 0.371862 0.241111 0.374789 0.240556 0.376044 0.239440 0.377615 0.240370 0.377500 0.244074 0.377474 0.246398 0.377031 0.252088 0.376268 0.257537 0.374651 0.256671 0.373849 0.255306 0.372164 0.254778 0.373190 0.251898 0.374302 0.250782 0.374789 0.248921 0.374789 0.246630 0.374510 0.245079 0.373641 0.242847
2 0.377904 0.255838 0.381602 0.255144 0.381547 0.254898 0.379469 0.247616 0.378646 0.244454 0.378594 0.249778
8 0.408565 0.250509 0.422789 0.250296 0.436768 0.250671 0.449617 0.251583 0.463826 0.251954 0.464714 0.252023 0.465117 0.252593 0.464995 0.253671 0.464714 0.254102 0.436073 0.252662 0.421615 0.252361 0.413047 0.252361 0.408362 0.252593
2 0.480690 0.428111 0.492857 0.446319 0.475701 0.482727 0.478591 0.487551 0.495745 0.451921 0.517625 0.485995 0.531630 0.500157 0.516487 0.476347 0.494344 0.441963 0.480865 0.420333 0.480984 0.422481 0.481404 0.423972 0.481404 0.425718
8 0.495745 0.451921 0.482703 0.491861 0.478591 0.487551
8 0.509500 0.472884 0.509104 0.477190 0.504951 0.482583 0.503039 0.488963 0.503435 0.485009 0.506313 0.468394
8 0.501081 0.459903 0.494805 0.484194 0.492385 0.484315 0.499578 0.457931
8 0.499578 0.457931 0.497885 0.455315 0.489451 0.486116 0.492385 0.484315
8 0.504938 0.437472 0.502586 0.445843 0.501016 0.443398 0.503828 0.433639
8 0.504938 0.437472 0.506188 0.441481 0.504422 0.448338 0.502586 0.445843
1 0.380229 0.245764 0.378664 0.240389 0.376641 0.232269 0.375729 0.232130 0.378646 0.244454 0.379469 0.247616 0.381547 0.254898 0.383930 0.264060 0.386430 0.271023 0.388659 0.274343 0.389052 0.273593 0.386714 0.268958 0.385333 0.264977 0.382547 0.255903
10 0.465362 0.340769 0.465370 0.342921 0.469042 0.344856 0.471268 0.341625 0.472414 0.337880 0.470154 0.337880 0.469310 0.340931 0.468104 0.340662 0.467924 0.337556 0.466297 0.337074 0.466117 0.339269
10 0.498865 0.468727 0.499518 0.469889 0.501547 0.470468 0.502919 0.471634 0.503638 0.474306 0.504031 0.477560 0.504292 0.480000 0.503435 0.485009 0.503039 0.488963 0.502133 0.491856 0.500107 0.498481 0.495568 0.513449 0.482979 0.494296 0.482128 0.492556 0.482703 0.491861 0.484221 0.487556 0.485789 0.487787 0.486974 0.487903 0.488404 0.486741 0.489451 0.486116 0.494805 0.484194
10 0.533419 0.336755 0.533456 0.335000 0.536479 0.331366 0.537313 0.332310 0.537690 0.333921 0.537161 0.335403 0.545602 0.357838 0.540990 0.350231 0.534346 0.337042
15 0.389523 0.335255 0.394505 0.341593 0.395141 0.341069 0.394846 0.337773 0.401099 0.344894 0.401062 0.340426 0.397203 0.335769 0.394099 0.330620 0.392797 0.329782 0.391135 0.329088 0.390159 0.329088 0.387669 0.330394 0.384885 0.332824 0.380685 0.336644 0.382690 0.339745 0.384294 0.337630 0.385409 0.337384 0.386107 0.337699
10 0.402812 0.183426 0.402987 0.173769 0.403497 0.174370 0.404401 0.175880 0.406096 0.177486 0.408242 0.179394 0.409656 0.180699 0.410841 0.181907 0.411013 0.182407 0.410375 0.182796 0.409307 0.183861 0.408083 0.182704 0.405740 0.182380
2 0.359956 0.209681 0.359513 0.211301 0.357674 0.218907 0.358333 0.223843 0.359453 0.228241 0.359948 0.228935 0.363229 0.226204 0.365885 0.225880 0.369479 0.226481 0.367786 0.222824 0.366979 0.219630 0.366641 0.217130 0.366745 0.215139 0.365424 0.212505 0.363133 0.209727 0.362456 0.209079
14 0.595859 0.679019 0.593203 0.686889 0.592057 0.688880 0.591070 0.688509 0.589557 0.685593 0.589063 0.681519 0.588906 0.679343 0.589974 0.675778 0.592682 0.668833 0.591914 0.663310 0.592044 0.657477 0.593451 0.652153 0.600378 0.636458 0.613628 0.603528 0.615859 0.599500 0.618857 0.594727 0.620495 0.594292 0.623354 0.593981 0.627573 0.595532 0.631128 0.598199 0.633742 0.602227 0.636185 0.608176 0.636776 0.611894 0.637159 0.614375 0.636810 0.616852 0.635904 0.620139 0.625630 0.651639 0.616755 0.673509 0.613932 0.680394 0.611674 0.683477 0.608810 0.686060 0.606188 0.687134 0.604656 0.686347 0.602680 0.691583 0.601831 0.691727 0.601427 0.690435 0.601630 0.687782 0.601346 0.685412 0.600461 0.683264 0.598323 0.680106 0.597112 0.678245
8 0.539833 0.568273 0.533203 0.566852 0.532943 0.563148 0.533021 0.558750 0.533542 0.557361 0.545052 0.561574 0.556094 0.564907 0.568229 0.568750 0.601068 0.578148 0.612969 0.581481 0.639688 0.589398 0.671146 0.598287 0.679844 0.602593 0.683151 0.604306 0.683359 0.605370 0.682969 0.608333 0.682187 0.611852 0.681693 0.612222 0.674714 0.608935 0.657344 0.603056 0.635495 0.596620 0.621763 0.592597 0.621164 0.592269 0.619940 0.592037 0.589505 0.584028 0.572474 0.578472 0.554010 0.572731 0.542690 0.569014 0.541042 0.568426
8 0.586997 0.691806 0.602729 0.704856 0.604424 0.706435 0.604747 0.707370 0.605198 0.709056 0.604984 0.711519 0.604323 0.714356 0.603029 0.715477 0.592633 0.707287 0.588956 0.701500 0.587927 0.698620
8 0.586997 0.691806 0.585917 0.685736 0.583867 0.691199 0.584922 0.701486 0.586823 0.704630 0.588956 0.701500 0.587927 0.698620
8 0.629565 0.578606 0.630060 0.563931 0.633359 0.559028 0.632352 0.585921
14 0.652630 0.650370 0.653490 0.649167 0.655339 0.647222 0.655755 0.646620 0.655260 0.642731 0.655000 0.637639 0.655208 0.634259 0.655781 0.630787 0.657682 0.626991 0.659740 0.624028 0.665547 0.617500 0.674063 0.608611 0.674714 0.608935 0.681693 0.612222 0.682187 0.611852 0.682969 0.608333 0.683359 0.605370 0.683151 0.604306 0.679844 0.602593 0.682422 0.599630 0.686198 0.596528 0.688620 0.594954 0.690547 0.594583 0.691719 0.594306 0.690781 0.596667 0.689583 0.599815 0.688932 0.602917 0.682187 0.613519 0.669141 0.635417 0.660729 0.648704 0.653974 0.660306 0.653177 0.656250
14 0.636128 0.596861 0.637573 0.601037 0.638961 0.603019 0.640466 0.604199 0.643599 0.607412 0.646010 0.610093 0.648271 0.611162 0.650891 0.611162 0.656948 0.610356 0.670898 0.607681 0.657344 0.603056
14 0.635526 0.588231 0.635214 0.584699 0.635456 0.581662 0.637164 0.577880 0.639536 0.575713 0.641349 0.576083 0.642849 0.572491 0.645219 0.569699 0.649646 0.567037 0.656687 0.566417 0.668141 0.564833 0.673510 0.564463 0.675112 0.564773 0.677727 0.566324 0.680378 0.569296 0.682294 0.573699 0.683445 0.577171 0.684143 0.582005 0.684281 0.586157 0.684107 0.590245 0.683794 0.593843 0.682422 0.599630 0.679844 0.602593 0.671146 0.598287 0.639688 0.589398
8 0.637573 0.601037 0.646784 0.624380 0.655339 0.647222 0.653490 0.649167 0.633341 0.596005 0.635495 0.596620 0.636128 0.596861
8 0.630109 0.586560 0.622005 0.565347 0.608906 0.531134 0.604375 0.519417 0.606419 0.517218 0.615240 0.540148 0.618125 0.547917 0.624135 0.564009 0.628430 0.575681 0.632909 0.587347
8 0.637208 0.551843 0.646201 0.549306 0.649339 0.548685 0.649443 0.552528 0.649339 0.553333 0.634591 0.557176 0.637172 0.553333
14 0.639661 0.551148 0.634904 0.528773 0.630526 0.507519 0.631083 0.503560 0.630318 0.500773 0.629792 0.498356 0.629792 0.495477 0.630810 0.492329 0.632107 0.489972 0.633487 0.488069 0.634737 0.486731 0.638750 0.483769 0.642474 0.481403 0.646302 0.480528 0.649453 0.480662 0.650755 0.482097 0.651771 0.485338 0.651977 0.488625 0.652031 0.489829 0.653385 0.491218 0.654508 0.494088 0.658479 0.516338 0.663695 0.543440 0.665909 0.553343 0.666745 0.558204 0.666474 0.560921 0.666294 0.562824 0.665643 0.564671 0.665253 0.565222 0.656687 0.566417 0.649646 0.567037 0.645219 0.569699 0.643820 0.571333 0.640672 0.555593 0.649339 0.553333 0.649443 0.552528 0.649339 0.548685 0.646201 0.549306
5 0.573451 0.634759 0.573750 0.636065 0.574003 0.637477 0.574867 0.633690
8 0.633255 0.562500 0.639122 0.576079 0.637164 0.577880 0.636143 0.580162 0.632914 0.572102
1 0.576354 0.514954 0.582552 0.527500 0.584234 0.529060 0.585052 0.529884 0.580937 0.521977 0.573167 0.506833 0.572378 0.507421 0.573466 0.509556
8 0.550807 0.519120 0.550544 0.516227 0.551013 0.512139 0.552234 0.511440 0.564552 0.514120 0.573711 0.520056 0.584234 0.529060 0.600383 0.542801 0.618089 0.557694 0.616331 0.561278 0.614474 0.563750 0.584052 0.538704 0.571680 0.528250 0.565812 0.523287 0.562542 0.521412 0.552500 0.520741
8 0.495599 0.360833 0.510354 0.369356 0.519359 0.375204 0.525094 0.378083 0.526135 0.378894 0.526922 0.380963 0.526922 0.383329 0.526427 0.384880 0.525888 0.385620 0.524724 0.386282 0.522849 0.385102 0.520526 0.383403 0.512875 0.379116 0.490997 0.365769 0.476250 0.357134 0.453180 0.342801 0.451547 0.341060 0.450099 0.339403 0.448698 0.336750 0.448138 0.334833 0.448047 0.333509 0.448654 0.331597 0.451078 0.329361 0.451872 0.329528 0.452341 0.330940 0.452479 0.332759 0.452948 0.334426 0.453367 0.335667 0.456398 0.337657 0.473341 0.347282 0.486268 0.355000
8 0.493526 0.378083 0.504698 0.402176 0.511273 0.417523 0.517583 0.433551 0.517891 0.435819 0.516190 0.433931 0.510229 0.420106 0.501310 0.399532 0.494534 0.384157 0.493057 0.381532
8 0.526031 0.454713 0.540042 0.488481 0.543172 0.496625 0.544409 0.499569 0.545492 0.501176 0.546852 0.501602 0.547122 0.501602 0.547549 0.503583 0.545586 0.503102 0.544289 0.502356 0.543354 0.501069 0.537602 0.486875 0.529732 0.467523 0.526716 0.460347 0.523281 0.451829
8 0.609029 0.550065 0.585677 0.506880 0.573966 0.483750 0.548034 0.430847 0.546633 0.427972 0.546453 0.426829 0.547172 0.425616 0.548492 0.423125 0.549938 0.422870 0.556589 0.434949 0.568581 0.459306 0.577760 0.477810 0.590052 0.501588 0.603266 0.526620 0.612034 0.543292 0.618646 0.556667 0.618089 0.557694
14 0.584651 0.458417 0.593661 0.436981 0.598542 0.424338 0.595159 0.421981 0.592859 0.420745 0.589755 0.415972 0.594115 0.412250 0.594635 0.412005 0.595786 0.414361 0.596555 0.418389 0.598193 0.419440 0.599378 0.420931 0.608128 0.444852 0.620086 0.474352 0.622734 0.483528 0.623362 0.484269 0.625734 0.486380 0.625490 0.487556 0.624792 0.488671 0.622281 0.487060 0.622492 0.488301 0.622143 0.490282 0.620643 0.492574 0.618727 0.494375 0.605604 0.477083 0.592771 0.459079 0.590438 0.458250 0.588289 0.458829 0.587263 0.459657 0.586190 0.460324
8 0.627896 0.566718 0.629914 0.567648 0.629630 0.575106 0.627896 0.574245 0.626130 0.569403
5 0.570307 0.463019 0.581089 0.433231 0.587435 0.416889 0.588510 0.415727 0.589755 0.415972 0.592859 0.420745 0.595159 0.421981 0.598542 0.424338 0.593661 0.436981 0.584651 0.458417 0.577760 0.477810
5 0.568279 0.472009 0.563156 0.487569 0.564870 0.489569 0.571625 0.497394 0.573844 0.490523 0.575253 0.486111 0.573966 0.483750
8 0.556156 0.475829 0.564531 0.483333 0.563156 0.487569 0.543812 0.465736
14 0.537281 0.373236 0.538474 0.369574 0.540542 0.364611 0.544539 0.359032 0.548026 0.355074 0.550924 0.352449 0.553419 0.350255 0.554089 0.350111 0.555242 0.352593 0.555404 0.354546 0.556745 0.356171 0.558302 0.357935 0.560529 0.362606 0.572924 0.393088 0.578477 0.406583 0.581885 0.415218 0.583172 0.418222 0.583359 0.420704 0.583201 0.423944 0.582984 0.424852 0.579604 0.429051 0.577297 0.432056 0.576250 0.433819 0.577484 0.435870 0.579013 0.438921 0.574534 0.451037 0.571664 0.444931 0.570805 0.443218 0.569034 0.443644 0.567505 0.444361 0.566083 0.444218 0.565385 0.443597 0.562568 0.436634 0.564753 0.426384 0.568073 0.413083 0.567948 0.412093 0.567391 0.412139 0.566148 0.416231 0.561576 0.435347 0.551701 0.409731 0.539737 0.381352 0.538823 0.379444 0.537643 0.377968
14 0.582984 0.424852 0.585677 0.421435 0.581089 0.433231 0.579013 0.438921 0.577484 0.435870 0.576250 0.433819 0.577297 0.432056 0.579604 0.429051
8 0.576354 0.514954 0.566078 0.510384 0.555865 0.505856 0.552263 0.505083 0.549346 0.505250 0.548021 0.505139 0.546862 0.500338 0.547234 0.497856 0.547885 0.496532 0.549406 0.496477 0.558036 0.497579 0.562786 0.499898 0.568438 0.504306 0.573466 0.509556
8 0.538664 0.459907 0.564870 0.489569 0.571930 0.497880 0.578357 0.505287 0.580010 0.507394 0.580693 0.509051 0.581161 0.510519 0.581378 0.512245 0.580156 0.514222 0.579362 0.514991 0.578862 0.514991 0.575880 0.512120 0.573167 0.506833 0.572378 0.507421 0.568151 0.503102 0.529828 0.459120 0.501094 0.426144 0.480831 0.402130 0.468633 0.387991 0.465474 0.383079 0.462781 0.379051 0.460732 0.376111 0.460227 0.375153 0.460266 0.373750 0.463068 0.369597 0.464862 0.371639 0.468849 0.377778 0.470180 0.380264 0.474490 0.385694 0.489932 0.403634 0.503982 0.419819 0.516190 0.433931 0.529891 0.449699 0.534107 0.454653
6 0.509294 0.447676 0.509633 0.442491 0.512133 0.439343 0.523281 0.451829 0.526716 0.460347 0.529732 0.467523 0.516437 0.454593
6 0.531732 0.468722 0.537435 0.473815 0.546289 0.478120 0.529828 0.459120 0.526031 0.454713
6 0.512201 0.460074 0.521576 0.464981 0.530430 0.469333 0.534750 0.479954 0.530729 0.471681 0.529885 0.473611 0.533109 0.479880 0.534349 0.483796 0.524583 0.478162 0.519792 0.471301
6 0.568151 0.503102 0.562786 0.499898 0.558036 0.497579 0.540042 0.488481 0.532813 0.471157 0.537435 0.473815 0.546289 0.478120
8 0.502786 0.430509 0.509323 0.451551 0.509927 0.448468 0.509294 0.447676 0.509482 0.444236 0.505128 0.430824 0.503333 0.428750
8 0.513299 0.455630 0.515599 0.461870 0.513016 0.460505 0.512492 0.458644
8 0.497448 0.430556 0.499352 0.424120 0.501094 0.426144 0.503297 0.428833 0.500104 0.439065 0.499411 0.440991 0.495794 0.435500
8 0.503125 0.413565 0.501732 0.417208 0.503982 0.419819 0.505617 0.421921 0.507849 0.414958 0.504896 0.407940
8 0.505938 0.405148 0.508724 0.397046 0.510052 0.393574 0.511799 0.399065 0.512318 0.401167 0.508776 0.411676
14 0.457544 0.435315 0.444766 0.424028 0.437995 0.416481 0.439844 0.413426 0.437161 0.407315 0.436380 0.407778 0.436380 0.406435 0.436328 0.405833 0.435495 0.405602 0.434245 0.403519 0.434401 0.393148 0.434844 0.390880 0.436016 0.387454 0.436615 0.386343 0.438437 0.384213 0.441120 0.383056 0.442812 0.384861 0.444948 0.383287 0.446458 0.383102 0.448698 0.383102 0.452500 0.385648 0.464141 0.395602 0.472214 0.402361 0.473828 0.404306 0.474766 0.404861 0.475599 0.405278 0.476797 0.406852 0.477969 0.409028 0.478958 0.413380 0.479115 0.416204 0.478880 0.418380 0.478724 0.421157 0.478323 0.421069 0.477437 0.421153 0.476737 0.422065 0.476224 0.423722 0.473609 0.440144 0.471875 0.441671 0.469766 0.442824 0.466930 0.442412 0.463490 0.439856 0.462370 0.438333
6 0.437995 0.416481 0.435021 0.420796 0.430924 0.414532 0.434177 0.410083 0.436380 0.407778 0.437161 0.407315 0.439844 0.413426
14 0.411357 0.383991 0.413857 0.382556 0.416174 0.382185 0.417242 0.380935 0.418570 0.379778 0.419846 0.379037 0.421383 0.379037 0.422997 0.380287 0.425419 0.383204 0.427138 0.387046 0.429010 0.392176 0.429898 0.397417 0.430354 0.402236 0.430667 0.408486 0.430094 0.411912 0.429885 0.412514 0.417542 0.393671
8 0.429010 0.392176 0.429922 0.379676 0.430599 0.372963 0.435208 0.370278 0.434714 0.375417 0.431927 0.379074 0.431406 0.382731 0.434010 0.385093 0.433021 0.396898 0.432214 0.405324 0.430924 0.414532 0.429885 0.412514 0.430094 0.411912 0.430667 0.408486 0.430354 0.402236 0.429898 0.397417
6 0.434714 0.375417 0.436693 0.372778 0.437318 0.371620 0.438333 0.368796 0.442422 0.367176 0.441849 0.370278 0.441328 0.372546 0.440052 0.375741 0.438359 0.379306 0.434010 0.385093 0.431406 0.382731 0.431927 0.379074
8 0.508698 0.454769 0.509927 0.448468 0.513961 0.452338 0.512201 0.460074
8 0.516987 0.373630 0.520125 0.363648 0.522292 0.358009 0.524479 0.353194 0.527617 0.348954 0.529534 0.346042 0.530302 0.345421 0.530930 0.345296 0.532742 0.347713 0.533299 0.348954 0.531172 0.353667 0.528383 0.358125 0.525768 0.364199 0.523503 0.369282 0.522143 0.373190 0.519359 0.375204
8 0.514734 0.372204 0.506589 0.358194 0.501589 0.349954 0.500542 0.347782 0.501104 0.346977 0.501833 0.346667 0.508151 0.357500 0.513516 0.366625 0.517174 0.372759 0.516987 0.373630
8 0.497094 0.369481 0.500922 0.390319 0.501794 0.394713 0.501471 0.395361 0.495044 0.381264 0.493930 0.374356 0.494750 0.368060
8 0.495833 0.387116 0.498880 0.401931 0.503984 0.407625 0.503307 0.404245 0.501310 0.399532
8 0.455026 0.360324 0.467810 0.357773 0.475156 0.356574 0.476250 0.357134 0.482003 0.360611 0.464924 0.364023 0.462320 0.364250 0.452529 0.365968 0.448625 0.366157 0.442422 0.367176 0.449883 0.362912
8 0.428307 0.370694 0.440482 0.364630 0.451026 0.359273 0.454039 0.357718 0.454372 0.357667 0.454643 0.357931 0.454914 0.358630 0.455026 0.360324 0.449883 0.362912 0.442422 0.367176 0.438333 0.368796 0.435208 0.370278 0.430599 0.372963 0.428458 0.373630
8 0.407721 0.378537 0.418563 0.374074 0.425539 0.370667 0.427526 0.370356 0.428307 0.370694 0.428458 0.373630 0.428568 0.375625 0.427872 0.377546 0.426930 0.378102 0.422049 0.379403 0.421383 0.379037 0.419846 0.379037 0.418570 0.379778 0.417242 0.380935 0.416174 0.382185 0.413857 0.382556 0.411357 0.383991
8 0.414409 0.375657 0.419383 0.357833 0.427047 0.331259 0.434831 0.303856 0.440042 0.285671 0.440406 0.285250 0.440979 0.285208 0.442672 0.286551 0.443401 0.287477 0.443557 0.288403 0.437672 0.308125 0.432023 0.327727 0.427055 0.344444 0.421872 0.363366 0.418563 0.374074
8 0.432891 0.348889 0.435057 0.327324 0.436508 0.312273 0.437672 0.308125 0.438677 0.304921 0.439589 0.305431 0.440865 0.307148 0.440969 0.307843 0.438990 0.331083 0.437990 0.342185
8 0.432552 0.352690 0.431589 0.360606 0.432917 0.358708 0.434896 0.356532 0.436146 0.355144 0.436927 0.354171 0.437630 0.345884
8 0.422221 0.372375 0.430331 0.365704 0.441583 0.356884 0.450417 0.350644 0.451031 0.352583 0.431414 0.367477 0.427526 0.370356 0.425539 0.370667
6 0.496419 0.361181 0.498398 0.355764 0.500612 0.351273 0.503060 0.355347 0.501159 0.360671 0.499831 0.363218
8 0.496654 0.351921 0.500612 0.351273 0.498398 0.355764 0.497721 0.357569 0.495951 0.357801
8 0.503802 0.350093 0.512904 0.348125 0.513477 0.350116 0.513555 0.352986 0.513633 0.353819 0.506602 0.354838
8 0.500612 0.351273 0.502135 0.351065 0.505130 0.355694 0.502760 0.356204 0.503060 0.355347
6 0.509102 0.348917 0.511003 0.345954 0.512096 0.344102 0.512708 0.342315 0.514531 0.347593 0.514909 0.348778 0.513581 0.352065 0.513477 0.350116 0.512904 0.348125
6 0.513763 0.339380 0.515404 0.333639 0.516315 0.329843 0.517018 0.327389 0.517982 0.324472 0.519570 0.322204 0.522018 0.326556 0.521315 0.328778 0.518372 0.337991 0.515872 0.345769
6 0.512826 0.354032 0.511445 0.357782 0.510352 0.359819 0.509909 0.360329 0.508151 0.357500 0.506602 0.354838
6 0.505625 0.356528 0.503320 0.361903 0.501966 0.364449 0.505820 0.366764 0.508789 0.362042
8 0.512708 0.342315 0.510156 0.334074 0.507682 0.324676 0.504036 0.306806 0.499297 0.280185 0.495443 0.260648 0.495755 0.260185 0.496797 0.259722 0.497344 0.259722 0.500339 0.276620 0.505938 0.306528 0.508229 0.317546 0.510365 0.327361 0.513763 0.339380 0.515872 0.345769 0.518437 0.353843 0.518273 0.354778 0.517630 0.356759 0.514909 0.348778 0.514531 0.347593
8 0.518938 0.355306 0.520000 0.358380 0.520990 0.361481 0.520125 0.363648 0.518203 0.358148
8 0.544539 0.359032 0.540638 0.352819 0.536693 0.345046 0.533047 0.338194 0.533419 0.336755 0.534346 0.337042 0.540990 0.350231 0.545602 0.357838
6 0.511445 0.357782 0.516823 0.355046 0.517630 0.356759 0.516687 0.359671 0.515393 0.362796 0.512081 0.364218 0.509909 0.360329 0.510352 0.359819
6 0.519216 0.353819 0.527617 0.348954 0.524479 0.353194 0.522292 0.358009 0.521560 0.359931 0.520622 0.360208 0.520000 0.358380 0.518938 0.355306
6 0.531427 0.346134 0.535828 0.343634 0.536693 0.345046 0.539005 0.349468 0.532523 0.354051 0.529318 0.356644 0.531172 0.353667 0.533299 0.348954 0.532742 0.347713
8 0.478685 0.377801 0.484818 0.371852 0.488771 0.367907 0.490997 0.365769 0.491495 0.366069 0.491310 0.367690 0.482518 0.376796 0.480057 0.379167
8 0.472776 0.383667 0.474677 0.382139 0.475589 0.381398 0.476786 0.382972 0.474078 0.385148
8 0.467422 0.363565 0.470622 0.369847 0.471112 0.370528 0.471807 0.370755 0.472438 0.370282 0.473099 0.369477 0.473448 0.367986 0.473378 0.366375 0.473237 0.364704 0.471635 0.362718
8 0.436872 0.381269 0.438982 0.381454 0.440987 0.380713 0.443487 0.379370 0.446586 0.377935 0.450208 0.376574 0.452526 0.375787 0.454320 0.375343 0.456039 0.375620 0.457914 0.376361 0.459008 0.377287 0.458867 0.378509 0.458852 0.380296 0.457448 0.379097 0.456242 0.378398 0.455036 0.378667 0.452943 0.378796 0.449792 0.379306 0.447813 0.380370 0.445729 0.381296 0.443750 0.382130 0.441120 0.383056 0.438437 0.384213 0.435414 0.383259
8 0.432891 0.348889 0.426172 0.357778 0.421979 0.363148 0.425026 0.363009 0.432969 0.351991 0.438932 0.344167 0.445495 0.335833 0.446901 0.331204 0.446302 0.331852 0.440833 0.338565 0.437990 0.342185
8 0.439076 0.361569 0.446888 0.361338 0.440482 0.364630 0.435143 0.367310 0.430690 0.368005 0.431414 0.367477
8 0.435690 0.361523 0.432422 0.361944 0.430599 0.361944 0.425026 0.363009 0.421979 0.363148 0.421872 0.363366 0.419867 0.369648 0.426690 0.368676 0.430331 0.365704
8 0.399799 0.364481 0.413432 0.363611 0.417859 0.363366 0.416117 0.369560 0.407435 0.369810 0.407458 0.368000 0.406784 0.367912 0.406758 0.369759 0.402448 0.369815 0.401341 0.368097
8 0.412982 0.363713 0.412388 0.344500 0.412878 0.344005 0.413435 0.344005 0.413784 0.344310 0.414378 0.363523 0.413432 0.363611
8 0.401062 0.340426 0.401237 0.353565 0.401690 0.364412 0.403677 0.364287 0.403362 0.352264 0.403016 0.345134
8 0.401065 0.335356 0.400701 0.312301 0.400620 0.295389 0.400495 0.280509 0.399807 0.265787 0.399161 0.243958 0.398328 0.230898 0.396552 0.207662 0.394534 0.185144 0.393995 0.172856 0.395615 0.172662 0.396318 0.179477 0.398044 0.201653 0.399070 0.217014 0.400799 0.235157 0.401680 0.251519 0.402115 0.266505 0.402656 0.283398 0.402612 0.295778 0.402737 0.309833 0.403065 0.331324 0.403047 0.339847
8 0.439815 0.321181 0.442042 0.319074 0.444362 0.317042 0.445779 0.319667 0.442555 0.322023 0.440956 0.323306
2 0.419758 0.273023 0.424341 0.267282 0.427352 0.264009 0.425971 0.266046 0.424721 0.269056 0.423992 0.272759 0.424148 0.276093 0.424721 0.277852 0.428159 0.284843 0.430112 0.287574 0.430307 0.288194 0.429190 0.288505 0.426055 0.289560 0.421312 0.282306 0.416396 0.287389 0.418190 0.279653
2 0.402589 0.294644 0.413221 0.281380 0.418172 0.274625 0.417263 0.278991 0.414724 0.289190 0.404716 0.302949 0.409427 0.311454 0.410323 0.313139 0.411164 0.314528 0.408180 0.316134 0.407737 0.315657 0.406279 0.316074 0.405417 0.317532 0.402802 0.313815 0.402737 0.309833 0.402612 0.295778
2 0.400646 0.296481 0.393466 0.308315 0.392297 0.311111 0.391286 0.312977 0.398628 0.329181 0.401049 0.325528 0.400927 0.321653 0.399961 0.321583 0.396250 0.313694 0.400565 0.308745
2 0.411956 0.316259 0.419286 0.330426 0.416656 0.326074 0.414599 0.324269 0.410602 0.319546 0.409174 0.317634 0.411555 0.316458
2 0.430107 0.259278 0.427000 0.264319 0.427352 0.264009 0.428029 0.263361 0.429721 0.261556 0.431805 0.259889
2 0.453310 0.271148 0.460690 0.283912 0.467427 0.296102 0.472227 0.304995 0.470734 0.307505 0.467307 0.303273 0.456896 0.284759 0.453268 0.278032
6 0.456398 0.337657 0.464289 0.323037 0.475143 0.303356 0.476547 0.303356 0.477518 0.303644 0.479354 0.308444 0.465154 0.334269 0.460456 0.334458 0.459701 0.336093 0.460185 0.338204 0.460339 0.339074 0.460456 0.339931
8 0.465154 0.334269 0.471539 0.334181 0.475156 0.338412 0.473409 0.341625 0.471268 0.341625 0.472414 0.337880 0.470154 0.337880 0.469310 0.340931 0.468104 0.340662 0.467924 0.337556 0.466297 0.337074 0.466117 0.339269 0.465362 0.340769 0.460456 0.339931 0.460185 0.338204 0.459701 0.336093 0.460456 0.334458
8 0.471539 0.334181 0.469122 0.331662 0.469323 0.329944 0.470169 0.327792 0.471380 0.325426 0.471945 0.325639 0.476786 0.331806 0.486589 0.344431 0.488201 0.346509 0.489443 0.353463 0.487193 0.353681 0.475156 0.338412
14 0.577760 0.477810 0.584651 0.458417 0.586190 0.460324 0.587263 0.459657 0.588289 0.458829 0.590438 0.458250 0.592771 0.459079 0.605604 0.477083 0.621151 0.497620 0.625958 0.504171 0.626471 0.506000 0.626659 0.507407 0.626938 0.507907 0.628432 0.509069 0.629599 0.510065 0.630440 0.511972 0.630766 0.513301 0.630625 0.516120 0.628898 0.522426 0.625724 0.530310 0.623672 0.535037 0.620872 0.540431 0.619005 0.542755 0.617651 0.543500 0.616625 0.543500 0.615313 0.540000 0.606419 0.517218 0.604375 0.519417 0.608677 0.530755 0.612656 0.541014 0.603266 0.526620 0.590052 0.501588
8 0.508393 0.348819 0.502841 0.339028 0.498312 0.328074 0.492391 0.312343 0.488154 0.300944 0.486742 0.295352 0.484727 0.289542 0.480919 0.281199 0.481432 0.280366 0.481898 0.280120 0.482458 0.280120 0.486146 0.288912 0.488245 0.294222 0.488992 0.297542 0.491419 0.304014 0.494594 0.312417 0.500482 0.327667 0.502620 0.333060 0.505654 0.339204 0.508339 0.344597 0.510117 0.347259 0.509102 0.348917
8 0.478073 0.310787 0.479419 0.317833 0.481310 0.326375 0.482120 0.331366 0.482930 0.331847 0.484227 0.331273 0.485198 0.329255 0.481865 0.312185 0.480430 0.306704 0.475617 0.294630 0.470565 0.281440 0.470174 0.280958 0.469328 0.280796 0.468307 0.282032 0.467820 0.283639 0.468122 0.285616 0.475143 0.303356 0.476547 0.303356 0.477518 0.303644 0.479354 0.308444
6 0.484846 0.309319 0.487656 0.305278 0.489609 0.308565 0.488125 0.311574 0.490104 0.317361 0.492630 0.324213 0.496484 0.333148 0.497695 0.335856 0.495234 0.335509 0.494479 0.341111 0.488820 0.329093 0.486417 0.317500
6 0.497695 0.335856 0.501615 0.343704 0.504766 0.349861 0.503802 0.350093 0.501833 0.346667 0.501104 0.346977 0.500542 0.347782 0.501589 0.349954 0.502135 0.351065 0.500612 0.351273 0.499766 0.351389 0.497240 0.346481 0.498112 0.338778
8 0.478370 0.333634 0.486211 0.334963 0.486677 0.338032 0.486677 0.340602 0.486258 0.341519 0.484344 0.341435
6 0.473409 0.341625 0.471018 0.345935 0.473341 0.347282 0.475172 0.348444 0.478521 0.342634 0.475156 0.338412
6 0.467674 0.351907 0.464044 0.358648 0.467810 0.357773 0.471305 0.357213 0.472594 0.354991
6 0.445833 0.356435 0.445052 0.359444 0.444271 0.361343 0.440443 0.361481 0.441094 0.360093
6 0.442135 0.356435 0.443646 0.352546 0.445208 0.346528 0.446589 0.340463 0.449010 0.341667 0.449115 0.342500 0.446536 0.353287
8 0.445596 0.315551 0.447617 0.311750 0.450297 0.308264 0.451745 0.306657 0.452286 0.305856 0.452979 0.306069 0.453130 0.307514 0.452979 0.309389 0.447073 0.318231
8 0.452979 0.306069 0.464940 0.307986 0.470305 0.308898 0.471810 0.309218 0.471268 0.310560 0.470339 0.310787 0.469896 0.309954 0.468375 0.310560 0.453099 0.308361
8 0.441042 0.304028 0.446930 0.304833 0.452286 0.305856 0.451745 0.306657 0.450836 0.307620 0.445911 0.306574 0.442604 0.306111
8 0.444362 0.317042 0.443549 0.315380 0.443698 0.314199 0.444271 0.313667 0.444935 0.313935 0.445596 0.315551 0.447073 0.318231 0.450750 0.324380 0.450208 0.325185 0.449484 0.326361 0.445779 0.319667
8 0.451078 0.329361 0.452292 0.327407 0.453516 0.325602 0.456510 0.323287 0.463542 0.318056 0.465755 0.316204 0.468594 0.314120 0.470000 0.312870 0.471268 0.310560 0.470339 0.310787 0.470078 0.311435 0.468464 0.312269 0.466406 0.313333 0.464401 0.314537 0.459844 0.318194 0.455990 0.320509 0.452734 0.323843 0.450104 0.327500 0.447760 0.331574 0.446951 0.333866 0.448047 0.333241 0.448654 0.331597
8 0.469122 0.289759 0.463281 0.276157 0.462716 0.274574 0.462846 0.273880 0.463237 0.273602 0.463784 0.273602 0.464245 0.274583 0.467924 0.283278 0.467820 0.283639 0.468122 0.285616 0.470146 0.290792
8 0.461654 0.281801 0.459388 0.277403 0.459562 0.275667 0.460469 0.274176 0.461549 0.273681 0.465802 0.282051 0.469122 0.289759 0.465745 0.286347 0.462401 0.282810
2 0.417000 0.263486 0.420385 0.256588 0.425573 0.257778 0.424036 0.260787 0.427000 0.264319 0.424341 0.267282 0.422026 0.264181 0.422706 0.261222 0.422424 0.260644 0.421620 0.260722 0.420974 0.262875 0.420206 0.265741 0.419471 0.268884 0.413221 0.281380 0.402589 0.294644 0.402682 0.291667 0.403763 0.290986 0.404672 0.289755 0.406310 0.286718 0.409133 0.281199 0.411818 0.276426 0.416872 0.266875 0.417359 0.264583
2 0.423943 0.250296 0.427258 0.244037 0.427812 0.243977 0.430008 0.245958 0.430393 0.248625 0.429505 0.250509
2 0.428521 0.252509 0.427453 0.254130 0.421615 0.252361
8 0.395677 0.352269 0.401260 0.355185 0.401469 0.359120 0.396703 0.355787 0.396000 0.354491
8 0.390557 0.349861 0.394307 0.351435 0.394906 0.355000 0.391964 0.353287
8 0.449615 0.314343 0.452583 0.317722 0.454146 0.319667 0.453339 0.320778 0.448781 0.315685
8 0.456906 0.322907 0.461932 0.327444 0.461021 0.329250 0.455604 0.324065
8 0.441042 0.304028 0.439688 0.302546 0.439195 0.302843 0.438984 0.303704 0.442005 0.307870 0.443255 0.306944 0.442604 0.306111
8 0.403422 0.356157 0.409516 0.360093 0.411102 0.363755 0.409776 0.363889 0.403604 0.360046
8 0.376612 0.329866 0.386255 0.326917 0.391466 0.325148 0.392497 0.325852 0.395458 0.330250 0.398844 0.335269 0.401062 0.340426 0.397203 0.335769 0.394099 0.330620 0.392216 0.327958 0.390581 0.327833 0.384198 0.330315 0.381062 0.331181 0.377854 0.331741
8 0.370794 0.293111 0.370029 0.301852 0.368419 0.301912
8 0.385021 0.301403 0.380333 0.284134 0.381612 0.282745 0.382234 0.282606 0.382703 0.283440 0.387732 0.301356
8 0.385570 0.303324 0.386586 0.307352 0.387810 0.306426 0.389008 0.306194 0.388174 0.303185
8 0.394539 0.291875 0.390924 0.301301 0.393120 0.301273 0.395641 0.294519
5 0.400565 0.308745 0.400701 0.312301 0.400927 0.321653 0.399961 0.321583 0.396250 0.313694
14 0.396641 0.209444 0.395023 0.215449 0.394154 0.219972 0.394328 0.224745 0.394781 0.231065 0.396245 0.235468 0.397221 0.237574 0.398750 0.238009 0.398328 0.230898
6 0.397221 0.237574 0.393500 0.236315 0.390187 0.235139 0.386570 0.233421 0.385786 0.233690 0.384341 0.240227 0.389133 0.242264 0.399164 0.245477 0.399161 0.243958 0.398750 0.238009
14 0.398375 0.206213 0.406742 0.204106 0.411622 0.204417 0.436398 0.207458 0.439398 0.208449 0.441594 0.210560 0.442812 0.214708 0.443094 0.216880 0.443336 0.217745 0.451180 0.219546 0.452609 0.221653 0.452820 0.226981 0.452401 0.233616 0.452227 0.234542 0.450156 0.234866 0.451201 0.231148 0.451271 0.229597 0.450539 0.229597 0.449284 0.234370 0.448237 0.234060 0.448203 0.237037 0.447612 0.237407 0.441964 0.236602 0.441753 0.238583 0.440393 0.242116 0.438372 0.245278 0.427812 0.243977 0.411458 0.241528 0.406172 0.240741 0.402760 0.239352 0.400964 0.238750 0.400799 0.235157 0.399070 0.217014
6 0.406172 0.240741 0.411219 0.243227 0.410430 0.248745 0.403867 0.245458 0.402305 0.245366 0.401445 0.246569 0.400964 0.238750 0.402760 0.239352
8 0.373497 0.307657 0.373008 0.314106 0.373112 0.316644 0.374229 0.318815 0.375448 0.319620 0.384828 0.319931 0.386073 0.322361 0.387102 0.320634 0.386992 0.318333 0.385805 0.317079 0.381862 0.317370 0.377297 0.317639 0.374995 0.317204 0.374193 0.316583 0.373984 0.315032 0.374333 0.308528
2 0.450156 0.234866 0.451953 0.237315 0.451953 0.242130 0.450391 0.244213 0.449427 0.243009 0.447891 0.242083
2 0.443906 0.241111 0.447612 0.237407 0.448203 0.237037 0.448151 0.236250 0.449284 0.234370 0.447109 0.241574
14 0.396755 0.185852 0.401625 0.183861 0.405740 0.182380 0.408083 0.182704 0.409307 0.183861 0.410375 0.182796 0.412328 0.181546 0.413682 0.182056 0.414307 0.183444 0.415115 0.188861 0.415870 0.194046 0.416599 0.199278 0.417016 0.202241 0.416859 0.205065 0.411622 0.204417 0.406742 0.204106 0.398375 0.206213 0.398044 0.201653
14 0.382995 0.191292 0.394661 0.186847 0.396552 0.207662 0.396641 0.209444 0.395023 0.215449 0.394154 0.219972 0.393052 0.219921 0.394503 0.211532 0.394503 0.207731 0.392852 0.202208 0.391318 0.198051 0.389341 0.195398 0.386880 0.192815
14 0.382193 0.189417 0.383138 0.167389 0.383424 0.162528 0.384440 0.159569 0.385560 0.157532 0.386862 0.156144 0.388815 0.154477 0.389698 0.143514 0.390948 0.142222 0.392250 0.141111 0.393474 0.140690 0.395219 0.140505 0.396937 0.140921 0.397667 0.141806 0.396755 0.153380 0.398031 0.152310 0.399021 0.151944 0.399490 0.152407 0.399776 0.156894 0.401026 0.158657 0.402797 0.162824 0.403318 0.165273 0.403161 0.169625 0.396042 0.176435 0.395615 0.172662 0.393995 0.172856 0.394193 0.178037 0.387083 0.184731
14 0.403073 0.171944 0.402812 0.183426 0.401625 0.183861 0.396755 0.185852 0.396318 0.179477 0.396237 0.178144
14 0.394253 0.179750 0.394534 0.185144 0.394661 0.186847 0.382995 0.191292 0.382344 0.190926
8 0.387109 0.226667 0.383708 0.214032 0.380997 0.206745 0.380273 0.205889 0.379732 0.206963 0.379375 0.208657 0.380333 0.210551 0.381208 0.214088 0.382654 0.218532 0.383565 0.219954 0.383076 0.221815 0.384070 0.226565 0.385260 0.227546 0.385729 0.228843 0.385495 0.230972 0.386208 0.232032 0.387023 0.232032 0.387956 0.229727 0.387526 0.228843
8 0.359818 0.203472 0.363643 0.205208 0.364893 0.206231 0.366977 0.208171 0.368409 0.208866 0.370414 0.208634 0.371352 0.208315 0.373201 0.209009 0.375440 0.209144 0.376846 0.211556 0.372263 0.210995 0.369320 0.211093 0.367810 0.211181 0.366326 0.210023 0.364711 0.208495 0.363331 0.207389 0.362497 0.206829 0.361299 0.206463 0.360336 0.205903 0.359503 0.205023
8 0.379375 0.208657 0.376745 0.208843 0.378307 0.211389 0.380599 0.211713 0.380333 0.210551
8 0.368495 0.188296 0.368750 0.177500 0.369193 0.176898 0.369792 0.176944 0.370234 0.177546 0.370469 0.178750 0.370417 0.185046 0.370167 0.185532
8 0.370448 0.187486 0.370286 0.196667 0.368490 0.192361 0.368516 0.191111
8 0.381393 0.207944 0.382956 0.207019 0.385453 0.206139 0.385898 0.207204 0.385898 0.207852 0.383607 0.208685 0.382148 0.209935
8 0.382643 0.201833 0.385742 0.204380 0.389362 0.206694 0.391836 0.207759 0.392552 0.208194 0.392539 0.210537 0.390482 0.209704 0.387539 0.208083 0.385898 0.207204 0.385453 0.206139 0.385065 0.206231 0.383190 0.204565 0.381862 0.202389
8 0.362643 0.263560 0.367133 0.266292 0.368549 0.268329 0.369273 0.269829 0.369875 0.271111 0.368669 0.272935 0.362643 0.269130
8 0.351917 0.257023 0.359240 0.261310 0.359268 0.267204 0.354177 0.263505 0.352370 0.262329 0.351193 0.261097 0.350802 0.260236 0.350893 0.258954
8 0.352310 0.257236 0.356737 0.239347 0.357219 0.236935 0.357008 0.235921 0.356076 0.234472 0.355172 0.234366 0.354508 0.234903 0.349477 0.255204 0.346794 0.265972 0.343451 0.277648 0.346070 0.282523 0.351344 0.261310 0.351193 0.261097 0.350802 0.260236 0.350893 0.258954 0.351917 0.257023
8 0.349130 0.270306 0.356161 0.274519 0.359443 0.276741 0.359469 0.279796 0.354260 0.276278 0.354052 0.274426 0.353427 0.274380 0.352932 0.275630 0.349547 0.273454 0.348505 0.272806
8 0.352932 0.275630 0.353333 0.288611 0.353776 0.294444 0.355208 0.296620 0.354609 0.285278 0.354260 0.276278 0.354052 0.274426 0.353427 0.274380
8 0.354581 0.284745 0.358279 0.287338 0.358227 0.289005 0.357758 0.289838 0.357029 0.289606 0.354789 0.287986
8 0.346612 0.280162 0.350518 0.282523 0.353174 0.283912 0.353201 0.286875 0.349659 0.284935 0.346070 0.282523
8 0.338047 0.269810 0.337414 0.249079 0.337385 0.241472 0.337294 0.233171 0.339193 0.235259 0.339674 0.249616 0.340154 0.255681 0.340536 0.272769
8 0.339674 0.249616 0.341885 0.242046 0.342760 0.239102 0.344448 0.241083 0.341120 0.251528 0.340154 0.255681
8 0.343229 0.236815 0.344195 0.233759 0.345971 0.235852 0.344977 0.238796
8 0.344766 0.231509 0.346154 0.227176 0.347630 0.229690 0.346604 0.233653 0.345852 0.233116
8 0.336565 0.229301 0.338042 0.225708 0.339698 0.227639 0.338070 0.231065
8 0.336458 0.221065 0.336474 0.211727 0.338643 0.214032 0.338516 0.222963
8 0.336383 0.209856 0.336385 0.207819 0.337167 0.207819 0.338070 0.208569 0.338523 0.209852 0.338492 0.212102
8 0.335721 0.231333 0.332305 0.227801 0.330135 0.225708 0.328990 0.224639 0.328932 0.223519 0.329297 0.222315 0.330234 0.222176 0.334474 0.226995 0.336565 0.229301 0.338070 0.231065 0.343229 0.236815 0.344977 0.238796 0.351740 0.245903 0.351047 0.248690 0.344448 0.241083 0.342760 0.239102 0.339193 0.235259 0.337294 0.233171
8 0.340362 0.225551 0.344766 0.231509 0.345852 0.233116 0.346604 0.233653 0.352760 0.241991 0.352240 0.244306 0.345971 0.235852 0.344195 0.233759 0.339698 0.227639 0.338042 0.225708 0.335964 0.223565 0.334922 0.222778 0.334818 0.221944 0.335365 0.221111 0.336458 0.221065 0.338516 0.222963 0.338672 0.223380
8 0.335721 0.231333 0.334516 0.234921 0.333521 0.235458 0.332648 0.236477 0.331984 0.238139 0.333437 0.240000 0.334245 0.241139 0.335901 0.238940 0.336083 0.237495 0.337294 0.233171
8 0.338672 0.223380 0.340302 0.218958 0.340813 0.216819 0.341536 0.216898 0.342260 0.218102 0.341958 0.219870 0.340362 0.225551
8 0.341536 0.216898 0.341354 0.215093 0.341615 0.214306 0.342266 0.214074 0.343099 0.214769 0.347943 0.224167 0.350651 0.229954 0.354010 0.237083 0.353255 0.239861 0.347630 0.229690 0.346154 0.227176 0.342260 0.218102
8 0.337578 0.255509 0.334380 0.263875 0.336841 0.267532 0.337917 0.263889
8 0.336484 0.224213 0.338042 0.225708 0.336565 0.229301
8 0.358161 0.205444 0.355974 0.192389 0.355219 0.191139 0.354646 0.191000 0.353917 0.192759 0.356885 0.210769
14 0.371656 0.201338 0.379557 0.193796 0.384115 0.194537 0.373807 0.204500
14 0.379375 0.208657 0.376745 0.208843 0.375964 0.207620 0.374719 0.205796 0.378990 0.201861 0.384224 0.197093 0.385813 0.195472 0.386302 0.195694 0.389375 0.199120 0.391068 0.202870 0.392552 0.208194 0.391836 0.207759 0.389362 0.206694 0.385742 0.204380 0.382643 0.201833 0.381862 0.202389 0.383190 0.204565 0.385065 0.206231 0.382956 0.207019 0.381393 0.207944 0.380997 0.206745 0.380273 0.205889 0.379732 0.206963
14 0.382148 0.209935 0.383607 0.208685 0.385898 0.207852 0.385898 0.207204 0.387539 0.208083 0.390482 0.209704 0.392539 0.210537 0.392497 0.211708 0.391560 0.212079 0.388383 0.213745 0.384164 0.215875 0.383708 0.214032
14 0.372263 0.210995 0.374380 0.211269 0.375031 0.212611 0.376099 0.214417 0.377661 0.216083 0.379172 0.216917 0.380109 0.216917 0.383076 0.221815 0.384070 0.226565 0.380724 0.226245 0.377591 0.226245 0.375664 0.225977 0.375073 0.223324
14 0.384633 0.217403 0.387109 0.226667 0.388385 0.224861 0.390156 0.221806 0.391458 0.218380 0.392292 0.214352 0.392474 0.213194 0.389945 0.214625 0.386482 0.216569
14 0.378307 0.211389 0.380599 0.211713 0.381208 0.214088 0.382654 0.218532
14 0.376846 0.211556 0.378091 0.213509 0.378911 0.214880 0.378052 0.214463 0.376177 0.212426 0.375396 0.211361
14 0.372229 0.208815 0.373664 0.206194 0.375440 0.209144 0.373201 0.209009
14 0.370859 0.202130 0.372880 0.205111 0.371719 0.206759 0.371120 0.203843
14 0.370833 0.225324 0.374193 0.225417 0.372945 0.220227 0.371099 0.211241 0.369320 0.211093 0.368940 0.211208 0.368914 0.216532 0.369852 0.218801 0.369643 0.219958 0.369305 0.220190 0.368437 0.218704 0.369323 0.221852
8 0.368023 0.197722 0.368023 0.199713 0.368049 0.201611 0.369148 0.199681
8 0.368180 0.194111 0.368128 0.196148 0.369865 0.198634 0.369971 0.198046
14 0.369174 0.208801 0.370414 0.208634 0.370755 0.208097 0.370104 0.203699 0.369253 0.206255
8 0.351690 0.195167 0.353943 0.212593 0.354427 0.215833 0.355734 0.222940 0.357271 0.229190 0.358911 0.233403 0.360943 0.238912 0.362112 0.238944 0.361073 0.232523 0.359453 0.228241 0.358333 0.223843 0.357609 0.219005 0.356651 0.216764 0.356120 0.213944 0.355786 0.212986 0.352766 0.192616
8 0.362813 0.233426 0.361893 0.227315 0.360266 0.228657 0.360687 0.231282 0.361073 0.232523 0.362112 0.238944
8 0.362391 0.231579 0.373177 0.231204 0.373490 0.231528 0.375729 0.232130 0.376010 0.233241 0.363414 0.234153 0.362813 0.233426
8 0.369576 0.293981 0.373615 0.274148 0.374979 0.265782 0.376268 0.257537 0.377031 0.252088 0.377474 0.246398 0.377630 0.240463 0.378646 0.244454 0.378594 0.249778 0.377737 0.256861 0.376383 0.265472 0.374315 0.277042 0.373091 0.281273
8 0.382690 0.339745 0.384294 0.337630 0.385409 0.337384 0.386107 0.337699 0.390557 0.349861 0.391964 0.353287
8 0.359591 0.290745 0.355674 0.297389 0.356698 0.298995 0.359622 0.293958
8 0.384932 0.263694 0.390807 0.270551 0.397232 0.277824 0.394091 0.278532 0.388125 0.271727 0.386714 0.268958 0.385333 0.264977
8 0.381076 0.263801 0.385685 0.268889 0.383930 0.264060 0.383154 0.261120 0.383154 0.261120
8 0.415177 0.369625 0.416117 0.369560 0.414935 0.373778 0.412669 0.376565 0.408589 0.378176
2 0.370029 0.301852 0.375479 0.301583 0.385021 0.301403 0.380333 0.284134 0.378776 0.285972 0.374073 0.290787 0.370688 0.294028
2 0.473378 0.366375 0.482716 0.374185 0.478685 0.377801 0.473203 0.370755 0.473203 0.370755 0.473099 0.369477 0.473448 0.367986
2 0.646474 0.613208 0.652242 0.617296 0.650589 0.631926 0.649901 0.632569 0.645544 0.621241
5 0.620203 0.553806 0.628232 0.540532 0.629958 0.536972 0.630612 0.536546 0.632057 0.538620 0.634813 0.545343 0.637208 0.551843 0.637172 0.553333 0.634591 0.557176 0.633359 0.559028 0.630060 0.563931 0.626130 0.569403 0.624135 0.564009
5 0.618646 0.556667 0.616331 0.561278 0.613523 0.564639 0.612443 0.565981 0.606503 0.566750 0.601753 0.568769 0.615253 0.582301 0.621516 0.583838 0.622974 0.577981 0.624755 0.572991 0.622005 0.565347
5 0.547549 0.503583 0.544557 0.503727 0.546844 0.507792 0.548299 0.509046 0.553492 0.510894 0.559893 0.513111 0.564552 0.514120 0.570656 0.518134 0.580089 0.522495 0.576354 0.514954 0.566078 0.510384 0.555865 0.505856 0.552263 0.505083 0.549346 0.505250 0.548021 0.505139
5 0.577380 0.515051 0.579255 0.515648 0.580458 0.515394 0.582862 0.516759 0.584354 0.517870 0.585987 0.522060 0.588536 0.519755 0.593536 0.528556 0.581516 0.523171 0.580937 0.521977
5 0.635089 0.557065 0.638826 0.566116 0.642289 0.573884 0.642849 0.572491 0.643820 0.571333 0.641867 0.566227 0.637349 0.556477
5 0.573844 0.490523 0.578109 0.502856 0.580010 0.507394 0.580693 0.509051 0.581161 0.510519 0.584354 0.517870 0.585987 0.522060 0.588536 0.519755 0.591331 0.517370 0.585677 0.506880 0.575253 0.486111
5 0.557326 0.470671 0.565518 0.480278 0.568279 0.472009 0.566948 0.469495 0.557432 0.458278 0.555862 0.463546 0.557260 0.468690
5 0.553565 0.457116 0.554451 0.455032 0.555102 0.455218 0.556820 0.457301 0.555258 0.462810 0.555128 0.461468 0.554841 0.459199 0.554086 0.457995
1 0.556820 0.457301 0.557471 0.457046 0.558464 0.457856 0.560154 0.459051 0.562245 0.460005 0.563240 0.462056 0.557432 0.458278 0.555862 0.463546 0.555258 0.462810
1 0.560003 0.441829 0.566148 0.416231 0.567391 0.412139 0.567948 0.412093 0.568073 0.413083 0.564753 0.426384 0.560964 0.443769
5 0.450125 0.384023 0.452500 0.385648 0.462240 0.394042 0.462419 0.392972 0.463232 0.392755 0.465432 0.392060 0.467060 0.391361 0.468234 0.390347 0.468620 0.389028 0.468633 0.387991 0.465474 0.383079 0.462781 0.379051 0.460732 0.376111 0.460227 0.375153 0.459227 0.376523 0.458867 0.378509 0.458852 0.380296 0.457906 0.379477 0.457422 0.379046 0.456242 0.378398 0.455036 0.378667 0.452536 0.380648
8 0.563128 0.521542 0.561120 0.527019 0.558927 0.526519 0.558786 0.526106 0.560654 0.521208 0.562542 0.521412 0.562542 0.521412
6 0.456430 0.324750 0.455609 0.326264 0.454789 0.328449 0.454128 0.329907 0.453464 0.329546 0.452073 0.330523 0.451872 0.329528 0.451078 0.329361 0.452292 0.327407 0.453516 0.325602 0.455604 0.324065
6 0.417214 0.314556 0.420971 0.318389 0.419536 0.322519 0.415526 0.318162 0.414682 0.315236
6 0.417781 0.308426 0.420271 0.311736 0.423440 0.311435 0.423961 0.310167 0.422573 0.308708 0.421445 0.309356 0.420039 0.307921 0.419518 0.305931
5 0.426979 0.316065 0.428286 0.319306 0.429784 0.321704 0.430440 0.319435 0.429167 0.316713 0.428255 0.314491
8 0.464609 0.287222 0.465680 0.291495 0.470612 0.296009 0.471542 0.296968 0.471542 0.298528 0.473495 0.302782 0.474372 0.301569 0.471349 0.293792 0.469060 0.291704
8 0.447039 0.297009 0.450628 0.305792 0.452286 0.305856 0.452979 0.306069 0.449367 0.298495
2 0.474094 0.322894 0.476839 0.319292 0.475336 0.315690 0.477167 0.313245 0.479419 0.317833 0.481310 0.326375 0.482120 0.331366 0.481284 0.331380 0.480435 0.326380 0.478932 0.323241 0.475661 0.328588
6 0.476773 0.326847 0.481284 0.332074 0.481284 0.334051 0.478370 0.333634 0.476786 0.331806 0.475661 0.328588
6 0.490622 0.337912 0.491469 0.338287 0.494211 0.343843 0.493495 0.349620 0.492734 0.349620
8 0.480599 0.362083 0.485302 0.371611 0.486320 0.370250 0.481471 0.360977
6 0.472495 0.376907 0.471422 0.381727 0.470180 0.380264 0.469500 0.379218 0.470573 0.374491
8 0.414362 0.361588 0.420016 0.356185 0.421544 0.350213 0.414049 0.358023
8 0.445930 0.358931 0.445930 0.360097 0.446221 0.361074 0.446888 0.361338 0.449104 0.357181 0.449724 0.356921 0.452786 0.357116 0.452714 0.356208 0.449396 0.354523 0.448740 0.354588 0.448154 0.355106
8 0.456240 0.354222 0.457214 0.353662 0.466581 0.353884 0.464721 0.357361 0.460115 0.357079 0.458919 0.357023 0.457750 0.357250 0.457404 0.357472 0.455893 0.360162 0.455026 0.360324 0.454914 0.358630 0.454643 0.357931 0.454372 0.357667 0.454714 0.357083 0.455703 0.356204 0.456042 0.355370
6 0.489443 0.353463 0.485919 0.332894 0.481865 0.312185 0.479208 0.301963 0.477805 0.293579 0.479023 0.292708 0.481534 0.292218 0.482023 0.292708 0.484846 0.309319 0.486417 0.317500 0.488820 0.329093 0.489690 0.332259 0.490536 0.337065 0.491508 0.343449 0.493240 0.351407 0.493000 0.353037
8 0.468620 0.389028 0.469089 0.392685 0.470130 0.396759 0.470990 0.398657 0.472292 0.400694 0.473490 0.402176 0.475313 0.403287 0.476849 0.403611 0.478229 0.403750 0.478438 0.404306 0.478281 0.405324 0.478021 0.406528 0.477500 0.408148 0.477969 0.409028 0.478932 0.407176 0.479245 0.405833 0.479349 0.404769 0.479219 0.403935 0.478854 0.403009 0.478411 0.402546 0.477370 0.402546 0.475443 0.402222 0.473932 0.400741 0.472188 0.398241 0.471016 0.395926 0.470339 0.393287 0.469687 0.390787 0.469557 0.389167 0.468633 0.387991
1 0.367375 0.301912 0.373091 0.281273 0.376997 0.267704 0.377974 0.268444 0.373440 0.283194 0.368419 0.301912
1 0.371104 0.291852 0.375036 0.287829 0.378839 0.284028 0.381964 0.280421 0.385401 0.276486 0.386260 0.276157 0.386339 0.276852 0.386339 0.277315 0.384672 0.279213 0.378776 0.285972 0.374073 0.290787 0.370688 0.294028 0.370794 0.293111
1 0.338492 0.212102 0.341406 0.215926 0.341536 0.216898 0.340813 0.216819 0.338643 0.214032 0.336474 0.211727 0.329167 0.203102 0.328906 0.202315 0.329245 0.201528 0.329714 0.201574 0.336383 0.209856
8 0.442620 0.214250 0.452680 0.217380 0.452630 0.219375 0.443094 0.216880
8 0.416979 0.198412 0.418167 0.196500 0.421331 0.205745 0.418844 0.205542
8 0.419260 0.284458 0.424065 0.290083 0.422370 0.290588 0.418187 0.285361
8 0.519609 0.347662 0.518391 0.342972 0.517169 0.344190 0.518927 0.351306
8 0.523419 0.351394 0.522443 0.343407 0.525026 0.342454 0.526398 0.349569
8 0.543281 0.446065 0.553698 0.449032 0.553943 0.452157 0.541831 0.447644
8 0.490701 0.467338 0.493471 0.471657 0.492737 0.474370 0.490307 0.469144
8 0.476570 0.455708 0.475786 0.459079 0.479448 0.460009 0.480232 0.459894 0.480435 0.458148 0.480167 0.456755
1 0.482062 0.432116 0.482128 0.433625 0.481737 0.436417 0.480755 0.439435 0.480435 0.441644 0.480305 0.443273 0.479971 0.444782 0.479253 0.446644 0.479971 0.449199 0.478734 0.450130 0.477289 0.450713 0.476570 0.455708 0.480167 0.456755 0.480435 0.458148 0.480232 0.459894 0.479448 0.460009 0.475786 0.459079 0.472771 0.478486 0.475701 0.482727 0.475701 0.482727 0.490299 0.451639 0.489844 0.446528 0.491674 0.444435 0.486901 0.437694 0.484154 0.443852 0.483500 0.442574 0.482586 0.441412 0.481604 0.441065 0.482258 0.438741 0.482854 0.436065 0.482911 0.433856 0.482979 0.431648
8 0.583750 0.601528 0.587271 0.611778 0.588565 0.610546 0.584286 0.598977
8 0.575398 0.579306 0.582417 0.598241 0.583102 0.595657 0.577214 0.580167
8 0.574003 0.637477 0.579758 0.610440 0.585503 0.584551 0.586544 0.585014 0.586987 0.585986 0.576320 0.637065 0.576109 0.637597
8 0.576536 0.647176 0.574714 0.642176 0.575833 0.641157 0.577865 0.645972 0.580130 0.650926 0.578734 0.652134
8 0.411102 0.363755 0.412982 0.363713 0.408036 0.351347 0.400182 0.333287 0.390690 0.311407 0.390247 0.311190 0.389440 0.311407 0.389036 0.312051 0.390086 0.314634 0.396904 0.330769
2 0.432792 0.255815 0.436883 0.257111 0.436466 0.255444 0.436492 0.252713 0.436073 0.252662 0.435581 0.252667
5 0.402802 0.313815 0.405417 0.317532 0.402893 0.321630
8 0.578185 0.627667 0.597953 0.610130 0.611812 0.598380 0.617854 0.592963 0.619940 0.592037 0.621164 0.592269 0.621763 0.592597 0.618857 0.594727 0.609810 0.603245 0.597206 0.614120 0.583576 0.626620 0.577461 0.631389
8 0.572758 0.632028 0.575771 0.629352 0.574867 0.633690 0.573451 0.634759
8 0.568844 0.627685 0.559443 0.604630 0.551268 0.585194 0.548443 0.580236 0.545096 0.576454 0.543039 0.574162 0.541854 0.572551 0.540703 0.570935 0.539729 0.569509 0.539833 0.568273 0.541042 0.568426 0.542690 0.569014 0.546281 0.573231 0.551685 0.581102 0.555206 0.587796 0.559250 0.598144 0.563747 0.609486 0.570286 0.626991
8 0.532078 0.589514 0.530990 0.575741 0.530685 0.561685 0.531083 0.551468 0.533279 0.552023 0.533021 0.558750 0.532943 0.563148 0.533203 0.566852 0.533487 0.581218 0.534568 0.595843
8 0.520526 0.383403 0.522849 0.385102 0.534198 0.425736 0.534112 0.426546 0.533451 0.427361 0.532661 0.427583 0.531911 0.424333 0.526630 0.404236
8 0.534349 0.483796 0.538672 0.492736 0.540932 0.497074 0.542378 0.498898 0.537602 0.486875 0.534750 0.479954 0.530729 0.471681 0.529885 0.473611 0.533109 0.479880
8 0.538320 0.495861 0.534589 0.488926 0.534589 0.488208 0.535193 0.487491 0.535839 0.486986 0.538672 0.492736 0.540932 0.497074 0.542378 0.498898 0.543354 0.501069 0.544289 0.502356 0.544557 0.503727 0.546844 0.507792 0.548143 0.510153 0.550924 0.512731 0.550643 0.514954 0.548383 0.513810 0.546247 0.509505 0.543141 0.503412 0.541307 0.499593
8 0.513854 0.367130 0.516687 0.359671 0.518273 0.354778 0.520047 0.345981 0.521542 0.336690 0.522427 0.331500 0.523445 0.324051 0.524286 0.315449 0.525141 0.306111 0.525742 0.299176 0.526703 0.299361 0.525247 0.315514 0.524128 0.324912 0.523193 0.332347 0.522461 0.337343 0.520901 0.346181 0.518938 0.355306 0.517570 0.360301 0.514471 0.368407
8 0.509271 0.376991 0.504234 0.388625 0.501471 0.395361 0.502083 0.396574 0.506948 0.385069 0.510224 0.377389
8 0.431589 0.360606 0.430599 0.361944 0.432422 0.361944 0.438125 0.354769 0.442005 0.349537 0.443984 0.346667 0.444661 0.344676 0.445964 0.338009 0.446719 0.334444 0.447760 0.331574 0.450104 0.327500 0.452734 0.323843 0.455990 0.320509 0.459115 0.317315 0.461198 0.316065 0.464401 0.314537 0.466406 0.313333 0.468464 0.312269 0.470078 0.311435 0.470339 0.310787 0.469896 0.309954 0.466120 0.311481 0.460964 0.313750 0.458490 0.315602 0.457005 0.316574 0.454844 0.318750 0.452344 0.322130 0.450208 0.325185 0.447266 0.330463 0.446901 0.331204 0.445495 0.335833 0.444948 0.338426 0.443932 0.342870 0.443516 0.344815 0.443021 0.345972 0.436927 0.354171 0.436146 0.355144 0.434896 0.356532 0.432917 0.358708
10 0.635904 0.620139 0.636932 0.620602 0.637497 0.620602 0.638224 0.618810 0.638708 0.617375 0.639555 0.617519 0.640000 0.618236 0.640201 0.620102 0.642219 0.621389 0.643388 0.622324 0.644870 0.626574 0.645081 0.629995 0.644034 0.632579 0.639688 0.633796 0.638547 0.632361 0.637901 0.632505 0.637378 0.632648 0.637216 0.632722 0.630641 0.636162
2 0.582914 0.581819 0.583669 0.592606 0.585503 0.584551 0.585362 0.582745
1 0.565604 0.689421 0.570474 0.689190 0.572766 0.689745 0.576125 0.691458 0.580135 0.695208 0.584406 0.700486 0.588313 0.707292 0.592125 0.715894 0.596794 0.728968 0.599898 0.740269 0.603461 0.756676 0.606263 0.774889 0.607419 0.784065 0.608385 0.797403 0.608927 0.807847 0.609146 0.833773 0.608120 0.847861 0.607266 0.853060 0.605128 0.861019 0.601578 0.868333 0.595995 0.877370 0.590344 0.885495 0.583622 0.893213 0.578255 0.898356 0.571302 0.901843 0.567708 0.901843 0.563648 0.901259 0.561221 0.899764 0.557953 0.895454 0.555107 0.887319 0.553240 0.879356 0.552961 0.874958 0.553099 0.872968 0.554034 0.874625 0.555479 0.882176 0.557346 0.889477 0.560615 0.896199 0.563833 0.899185 0.569622 0.899352 0.575315 0.897528 0.582503 0.892301 0.589177 0.884583 0.595617 0.875704 0.601031 0.866912 0.604391 0.859523 0.606422 0.852495 0.607083 0.847537 0.608060 0.833593 0.607826 0.807731 0.606203 0.784116 0.602297 0.756829 0.598625 0.740509 0.595599 0.729852 0.591419 0.717731 0.587227 0.708352 0.583396 0.701153 0.579419 0.696269 0.574938 0.692287 0.570456 0.690486 0.566190 0.690745
2 0.426187 0.334296 0.424000 0.331009 0.424599 0.329389 0.426682 0.325315 0.427776 0.323000 0.428349 0.322722 0.429208 0.323463 0.427047 0.331259
7 0.454385 0.253514 0.454672 0.256847 0.454568 0.259394 0.453839 0.261523 0.453109 0.262634 0.447823 0.261032 0.437383 0.257236 0.436883 0.257111 0.436466 0.255444 0.436492 0.252713
7 0.436768 0.250671 0.437812 0.247593 0.438750 0.245741 0.440000 0.243889 0.441068 0.242685 0.442760 0.241343 0.443906 0.241111 0.445729 0.241111 0.447109 0.241574 0.449427 0.243009 0.451719 0.245833 0.453828 0.250231 0.454193 0.251620 0.449617 0.251583
2 0.581786 0.572870 0.580336 0.554144 0.583279 0.557014 0.584570 0.573222
7 0.441258 0.269981 0.441224 0.262917 0.453359 0.266759 0.453359 0.281620 0.453568 0.287407 0.450859 0.288287 0.443557 0.288403 0.443401 0.287477 0.442672 0.286551 0.440979 0.285208 0.441023 0.284704 0.441023 0.284009 0.441284 0.273917
8 0.358781 0.302454 0.375479 0.301583 0.393120 0.301273 0.395039 0.300407 0.398174 0.300532 0.397305 0.302079 0.394932 0.302389 0.393539 0.303009 0.380953 0.303444 0.371680 0.303815 0.360070 0.304310
8 0.369576 0.293981 0.366797 0.297176 0.364740 0.299444 0.362865 0.301481 0.362906 0.301995 0.362865 0.302269 0.363698 0.302222 0.367448 0.298287 0.368802 0.296667
8 0.449284 0.234370 0.447109 0.241574 0.447891 0.242083 0.450156 0.234866 0.451201 0.231148 0.451271 0.229597 0.450539 0.229597
1 0.383565 0.219954 0.375964 0.207620 0.369865 0.198634 0.367424 0.195162 0.366831 0.195843 0.367388 0.197023 0.373664 0.206194 0.378091 0.213509 0.383076 0.221815
8 0.387109 0.226667 0.389401 0.229907 0.393500 0.236315 0.391742 0.235759 0.387526 0.228843
8 0.377536 0.172801 0.379099 0.167384 0.380010 0.163125 0.380687 0.156181 0.380896 0.150347 0.381052 0.145764 0.381052 0.144560 0.381156 0.144236 0.382094 0.144236 0.382016 0.148356 0.381755 0.154838 0.381365 0.160532 0.380583 0.165301 0.380167 0.167292 0.379255 0.170579
8 0.379557 0.193796 0.371656 0.201338 0.370904 0.200426 0.374156 0.196782 0.380182 0.191157 0.387083 0.184731 0.394193 0.178037 0.394253 0.179750 0.382344 0.190926
8 0.396042 0.176435 0.408620 0.164444 0.426427 0.148769 0.439885 0.136866 0.440651 0.137241 0.440896 0.138417 0.440477 0.138912 0.416456 0.159676 0.396237 0.178144
1 0.374719 0.205796 0.378990 0.201861 0.384224 0.197093 0.385813 0.195472 0.384115 0.194537 0.373807 0.204500
1 0.372880 0.205111 0.370414 0.208634 0.371352 0.208315 0.372229 0.208815 0.373664 0.206194
5 0.392214 0.297778 0.389841 0.284949 0.389630 0.281356 0.390154 0.280111 0.392036 0.279185 0.397232 0.277824 0.397802 0.278282 0.396513 0.282935 0.395013 0.286157 0.393862 0.288134 0.393794 0.290056 0.394539 0.291875
6 0.452073 0.330523 0.453464 0.329546 0.454523 0.329995 0.459245 0.327222 0.461021 0.329250 0.460047 0.331046 0.454010 0.336227 0.453367 0.335667 0.452948 0.334426 0.452479 0.332759 0.452341 0.330940
1 0.369792 0.200602 0.370104 0.203699 0.370755 0.208097 0.371719 0.206759 0.371120 0.203843 0.370859 0.202130
8 0.382552 0.258519 0.383154 0.261120 0.379719 0.265838 0.378484 0.264282
1 0.371099 0.211241 0.372945 0.220227 0.375315 0.229894 0.376667 0.230417 0.375073 0.223324 0.372263 0.210995
8 0.369865 0.198634 0.370286 0.196667 0.373333 0.188056 0.375078 0.181806 0.376380 0.178102 0.378333 0.175139 0.375469 0.184491 0.373932 0.189537 0.372552 0.193750 0.371068 0.197546 0.370677 0.199769
1 0.370167 0.185532 0.375688 0.175764 0.377536 0.172801 0.379255 0.170579 0.380505 0.169375 0.381000 0.169792 0.381234 0.170995 0.380766 0.171921 0.378333 0.175139 0.376380 0.178102 0.370448 0.187486 0.367578 0.192778 0.365078 0.196852 0.364089 0.198657 0.362766 0.201537 0.361568 0.204454 0.360292 0.203759 0.362297 0.199407 0.365630 0.192926 0.368495 0.188296
8 0.359818 0.203472 0.363854 0.190694 0.366435 0.181463 0.366896 0.180880 0.367023 0.179491 0.366581 0.178796 0.365982 0.178796 0.365437 0.180000 0.365201 0.181435 0.358667 0.203380 0.356120 0.213944 0.356651 0.216764 0.359503 0.205023
2 0.430232 0.304190 0.435518 0.301324 0.436570 0.297940 0.430641 0.299023 0.430820 0.299815 0.430820 0.302116
8 0.651672 0.611704 0.661839 0.620306 0.660953 0.622315 0.650622 0.613495
2 0.424935 0.307458 0.421445 0.309356 0.420039 0.307921 0.419518 0.305931 0.419310 0.302875 0.424284 0.300468 0.427737 0.299667 0.426935 0.302171
10 0.402161 0.268921 0.405716 0.262171 0.408331 0.257523 0.410422 0.255171 0.412167 0.254366 0.413107 0.254176 0.414154 0.255356 0.416245 0.260745 0.417359 0.264583 0.416872 0.266875 0.411818 0.276426 0.409133 0.281199 0.406310 0.286718 0.404672 0.289755 0.403763 0.290986 0.402682 0.291667 0.402656 0.283398
10 0.400068 0.272338 0.397802 0.278282 0.396513 0.282935 0.395013 0.286157 0.393862 0.288134 0.393794 0.290056 0.395641 0.294519 0.397385 0.296810 0.398221 0.296880 0.400591 0.294713 0.400495 0.280509
2 0.460312 0.445398 0.466589 0.445750 0.466523 0.452255 0.456977 0.451444
2 0.402893 0.321630 0.406279 0.316074 0.407737 0.315657 0.410602 0.319546 0.414599 0.324269 0.412854 0.323856 0.411057 0.324454 0.410380 0.324963 0.407776 0.327880 0.405172 0.331907 0.404599 0.334361 0.404677 0.338343 0.405589 0.345704 0.403047 0.339847 0.403065 0.331324
8 0.360451 0.207458 0.362091 0.207134 0.362951 0.207458 0.365815 0.210699 0.368263 0.215236 0.369852 0.218801 0.369643 0.219958 0.369305 0.220190 0.368437 0.218704 0.366745 0.215139 0.365424 0.212505 0.363133 0.209727 0.362456 0.209079 0.359956 0.209681
1 0.365779 0.183875 0.367680 0.189528 0.366977 0.190639 0.365336 0.185546
1 0.365201 0.181435 0.363698 0.176898 0.361641 0.170926 0.360729 0.168287 0.360234 0.168287 0.359896 0.169120 0.360234 0.170741 0.364635 0.183333
8 0.374380 0.211269 0.375031 0.212611 0.376099 0.214417 0.377661 0.216083 0.379172 0.216917 0.380109 0.216917 0.378911 0.214880 0.378052 0.214463 0.376177 0.212426 0.375396 0.211361
8 0.384164 0.215875 0.388383 0.213745 0.391560 0.212079 0.392497 0.211708 0.392474 0.213194 0.389945 0.214625 0.386482 0.216569 0.384633 0.217403
8 0.354427 0.215833 0.350339 0.205648 0.347943 0.199537 0.345531 0.194537 0.344776 0.193426 0.344776 0.192222 0.345010 0.191250 0.345635 0.190602 0.346339 0.191019 0.347068 0.192361 0.350245 0.200370 0.352042 0.206343 0.353943 0.212593
8 0.406758 0.369759 0.406784 0.367912 0.407458 0.368000 0.407435 0.369810 0.407721 0.378537 0.406953 0.377593
8 0.408180 0.316134 0.411164 0.314528 0.414628 0.312708 0.417039 0.311958 0.425182 0.311296 0.430177 0.310565 0.432526 0.311903 0.432104 0.313190 0.430156 0.312685 0.425596 0.313241 0.420052 0.313991 0.414266 0.315333 0.411555 0.316458 0.409174 0.317634
8 0.409427 0.311454 0.413677 0.293722 0.417263 0.278991 0.420206 0.265741 0.420974 0.262875 0.421620 0.260722 0.422424 0.260644 0.422706 0.261222 0.419714 0.272824 0.414477 0.295426 0.410323 0.313139
1 0.368201 0.191611 0.367578 0.192778 0.369971 0.198046 0.370286 0.196667
1 0.352169 0.190519 0.350495 0.182741 0.346768 0.167190 0.342935 0.151347 0.339313 0.136611 0.340250 0.135949 0.346565 0.162051 0.351284 0.182375 0.352812 0.188931
8 0.353464 0.190981 0.353917 0.192759 0.356885 0.210769 0.356120 0.213944 0.355786 0.212986 0.352766 0.192616
10 0.405589 0.345704 0.404677 0.338343 0.404599 0.334361 0.405172 0.331907 0.407776 0.327880 0.410380 0.324963 0.411057 0.324454 0.412854 0.323856 0.414599 0.324269 0.416656 0.326074 0.419286 0.330426 0.421005 0.334454 0.421969 0.338852 0.421526 0.341583 0.420563 0.344921 0.414052 0.351352 0.413784 0.344310 0.413435 0.344005 0.412878 0.344005 0.412388 0.344500 0.412542 0.353343 0.411083 0.354778 0.410250 0.354963 0.409521 0.354875 0.408036 0.351347
10 0.563578 0.662968 0.562745 0.660190 0.563448 0.657736 0.566964 0.653245 0.570427 0.650282 0.571313 0.653523 0.573786 0.652366 0.574984 0.650236 0.575115 0.648014 0.576536 0.647176 0.578734 0.652134 0.580130 0.650926 0.577865 0.645972 0.580036 0.643894 0.583865 0.641579 0.586677 0.641116 0.588005 0.641671 0.588422 0.642366 0.587797 0.643894 0.587797 0.646671 0.588109 0.650051 0.588396 0.652412 0.589151 0.654634 0.590401 0.656579 0.591182 0.657644 0.592016 0.658708 0.591914 0.663310 0.589445 0.667287 0.585305 0.671454 0.581974 0.673676 0.565740 0.658542
1 0.642104 0.639639 0.638701 0.634662 0.637565 0.634394 0.630227 0.637755 0.630641 0.636162 0.637216 0.632722 0.637378 0.632648 0.637901 0.632505 0.638547 0.632361 0.639688 0.633796 0.643466 0.639097 0.645885 0.637218 0.648609 0.635870 0.649365 0.638023 0.644297 0.640579 0.644828 0.641653 0.643542 0.641787 0.627958 0.650352 0.626477 0.649056
2 0.586133 0.590440 0.587021 0.606616 0.584286 0.598977
2 0.584682 0.604319 0.585229 0.613116 0.587271 0.611778
2 0.588417 0.541861 0.586391 0.548157 0.585091 0.547389 0.583789 0.551116 0.587370 0.554685 0.601753 0.568769 0.601935 0.564481 0.602813 0.554444 0.591773 0.544968
2 0.449115 0.342500 0.455755 0.346991 0.457109 0.348056 0.457474 0.348889 0.457448 0.349954 0.457214 0.351528 0.456042 0.355370 0.455703 0.356204 0.454714 0.357083 0.454219 0.356991 0.449271 0.353935 0.451031 0.352583 0.450417 0.350644 0.447448 0.352778 0.446719 0.352593
2 0.614047 0.599116 0.600602 0.636046 0.592130 0.628880 0.596000 0.625481 0.592654 0.618463 0.597206 0.614120 0.609810 0.603245
2 0.397232 0.277824 0.391945 0.266417 0.386891 0.255199 0.385669 0.252968 0.382219 0.248694 0.380260 0.246065 0.378664 0.240389 0.381068 0.242991 0.383927 0.245593 0.386404 0.245037 0.388599 0.243981 0.390378 0.243981 0.391807 0.244972 0.395013 0.249500 0.398698 0.254954 0.398047 0.257991 0.397385 0.261273 0.397523 0.266356 0.397698 0.269144 0.398396 0.272306 0.399302 0.274352 0.397802 0.278282
10 0.334245 0.241139 0.335919 0.243495 0.336734 0.245796 0.336734 0.249120 0.332695 0.261491 0.325310 0.249648 0.328505 0.238935 0.329529 0.237491 0.330495 0.237491 0.331984 0.238139
2 0.320008 0.240907 0.328234 0.212838 0.329378 0.211231 0.331216 0.210644 0.333326 0.210426 0.335466 0.210588 0.336474 0.211727 0.336458 0.221065 0.335365 0.221111 0.334818 0.221944 0.334922 0.222778 0.335964 0.223565 0.336484 0.224213 0.336565 0.229301 0.334474 0.226995 0.330234 0.222176 0.329297 0.222315 0.328932 0.223519 0.328990 0.224639 0.330135 0.225708 0.332305 0.227801 0.335721 0.231333 0.334516 0.234921 0.333521 0.235458 0.332648 0.236477 0.331984 0.238139 0.330495 0.237491 0.329529 0.237491 0.328505 0.238935 0.325310 0.249648
8 0.359503 0.205023 0.360336 0.205903 0.360719 0.206319 0.359513 0.211301 0.357674 0.218907 0.356651 0.216764
8 0.484682 0.354106 0.493000 0.353037 0.492359 0.358796 0.486268 0.355000
8 0.350805 0.230231 0.354581 0.217176 0.355440 0.221250 0.352185 0.233241
