0 0.406924 0.238644 0.400180 0.239708 0.394784 0.239977 0.392833 0.239176 0.390135 0.238644 0.387589 0.235713 0.385638 0.235977 0.379344 0.243708 0.373945 0.250102 0.369599 0.259963 0.367440 0.274833 0.367336 0.288560 0.368896 0.297514 0.375956 0.307079 0.381995 0.298898 0.379930 0.291620 0.379164 0.288745 0.378083 0.281389 0.381891 0.272833 0.383224 0.270250 0.385805 0.268838 0.391635 0.264866 0.393974 0.263880 0.397346 0.259296 0.402714 0.259699 0.396672 0.270037 0.395443 0.273819 0.392190 0.270435 0.389732 0.279204 0.387602 0.288347 0.386484 0.292917 0.385677 0.296065 0.384125 0.303880 0.383224 0.311264 0.382776 0.317819 0.391185 0.329759 0.396672 0.337542 0.402039 0.346681 0.402263 0.339727 0.403388 0.337329 0.405396 0.326375 0.405516 0.322991 0.403388 0.314435 0.401484 0.307079 0.402263 0.300898 0.403193 0.298532 0.404737 0.291144 0.406521 0.285759 0.408229 0.281778 0.410026 0.277546 0.412370 0.277824 0.414661 0.277778 0.419279 0.276815 0.420990 0.281574 0.421445 0.283093 0.421216 0.284412 0.422698 0.290282 0.426685 0.303245 0.425888 0.305778 0.422648 0.316435 0.421484 0.318056 0.420581 0.322120 0.422979 0.328880 0.426891 0.338444 0.431375 0.346389 0.438208 0.354356 0.444341 0.354676 0.444565 0.351106 0.446859 0.351236 0.446859 0.352968 0.448013 0.353662 0.449078 0.342310 0.449661 0.337991 0.451010 0.333356 0.452180 0.326481 0.452375 0.318380 0.451974 0.309889 0.451464 0.304671 0.450487 0.299074 0.449565 0.298190 0.444456 0.296565 0.442167 0.295481 0.439727 0.292500 0.436602 0.283551 0.434695 0.275417 0.432865 0.270264 0.432102 0.266741 0.430922 0.267051 0.431276 0.263796 0.433047 0.260463 0.435130 0.257546 0.436094 0.258009 0.438542 0.258056 0.440885 0.258796 0.444089 0.260139 0.445885 0.261019 0.447266 0.261667 0.448307 0.262685 0.453453 0.269181 0.456589 0.273657 0.458568 0.276991 0.459935 0.278940 0.463596 0.282060 0.467409 0.286398 0.470763 0.290736 0.471320 0.291819 0.470786 0.298597 0.469490 0.304023 0.471503 0.304255 0.475190 0.298231 0.476930 0.286880 0.476630 0.277926 0.477409 0.264681 0.474755 0.254074 0.468820 0.243708 0.460859 0.236537 0.451341 0.231370 0.445076 0.228199 0.443336 0.232463 0.439979 0.230491 0.439648 0.228093 0.442781 0.226306 0.445016 0.224120 0.449841 0.223106 0.455104 0.225319 0.458792 0.226894 0.460141 0.227292 0.459240 0.224921 0.457456 0.224120 0.454430 0.216736 0.454354 0.209065 0.452120 0.205491 0.447188 0.203894 0.443727 0.200722 0.440594 0.199125 0.435315 0.201310 0.432182 0.202907 0.430729 0.202106 0.428495 0.205491 0.427612 0.208477 0.425917 0.210875 0.425258 0.215032
14 0.559974 0.501296 0.560888 0.495329 0.562328 0.491449 0.563354 0.489426 0.565620 0.486741 0.566971 0.486551 0.568271 0.486074 0.572510 0.486343 0.574245 0.488194 0.576750 0.491398 0.578323 0.497255 0.578411 0.500787 0.578956 0.505773 0.577130 0.512546 0.575224 0.517699 0.571490 0.521222 0.566456 0.519731 0.563406 0.517019 0.561042 0.512139 0.560049 0.508074 0.559974 0.505634
14 0.556172 0.645185 0.561076 0.644634 0.570945 0.660102 0.578641 0.670954 0.586169 0.681514 0.589013 0.685676 0.588938 0.687370 0.590091 0.688787 0.591320 0.690463 0.591898 0.695088 0.587130 0.692634 0.579904 0.688667 0.575279 0.686213 0.570495 0.684398
8 0.473971 0.420056 0.474997 0.420056 0.475365 0.418241 0.476719 0.418704 0.476997 0.420245 0.485042 0.421301 0.491685 0.422648 0.495573 0.422824 0.501836 0.424088 0.508203 0.425602 0.508370 0.429944 0.507786 0.433009 0.501997 0.431384 0.493844 0.429079 0.488120 0.428694 0.480237 0.427157 0.477643 0.426005 0.473755 0.425815
8 0.527969 0.403005 0.530182 0.399810 0.531591 0.397227 0.532133 0.396370 0.533339 0.395620 0.534122 0.395301 0.535057 0.397176 0.535448 0.398463 0.535206 0.399639 0.534609 0.400324 0.534193 0.399810 0.533828 0.398653 0.533724 0.398375 0.532813 0.398606 0.531146 0.401014 0.528281 0.404856
8 0.502292 0.478333 0.499781 0.460486 0.498695 0.450972 0.497552 0.445324 0.498359 0.443241 0.499805 0.444032 0.500859 0.450648 0.502214 0.459398 0.503464 0.468593 0.504867 0.476653 0.505143 0.478287 0.503854 0.479259
8 0.484557 0.459861 0.476615 0.445000 0.477057 0.443333 0.477682 0.442639 0.478229 0.442639 0.484193 0.453148 0.489870 0.463241 0.489539 0.467157 0.489453 0.467731 0.487266 0.464259
8 0.522961 0.524958 0.525156 0.528287 0.525016 0.530435 0.523802 0.531347 0.522773 0.530269 0.520260 0.525648 0.521701 0.525292 0.522542 0.524546
8 0.572961 0.662824 0.573323 0.653440 0.573974 0.645343 0.574044 0.640074 0.575130 0.638917 0.575997 0.640718 0.575625 0.653056 0.575052 0.666019
8 0.446146 0.366759 0.443693 0.366750 0.440391 0.365736 0.437656 0.365231 0.431958 0.363611 0.430365 0.363611 0.428940 0.365838 0.429169 0.368269 0.431047 0.369181 0.435945 0.370292 0.442099 0.371708 0.445516 0.371912 0.446086 0.370093
14 0.449565 0.298190 0.444456 0.296565 0.442167 0.295481 0.439727 0.292500 0.436602 0.283551 0.434695 0.275417 0.432865 0.270264 0.432102 0.266741 0.430922 0.267051 0.431318 0.263769 0.432964 0.260606 0.435078 0.257685 0.436063 0.258028 0.437474 0.258009 0.438516 0.258194 0.440885 0.258796 0.444089 0.260139 0.445885 0.261019 0.447266 0.261667 0.448307 0.262685 0.453453 0.269181 0.456589 0.273657 0.458568 0.276991 0.459935 0.278940 0.463596 0.282060 0.467409 0.286398 0.470763 0.290736 0.471320 0.291819 0.470786 0.298597 0.469490 0.304023 0.471503 0.304255 0.474901 0.298801 0.476016 0.301097 0.476732 0.304227 0.476818 0.306981 0.475500 0.317727 0.469464 0.317727 0.464060 0.318079 0.462146 0.318023 0.461576 0.319843 0.461576 0.324708 0.456961 0.318528 0.453263 0.312968 0.451974 0.309889 0.451464 0.304671 0.450487 0.299074
6 0.537865 0.390602 0.539536 0.388037 0.541036 0.385815 0.545096 0.391370 0.549781 0.395704 0.551771 0.398935 0.553719 0.402032 0.556562 0.406134 0.556562 0.407620 0.553437 0.413102 0.552630 0.413333 0.549240 0.408921 0.548052 0.407000 0.547034 0.403190 0.544797 0.400199 0.538125 0.392500
8 0.621198 0.643750 0.621172 0.633838 0.621711 0.622412 0.622245 0.608505 0.622461 0.599093 0.622461 0.593431 0.622461 0.589208 0.623055 0.588343 0.624190 0.588532 0.624406 0.596407 0.624190 0.607255 0.623703 0.620792 0.623333 0.629815 0.622893 0.636824 0.622734 0.641620
8 0.622214 0.582269 0.621839 0.577944 0.621232 0.573630 0.621091 0.570477 0.622211 0.570310 0.623193 0.575370 0.623698 0.578704 0.623880 0.582361
8 0.639583 0.559917 0.640078 0.557222 0.644065 0.558764 0.651729 0.563903 0.660115 0.568917 0.666042 0.572769 0.670380 0.575213 0.668935 0.577398 0.661271 0.573412 0.651667 0.567778 0.643344 0.562875
10 0.530302 0.567032 0.533099 0.568426 0.533073 0.570417 0.536547 0.569083 0.537734 0.568102 0.535333 0.566440 0.535182 0.565278 0.533880 0.564398 0.533617 0.565690 0.529036 0.563287
10 0.590091 0.688787 0.593169 0.688954 0.596948 0.689032 0.600823 0.689032 0.598630 0.692269 0.595875 0.696833 0.591898 0.695088 0.591320 0.690463
10 0.608365 0.676699 0.605990 0.665815 0.604141 0.656759 0.603750 0.653889 0.608987 0.651819 0.611112 0.648486 0.615677 0.647500 0.617812 0.647361 0.618417 0.656394 0.617995 0.661296
10 0.464813 0.347866 0.468578 0.349102 0.472237 0.351644 0.474193 0.352083 0.474583 0.355139 0.477044 0.355347 0.479419 0.360815 0.478966 0.366083 0.470128 0.399745 0.468828 0.399102 0.460370 0.392806 0.459510 0.390199 0.457661 0.388810 0.455891 0.387796 0.453781 0.387426 0.450594 0.387694 0.443724 0.381644 0.443242 0.379713 0.445516 0.371912 0.446086 0.370093 0.446146 0.366759 0.448013 0.353662 0.449078 0.342310 0.449661 0.337991 0.450664 0.339065 0.456276 0.346389 0.462891 0.347222 0.463073 0.355148 0.458484 0.354185 0.454057 0.354185 0.452112 0.354477 0.452398 0.359102 0.453099 0.367731 0.453146 0.373208 0.452307 0.378185 0.453099 0.381588 0.456365 0.385569 0.459914 0.388389 0.464206 0.388056 0.468172 0.385898 0.469948 0.382333 0.471768 0.370634 0.472419 0.366153 0.472185 0.361097 0.465234 0.356032
8 0.535237 0.499537 0.537049 0.495315 0.541359 0.487648 0.544172 0.482431 0.546214 0.478843 0.549214 0.473954 0.549776 0.471843 0.553201 0.465648 0.555948 0.459602 0.558404 0.455750 0.560141 0.451630 0.562091 0.453306 0.563177 0.456384 0.559779 0.463324 0.554286 0.474120 0.553130 0.475023 0.549656 0.481454 0.545977 0.487407 0.543354 0.492514 0.540479 0.497625 0.538979 0.501181 0.538354 0.502069
10 0.512880 0.410593 0.510276 0.408412 0.510422 0.403912 0.511794 0.402755 0.513023 0.396329 0.514542 0.392731 0.517940 0.389134 0.519870 0.388241 0.523940 0.388102 0.526542 0.390417 0.527339 0.394787 0.529289 0.394403 0.530086 0.395431 0.529245 0.399074 0.527917 0.401986 0.528422 0.405713 0.527266 0.410338 0.523216 0.414838 0.518518 0.417148 0.515409 0.415866 0.514180 0.412907
2 0.519870 0.388241 0.512487 0.382338 0.508359 0.378963 0.507305 0.377144 0.507938 0.375269 0.509234 0.375157 0.515109 0.378907 0.517008 0.376981 0.521617 0.380194 0.523635 0.378588 0.532495 0.385606 0.538250 0.389944 0.537865 0.390602 0.538125 0.392500 0.544797 0.400199 0.547034 0.403190 0.548052 0.407000 0.548495 0.409870 0.548284 0.412014 0.547049 0.412977 0.540057 0.405532 0.539396 0.407407 0.539214 0.410032 0.537917 0.410602 0.535914 0.407153 0.533128 0.403389 0.532466 0.402426 0.534333 0.400708 0.535206 0.399639 0.535448 0.398463 0.535057 0.397176 0.534122 0.395301 0.533339 0.395620 0.532133 0.396370 0.531591 0.397227 0.530086 0.395431 0.529289 0.394403 0.527339 0.394787 0.526542 0.390417 0.523940 0.388102
2 0.539984 0.537370 0.537849 0.543824 0.536839 0.548917 0.536557 0.555657 0.537505 0.558495 0.539922 0.560694 0.543315 0.561157 0.543229 0.563611 0.543073 0.565741 0.543646 0.565602 0.547536 0.563815 0.549271 0.562787 0.551367 0.562014 0.551945 0.565481 0.553982 0.565269 0.556120 0.562829 0.557531 0.559389 0.558339 0.555301 0.558339 0.553148 0.556854 0.550565 0.556117 0.548116 0.555919 0.542866 0.556117 0.537528 0.553539 0.536227 0.551357 0.541593 0.549323 0.541806 0.545229 0.538194 0.544438 0.534796
2 0.500859 0.450648 0.499805 0.444032 0.500469 0.443449 0.501901 0.443472 0.503229 0.445324 0.505286 0.447269 0.506641 0.447500 0.507552 0.446435 0.507734 0.444954 0.508534 0.443875 0.509659 0.441875 0.510471 0.440208 0.511969 0.437769 0.512344 0.432880 0.512469 0.431324 0.512781 0.431324 0.512781 0.436546 0.512469 0.442097 0.512318 0.448333 0.511693 0.448889 0.511695 0.451713 0.511844 0.456648 0.511927 0.460509 0.510312 0.460370 0.507917 0.460231 0.506719 0.460324 0.503828 0.459861 0.502266 0.459676
2 0.462891 0.347222 0.461880 0.331662 0.461576 0.324708 0.461576 0.319843 0.462146 0.318023 0.464076 0.318120 0.469464 0.317727 0.475500 0.317727 0.482695 0.317727 0.489393 0.316824 0.493698 0.316204 0.495911 0.315940 0.501242 0.314903 0.507109 0.314394 0.509615 0.314093 0.509820 0.324796 0.510057 0.330750 0.510151 0.341574 0.510729 0.348519 0.511068 0.357037 0.510833 0.361620 0.511250 0.366204 0.511250 0.371481 0.510669 0.372722 0.509471 0.372218 0.509188 0.367153 0.508904 0.358750 0.508750 0.354042 0.503086 0.354130 0.498404 0.353940 0.492703 0.353685 0.485555 0.354144 0.480279 0.354819 0.477044 0.355347 0.474583 0.355139 0.474193 0.352083 0.479727 0.351569 0.483172 0.351032 0.484479 0.350093 0.486901 0.350093 0.493258 0.350074 0.495935 0.350102 0.498661 0.350282 0.503508 0.350130 0.508401 0.350352 0.508104 0.343023 0.502701 0.342565 0.496164 0.342778 0.495477 0.341968 0.491169 0.341352 0.494747 0.340602 0.499214 0.340755 0.503042 0.340671 0.508229 0.340755 0.508174 0.328907 0.508174 0.326069 0.507826 0.317343 0.502078 0.318102 0.499870 0.319120 0.497526 0.319444 0.489484 0.320523 0.480081 0.321352 0.472208 0.321958 0.465938 0.322639 0.464081 0.323713 0.464331 0.337481 0.464813 0.347866 0.465648 0.362431 0.465648 0.372593 0.463695 0.372903
10 0.414107 0.364542 0.416687 0.349176 0.419023 0.335722 0.419859 0.334551 0.420279 0.336278 0.415469 0.366338
10 0.409122 0.357227 0.411214 0.341060 0.413026 0.338449 0.410518 0.358903
10 0.421120 0.200972 0.422682 0.202958 0.423440 0.204398 0.422737 0.205167 0.421484 0.205926 0.420703 0.201944
10 0.375130 0.223241 0.378307 0.223843 0.380320 0.224662 0.380937 0.227130 0.380461 0.230389 0.378826 0.236611 0.378172 0.234287 0.378641 0.230389 0.379154 0.227481 0.376307 0.225741 0.375279 0.225324
10 0.332758 0.217250 0.333990 0.215583 0.335224 0.214903 0.338203 0.215208 0.340031 0.218537 0.343411 0.225787 0.343854 0.230926 0.342526 0.233472 0.339573 0.233255 0.337802 0.233995 0.335753 0.236329 0.333357 0.241796 0.327495 0.233014 0.329966 0.229250 0.333935 0.222347 0.334375 0.220370
10 0.342526 0.233472 0.344305 0.235093 0.346005 0.237815 0.346687 0.241296 0.347198 0.245005 0.346773 0.247574 0.347622 0.247347 0.348359 0.245741 0.349714 0.245926 0.349974 0.247407 0.348346 0.248481 0.347581 0.250449 0.344135 0.254306 0.342901 0.256653 0.340305 0.252569 0.333357 0.241796 0.335753 0.236329 0.337802 0.233995 0.339573 0.233255
10 0.379164 0.288745 0.380104 0.288981 0.382917 0.292546 0.385078 0.293134 0.386484 0.292917 0.385677 0.296065 0.382943 0.296204 0.381378 0.293514 0.379930 0.291620
2 0.554008 0.638046 0.559086 0.634778 0.560049 0.636644 0.560487 0.639912 0.560573 0.641315 0.560398 0.642403 0.559172 0.643181 0.558122 0.643023 0.556984 0.641935 0.555846 0.641315 0.554971 0.641157
10 0.473974 0.350644 0.475117 0.344134 0.474966 0.338699 0.475497 0.337083 0.478779 0.337083 0.483828 0.338843 0.488310 0.341019 0.495477 0.341968 0.496164 0.342778 0.500891 0.343319 0.506458 0.344676 0.503638 0.346306 0.499214 0.345083 0.496164 0.344542 0.495935 0.349014 0.495935 0.350102 0.493258 0.350074 0.493357 0.348148 0.495089 0.348324 0.495250 0.344648 0.494997 0.344079 0.494516 0.344704 0.494555 0.346736 0.493982 0.347361 0.492802 0.345667 0.491948 0.344866 0.489591 0.344759 0.488674 0.346222 0.487654 0.346005 0.487815 0.343171 0.487594 0.342616 0.486990 0.342727 0.487112 0.347417 0.486901 0.350093 0.484479 0.350093 0.484505 0.348565 0.485833 0.348426 0.486068 0.342671 0.485016 0.341259 0.480807 0.339907 0.478516 0.339769 0.477188 0.339907 0.477008 0.345421 0.476245 0.350847
10 0.445896 0.412241 0.448932 0.409028 0.451823 0.407870 0.454424 0.413653 0.458328 0.419435 0.459484 0.421491 0.459630 0.425347 0.456810 0.428819
2 0.491302 0.432731 0.494443 0.432079 0.498437 0.431361 0.500372 0.430935 0.501997 0.431384 0.501945 0.433440 0.501302 0.435088 0.499607 0.435088 0.499406 0.436102 0.494281 0.436523 0.492628 0.436880
2 0.490495 0.432963 0.487789 0.433653 0.485086 0.433727 0.482867 0.434370 0.482747 0.435088 0.484482 0.435449 0.485570 0.435806 0.485812 0.436667 0.489604 0.436667 0.490964 0.439630 0.491742 0.439250 0.491745 0.437454
10 0.438625 0.373745 0.439573 0.401699 0.437133 0.399532 0.437005 0.373750
2 0.568276 0.626532 0.574227 0.622329 0.575539 0.623574 0.576854 0.626690 0.576940 0.628556 0.576766 0.630111 0.570289 0.634625 0.569326 0.633847 0.569240 0.631824 0.569240 0.629176
2 0.517589 0.438944 0.518854 0.438009 0.520651 0.435278 0.522190 0.431634 0.523026 0.430023 0.522992 0.427296 0.522154 0.424815 0.521388 0.424194 0.520411 0.425806 0.519260 0.426491 0.518354 0.428472 0.517831 0.429838 0.517622 0.434296 0.517656 0.436718 0.516612 0.437398 0.516612 0.439134
2 0.532039 0.451435 0.531497 0.447694 0.531445 0.441551 0.532904 0.438764 0.534956 0.438190 0.538086 0.438667 0.538573 0.437324 0.540026 0.430287 0.540026 0.424315 0.539328 0.420657 0.537367 0.417259 0.537125 0.416759 0.535755 0.415787 0.534523 0.414690 0.532281 0.414852 0.530320 0.415185 0.528594 0.418509 0.526633 0.423644 0.525651 0.428213 0.524107 0.433963 0.523232 0.438681 0.525430 0.438370 0.527763 0.438681 0.529479 0.440648 0.529714 0.448565
2 0.313203 0.210880 0.317083 0.202037 0.320526 0.194898 0.323878 0.197880 0.328112 0.207444 0.332083 0.215759 0.334375 0.220370 0.333935 0.222347 0.329966 0.229250 0.327495 0.233014
2 0.507734 0.444954 0.503240 0.442208 0.501563 0.440880 0.498958 0.439676 0.498333 0.439306 0.498146 0.440227 0.498810 0.441083 0.498930 0.442532 0.499805 0.444032 0.500469 0.443449 0.501901 0.443472 0.503229 0.445324 0.505286 0.447269 0.506641 0.447500 0.507552 0.446435
2 0.511693 0.448889 0.512318 0.448333 0.514164 0.449417 0.515729 0.450509 0.517133 0.451546 0.517841 0.452088 0.517839 0.450602 0.518836 0.450699 0.518776 0.452250 0.519198 0.452838 0.519047 0.454125 0.517901 0.455787 0.516250 0.455370 0.513865 0.453481 0.512568 0.452625 0.511695 0.451713
2 0.549719 0.516199 0.548490 0.507713 0.548089 0.505546 0.547839 0.500259 0.547117 0.494736 0.546458 0.491065 0.546466 0.489208 0.547549 0.487921 0.549214 0.488051 0.550805 0.487282 0.553117 0.486769 0.554057 0.486894 0.554714 0.491019 0.555576 0.496921 0.556042 0.500231 0.553828 0.504259 0.552682 0.507329 0.553698 0.508287 0.554557 0.505741 0.555503 0.502958 0.556227 0.502060 0.557310 0.508486 0.558031 0.516454 0.557318 0.516713 0.555641 0.519782 0.554187 0.522366 0.553398 0.522685 0.551193 0.520144 0.549885 0.518153
10 0.521401 0.465741 0.523992 0.465167 0.527016 0.463148 0.530148 0.460750 0.532266 0.458333 0.532523 0.454991 0.532307 0.452301 0.532039 0.451435 0.529714 0.448565 0.527826 0.448079 0.527190 0.448199 0.524768 0.454509 0.524849 0.456014 0.522995 0.461537
10 0.526380 0.447963 0.524479 0.447981 0.522482 0.448653 0.520104 0.450861 0.519198 0.452838 0.519047 0.454125 0.517901 0.455787 0.517794 0.460171 0.519435 0.456375 0.520633 0.457718 0.520581 0.459569 0.519133 0.462861 0.519901 0.464620 0.521432 0.460315 0.523047 0.455870 0.523854 0.453861 0.524365 0.453861 0.525698 0.449917
2 0.477005 0.458991 0.477995 0.456111 0.480505 0.458880 0.482755 0.460324 0.483878 0.462435 0.485503 0.465546 0.488315 0.471880 0.486815 0.474097
2 0.503245 0.497644 0.503083 0.495528 0.506146 0.495648 0.507026 0.494954 0.510266 0.495435 0.512372 0.496778 0.513182 0.498407 0.513393 0.500722 0.514531 0.510315 0.514424 0.512907 0.514964 0.516940 0.515125 0.522218 0.511185 0.512139 0.510159 0.508583 0.507349 0.503880
2 0.525469 0.500463 0.529792 0.498380 0.531734 0.496583 0.532529 0.486944 0.532745 0.484250 0.531953 0.482176 0.528047 0.484630 0.523776 0.485648 0.521034 0.486431 0.521685 0.490676 0.522841 0.491315 0.522914 0.492602 0.521323 0.492986 0.521107 0.495685 0.520240 0.497486 0.523203 0.498255 0.524432 0.499671
8 0.509922 0.327731 0.513802 0.330676 0.516482 0.332792 0.517206 0.335213 0.516526 0.336653 0.512823 0.333324 0.510057 0.330750
8 0.499870 0.319120 0.504698 0.323134 0.508174 0.326069 0.508174 0.328907 0.502307 0.324046 0.497526 0.319444
8 0.532042 0.401986 0.535914 0.407153 0.537917 0.410602 0.537852 0.414181 0.537125 0.416759 0.535755 0.415787 0.535794 0.414394 0.537031 0.412407 0.536484 0.411111 0.534542 0.408870 0.532326 0.405787 0.530992 0.404282 0.531068 0.402222 0.531638 0.401773
2 0.532214 0.490417 0.535281 0.484727 0.538091 0.480176 0.539716 0.476731 0.541529 0.474176 0.543591 0.471843 0.545654 0.468736 0.546464 0.467514 0.547214 0.467292 0.549776 0.471843 0.549214 0.473954 0.546214 0.478843 0.541966 0.481509 0.539154 0.486171 0.535969 0.491394 0.534036 0.491065
2 0.605208 0.607157 0.606583 0.604046 0.607396 0.600935 0.609018 0.597824 0.609893 0.594273 0.610893 0.592940 0.610643 0.590606 0.612081 0.590051 0.613049 0.586551 0.613938 0.584319 0.614073 0.582241 0.614823 0.579421 0.615805 0.580333 0.616086 0.581074 0.616875 0.580556 0.618307 0.581528 0.618042 0.583653 0.618490 0.583935 0.620047 0.583319 0.620141 0.584898 0.619771 0.586139 0.620891 0.588708 0.620609 0.591116 0.619958 0.593028 0.620609 0.595347 0.621029 0.597005 0.621135 0.599745 0.620328 0.600181 0.619203 0.599324 0.618961 0.596958 0.618273 0.596880 0.617586 0.598815 0.619242 0.599745 0.619729 0.601111 0.619523 0.601759 0.617505 0.600824 0.617141 0.600681 0.616904 0.601403 0.619042 0.602690 0.618760 0.604199 0.617630 0.606421 0.616698 0.609787 0.615331 0.612708 0.614156 0.615653 0.613148 0.615440 0.611130 0.614009 0.610206 0.613287 0.609839 0.612000 0.608984 0.610648 0.608469 0.611778 0.606289 0.610421 0.605763 0.609199
2 0.533880 0.577963 0.541607 0.580648 0.550500 0.584759 0.556789 0.587204 0.560021 0.588495 0.561339 0.589551 0.559760 0.593148 0.558370 0.595171 0.557927 0.596741 0.560201 0.599213 0.562539 0.600449 0.564562 0.601236 0.566646 0.601458 0.568794 0.601347 0.569552 0.600222 0.569237 0.596519 0.568922 0.593486 0.568542 0.590787 0.568289 0.587194 0.567784 0.583935 0.566456 0.582926 0.564245 0.582477 0.562414 0.583148 0.561654 0.584722 0.552083 0.581421 0.545013 0.577963 0.539021 0.575278 0.535557 0.573926 0.533073 0.575463
6 0.402263 0.339727 0.406732 0.333620 0.407784 0.336106 0.402094 0.344977
8 0.476875 0.302824 0.482531 0.306218 0.489505 0.311620 0.495911 0.315940 0.493698 0.316204 0.486745 0.311620 0.482005 0.307977 0.476732 0.304227
8 0.403672 0.349167 0.409073 0.341306 0.413229 0.333935 0.418490 0.325370 0.419836 0.328130 0.414102 0.336912 0.408984 0.344440 0.404922 0.350972
8 0.571719 0.588843 0.573297 0.588931 0.576609 0.590093 0.580857 0.591833 0.583943 0.592829 0.584544 0.593907 0.584544 0.594736 0.583521 0.594986 0.578482 0.592995 0.574977 0.591421 0.571620 0.589926
6 0.531484 0.571157 0.536547 0.569083 0.539479 0.567315 0.543646 0.565602 0.547536 0.563815 0.549271 0.562787 0.551367 0.562014 0.551945 0.565481 0.544284 0.568954 0.536982 0.572167 0.534596 0.572940 0.532292 0.574352
8 0.562560 0.567315 0.560622 0.563759 0.561872 0.561870 0.563872 0.565981 0.564747 0.569315 0.564922 0.573102 0.564609 0.578519 0.562943 0.578519 0.562935 0.571866 0.562872 0.569755
6 0.623974 0.497338 0.615612 0.486333 0.606326 0.473542 0.597461 0.461051 0.590016 0.451981 0.585331 0.445440 0.581151 0.440532 0.579310 0.439046 0.578177 0.439815 0.577703 0.441870 0.577839 0.442792 0.579945 0.444787 0.579661 0.447361 0.586016 0.456481 0.592214 0.464630 0.601115 0.475060 0.606727 0.482644 0.612383 0.489824 0.613529 0.491148 0.613469 0.492014 0.617685 0.497306 0.622000 0.502583 0.622654 0.501903
6 0.546458 0.491065 0.543344 0.503653 0.540958 0.513162 0.538065 0.511750 0.540380 0.503653 0.543055 0.494657
10 0.566849 0.466528 0.568193 0.464069 0.570945 0.462343 0.573214 0.461190 0.575698 0.461093 0.578831 0.464454 0.580125 0.469829 0.580828 0.474917 0.580396 0.480681 0.579099 0.484806 0.576667 0.487037 0.574240 0.487495 0.572510 0.486343 0.569919 0.485000 0.568227 0.482417 0.569789 0.479644 0.571539 0.476088 0.569727 0.473088 0.570539 0.469644 0.570039 0.468199 0.570039 0.468199
10 0.620047 0.583319 0.622214 0.582269 0.623880 0.582361 0.624818 0.584074 0.624740 0.586065 0.624190 0.588532 0.623055 0.588343 0.622461 0.589208 0.620891 0.588708 0.619771 0.586139 0.620141 0.584898
10 0.504768 0.484931 0.505255 0.480995 0.505904 0.478787 0.507091 0.476292 0.508818 0.474083 0.510276 0.473509 0.511195 0.475333 0.513193 0.475333 0.515135 0.476481 0.515622 0.477250 0.516161 0.481667 0.516271 0.484162 0.515568 0.489060 0.514677 0.492236 0.513182 0.494972 0.511271 0.494644 0.507708 0.494352 0.506510 0.494537 0.505729 0.493241 0.504661 0.491759 0.503646 0.489861
10 0.505672 0.460194 0.508534 0.466782 0.509437 0.468125 0.510312 0.467051 0.510794 0.466569 0.512271 0.466731 0.513055 0.467532 0.513385 0.468500 0.513294 0.470106 0.513656 0.471125 0.514646 0.471333 0.515604 0.472069 0.516154 0.472019 0.517589 0.472509 0.518234 0.473083 0.518919 0.472796 0.521581 0.474125 0.521974 0.475731 0.522245 0.478889 0.522635 0.479481 0.523328 0.479856 0.523180 0.478356 0.523721 0.477981 0.523992 0.478569 0.523992 0.480014 0.523901 0.481245 0.522516 0.482532 0.522516 0.486069 0.521034 0.486431 0.521685 0.490676 0.522841 0.491315 0.522914 0.492602 0.521323 0.492986 0.521107 0.495685 0.520240 0.497486 0.523203 0.498255 0.524432 0.499671 0.525469 0.500463 0.524635 0.500671 0.523068 0.499991 0.520034 0.500051 0.517977 0.501417 0.516458 0.503981 0.516471 0.501972 0.513932 0.500231 0.513393 0.500722 0.513182 0.498407 0.512372 0.496778 0.510266 0.495435 0.507026 0.494954 0.506146 0.495648 0.506510 0.494537 0.507708 0.494352 0.511271 0.494644 0.513182 0.494972 0.514677 0.492236 0.515568 0.489060 0.516271 0.484162 0.516161 0.481667 0.515622 0.477250 0.515135 0.476481 0.513193 0.475333 0.511195 0.475333 0.510276 0.473509 0.508818 0.474083 0.507091 0.476292 0.505904 0.478787 0.505255 0.480995 0.504768 0.484931 0.503646 0.489861 0.502318 0.487870 0.499870 0.484074 0.500026 0.477639 0.500568 0.478111 0.500880 0.476889 0.499948 0.475000 0.500313 0.473384 0.500367 0.463972 0.502292 0.478333 0.503854 0.479259 0.505143 0.478287 0.504867 0.476653 0.503464 0.468593 0.502214 0.459398
2 0.578070 0.509194 0.580661 0.514231 0.583070 0.518676 0.586055 0.523713 0.586596 0.524782 0.587802 0.524088 0.588104 0.521782 0.585964 0.517713 0.583945 0.514069 0.581323 0.508981 0.579878 0.506569 0.579034 0.505657 0.578802 0.506435
10 0.534036 0.491065 0.531974 0.493167 0.532214 0.493935 0.533263 0.495176 0.535234 0.497639 0.537057 0.494954 0.541359 0.487648 0.543388 0.483773 0.542945 0.482412 0.541966 0.481509 0.539154 0.486171 0.535969 0.491394
10 0.520693 0.525375 0.519474 0.525065 0.517729 0.524199 0.516615 0.522398 0.515674 0.520046 0.514964 0.516940 0.514424 0.512907 0.514531 0.510315 0.516042 0.505880 0.516458 0.503981 0.517977 0.501417 0.520034 0.500051 0.523068 0.499991 0.524635 0.500671 0.525469 0.500463 0.529792 0.498380 0.531917 0.497648 0.534182 0.498329 0.535646 0.501056 0.537807 0.502296 0.539945 0.505190 0.538065 0.511750 0.540958 0.513162 0.543344 0.503653 0.543654 0.502306 0.545102 0.502306 0.547247 0.503722 0.548089 0.505546 0.548789 0.513843 0.548974 0.518324 0.548555 0.521894 0.548138 0.525870 0.547154 0.525870 0.546547 0.526125 0.545568 0.527778 0.543747 0.528699 0.541133 0.528282 0.539831 0.527116 0.538034 0.523894 0.531711 0.521625 0.531151 0.521875 0.525247 0.522653 0.522542 0.524546 0.521701 0.525292
1 0.538203 0.502315 0.538979 0.501181 0.540479 0.497625 0.543354 0.492514 0.545977 0.487407 0.549656 0.481454 0.553130 0.475023 0.554057 0.475134 0.554245 0.476130 0.552135 0.479769 0.548281 0.486019 0.545049 0.491398 0.542063 0.496375 0.539076 0.503097
1 0.531151 0.521875 0.531711 0.521625 0.534115 0.523856 0.536034 0.525343 0.536745 0.526435 0.536276 0.529722 0.535648 0.532782 0.534917 0.532782 0.535182 0.530231 0.535997 0.526954 0.535615 0.526398 0.533438 0.524722 0.531885 0.523361
10 0.553117 0.486769 0.553169 0.484750 0.555169 0.479310 0.558104 0.472199 0.559854 0.467421 0.562542 0.467310 0.565227 0.460537 0.567977 0.460093 0.568789 0.461537 0.566849 0.466528 0.570039 0.468199 0.570539 0.469644 0.569727 0.473088 0.571539 0.476088 0.569789 0.479644 0.568227 0.482417 0.567620 0.484819 0.568271 0.486074 0.566971 0.486551 0.565620 0.486741 0.563354 0.489426 0.562328 0.491449 0.560711 0.490681 0.558599 0.495380 0.556604 0.500093 0.556328 0.501759 0.555503 0.502958 0.554557 0.505926 0.553698 0.508241 0.552682 0.507329 0.553828 0.504259 0.556042 0.500231 0.556875 0.497014 0.559036 0.491347 0.557305 0.491162 0.555469 0.495282 0.555255 0.494324 0.555737 0.491736 0.554714 0.491019 0.554057 0.486894
10 0.545229 0.538194 0.549323 0.541806 0.551357 0.541593 0.554125 0.534681 0.554784 0.533509 0.554917 0.531750 0.553995 0.529171 0.551885 0.525542 0.549711 0.524486 0.548458 0.524722 0.548138 0.525870 0.546349 0.527769 0.544768 0.531634 0.544438 0.534796
2 0.566042 0.532546 0.572857 0.545505 0.576151 0.552537 0.577865 0.552065 0.577997 0.550310 0.575690 0.546208 0.570549 0.536366 0.569297 0.534352 0.567708 0.532222
10 0.517682 0.470787 0.518359 0.468704 0.519901 0.464620 0.521432 0.460315 0.523047 0.455870 0.523854 0.453861 0.524365 0.453861 0.525698 0.449917 0.526987 0.446546 0.527552 0.446120 0.527190 0.448199 0.524768 0.454509 0.524849 0.456014 0.522995 0.461537 0.520372 0.468347 0.518919 0.472796 0.518234 0.473083 0.517589 0.472509
1 0.594094 0.466861 0.593672 0.467611 0.593906 0.468704 0.599635 0.475139 0.603385 0.479722 0.607440 0.484620 0.611362 0.489931 0.613469 0.492014 0.613529 0.491148 0.612383 0.489824 0.606727 0.482644 0.601115 0.475060
10 0.541047 0.471389 0.544922 0.467056 0.548544 0.463171 0.552482 0.459060 0.554044 0.457171 0.555729 0.454727 0.558292 0.450394 0.559292 0.449843 0.559667 0.450838 0.559104 0.452616 0.556302 0.456713 0.553794 0.459727 0.549107 0.464060 0.546464 0.467514 0.545654 0.468736 0.541297 0.472500
2 0.561784 0.524181 0.559279 0.519495 0.558753 0.517153 0.559609 0.515745 0.561190 0.518556 0.562760 0.522407
10 0.560253 0.548380 0.562419 0.552931 0.562466 0.555644 0.561188 0.556782 0.559859 0.555644 0.556854 0.550565 0.556117 0.548116 0.555919 0.542866 0.556117 0.537528 0.556953 0.534898 0.556805 0.530435 0.556411 0.525361 0.553995 0.529171 0.551885 0.525542 0.553398 0.522685 0.554187 0.522366 0.555641 0.519782 0.557318 0.516713 0.558031 0.516454 0.558753 0.517153 0.559609 0.515745 0.561190 0.518556 0.562896 0.516074 0.563406 0.517019 0.566456 0.519731 0.569792 0.526190 0.571323 0.529699 0.572549 0.534324 0.573698 0.537981 0.573346 0.539222 0.572583 0.540213 0.570549 0.536366 0.569297 0.534352 0.567695 0.532264 0.565771 0.532588 0.564776 0.536440 0.563901 0.539546 0.562604 0.541366 0.560799 0.540565 0.559823 0.542866 0.559771 0.546796
10 0.619089 0.509398 0.618438 0.506713 0.615177 0.503463 0.605557 0.491565 0.597448 0.482037 0.592193 0.475644 0.590633 0.476199 0.590070 0.478866 0.587695 0.479644 0.586633 0.483306 0.586133 0.487083 0.585070 0.488417 0.583445 0.494639 0.582198 0.499856 0.581885 0.501523 0.580698 0.502079 0.578776 0.499769 0.578385 0.500745 0.579135 0.502745 0.580073 0.503856 0.582073 0.503968 0.583320 0.506190 0.585195 0.510963 0.594755 0.521185 0.603565 0.530625 0.604628 0.529403 0.607187 0.532181 0.608958 0.531296 0.612250 0.525847 0.615935 0.518519 0.619185 0.511074
10 0.525323 0.552606 0.532008 0.555829 0.535380 0.557495 0.536130 0.558606 0.537505 0.558495 0.537318 0.559606 0.535568 0.559940 0.535818 0.562602 0.538854 0.564306 0.540693 0.564935 0.540505 0.566046 0.538068 0.565602 0.536755 0.565935 0.535255 0.564269 0.532883 0.563713 0.528255 0.561944
10 0.535703 0.560463 0.539922 0.560694 0.543315 0.561157 0.543229 0.563611 0.543073 0.565741 0.541172 0.565972 0.541128 0.563727 0.539062 0.563796 0.535807 0.562593
8 0.498857 0.484898 0.498620 0.487037 0.498880 0.491157 0.500104 0.493380 0.500036 0.489028 0.500005 0.486616
2 0.490208 0.469167 0.494266 0.474926 0.497667 0.480782 0.498620 0.482176 0.499870 0.484074 0.502318 0.487870 0.505120 0.492398 0.506523 0.494606 0.506146 0.495648 0.505443 0.494898 0.501328 0.488750 0.497073 0.482032 0.493078 0.475218 0.490865 0.472144 0.490107 0.470991
8 0.498677 0.475343 0.498620 0.482176 0.499870 0.484074 0.500026 0.477639 0.499818 0.477222
8 0.498443 0.472333 0.498531 0.467236 0.498747 0.463398 0.499667 0.463398 0.500367 0.463972 0.500313 0.473384 0.499948 0.475000
8 0.488906 0.476620 0.489792 0.477824 0.490352 0.465046 0.491224 0.458287 0.491539 0.452495 0.492344 0.443148 0.492539 0.439611 0.492628 0.436880 0.491302 0.432731 0.489789 0.428838 0.489164 0.428727 0.490495 0.432963 0.491745 0.437454 0.491742 0.439250 0.490914 0.449718 0.490156 0.459491 0.489539 0.467157
2 0.479990 0.455000 0.479466 0.453898 0.475701 0.457333 0.474125 0.455000 0.478940 0.450644 0.479552 0.451560 0.481589 0.455000 0.484557 0.459861 0.487266 0.464259 0.489453 0.467731 0.489349 0.469537 0.486068 0.464352 0.483250 0.459856 0.481302 0.456898
8 0.490945 0.460338 0.495005 0.466778 0.498443 0.472333 0.500880 0.476889 0.500568 0.478111 0.499818 0.477222 0.496318 0.471000 0.493258 0.466111 0.490758 0.462116
8 0.490182 0.458657 0.487883 0.454782 0.486073 0.451782 0.484135 0.449454 0.483516 0.450139 0.484297 0.451759 0.485323 0.452782 0.488385 0.458102 0.490026 0.460787 0.490156 0.459491
8 0.514661 0.449259 0.517740 0.445847 0.519695 0.442444 0.521333 0.439125 0.522495 0.434481 0.523060 0.431491 0.523380 0.428338 0.523490 0.426065 0.524141 0.423935 0.524870 0.424213 0.524531 0.427083 0.523833 0.432847 0.523161 0.436685 0.522253 0.440255 0.520964 0.443102 0.518755 0.446620 0.515599 0.450231
8 0.510846 0.360745 0.513893 0.362505 0.517461 0.364356 0.520911 0.365926 0.521589 0.366759 0.521393 0.368153 0.519219 0.367176 0.517057 0.365880 0.513490 0.364398 0.511263 0.362736 0.510885 0.362269
8 0.508948 0.359380 0.506016 0.357315 0.502932 0.355403 0.501849 0.354769 0.498349 0.354569 0.495198 0.354519 0.495779 0.355204 0.498070 0.355250 0.501823 0.355833 0.503383 0.356963 0.505674 0.358537 0.508930 0.360435
14 0.383544 0.122602 0.381375 0.120801 0.379784 0.120801 0.379352 0.118361 0.378266 0.119644 0.376966 0.112574 0.376099 0.108079 0.372049 0.110134 0.369953 0.113861 0.369229 0.116301 0.370893 0.123370 0.371471 0.126583 0.369448 0.128769 0.368292 0.133782 0.368146 0.139435 0.370604 0.151005 0.374630 0.170356 0.377940 0.187912 0.381505 0.193245 0.384440 0.194134 0.382128 0.188361 0.381815 0.182028 0.381940 0.174250 0.383753 0.167583 0.386313 0.162144 0.387781 0.157338 0.388661 0.153190 0.389174 0.148537 0.389096 0.144537 0.389203 0.142046 0.386797 0.135787 0.384911 0.128102 0.384331 0.124708
14 0.383958 0.177361 0.383685 0.180523 0.385497 0.191681 0.386089 0.193417 0.388568 0.191204 0.387344 0.186597 0.385531 0.180773 0.384833 0.176556
14 0.386495 0.171069 0.388333 0.167731 0.390555 0.164847 0.391641 0.163519 0.393464 0.163611 0.394141 0.169491 0.394401 0.175509 0.395208 0.182083 0.394531 0.184028 0.392448 0.182593 0.391792 0.184514 0.390703 0.187167 0.389896 0.187523 0.387917 0.180231 0.387083 0.176991
6 0.398464 0.194537 0.394888 0.191074 0.391904 0.188278 0.391339 0.187704 0.390703 0.187167 0.391792 0.184514 0.393839 0.186269 0.396865 0.188921 0.399083 0.191144 0.399083 0.192796
14 0.419279 0.276815 0.415977 0.277625 0.411703 0.277727 0.410052 0.277625 0.408229 0.281778 0.407888 0.284917 0.408344 0.290486 0.409880 0.292514 0.411591 0.292713 0.411990 0.296157 0.414380 0.301019 0.418083 0.306894 0.420875 0.309931 0.422242 0.312764 0.424065 0.311042 0.425888 0.305778 0.426685 0.303245 0.422698 0.290282 0.421216 0.284412 0.421445 0.283093 0.420990 0.281574
6 0.421484 0.318056 0.417987 0.313444 0.413182 0.307750 0.409674 0.303546 0.407768 0.301380 0.404414 0.297176 0.403193 0.298532 0.405328 0.301380 0.409294 0.307750 0.414792 0.315185 0.420581 0.322120
2 0.478255 0.342083 0.481771 0.341944 0.485448 0.341787 0.486068 0.342671 0.485990 0.344273 0.482370 0.344259 0.478333 0.344491
6 0.445599 0.392824 0.447630 0.391546 0.453414 0.397333 0.459773 0.403884 0.466643 0.410699 0.472208 0.416481 0.473799 0.418153 0.473076 0.420852 0.468542 0.416574 0.456594 0.404657 0.450156 0.397824
6 0.533208 0.442245 0.536273 0.439519 0.538086 0.438667 0.538573 0.437324 0.542565 0.434431 0.546560 0.430630 0.551328 0.426528 0.555784 0.423773 0.556875 0.423056 0.558536 0.426870 0.558516 0.429537 0.555026 0.432222 0.548635 0.437468 0.543659 0.441514 0.539685 0.444796 0.535625 0.447963 0.534612 0.448727 0.532732 0.443708
6 0.514685 0.470176 0.515612 0.467810 0.516703 0.463722 0.517169 0.463593 0.517318 0.467824 0.516154 0.472019 0.515604 0.472069 0.514646 0.471333
6 0.517794 0.460171 0.519435 0.456375 0.520633 0.457718 0.520581 0.459569 0.518159 0.465681 0.517716 0.465403 0.517664 0.461838
6 0.513393 0.500722 0.513776 0.505185 0.516042 0.505880 0.516458 0.503981 0.516471 0.501972 0.513932 0.500231
8 0.581802 0.453796 0.580047 0.456176 0.579208 0.459449 0.587826 0.469856 0.597448 0.482037 0.605557 0.491565 0.615177 0.503463 0.618438 0.506713 0.619089 0.509398 0.626719 0.518185 0.632240 0.525023 0.633995 0.523981 0.635000 0.519523 0.628893 0.512681 0.618773 0.500190 0.610826 0.490227 0.602211 0.479375 0.590167 0.464056
