0 0.590206 0.463046 0.588414 0.461454 0.583487 0.462648 0.580466 0.462847 0.578562 0.464440 0.577779 0.470611 0.578339 0.477977 0.584607 0.487333 0.589870 0.495495 0.591661 0.501667 0.593229 0.507838 0.592557 0.516000 0.587823 0.511579 0.585940 0.510426 0.584786 0.506167 0.583198 0.502963 0.581026 0.501926 0.580018 0.494856 0.578203 0.491653 0.569672 0.486259 0.564565 0.481699 0.564117 0.478713 0.563445 0.476329 0.560982 0.474935 0.555383 0.475532 0.552807 0.476329 0.548596 0.477282 0.545417 0.478815 0.542583 0.481819 0.541083 0.486042 0.538341 0.492491 0.535339 0.498583 0.534096 0.502264 0.534029 0.509588 0.534802 0.513852 0.537544 0.513731 0.541229 0.514625 0.545417 0.516856 0.548786 0.516181 0.553659 0.512176 0.557656 0.510625 0.560219 0.512296 0.565461 0.517750 0.569839 0.522468 0.570487 0.524759 0.572862 0.525255 0.574318 0.525634 0.575828 0.525912 0.576534 0.523523 0.577026 0.523523 0.578982 0.525190 0.578549 0.530662 0.578549 0.536218 0.578839 0.540745 0.576646 0.542574 0.574484 0.544486 0.572862 0.539787 0.572268 0.538356 0.569727 0.540843 0.569190 0.539588 0.566927 0.541421 0.562438 0.544884 0.559211 0.547394 0.556951 0.550935 0.554464 0.554000 0.551005 0.553625 0.548854 0.551792 0.546737 0.551991 0.544208 0.556889 0.541273 0.564412 0.538888 0.571995 0.537958 0.580935 0.537846 0.586606 0.537120 0.594171 0.537768 0.600083 0.541094 0.607528 0.542180 0.610875 0.543771 0.615375 0.547745 0.614736 0.552516 0.612546 0.560490 0.605917 0.564844 0.601301 0.565930 0.599069 0.566266 0.590014 0.565930 0.579440 0.569044 0.575778 0.573792 0.570681 0.579099 0.565685 0.582589 0.558356 0.583792 0.557245 0.584945 0.559722 0.589128 0.565620 0.592943 0.568333 0.595810 0.569213 0.593745 0.574977 0.593935 0.587204 0.593547 0.596171 0.593792 0.600810 0.593250 0.603440 0.591393 0.607370 0.588773 0.610199 0.586490 0.612685 0.584305 0.615231 0.583297 0.616449 0.583388 0.623338 0.583276 0.629088 0.584094 0.636852 0.584094 0.643380 0.585648 0.650569 0.588034 0.657194 0.589805 0.661120 0.589659 0.663190 0.591919 0.664704 0.592469 0.664741 0.593151 0.666472 0.595289 0.665120 0.597620 0.664861 0.599120 0.665241 0.601125 0.663787 0.602859 0.662653 0.604023 0.659269 0.604596 0.657157 0.606690 0.656542 0.608604 0.653194 0.610518 0.649912 0.612164 0.645611 0.613984 0.642269 0.614583 0.640231 0.616464 0.629870 0.617167 0.622917 0.616271 0.619921 0.612367 0.613718 0.608990 0.609079 0.608997 0.602597 0.609188 0.592741 0.608995 0.583403 0.608896 0.573111 0.606151 0.573491 0.605932 0.568463 0.608690 0.567537 0.611742 0.565551 0.615766 0.561181 0.617701 0.562903 0.619232 0.569648 0.619812 0.572333 0.623990 0.576292 0.624721 0.576111 0.625979 0.578028 0.628820 0.581009 0.631018 0.583606 0.632378 0.586343 0.633286 0.591176 0.633201 0.595236 0.633201 0.601046 0.633359 0.605852 0.639193 0.617269 0.644034 0.625208 0.646182 0.629148 0.649867 0.623375 0.652430 0.617921 0.654557 0.610597 0.652951 0.608468 0.652885 0.607606 0.653435 0.606819 0.654214 0.605616 0.655570 0.599306 0.655570 0.597644 0.655659 0.594750 0.655477 0.592662 0.655174 0.588699 0.654078 0.583282 0.653695 0.580954 0.653383 0.577273 0.652318 0.571500 0.649888 0.564611 0.648320 0.561944 0.646508 0.562403 0.644513 0.563519 0.639128 0.555833 0.632992 0.547472 0.630169 0.544009 0.627594 0.541880 0.627305 0.528102 0.631951 0.526032 0.634661 0.525356 0.637763 0.528282 0.640953 0.532759 0.643854 0.537060 0.645982 0.536704 0.647044 0.521394 0.645602 0.511579 0.640471 0.503338 0.637370 0.494222 0.631469 0.495079 0.623643 0.497468 0.621414 0.500213 0.618031 0.505727 0.619232 0.498639
10 0.496211 0.403866 0.496354 0.405000 0.499427 0.406528 0.503086 0.407394 0.503932 0.407523 0.503932 0.406088 0.498674 0.401444 0.497451 0.402176 0.496201 0.403065
10 0.380130 0.296528 0.381057 0.298829 0.381581 0.301181 0.383229 0.301620 0.382523 0.297958 0.382208 0.294551 0.381617 0.294241 0.380990 0.294611 0.380339 0.295463
2 0.409211 0.333417 0.411107 0.331764 0.412477 0.333343 0.414333 0.338079 0.413346 0.338699 0.410151 0.340630 0.409195 0.338931 0.409182 0.337708 0.409089 0.334477
2 0.415312 0.353796 0.416917 0.351458 0.418680 0.348769 0.414190 0.351394
3 0.589010 0.590509 0.588576 0.600898 0.588721 0.602736 0.591281 0.603440 0.593250 0.603440 0.593792 0.600810 0.593547 0.596171 0.593776 0.590926 0.591771 0.590787 0.589740 0.590648
2 0.593078 0.591019 0.590815 0.590755 0.588698 0.590509 0.586641 0.590310 0.584352 0.590028 0.582943 0.589792 0.583307 0.585356 0.585104 0.585694 0.587945 0.586509 0.590286 0.586509 0.592789 0.586792 0.593935 0.587204 0.593776 0.590694
10 0.428724 0.227176 0.430273 0.230412 0.431844 0.233324 0.433167 0.236176 0.433378 0.237537 0.432576 0.239398 0.431737 0.241875 0.430971 0.243171 0.429820 0.243366 0.429057 0.242472 0.428464 0.240736 0.427349 0.240366 0.425607 0.239185 0.422469 0.238009 0.420099 0.237264 0.418734 0.232704 0.422786 0.230556 0.427729 0.227801
8 0.366010 0.268009 0.361906 0.273000 0.357964 0.277801 0.355859 0.280106 0.354023 0.282986 0.354167 0.284398 0.354740 0.284907 0.358021 0.281065 0.362708 0.275417 0.365417 0.271713 0.366766 0.269259 0.367091 0.268296 0.366766 0.267528
1 0.353568 0.255787 0.350688 0.252653 0.347760 0.249380 0.345104 0.246620 0.342409 0.243880 0.340987 0.242986 0.337596 0.240181 0.334409 0.237241 0.332073 0.234407 0.332813 0.232787 0.336117 0.236431 0.339706 0.240481 0.342839 0.243014 0.346427 0.246255 0.350128 0.250606 0.352862 0.253241 0.355711 0.255773 0.358617 0.258708 0.361187 0.261116 0.363021 0.263333 0.365346 0.265514 0.366865 0.266764 0.365922 0.267398 0.364219 0.266065 0.363268 0.264708 0.362333 0.263639 0.360810 0.262269 0.357362 0.259218 0.354458 0.256583
10 0.418594 0.229769 0.419773 0.225750 0.421177 0.222199 0.422667 0.218491 0.423135 0.216370 0.424242 0.214782 0.424581 0.216296 0.423773 0.217657 0.424922 0.219398 0.425560 0.220685 0.425560 0.222120 0.426284 0.222199 0.427305 0.224315 0.427917 0.225648 0.425729 0.226509 0.420880 0.228704 0.419687 0.229231
2 0.609219 0.590926 0.617078 0.591750 0.615781 0.594861 0.609224 0.594190
10 0.562474 0.544583 0.559432 0.536954 0.564044 0.532972 0.568198 0.529338 0.572219 0.525236 0.571755 0.524065 0.567143 0.528051 0.563255 0.531213 0.560091 0.534259 0.558971 0.535315 0.556992 0.530625 0.556401 0.532148 0.558971 0.538477 0.561927 0.545509
2 0.517034 0.556292 0.517396 0.555292 0.520703 0.555005 0.524414 0.556005 0.526833 0.557870 0.527969 0.559676 0.527760 0.565880 0.527641 0.575153 0.526594 0.571352 0.524052 0.566977 0.520057 0.560310
10 0.494839 0.496884 0.499391 0.497491 0.502201 0.497718 0.505773 0.498097 0.509349 0.498565 0.514036 0.499537 0.517865 0.499954 0.518411 0.498926 0.518029 0.497190 0.515260 0.496667 0.510070 0.496282 0.500539 0.495222 0.496242 0.495296 0.494669 0.495597
10 0.512396 0.475509 0.513490 0.478519 0.517370 0.483889 0.521797 0.484491 0.525104 0.482685 0.527216 0.478634 0.530120 0.476611 0.531260 0.475093 0.531487 0.472560 0.530747 0.470532 0.530062 0.469722 0.529664 0.464866 0.528185 0.461014 0.525734 0.457574 0.522995 0.455833 0.519810 0.455750 0.516620 0.456458 0.514341 0.459296 0.512521 0.462838 0.510982 0.463648 0.510411 0.465977 0.510526 0.470333 0.511893 0.471042
8 0.481312 0.477782 0.483289 0.477551 0.484089 0.479074 0.483555 0.486569 0.482961 0.497468 0.482552 0.502546 0.480313 0.499213 0.480141 0.495898 0.480141 0.490296 0.480654 0.483269
3 0.629549 0.704343 0.629596 0.708574 0.630622 0.714880 0.631836 0.721102 0.630435 0.724838 0.628755 0.722181 0.627122 0.713968 0.625534 0.716870 0.622268 0.721852 0.618161 0.728819 0.614680 0.734435 0.611375 0.739819 0.608346 0.745255 0.605573 0.749810 0.603768 0.752042 0.601615 0.756296 0.600599 0.757778 0.597620 0.756273 0.600062 0.752208 0.602773 0.747486 0.606987 0.740477 0.610456 0.734421 0.617685 0.722569 0.621031 0.716514 0.624135 0.711907 0.624490 0.709139 0.625510 0.707000 0.626659 0.706782 0.627776 0.707000 0.628255 0.704847 0.628948 0.703944
10 0.627294 0.529245 0.630682 0.531139 0.631456 0.530449 0.632714 0.531310 0.634940 0.538537 0.634263 0.541463 0.632714 0.540773 0.632036 0.536644 0.627198 0.533718
6 0.491883 0.497722 0.493586 0.497972 0.493411 0.499194 0.493122 0.500352 0.492448 0.503611 0.491328 0.506759 0.489945 0.511116 0.489245 0.512639 0.487737 0.510657 0.488411 0.508843 0.490914 0.503194 0.491826 0.499648 0.492622 0.499241
2 0.447266 0.398519 0.452839 0.392037 0.456563 0.385833 0.461307 0.376384 0.463901 0.371505 0.469849 0.360662 0.474880 0.353204 0.476484 0.348981 0.477049 0.346931 0.479708 0.344486 0.480206 0.342625 0.479737 0.340819 0.478464 0.340769 0.478148 0.338917 0.477107 0.339657 0.475885 0.341787 0.474141 0.345185 0.473516 0.346204 0.471586 0.350019 0.469763 0.353569 0.466974 0.348500 0.463839 0.342426 0.460810 0.337870 0.460521 0.336343 0.457008 0.331079 0.456880 0.332167 0.456313 0.335389 0.459172 0.340907 0.463016 0.347551 0.466089 0.353014 0.467979 0.356241 0.463557 0.363574 0.457349 0.374963 0.452081 0.383977 0.446086 0.395282 0.445492 0.396870
6 0.409974 0.388102 0.412109 0.391019 0.414417 0.393870 0.416396 0.391093 0.414495 0.388685 0.411953 0.385648 0.410026 0.383287 0.409911 0.384519
1 0.399599 0.228935 0.401516 0.224796 0.404039 0.219398 0.407023 0.213514 0.409404 0.207782 0.411130 0.204801 0.413440 0.199620 0.415813 0.195181 0.418312 0.189181 0.418750 0.190069 0.418750 0.192514 0.415000 0.200176 0.410846 0.207926 0.409591 0.210778 0.406383 0.217097 0.403411 0.223102 0.400781 0.229259 0.399380 0.231944 0.397883 0.234500 0.397313 0.233792 0.398398 0.232181
10 0.610846 0.566069 0.610344 0.573056 0.610763 0.575139 0.614693 0.577667 0.620633 0.579602 0.622458 0.579824 0.623990 0.576292 0.619812 0.572333 0.619232 0.569648 0.617701 0.562903 0.615766 0.561181 0.611742 0.565551
2 0.488411 0.508843 0.488065 0.504611 0.488409 0.502481 0.488464 0.499546 0.487326 0.497926 0.488521 0.495597 0.489547 0.491245 0.490286 0.489926 0.489776 0.486991 0.490516 0.483245 0.491198 0.480912 0.491654 0.477472 0.492565 0.477472 0.492737 0.476458 0.493875 0.476764 0.495073 0.481722 0.495755 0.483042 0.495529 0.486889 0.494786 0.488204 0.494732 0.491750 0.495927 0.493875 0.494669 0.495597 0.493477 0.496815 0.492396 0.497116 0.491883 0.497722 0.492622 0.499241 0.491826 0.499648 0.490914 0.503194
10 0.619328 0.644241 0.617445 0.647866 0.615604 0.650991 0.613263 0.654264 0.612344 0.655602 0.611005 0.656046 0.609417 0.655602 0.607826 0.654708 0.608604 0.653194 0.610518 0.649912 0.612164 0.645611 0.613984 0.642269 0.619141 0.641574
10 0.527917 0.561606 0.528768 0.561681 0.530000 0.563722 0.530719 0.564102 0.531362 0.562889 0.532125 0.562889 0.532594 0.562690 0.531224 0.565847 0.531065 0.566750 0.527917 0.566523 0.527760 0.565880
2 0.354214 0.300028 0.357740 0.305542 0.361297 0.299704 0.360943 0.298458 0.361005 0.296569 0.362193 0.295792 0.362625 0.297648 0.365565 0.292338 0.367245 0.286444 0.365609 0.285204 0.365609 0.283542 0.367570 0.284208 0.368880 0.283380 0.369896 0.275926 0.368237 0.276102 0.366641 0.276481 0.365195 0.279495 0.363669 0.280810 0.362292 0.282560 0.361198 0.286731 0.360221 0.289523 0.357292 0.294477
8 0.351818 0.266361 0.361966 0.263375 0.364219 0.266065 0.350945 0.270407 0.349661 0.266944
10 0.390885 0.274148 0.393255 0.276463 0.394766 0.274194 0.396302 0.271926 0.397292 0.271324 0.398203 0.271833 0.398958 0.272528 0.400130 0.270769 0.399896 0.269843 0.400130 0.269287 0.401042 0.269241 0.401693 0.269722 0.403021 0.270676 0.399479 0.274241 0.396068 0.278778 0.397630 0.281046 0.391792 0.280264 0.390078 0.279769 0.390313 0.278194
2 0.367768 0.287389 0.370086 0.285537 0.371406 0.284907 0.370104 0.292870 0.368784 0.298222 0.368443 0.299218 0.367362 0.300954 0.365768 0.306648 0.364984 0.309894 0.364245 0.313056 0.363146 0.313213 0.362302 0.311926 0.362422 0.309838 0.363297 0.308713 0.364018 0.306250 0.364880 0.303343 0.365260 0.300231 0.367188 0.292361 0.367396 0.289907
10 0.382911 0.265324 0.385208 0.268704 0.388047 0.272269 0.389609 0.273426 0.388854 0.279306 0.386008 0.278634 0.385208 0.278843 0.382500 0.277125 0.379641 0.275514 0.377026 0.274644 0.376062 0.274352
2 0.370312 0.274444 0.372544 0.263458 0.375227 0.260694 0.376276 0.259560 0.373005 0.273968
10 0.389714 0.283222 0.395000 0.286880 0.397656 0.287991 0.397292 0.288454 0.396953 0.289565 0.397161 0.290954 0.397526 0.291648 0.398464 0.292019 0.399635 0.291972 0.400859 0.289657 0.401432 0.289333 0.405339 0.291185 0.404609 0.292574 0.404349 0.294056 0.404375 0.295213 0.404870 0.296185 0.405763 0.296935 0.406365 0.295218 0.407419 0.294148 0.407479 0.296292 0.408052 0.296449 0.407901 0.293667 0.408956 0.293773 0.410643 0.295111 0.411276 0.294361 0.412180 0.294417 0.415073 0.295704 0.416036 0.296292 0.416328 0.294639 0.418776 0.293241 0.421589 0.292546 0.423438 0.292731 0.424047 0.293185 0.425385 0.289468 0.426273 0.289306 0.426573 0.288250 0.425490 0.287773 0.426375 0.286940 0.427560 0.285231 0.428552 0.282491 0.429263 0.277537 0.429635 0.274537 0.428776 0.273523 0.428505 0.274884 0.428195 0.276486 0.427310 0.280389 0.426375 0.283125 0.424602 0.285282 0.424042 0.285449 0.422760 0.284250 0.421573 0.283139 0.423260 0.277361 0.423948 0.274477 0.423297 0.274421 0.420302 0.273264 0.420914 0.272083 0.422232 0.268602 0.423297 0.270250 0.424378 0.270620 0.425180 0.270310 0.425633 0.269815 0.425633 0.269505 0.424779 0.268440 0.424203 0.268699 0.423471 0.268574 0.422948 0.268019 0.423018 0.267088 0.423156 0.266292 0.420997 0.263741 0.420544 0.263801 0.420229 0.263926 0.419464 0.264671 0.418940 0.265227 0.418312 0.265042 0.418068 0.263495 0.417615 0.260023 0.416260 0.258495 0.417510 0.265847 0.417893 0.266718 0.418625 0.267028 0.419323 0.267028 0.420021 0.266097 0.420544 0.265167 0.421172 0.265833 0.419594 0.269662 0.418349 0.272477 0.417932 0.272523 0.417898 0.271120 0.417719 0.268065 0.417206 0.266995 0.416693 0.263676 0.416260 0.258495 0.416172 0.256481 0.416094 0.255046 0.415651 0.251713 0.416602 0.250093 0.418659 0.247306 0.421794 0.241912 0.422076 0.240486 0.421378 0.239991 0.420646 0.241417 0.418763 0.245134 0.416182 0.248606 0.415357 0.248606 0.415216 0.246375 0.414799 0.235593 0.414974 0.234954 0.414320 0.233801 0.413984 0.233287 0.413229 0.234120 0.413721 0.234602 0.413646 0.236157 0.413966 0.241949 0.414208 0.248458 0.414245 0.250009 0.413073 0.251574 0.412526 0.252269 0.412737 0.252509 0.414594 0.255231 0.414870 0.256852 0.414948 0.257037 0.416042 0.267500 0.416453 0.271810 0.414216 0.270787 0.412187 0.270185 0.410753 0.269500 0.408672 0.269074 0.408234 0.270532 0.407747 0.272019 0.404747 0.269597 0.404747 0.268542 0.405026 0.267130 0.405755 0.264583 0.407109 0.262639 0.408542 0.261296 0.411263 0.257986 0.411901 0.257037 0.413177 0.254815 0.412396 0.253935 0.412201 0.253931 0.411365 0.255542 0.410039 0.257333 0.408411 0.258704 0.406693 0.260370 0.404740 0.262856 0.404008 0.264838 0.403729 0.266324 0.403635 0.266690 0.403742 0.267676 0.403911 0.268486 0.403667 0.268676 0.402867 0.268301 0.402273 0.267801 0.401924 0.267745 0.401755 0.268421 0.401755 0.268977 0.401693 0.269722 0.403021 0.270676 0.403773 0.272454 0.406247 0.274931 0.406560 0.275856 0.405513 0.279796 0.405352 0.280731 0.405513 0.281662 0.406279 0.282310 0.410878 0.283093 0.417891 0.284634 0.420115 0.284963 0.419167 0.286296 0.417370 0.285972 0.413542 0.284861 0.408130 0.284120 0.402346 0.283093 0.393021 0.281551 0.389948 0.280907
8 0.388672 0.280583 0.388464 0.282296 0.389635 0.283889 0.389948 0.280907 0.389190 0.280778
10 0.371589 0.282176 0.373437 0.280833 0.374193 0.280185 0.374792 0.281713 0.373750 0.283241 0.375487 0.283417 0.376776 0.283787 0.377820 0.284843 0.381523 0.289153 0.381766 0.288190 0.383000 0.288940 0.384432 0.291435 0.387534 0.289560 0.387680 0.287870 0.388385 0.283750 0.386953 0.282051 0.385443 0.280185 0.383594 0.279491 0.381823 0.279491 0.377479 0.278833 0.372799 0.278546 0.372031 0.277917 0.371927 0.279213
10 0.467536 0.479421 0.473922 0.475806 0.475471 0.477014 0.476148 0.478560 0.476148 0.479935 0.470971 0.484880
14 0.403724 0.241667 0.408906 0.238611 0.412578 0.236481 0.413646 0.236157 0.413966 0.241949 0.414208 0.248458 0.414245 0.250009 0.413073 0.251574 0.412526 0.252269 0.409219 0.248472 0.406693 0.245509
14 0.405026 0.267130 0.408672 0.269074 0.410753 0.269500 0.412187 0.270185 0.414216 0.270787 0.416453 0.271810 0.416042 0.267500 0.414948 0.257037 0.414633 0.256597 0.413867 0.255593 0.413177 0.254815 0.411901 0.257037 0.411263 0.257986 0.408542 0.261296 0.407109 0.262639 0.405755 0.264583
2 0.633346 0.620597 0.636776 0.628625 0.636523 0.630560 0.634935 0.631898 0.633763 0.632343 0.632927 0.633236 0.631589 0.634278 0.629833 0.635912 0.628495 0.636208 0.628984 0.633750 0.630120 0.630412 0.630966 0.627764 0.632094 0.624681 0.633266 0.621736
14 0.416260 0.258495 0.416693 0.263676 0.417206 0.266995 0.417719 0.268065 0.417898 0.271120 0.417932 0.272523 0.418349 0.272477 0.419594 0.269662 0.421172 0.265833 0.420544 0.265167 0.420021 0.266097 0.419323 0.267028 0.418625 0.267028 0.417893 0.266718 0.417510 0.265847
14 0.417615 0.260023 0.420424 0.263069 0.420997 0.263741 0.420544 0.263801 0.420229 0.263926 0.419464 0.264671 0.418940 0.265227 0.418312 0.265042 0.418068 0.263495
1 0.541005 0.438134 0.534555 0.429875 0.533885 0.430620 0.540620 0.439620
2 0.580044 0.644662 0.577732 0.644532 0.575995 0.647940 0.551490 0.636426 0.549388 0.640319 0.574419 0.651986 0.573807 0.654009 0.573104 0.657259 0.575703 0.661250 0.580911 0.665093 0.582719 0.665356 0.582865 0.658542 0.583008 0.651991 0.582141 0.647745
14 0.420302 0.273264 0.423297 0.274421 0.425823 0.274884 0.428505 0.274884 0.428776 0.273523 0.426823 0.271157 0.425633 0.269505 0.425633 0.269815 0.425180 0.270310 0.424378 0.270620 0.423297 0.270250 0.422232 0.268602 0.420914 0.272083
14 0.423156 0.266292 0.424779 0.268440 0.424203 0.268699 0.423471 0.268574 0.422948 0.268019 0.423018 0.267088
10 0.655927 0.592662 0.657708 0.594375 0.657865 0.597361 0.656802 0.599412 0.656229 0.600162 0.655570 0.599306 0.655570 0.597644 0.655659 0.594750 0.655477 0.592662
10 0.364219 0.266065 0.353904 0.275602 0.351693 0.277593 0.349315 0.279995 0.351789 0.280079 0.352677 0.282153 0.352630 0.284060 0.353937 0.286634 0.355198 0.293435 0.355289 0.295264 0.355943 0.296093 0.355477 0.297505 0.357292 0.294477 0.358747 0.291977 0.360221 0.289523 0.361198 0.286731 0.362292 0.282560 0.358906 0.287824 0.357318 0.288861 0.356089 0.288861 0.355596 0.287810 0.355937 0.285602 0.357958 0.283259 0.361849 0.278444 0.366622 0.273370 0.367805 0.270745 0.368789 0.271093 0.368789 0.272144 0.367883 0.275032 0.370312 0.274444 0.371734 0.267644 0.370560 0.265671 0.366031 0.270569 0.365417 0.271713 0.362708 0.275417 0.358021 0.281065 0.354740 0.284907 0.354167 0.284398 0.354023 0.282986 0.355859 0.280106 0.357964 0.277801 0.361906 0.273000 0.366010 0.268009 0.366766 0.267528 0.367091 0.268296 0.369466 0.265435 0.369096 0.265190 0.366753 0.265190 0.365346 0.265514 0.366865 0.266764 0.365922 0.267398
10 0.533646 0.438426 0.535641 0.434759 0.538880 0.437542 0.541255 0.441866 0.545737 0.449255 0.548977 0.452426 0.552055 0.453769 0.554055 0.454778 0.559125 0.462370 0.563112 0.467741 0.564529 0.470185 0.564151 0.473255 0.563612 0.475176 0.562802 0.475463 0.558427 0.470088 0.554268 0.463944 0.552529 0.466213 0.551633 0.468005 0.550104 0.468194 0.549281 0.468204 0.547602 0.465616 0.544914 0.461833 0.544570 0.459894 0.543844 0.458102 0.529013 0.439537 0.528901 0.437944 0.528677 0.436153 0.527893 0.433769 0.528453 0.432574
2 0.351818 0.266361 0.352617 0.264597 0.354109 0.261653 0.354674 0.260148 0.354674 0.257639 0.351487 0.254199 0.350688 0.252653 0.347760 0.249380 0.345104 0.246620 0.342409 0.243880 0.340987 0.242986 0.339185 0.247602 0.336724 0.254486 0.334305 0.259718 0.331964 0.264954 0.334102 0.268250 0.337612 0.273130 0.340477 0.278148 0.343784 0.282880 0.346326 0.277935 0.343000 0.278125 0.343000 0.276736 0.346516 0.276273 0.347211 0.276139 0.349141 0.271991 0.347292 0.272611 0.343586 0.274361 0.341617 0.274361 0.338669 0.272343 0.337987 0.268981 0.338745 0.266560 0.339727 0.265486 0.340786 0.265889 0.341771 0.266829 0.342299 0.268713 0.343964 0.268847 0.346990 0.267236 0.344794 0.261315 0.347518 0.260912 0.349740 0.267083
8 0.385500 0.307292 0.383943 0.322319 0.385201 0.322736 0.386802 0.308681 0.386172 0.308148
6 0.474479 0.454398 0.476107 0.460537 0.478044 0.469532 0.479604 0.476755 0.480792 0.482306 0.480141 0.490296 0.480141 0.490296 0.477956 0.478718 0.476224 0.471019 0.474495 0.463324 0.472625 0.455616 0.473794 0.454782
6 0.435940 0.401824 0.438641 0.398079 0.441125 0.394241 0.442635 0.391648 0.444255 0.393278 0.445000 0.394306 0.444526 0.395394 0.441120 0.400463 0.437500 0.405880
8 0.355937 0.285602 0.355596 0.287810 0.356089 0.288861 0.357318 0.288861 0.358099 0.288241 0.358906 0.287824 0.362292 0.282560 0.363669 0.280810 0.365195 0.279495 0.366641 0.276481 0.366510 0.275370 0.367883 0.275032 0.367883 0.275032 0.368789 0.272144 0.368789 0.271093 0.367805 0.270745 0.366622 0.273370 0.361849 0.278444 0.357958 0.283259
6 0.419182 0.399870 0.421232 0.402444 0.424424 0.406139 0.427258 0.409620 0.429250 0.411977 0.429521 0.411639 0.431328 0.408819 0.429245 0.406481 0.426745 0.403333 0.423880 0.400000 0.420781 0.395963 0.418885 0.399389
6 0.413924 0.395157 0.414417 0.393870 0.418750 0.387014 0.420865 0.389116 0.420885 0.395278 0.420781 0.395963 0.418885 0.399389 0.417862 0.400931
8 0.652951 0.608468 0.655143 0.611375 0.658177 0.614940 0.662143 0.619088 0.664990 0.622241 0.666997 0.624481 0.668021 0.623102 0.668070 0.621727 0.665177 0.618532 0.660622 0.613116 0.657547 0.609546 0.654214 0.605616 0.653435 0.606819 0.652885 0.607606
8 0.533096 0.517884 0.532615 0.519843 0.532555 0.523111 0.532435 0.527287 0.532581 0.536130 0.533128 0.536287 0.533068 0.527287 0.533068 0.521611 0.533096 0.519894 0.533760 0.518769 0.534182 0.518236 0.535990 0.517644 0.536893 0.516681 0.537797 0.515662 0.538823 0.513949 0.537544 0.513731 0.535870 0.515505 0.534995 0.516144 0.533641 0.516843
8 0.602802 0.753708 0.606310 0.754657 0.609589 0.754657 0.614393 0.754116 0.610625 0.760139 0.600599 0.757778 0.601615 0.756296
8 0.388385 0.283750 0.387680 0.287870 0.387120 0.292519 0.386747 0.296000 0.386352 0.298093 0.386021 0.301731 0.385859 0.304546 0.386326 0.305625 0.387083 0.305833 0.387375 0.301037 0.387867 0.298074 0.388568 0.292269 0.389531 0.285185 0.389115 0.284630
8 0.416172 0.256481 0.418115 0.259144 0.420391 0.261991 0.421276 0.262870 0.422812 0.264722 0.424492 0.266685 0.425521 0.267917 0.427034 0.269907 0.428591 0.271657 0.429057 0.272236 0.430167 0.273769 0.432005 0.275801 0.434745 0.278750 0.437336 0.282259 0.440349 0.285472 0.442789 0.288903 0.449716 0.297421 0.452109 0.300120 0.452813 0.300972 0.453237 0.301514 0.457320 0.306556 0.459169 0.309162 0.459378 0.310153 0.458995 0.310773 0.456076 0.306940 0.452852 0.302815 0.447104 0.295940 0.444396 0.292653 0.440964 0.288046 0.438750 0.285361 0.435823 0.281972 0.434130 0.279704 0.431578 0.276694 0.430495 0.275509 0.429635 0.274537 0.428776 0.273523 0.426823 0.271157 0.424779 0.268440 0.423156 0.266292 0.420424 0.263069 0.416260 0.258495
8 0.366031 0.270569 0.370560 0.265671 0.375227 0.260694 0.381896 0.253477 0.383021 0.252315 0.383021 0.251486 0.382784 0.250866 0.376680 0.257130 0.375294 0.258630 0.373203 0.260972 0.367091 0.268296 0.366766 0.269259
8 0.383422 0.292796 0.381523 0.289153 0.381766 0.288190 0.383000 0.288940 0.385078 0.292741
8 0.387375 0.301037 0.387214 0.303519 0.388073 0.306528 0.390208 0.308375 0.391406 0.309120 0.389922 0.304630 0.389003 0.301250 0.387813 0.298333
8 0.383609 0.295412 0.384182 0.298250 0.386021 0.301731 0.386352 0.298093 0.386589 0.296574 0.385297 0.294287 0.384031 0.294231
8 0.392839 0.245694 0.392240 0.250185 0.393781 0.248361 0.394141 0.247222 0.394661 0.245278 0.394844 0.243565 0.395026 0.241713 0.395586 0.239583 0.393977 0.243148
8 0.393130 0.326139 0.391906 0.322019 0.391125 0.318356 0.391724 0.317111 0.392766 0.315856 0.393000 0.315856 0.395995 0.325676 0.395651 0.325602 0.393542 0.325972
8 0.393620 0.251250 0.393672 0.253981 0.393464 0.256250 0.392469 0.260310 0.392453 0.262903 0.391565 0.269963 0.390313 0.278194 0.390078 0.279769 0.388854 0.279306 0.389815 0.271773 0.390706 0.265046 0.391786 0.257250 0.392104 0.252843
8 0.413646 0.236157 0.412578 0.236481 0.408906 0.238611 0.403724 0.241667 0.402789 0.242088 0.402406 0.242218 0.399023 0.244819 0.396201 0.247486 0.393758 0.251204 0.393620 0.251250 0.392104 0.252843 0.389318 0.256852 0.382911 0.265324 0.376062 0.274352 0.374518 0.274083 0.374188 0.274171 0.374656 0.273194 0.376583 0.271019 0.378328 0.268796 0.381844 0.263755 0.387115 0.256921 0.388562 0.255181 0.390818 0.251583 0.393781 0.248361 0.394141 0.247222 0.395948 0.244727 0.398359 0.243069 0.401161 0.241139 0.402255 0.240074 0.404589 0.238505 0.407831 0.236583 0.413229 0.234120 0.413721 0.234602
6 0.408568 0.350000 0.409474 0.351708 0.410560 0.350528 0.410000 0.349213 0.409135 0.344681 0.409182 0.349907
6 0.406604 0.342940 0.407599 0.342454 0.408495 0.344352 0.408568 0.346157 0.408568 0.350000 0.407531 0.346662
6 0.422865 0.296250 0.420729 0.295833 0.418776 0.293241 0.421589 0.292546 0.423438 0.292731 0.424047 0.293185
6 0.527862 0.510130 0.534635 0.514782 0.534094 0.516037 0.533096 0.517884 0.527695 0.514116
6 0.518214 0.503593 0.522479 0.506185 0.522208 0.507625 0.521940 0.508394 0.520643 0.508394 0.519346 0.507625 0.518484 0.505130
6 0.513104 0.505713 0.510318 0.502287 0.512062 0.499694 0.517997 0.503208 0.516971 0.504167 0.514758 0.504264 0.513461 0.503782
8 0.386589 0.280139 0.389190 0.280778 0.393021 0.281551 0.402346 0.283093 0.408130 0.284120 0.413542 0.284861 0.417370 0.285972 0.419167 0.286296 0.420130 0.285000 0.417891 0.284634 0.410878 0.283093 0.402943 0.281667 0.391792 0.280264 0.390078 0.279769 0.388854 0.279306 0.386008 0.278634 0.385208 0.278843
8 0.454977 0.291750 0.456667 0.286898 0.457135 0.287824 0.457083 0.288611 0.452813 0.300972 0.452109 0.300120 0.453273 0.297130
8 0.639193 0.617269 0.639578 0.623106 0.640328 0.634991 0.640891 0.647542 0.641203 0.654986 0.641453 0.665759 0.641477 0.671222 0.641409 0.675333 0.642539 0.674255 0.642813 0.671620 0.642901 0.666435 0.642865 0.659981 0.642440 0.646866 0.642214 0.642546 0.641958 0.637921 0.641628 0.629014 0.641346 0.623139 0.641224 0.619074
8 0.402789 0.242088 0.404427 0.244255 0.406031 0.246361 0.410596 0.251454 0.412396 0.253935 0.413867 0.255593 0.414870 0.256852 0.414594 0.255231 0.412737 0.252509 0.409510 0.248852 0.407372 0.246343 0.405315 0.243759 0.403542 0.241537
14 0.423279 0.298245 0.427279 0.300579 0.432151 0.303134 0.438961 0.306685 0.445773 0.310241 0.447516 0.312352 0.448570 0.317227 0.448779 0.321991 0.448727 0.323204 0.450922 0.324139 0.452839 0.325417 0.454896 0.325972 0.455388 0.326681 0.456362 0.326616 0.457026 0.328167 0.456880 0.332167 0.455807 0.337644 0.453945 0.342042 0.450677 0.340389 0.445703 0.338968 0.445005 0.340977 0.443599 0.343384 0.442086 0.344819 0.439549 0.344630 0.437008 0.344440 0.434258 0.343185 0.429445 0.339833 0.426529 0.337532 0.422430 0.336088 0.416701 0.332546 0.410766 0.329093 0.414026 0.321306 0.416969 0.313505 0.420456 0.305574 0.421299 0.302398
8 0.385893 0.340782 0.386076 0.339764 0.386701 0.338931 0.388602 0.340551 0.390971 0.342588 0.392951 0.344625 0.394956 0.346431 0.395154 0.347222 0.393706 0.347773 0.390294 0.344995 0.387344 0.342269
8 0.371214 0.300875 0.379839 0.308806 0.381094 0.309921 0.384844 0.313102 0.384375 0.318102 0.377005 0.311065 0.373125 0.307222 0.370036 0.304843 0.369831 0.302176 0.370484 0.301106
8 0.389901 0.319194 0.391542 0.322523 0.392552 0.326204 0.390026 0.326806 0.388156 0.323912 0.388781 0.322060
8 0.425729 0.226509 0.427917 0.225648 0.429260 0.225157 0.431865 0.224366 0.432406 0.225269 0.432341 0.226171 0.429133 0.226796 0.427729 0.227801 0.422786 0.230556 0.418734 0.232704 0.414974 0.234954 0.414320 0.233801 0.413984 0.233287 0.418594 0.229769 0.419687 0.229231 0.420880 0.228704
8 0.402404 0.336889 0.403049 0.337750 0.403654 0.337389 0.403208 0.335815 0.402404 0.332014 0.401193 0.327708 0.400185 0.323694 0.398813 0.318315 0.397563 0.313653 0.395786 0.307199 0.395182 0.307343 0.395208 0.308796 0.397763 0.318245 0.400911 0.330222
8 0.388862 0.351741 0.388643 0.353153 0.389185 0.354144 0.388250 0.354583 0.385258 0.349551 0.381198 0.343287 0.382758 0.344130 0.386576 0.347694 0.388359 0.349398 0.388883 0.350042 0.389708 0.349894 0.389844 0.350773
8 0.454167 0.392037 0.452919 0.392306 0.453177 0.397454 0.453880 0.407639 0.454146 0.415153 0.454594 0.423426 0.455039 0.430056 0.455250 0.440500 0.455370 0.451264 0.455313 0.460324 0.456510 0.462407 0.456563 0.449843 0.456401 0.438866 0.456206 0.429593 0.455826 0.421116 0.455669 0.414806 0.455182 0.406278 0.454870 0.399444
8 0.389654 0.289926 0.390070 0.287056 0.390802 0.287546 0.392992 0.291931 0.396187 0.300931 0.398898 0.308056 0.400977 0.313731 0.402747 0.318722 0.404583 0.324028 0.405820 0.329065 0.408495 0.337102 0.408497 0.340759 0.408495 0.344352 0.405677 0.337870 0.401984 0.326551 0.400911 0.323889 0.399141 0.318333 0.397563 0.313653 0.395786 0.307199 0.394648 0.304444 0.392313 0.297815
8 0.409135 0.344681 0.410000 0.349213 0.412995 0.355741 0.416693 0.361806 0.419719 0.366315 0.420938 0.368565 0.422292 0.370231 0.417354 0.358588 0.416745 0.357083 0.416120 0.356389 0.415505 0.354116 0.414190 0.351394 0.412833 0.348662 0.411328 0.344375 0.410063 0.341593 0.410151 0.340630 0.409195 0.338931
8 0.393073 0.327315 0.396641 0.339722 0.394844 0.339676 0.393255 0.339676 0.392500 0.336551 0.392122 0.335051 0.391474 0.333551 0.390156 0.327824
8 0.393724 0.341343 0.394956 0.346431 0.395154 0.347222 0.397211 0.346435 0.397615 0.343708 0.396708 0.341208
8 0.396380 0.326852 0.400859 0.341898 0.400250 0.342727 0.399427 0.343472 0.398789 0.342588 0.398177 0.343102 0.397500 0.341204 0.399896 0.341111 0.400078 0.340602 0.399661 0.340093 0.398802 0.339907 0.396979 0.339769 0.393437 0.327222
2 0.446630 0.339282 0.443013 0.345940 0.441823 0.348968 0.441198 0.351019 0.442734 0.354861 0.444289 0.352144 0.447786 0.345417 0.450677 0.340389
8 0.460156 0.369769 0.460495 0.369213 0.456172 0.362037 0.453469 0.357181 0.451148 0.352843 0.449370 0.349250 0.447383 0.346199 0.446417 0.348019 0.449641 0.354394 0.450635 0.356324 0.452867 0.361088 0.457682 0.369306 0.459315 0.371426
8 0.461745 0.375648 0.464870 0.380000 0.465807 0.381620 0.465729 0.383472 0.466641 0.383981 0.466745 0.381389 0.466380 0.379676 0.462630 0.373935
8 0.477396 0.349491 0.480104 0.351343 0.482682 0.353472 0.484964 0.355542 0.485521 0.354116 0.483326 0.352009 0.481198 0.349968 0.478828 0.348292 0.477049 0.346931 0.476484 0.348981
8 0.509341 0.528620 0.509341 0.525398 0.510529 0.525398 0.510737 0.531412
8 0.509297 0.531250 0.509737 0.545278 0.511466 0.547486 0.511357 0.541153 0.510885 0.534153
2 0.422224 0.370097 0.430953 0.359787 0.439391 0.350412 0.440385 0.349606 0.440956 0.349875 0.441198 0.351019 0.442734 0.354861 0.451052 0.375644 0.450177 0.377356 0.449003 0.377894 0.439602 0.356412 0.437401 0.359088 0.446078 0.380838 0.445930 0.381375 0.445023 0.381481 0.444000 0.379875 0.435745 0.359519 0.423422 0.372907 0.422943 0.372176
6 0.532505 0.524870 0.529794 0.532472 0.530784 0.532565 0.531617 0.533491 0.532505 0.531079 0.532435 0.527287
6 0.533078 0.522699 0.534562 0.518157 0.535500 0.517741 0.536203 0.519315 0.535760 0.521259 0.533104 0.528949 0.533068 0.527287
8 0.473516 0.346204 0.469604 0.343606 0.466055 0.341097 0.462839 0.339074 0.460810 0.337870 0.460521 0.336343 0.461740 0.336653 0.463906 0.337824 0.466846 0.340125 0.470935 0.342713 0.474062 0.344583 0.474141 0.345185
8 0.462813 0.315324 0.466599 0.319880 0.470906 0.325074 0.471148 0.324380 0.470938 0.323361 0.469211 0.321083 0.467086 0.318542 0.464888 0.315880 0.462057 0.313009 0.462266 0.314213
8 0.457201 0.331347 0.459766 0.330278 0.461177 0.330060 0.464003 0.329991 0.467268 0.329991 0.468922 0.331352 0.472352 0.332861 0.472859 0.333319 0.473094 0.334565 0.472130 0.334657 0.467344 0.332361 0.464688 0.331806 0.460586 0.331810 0.457956 0.332505
2 0.453385 0.325505 0.454117 0.323306 0.456120 0.320310 0.457169 0.317991 0.458344 0.315731 0.459393 0.313528 0.460854 0.310139 0.462000 0.311380 0.462031 0.313074 0.462266 0.314213 0.462813 0.315324 0.462388 0.317727 0.460292 0.320954 0.458315 0.324898 0.456693 0.327315 0.456362 0.326616 0.455388 0.326681 0.454896 0.325972
8 0.416172 0.363287 0.420073 0.369639 0.424292 0.376083 0.426927 0.380653 0.430487 0.389204 0.433648 0.396000 0.435940 0.401824 0.437500 0.405880 0.441096 0.413810 0.444195 0.421426 0.444766 0.422593 0.444557 0.424630 0.443404 0.425644 0.442612 0.424588 0.437802 0.412991 0.435677 0.408611 0.433846 0.403968 0.429299 0.393894 0.427474 0.389213 0.427164 0.388546 0.425888 0.385630 0.423492 0.380495 0.421682 0.376106 0.420870 0.374495 0.420268 0.372944
6 0.434193 0.404861 0.435677 0.408611 0.433464 0.411898 0.430521 0.416204 0.428672 0.418704 0.426708 0.416130 0.427802 0.414093 0.429521 0.411639 0.431526 0.408583
8 0.507396 0.511667 0.507148 0.510116 0.508099 0.510185 0.510013 0.514421 0.511810 0.518588 0.513346 0.522106 0.514284 0.524051 0.514310 0.525116 0.512995 0.523380 0.510872 0.519653 0.508516 0.514491
8 0.493122 0.500352 0.493411 0.499194 0.496042 0.503519 0.499505 0.509907 0.502391 0.515630 0.505339 0.521519 0.508724 0.527389 0.511875 0.533560 0.516633 0.542093 0.519422 0.547606 0.521286 0.551542 0.522422 0.553838 0.521815 0.554481 0.520240 0.551694 0.517859 0.546810 0.514268 0.540463 0.510885 0.534153 0.505680 0.524486 0.502391 0.517894 0.498359 0.510417 0.495919 0.505866
8 0.496042 0.503519 0.497734 0.506065 0.500625 0.509954 0.504219 0.514352 0.507005 0.517963 0.509609 0.521296 0.511901 0.524213 0.515052 0.528426 0.517083 0.530556 0.519974 0.534630 0.520833 0.534259 0.520859 0.532917 0.519323 0.531204 0.516224 0.527500 0.512995 0.523380 0.509740 0.519352 0.506719 0.515741 0.504115 0.512593 0.501094 0.509120 0.498385 0.505556 0.497005 0.503889
8 0.587477 0.707889 0.587703 0.703009 0.589458 0.703551 0.589688 0.706264 0.589078 0.719412 0.589000 0.725241 0.588161 0.731204 0.588161 0.738528 0.588924 0.742185 0.592891 0.747065 0.597771 0.750319 0.600062 0.752208 0.597620 0.756273 0.592891 0.752759 0.589534 0.749102 0.586638 0.743407 0.586180 0.735139 0.586714 0.720495 0.587247 0.711819
14 0.643474 0.673741 0.643698 0.669958 0.647953 0.661199 0.652318 0.653236 0.655677 0.646866 0.657872 0.641907 0.659878 0.638505 0.662284 0.633190 0.664523 0.629366 0.666865 0.625722 0.668398 0.623157 0.668443 0.621486 0.670312 0.618000 0.671411 0.616986 0.673336 0.613463 0.675297 0.610935 0.676193 0.610079 0.678914 0.610139 0.681073 0.611213 0.683424 0.614037 0.685161 0.616269 0.686750 0.618856 0.688161 0.621403 0.689404 0.623495 0.689529 0.627634 0.689169 0.628991 0.686940 0.629528 0.686068 0.628991 0.686336 0.630644 0.687513 0.634282 0.687836 0.637866 0.685419 0.642046 0.683190 0.645412 0.682260 0.647185 0.680839 0.649491 0.679831 0.651144 0.679674 0.650069 0.678466 0.646986 0.676406 0.642269 0.673984 0.638704 0.670365 0.642824 0.667156 0.646190 0.665375 0.649472 0.665622 0.652819 0.662497 0.655523 0.658456 0.659167 0.656440 0.661338 0.648232 0.669241 0.645534 0.671750
14 0.619328 0.644241 0.622508 0.644880 0.624099 0.642310 0.624870 0.641111 0.626122 0.638236 0.627013 0.636514 0.627576 0.634574 0.628984 0.633750 0.630120 0.630412 0.630966 0.627764 0.632094 0.624681 0.633266 0.621736 0.633583 0.618588 0.634719 0.615861 0.635565 0.613704 0.635406 0.609477 0.633359 0.605852 0.633201 0.601046 0.633201 0.595236 0.633286 0.591176 0.632378 0.586343 0.631018 0.583606 0.628820 0.581009 0.625979 0.578028 0.624721 0.576111 0.623990 0.576292 0.622458 0.579824 0.621151 0.582370 0.619971 0.584968 0.617456 0.590995 0.614701 0.597380 0.613406 0.600056 0.612273 0.603153 0.610602 0.603153 0.608997 0.602597 0.608990 0.609079 0.612367 0.613718 0.616271 0.619921 0.617167 0.622917 0.616464 0.629870 0.614583 0.640231 0.613984 0.642269 0.619141 0.641574
8 0.540625 0.468194 0.544185 0.469449 0.546484 0.469861 0.548828 0.470509 0.550078 0.470741 0.551953 0.470880 0.552633 0.470958 0.553049 0.472255 0.552917 0.474954 0.552891 0.476389 0.553935 0.476699 0.554141 0.475787 0.554299 0.472625 0.554195 0.470958 0.553492 0.469569 0.552294 0.468644 0.550104 0.468194 0.546875 0.467778 0.544583 0.467037 0.541536 0.466111 0.541042 0.467130
8 0.371755 0.206255 0.371755 0.204620 0.372458 0.204907 0.376995 0.210190 0.381206 0.215083 0.386391 0.220940 0.390904 0.226560 0.391529 0.227199 0.396591 0.233148 0.395234 0.231593 0.397313 0.233792 0.400852 0.238731 0.402255 0.240074 0.401161 0.241139 0.400740 0.239852 0.399172 0.238569 0.397846 0.236801 0.395060 0.233356 0.394313 0.232361 0.392445 0.230204 0.390951 0.228213 0.389646 0.227468 0.386076 0.223060 0.380471 0.216255 0.374823 0.209583
14 0.416182 0.248606 0.418763 0.245134 0.420646 0.241417 0.421378 0.239991 0.422076 0.240486 0.421794 0.241912 0.418659 0.247306 0.416602 0.250093 0.415651 0.251713 0.416094 0.255046 0.416302 0.256713 0.418115 0.259144 0.420391 0.261991 0.422318 0.264028 0.422760 0.262824 0.423898 0.260755 0.425187 0.258338 0.427383 0.254060 0.427943 0.252944 0.428570 0.248171 0.428987 0.245694 0.429062 0.242454 0.428464 0.240736 0.427349 0.240366 0.425607 0.239185 0.422469 0.238009 0.420099 0.237264 0.417935 0.236583 0.416333 0.235593 0.414799 0.235593 0.415216 0.246375 0.415357 0.248606
6 0.554055 0.454778 0.559125 0.462370 0.563112 0.467741 0.567555 0.475130 0.568695 0.476449 0.571086 0.473611 0.572966 0.471282 0.572966 0.468245 0.569094 0.463282 0.566076 0.458727 0.563341 0.454273 0.559523 0.448500 0.558156 0.447486 0.556789 0.449005 0.563568 0.455486 0.563568 0.456903 0.562771 0.456704 0.557701 0.453463 0.555310 0.451134 0.554740 0.451944 0.554398 0.453463
14 0.429057 0.242472 0.429820 0.243366 0.430971 0.243171 0.432031 0.244213 0.432318 0.245926 0.431693 0.249769 0.431484 0.253009 0.431250 0.257269 0.430885 0.263333 0.430339 0.264352 0.428099 0.264630 0.426786 0.264889 0.425391 0.267731 0.423802 0.265741 0.424826 0.263477 0.427500 0.258241 0.430146 0.252111 0.431453 0.249287 0.430240 0.247713 0.429445 0.250282 0.427943 0.252944 0.428570 0.248171 0.428987 0.245694
14 0.394141 0.247222 0.395948 0.244727 0.398359 0.243069 0.401161 0.241139 0.400740 0.239852 0.399172 0.238569 0.397846 0.236801 0.397245 0.236051 0.395586 0.239583 0.395026 0.241713 0.394844 0.243565 0.394661 0.245278
14 0.400729 0.229398 0.403411 0.223102 0.406383 0.217097 0.409591 0.210778 0.410846 0.207926 0.410602 0.215981 0.410427 0.227449 0.410497 0.232903 0.406906 0.231352 0.402161 0.229815
14 0.397221 0.228023 0.399599 0.228935 0.398398 0.232181 0.397313 0.233792 0.396591 0.233148 0.396742 0.229130
14 0.410497 0.232903 0.413229 0.234120 0.407831 0.236583 0.404589 0.238505 0.402255 0.240074 0.400852 0.238731 0.397883 0.234500 0.399380 0.231944 0.400781 0.229259 0.402161 0.229815 0.406906 0.231352
14 0.426224 0.268704 0.426990 0.267014 0.427617 0.265838 0.429141 0.265694 0.430339 0.265602 0.429891 0.268111 0.429068 0.272282 0.428591 0.271657 0.427034 0.269907
14 0.402406 0.242218 0.399023 0.244819 0.396201 0.247486 0.393758 0.251204 0.393672 0.253981 0.393464 0.256250 0.392469 0.260310 0.392422 0.262546 0.396026 0.264028 0.400000 0.264963 0.403729 0.266324 0.404008 0.264838 0.404740 0.262856 0.406693 0.260370 0.408411 0.258704 0.410039 0.257333 0.411365 0.255542 0.412201 0.253931 0.410596 0.251454 0.406031 0.246361 0.404427 0.244255 0.402789 0.242088
14 0.382784 0.250866 0.380870 0.249870 0.378911 0.249287 0.376016 0.248542 0.375690 0.245968 0.376156 0.243398 0.375924 0.242319 0.376297 0.241407 0.376997 0.241324 0.377323 0.239333 0.378070 0.237838 0.378911 0.236676 0.381990 0.237671 0.384232 0.237176 0.385398 0.236097 0.387078 0.236181 0.387685 0.233356 0.388664 0.230787 0.389646 0.227468 0.390951 0.228213 0.392445 0.230204 0.394313 0.232361 0.395060 0.233356 0.394638 0.237009 0.394125 0.240495 0.391016 0.246806 0.390495 0.247731 0.389201 0.250551 0.388362 0.252375 0.387240 0.255185 0.386693 0.256620 0.386094 0.258148 0.386018 0.255370 0.386143 0.252681 0.385417 0.250000 0.384216 0.250699 0.383854 0.252093
1 0.397245 0.236051 0.393977 0.243148 0.392839 0.245694 0.391036 0.249370 0.388562 0.255181 0.387115 0.256921 0.386068 0.258287 0.387240 0.255185 0.388362 0.252375 0.389201 0.250551 0.390906 0.247046 0.394125 0.240495 0.396729 0.235347
14 0.386870 0.260005 0.391193 0.261764 0.391786 0.257250 0.392104 0.252843 0.389318 0.256852
14 0.388562 0.255181 0.391036 0.249370 0.392839 0.245694 0.392240 0.250185 0.390818 0.251583
14 0.402049 0.312773 0.402258 0.315250 0.402747 0.318722 0.404594 0.323741 0.405391 0.322917 0.404281 0.318847 0.404219 0.317361 0.402865 0.313056
14 0.403021 0.309074 0.403021 0.305023 0.403773 0.301060 0.404708 0.298380 0.405763 0.296935 0.406365 0.295218 0.407419 0.294148 0.407479 0.296292 0.408052 0.296449 0.407901 0.293667 0.408956 0.293773 0.410643 0.295111 0.411276 0.294361 0.412180 0.294417 0.415073 0.295704 0.416036 0.296292 0.416328 0.294639 0.418591 0.295889 0.420365 0.296866 0.422135 0.298009 0.419310 0.304699 0.417531 0.308361 0.415542 0.313810 0.412990 0.321060 0.411273 0.325505 0.409948 0.328505 0.407477 0.327329 0.406664 0.323954 0.406000 0.321704 0.405807 0.319907 0.405172 0.317167 0.403906 0.314444
14 0.391529 0.227199 0.395234 0.231593 0.395385 0.227630 0.393516 0.226773 0.390896 0.226505
14 0.405156 0.162407 0.402346 0.162042 0.399529 0.163069 0.397721 0.164611 0.397286 0.166926 0.397070 0.172838 0.397141 0.177338 0.394685 0.177977 0.392299 0.183120 0.391648 0.189801 0.391466 0.201792 0.391466 0.211778 0.391214 0.220454 0.390904 0.226560 0.393607 0.226699 0.395385 0.227639 0.395682 0.222972 0.397547 0.223218 0.397221 0.228023 0.399599 0.228935 0.401516 0.224796 0.404039 0.219398 0.407023 0.213514 0.409404 0.207782 0.411130 0.204801 0.411354 0.197421 0.411542 0.190125 0.411500 0.185486 0.410096 0.181167 0.407104 0.178583 0.407211 0.174241 0.406927 0.173657 0.405026 0.174167 0.405615 0.166847 0.405625 0.163102
8 0.409182 0.349907 0.409135 0.344681 0.409182 0.337708 0.409089 0.334477 0.409372 0.332398 0.410260 0.329884 0.410766 0.329093 0.414026 0.321306 0.416969 0.313505 0.420456 0.305574 0.421299 0.302398 0.423279 0.298245 0.424685 0.294532 0.426599 0.290880 0.426273 0.289306 0.425385 0.289639 0.423333 0.295111 0.422135 0.298009 0.419310 0.304699 0.417531 0.308361 0.415542 0.313810 0.412990 0.321060 0.411273 0.325505 0.409948 0.328505 0.408846 0.331324 0.408471 0.334722 0.408497 0.340759 0.408568 0.346157 0.408568 0.350000
8 0.409698 0.387222 0.409698 0.382616 0.409669 0.374931 0.409562 0.367824 0.409654 0.363005 0.409531 0.358750 0.409438 0.354347 0.408799 0.353491 0.408724 0.358056 0.408711 0.359565 0.408917 0.365926 0.409062 0.374588 0.409008 0.379213 0.408992 0.384866 0.409177 0.387319
8 0.365768 0.306648 0.366937 0.309157 0.368552 0.306722 0.370036 0.304843 0.369831 0.302176 0.370484 0.301106 0.371214 0.300875 0.372258 0.299472 0.373526 0.295398 0.375344 0.291412 0.376846 0.288565 0.377927 0.286579 0.377820 0.284843 0.376776 0.283787 0.375487 0.283417 0.373708 0.288315 0.371229 0.292773 0.368443 0.299218 0.367362 0.300954
8 0.400594 0.366824 0.403154 0.369102 0.406943 0.371116 0.408174 0.369449 0.407927 0.368227 0.406156 0.367088 0.403596 0.364898 0.403031 0.364051 0.401510 0.365968
8 0.539089 0.467639 0.537734 0.467130 0.532500 0.466019 0.532344 0.463704 0.533958 0.463704 0.538073 0.464907 0.539958 0.465583
8 0.536977 0.495273 0.537641 0.483495 0.538547 0.483370 0.538859 0.484426 0.538341 0.492491
8 0.528297 0.510333 0.531563 0.507222 0.533352 0.504505 0.534083 0.503329 0.534013 0.505806 0.533151 0.507546 0.531979 0.508889 0.530807 0.509954 0.529378 0.511264
8 0.577344 0.639907 0.577776 0.636630 0.577615 0.631542 0.576318 0.627704 0.575724 0.626069 0.576536 0.625093 0.577552 0.626435 0.578641 0.629144 0.579234 0.632120 0.579297 0.637222 0.578857 0.640856 0.577885 0.640472
6 0.414190 0.351394 0.418680 0.348769 0.422807 0.346144 0.423109 0.344486 0.423229 0.341750 0.422417 0.339931 0.421089 0.336986 0.419945 0.334843 0.418680 0.335324 0.415786 0.336931 0.413346 0.338699 0.410151 0.340630 0.410063 0.341593 0.411328 0.344375 0.412833 0.348662
6 0.405690 0.343421 0.403219 0.344815 0.406159 0.351477 0.406784 0.353333 0.408409 0.352421 0.408198 0.351204 0.406781 0.347079
6 0.425000 0.293889 0.426018 0.294264 0.428875 0.295755 0.432396 0.298296 0.435638 0.300338 0.436721 0.301023 0.438073 0.303843 0.438307 0.305324 0.436823 0.304815 0.433583 0.302944 0.428633 0.300153 0.424831 0.297366 0.423880 0.296667
8 0.403505 0.331269 0.403833 0.335602 0.404544 0.338519 0.405690 0.343421 0.406781 0.347079 0.408198 0.351204 0.409438 0.354347 0.411544 0.356810 0.413193 0.357866 0.414112 0.359773 0.415292 0.361727 0.416117 0.363287 0.417865 0.365833 0.420073 0.369639 0.424292 0.376083 0.426927 0.380653 0.426948 0.378519 0.424589 0.374597 0.422943 0.372176 0.422224 0.370097 0.420938 0.368565 0.419719 0.366315 0.416693 0.361806 0.413021 0.355787 0.409799 0.352310 0.408568 0.350000 0.407531 0.346662 0.406438 0.342315 0.405711 0.339306 0.404982 0.335745
8 0.549617 0.515500 0.549471 0.516403 0.548315 0.517944 0.547953 0.519227 0.547737 0.520644 0.547016 0.521801 0.543328 0.524500 0.540003 0.526556 0.537690 0.526810 0.537906 0.525912 0.540219 0.525139 0.542172 0.523981 0.544557 0.522440 0.545786 0.520898 0.546508 0.518972 0.546943 0.517685 0.547375 0.516528 0.548786 0.516181
8 0.540219 0.519486 0.533336 0.536269 0.533062 0.531824 0.538339 0.517431
8 0.349141 0.271991 0.347292 0.272611 0.343586 0.274361 0.341617 0.274361 0.338669 0.272343 0.337987 0.268981 0.338745 0.266560 0.339727 0.265486 0.340786 0.265889 0.341771 0.266829 0.342299 0.268713 0.343964 0.268847 0.346990 0.267236
8 0.353456 0.276093 0.350945 0.270407 0.349661 0.266944 0.347518 0.260912 0.344794 0.261315 0.346990 0.267236 0.349107 0.272074 0.350966 0.275903 0.351693 0.277593
8 0.385964 0.251944 0.384125 0.253444 0.382437 0.256713 0.381565 0.257889 0.380180 0.259981 0.378943 0.261694 0.378039 0.263620 0.378883 0.264907 0.379766 0.265648 0.381203 0.263139 0.382198 0.262444 0.382378 0.260995 0.381414 0.261051 0.381354 0.260324 0.382831 0.259606 0.384062 0.257546 0.386018 0.255370 0.386143 0.252681
8 0.378268 0.227634 0.379727 0.229074 0.382320 0.230032 0.384479 0.230611 0.387612 0.230995 0.387557 0.232435 0.386760 0.232620 0.382573 0.232065 0.379638 0.231065 0.378594 0.230032 0.377891 0.228593
8 0.366641 0.276481 0.368237 0.276102 0.369922 0.275926 0.374047 0.275384 0.376508 0.275310 0.378805 0.276315 0.381065 0.277676 0.382602 0.278042 0.383594 0.279491 0.385443 0.280185 0.386953 0.282051 0.388385 0.283750 0.389115 0.284630 0.390802 0.287546 0.395385 0.296273 0.398784 0.302000 0.401003 0.306736 0.402737 0.310968 0.402865 0.313056 0.404219 0.317361 0.404281 0.318847 0.406044 0.325810 0.406771 0.325523 0.406813 0.324662 0.406664 0.323954 0.406000 0.321704 0.405807 0.319907 0.405172 0.317167 0.403906 0.314444 0.403021 0.309074 0.400003 0.302074 0.396977 0.296338 0.393227 0.289380 0.390685 0.285148 0.389635 0.283889 0.388940 0.282810 0.386589 0.280139 0.385208 0.278843 0.382500 0.277125 0.379641 0.275514 0.377026 0.274644 0.374518 0.274083 0.373005 0.273968 0.370312 0.274444 0.367883 0.275032 0.366510 0.275370
8 0.360943 0.298458 0.362130 0.301898 0.363411 0.303889 0.364880 0.303343 0.364005 0.301231 0.362943 0.298903 0.362193 0.295792 0.361005 0.296569
8 0.532833 0.481838 0.533599 0.482699 0.536060 0.477819 0.538398 0.472657 0.539005 0.470505 0.540536 0.468213 0.542312 0.464625 0.544570 0.459894 0.543844 0.458102 0.541990 0.461903 0.539958 0.465583 0.539089 0.467639 0.536625 0.472157 0.533479 0.479685 0.532711 0.481620
8 0.415505 0.354116 0.416917 0.351458 0.418680 0.348769 0.420628 0.348088 0.418651 0.351819 0.416745 0.357083 0.416120 0.356389
8 0.523490 0.401806 0.525487 0.405250 0.528190 0.409912 0.531055 0.414644 0.534039 0.420236 0.536539 0.424611 0.537669 0.426907 0.537427 0.428056 0.537065 0.428125 0.534523 0.423250 0.531216 0.417801 0.529078 0.414287 0.526375 0.409838 0.523956 0.405537 0.522784 0.403171
8 0.403646 0.363704 0.405849 0.365546 0.407122 0.366843 0.407435 0.367861 0.408503 0.367537 0.408346 0.366148 0.407021 0.363787 0.406523 0.363231 0.404648 0.362954
8 0.408964 0.368231 0.408174 0.369449 0.406943 0.371116 0.405214 0.374315 0.404109 0.375949 0.403557 0.378556 0.405581 0.382028 0.406646 0.381245 0.407125 0.379741 0.408266 0.376472 0.409062 0.374588
8 0.351693 0.277593 0.346719 0.277824 0.343000 0.278125 0.343000 0.276736 0.346516 0.276273 0.348958 0.276111 0.350966 0.275903
8 0.363151 0.263380 0.365346 0.265514 0.366753 0.265190 0.369096 0.265190 0.369018 0.262736 0.368523 0.261625 0.367508 0.261579 0.365789 0.261949
8 0.395234 0.231593 0.395682 0.222972 0.397547 0.223218 0.397221 0.228023 0.396742 0.229130 0.396591 0.233148
8 0.394125 0.240495 0.394638 0.237009 0.395060 0.233356 0.396211 0.234810 0.395870 0.237037
8 0.372031 0.277917 0.372799 0.278546 0.377479 0.278833 0.381823 0.279491 0.383594 0.279491 0.382602 0.278042 0.378768 0.277611 0.374253 0.276968 0.372318 0.276898
8 0.409557 0.367593 0.409643 0.373324 0.412161 0.367593
1 0.392552 0.326204 0.393542 0.325972 0.395651 0.325602 0.396849 0.325833 0.397214 0.326389 0.396380 0.326852 0.393073 0.327315 0.390156 0.327824 0.389276 0.328625 0.388854 0.328681 0.388010 0.328681 0.387135 0.329856 0.386594 0.331037 0.386414 0.332588 0.386406 0.334352 0.386797 0.335694 0.387406 0.336394 0.388594 0.337963 0.389688 0.339120 0.390547 0.339491 0.392917 0.339676 0.394844 0.339676 0.396641 0.339722 0.398802 0.339907 0.399661 0.340093 0.400078 0.340602 0.399896 0.341111 0.396708 0.341208 0.395052 0.341204 0.393724 0.341343 0.390469 0.340972 0.388646 0.339815 0.387031 0.337500 0.386367 0.336176 0.385948 0.334102 0.386042 0.330866 0.386789 0.329042 0.387721 0.328046 0.388703 0.327713 0.390026 0.326806
10 0.383078 0.321255 0.369141 0.311620 0.366937 0.309157 0.365768 0.306648 0.364984 0.309894 0.364245 0.313056 0.363146 0.313213 0.363044 0.314375 0.376227 0.335056 0.381198 0.343287 0.382661 0.341352 0.384617 0.341231 0.385893 0.340782 0.386076 0.339764 0.386701 0.338931 0.387031 0.337500 0.386367 0.336176 0.385948 0.334102 0.386042 0.330866 0.386789 0.329042 0.387721 0.328046 0.388703 0.327713 0.387674 0.325972 0.386414 0.323894 0.385201 0.322736
2 0.409633 0.366514 0.409654 0.363005 0.409607 0.359431 0.410870 0.357769 0.412326 0.357819 0.414112 0.359773 0.415292 0.361727 0.416117 0.363287 0.416589 0.364074 0.417526 0.366667 0.417737 0.367588 0.417023 0.367731 0.415951 0.366611 0.413151 0.366755 0.410760 0.366657
2 0.478411 0.401019 0.476964 0.404190 0.474701 0.402968 0.474701 0.401389 0.476031 0.397444 0.477969 0.394648 0.478307 0.386528 0.476737 0.384083 0.476375 0.385162 0.475260 0.383843 0.475937 0.380926 0.476924 0.377440 0.479266 0.371375 0.481146 0.365847 0.482737 0.361352 0.484964 0.355542 0.485521 0.354116 0.486711 0.350556 0.487581 0.349398 0.489458 0.350810 0.492063 0.352741 0.495099 0.355824 0.498133 0.359806 0.499797 0.361093 0.500013 0.362894 0.501026 0.362505 0.501169 0.361606 0.504062 0.364565 0.508977 0.368931 0.514328 0.374074 0.520687 0.379856 0.526471 0.384995 0.528352 0.387056 0.528062 0.397079 0.528062 0.404273 0.527049 0.407745 0.525487 0.405250 0.523490 0.401806 0.522784 0.403171 0.523956 0.405537 0.526375 0.409838 0.525703 0.412269 0.525260 0.413796 0.522714 0.420727 0.520109 0.426120 0.519750 0.428565 0.518448 0.428565 0.517797 0.427792 0.517435 0.420981 0.516714 0.420213 0.515049 0.424065 0.513604 0.422523 0.513604 0.421366 0.514760 0.417639 0.503932 0.406088 0.498674 0.401444 0.493451 0.397403 0.489687 0.393810 0.487518 0.392111 0.484417 0.389569 0.482552 0.387917 0.482417 0.388750 0.482073 0.390972 0.480643 0.394023 0.480904 0.396023
10 0.345104 0.285139 0.346237 0.282236 0.348383 0.280579 0.349315 0.279995 0.351789 0.280079 0.352677 0.282153 0.352630 0.284060 0.353937 0.286634 0.355198 0.293435 0.355289 0.295264 0.355943 0.296093 0.355477 0.297505 0.354216 0.295347 0.351742 0.296093
10 0.388854 0.328681 0.388010 0.328681 0.387135 0.329856 0.386594 0.331037 0.386414 0.332588 0.386406 0.334352 0.386797 0.335694 0.387406 0.336394 0.387813 0.335417 0.388047 0.333241 0.389638 0.334463 0.391052 0.335856 0.391867 0.336819 0.392500 0.336551 0.392122 0.335051 0.391474 0.333551 0.390208 0.332269 0.389427 0.331356 0.388672 0.331301 0.388521 0.330394 0.389245 0.329750 0.389396 0.329269 0.389276 0.328625
1 0.543471 0.546741 0.544641 0.542222 0.545409 0.537917 0.546013 0.534190 0.546740 0.529602 0.547182 0.530102 0.547182 0.532542 0.546375 0.537347 0.545208 0.543472 0.544401 0.546991 0.543359 0.547315
10 0.527870 0.572046 0.528768 0.574995 0.529448 0.575597 0.529487 0.577190 0.530320 0.578440 0.530286 0.575009 0.530651 0.572708 0.528172 0.568718 0.527789 0.569245
10 0.555310 0.451134 0.557701 0.453463 0.562771 0.456704 0.563568 0.456903 0.563568 0.455486 0.556789 0.449005 0.553310 0.445819 0.549406 0.442472 0.545781 0.440366 0.542818 0.437889 0.541005 0.438134 0.540620 0.439620 0.542120 0.440551 0.544297 0.441944 0.546721 0.445079 0.550208 0.448116
2 0.552247 0.612620 0.556135 0.609458 0.558971 0.606759 0.562727 0.603949 0.564216 0.602718 0.568146 0.603727 0.571333 0.605556 0.572758 0.609806 0.573214 0.616898 0.572245 0.623375 0.570708 0.626713 0.567630 0.628847 0.563854 0.629843 0.561641 0.628708 0.563305 0.627838 0.566706 0.626204 0.566167 0.623519 0.561036 0.625727 0.558146 0.625028 0.556716 0.622051 0.554305 0.621444 0.552578 0.620481 0.552479 0.618384 0.551839 0.616273 0.552190 0.614704
10 0.462526 0.312037 0.464854 0.311106 0.466875 0.310856 0.468549 0.313088 0.469422 0.314699 0.469385 0.319532 0.469211 0.321083 0.467086 0.318542 0.464888 0.315880 0.462057 0.313009
2 0.471979 0.324306 0.471276 0.322963 0.472089 0.321134 0.473552 0.320750 0.474365 0.321083 0.475427 0.322194 0.492672 0.347856 0.494893 0.351278 0.494682 0.352824 0.493672 0.353009 0.489870 0.349917 0.484120 0.341421 0.480544 0.336611 0.478794 0.334000 0.476224 0.330463
10 0.466599 0.319880 0.471354 0.330278 0.472859 0.333319 0.472352 0.332861 0.468922 0.331352 0.467268 0.329991 0.464003 0.329991 0.461177 0.330060 0.460599 0.330324 0.459401 0.327917 0.458880 0.328611 0.457370 0.328843 0.457026 0.328167 0.456693 0.327315 0.458315 0.324898 0.460292 0.320954 0.462388 0.317727 0.462813 0.315324
10 0.461443 0.331773 0.464958 0.338625 0.466846 0.340125 0.470935 0.342713 0.474062 0.344583 0.474141 0.345185 0.475885 0.341787 0.477107 0.339657 0.478148 0.338917 0.478464 0.340769 0.479737 0.340819 0.480206 0.342625 0.480766 0.341588 0.480896 0.340245 0.480544 0.336611 0.478794 0.334000 0.476312 0.334551 0.475427 0.335523 0.474568 0.336449 0.472859 0.333319 0.473094 0.334565 0.472130 0.334657 0.467344 0.332361 0.464688 0.331806
10 0.466055 0.341097 0.469026 0.345625 0.468398 0.347236 0.468016 0.348417 0.467633 0.349718 0.469763 0.353569 0.471586 0.350019 0.473516 0.346204 0.469604 0.343606
10 0.486891 0.397847 0.490951 0.399736 0.492513 0.397069 0.493451 0.397403 0.495201 0.399625 0.497451 0.402176 0.496201 0.403065 0.494201 0.407620 0.497638 0.409398 0.497760 0.411528 0.496745 0.412454 0.492870 0.413764 0.490570 0.418417 0.488940 0.421472 0.487302 0.424306 0.485427 0.424306 0.484805 0.423194 0.483734 0.421847 0.483604 0.419505 0.482224 0.418583 0.482193 0.416861 0.480435 0.415009 0.478742 0.417782 0.477492 0.418806 0.476013 0.418806 0.475831 0.415931 0.477286 0.413574 0.478693 0.410796 0.476219 0.408343 0.474500 0.411255 0.473240 0.412662 0.471471 0.412565 0.470919 0.410620 0.470919 0.408542 0.471857 0.408676 0.473763 0.404856 0.469365 0.398968 0.467622 0.396657 0.466135 0.399667 0.463766 0.404111 0.463242 0.405477 0.461573 0.405287 0.460742 0.403491 0.460948 0.401032 0.462185 0.399690 0.464711 0.395014 0.467396 0.390194 0.470857 0.383782 0.472807 0.380454 0.475307 0.375088 0.476924 0.377440 0.475937 0.380926 0.475260 0.383843 0.476375 0.385162 0.476737 0.384083 0.478307 0.386528 0.477969 0.394648 0.476031 0.397444 0.474701 0.401389 0.474701 0.402968 0.476964 0.404190 0.478411 0.401019 0.480904 0.396023 0.480643 0.394023 0.482073 0.390972 0.482417 0.388750 0.482552 0.387917 0.484417 0.389569 0.483130 0.393037 0.485641 0.396259
2 0.514648 0.520009 0.526260 0.521449 0.527393 0.520394 0.528745 0.492454 0.528148 0.492551 0.527448 0.500134 0.526260 0.503111 0.523883 0.506088 0.522479 0.506185 0.522208 0.507625 0.521940 0.508394 0.520643 0.508394 0.519346 0.507625 0.518484 0.505130 0.518214 0.503593 0.517997 0.503208 0.516971 0.504167 0.514758 0.504264 0.513461 0.503782 0.511573 0.516551 0.511810 0.518588
10 0.376490 0.304546 0.375406 0.303495 0.375208 0.296144 0.375555 0.291935 0.379099 0.291856 0.380000 0.291852 0.380208 0.293565 0.379974 0.294861 0.376688 0.295968 0.376982 0.304884
10 0.371406 0.284907 0.370086 0.285537 0.367768 0.287389 0.367245 0.286444 0.365609 0.285204 0.365609 0.283542 0.367570 0.284208 0.368880 0.283380 0.371589 0.282176 0.373437 0.280833 0.374193 0.280185 0.374792 0.281713 0.373750 0.283241
10 0.380208 0.293565 0.379609 0.289769 0.381641 0.290046 0.381927 0.292778 0.381328 0.293009
10 0.382594 0.305523 0.382872 0.308866 0.382594 0.309671 0.381094 0.309921 0.379839 0.308806 0.380083 0.308125 0.381589 0.307731 0.381477 0.305023 0.382070 0.304838
10 0.601125 0.663787 0.605229 0.675093 0.602810 0.675606 0.599810 0.664940
2 0.570516 0.708125 0.575742 0.706403 0.577000 0.711736 0.572258 0.714148
2 0.582904 0.689199 0.589969 0.687306 0.590549 0.690745 0.590646 0.693500 0.590646 0.695565 0.583000 0.697458 0.582904 0.695736 0.583193 0.693329
2 0.386099 0.314745 0.388964 0.311644 0.389589 0.311227 0.389922 0.311435 0.392135 0.312593 0.394354 0.314514 0.393000 0.315856 0.392766 0.315856 0.391724 0.317111 0.391125 0.318356 0.389901 0.319194 0.388781 0.322060 0.388156 0.323912 0.387674 0.325972 0.386414 0.323894 0.385201 0.322736
10 0.386901 0.293981 0.387083 0.292639 0.381927 0.292778 0.381328 0.293009 0.380208 0.293565 0.379974 0.294861 0.379141 0.296574 0.379010 0.299028 0.379349 0.301065 0.380339 0.302685 0.381042 0.304120 0.382083 0.303981 0.383516 0.305463 0.385026 0.306806 0.385391 0.306620 0.385391 0.307176 0.386172 0.308148 0.387057 0.308935 0.388203 0.309769 0.389922 0.311435 0.392135 0.312593 0.397604 0.317407 0.396641 0.314306 0.396276 0.313056 0.395026 0.312407 0.392760 0.310741 0.391641 0.309259 0.390208 0.308375 0.389766 0.307917 0.387497 0.306074 0.386326 0.305625 0.385859 0.304546 0.383385 0.301806 0.382760 0.301481 0.381581 0.301181 0.381057 0.298829 0.380130 0.296528 0.380339 0.295463 0.380990 0.294611 0.381617 0.294241 0.382208 0.294551
2 0.373203 0.260972 0.374057 0.256162 0.374208 0.254718 0.375534 0.255412 0.376536 0.256574 0.376680 0.257130 0.375294 0.258630
10 0.362706 0.260625 0.362742 0.258949 0.363648 0.257713 0.364102 0.254056 0.364729 0.251019 0.365357 0.246245 0.366786 0.247111 0.367867 0.247981 0.367656 0.250088 0.367240 0.252259 0.366786 0.252444 0.366750 0.254426 0.365948 0.258269 0.365635 0.260005 0.365914 0.260750 0.365789 0.261949 0.363961 0.262917 0.363195 0.261866
10 0.487518 0.392111 0.486891 0.397847 0.489323 0.399028 0.489687 0.393810 0.489687 0.393810
2 0.408698 0.359954 0.407396 0.361250 0.407396 0.364444 0.408346 0.366148 0.408917 0.365926
2 0.456401 0.438866 0.456888 0.442861 0.457776 0.444435 0.461182 0.442278 0.465057 0.438713 0.466068 0.437361 0.465102 0.433815 0.463797 0.429917 0.462490 0.425352 0.461695 0.424690 0.460857 0.425023 0.456198 0.430185
10 0.465682 0.435565 0.467818 0.437648 0.469641 0.438389 0.471359 0.439731 0.471984 0.440565 0.472714 0.439593 0.470708 0.437370 0.469120 0.435472 0.466672 0.433111 0.465917 0.433574 0.465630 0.434315
10 0.429068 0.272282 0.429891 0.268111 0.430339 0.265602 0.430339 0.265602 0.429141 0.265694 0.427617 0.265838 0.426990 0.267014 0.426224 0.268704 0.425391 0.267731 0.426786 0.264889 0.428099 0.264630 0.430339 0.264352 0.430872 0.263440 0.432188 0.258380 0.435078 0.250139 0.436198 0.246944 0.437266 0.247731 0.437370 0.248796 0.432857 0.261708 0.432667 0.262259 0.432500 0.263333 0.432112 0.264375 0.431432 0.268231 0.430794 0.269819 0.430453 0.271787 0.430167 0.273769
2 0.438490 0.276944 0.439148 0.271009 0.439273 0.268898 0.441336 0.269120 0.442711 0.270565 0.442188 0.274398 0.441771 0.277222
10 0.422760 0.262824 0.423898 0.260755 0.425187 0.258338 0.427383 0.254060 0.429445 0.250282 0.430240 0.247713 0.431453 0.249287 0.430146 0.252111 0.427500 0.258241 0.424826 0.263477 0.423799 0.265801 0.422812 0.264722 0.422352 0.264139
1 0.470263 0.419162 0.470422 0.418144 0.470930 0.418370 0.471883 0.420403 0.472997 0.423060 0.473919 0.425319 0.474396 0.425718 0.473664 0.423796 0.472870 0.421421 0.471630 0.418597 0.471216 0.417468 0.471344 0.416338 0.471852 0.416338 0.473060 0.420009 0.474648 0.424245 0.475570 0.426282 0.476492 0.428769 0.477352 0.430745 0.477797 0.432106 0.477542 0.432949 0.476779 0.432778 0.475380 0.429620 0.473792 0.426620 0.472107 0.422833
10 0.470971 0.484880 0.472112 0.484292 0.473729 0.484421 0.475974 0.485204 0.478253 0.485662 0.479320 0.485792 0.480141 0.490296 0.480141 0.495898 0.480313 0.499213
10 0.573135 0.583597 0.573135 0.589241 0.574096 0.596940 0.575732 0.602917 0.580060 0.608046 0.583906 0.610440 0.582992 0.607616 0.580203 0.603773 0.578953 0.599333 0.578471 0.596343 0.578521 0.592231 0.579578 0.589759 0.580878 0.589162 0.581885 0.585315 0.581164 0.583690 0.581406 0.581898 0.582026 0.580032 0.582911 0.578981 0.584680 0.578074 0.585513 0.577366 0.586560 0.575981 0.586826 0.574505 0.586372 0.574023 0.584440 0.573931 0.581997 0.571213 0.580786 0.569750 0.579055 0.569921 0.576318 0.570940 0.575646 0.574444 0.575164 0.576759 0.574875 0.577606 0.573914 0.577870 0.573193 0.577870 0.572857 0.571708 0.570646 0.573759 0.570646 0.577699 0.570596 0.580000 0.571987 0.581981
10 0.552578 0.620481 0.545344 0.616639 0.539573 0.613222 0.545807 0.632639 0.550182 0.630718 0.555422 0.628222 0.561036 0.625727 0.558146 0.625028 0.556716 0.622051 0.554305 0.621444
2 0.388862 0.351741 0.391281 0.349519 0.393057 0.348153 0.395154 0.347222 0.397211 0.346435 0.397615 0.343708 0.398789 0.342588 0.399385 0.343463 0.400250 0.342727 0.402021 0.340556 0.404544 0.338519 0.405690 0.343421 0.403219 0.344815 0.406159 0.351477 0.406784 0.353333 0.408409 0.352421 0.408799 0.353491 0.408698 0.357917 0.408711 0.359565 0.406888 0.361042 0.405271 0.362477 0.403031 0.364051 0.401510 0.365968 0.399740 0.367546 0.398620 0.368472 0.397656 0.368699 0.395911 0.365968 0.393622 0.361759 0.391250 0.357356 0.388643 0.353153
2 0.546771 0.635324 0.552828 0.632639 0.558607 0.629852 0.563305 0.627838 0.566706 0.626204 0.566167 0.623519 0.561036 0.625727 0.555422 0.628222 0.550182 0.630718 0.545807 0.632639
2 0.368880 0.283380 0.369896 0.275926 0.372388 0.275750 0.371927 0.279213 0.371589 0.282176
10 0.432857 0.261708 0.434333 0.266097 0.434667 0.271454 0.434667 0.276009 0.438490 0.276944 0.441771 0.277222 0.448104 0.276736 0.448974 0.277477 0.449914 0.281259 0.454977 0.291750 0.453273 0.297130 0.452109 0.300120 0.449716 0.297421 0.442789 0.288903 0.440349 0.285472 0.437336 0.282259 0.434745 0.278750 0.432005 0.275801 0.430167 0.273769 0.430453 0.271787 0.430794 0.269819 0.431432 0.268231 0.432112 0.264375 0.432500 0.263333 0.432667 0.262259
10 0.542865 0.560324 0.539734 0.562046 0.537516 0.561185 0.535055 0.561255 0.532594 0.562690 0.531224 0.565847 0.530484 0.569773 0.530651 0.572708 0.530286 0.575009 0.530320 0.578440 0.530982 0.581972 0.532578 0.585130 0.535560 0.585833 0.537370 0.585940 0.537865 0.585417 0.537969 0.580880 0.538880 0.571991 0.539997 0.568486 0.541276 0.564352
10 0.455648 0.292731 0.457518 0.299532 0.459836 0.304676 0.460891 0.307838 0.461193 0.309444 0.460854 0.310139 0.459393 0.313528 0.458344 0.315731 0.455104 0.318565 0.451375 0.318565 0.448570 0.317227 0.447516 0.312352 0.445773 0.310241 0.438961 0.306685 0.438307 0.305324 0.438073 0.303843 0.436721 0.301023 0.435638 0.300338 0.434711 0.295824 0.434711 0.293333 0.434849 0.289931 0.434245 0.286361 0.433448 0.289185 0.433216 0.292505 0.431956 0.292421 0.430089 0.291181 0.427560 0.285231 0.428552 0.282491 0.429263 0.277537 0.429635 0.274537 0.430495 0.275509 0.431578 0.276694 0.434130 0.279704 0.435823 0.281972 0.438750 0.285361 0.440964 0.288046 0.444396 0.292653 0.447104 0.295940 0.452852 0.302815 0.456076 0.306940 0.458995 0.310773 0.459378 0.310153 0.459169 0.309162 0.457320 0.306556 0.453237 0.301514 0.452813 0.300972
10 0.519036 0.545079 0.520109 0.541597 0.521789 0.538194 0.522724 0.536949 0.522841 0.536546 0.523102 0.536083 0.523518 0.535481 0.523727 0.535481 0.524169 0.535704 0.524917 0.535042 0.525570 0.534875 0.526690 0.536204 0.528651 0.536120 0.530190 0.536866 0.530891 0.538773 0.531078 0.541514 0.531357 0.545495 0.530797 0.549477 0.530471 0.553046 0.529320 0.556519 0.528555 0.557199 0.527370 0.557199 0.525487 0.555958 0.522422 0.553838 0.521286 0.551542 0.519422 0.547606 0.518583 0.545921
10 0.521201 0.539324 0.521122 0.534463 0.521018 0.527287 0.521201 0.526130 0.521799 0.526361 0.524065 0.527704 0.525003 0.529139 0.525836 0.527565 0.526747 0.527241 0.527841 0.527935 0.528674 0.529185 0.528701 0.530620 0.528518 0.532102 0.528388 0.533120 0.529794 0.532472 0.530784 0.532565 0.531617 0.533491 0.532034 0.534694 0.532581 0.536130 0.533336 0.536269 0.534638 0.535574 0.535914 0.535343 0.536591 0.535852 0.536826 0.537472 0.537000 0.540241 0.538016 0.540426 0.538901 0.539412 0.539474 0.539731 0.539370 0.541681 0.538719 0.543764 0.538146 0.544690 0.537859 0.547185 0.537859 0.549037 0.539380 0.552384 0.539651 0.554977 0.538516 0.556995 0.537977 0.559491 0.537516 0.561185 0.535055 0.561255 0.532594 0.562690 0.532125 0.562889 0.531362 0.562889 0.530719 0.564102 0.530000 0.563722 0.528768 0.561681 0.527917 0.561606 0.527969 0.559676 0.526833 0.557870 0.527370 0.557199 0.528555 0.557199 0.529320 0.556519 0.530471 0.553046 0.530797 0.549477 0.531357 0.545495 0.531078 0.541514 0.530891 0.538773 0.530190 0.536866 0.528651 0.536120 0.526690 0.536204 0.525570 0.534875 0.524917 0.535042 0.524169 0.535704 0.523727 0.535481 0.523518 0.535481 0.523102 0.536083 0.522841 0.536546 0.522724 0.536949 0.521789 0.538194
2 0.537859 0.549037 0.543359 0.547315 0.544401 0.546991 0.549609 0.544810 0.549932 0.545333 0.551005 0.553625 0.548854 0.551792 0.546737 0.551991 0.544208 0.556889 0.542956 0.560120 0.539734 0.562046 0.537516 0.561185 0.537977 0.559491 0.538516 0.556995 0.539651 0.554977 0.539380 0.552384
3 0.590346 0.569639 0.589953 0.576366 0.589635 0.586574 0.592682 0.586713 0.593906 0.587083 0.593745 0.574977 0.593596 0.568935 0.592943 0.568333 0.590643 0.568324
