8 0.598281 0.486065 0.597581 0.491009 0.597591 0.492014 0.601591 0.499458 0.603250 0.496523
1 0.494336 0.341787 0.496099 0.337944 0.497112 0.336912 0.497906 0.337301 0.498341 0.338458 0.498484 0.339870
1 0.493953 0.347412 0.491068 0.355662 0.490701 0.354227 0.492435 0.347412
10 0.415419 0.073884 0.416099 0.074403 0.416388 0.075949 0.416872 0.076981 0.419195 0.078704 0.422435 0.082181 0.421120 0.082898 0.418789 0.082542 0.416867 0.082542 0.414828 0.083944
2 0.538253 0.298634 0.540005 0.298352 0.546284 0.311667 0.544578 0.316343 0.536495 0.314051 0.533682 0.314884 0.532862 0.315926 0.531573 0.318009 0.530635 0.319259 0.529932 0.313218 0.531104 0.300509 0.531690 0.300509
2 0.532979 0.280722 0.531901 0.290690 0.531901 0.293333 0.536763 0.291102 0.536763 0.291102
8 0.609885 0.510097 0.603495 0.528926 0.599906 0.533125 0.599206 0.531259 0.606383 0.511500
8 0.586427 0.545884 0.586779 0.547440 0.593430 0.543708 0.612422 0.523324 0.614523 0.520833 0.614966 0.519009 0.615836 0.516634
8 0.574576 0.380935 0.587885 0.400222 0.587628 0.400537 0.580352 0.393495 0.572922 0.383250
8 0.580781 0.357593 0.581839 0.356356 0.583714 0.355940 0.584534 0.356148 0.589104 0.370519 0.593555 0.380102 0.602109 0.391352 0.609276 0.400833 0.607969 0.403639 0.602227 0.403639 0.589104 0.385519 0.583596 0.373227 0.580901 0.361773
8 0.626034 0.483921 0.624820 0.483921 0.622997 0.494722 0.624820 0.494181
8 0.625224 0.481222 0.627555 0.479778 0.631302 0.490940 0.627755 0.492741
8 0.634542 0.489500 0.632312 0.490583 0.612201 0.445537 0.612263 0.444852 0.612263 0.444852 0.616414 0.449176 0.634034 0.488060
8 0.595443 0.508750 0.621781 0.468079 0.622591 0.468079 0.623503 0.469699 0.599909 0.506245
8 0.595857 0.486079 0.600414 0.500481 0.598591 0.503722 0.593831 0.491301 0.593831 0.486259
8 0.575706 0.450616 0.583096 0.461417 0.583807 0.455833 0.577729 0.447194
8 0.563451 0.429551 0.574490 0.447912 0.576516 0.444671 0.554339 0.409569 0.552516 0.411727
8 0.530625 0.446296 0.554096 0.464204 0.554490 0.470019 0.529318 0.450954
8 0.531797 0.441296 0.531542 0.444444 0.553508 0.461301 0.553901 0.458278
8 0.523151 0.435347 0.534271 0.443194 0.552839 0.457778 0.549182 0.450528 0.524237 0.428838
8 0.497664 0.379431 0.507563 0.391481 0.509729 0.397991 0.506883 0.399917 0.495630 0.387144
8 0.508229 0.356065 0.542539 0.425704 0.544435 0.422333 0.510003 0.353403
8 0.372448 0.200185 0.394760 0.225245 0.396159 0.226333 0.397135 0.224769 0.373229 0.198014
8 0.395911 0.235324 0.396711 0.237856 0.406430 0.233236 0.405581 0.230829
8 0.426924 0.207944 0.428763 0.209185 0.428763 0.235171 0.427099 0.234861
8 0.445026 0.250491 0.450385 0.243847 0.451398 0.242046 0.454792 0.238699 0.455094 0.242120 0.450471 0.247935 0.449565 0.247801 0.448505 0.248472 0.448203 0.250088 0.448203 0.250759 0.445932 0.253449
8 0.475552 0.246981 0.481120 0.249861 0.479440 0.251352 0.479398 0.254181 0.479398 0.254181 0.474234 0.252741
8 0.454792 0.238699 0.472008 0.245542 0.470995 0.250759 0.458133 0.245722 0.455094 0.242120
8 0.427044 0.227176 0.417625 0.223574 0.417523 0.226097 0.421169 0.229519 0.427044 0.232398
8 0.429901 0.226769 0.429464 0.229259 0.429112 0.233148 0.433227 0.237194 0.436115 0.241241 0.439003 0.247931 0.444430 0.262093 0.451247 0.283829 0.452359 0.288481 0.461724 0.326259 0.470747 0.363352 0.472674 0.365843 0.474247 0.367866 0.476000 0.368801 0.476612 0.367708 0.476263 0.363977 0.475823 0.360708 0.462958 0.311852 0.450057 0.264861 0.441654 0.241102 0.438924 0.235343 0.435581 0.231019
8 0.500000 0.267083 0.492742 0.263181 0.490203 0.261000 0.487578 0.257269 0.481802 0.248398 0.479440 0.251352 0.478651 0.254153 0.484602 0.263491 0.486966 0.265046 0.488542 0.264269 0.489328 0.264426 0.490818 0.270958 0.494143 0.271894
8 0.525078 0.282130 0.531901 0.290690 0.531901 0.293333 0.526737 0.294736
8 0.364633 0.193796 0.365247 0.195356 0.392818 0.191931 0.404458 0.190218 0.404719 0.188819 0.404107 0.188042 0.366122 0.193796
8 0.381044 0.193426 0.397062 0.215829 0.413620 0.239745 0.414583 0.237102 0.383250 0.193222
8 0.367917 0.174769 0.375268 0.185491 0.375354 0.181287 0.369055 0.172421
8 0.345729 0.163102 0.350240 0.157847 0.351352 0.159824 0.351875 0.162032 0.347885 0.166681
8 0.337531 0.149375 0.338576 0.147167 0.344984 0.142866 0.345310 0.146005 0.342500 0.148444 0.338185 0.151236
8 0.349755 0.136356 0.349036 0.140542 0.347401 0.141356 0.346357 0.141241 0.347859 0.134148
8 0.352747 0.115593 0.344940 0.108000 0.344328 0.111579 0.351854 0.119514
8 0.354115 0.116481 0.351609 0.129287 0.349685 0.127574 0.352747 0.115593
14 0.632151 0.499565 0.635190 0.501546 0.637721 0.504426 0.640151 0.508926 0.641872 0.514329 0.642279 0.517750 0.641974 0.520810 0.633771 0.548171 0.618409 0.591560 0.616284 0.593000 0.614055 0.593361 0.612435 0.592819 0.607573 0.602903 0.606258 0.601102 0.605549 0.596602 0.603117 0.593903 0.601701 0.594264 0.600789 0.598764 0.598763 0.602903 0.597245 0.600921 0.596638 0.599843 0.595625 0.598403 0.594612 0.595162 0.594206 0.592644 0.594815 0.589403 0.597750 0.579139 0.598055 0.574639 0.598055 0.568338 0.598055 0.566537 0.599271 0.561134 0.614966 0.519009 0.620130 0.505505 0.621753 0.503884 0.622461 0.500644 0.623169 0.499023 0.624891 0.497583 0.626917 0.497227 0.628940 0.497403
14 0.668852 0.481741 0.682523 0.482824 0.685458 0.484801 0.687383 0.486782 0.689307 0.490023 0.691333 0.494884 0.692346 0.502625 0.691534 0.509829 0.691333 0.510546 0.681711 0.522250 0.661964 0.526389 0.659737 0.525491 0.656901 0.524769 0.653560 0.522250 0.652344 0.520810 0.651331 0.518468 0.650318 0.519907 0.649307 0.520088 0.647786 0.519009 0.646268 0.515588 0.644547 0.510907 0.643635 0.506944 0.643534 0.503347 0.644852 0.495426 0.645862 0.491644 0.647586 0.489481 0.649711 0.488583 0.650318 0.488764 0.651130 0.488583 0.653052 0.485162 0.654370 0.483903 0.657307 0.482282 0.659130 0.481921
8 0.528776 0.306343 0.534643 0.345690 0.541438 0.388602 0.546828 0.418389 0.550344 0.433384 0.551516 0.437968 0.552453 0.440468 0.552687 0.442134 0.551750 0.442343 0.549875 0.441093 0.548937 0.440051 0.539328 0.388394 0.531831 0.340065 0.526432 0.306389
14 0.641698 0.425481 0.641174 0.422685 0.641701 0.420972 0.641349 0.417861 0.641437 0.413037 0.641961 0.409926 0.643013 0.406032 0.644763 0.403699 0.647651 0.400745 0.651240 0.398097 0.654128 0.397477 0.658680 0.398255 0.661568 0.400431 0.662792 0.402921 0.663844 0.405880 0.664719 0.408833 0.666380 0.414125 0.670844 0.445713 0.675307 0.470606 0.663229 0.474495 0.651677 0.480255
14 0.580505 0.403412 0.578987 0.404671 0.577771 0.407190 0.576859 0.410431 0.575745 0.412773 0.574227 0.413130 0.572505 0.413491 0.572607 0.415111 0.572909 0.416370 0.572201 0.416912 0.569669 0.417093 0.568352 0.417093 0.566732 0.418713 0.566430 0.421954 0.566531 0.428255 0.567643 0.432574 0.569669 0.433833 0.572807 0.434014 0.574732 0.434375 0.575846 0.437074 0.577466 0.440676 0.579594 0.442296 0.582935 0.443736 0.586479 0.443199 0.590633 0.443736 0.612201 0.445537 0.612201 0.444639
14 0.626997 0.406597 0.629023 0.414519 0.629833 0.422801 0.629023 0.432523 0.628414 0.437384 0.626693 0.441162 0.625073 0.443324 0.623250 0.444222 0.621023 0.444403 0.589326 0.402454 0.616667 0.404255 0.621427 0.403718 0.624161 0.404255 0.625680 0.406417
14 0.592414 0.333361 0.601276 0.323963 0.604109 0.320542 0.606440 0.320181 0.607047 0.322343 0.607654 0.325764 0.609174 0.327921 0.612010 0.334042 0.625883 0.371671 0.633174 0.390394 0.635706 0.391833 0.636010 0.394713 0.632768 0.399037 0.629427 0.404435 0.626997 0.406597 0.625680 0.406417 0.624161 0.404255 0.621427 0.403718 0.616667 0.404255 0.616565 0.401917 0.615148 0.400833 0.612922 0.400833 0.610187 0.400833 0.609276 0.400833 0.592263 0.357449 0.589831 0.349347 0.589224 0.346468 0.588211 0.344486 0.587299 0.342685 0.587198 0.341963
14 0.580464 0.299694 0.595148 0.326338 0.594742 0.329037 0.592414 0.333361 0.583401 0.347222 0.580870 0.352444 0.578440 0.354245 0.576617 0.352083 0.573375 0.345602 0.575503 0.337861 0.580667 0.323819 0.581984 0.319495 0.581984 0.316796 0.579958 0.313556 0.577630 0.310495 0.576109 0.308514
14 0.546539 0.289792 0.548260 0.284213 0.554539 0.271787 0.558185 0.267829 0.560211 0.267106 0.561932 0.267648 0.565680 0.270889 0.568617 0.275569 0.579250 0.295551 0.577529 0.295551 0.571451 0.293574 0.566388 0.290514 0.561932 0.287454 0.559604 0.284750 0.558490 0.282949 0.557477 0.284032 0.557375 0.285653 0.554844 0.285111 0.552615 0.284569 0.550893 0.285111 0.549680 0.285653 0.549070 0.288713 0.548464 0.292491
14 0.428615 0.104866 0.453628 0.127185 0.461729 0.135106 0.462539 0.137449 0.463146 0.140509 0.463146 0.143032 0.464260 0.145912 0.469120 0.151852 0.470336 0.153653 0.471146 0.157611 0.468310 0.167333 0.467906 0.170213 0.466385 0.172194 0.464867 0.172194 0.462031 0.169495 0.458995 0.166616 0.456969 0.165713 0.455146 0.166796 0.453120 0.167153 0.450589 0.165894 0.434385 0.152394 0.434891 0.149333 0.434589 0.145731 0.432563 0.144653 0.415146 0.132227 0.423044 0.115306 0.422234 0.114407 0.414536 0.131329 0.414536 0.129167 0.414740 0.127727 0.415346 0.124667 0.416664 0.116204 0.417576 0.112065 0.418992 0.108463 0.420513 0.105403 0.421828 0.103245 0.423651 0.102884 0.425474 0.104685 0.426690 0.104866
14 0.402313 0.089236 0.403094 0.096940 0.403904 0.101625 0.403599 0.108282 0.403500 0.114944 0.401878 0.123769 0.408359 0.127727 0.415346 0.124667 0.416664 0.116204 0.417576 0.112065 0.418992 0.108463 0.420513 0.105403 0.421828 0.103245 0.423651 0.102884 0.425474 0.104685 0.426690 0.104866 0.428615 0.104866 0.429221 0.103782 0.427904 0.092981 0.427602 0.088843 0.427195 0.085241 0.425979 0.082361 0.423549 0.081278 0.422435 0.082181 0.421120 0.082898 0.418789 0.082542 0.416867 0.082542 0.414828 0.083944
14 0.414828 0.083944 0.415792 0.066519 0.415003 0.063097 0.414216 0.060449 0.412815 0.057495 0.412203 0.056093 0.411854 0.052361 0.410802 0.051894 0.409578 0.052361 0.409052 0.052204 0.408964 0.050491 0.409578 0.041000 0.408878 0.040222 0.406951 0.039755 0.404326 0.039602 0.403276 0.040222 0.402313 0.041778 0.401786 0.043023 0.401263 0.047537 0.400211 0.054069 0.398987 0.055162 0.397674 0.056250 0.397062 0.058894 0.396711 0.063097 0.397500 0.064185 0.398286 0.068852 0.398813 0.074764 0.401438 0.083481 0.402313 0.089236
8 0.511211 0.362264 0.508060 0.377204 0.507096 0.383269 0.505609 0.384204 0.506659 0.389495 0.503070 0.386227 0.509458 0.358375
8 0.598281 0.486065 0.603250 0.496523 0.604768 0.494542 0.599099 0.481940
8 0.602034 0.461778 0.605984 0.460157 0.610945 0.485000 0.606276 0.491852
8 0.617122 0.488602 0.613174 0.499583 0.609630 0.501745 0.612971 0.491843 0.615807 0.488963
8 0.502552 0.267546 0.507883 0.270491 0.503159 0.272514 0.501844 0.275315 0.499831 0.273606
6 0.570003 0.554681 0.568924 0.559579 0.568263 0.561324 0.567844 0.561773 0.566255 0.561620 0.562826 0.559542 0.559883 0.550963
6 0.574828 0.532981 0.573909 0.533579 0.568974 0.537444 0.566464 0.537889 0.561781 0.538634 0.559940 0.538190 0.558102 0.537444 0.556510 0.536699 0.555331 0.536940 0.556930 0.543394 0.559857 0.545028 0.564375 0.545921 0.566966 0.545921 0.570146 0.543986 0.572990 0.541162
5 0.494346 0.285713 0.500167 0.273509 0.502552 0.267546 0.502846 0.266769 0.502456 0.266069 0.501945 0.265528 0.500000 0.267083 0.494086 0.271880 0.491208 0.273394
8 0.400974 0.191167 0.400799 0.193347 0.395198 0.210463 0.393971 0.208750 0.399924 0.190704
8 0.448544 0.279833 0.434029 0.265417 0.433964 0.266000 0.436318 0.269833 0.448216 0.281806 0.449172 0.280750 0.449172 0.280750
8 0.482914 0.195231 0.481380 0.201940 0.477719 0.191958
5 0.395773 0.191792 0.399924 0.190704 0.397513 0.197560 0.393971 0.208750 0.383250 0.193222 0.383250 0.193222
8 0.392177 0.056759 0.408529 0.018597 0.416185 0.000000 0.417042 0.000000 0.417263 0.000282 0.417263 0.000481 0.408375 0.023079 0.392698 0.058519
8 0.432734 0.108463 0.430250 0.100560 0.432604 0.099051 0.436461 0.112065
8 0.560612 0.379338 0.561081 0.374819 0.561487 0.371222 0.563714 0.371222 0.562602 0.379144 0.559023 0.400801 0.558487 0.405833 0.556841 0.405319
8 0.541797 0.289815 0.556159 0.263435 0.554604 0.262282 0.541297 0.287806
8 0.385898 0.074042 0.386089 0.068838 0.388346 0.054708 0.389352 0.046681 0.389185 0.036718 0.388849 0.028838 0.389937 0.028838 0.390521 0.041329 0.390271 0.050546 0.388682 0.060806 0.386911 0.071343
8 0.579039 0.525620 0.582112 0.550843 0.579693 0.552120 0.577602 0.529574 0.578549 0.525500 0.578549 0.525500
8 0.578125 0.517731 0.571174 0.478444 0.568690 0.468097 0.567708 0.464264 0.563656 0.459032 0.559536 0.454731 0.558818 0.452523 0.556464 0.452176 0.556464 0.454384 0.557117 0.456593 0.559536 0.459616 0.562674 0.462287 0.564375 0.464148 0.566401 0.468796 0.568232 0.477046 0.573396 0.501690 0.576208 0.518542
6 0.417292 0.245185 0.401852 0.235231 0.396711 0.237856 0.397604 0.240824 0.412594 0.251574
8 0.364409 0.142097 0.366716 0.143083 0.365875 0.143894 0.366716 0.146093 0.365930 0.146181 0.365154 0.145491 0.363799 0.145662 0.361443 0.144921 0.356872 0.143657 0.355906 0.146741 0.355932 0.145181 0.355932 0.141051 0.356794 0.140667 0.358458 0.140412 0.362094 0.141454
1 0.347188 0.105611 0.340112 0.097255 0.339299 0.099699 0.349279 0.111856
8 0.371370 0.162273 0.365875 0.143894 0.367393 0.142611 0.372237 0.158931
8 0.412555 0.137421 0.410039 0.142412 0.408974 0.141551 0.411781 0.136560
8 0.422234 0.114407 0.423044 0.115306 0.415146 0.132227 0.414536 0.131329
2 0.373185 0.172139 0.372135 0.176338 0.369055 0.172421 0.384581 0.105495 0.388510 0.108454 0.384273 0.126611 0.456044 0.171690 0.484279 0.189972 0.488138 0.171019 0.491464 0.173028 0.475552 0.246981 0.469917 0.271644 0.465969 0.273977 0.451685 0.248773 0.455094 0.242120 0.458133 0.245722 0.458133 0.245722 0.468096 0.262634 0.473661 0.237069 0.400974 0.191167 0.404458 0.190218 0.404719 0.188819 0.404107 0.188042 0.404107 0.188042 0.404107 0.188042 0.398138 0.189019
6 0.500042 0.246537 0.510354 0.236333 0.510003 0.233417 0.507424 0.230500 0.496526 0.242167
6 0.497464 0.253204 0.490203 0.261000 0.487578 0.257269 0.486099 0.255287 0.493130 0.246954
5 0.581497 0.472644 0.587448 0.470319 0.587708 0.472181 0.580451 0.481593 0.580255 0.484847 0.582216 0.484847 0.580060 0.500306 0.581237 0.501815 0.582052 0.499051 0.584065 0.499208 0.583000 0.504606 0.586794 0.512741 0.589146 0.511931 0.590258 0.477875 0.594049 0.479731 0.593831 0.486259 0.595857 0.486079 0.597581 0.491009 0.600458 0.472296 0.602549 0.457069 0.602289 0.454630 0.588427 0.443468 0.586479 0.443199 0.585419 0.444750 0.583523 0.453231 0.583807 0.455833 0.583096 0.461417
2 0.420471 0.249528 0.413016 0.257477 0.412609 0.259648 0.414099 0.262301 0.419115 0.259648 0.428802 0.282366 0.443096 0.314028 0.445859 0.313519 0.451654 0.312671 0.448458 0.305958 0.447740 0.305148 0.447086 0.303750 0.446888 0.302241 0.446766 0.300611 0.444544 0.297051 0.439818 0.287407 0.427385 0.260171 0.427008 0.258023 0.426224 0.254940 0.425495 0.253102 0.432151 0.245782 0.431388 0.242694 0.429245 0.241204 0.428964 0.237287 0.428763 0.235171 0.427099 0.234861 0.427044 0.232398 0.425773 0.234898 0.425773 0.234898 0.417716 0.244315
5 0.428523 0.217690 0.434193 0.223269 0.433990 0.226329 0.432878 0.229032 0.429901 0.226769 0.429464 0.229259 0.429112 0.233148
8 0.539622 0.399190 0.540935 0.399523 0.538435 0.410407 0.537622 0.408741
8 0.536563 0.394079 0.534687 0.402968 0.533563 0.400745 0.535625 0.392745
8 0.524378 0.400523 0.525815 0.400745 0.526878 0.401301 0.527940 0.403190 0.531250 0.405963 0.530750 0.408185 0.524365 0.404727
8 0.518443 0.390528 0.519943 0.391417 0.519318 0.396412 0.517005 0.396301
8 0.535062 0.403523 0.534687 0.402968 0.535375 0.399745 0.537560 0.396079 0.538685 0.397856
8 0.542997 0.407963 0.540997 0.416074 0.541872 0.417296 0.543685 0.410630
8 0.553203 0.422685 0.551797 0.427361 0.551797 0.427361 0.550344 0.433384 0.551232 0.436810 0.553669 0.428259 0.554070 0.423148
8 0.611201 0.459171 0.613112 0.481639 0.615266 0.478611 0.613039 0.459171
8 0.599120 0.480167 0.605492 0.484486 0.605602 0.486407 0.599099 0.481940
8 0.599930 0.483907 0.605924 0.488037 0.605979 0.489861 0.600794 0.486023
6 0.502318 0.364662 0.509039 0.359778 0.507594 0.366458 0.503721 0.368148 0.503029 0.365440
8 0.572427 0.555866 0.573516 0.556167 0.577195 0.553190 0.579693 0.552120 0.579370 0.549921 0.573935 0.547690
8 0.571508 0.546944 0.566966 0.545921 0.564375 0.545921 0.559857 0.545028 0.556930 0.543394 0.559883 0.550963 0.570003 0.554681
14 0.665328 0.560255 0.663201 0.562412 0.662203 0.563287 0.661701 0.564329 0.661617 0.566708 0.662203 0.571764 0.668424 0.561713 0.678104 0.546227 0.703555 0.504935 0.702104 0.504245 0.701039 0.503903 0.699393 0.503903 0.698427 0.504593 0.696201 0.506310 0.695523 0.506829 0.694362 0.507861 0.693104 0.508722 0.691333 0.510546 0.681711 0.522250 0.671909 0.532463 0.666297 0.539861 0.664555 0.544162 0.663974 0.547949 0.663682 0.552079 0.663781 0.554829 0.663974 0.557412
5 0.398130 0.201421 0.395198 0.210463 0.414583 0.237102 0.414583 0.237102 0.413620 0.239745 0.411771 0.237329 0.411583 0.238083 0.414331 0.243431 0.417531 0.245384 0.417716 0.244315 0.425773 0.234898 0.427044 0.232398 0.421169 0.229519 0.417523 0.226097 0.417625 0.223574 0.427044 0.227176 0.427307 0.214630 0.418294 0.216611 0.417990 0.214449 0.424464 0.212861 0.416292 0.203796 0.417323 0.208625 0.417224 0.210361 0.416737 0.211579 0.407701 0.215139 0.398813 0.205241
6 0.522000 0.281991 0.522271 0.296931 0.518339 0.298861 0.518068 0.288255
8 0.427307 0.214630 0.418294 0.216611 0.417990 0.214449 0.427104 0.212106
6 0.458109 0.311986 0.456385 0.309134 0.450878 0.300384 0.448458 0.305958 0.451654 0.312671
2 0.456057 0.336361 0.459456 0.344898 0.462266 0.347606 0.464492 0.348231 0.466953 0.348440 0.463367 0.331944
6 0.473331 0.351593 0.482005 0.343157 0.491362 0.329181 0.500862 0.314653 0.508128 0.303407 0.518068 0.288255 0.522000 0.281991 0.520536 0.278759 0.517992 0.281106 0.501799 0.306116 0.494771 0.316944 0.482956 0.334481 0.472380 0.346532
6 0.517992 0.281106 0.517146 0.255384 0.516198 0.224051 0.520263 0.241403 0.520536 0.278759
6 0.514951 0.195708 0.518068 0.193778 0.520779 0.196431 0.521458 0.236921 0.519341 0.229713 0.515831 0.208046
6 0.520914 0.219088 0.525388 0.219329 0.525117 0.250778 0.521458 0.236921 0.521458 0.236921
6 0.525659 0.260056 0.525078 0.282130 0.522000 0.281991 0.522000 0.281991 0.520536 0.278759 0.520536 0.278759 0.520263 0.241403
5 0.381432 0.177903 0.380016 0.180065 0.379914 0.181144 0.380318 0.182403 0.381573 0.183273 0.378789 0.186398 0.382318 0.191435 0.388948 0.190394 0.398141 0.189065
6 0.524417 0.389231 0.524365 0.404727 0.524190 0.410949 0.520828 0.396620 0.520742 0.396389 0.520128 0.387519 0.520042 0.380361
5 0.508461 0.381606 0.512393 0.395995 0.509729 0.397991 0.507563 0.391481 0.506659 0.389495 0.505609 0.384204 0.507096 0.383269
2 0.508461 0.381606 0.509747 0.379833 0.516401 0.372676 0.517714 0.375940 0.511062 0.383722 0.515701 0.396481 0.512393 0.395995
8 0.553073 0.504167 0.546841 0.509144 0.546372 0.507273 0.552464 0.502481
8 0.545784 0.504995 0.551760 0.500606 0.552464 0.502481 0.546180 0.506704
8 0.538703 0.479431 0.546716 0.485264 0.547253 0.483060 0.539612 0.476606
5 0.630786 0.457278 0.646979 0.466722 0.647888 0.459120 0.644648 0.441616 0.644000 0.441847 0.640503 0.440231 0.638818 0.438389 0.635969 0.434014 0.629750 0.419273 0.629833 0.422801 0.629023 0.432523 0.628414 0.437384 0.626693 0.441162 0.625073 0.443324 0.623250 0.444222 0.621023 0.444403
8 0.540232 0.473472 0.547570 0.478718 0.547419 0.481542 0.540000 0.476157
5 0.626997 0.406597 0.629427 0.404435 0.634542 0.400477 0.641437 0.413037 0.641349 0.417861 0.641701 0.420972 0.641174 0.422685 0.641698 0.425481 0.644648 0.441616 0.644000 0.441847 0.640503 0.440231 0.638818 0.438389 0.635969 0.434014 0.629750 0.419273 0.629023 0.414519
2 0.371443 0.179588 0.368432 0.193565 0.364633 0.193796 0.368638 0.175773
8 0.529648 0.455963 0.536018 0.460102 0.535612 0.462620 0.531359 0.460282
8 0.640826 0.525236 0.643630 0.524375 0.646437 0.540551 0.647891 0.551731 0.646826 0.552250 0.642568 0.526958 0.640182 0.527315
6 0.546456 0.402764 0.546456 0.416616 0.547068 0.419727 0.547505 0.422218 0.551016 0.422838 0.550469 0.412750 0.548638 0.412519 0.548240 0.410889 0.548698 0.409380 0.550076 0.408218
6 0.513591 0.333384 0.494336 0.341787 0.485667 0.344606 0.488919 0.347977 0.489521 0.349102 0.513503 0.337588
6 0.525406 0.304602 0.525143 0.320935 0.523044 0.321403 0.522964 0.312769 0.524802 0.304366
8 0.540313 0.278866 0.534185 0.274509 0.533917 0.277806 0.539773 0.281972
8 0.539773 0.281972 0.540313 0.278866 0.542307 0.276204 0.543794 0.277449 0.545721 0.279625 0.542234 0.284889
8 0.356633 0.134528 0.358677 0.136412 0.360417 0.131032 0.358526 0.129282
5 0.373740 0.192597 0.376318 0.186269 0.380258 0.191556
5 0.373544 0.194662 0.374029 0.198963 0.397135 0.224769 0.403547 0.231824 0.405581 0.230829 0.406430 0.233236 0.406159 0.234236 0.411289 0.239912 0.411771 0.237329 0.397062 0.215829 0.381044 0.193426
8 0.647786 0.519009 0.648138 0.520560 0.654885 0.524894 0.661633 0.528116 0.669193 0.531000 0.669255 0.529449 0.661964 0.526389 0.659737 0.525491 0.656901 0.524769 0.653560 0.522250 0.649307 0.520088
8 0.634935 0.588269 0.632083 0.596565 0.630076 0.599986 0.628820 0.598944 0.630911 0.595227 0.633763 0.586931
8 0.580505 0.403412 0.577422 0.401412 0.574023 0.399329 0.570039 0.398287 0.568633 0.397662 0.567344 0.394745 0.567109 0.391829 0.568047 0.389537 0.570508 0.389329 0.580352 0.393495 0.589326 0.402454 0.621023 0.444403 0.649130 0.482023 0.643388 0.484523
8 0.376143 0.182532 0.382318 0.191435 0.380258 0.191556 0.376318 0.186269
6 0.468029 0.351662 0.465609 0.354889 0.467349 0.357981 0.469089 0.356366
5 0.398130 0.201421 0.398813 0.205241 0.407701 0.215139 0.416737 0.211579 0.417224 0.210361 0.417323 0.208625 0.415516 0.200204 0.400974 0.191167 0.400799 0.193347
8 0.435581 0.231019 0.448984 0.236435 0.451398 0.242046 0.450385 0.243847 0.440563 0.238986 0.438924 0.235343
6 0.480505 0.187569 0.476630 0.177241 0.476005 0.177796 0.475068 0.178574 0.474445 0.179796 0.474195 0.181014 0.475630 0.184125
8 0.372143 0.123074 0.374023 0.135796 0.375974 0.139269 0.374240 0.124616
8 0.368167 0.090046 0.367516 0.091204 0.368529 0.099042 0.370336 0.097500 0.369323 0.090560
8 0.358336 0.115750 0.370552 0.104824 0.370841 0.106755 0.359781 0.117032
6 0.339568 0.132931 0.332479 0.141394 0.337531 0.149375 0.339164 0.146792 0.339164 0.146792 0.343315 0.139231
8 0.355711 0.113236 0.358336 0.115750 0.364914 0.121532 0.364604 0.123245 0.357482 0.117139
8 0.365419 0.119731 0.363479 0.119023 0.363292 0.120245 0.364914 0.121532 0.367443 0.122819 0.369417 0.123801 0.370727 0.121356
8 0.373099 0.121528 0.380219 0.124389 0.379844 0.126944 0.374240 0.124616 0.372266 0.123194
8 0.385646 0.094639 0.384531 0.096079 0.383924 0.097519 0.382505 0.101301 0.381797 0.104361 0.378974 0.110694 0.367354 0.132134 0.366143 0.130787 0.366167 0.129245 0.379620 0.102667 0.380227 0.100329 0.382557 0.096185 0.383872 0.093847 0.384380 0.091324 0.385599 0.091144 0.386161 0.091921 0.386224 0.093144
8 0.376781 0.108282 0.372096 0.109838 0.372284 0.111171 0.376219 0.109838
8 0.372284 0.111171 0.372977 0.116361 0.371602 0.118912 0.370977 0.113583 0.371039 0.112139 0.371352 0.111472
8 0.366276 0.137569 0.368898 0.142519 0.369221 0.144167 0.369906 0.148181 0.369422 0.147968 0.367810 0.143880 0.367393 0.142611 0.365510 0.139361
8 0.571924 0.351824 0.583742 0.374231 0.584180 0.374074 0.582427 0.366917 0.580901 0.361773 0.580677 0.359292 0.578440 0.354245 0.576617 0.352083 0.573375 0.345602
6 0.485703 0.200185 0.495753 0.224046 0.495451 0.226023 0.494539 0.228005 0.493323 0.228727 0.484208 0.206403
8 0.441242 0.218329 0.451398 0.242046 0.452690 0.240866 0.442383 0.217338 0.441687 0.217148
8 0.444758 0.218824 0.444539 0.220250 0.451690 0.233542 0.454615 0.239106 0.455966 0.239236 0.456076 0.239171 0.446005 0.220495
8 0.450602 0.224713 0.457424 0.240019 0.459357 0.240537 0.451555 0.224060
8 0.440534 0.221468 0.443490 0.228796 0.444875 0.231324 0.446370 0.232431 0.447393 0.232755 0.447029 0.231194 0.444911 0.228861 0.442833 0.224384 0.440971 0.219847
8 0.439805 0.224125 0.443891 0.234181 0.442617 0.233921 0.439367 0.226204
8 0.438638 0.228731 0.442320 0.233208 0.442174 0.233792 0.440461 0.233144 0.438237 0.230611
8 0.448560 0.231907 0.452828 0.235477 0.452755 0.236838 0.450018 0.234764
8 0.429245 0.241204 0.431388 0.242694 0.437721 0.246727 0.437948 0.245625 0.438005 0.245324 0.436310 0.241907 0.428964 0.237287
8 0.463042 0.231389 0.463380 0.233801 0.465417 0.234301 0.468466 0.236611 0.472930 0.241435 0.473271 0.240028 0.468411 0.234602
8 0.477620 0.239926 0.481633 0.247866 0.482536 0.246861 0.478523 0.238722
8 0.481250 0.220509 0.517555 0.271148 0.517992 0.281106 0.479570 0.228199 0.480026 0.225324
6 0.485990 0.265972 0.486966 0.265046 0.488542 0.264269 0.489328 0.264426 0.494669 0.286676 0.498870 0.307213 0.495018 0.308926
8 0.635286 0.497454 0.663201 0.562412 0.665328 0.560255 0.637526 0.496250
8 0.525859 0.424074 0.564557 0.457315 0.568047 0.458750 0.569974 0.458056 0.526805 0.421347
8 0.533628 0.382032 0.539773 0.391213 0.538802 0.384815 0.533888 0.377148 0.532646 0.377963 0.532909 0.379009 0.533758 0.380403 0.533823 0.381449
8 0.483391 0.210597 0.489154 0.225162 0.490792 0.231389 0.490453 0.233699 0.490961 0.234403 0.491695 0.231088 0.489661 0.222648 0.485706 0.212602 0.483786 0.208384
8 0.483786 0.208384 0.485706 0.212602 0.489661 0.222648 0.491695 0.231088 0.493792 0.236153 0.494867 0.235449 0.492661 0.228315 0.490573 0.221583 0.484208 0.206403
8 0.481620 0.218792 0.482987 0.218792 0.484893 0.220444 0.486701 0.222440 0.487872 0.224347 0.489336 0.227477 0.490167 0.229296 0.490656 0.230685 0.490792 0.231389 0.490607 0.233292 0.489776 0.232250 0.489531 0.229819 0.487872 0.226259 0.485625 0.223046 0.484307 0.221833 0.482745 0.220875 0.481279 0.220181
8 0.494539 0.228005 0.496302 0.230083 0.501156 0.237384 0.499664 0.239375 0.496396 0.233731 0.495648 0.234727 0.493323 0.228727
8 0.495648 0.234727 0.498310 0.240704 0.499664 0.239375 0.496396 0.233731
8 0.504130 0.262227 0.503914 0.263185 0.506396 0.269907 0.507883 0.270491 0.505641 0.263764
8 0.501159 0.257713 0.501052 0.259440 0.502185 0.260884 0.502456 0.264051 0.502456 0.266069 0.502846 0.266769 0.502552 0.267546 0.503805 0.268468 0.503805 0.264625 0.503482 0.262130 0.503049 0.260403
8 0.460526 0.246912 0.460888 0.249227 0.468477 0.261306 0.469128 0.259380 0.461682 0.247042
6 0.447729 0.251667 0.454635 0.271162 0.457086 0.271472 0.458661 0.272097 0.459948 0.272231 0.453081 0.251153 0.451685 0.248773 0.450911 0.247685 0.450471 0.247935 0.449565 0.247801 0.448505 0.248472 0.448203 0.250088 0.448203 0.250759
6 0.444680 0.262991 0.440081 0.260019 0.445852 0.270722 0.447107 0.271023
6 0.437133 0.258019 0.433302 0.256088 0.433302 0.254292 0.428818 0.253134 0.429615 0.259690 0.430987 0.262000 0.442987 0.269713
6 0.450578 0.267144 0.454049 0.269329 0.454635 0.271162 0.452971 0.271162 0.452971 0.271162 0.452008 0.272560
6 0.463383 0.281981 0.473169 0.310977 0.467818 0.311125 0.463648 0.300259 0.463826 0.289991
8 0.483958 0.322278 0.474005 0.341907 0.473672 0.340718 0.473589 0.337593 0.473336 0.333875 0.478104 0.325102
6 0.510057 0.339231 0.509471 0.340718 0.490635 0.360847 0.491013 0.356815 0.491068 0.355662 0.496029 0.349773 0.502930 0.342681
8 0.495052 0.364398 0.498109 0.361065 0.512641 0.345269 0.513393 0.347051 0.499268 0.363148 0.496339 0.365231 0.495052 0.365440
8 0.514005 0.325981 0.519273 0.341000 0.519273 0.335796 0.515341 0.325088
8 0.513336 0.309324 0.513669 0.312449 0.511997 0.321074 0.509990 0.327912 0.508484 0.334755 0.507563 0.333861 0.509070 0.327023 0.511828 0.317208 0.512583 0.312301 0.512497 0.309625
2 0.330354 0.138690 0.337138 0.113486 0.350607 0.119787 0.351315 0.121407 0.349685 0.127574 0.342201 0.121407 0.339872 0.128069 0.347859 0.134148 0.346357 0.141241 0.344984 0.142866 0.339164 0.146792 0.343315 0.139231 0.339568 0.132931 0.332479 0.141394
3 0.594674 0.612083 0.593299 0.616454 0.593888 0.620472 0.595068 0.625014 0.600177 0.632699 0.597229 0.638639 0.599706 0.641102 0.601867 0.636907 0.603734 0.643199 0.606823 0.644537 0.603690 0.632792 0.599883 0.622440 0.596411 0.614278
10 0.580130 0.599681 0.578068 0.604398 0.579737 0.615227 0.583078 0.618199 0.585143 0.618546 0.586813 0.618023 0.589565 0.620995 0.591531 0.623963 0.593693 0.629556 0.597229 0.638639 0.600177 0.632699 0.595068 0.625014 0.593888 0.620472 0.593299 0.616454 0.594674 0.612083 0.593612 0.608704 0.592346 0.606815 0.585635 0.600903 0.584357 0.602653
15 0.467352 0.330069 0.487388 0.320903 0.494771 0.316944 0.501799 0.306116 0.478013 0.317153 0.465833 0.322546
6 0.453490 0.315926 0.460742 0.325528 0.450339 0.331343 0.444323 0.316620
2 0.581237 0.501815 0.580060 0.500306 0.573122 0.487069 0.572818 0.487250 0.574844 0.498231 0.579906 0.508495
2 0.568232 0.477046 0.559755 0.461685 0.548516 0.443144 0.546693 0.442963 0.545781 0.443685 0.545680 0.445125 0.549182 0.450528 0.553901 0.458278 0.561604 0.474153 0.570859 0.490190
10 0.370961 0.079514 0.376076 0.080884 0.377190 0.067741 0.377797 0.070083 0.377898 0.075481 0.377898 0.083583 0.379266 0.084014 0.381492 0.083116 0.382305 0.081856 0.383518 0.081495 0.385898 0.081245 0.384482 0.081782 0.384482 0.080884 0.384987 0.077644 0.385898 0.074042 0.386911 0.071343 0.387823 0.069542 0.388836 0.067199 0.390253 0.062162 0.391570 0.057477 0.392177 0.056759 0.393393 0.059278 0.392380 0.065042 0.391063 0.070620 0.390253 0.073500 0.388633 0.078903 0.388026 0.080343 0.387422 0.082130 0.388227 0.082505 0.390203 0.082935 0.391115 0.082037 0.392227 0.079333 0.393240 0.076815 0.394151 0.075194 0.395469 0.074472 0.395672 0.067634 0.395974 0.062231 0.396177 0.058449 0.396076 0.055750 0.396076 0.054310 0.397089 0.054310 0.397674 0.056250 0.397062 0.058894 0.396711 0.063097 0.397500 0.064185 0.398286 0.068852 0.398813 0.074764 0.401438 0.083481 0.402313 0.089236 0.403094 0.096940 0.403904 0.101625 0.403599 0.108282 0.403500 0.114944 0.401878 0.123769 0.398708 0.122542 0.399620 0.119662 0.399518 0.116963 0.400026 0.114259 0.399115 0.112282 0.397898 0.111921 0.396784 0.108319 0.395773 0.105440 0.396279 0.104181 0.388682 0.104718 0.383315 0.104898 0.381797 0.104361 0.382505 0.101301 0.383924 0.097519 0.384531 0.096079 0.385646 0.094639 0.392633 0.096440 0.397292 0.096977 0.398000 0.096259 0.398102 0.093019 0.397797 0.087616 0.397292 0.085278 0.396885 0.081676 0.395872 0.080056 0.394456 0.080954 0.393849 0.083116 0.393138 0.085097 0.391417 0.085995 0.389393 0.085634 0.387872 0.085278 0.386659 0.084375 0.385898 0.084662 0.384987 0.088806 0.384380 0.091324 0.383872 0.093847 0.383570 0.094745 0.382747 0.094630 0.382557 0.096185 0.382557 0.096185 0.380227 0.100329 0.379620 0.102667 0.378911 0.103028 0.376279 0.101949 0.375771 0.100505 0.374859 0.095106 0.374659 0.092046 0.375872 0.085023 0.375013 0.083477 0.373393 0.082935 0.371469 0.082394 0.370758 0.081676 0.370354 0.080773
10 0.598763 0.602903 0.599755 0.602472 0.610187 0.608593 0.612010 0.610394 0.611503 0.614894 0.610490 0.619755 0.609680 0.619935 0.605224 0.617056
10 0.613932 0.639056 0.627734 0.616046 0.630237 0.619972 0.614563 0.643065 0.614563 0.643065
1 0.645193 0.541949 0.643458 0.542722 0.641505 0.543491 0.639409 0.544907 0.635867 0.547093 0.635216 0.546963 0.634133 0.546579 0.635000 0.544264 0.636083 0.544264 0.638253 0.543366 0.640060 0.542338 0.641435 0.542208 0.643385 0.540921 0.644687 0.540407
1 0.646349 0.539509 0.646437 0.540551 0.646536 0.541384 0.650513 0.547810 0.650995 0.549162 0.651497 0.549755 0.653003 0.549310 0.654924 0.548866 0.656513 0.547426 0.656008 0.545241 0.653766 0.546014 0.652682 0.546912 0.652031 0.547426 0.649602 0.544394
10 0.644904 0.531412 0.645987 0.532056 0.646206 0.530255 0.647000 0.528972 0.647940 0.529486 0.648518 0.530898 0.649674 0.532440 0.650687 0.534111 0.651120 0.534755 0.653073 0.538995 0.651409 0.544778 0.649602 0.544394 0.646349 0.539509
10 0.639844 0.528329 0.643023 0.530125 0.644687 0.540407 0.643385 0.540921 0.641435 0.542208 0.636734 0.538611
10 0.658208 0.542810 0.664146 0.539144 0.671909 0.532463 0.666297 0.539861 0.664555 0.544162 0.663974 0.547949 0.663682 0.552079 0.663781 0.554829 0.663974 0.557412
7 0.595182 0.543287 0.595279 0.542440 0.599211 0.538130 0.601805 0.535005 0.606656 0.541699 0.599880 0.559690 0.599271 0.561134 0.598768 0.562634 0.598768 0.562634 0.597513 0.559509 0.595758 0.555944 0.594919 0.552227 0.594919 0.548806 0.595172 0.545681
10 0.595182 0.543287 0.595172 0.545681 0.594919 0.548806 0.594919 0.552227 0.595758 0.555944 0.597513 0.559509 0.598768 0.562634 0.597763 0.564565 0.589568 0.570218 0.587128 0.571870 0.584766 0.572648 0.582039 0.573935 0.573432 0.566870 0.568914 0.578769 0.564977 0.565755 0.566732 0.562931 0.567844 0.561773 0.568263 0.561324 0.568740 0.559361 0.569995 0.559810 0.571583 0.558472 0.572253 0.556093 0.573424 0.556241 0.579615 0.551926 0.582206 0.550440
10 0.568914 0.578769 0.573432 0.566870 0.592839 0.582634 0.588070 0.594231 0.586648 0.597356 0.582148 0.593741 0.578049 0.591509 0.574536 0.590917 0.572779 0.590917
1 0.606823 0.644537 0.610586 0.661546 0.613013 0.679394 0.615104 0.701546 0.616023 0.718500 0.615187 0.744375 0.614016 0.760282 0.610503 0.769949 0.604815 0.779912 0.593607 0.793889 0.588672 0.797606 0.581729 0.802069 0.576378 0.801620 0.573031 0.799241 0.571526 0.796713 0.570021 0.791657 0.569685 0.788537 0.570021 0.766977 0.569182 0.758051 0.568849 0.751958 0.567760 0.752106 0.568013 0.759986 0.568849 0.764597 0.568013 0.767569 0.566924 0.770843 0.566508 0.774708 0.566591 0.781546 0.567174 0.789278 0.569182 0.796417 0.573198 0.802218 0.576042 0.804597 0.579638 0.805486 0.583318 0.804597 0.587250 0.801921 0.590930 0.798648 0.593607 0.796120 0.601135 0.786903 0.605568 0.780806 0.610669 0.772329 0.613346 0.766676 0.615104 0.761472 0.616357 0.753741 0.616943 0.745116 0.617279 0.729949 0.617109 0.718056 0.616609 0.701250 0.615438 0.685787 0.614352 0.676565 0.611674 0.659167 0.608852 0.646250 0.604708 0.631519 0.601685 0.622560 0.598549 0.615394 0.594966 0.608227 0.591432 0.602662 0.587417 0.598056 0.582148 0.593741 0.578049 0.591509 0.574536 0.590917 0.572779 0.590917 0.573281 0.593148 0.574956 0.593148 0.577464 0.593889 0.580391 0.595227 0.583737 0.597606 0.587753 0.601472 0.592346 0.606815 0.593612 0.608704 0.596411 0.614278 0.599883 0.622440 0.603690 0.632792
10 0.620148 0.629009 0.616229 0.626023 0.613766 0.633407 0.616229 0.635579
3 0.610490 0.619755 0.610531 0.620968 0.609076 0.622958 0.614339 0.640676 0.614563 0.643065 0.611651 0.648440 0.608852 0.646250 0.604708 0.631519 0.601685 0.622560 0.598549 0.615394 0.594966 0.608227 0.595862 0.605838 0.596646 0.604245 0.597990 0.604245 0.598763 0.602903 0.605224 0.617056
10 0.632008 0.563583 0.635185 0.563736 0.636776 0.575778 0.639284 0.577713 0.636859 0.563435 0.633253 0.560282
10 0.635599 0.556898 0.635930 0.555528 0.632083 0.552551 0.618409 0.591560 0.619620 0.592847 0.614518 0.600880 0.614266 0.604000 0.616357 0.607421 0.611841 0.612477 0.611503 0.614894 0.622130 0.625861 0.627734 0.616046 0.624805 0.613519 0.624471 0.610843 0.624471 0.609505 0.625307 0.609056 0.630242 0.611884 0.632669 0.607569 0.633086 0.605935 0.637771 0.608759 0.640448 0.604745 0.632083 0.596565 0.630076 0.599986 0.628820 0.598944 0.630911 0.595227 0.624471 0.589431 0.627398 0.580657 0.644964 0.598500 0.651070 0.588241 0.630661 0.570245 0.631078 0.567569 0.633253 0.560282 0.655000 0.582292 0.657594 0.578278
10 0.644971 0.572356 0.647062 0.585296 0.644052 0.582472 0.642474 0.570000
10 0.654089 0.580981 0.654255 0.582769 0.653672 0.584255 0.653003 0.584847 0.652250 0.580241
10 0.635599 0.556898 0.646560 0.551394 0.646826 0.552250 0.647891 0.551731 0.647648 0.550352 0.650995 0.549162 0.651497 0.549755 0.653003 0.549310 0.654924 0.548866 0.657016 0.549310 0.658104 0.550204 0.660948 0.557042 0.662203 0.563287 0.661701 0.564329 0.661617 0.566708 0.662203 0.571764 0.660948 0.573102 0.657937 0.556449 0.657016 0.554218 0.655594 0.553472 0.654341 0.553472 0.653169 0.553921 0.649740 0.555259 0.653169 0.574292 0.650659 0.572208 0.647732 0.556449 0.643049 0.558829 0.643466 0.564625 0.638615 0.560019
10 0.582602 0.296000 0.580464 0.299694 0.576109 0.308514 0.572424 0.304606 0.568982 0.303528 0.563615 0.300468 0.559562 0.295065 0.560372 0.311269 0.561284 0.331611 0.560070 0.351958 0.560474 0.362759 0.561081 0.374819 0.560612 0.379338 0.559260 0.377875 0.559026 0.342046 0.559495 0.328088 0.559378 0.317884 0.558792 0.309968 0.558089 0.293301 0.557375 0.285653 0.557477 0.284032 0.558490 0.282949 0.559604 0.284750 0.561932 0.287454 0.566388 0.290514 0.571451 0.293574 0.577529 0.295551 0.579250 0.295551
2 0.559562 0.295065 0.563615 0.300468 0.568982 0.303528 0.572424 0.304606 0.576109 0.308514 0.577630 0.310495 0.579958 0.313556 0.581984 0.316796 0.581984 0.319495 0.580667 0.323819 0.575503 0.337861 0.573375 0.345602 0.570602 0.359338 0.569690 0.366181 0.569589 0.367620 0.568677 0.367440 0.565943 0.369060 0.563411 0.374282 0.563615 0.377880 0.564018 0.379324 0.562602 0.379144 0.563714 0.371222 0.561487 0.371222 0.561081 0.374819 0.560474 0.362759 0.560070 0.351958 0.561284 0.331611 0.560372 0.311269
10 0.355628 0.148926 0.356938 0.147593 0.358187 0.146370 0.359063 0.147370 0.359125 0.149481 0.359063 0.154037 0.358625 0.155370 0.357500 0.157037 0.356875 0.158144 0.356190 0.159588 0.356128 0.162921 0.356003 0.170032 0.351690 0.170921 0.350565 0.169810 0.350440 0.167588 0.350690 0.164032 0.351875 0.162032 0.351128 0.159366 0.351128 0.159366 0.351315 0.153148 0.355641 0.150343
15 0.342201 0.121407 0.339872 0.128069 0.347859 0.134148 0.349755 0.136356 0.349755 0.136356 0.351734 0.138097 0.352641 0.137097 0.354479 0.136921 0.355352 0.137611 0.355932 0.141051 0.356794 0.140667 0.358458 0.140412 0.362094 0.141454 0.362435 0.139255 0.356633 0.134528 0.356154 0.133792 0.351609 0.129287 0.349685 0.127574
2 0.347188 0.105611 0.349779 0.103231 0.350617 0.104421 0.351286 0.106056 0.352539 0.109329 0.353961 0.111111 0.354539 0.112194 0.355711 0.113236 0.357893 0.118102 0.363901 0.128088 0.366143 0.130787 0.369937 0.135347 0.370690 0.138472 0.373117 0.154829 0.372237 0.158931 0.370273 0.151556 0.368432 0.139213 0.365565 0.134384 0.363828 0.132069 0.354630 0.119440 0.354044 0.118102 0.354115 0.116481 0.352747 0.115593 0.349279 0.111856
2 0.361443 0.144921 0.355951 0.180134 0.357411 0.181792 0.363799 0.145662
2 0.365565 0.134384 0.364409 0.142097 0.362094 0.141454 0.363828 0.132069
2 0.367443 0.122819 0.366143 0.130787 0.363901 0.128088 0.364914 0.121532
2 0.369469 0.108167 0.367805 0.120245 0.365419 0.119731 0.366865 0.110606
2 0.441797 0.216944 0.437917 0.231991 0.435581 0.231019 0.432878 0.229032 0.433990 0.226329 0.434193 0.223269 0.436927 0.213907
10 0.386742 0.116181 0.396779 0.111125 0.396695 0.109491 0.395776 0.107407 0.394268 0.106519 0.392430 0.106519 0.390172 0.107259 0.388510 0.108454
2 0.432563 0.144653 0.434589 0.145731 0.434891 0.149333 0.434385 0.152394 0.430812 0.152028 0.412555 0.137421 0.411781 0.136560 0.407815 0.133991 0.407427 0.132148 0.400560 0.128236 0.397841 0.126852 0.395638 0.124778 0.394471 0.124088 0.393177 0.124088 0.391622 0.124088 0.388383 0.122477 0.385792 0.127315 0.384273 0.126611 0.386320 0.116968 0.398708 0.122542 0.401878 0.123769 0.408359 0.127727 0.414536 0.131329 0.415146 0.132227
2 0.411781 0.136560 0.407815 0.133991 0.407427 0.132148 0.400560 0.128236 0.397841 0.126852 0.395638 0.124778 0.394471 0.124088 0.393177 0.124088 0.391622 0.124088 0.388383 0.122477 0.385792 0.127315 0.408974 0.141551
10 0.360896 0.074875 0.370096 0.084389 0.369763 0.086769 0.365497 0.083199 0.355711 0.113236 0.354539 0.112194 0.364323 0.081713 0.360563 0.076954
2 0.349036 0.140542 0.352641 0.137097 0.354479 0.136921 0.355352 0.137611 0.355932 0.141051 0.355932 0.145181 0.355641 0.150343 0.342479 0.159463 0.338185 0.151236 0.342500 0.148444 0.345310 0.146005 0.344984 0.142866 0.346357 0.141241 0.347401 0.141356
10 0.363799 0.145662 0.357411 0.181792 0.366026 0.187644 0.368638 0.175773 0.367917 0.174769 0.361669 0.169921 0.362734 0.161838 0.370672 0.166481 0.370961 0.163384 0.364477 0.156847 0.365930 0.146181 0.365154 0.145491
2 0.451771 0.223611 0.460789 0.241542 0.464422 0.242792 0.459151 0.228000
7 0.485964 0.265556 0.485990 0.264398 0.484714 0.264167 0.480286 0.266759 0.473445 0.269870 0.471805 0.270495 0.470516 0.271329 0.465359 0.274037 0.466062 0.277157 0.473211 0.300282 0.478013 0.317153 0.495018 0.308926 0.495018 0.308926
1 0.505635 0.284667 0.508786 0.295560 0.509573 0.294472 0.506247 0.284199
1 0.506685 0.282644 0.511148 0.290116 0.510536 0.291514 0.506247 0.284199
1 0.501128 0.287199 0.506227 0.299056 0.507076 0.298125 0.501846 0.286153
1 0.499323 0.277060 0.498974 0.280324 0.498974 0.281884 0.503526 0.303042 0.504312 0.302111 0.499849 0.281259 0.500286 0.277370
10 0.525406 0.304602 0.526018 0.304287 0.526432 0.306389 0.527333 0.312069 0.529258 0.324519 0.523044 0.324361 0.523044 0.321403 0.525143 0.320935
10 0.518542 0.307361 0.516313 0.309347 0.515174 0.311991 0.514737 0.316505 0.515263 0.320546 0.515526 0.322884 0.516224 0.324769 0.517109 0.326481 0.518763 0.320861
2 0.544435 0.422333 0.545633 0.422463 0.548937 0.440051 0.526805 0.421347 0.524190 0.410949 0.524365 0.404727 0.528828 0.410019 0.528042 0.415306 0.533643 0.418421 0.534604 0.417954 0.535042 0.416708 0.537055 0.418106 0.538719 0.418884 0.542539 0.425704
1 0.557727 0.405662 0.559143 0.406380 0.562086 0.408125 0.564505 0.410449 0.566076 0.413005 0.567383 0.415329 0.568352 0.417093 0.567383 0.417889 0.564833 0.413356 0.562609 0.410796 0.560844 0.409519 0.559341 0.408704 0.557901 0.407894
1 0.554456 0.404731 0.553346 0.405546 0.552227 0.406593 0.551451 0.407403 0.550076 0.408218 0.548698 0.409380 0.548240 0.410889 0.548638 0.412519 0.550469 0.412750 0.552516 0.411727 0.554339 0.409569 0.555234 0.408681 0.555823 0.408565 0.557138 0.409380 0.558706 0.411588 0.560536 0.414380 0.561693 0.414866 0.561714 0.417750 0.566422 0.426116 0.566349 0.422861 0.561844 0.413796 0.557987 0.407986 0.557727 0.405662 0.556026 0.404500
6 0.500862 0.314653 0.500430 0.315972 0.501349 0.324005 0.502521 0.325343 0.506870 0.323704 0.511828 0.317208 0.512583 0.312301 0.512497 0.309625
2 0.556776 0.413792 0.557685 0.413792 0.561693 0.414866 0.561391 0.420380
2 0.560557 0.425088 0.558591 0.447949 0.552539 0.443106 0.554734 0.415537
2 0.570125 0.473532 0.572859 0.473171 0.573669 0.474255 0.575594 0.473713 0.575997 0.473352 0.581497 0.472644 0.587448 0.470319 0.587708 0.472181 0.580451 0.481593 0.580354 0.483796 0.575391 0.490815 0.572818 0.487250 0.572818 0.487250
2 0.430812 0.152028 0.429906 0.155023 0.410039 0.142412 0.412555 0.137421
6 0.534667 0.347310 0.550297 0.374056 0.559401 0.388519 0.558143 0.397491 0.537914 0.364630
6 0.531758 0.342333 0.526159 0.329597 0.526607 0.344722 0.528958 0.349301 0.535115 0.359852
6 0.560753 0.390931 0.569115 0.404995 0.561599 0.403787 0.559023 0.400801
6 0.565349 0.407431 0.568484 0.407431 0.571508 0.408426 0.576859 0.410431 0.575745 0.412773 0.574227 0.413130 0.572505 0.413491 0.572607 0.415111 0.572909 0.416370 0.572201 0.416912 0.569669 0.417093 0.564229 0.408227
8 0.575706 0.450616 0.583096 0.461417 0.582313 0.465296 0.572266 0.459259 0.571060 0.458389
6 0.569753 0.458097 0.582313 0.465296 0.582055 0.468926 0.564872 0.459176 0.565273 0.457667 0.567776 0.458745 0.567977 0.458815
8 0.578997 0.485616 0.577872 0.495949 0.580060 0.500306 0.582216 0.484847 0.582216 0.484847 0.580255 0.484847 0.580354 0.483796
8 0.529318 0.450954 0.525690 0.448611 0.528701 0.454412 0.540745 0.462889 0.541831 0.460806
8 0.542000 0.463676 0.554797 0.472894 0.554490 0.470019 0.543086 0.461889
8 0.553961 0.473639 0.553292 0.474681 0.552456 0.475421 0.550781 0.475569 0.549612 0.475569 0.548690 0.474231 0.547102 0.472745 0.541414 0.469472 0.540578 0.469324 0.538654 0.469028 0.537482 0.468134 0.536396 0.466056 0.535977 0.464417 0.535612 0.462620 0.546099 0.467690 0.553625 0.472597
6 0.590258 0.477875 0.594049 0.479731 0.593276 0.509032 0.589146 0.511931
6 0.623617 0.461546 0.624393 0.460685 0.631940 0.469458 0.639102 0.486833 0.634940 0.488727
6 0.641328 0.494060 0.644135 0.500255 0.643534 0.503347 0.643635 0.506944 0.644232 0.509028 0.643651 0.509375 0.637682 0.495926
8 0.615872 0.484463 0.620305 0.477921 0.622146 0.477921 0.622565 0.479407 0.616792 0.487736 0.615807 0.488963 0.612971 0.491843 0.609630 0.501745 0.601648 0.505259 0.601487 0.504241 0.602323 0.503051 0.606003 0.500227 0.610604 0.493681 0.611440 0.490856
6 0.608344 0.472565 0.611104 0.471227 0.613112 0.481639 0.610945 0.485000
8 0.671078 0.447481 0.677266 0.458037 0.675174 0.460866 0.673083 0.456699
8 0.569589 0.367620 0.569685 0.369505 0.581060 0.384968 0.577799 0.386009 0.574576 0.380935 0.572922 0.383250 0.574956 0.386009 0.571190 0.387347 0.567174 0.381102 0.566255 0.380361 0.565000 0.379912 0.564018 0.379324 0.563615 0.377880 0.563411 0.374282 0.565943 0.369060 0.568677 0.367440
8 0.543099 0.373056 0.539948 0.378981 0.539687 0.377639 0.542451 0.371986
8 0.541672 0.370519 0.539339 0.375000 0.538828 0.373194 0.540924 0.369606
8 0.535115 0.359852 0.533112 0.370069 0.532172 0.370329 0.531305 0.369944 0.530945 0.368403 0.533258 0.356449
8 0.523477 0.347917 0.528958 0.349301 0.531068 0.353056 0.523620 0.350602
8 0.512128 0.338278 0.519500 0.356014 0.519573 0.362694 0.510057 0.339231
6 0.508490 0.335417 0.507563 0.333861 0.503385 0.325324 0.501349 0.324005 0.500430 0.315972 0.497258 0.319949 0.498341 0.325606 0.501378 0.332931 0.503906 0.337815
8 0.519138 0.326708 0.518128 0.332620 0.516536 0.328509 0.517109 0.326481 0.518763 0.320861
8 0.517404 0.335833 0.515307 0.346116 0.513716 0.342389 0.516031 0.331722
8 0.523911 0.369894 0.524779 0.370019 0.527885 0.379019 0.527091 0.380171 0.526656 0.380301 0.524201 0.373620
6 0.420471 0.249528 0.413016 0.257477 0.412609 0.259648 0.412609 0.259648 0.408289 0.264926 0.405771 0.260111 0.417716 0.244315
6 0.391497 0.228352 0.382786 0.223532 0.390917 0.236435 0.393336 0.236264
6 0.375469 0.185648 0.370521 0.193000 0.372708 0.192889 0.375146 0.189444 0.376318 0.186269
6 0.371719 0.194537 0.368461 0.200333 0.367273 0.198667 0.369646 0.194778
6 0.394182 0.224648 0.393432 0.227088 0.394057 0.229421 0.399495 0.233755 0.403547 0.231824 0.397135 0.224769 0.396159 0.226333
6 0.411844 0.263931 0.423122 0.286935 0.426521 0.289759 0.428802 0.282366 0.416617 0.260843 0.414099 0.262301 0.413219 0.260718
6 0.409049 0.256125 0.398414 0.245144 0.398760 0.247486 0.405771 0.260111
6 0.518542 0.307361 0.519703 0.372602 0.524448 0.383208 0.522549 0.305366
2 0.586794 0.512741 0.583000 0.504606 0.580477 0.516009
14 0.379581 0.109227 0.380893 0.115227 0.381581 0.118338 0.384581 0.105495 0.388510 0.108454 0.390172 0.107259 0.392430 0.106519 0.394268 0.106519 0.395776 0.107407 0.396695 0.109491 0.396779 0.111125 0.386742 0.116181 0.386641 0.117116 0.398708 0.122542 0.399620 0.119662 0.399518 0.116963 0.400026 0.114259 0.399115 0.112282 0.397898 0.111921 0.396784 0.108319 0.395773 0.105440 0.396279 0.104181 0.388682 0.104718 0.383315 0.104898 0.381797 0.104361
14 0.388016 0.095120 0.398013 0.091014 0.398102 0.093019 0.398000 0.096259 0.397292 0.096977 0.392633 0.096440
14 0.395872 0.080056 0.394456 0.080954 0.393971 0.092810 0.398013 0.091014 0.397797 0.087616 0.397292 0.085278 0.396885 0.081676
5 0.593831 0.491301 0.593276 0.509032 0.594794 0.509032 0.596211 0.497153
10 0.564896 0.511667 0.566055 0.511810 0.567109 0.513269 0.568281 0.515352 0.568867 0.517227 0.570148 0.520991 0.552898 0.529222 0.552898 0.529222 0.553049 0.523685 0.553987 0.516810 0.554573 0.514935 0.555393 0.513060 0.557721 0.510565 0.558323 0.514977 0.560667 0.518727 0.562307 0.518727 0.564065 0.516227
2 0.561604 0.474153 0.547544 0.477690 0.548362 0.487481 0.551760 0.500606 0.552932 0.503731 0.554456 0.505606 0.556484 0.507454 0.557721 0.510565 0.558323 0.514977 0.560667 0.518727 0.562307 0.518727 0.564065 0.516227 0.564896 0.511667 0.564885 0.509144 0.564885 0.507690 0.568984 0.508935 0.568836 0.498894 0.568836 0.498894 0.571023 0.498583 0.570859 0.490190
2 0.524917 0.423866 0.524237 0.428838 0.523151 0.435347 0.524799 0.436157 0.523862 0.445532 0.513669 0.430116 0.513797 0.426407 0.516141 0.424949 0.519422 0.423491
7 0.503370 0.401264 0.506883 0.399917 0.509729 0.397991 0.512393 0.395995 0.520828 0.396620 0.526805 0.421347 0.525859 0.424074 0.519422 0.423491 0.516141 0.424949 0.513797 0.426407 0.511807 0.428074 0.507589 0.421616
10 0.503029 0.365440 0.501846 0.364190 0.499268 0.363148 0.496339 0.365231 0.495052 0.365440 0.495052 0.364398 0.498109 0.361065 0.494115 0.358148 0.491888 0.360023 0.491888 0.361481 0.493177 0.364190 0.491888 0.366690 0.490375 0.364815 0.490247 0.363773 0.488378 0.365574 0.486753 0.369671 0.485260 0.371597 0.481328 0.374009 0.479565 0.374009 0.476990 0.372319 0.485104 0.385019 0.486859 0.382935 0.487563 0.382935 0.503370 0.401264 0.506883 0.399917 0.495630 0.387144 0.497664 0.379431 0.503070 0.386227 0.505138 0.377727 0.502211 0.373560 0.503721 0.368148
10 0.482685 0.342194 0.485667 0.344606 0.488919 0.347977 0.490411 0.350870 0.491089 0.355690 0.490547 0.361718 0.488378 0.365574 0.486753 0.369671 0.485260 0.371597 0.481328 0.374009 0.479565 0.374009 0.476990 0.372319 0.475229 0.369431 0.475906 0.369431 0.476612 0.367708 0.476263 0.363977 0.475823 0.360708 0.473331 0.351593
3 0.390151 0.224079 0.392177 0.222639 0.398414 0.245144 0.398760 0.247486 0.395721 0.244065
2 0.535826 0.344755 0.538169 0.348921 0.543091 0.358083 0.548245 0.365792 0.553635 0.371833 0.559260 0.377875 0.559026 0.342046 0.559495 0.328088 0.559378 0.317884 0.558792 0.309968 0.558089 0.293301 0.557375 0.285653 0.554844 0.285111 0.552615 0.284569 0.550893 0.285111 0.549680 0.285653 0.549070 0.288713 0.548464 0.292491 0.548128 0.304759 0.547893 0.308301 0.547117 0.309514 0.546284 0.311667 0.544578 0.316343 0.541568 0.325796 0.540161 0.327671 0.538169 0.331005 0.537349 0.333713 0.538169 0.336213 0.537935 0.338296
10 0.530635 0.319259 0.534419 0.344546 0.535826 0.344755 0.537935 0.338296 0.538169 0.336213 0.537349 0.333713 0.538169 0.331005 0.540161 0.327671 0.541568 0.325796 0.544578 0.316343 0.536495 0.314051 0.533682 0.314884 0.532862 0.315926 0.531573 0.318009
15 0.500862 0.314653 0.527109 0.303824 0.529805 0.301949 0.531794 0.300491 0.540005 0.298352 0.541443 0.296606 0.542576 0.296532 0.543279 0.295699 0.543513 0.294032 0.543279 0.291949 0.543161 0.289657 0.542224 0.289032 0.538484 0.290569 0.536763 0.291102 0.531901 0.293333 0.526737 0.294736 0.516445 0.299657 0.508128 0.303407
2 0.533917 0.277806 0.539773 0.281972 0.542234 0.284889 0.541297 0.287806 0.541297 0.289264 0.538484 0.290569 0.538018 0.289056
15 0.454349 0.337361 0.463367 0.331944 0.461724 0.326259 0.461727 0.324861 0.450362 0.331528
2 0.444034 0.316736 0.441336 0.317005 0.441336 0.317005 0.450362 0.331528
2 0.428802 0.282366 0.425755 0.291741 0.439232 0.314653 0.439896 0.314213 0.443096 0.314028
10 0.452008 0.272560 0.452971 0.271162 0.454635 0.271162 0.457086 0.271472 0.458661 0.272097 0.460849 0.272250 0.461898 0.271940 0.462773 0.271940 0.463125 0.273028 0.463826 0.289991 0.463648 0.300259 0.463036 0.305704 0.462336 0.309750 0.456630 0.287829 0.460161 0.278065 0.459638 0.276556 0.458461 0.275625 0.457742 0.275625 0.457089 0.275741 0.454799 0.282481
1 0.341898 0.052602 0.359328 0.098144 0.359706 0.096593 0.343216 0.051792
1 0.360612 0.098634 0.365128 0.109343 0.364458 0.110236 0.359943 0.100273
1 0.378008 0.025329 0.379346 0.025773 0.377190 0.067741 0.376076 0.080884 0.374831 0.080792
1 0.577799 0.386009 0.578635 0.387347 0.584833 0.386231 0.589104 0.385519 0.588339 0.383630 0.581060 0.384968 0.581060 0.384968
1 0.576461 0.387792 0.567344 0.390171 0.567174 0.388093 0.574956 0.386009 0.574956 0.386009
6 0.529620 0.376194 0.527362 0.388389 0.525354 0.384079 0.526023 0.380060 0.526656 0.380301 0.527091 0.380171 0.527885 0.379019 0.526969 0.376375 0.527695 0.371926
8 0.526047 0.364190 0.530982 0.359079 0.530107 0.357745 0.525047 0.362745
8 0.528294 0.369301 0.531544 0.365856 0.532044 0.363190 0.531669 0.363079 0.527547 0.367968
8 0.537229 0.373185 0.534419 0.378074 0.533888 0.377148 0.536792 0.371630
2 0.353542 0.120889 0.355669 0.123296 0.357315 0.127426 0.356154 0.133792 0.351609 0.129287 0.351609 0.129287
2 0.659945 0.527602 0.658354 0.543509 0.653169 0.531912 0.654885 0.524894
10 0.607716 0.447815 0.606846 0.450569 0.608008 0.454523 0.610331 0.457106 0.612458 0.457968 0.614685 0.457968 0.617781 0.458310 0.612201 0.445537 0.609943 0.445921
1 0.558979 0.403556 0.561599 0.403787 0.569115 0.404995 0.577195 0.408912 0.576859 0.410431 0.571508 0.408426 0.568484 0.407431 0.565349 0.407431 0.564229 0.408227 0.558487 0.405833
2 0.569589 0.367620 0.568677 0.367440 0.569685 0.369505 0.579555 0.382440 0.580810 0.375153
2 0.569690 0.366181 0.579638 0.365639 0.583596 0.373227 0.585578 0.384079 0.581060 0.384968 0.579555 0.382440 0.580810 0.375153 0.569589 0.367620
2 0.548469 0.427042 0.551797 0.427361 0.553203 0.422685 0.554070 0.423148 0.554734 0.415537 0.552516 0.411727 0.550469 0.412750 0.551016 0.422838 0.547505 0.422218
10 0.581026 0.390806 0.582268 0.388023 0.583378 0.386829 0.584833 0.386231 0.586961 0.386829 0.588651 0.388819 0.589313 0.391403 0.591003 0.396579 0.591003 0.402352 0.589326 0.402454
2 0.639305 0.461611 0.637951 0.464023 0.638339 0.467292 0.649130 0.482023 0.651677 0.480255 0.651677 0.480255 0.647888 0.459120 0.646979 0.466722
2 0.586086 0.522472 0.592357 0.539588 0.597172 0.534810 0.589669 0.520083
2 0.553901 0.458278 0.553508 0.461301 0.554096 0.464204 0.554797 0.472894 0.554797 0.472894 0.554630 0.475380 0.557641 0.475380 0.556302 0.463333
2 0.548568 0.487500 0.545555 0.499380 0.544719 0.503986 0.543297 0.498338 0.547419 0.481542
2 0.546693 0.442963 0.545781 0.443685 0.545680 0.445125 0.549182 0.450528 0.524237 0.428838 0.524917 0.423866 0.525859 0.424074 0.548516 0.443144
2 0.558818 0.452523 0.564557 0.457315 0.565273 0.457667 0.564872 0.459176 0.564367 0.459829 0.563656 0.459032 0.559536 0.454731
8 0.485568 0.337773 0.486508 0.344458 0.485667 0.344606 0.485206 0.344843 0.484555 0.339574
6 0.458990 0.315259 0.461727 0.324861 0.460742 0.325528 0.460742 0.325528 0.453490 0.315926
2 0.564872 0.459176 0.564367 0.459829 0.567708 0.464264 0.568690 0.468097 0.568924 0.469148 0.572919 0.472736 0.572758 0.471301 0.572273 0.469579 0.571669 0.468144 0.571508 0.466639 0.572151 0.465921 0.573281 0.466639 0.573646 0.468287 0.574492 0.469796 0.575419 0.471657 0.575997 0.473352 0.581497 0.472644 0.582055 0.468926
2 0.562438 0.428931 0.559414 0.448435 0.569044 0.456000 0.574490 0.447912 0.574490 0.447912
2 0.569044 0.456000 0.578451 0.441671 0.580130 0.443065 0.580018 0.444458 0.571060 0.458389
2 0.467352 0.330069 0.472742 0.327273 0.474500 0.329356 0.474750 0.330398 0.474750 0.330843 0.473336 0.333875 0.473589 0.337593 0.473672 0.340718 0.474005 0.341907 0.476841 0.336495 0.477930 0.340509 0.472380 0.346532
10 0.453385 0.169903 0.454742 0.168796 0.455646 0.168796 0.457284 0.170102 0.460109 0.171810 0.462258 0.173616 0.462935 0.174722 0.463047 0.176231
8 0.398414 0.245144 0.409049 0.256125 0.409961 0.255227 0.410060 0.253968 0.409758 0.252528 0.397604 0.240824
8 0.427385 0.260171 0.445766 0.287472 0.446674 0.285727 0.427914 0.256810 0.427159 0.257352 0.427008 0.258023
8 0.431016 0.247685 0.449172 0.280750 0.449927 0.280347 0.449172 0.276847 0.432151 0.245782
8 0.456630 0.287829 0.460161 0.278065 0.459638 0.276556 0.458461 0.275625 0.457742 0.275625 0.457089 0.275741 0.454799 0.282481
8 0.453427 0.292593 0.448458 0.305958 0.447740 0.305148 0.447086 0.303750 0.446888 0.302241 0.446766 0.300611 0.452120 0.287597
8 0.458109 0.311986 0.445859 0.313519 0.439896 0.314213 0.441336 0.317005 0.458990 0.315259
8 0.463677 0.314852 0.475008 0.313722 0.475154 0.312245 0.474557 0.310602 0.462813 0.311574
8 0.540005 0.298352 0.546284 0.311667 0.547117 0.309514 0.541443 0.296606
8 0.560753 0.390931 0.569115 0.404995 0.577195 0.408912 0.577477 0.408412 0.570039 0.398287 0.568633 0.397662 0.567344 0.394745 0.567161 0.393056 0.561667 0.384907
8 0.560026 0.383287 0.559401 0.388519 0.550297 0.374056 0.552333 0.371542
8 0.545984 0.401792 0.551802 0.400861 0.557883 0.399815 0.558143 0.397491 0.556901 0.395167 0.546461 0.396616 0.546003 0.397782 0.545807 0.399060 0.545612 0.400454
8 0.541438 0.388602 0.546461 0.396616 0.546003 0.397782 0.545807 0.399060 0.545612 0.400454 0.542734 0.395690
8 0.528724 0.370292 0.526435 0.364944 0.524409 0.361458 0.523560 0.363204 0.526500 0.368782 0.528984 0.374593 0.530031 0.372731
8 0.539000 0.485394 0.539810 0.489653 0.545104 0.491389 0.545885 0.487685
8 0.537943 0.481486 0.546716 0.485264 0.545885 0.487685 0.539000 0.485394
8 0.552898 0.529222 0.582130 0.515375 0.601648 0.505259 0.621779 0.495144 0.626417 0.493120 0.651677 0.480255 0.663229 0.474495 0.675307 0.470606 0.675307 0.470606 0.685224 0.472569 0.686013 0.473190 0.686451 0.474903 0.686362 0.477704 0.685839 0.480190 0.685661 0.480815 0.684964 0.481435 0.682523 0.482824 0.668852 0.481741 0.659130 0.481921 0.657307 0.482282 0.654370 0.483903 0.653052 0.485162 0.651130 0.488583 0.650318 0.488764 0.649711 0.488583 0.647586 0.489481 0.645862 0.491644 0.631747 0.499019 0.628940 0.497403 0.626917 0.497227 0.624891 0.497583 0.623169 0.499023 0.622461 0.500644 0.621753 0.503884 0.620130 0.505505 0.599102 0.515356 0.572661 0.529005 0.555331 0.536940
8 0.580339 0.535046 0.588453 0.528644 0.587539 0.526319 0.579693 0.531782
8 0.476094 0.257593 0.476302 0.268264 0.475169 0.268264 0.474792 0.257704
8 0.477031 0.256667 0.480477 0.263560 0.479396 0.264810 0.476211 0.257801
8 0.477344 0.254727 0.481070 0.262792 0.482044 0.261639 0.478370 0.254153
8 0.494557 0.256065 0.500000 0.267083 0.500000 0.267083 0.501945 0.265528 0.496253 0.254157
8 0.494427 0.260546 0.496201 0.259056 0.500000 0.267083 0.496615 0.265509
8 0.491719 0.259491 0.493919 0.263949 0.495406 0.264778 0.496484 0.265111 0.495221 0.262375 0.493172 0.257560
8 0.483984 0.241713 0.488966 0.252500 0.490180 0.251005 0.484401 0.238981
8 0.479120 0.232171 0.481406 0.237130 0.482156 0.235074 0.479776 0.229764
8 0.508583 0.239995 0.517698 0.258718 0.517294 0.262500 0.507370 0.242157
8 0.486609 0.197690 0.505141 0.232796 0.503927 0.234593 0.490560 0.208852 0.486104 0.200569
8 0.518151 0.233565 0.523354 0.253380 0.527964 0.268565 0.532112 0.279940 0.536763 0.291102 0.538484 0.290569 0.531599 0.272014 0.525117 0.250778 0.519341 0.229713 0.515831 0.208046 0.508781 0.165653 0.506667 0.167315 0.514516 0.213565
8 0.590979 0.587273 0.594042 0.602523 0.589404 0.598167 0.588529 0.592255
8 0.584766 0.572648 0.587128 0.571870 0.589404 0.580583 0.585815 0.577782
8 0.578549 0.525500 0.571549 0.558801 0.570237 0.559579 0.568924 0.559579 0.576362 0.526282
8 0.557721 0.510565 0.549581 0.518968 0.549055 0.518343 0.548617 0.517412 0.548531 0.516009 0.556484 0.507454
8 0.571023 0.498583 0.572688 0.519903 0.570148 0.520991 0.568836 0.498894
8 0.582052 0.499051 0.584065 0.499208 0.580477 0.516009 0.577938 0.517722
