2 0.484531 0.417755 0.485378 0.415468 0.485083 0.412657 0.484310 0.409713 0.481112 0.407032 0.477948 0.404421 0.475484 0.401806 0.474049 0.400301 0.473352 0.399713 0.472578 0.397815 0.470852 0.397685 0.470078 0.400824 0.469086 0.403634 0.468977 0.406056 0.468388 0.407556 0.467430 0.409519 0.467430 0.410759 0.466180 0.412394 0.465997 0.415009 0.468094 0.418278 0.469857 0.419912 0.471734 0.419912 0.473755 0.421023 0.475557 0.424556 0.476367 0.425931 0.476698 0.429588 0.478352 0.426713 0.477839 0.422463 0.476625 0.416384 0.475005 0.411676 0.473279 0.407690 0.474492 0.407296 0.476734 0.412852 0.477911 0.417167 0.478794 0.421023 0.480448 0.421810 0.481701 0.421810 0.483758 0.418542 0.481883 0.416449 0.479677 0.414292 0.479641 0.413375 0.480229 0.412787
2 0.477323 0.393324 0.477029 0.396005 0.476625 0.397250 0.476734 0.400125 0.475081 0.400060 0.473904 0.399273 0.472578 0.397815 0.471844 0.397704 0.471844 0.395481 0.470667 0.393389 0.470997 0.391755 0.471365 0.388685 0.471034 0.385282 0.470372 0.384894 0.469969 0.386069 0.469232 0.385218 0.469380 0.382407 0.468461 0.380968 0.468865 0.379139 0.469820 0.376588 0.470557 0.375935 0.472029 0.377569 0.472432 0.379398 0.473792 0.380773 0.474344 0.383259 0.475852 0.384894 0.476109 0.385940 0.477177 0.387704 0.478536 0.387833 0.478427 0.389139 0.477177 0.390319 0.476440 0.390449 0.477065 0.392213
2 0.507388 0.369667 0.507484 0.368477 0.507229 0.367519 0.507135 0.366500 0.507833 0.366556 0.507706 0.365708 0.507229 0.365144 0.507198 0.363731 0.508089 0.361866 0.509138 0.360963 0.510154 0.361134 0.510536 0.362093 0.510505 0.363958 0.511331 0.365032 0.511362 0.365935 0.510219 0.366046 0.510440 0.367236 0.511617 0.367065 0.512633 0.370852 0.512443 0.373394 0.512602 0.375542 0.512526 0.377130
2 0.506953 0.371250 0.505682 0.374963 0.505214 0.375894 0.504831 0.377750 0.504362 0.379505 0.504474 0.381167 0.505159 0.381995 0.507521 0.381801 0.509609 0.381704 0.510599 0.381995 0.511531 0.383657 0.514737 0.384616 0.516552 0.385241 0.518047 0.383204 0.519159 0.381282 0.519221 0.380264 0.520648 0.379245 0.523557 0.377778 0.525115 0.377384 0.525815 0.377440 0.526417 0.376593 0.526193 0.375630 0.523333 0.376593 0.519807 0.378398 0.517740 0.379981 0.516565 0.382352 0.515768 0.383542 0.513799 0.382583 0.511956 0.380657 0.510557 0.378792 0.509794 0.379079 0.509794 0.378514 0.510557 0.377269 0.511328 0.376991 0.509036 0.373704
2 0.528646 0.366250 0.533167 0.361940 0.535805 0.359519 0.537932 0.357097 0.539122 0.358458 0.540401 0.360125 0.540102 0.361407 0.536656 0.365190 0.534146 0.367537 0.529294 0.367611
2 0.553328 0.412542 0.551680 0.409319 0.550115 0.405949 0.550635 0.404972 0.549813 0.401606 0.550039 0.398449 0.550617 0.397528 0.551331 0.397866 0.552211 0.400602 0.553693 0.400407 0.554133 0.401431 0.555341 0.401431 0.556331 0.403532 0.557786 0.408662 0.558227 0.411148 0.556495 0.409880 0.554271 0.412958
2 0.569073 0.410907 0.570156 0.410745 0.571271 0.410690 0.573440 0.410264 0.573201 0.407319 0.572747 0.403995 0.571753 0.403620
2 0.576331 0.400616 0.575458 0.398940 0.574867 0.396708 0.573682 0.393736 0.574099 0.392060 0.575076 0.391255 0.574203 0.388838 0.573786 0.385986 0.574099 0.384315 0.575424 0.383819 0.576190 0.385056 0.577096 0.383819 0.577549 0.386856 0.578422 0.389769 0.578284 0.390699 0.578771 0.390884 0.579049 0.392431 0.578143 0.393301 0.577482 0.394231 0.577969 0.396583 0.578945 0.398940 0.580620 0.401852 0.580792 0.402037 0.581909 0.403403 0.582362 0.403278 0.582570 0.404148 0.581810 0.405963 0.581393 0.404597 0.580940 0.405528 0.581253 0.406954 0.580661 0.408009 0.579544 0.408935 0.578742 0.408565 0.576896 0.402556 0.577070 0.401750 0.576896 0.400880
2 0.581406 0.376574 0.583003 0.375903 0.583813 0.373310 0.584359 0.371912 0.585245 0.373630 0.586536 0.378005 0.587102 0.379227 0.586174 0.382375 0.586174 0.384102 0.586659 0.385532 0.587951 0.397083 0.588885 0.402324 0.589661 0.408981 0.590979 0.413296 0.591909 0.416954 0.592352 0.419315 0.593237 0.423116 0.592070 0.424977 0.590656 0.426130 0.588560 0.417310 0.586461 0.409060 0.584607 0.399884 0.583073 0.391333 0.581693 0.381713
2 0.593542 0.425093 0.594253 0.427458 0.594555 0.432977 0.594820 0.437648 0.594547 0.443111 0.593885 0.447074 0.592242 0.452185 0.590549 0.454588 0.588547 0.456671 0.586281 0.457690 0.583180 0.458759 0.579560 0.459037 0.579690 0.457370 0.581096 0.455884 0.584195 0.455519 0.586904 0.454269 0.589404 0.452278 0.591227 0.449125 0.592242 0.443852 0.592451 0.439778 0.593388 0.440889 0.593937 0.440190 0.592659 0.437597 0.592510 0.434208 0.591807 0.431199 0.591016 0.427870
2 0.578836 0.457389 0.577388 0.456750 0.573984 0.456694 0.571604 0.457338 0.568229 0.457778 0.565456 0.458463 0.563891 0.458356 0.562203 0.456639 0.560576 0.454713 0.559401 0.452944 0.558526 0.453532 0.558888 0.454394 0.559943 0.456213 0.561721 0.458889 0.563680 0.460069 0.565339 0.460602 0.569706 0.459157 0.573622 0.458676 0.578352 0.458838
2 0.520365 0.403306 0.520526 0.398361 0.520807 0.394417 0.521372 0.391620 0.525164 0.392764 0.525206 0.396134 0.522784 0.398574 0.522299 0.400796 0.522865 0.401370 0.524438 0.400153 0.525568 0.403736 0.525529 0.406819 0.526172 0.411986 0.526172 0.414639 0.523510 0.416287 0.523591 0.413921 0.523430 0.411269 0.522945 0.408759 0.524076 0.407181 0.522622 0.404815 0.521414 0.404528
2 0.526628 0.414194 0.526698 0.408366 0.527430 0.405329 0.528927 0.407810 0.529940 0.408801 0.530000 0.412407
2 0.526417 0.416486 0.525826 0.419213 0.526034 0.422190 0.525826 0.427644 0.525104 0.430157 0.525643 0.434602 0.525948 0.435833 0.527784 0.432514 0.528750 0.424370 0.529349 0.420458 0.530076 0.416926 0.530346 0.413926 0.529984 0.413282
2 0.512370 0.427870 0.510513 0.429806 0.509573 0.432657 0.510375 0.437616 0.510654 0.441023 0.513198 0.440838 0.518464 0.441023 0.523586 0.441519 0.525573 0.441644 0.525854 0.440773 0.525227 0.435199 0.524458 0.432282 0.524109 0.425963 0.523935 0.423171 0.523203 0.419519 0.518810 0.422616
2 0.538315 0.459829 0.540896 0.461120 0.542469 0.461764 0.543396 0.460759 0.544284 0.460690 0.543315 0.463704 0.541099 0.467074 0.540008 0.469153 0.539042 0.468935 0.536862 0.467500 0.537115 0.465597
2 0.552635 0.435458 0.550229 0.435954 0.547893 0.437315 0.546359 0.438931 0.547685 0.442523 0.550443 0.441111 0.553401 0.439236 0.554411 0.438370 0.553784 0.435273
2 0.584750 0.430125 0.582135 0.430125 0.578776 0.430620 0.575695 0.431782 0.576628 0.444227 0.576628 0.450616 0.577049 0.454019 0.577982 0.455681 0.579990 0.455681 0.581529 0.453523 0.583674 0.446056 0.585169 0.440079 0.585589 0.434356 0.585589 0.430125
2 0.547047 0.445759 0.549451 0.445509 0.552310 0.444954 0.552518 0.445694 0.553880 0.443278 0.554646 0.441977 0.554716 0.440366 0.555622 0.438319 0.556948 0.437083 0.557922 0.437329 0.558271 0.437639 0.557365 0.439250 0.557714 0.439995 0.558411 0.438815 0.561339 0.433241 0.562352 0.430884 0.564477 0.427477 0.565698 0.429954 0.566010 0.432681 0.565732 0.435097 0.567930 0.438319 0.569148 0.440056 0.570299 0.437329 0.571240 0.437699 0.571240 0.440056 0.570438 0.441542 0.568661 0.441296 0.565490 0.443093 0.562141 0.445944 0.559073 0.448546 0.556807 0.450407 0.554820 0.450468 0.550880 0.450407 0.548755 0.450157 0.548789 0.451338 0.548161 0.451523 0.547708 0.450468 0.546977 0.447741
2 0.557266 0.451204 0.558482 0.452639 0.560190 0.452764 0.561234 0.453630 0.561583 0.451958 0.563953 0.451458 0.565557 0.450653 0.567685 0.448051 0.568138 0.445634 0.569289 0.443963 0.568940 0.442907 0.566081 0.444148 0.563641 0.445944 0.560258 0.449227
2 0.530599 0.490417 0.531727 0.487486 0.533906 0.485051 0.534510 0.484190 0.535115 0.484190 0.536164 0.482755 0.537172 0.483042 0.537940 0.483542 0.538464 0.484977 0.535195 0.486986
2 0.529005 0.495315 0.531794 0.492838 0.533852 0.490852 0.535560 0.489426 0.538068 0.488065 0.537930 0.489736 0.537128 0.491472 0.536117 0.492958 0.535107 0.493519 0.533292 0.496431 0.532352 0.497301 0.531271 0.500338 0.530398 0.503000 0.528482 0.501204 0.527193 0.499903 0.527122 0.498972 0.528794 0.498602 0.528935 0.496681
1 0.351836 0.210838 0.350263 0.212843 0.348529 0.212556 0.347440 0.213417 0.347279 0.215426 0.347237 0.218009 0.346068 0.222597 0.345099 0.226037 0.344214 0.227185 0.342237 0.227690 0.340583 0.227185 0.339492 0.226181 0.337677 0.226398 0.337195 0.225037 0.337677 0.220875 0.338565 0.217292 0.340099 0.214278 0.341872 0.211843 0.339049 0.211912 0.335742 0.211912 0.329893 0.211843 0.330740 0.205676 0.332555 0.200366 0.335419 0.196208 0.337154 0.193194 0.338000 0.191764 0.339091 0.192190 0.339250 0.191546 0.338042 0.190685 0.335904 0.192981 0.332677 0.198361 0.330740 0.202731 0.329620 0.206546 0.328690 0.213361 0.328286 0.217949 0.328448 0.222181 0.327482 0.223542 0.325464 0.226912 0.325505 0.228565 0.327279 0.230644 0.326794 0.232148 0.325424 0.233083 0.323286 0.229282 0.322641 0.229926 0.324656 0.233653 0.323609 0.234731 0.322922 0.234731 0.321995 0.230713 0.321349 0.229139 0.319818 0.227130 0.319818 0.227417 0.318797 0.231380 0.331284 0.252227 0.357628 0.297190 0.402589 0.370458 0.402477 0.372056 0.403505 0.372718 0.403505 0.371718 0.413609 0.387977 0.434792 0.421065 0.436016 0.419028 0.438185 0.417968 0.441036 0.417287 0.443161 0.423639 0.444354 0.427954 0.443247 0.428782 0.442609 0.429690 0.441971 0.431356 0.495690 0.514148 0.511505 0.538472 0.522648 0.575324 0.534451 0.612917 0.535701 0.614731 0.535805 0.609648 0.538883 0.608204 0.541044 0.608870 0.542557 0.604361 0.544284 0.602634 0.546339 0.603500 0.547471 0.605995 0.548224 0.610699 0.554599 0.604940 0.556380 0.602796 0.557128 0.598653 0.558385 0.597819 0.559039 0.594995 0.562727 0.593255 0.565951 0.593255 0.568641 0.599630 0.568828 0.602741 0.567768 0.604065 0.571326 0.612514 0.577365 0.613218 0.587557 0.612958 0.594294 0.612301 0.596625 0.606083 0.598888 0.604370 0.621622 0.602380 0.642784 0.600782 0.662346 0.599097 0.665117 0.598796 0.668357 0.600046 0.672839 0.598991 0.679591 0.596875 0.686229 0.594185 0.690174 0.592940 0.689578 0.591690 0.684451 0.590829 0.679862 0.589102 0.680672 0.586986 0.681805 0.582667 0.682253 0.582546 0.682331 0.581620 0.681862 0.581394 0.681937 0.576116 0.681839 0.571778 0.681047 0.570949 0.680438 0.571611 0.680487 0.579995 0.678664 0.577912 0.678477 0.569954 0.678010 0.566634 0.677125 0.565306 0.677599 0.562523 0.677180 0.560125 0.675544 0.558787 0.674609 0.555972 0.672742 0.552653 0.674375 0.549995 0.680583 0.541921 0.684456 0.536546 0.685828 0.534894 0.685747 0.533819 0.684779 0.533819 0.679414 0.541347 0.675661 0.546370 0.673523 0.548949 0.672273 0.551032 0.671628 0.551315 0.669813 0.547444 0.668763 0.544005 0.666867 0.540060 0.665732 0.538847 0.665396 0.533338 0.665133 0.531667 0.662714 0.527407 0.661516 0.525514 0.661943 0.524032 0.662044 0.522505 0.665065 0.521995 0.665432 0.523708 0.666109 0.525144 0.666940 0.525000 0.667122 0.523565 0.665328 0.517042 0.665534 0.514523 0.665292 0.511546 0.664352 0.508759 0.663130 0.507088 0.662432 0.506833 0.661318 0.502745 0.664036 0.503926 0.667034 0.505102 0.669927 0.506032 0.670802 0.505227 0.670661 0.503736 0.667174 0.502745 0.662016 0.501014 0.660914 0.500495 0.659060 0.492750 0.660331 0.491824 0.660854 0.489847 0.660435 0.488296 0.659878 0.487551 0.659914 0.485694 0.659633 0.484519 0.658346 0.484574 0.657122 0.485134 0.656078 0.482972 0.657438 0.482843 0.657430 0.481699 0.655865 0.481968 0.653750 0.476926 0.654776 0.475162 0.655557 0.473389 0.655799 0.475593 0.656219 0.476708 0.656190 0.479824 0.656763 0.480194 0.657424 0.479176 0.656945 0.475319 0.659326 0.478375 0.664234 0.481537 0.667549 0.482556 0.671378 0.480245 0.673427 0.476819 0.674315 0.471699 0.674263 0.467380 0.673237 0.461620 0.671669 0.460468 0.666432 0.459894 0.660141 0.454745 0.654573 0.450514 0.649693 0.447644 0.646344 0.446569 0.645042 0.446296 0.642581 0.443931 0.641372 0.440704 0.643792 0.438264 0.645724 0.433403 0.646776 0.429338 0.646927 0.427458 0.646292 0.427352 0.644997 0.432444 0.644034 0.435500 0.642948 0.437426 0.640961 0.439190 0.639583 0.434782 0.636487 0.432005 0.634768 0.430648 0.632823 0.431037 0.632013 0.425755 0.631529 0.421630 0.635310 0.426907 0.638979 0.431324 0.640273 0.431806 0.641247 0.428921 0.640492 0.426806 0.636062 0.423255 0.632878 0.419514 0.630609 0.417880 0.627479 0.403292 0.630125 0.398199 0.630396 0.401463 0.630609 0.411065 0.632932 0.416056 0.633906 0.415194 0.633849 0.413468 0.632341 0.410870 0.631742 0.407519 0.631690 0.398296 0.631643 0.395102 0.630102 0.388218 0.627385 0.380495 0.623711 0.375690 0.621932 0.373778 0.618747 0.373778 0.611922 0.353204 0.616208 0.330407 0.618896 0.317074 0.617646 0.316079 0.614773 0.330079 0.612023 0.342509 0.610396 0.349625 0.607023 0.338625 0.605589 0.340074 0.609651 0.352509 0.608276 0.359843 0.605589 0.364843 0.601526 0.369949 0.599966 0.367171 0.597839 0.366620 0.595779 0.364880 0.594167 0.362176 0.591562 0.359120 0.589784 0.357583 0.589513 0.354315 0.590107 0.350866 0.589901 0.344625 0.591159 0.336824 0.592607 0.330764 0.594427 0.325208 0.593958 0.322389 0.593260 0.320977 0.592185 0.322389 0.593260 0.324463 0.592654 0.326870 0.590833 0.333259 0.589292 0.341472 0.588781 0.346449 0.588922 0.352509 0.587984 0.350843 0.585654 0.350602 0.583646 0.344023 0.581589 0.344241 0.580500 0.346389 0.579773 0.345102 0.577513 0.342806 0.575740 0.341944 0.576505 0.341514 0.579693 0.341801 0.581708 0.341370 0.584331 0.340440 0.584815 0.339005 0.584169 0.338505 0.580620 0.340366 0.577635 0.339505 0.574615 0.339778 0.573008 0.336245 0.572227 0.334667 0.573622 0.333611 0.573549 0.331940 0.569229 0.327722 0.566263 0.322519 0.562464 0.315519 0.561612 0.315505 0.561612 0.313704 0.560914 0.312958 0.559451 0.314014 0.558789 0.315255 0.556836 0.316000 0.554781 0.317921 0.551536 0.320023 0.553005 0.311477 0.553247 0.309796 0.552383 0.309574 0.551471 0.311935 0.551133 0.303787 0.551086 0.300991 0.551505 0.297106 0.550565 0.294236 0.548641 0.290657 0.547185 0.282190 0.544578 0.268134 0.543401 0.262898 0.542211 0.264051 0.543401 0.270671 0.542159 0.271634 0.543182 0.274708 0.543563 0.279218 0.542430 0.283157 0.541401 0.287380 0.540823 0.292333 0.541070 0.297167 0.542430 0.302310 0.539919 0.303241 0.539396 0.297412 0.537685 0.291523 0.538870 0.289051 0.539255 0.287625 0.538315 0.286815 0.536987 0.289602 0.535281 0.283343 0.536635 0.276287 0.538234 0.272056 0.539836 0.268218 0.538844 0.268375 0.536854 0.273361 0.535406 0.278394 0.534716 0.282412 0.530857 0.273736 0.527505 0.267755 0.521958 0.259005 0.515727 0.250282 0.514031 0.248491 0.515279 0.239824 0.516565 0.226088 0.516656 0.224963 0.515815 0.224963 0.514758 0.235514 0.514003 0.242639 0.513221 0.247782 0.511622 0.243981 0.509453 0.240389 0.507437 0.238782 0.504047 0.237657 0.501956 0.236167 0.497005 0.229782 0.493763 0.225509 0.489651 0.214565 0.487526 0.208370 0.485469 0.203657 0.484911 0.204528 0.490628 0.219773 0.492685 0.224921 0.493870 0.227403 0.497708 0.232421 0.502378 0.238236 0.505000 0.239458 0.507500 0.240569 0.505565 0.259120 0.504875 0.262782 0.502062 0.257898 0.499812 0.260676 0.499068 0.256565 0.499068 0.249898 0.497315 0.243130 0.495005 0.237685 0.494141 0.237199 0.493727 0.235032 0.494036 0.233167 0.492714 0.230630 0.491422 0.231685 0.490482 0.238000 0.490273 0.239866 0.489716 0.234847 0.490414 0.233296 0.490589 0.228583 0.488982 0.224306 0.487659 0.221269 0.487451 0.224181 0.486615 0.223194 0.485922 0.221190 0.485013 0.225278 0.483896 0.228384 0.483023 0.226519 0.482326 0.225968 0.480063 0.225653 0.475529 0.220444 0.475529 0.216731 0.474974 0.211833 0.476924 0.214745 0.479120 0.216292 0.481560 0.219829 0.482781 0.220699 0.482815 0.219458 0.480063 0.215921 0.477693 0.213505 0.475109 0.210657 0.473719 0.209296 0.475253 0.208486 0.477341 0.208616 0.478656 0.207278 0.479081 0.206046 0.479349 0.205083 0.478297 0.205194 0.477753 0.206852 0.476005 0.206421 0.474557 0.206421 0.472859 0.207472 0.471883 0.206241 0.473521 0.200903 0.471013 0.198060 0.469510 0.196069 0.467490 0.200037 0.465854 0.193037 0.465260 0.192417 0.464945 0.192852 0.465531 0.195426 0.464734 0.195921 0.463292 0.191023 0.461891 0.185468 0.458576 0.183306 0.453440 0.179824 0.451740 0.176667 0.450286 0.175162 0.448714 0.174875 0.447182 0.175519 0.446698 0.173296 0.449398 0.162829 0.448352 0.162181 0.446698 0.169139 0.445729 0.172509 0.442299 0.169426 0.440203 0.166912 0.439930 0.164060 0.439365 0.159111 0.439969 0.154019 0.439445 0.146995 0.438839 0.147208 0.438677 0.154880 0.438638 0.160333 0.435451 0.161477 0.432708 0.162769 0.432023 0.158681 0.430812 0.158468 0.430190 0.160662 0.428930 0.161250 0.428263 0.156213 0.427513 0.156375 0.426940 0.157764 0.427904 0.161731 0.427000 0.162412 0.426505 0.164685 0.423794 0.160194 0.423273 0.161301 0.423664 0.163343 0.420982 0.163343 0.417622 0.161903 0.417805 0.158014 0.419187 0.155375 0.419370 0.154171 0.418716 0.153847 0.416867 0.158153 0.416505 0.163667 0.416042 0.165079 0.414557 0.165681 0.411224 0.159616 0.409711 0.156787 0.411378 0.153829 0.411596 0.151889 0.410812 0.150644 0.413081 0.149296 0.414951 0.146801 0.415372 0.145037 0.414354 0.144162 0.413654 0.146611 0.411854 0.148370 0.410503 0.148838 0.410451 0.147676 0.409562 0.145782 0.408599 0.144949 0.407740 0.145593 0.406930 0.146671 0.404820 0.150204 0.403617 0.151431 0.398643 0.151431 0.396414 0.151222 0.394125 0.152398 0.393339 0.150472 0.391201 0.148171 0.390266 0.149991 0.388789 0.150148 0.389813 0.147259 0.391594 0.145380 0.394937 0.143722 0.398042 0.143241 0.397557 0.146722 0.397651 0.148384 0.398615 0.148329 0.399276 0.143449 0.402620 0.142009 0.404940 0.139218 0.403977 0.138153 0.401839 0.141148 0.400633 0.140079 0.398914 0.139972 0.398523 0.141843 0.394698 0.142431 0.391141 0.144204 0.388490 0.146880 0.387615 0.150255 0.387461 0.151301 0.384703 0.150750 0.384026 0.153019 0.382383 0.150838 0.380250 0.149912 0.378555 0.150056 0.378737 0.151949 0.381396 0.152458 0.383529 0.154866 0.383219 0.158847 0.383008 0.160009 0.380742 0.158616 0.378216 0.157644 0.374703 0.159069 0.371344 0.158403 0.371016 0.162806 0.374328 0.165787 0.372299 0.166097 0.372299 0.169380 0.370102 0.166227 0.366721 0.163495 0.363409 0.161079 0.361630 0.169380 0.360586 0.173412 0.358698 0.175370 0.357234 0.181699 0.356852 0.188394 0.355591 0.189634 0.356117 0.195333 0.358174 0.199176 0.353885 0.198310 0.352076 0.198310 0.352211 0.199921 0.352701 0.201162 0.356815 0.201778 0.353451 0.204370 0.351776 0.205676 0.351253 0.207532 0.351534 0.209639
2 0.535734 0.603023 0.536398 0.602111 0.537000 0.602273 0.537000 0.600667 0.538266 0.597935 0.538628 0.596542 0.538357 0.593593 0.538687 0.592468 0.541490 0.593218 0.543508 0.593380 0.544654 0.593380 0.544956 0.594935 0.544714 0.597611 0.543750 0.599056 0.542604 0.601042 0.541581 0.603611 0.541612 0.604468 0.540557 0.606773 0.538810 0.606556 0.537544 0.606611 0.536911 0.605755 0.536068 0.605593 0.535674 0.604255
2 0.534693 0.594718 0.535266 0.590060 0.538068 0.589792 0.538247 0.591023 0.537435 0.595792 0.536802 0.598468 0.536320 0.598898 0.534964 0.598361
2 0.585521 0.571528 0.589828 0.572236 0.593661 0.573741 0.596727 0.574889 0.594388 0.570370 0.593378 0.568722 0.592047 0.569009 0.590635 0.568292 0.589747 0.566856 0.589547 0.565065 0.587328 0.565639 0.586279 0.568218
2 0.385315 0.297986 0.385841 0.296769 0.387979 0.294185 0.388945 0.294972 0.389591 0.297843 0.391164 0.301644 0.391648 0.302792 0.391609 0.303866 0.390479 0.304870 0.388370 0.303551 0.386568 0.303292
2 0.596404 0.562125 0.600156 0.561694 0.604148 0.562481 0.607456 0.563486 0.608909 0.565565 0.609432 0.565926 0.611005 0.571088 0.611570 0.573671 0.607779 0.576181 0.606367 0.577898 0.604510 0.577255 0.601930 0.576468 0.600799 0.571949 0.599914 0.570083 0.597331 0.567213
2 0.603359 0.582037 0.607299 0.579134 0.609591 0.577236 0.611414 0.575662 0.612195 0.580523 0.613419 0.583764 0.613602 0.585431 0.611622 0.588116 0.610216 0.589412 0.608159 0.591634 0.606805 0.592884 0.605893 0.593116 0.604070 0.587375 0.606831 0.588671 0.607404 0.588116 0.607586 0.586634 0.606154 0.585477 0.604253 0.584597 0.604904 0.584227 0.604852 0.583301 0.603680 0.583347
2 0.585807 0.573565 0.588940 0.574005 0.592247 0.575116 0.596102 0.576644 0.597326 0.577292 0.598107 0.579375 0.596518 0.579838 0.595789 0.580486 0.591432 0.577731 0.587995 0.576204 0.585997 0.575255
2 0.553760 0.580181 0.550456 0.579218 0.548453 0.577921 0.546674 0.576227 0.546706 0.574981 0.548898 0.572042 0.550995 0.567861 0.550711 0.565602 0.550456 0.562551 0.551536 0.562551 0.553190 0.563625 0.554523 0.563287 0.557544 0.565884 0.558656 0.566338 0.559958 0.568426 0.560562 0.565940 0.561422 0.564472 0.562852 0.566167 0.562185 0.568088 0.561643 0.570181 0.560753 0.571139 0.559424 0.572111 0.558440 0.573162 0.558539 0.574912 0.560654 0.575088 0.562523 0.577537 0.564099 0.578676 0.566906 0.575523 0.568188 0.576574 0.569859 0.578852 0.570107 0.580079 0.569661 0.581824 0.571586 0.584019 0.571534 0.584977 0.566953 0.587514 0.564445 0.589005 0.561935 0.586815 0.558487 0.583667 0.555831 0.581125
2 0.663396 0.570537 0.664182 0.570190 0.665216 0.572028 0.668318 0.573954 0.670336 0.580514 0.671271 0.583403 0.671714 0.587866 0.669302 0.586731 0.666349 0.583491 0.664232 0.581389
2 0.666302 0.587083 0.668464 0.589028 0.671221 0.590495 0.672060 0.590843 0.672503 0.593468 0.672453 0.595130 0.668958 0.595921 0.667526 0.591713
2 0.626862 0.462991 0.625810 0.463727 0.623904 0.467625 0.624003 0.468190 0.625016 0.470056 0.627560 0.465931 0.628198 0.464463 0.628357 0.462199
2 0.617203 0.450694 0.618456 0.448366 0.619141 0.448218 0.619112 0.446657 0.622859 0.437148 0.625826 0.430069 0.627883 0.425208 0.628664 0.422940 0.629370 0.423032 0.630617 0.424278 0.631893 0.426181 0.632286 0.427282 0.630151 0.433079 0.626505 0.442028 0.624669 0.446898 0.622677 0.451991 0.620404 0.457370 0.617784 0.456894 0.617727 0.454856 0.616518 0.453676
2 0.609570 0.438245 0.603802 0.440394 0.600495 0.441685 0.597307 0.442620 0.597630 0.446708 0.602875 0.445199 0.610417 0.442477 0.609974 0.440463
2 0.609570 0.438245 0.610349 0.436370 0.610914 0.434148 0.612406 0.431926 0.613695 0.430634 0.615068 0.428343 0.615672 0.426403 0.616721 0.426907 0.618375 0.430921 0.617406 0.433361 0.616479 0.436370 0.614826 0.438167 0.613414 0.440676 0.612849 0.441824 0.612203 0.444977 0.611357 0.444977 0.610349 0.443329 0.610417 0.442477 0.609974 0.440463
2 0.595219 0.446912 0.596872 0.447130 0.599253 0.448491 0.602438 0.450426 0.603245 0.451935 0.602357 0.453653 0.601510 0.456093 0.600865 0.457958 0.599576 0.457310 0.598768 0.457310 0.598242 0.458532 0.595784 0.457097 0.595219 0.456093 0.594411 0.453227 0.594734 0.451144 0.593766 0.450069
2 0.424141 0.336250 0.426930 0.336690 0.432125 0.335944 0.434357 0.336069 0.434495 0.337931 0.433904 0.340593 0.433724 0.344352 0.432508 0.346046 0.427906 0.340222
2 0.475510 0.251968 0.475672 0.247167 0.476034 0.246806 0.476156 0.244657 0.476318 0.241787 0.477526 0.239565 0.478695 0.240352 0.479995 0.238519 0.481245 0.238519 0.481568 0.236509 0.484312 0.237009 0.484956 0.240236 0.486068 0.243866 0.486276 0.245847 0.485719 0.246222 0.484255 0.249194 0.484289 0.250870 0.484081 0.252852 0.483034 0.254528 0.482443 0.254403 0.482617 0.251921 0.481953 0.251921 0.481849 0.252296 0.481117 0.251861 0.478430 0.254773 0.476898 0.252602
2 0.432047 0.250042 0.433245 0.246569 0.433896 0.243606 0.434781 0.240921 0.436292 0.238792 0.437021 0.236662 0.437516 0.236106 0.438271 0.236755 0.439234 0.239023 0.438922 0.242171 0.437776 0.247588 0.437255 0.250551 0.436656 0.251755 0.434625 0.252403
2 0.461695 0.212454 0.462094 0.214611 0.463716 0.219190 0.464227 0.218796 0.466292 0.216444 0.466802 0.215657 0.465773 0.213829 0.465555 0.212782
2 0.466745 0.202269 0.465440 0.203694 0.464378 0.203366 0.463198 0.203042 0.462135 0.202778 0.461878 0.204088 0.461768 0.208532 0.461589 0.211481 0.463932 0.211389 0.465849 0.211671 0.468497 0.212782 0.468977 0.212060
2 0.372380 0.258532 0.374109 0.257028 0.374992 0.255458 0.376242 0.253694 0.380875 0.247940 0.384737 0.243366 0.388451 0.237676 0.390437 0.233819 0.391099 0.232380 0.391870 0.233491 0.393083 0.234083 0.393893 0.235194 0.394555 0.237153 0.391172 0.242384 0.386096 0.249116 0.382750 0.254412 0.379477 0.258269 0.376755 0.260167
2 0.467490 0.200037 0.469510 0.196069 0.471013 0.198060 0.473521 0.200903 0.471883 0.206241 0.470602 0.209468 0.469682 0.210708
2 0.457417 0.186972 0.457883 0.185361 0.459810 0.185843 0.461286 0.187181 0.461560 0.188574 0.461076 0.191037 0.461406 0.202083 0.461529 0.209681 0.461349 0.218787 0.461198 0.224787 0.461680 0.226926 0.462130 0.230944 0.463698 0.231426 0.465023 0.231269 0.465417 0.233144 0.464964 0.234801 0.462826 0.234532 0.461771 0.233731 0.462042 0.235606 0.464240 0.237963 0.465565 0.239944 0.466049 0.241875 0.465385 0.243801 0.462404 0.239676 0.460232 0.236356 0.459268 0.233731 0.459599 0.230519 0.459029 0.227625 0.458516 0.225481 0.458185 0.220181 0.457612 0.202019 0.458365 0.193074 0.458997 0.192269 0.458997 0.191681 0.458424 0.190986 0.458320 0.189009
2 0.425583 0.183699 0.424859 0.182037 0.424346 0.182347 0.423052 0.182468 0.422086 0.183005 0.422026 0.184773 0.423112 0.187236 0.424258 0.189005 0.425341 0.189431 0.428143 0.194199 0.429740 0.197199 0.432271 0.196718 0.434018 0.197093 0.434901 0.196139 0.436568 0.196324 0.436385 0.195630 0.435266 0.193731 0.434656 0.195208 0.434237 0.194532 0.434029 0.192796 0.433542 0.192736 0.432773 0.193718 0.431448 0.194282 0.429307 0.193458 0.428180 0.190380 0.426729 0.188370 0.425276 0.186361 0.425721 0.185718 0.426245 0.185282
2 0.422385 0.180028 0.422768 0.178602 0.423641 0.176370 0.424581 0.175630 0.425802 0.174449 0.427753 0.176931 0.431555 0.181579 0.434029 0.184861 0.436539 0.187278 0.438107 0.188023 0.437794 0.189079 0.435529 0.193231 0.434656 0.195208 0.434237 0.194532 0.434029 0.192796 0.433542 0.192736 0.432773 0.193718 0.431448 0.194282 0.429307 0.193458 0.428180 0.190380 0.426729 0.188370 0.425276 0.186361 0.425721 0.185718 0.426245 0.185282 0.426323 0.182491 0.425721 0.181486 0.424346 0.182347
2 0.372812 0.290602 0.375917 0.292032 0.379146 0.293972 0.381888 0.295403 0.384992 0.296769 0.385922 0.299852 0.386568 0.303292 0.384630 0.303292 0.382896 0.302287 0.381484 0.301356 0.379346 0.300856 0.377451 0.299708 0.376240 0.298917 0.375755 0.297199 0.376240 0.294829 0.374628 0.293755 0.372651 0.292968
2 0.415417 0.252074 0.415883 0.250083 0.415276 0.245606 0.415091 0.240458 0.415510 0.237472 0.416023 0.235315 0.417096 0.232912 0.417563 0.233657 0.418870 0.244773 0.420458 0.253569 0.420596 0.255977 0.420831 0.264606 0.419990 0.265769 0.419057 0.265685 0.418310 0.267176 0.417190 0.267343 0.416258 0.264606 0.416070 0.255065 0.416023 0.254231 0.415510 0.253569
2 0.519766 0.564769 0.524203 0.563991 0.528513 0.564213 0.529513 0.566102 0.529138 0.567991 0.529701 0.571431 0.528888 0.573097 0.526576 0.571208 0.526451 0.570542 0.524016 0.570542 0.523391 0.570986 0.521641 0.570764
2 0.637141 0.524130 0.639328 0.521676 0.639927 0.522880 0.640474 0.524639 0.638495 0.526352
2 0.623047 0.537361 0.627151 0.534079 0.632120 0.528991 0.636331 0.524769 0.637521 0.526495 0.636385 0.529856 0.632984 0.533889 0.630068 0.536190 0.626828 0.538685 0.623906 0.540880
6 0.609401 0.688981 0.610372 0.692116 0.611654 0.695352 0.614115 0.695528 0.616083 0.694213 0.616872 0.694917 0.618398 0.693866 0.620565 0.688440 0.622385 0.683972
2 0.614115 0.695528 0.612297 0.698148 0.610159 0.699750 0.607906 0.698949 0.606891 0.696944 0.605654 0.694944 0.604977 0.692144 0.605427 0.690741 0.609401 0.688981 0.610372 0.692116 0.611654 0.695352
2 0.630464 0.472579 0.631490 0.469745 0.634109 0.467718 0.637526 0.463468 0.638268 0.463569 0.638268 0.462958 0.640318 0.460431 0.640773 0.461037 0.644362 0.471569 0.644247 0.474708 0.644247 0.477139 0.643393 0.478148 0.642539 0.479264 0.642961 0.481662 0.643513 0.482037 0.643552 0.485671 0.642151 0.487556 0.639771 0.490130 0.637727 0.492023 0.636536 0.492102 0.635682 0.489977 0.634174 0.482431 0.633448 0.483981 0.632865 0.484625 0.631411 0.484366 0.630974 0.483852 0.633156 0.478810 0.632109 0.474847
2 0.603458 0.691801 0.601542 0.694005 0.599516 0.695606 0.598727 0.697606 0.596026 0.700208 0.594109 0.699407 0.592195 0.697606 0.589607 0.697005
2 0.399349 0.289481 0.399188 0.290630 0.396727 0.290199 0.395557 0.289838 0.394630 0.288333 0.392854 0.287259 0.391081 0.286755 0.390273 0.285537 0.387693 0.284963 0.386682 0.284750 0.385958 0.283958 0.385594 0.282097 0.385555 0.279296 0.386482 0.277505 0.388216 0.277505 0.390396 0.278653 0.391807 0.274352 0.392693 0.272630 0.392492 0.270333 0.393461 0.269185 0.393784 0.266032 0.394630 0.266032 0.395880 0.270551 0.397857 0.278079 0.398503 0.281306 0.398461 0.284894 0.397253 0.284676 0.397253 0.286324 0.398057 0.286111
2 0.443086 0.351653 0.442966 0.345417 0.442805 0.341120 0.443451 0.338681 0.446354 0.340324 0.448411 0.341838 0.449661 0.342546 0.449904 0.345352 0.448935 0.348213 0.448370 0.351009 0.448008 0.353310 0.446635 0.349935 0.446073 0.350722 0.447323 0.353519 0.446273 0.353875 0.445789 0.355384 0.445224 0.356968 0.444458 0.357606 0.444740 0.354384 0.443935 0.352801
2 0.382917 0.309259 0.383641 0.307208 0.385297 0.304370 0.385990 0.303296 0.386568 0.303292 0.388370 0.303551 0.390479 0.304870 0.391826 0.305792 0.394156 0.309833 0.394729 0.309991 0.395602 0.309778 0.395904 0.308708 0.397651 0.310102 0.398826 0.314333 0.399307 0.316472 0.399156 0.317440 0.400242 0.319847 0.401117 0.321134 0.399339 0.323384 0.398674 0.323972 0.395844 0.324190 0.393372 0.323921 0.393042 0.322046 0.391625 0.322796 0.389547 0.320278 0.388703 0.319634 0.388703 0.318134 0.389786 0.317921 0.388883 0.316315 0.386742 0.315241 0.385539 0.314116
2 0.389164 0.296250 0.389911 0.293676 0.390565 0.291519 0.391826 0.291935 0.393411 0.295588 0.393831 0.297079 0.394206 0.298574 0.393458 0.300815 0.391826 0.305792 0.390479 0.304870 0.391609 0.303866 0.391648 0.302792 0.391164 0.301644 0.389591 0.297843
2 0.380875 0.247940 0.378227 0.244477 0.377383 0.242713 0.376315 0.243301 0.375138 0.243954 0.372823 0.243366 0.370578 0.242713 0.369844 0.243824 0.368849 0.247157 0.368260 0.250361 0.368299 0.252519 0.370542 0.251667 0.370505 0.253042 0.369622 0.253565 0.370727 0.255134 0.374622 0.253171 0.376242 0.253694
2 0.373409 0.215148 0.373365 0.207204 0.373323 0.203648 0.373664 0.201532 0.374302 0.200472 0.375451 0.201380 0.377451 0.204861 0.376641 0.206750 0.376982 0.210458 0.377492 0.213634 0.376258 0.213481 0.374940 0.214843
2 0.371680 0.183907 0.372503 0.186204 0.373740 0.188935 0.375469 0.190306 0.378628 0.193139 0.379315 0.194505 0.378904 0.197338 0.379096 0.198264 0.379562 0.198120 0.380029 0.196847 0.383107 0.195727 0.384151 0.196310 0.386128 0.198898 0.385880 0.199875 0.384260 0.200903 0.382940 0.200852 0.381120 0.202685 0.379198 0.200681 0.377273 0.198093 0.374773 0.195602 0.373539 0.193648 0.371203 0.190181 0.370099 0.188843 0.370099 0.185866 0.371232 0.184380
2 0.358174 0.199176 0.356117 0.195333 0.355591 0.189634 0.356852 0.188394 0.357234 0.181699 0.358698 0.175370 0.360586 0.173412 0.361630 0.169380 0.363409 0.161079 0.366721 0.163495 0.370102 0.166227 0.372299 0.169380 0.375859 0.173963 0.376794 0.176065 0.376992 0.177727 0.373891 0.178167 0.372708 0.179389 0.372510 0.181315 0.373594 0.181931 0.371232 0.184380 0.370099 0.185866 0.370099 0.188843 0.366948 0.192954 0.363159 0.197681 0.362419 0.199431
2 0.350130 0.228889 0.358747 0.224519 0.363008 0.222144 0.365201 0.220620 0.366409 0.221523 0.366948 0.222824 0.366154 0.225537 0.359797 0.228810 0.355625 0.230602 0.353789 0.231412
2 0.337677 0.226398 0.337195 0.225037 0.337677 0.220875 0.338565 0.217292 0.340099 0.214278 0.341872 0.211843 0.344060 0.210120 0.346047 0.208750 0.347148 0.205546 0.347812 0.205153 0.349466 0.205088 0.349466 0.208815 0.348620 0.209074 0.347440 0.213417 0.347279 0.215426 0.347237 0.218009 0.346068 0.222597 0.345099 0.226037 0.344214 0.227185 0.342237 0.227690 0.340583 0.227185 0.339492 0.226181
2 0.434792 0.421065 0.436016 0.419028 0.438185 0.417968 0.441036 0.417287 0.443161 0.423639 0.444354 0.427954 0.443247 0.428782 0.442609 0.429690 0.441971 0.431356
2 0.586328 0.439167 0.587130 0.447713 0.587643 0.453440 0.586904 0.454269 0.584195 0.455519 0.581096 0.455884 0.582552 0.453009 0.584234 0.446301 0.585589 0.441574
2 0.550312 0.636787 0.555951 0.622519 0.558698 0.616352 0.560289 0.614037 0.564047 0.622134 0.568096 0.631259 0.564914 0.633060 0.562891 0.636014 0.561807 0.636912 0.557685 0.638968 0.552263 0.642954 0.551180 0.640384
2 0.535391 0.613667 0.538193 0.618755 0.542471 0.614949 0.545969 0.612060 0.547805 0.610449 0.547594 0.609273 0.546570 0.607454 0.545727 0.606593 0.545484 0.605468 0.544883 0.602736 0.543378 0.603111 0.542292 0.604986 0.541146 0.607079 0.539852 0.607773 0.538888 0.607667 0.537771 0.608042 0.537260 0.609968 0.536719 0.610023 0.536656 0.609273 0.535844 0.609273 0.535453 0.611630
2 0.529294 0.367611 0.529115 0.374560 0.529310 0.379287 0.529508 0.382176 0.530492 0.382352 0.530294 0.384537 0.529359 0.387866 0.528966 0.392593 0.528917 0.400116 0.528867 0.407120 0.532758 0.406593 0.535859 0.405718 0.536302 0.404144 0.537089 0.404667 0.539549 0.406333 0.542063 0.406069 0.542898 0.403093 0.543539 0.395565 0.543685 0.386116 0.543440 0.375088 0.543292 0.366421 0.541570 0.366861 0.537336 0.367208 0.534146 0.367537
2 0.570880 0.403301 0.569312 0.402977 0.566482 0.403944 0.563557 0.405014 0.561961 0.405551 0.560393 0.406194 0.560214 0.408764 0.561539 0.413264 0.563229 0.412963 0.565521 0.412454 0.566904 0.411389 0.567685 0.410639 0.569646 0.406194
2 0.480159 0.391690 0.480711 0.387153 0.480372 0.386241 0.480797 0.379509 0.481096 0.377694 0.481690 0.372856 0.483010 0.373083 0.485138 0.373611 0.487094 0.374065 0.488073 0.374444 0.488924 0.383218 0.489307 0.388815 0.490201 0.393958 0.490388 0.397620 0.490133 0.399208 0.491154 0.402537 0.494557 0.401856 0.497617 0.400963 0.500214 0.399222 0.503276 0.398769 0.506255 0.398468 0.509573 0.399449 0.511766 0.399565 0.514742 0.397671 0.516062 0.398731 0.516656 0.401380 0.517211 0.401380 0.518104 0.400319 0.519380 0.403722 0.519891 0.405690 0.518062 0.411139 0.515380 0.412046 0.513424 0.412574 0.510062 0.411060 0.507297 0.411287 0.502956 0.412120 0.499638 0.412500 0.497169 0.413481 0.495680 0.414921 0.493810 0.414389 0.492193 0.413708 0.488789 0.413481 0.485768 0.411287 0.481003 0.397069
2 0.542529 0.627449 0.545833 0.624213 0.549214 0.620894 0.550964 0.620338 0.547651 0.629338 0.545464 0.633889
2 0.516628 0.503875 0.521125 0.501954 0.524471 0.500468 0.527122 0.498972 0.527193 0.499903 0.528482 0.501204 0.528831 0.502264 0.524612 0.504125 0.520115 0.506106 0.517047 0.507593 0.515094 0.508583 0.515130 0.507593
2 0.403203 0.285926 0.403060 0.281032 0.402711 0.275083 0.402711 0.271921 0.403758 0.271491 0.405432 0.272171 0.406128 0.277190 0.406477 0.280292 0.406513 0.284255 0.406443 0.286241 0.405745 0.285991 0.405151 0.288037
2 0.391276 0.232176 0.393018 0.229380 0.393930 0.229287 0.395544 0.230769 0.396664 0.231509 0.396898 0.232944 0.395284 0.236093 0.394919 0.236139 0.394008 0.233731 0.392888 0.232806 0.391846 0.232713
2 0.423201 0.337125 0.422503 0.342454 0.421701 0.346481 0.420969 0.349208 0.420969 0.351005 0.421901 0.349630 0.422969 0.349676 0.423898 0.352681 0.426826 0.353981 0.429161 0.355532 0.430755 0.356343 0.431010 0.351130 0.431464 0.348773 0.432021 0.347287 0.430703 0.345139 0.429198 0.342949 0.425396 0.339046
2 0.439792 0.328287 0.441359 0.326870 0.441966 0.327157 0.443055 0.326153 0.443659 0.323931 0.444747 0.322065 0.446484 0.319843 0.446523 0.317694 0.447773 0.317407 0.447935 0.319199 0.448823 0.320560 0.449023 0.324292 0.448461 0.327301 0.445151 0.327588 0.445273 0.328449 0.447734 0.328519 0.447128 0.329741 0.445112 0.330028 0.444466 0.330745 0.443216 0.331319 0.441602 0.331602 0.440555 0.329884
8 0.633391 0.454019 0.635130 0.452153 0.637422 0.450278 0.638674 0.451435 0.636745 0.453519 0.634763 0.454019
8 0.595779 0.364880 0.595427 0.354343 0.595526 0.341653 0.595625 0.331065 0.595919 0.321000 0.596018 0.314435 0.596659 0.313472 0.598086 0.313472 0.597888 0.327477 0.597396 0.342005 0.597594 0.358634 0.597495 0.366245
8 0.543685 0.400241 0.551169 0.392102 0.555846 0.386676 0.560755 0.381852 0.564987 0.377389 0.567500 0.375287 0.569271 0.375639 0.569320 0.377389 0.563018 0.383690 0.558362 0.388065 0.555359 0.391917 0.553437 0.393056 0.551174 0.396204 0.549893 0.397167 0.548958 0.399269 0.547531 0.400931 0.547578 0.402083 0.544479 0.404083 0.543445 0.401718
8 0.521094 0.336389 0.525091 0.343921 0.531492 0.355037 0.533854 0.359060 0.534102 0.360287 0.533167 0.360986 0.526568 0.348824 0.522581 0.342435 0.520513 0.338843 0.520219 0.337181
8 0.350198 0.266745 0.353956 0.259676 0.357570 0.254282 0.361836 0.250167 0.363138 0.248111 0.364294 0.248111 0.363354 0.249912 0.360318 0.253639 0.357281 0.257106 0.353523 0.263792 0.351570 0.268676
8 0.643047 0.444861 0.650427 0.437931 0.656357 0.431634 0.657440 0.431505 0.658091 0.433306 0.653307 0.438704 0.644789 0.446157
8 0.614544 0.407231 0.618974 0.410384 0.623945 0.413449 0.626654 0.415375 0.631529 0.419134 0.635000 0.422176 0.639357 0.426750 0.640927 0.427329 0.641216 0.429157 0.640518 0.430856 0.639529 0.431380 0.633310 0.424319 0.629156 0.420194 0.624563 0.417454 0.618383 0.413273 0.614583 0.410648
8 0.577396 0.419074 0.576474 0.421218 0.577044 0.422481 0.576039 0.422051 0.573815 0.423639 0.573456 0.425782 0.573573 0.428014 0.574667 0.430019 0.576682 0.428519 0.579143 0.425931 0.580716 0.419907 0.579344 0.417903 0.578539 0.419833
8 0.413958 0.192292 0.414453 0.185671 0.415000 0.183310 0.416302 0.179236 0.417005 0.177755 0.417734 0.177292 0.418724 0.177500 0.418385 0.179792 0.417813 0.183310 0.417057 0.182894 0.416901 0.183611 0.417760 0.184977 0.416406 0.190532 0.415703 0.193218 0.414740 0.193171
8 0.603724 0.400648 0.611786 0.405657 0.613755 0.406532 0.613620 0.410046 0.609768 0.407407 0.605977 0.405394 0.602531 0.403907 0.602187 0.401894
8 0.454130 0.184028 0.455880 0.185579 0.457417 0.186972 0.458320 0.189009 0.456633 0.190991 0.456091 0.190134 0.455729 0.188579 0.453982 0.186866
8 0.446693 0.176991 0.450937 0.181079 0.452836 0.182528 0.453016 0.184347 0.452836 0.185421 0.450062 0.183597 0.447682 0.181019 0.446745 0.180000 0.445625 0.178843
8 0.445060 0.175241 0.442919 0.172671 0.441206 0.170958 0.440211 0.169671 0.439638 0.169134 0.438826 0.168597 0.438492 0.169616 0.438464 0.171653 0.441174 0.174815 0.444479 0.178056
8 0.597794 0.465750 0.593081 0.465750 0.588927 0.465583 0.584398 0.465421 0.580898 0.465088 0.580198 0.465750 0.580104 0.467662 0.580664 0.468491 0.587060 0.468491 0.591771 0.468472 0.597419 0.468324 0.597841 0.467162
8 0.592945 0.701741 0.593635 0.707694 0.594078 0.708218 0.594128 0.709356 0.593193 0.709880 0.592354 0.709704 0.591320 0.707954 0.591224 0.701741
1 0.566747 0.710218 0.565958 0.711620 0.566297 0.713023 0.567422 0.712222 0.568323 0.711819 0.570576 0.715222 0.573391 0.720829 0.574630 0.723833 0.572828 0.725032 0.571589 0.727037 0.572943 0.730231 0.576810 0.732940 0.580372 0.735644 0.586229 0.731843 0.586565 0.735843 0.600078 0.719028 0.614042 0.701810 0.617872 0.696806 0.616872 0.694917 0.616083 0.694213 0.614115 0.695528 0.612297 0.698148 0.610159 0.699750 0.607906 0.698949 0.606891 0.696944 0.605654 0.694944 0.604977 0.692144 0.598727 0.697606 0.596026 0.700208 0.594109 0.699407 0.592195 0.697606 0.589607 0.697005 0.587805 0.698407 0.587128 0.700208 0.586003 0.698407 0.584763 0.700009 0.584763 0.700412 0.579359 0.700412 0.570349 0.705014 0.569224 0.706616 0.568323 0.708218
8 0.619294 0.513370 0.618216 0.512366 0.614997 0.511792 0.610938 0.510630 0.608935 0.510218 0.606133 0.509384 0.602115 0.507977 0.599081 0.506148 0.597872 0.505310 0.596562 0.506060 0.596187 0.507644 0.596794 0.509718 0.601229 0.511458 0.603563 0.512870 0.608281 0.513866 0.613036 0.515185 0.616641 0.516204 0.619388 0.516273 0.619430 0.514606
8 0.535495 0.452917 0.534307 0.458588 0.533443 0.464829 0.532956 0.469148 0.533497 0.470782 0.536250 0.470782 0.537115 0.465597 0.539328 0.454653
8 0.536250 0.450694 0.538302 0.443519 0.538896 0.441884 0.541706 0.442079 0.541867 0.443995 0.539815 0.452060
8 0.574536 0.369870 0.573003 0.366468 0.572109 0.363815 0.570943 0.360907 0.569641 0.361241 0.568516 0.362819 0.570622 0.367213 0.572812 0.372037
2 0.442370 0.369259 0.446154 0.374778 0.447870 0.377190 0.448383 0.379657 0.448201 0.381421 0.447117 0.383565 0.445279 0.380509 0.445128 0.378042 0.444706 0.378153 0.444586 0.379009 0.442807 0.377083 0.442417 0.373222
8 0.576690 0.379412 0.578555 0.382731 0.579349 0.384722 0.580833 0.386204 0.582378 0.387708 0.581693 0.381713 0.580044 0.380907 0.578784 0.378167 0.577430 0.377588 0.576172 0.377505 0.576315 0.378083 0.577716 0.378583 0.577669 0.379495
2 0.443596 0.387968 0.444518 0.386894 0.444773 0.385593 0.445568 0.387005 0.447094 0.390454 0.445154 0.389380
2 0.443724 0.390972 0.445250 0.395255 0.446680 0.397912 0.447602 0.399435 0.447664 0.400509 0.449380 0.399042 0.450049 0.398759 0.449667 0.396667 0.448620 0.394014 0.447823 0.391977 0.446362 0.391810
2 0.534922 0.500880 0.536846 0.496903 0.537646 0.496157 0.541552 0.495227 0.545247 0.494731 0.547667 0.493880 0.550247 0.492514 0.552443 0.490963 0.555685 0.488116 0.559625 0.485509 0.563385 0.483088 0.565677 0.481426 0.566130 0.484056 0.566070 0.486407 0.566521 0.489787 0.562393 0.491449 0.559349 0.493157 0.553656 0.495407 0.548445 0.498037 0.545417 0.499014 0.541719 0.499389 0.539792 0.499245 0.539010 0.500870 0.538724 0.502083
2 0.447919 0.401528 0.448268 0.403111 0.449128 0.405426 0.449701 0.404125 0.450747 0.403560 0.450911 0.402361 0.450599 0.400000
2 0.414563 0.372991 0.414469 0.370000 0.415008 0.367963 0.415771 0.367514 0.416628 0.366495 0.418536 0.368190 0.420792 0.369435 0.421143 0.372032 0.421620 0.374125 0.421969 0.377005 0.421237 0.376778 0.419044 0.375648 0.416247 0.374065
2 0.421620 0.370565 0.423240 0.370620 0.424701 0.372204 0.425115 0.374065 0.425021 0.377287 0.425560 0.378245 0.426482 0.378528 0.427531 0.377741 0.427818 0.378644 0.427435 0.379602 0.425529 0.379829 0.424065 0.379380 0.422794 0.378245
1 0.583672 0.623611 0.593922 0.622958 0.595326 0.626417 0.597216 0.629583 0.595922 0.629583 0.589927 0.626319
1 0.578747 0.624593 0.580638 0.624782 0.589549 0.628431 0.593490 0.630352 0.593167 0.632366 0.589063 0.634000 0.584526 0.635634 0.583122 0.635921 0.582313 0.631889 0.580370 0.628625
6 0.591771 0.363287 0.594047 0.362097 0.595297 0.364185 0.596615 0.370769 0.596487 0.372051 0.594148 0.373264 0.592865 0.369491
6 0.585341 0.361463 0.584573 0.358588 0.583893 0.358287 0.581169 0.350116 0.580745 0.348375 0.580500 0.346389 0.581589 0.344241 0.583646 0.344023 0.585654 0.350602 0.587469 0.355866 0.588062 0.357681 0.588021 0.360176 0.586362 0.360102
6 0.488307 0.253889 0.490349 0.253375 0.491794 0.249356 0.492096 0.249032 0.494719 0.254176 0.497398 0.259426 0.498393 0.262801 0.497188 0.263870 0.497159 0.265157 0.498062 0.266231 0.497219 0.268426 0.495953 0.267194 0.494773 0.268352 0.494802 0.268940 0.494229 0.269315 0.494141 0.271296 0.493958 0.272102 0.493206 0.270227 0.491698 0.267009 0.489680 0.263153 0.488474 0.258977 0.487872 0.256940
8 0.438724 0.188750 0.437901 0.184731 0.436432 0.179769 0.435573 0.176481 0.434906 0.171259 0.435818 0.170889 0.436677 0.170889 0.438396 0.178019 0.439333 0.181722 0.440208 0.185231 0.440521 0.187778
2 0.414469 0.370000 0.414161 0.371671 0.413495 0.372519 0.412669 0.373310 0.413049 0.375514 0.413240 0.376306 0.414258 0.375681 0.414320 0.376644 0.413367 0.377546 0.413685 0.380935 0.414320 0.384894 0.414766 0.388454 0.415497 0.389185 0.416833 0.388056 0.418708 0.385287 0.419565 0.383986 0.419313 0.380880 0.418453 0.378449 0.418581 0.376472 0.418104 0.375116 0.416247 0.374065 0.414563 0.372991
2 0.506563 0.505000 0.510214 0.508648 0.512932 0.511745 0.515268 0.515463 0.517302 0.518384 0.521297 0.523477 0.523125 0.525694 0.523839 0.527565 0.525260 0.527778 0.524240 0.531579 0.522948 0.530935 0.521745 0.529398 0.519885 0.525912 0.515690 0.520176 0.511977 0.516662 0.508464 0.512778 0.505573 0.509444 0.503911 0.507412 0.503870 0.505764 0.505727 0.504759
2 0.528677 0.532227 0.533276 0.533731 0.535990 0.533935 0.538883 0.534810 0.539810 0.534880 0.540052 0.537389 0.538359 0.537963 0.535133 0.537676 0.531664 0.536676 0.528557 0.535528
2 0.544818 0.535231 0.544612 0.529968 0.545589 0.527116 0.547891 0.523708 0.549870 0.520093 0.549982 0.524454 0.550052 0.526435 0.547604 0.530324 0.546120 0.533241
2 0.553411 0.510972 0.555747 0.505528 0.557107 0.502866 0.558432 0.502926 0.558607 0.501565 0.557734 0.501440 0.558466 0.499208 0.560872 0.494995 0.562826 0.493755 0.563695 0.492329 0.565266 0.491523 0.566659 0.492574 0.564813 0.497657 0.562406 0.502491 0.560453 0.507139 0.559513 0.506644 0.557422 0.510056 0.555747 0.512222
2 0.534331 0.502023 0.532768 0.506245 0.530458 0.510685 0.528833 0.515130 0.527221 0.520907 0.525891 0.524782 0.525260 0.527778 0.524240 0.531579 0.523346 0.535181 0.521411 0.538477 0.522096 0.541278 0.524479 0.542278 0.525440 0.540120 0.526208 0.536824 0.528870 0.528727 0.530003 0.524060 0.531737 0.520185 0.533469 0.515032 0.536180 0.509852 0.537581 0.507431 0.537961 0.507000 0.538867 0.503778 0.537260 0.502546
2 0.540341 0.578639 0.539409 0.576977 0.538143 0.574676 0.536635 0.569532 0.536938 0.568676 0.535763 0.567819 0.535310 0.566745 0.535099 0.565194 0.536786 0.563477 0.537057 0.564338 0.538294 0.564819 0.540583 0.570176 0.542211 0.574833 0.542904 0.577676 0.544320 0.581264 0.544198 0.582495
2 0.543776 0.471204 0.542891 0.470046 0.542034 0.468787 0.540779 0.467676 0.540008 0.469153 0.539042 0.468935 0.536862 0.467500 0.536250 0.470782 0.536250 0.470782 0.536612 0.472421 0.538721 0.473074 0.541016 0.473944 0.542240 0.472463
2 0.545164 0.472264 0.547779 0.474495 0.551370 0.478032 0.552414 0.479333 0.553469 0.480111 0.554195 0.481593 0.556594 0.481356 0.560133 0.482981 0.561594 0.484185 0.559625 0.485509 0.555685 0.488116 0.554487 0.489134 0.552245 0.487148 0.550654 0.484921 0.551125 0.483815 0.550891 0.483167 0.550367 0.482981 0.549589 0.484602 0.547505 0.482745 0.544510 0.479412 0.542766 0.477796 0.541880 0.475940
2 0.533471 0.480560 0.535792 0.478843 0.538445 0.476380 0.541016 0.473944 0.542240 0.472463 0.543776 0.471204 0.543716 0.471292 0.544320 0.470648 0.544922 0.470648 0.545164 0.472264 0.541880 0.475940 0.539438 0.478093 0.536938 0.480398 0.535182 0.481759 0.533956 0.482273
2 0.511953 0.495741 0.509247 0.494292 0.508159 0.493287 0.508198 0.491139 0.509208 0.489417 0.510781 0.488843 0.512797 0.489704
2 0.513362 0.489991 0.514531 0.490995 0.516065 0.491208 0.519010 0.492574 0.520219 0.493431 0.520219 0.495083 0.519411 0.499241 0.518807 0.499602 0.516719 0.498750 0.513927 0.496731 0.512596 0.495657 0.512919 0.492574
2 0.556760 0.538681 0.555734 0.530231 0.554977 0.522843 0.554492 0.517176 0.553573 0.512856 0.553013 0.511380 0.550513 0.510880 0.548734 0.511745 0.549865 0.516764 0.549870 0.520093 0.550437 0.525671 0.550529 0.530398 0.551646 0.537787 0.552164 0.544144 0.552974 0.544046 0.552813 0.540398 0.553352 0.540398 0.553406 0.542319 0.554542 0.539343 0.555565 0.538866
2 0.609359 0.488750 0.611086 0.487755 0.613698 0.487176 0.614633 0.487259 0.614911 0.489333 0.614680 0.492731 0.613560 0.495968 0.610992 0.496551 0.607633 0.495556 0.605997 0.495222 0.608005 0.491574
2 0.574685 0.526306 0.575417 0.529157 0.578484 0.534236 0.580612 0.537088 0.583646 0.541676 0.585737 0.543472 0.585771 0.540870 0.585388 0.537463 0.584237 0.534981 0.581203 0.531509 0.579740 0.528227 0.579357 0.526120 0.578729 0.526120 0.578625 0.528537
2 0.584794 0.533000 0.586294 0.531819 0.588490 0.535231 0.591872 0.539319 0.593547 0.540995 0.593372 0.543657 0.594591 0.546014 0.595859 0.549310 0.596977 0.553394 0.596872 0.554139 0.593070 0.552782 0.590667 0.550236 0.588680 0.547949 0.587146 0.544912 0.587388 0.539704 0.587146 0.537722
2 0.534766 0.554815 0.529711 0.552741 0.528146 0.547167 0.527302 0.543903 0.526276 0.542185 0.525883 0.540815 0.526219 0.538917 0.527133 0.537343 0.527836 0.536514 0.529112 0.536787 0.531768 0.545032 0.533643 0.551491
