0 0.495047 0.308764 0.489435 0.305838 0.461755 0.302741 0.455174 0.308074 0.452687 0.310449 0.451685 0.311407 0.450510 0.312486 0.446430 0.316477 0.446242 0.316921 0.445432 0.318699 0.444932 0.320144 0.444557 0.321144 0.444120 0.323028 0.443682 0.325361 0.443307 0.326806 0.443307 0.328583 0.443620 0.330139 0.443557 0.330472 0.443120 0.330472 0.442391 0.333588 0.442315 0.336579 0.440234 0.338292 0.440479 0.343273 0.441083 0.352954 0.440560 0.357546 0.440367 0.359231 0.439667 0.361051 0.439341 0.364028 0.439034 0.367625 0.438880 0.370782 0.439135 0.373940 0.439388 0.375926 0.439849 0.379000 0.439641 0.380481 0.439760 0.382560 0.439969 0.388514 0.442286 0.396755 0.446375 0.403046 0.447003 0.421769 0.456888 0.432431 0.469318 0.444148 0.472378 0.438704 0.474065 0.432704 0.474565 0.424597 0.474315 0.422153 0.475628 0.421042 0.475818 0.418667 0.470484 0.403931 0.469971 0.403847 0.469784 0.397125 0.470857 0.395218 0.471417 0.397292 0.471885 0.390903 0.475198 0.372454 0.484818 0.371782 0.484943 0.384792 0.486628 0.390898 0.491630 0.392565 0.491872 0.399000 0.490568 0.405005 0.490310 0.407602 0.487997 0.416708 0.486937 0.418153 0.486937 0.421264 0.487872 0.434148 0.488737 0.435569 0.490560 0.439505 0.491315 0.440894 0.491732 0.442468 0.492904 0.442745 0.493685 0.444366 0.497253 0.443769 0.498068 0.442102 0.500060 0.442995 0.501706 0.442606 0.503305 0.440282 0.505594 0.431241 0.506062 0.432727 0.507555 0.430241 0.508203 0.429329 0.508349 0.427083 0.508810 0.425764 0.509466 0.425009 0.509312 0.413333 0.508992 0.410995 0.509612 0.410505 0.511734 0.406875 0.511810 0.405213 0.511542 0.403389 0.511542 0.401278 0.511865 0.397343 0.512729 0.394750 0.512945 0.392731 0.513539 0.393213 0.513646 0.391199 0.514133 0.389083 0.515536 0.387069 0.517427 0.385917 0.518021 0.386875 0.519154 0.384861 0.519656 0.383181 0.520156 0.378778 0.520516 0.369139 0.520227 0.362329 0.519648 0.357829 0.516758 0.352046 0.515745 0.349093 0.513143 0.346264 0.512130 0.338940 0.512052 0.335995 0.510695 0.334551 0.509081 0.334843 0.507784 0.332056 0.505518 0.331093 0.502974 0.329940 0.498096 0.330370 0.496732 0.313546
2 0.511734 0.406875 0.513935 0.410088 0.515271 0.407852 0.517156 0.409106 0.517865 0.411343 0.517234 0.412880 0.517000 0.415398 0.518964 0.415398 0.519672 0.416792 0.518648 0.416935 0.519279 0.419028 0.519594 0.420565 0.519513 0.422801 0.520628 0.422880 0.521323 0.424542 0.522589 0.426116 0.524622 0.430065 0.524211 0.432560 0.520669 0.428662 0.519638 0.428662 0.516003 0.423685 0.514646 0.422773 0.512911 0.420426 0.512911 0.417773 0.511813 0.414139 0.509924 0.411343 0.509612 0.410505
2 0.551648 0.454245 0.550357 0.454977 0.549125 0.457481 0.548948 0.458630 0.549659 0.461792 0.550365 0.464088 0.550945 0.465310 0.553352 0.463847 0.555349 0.461759 0.555406 0.460301 0.554760 0.458005 0.554057 0.454977 0.553703 0.453204
2 0.537638 0.425676 0.537201 0.429306 0.535982 0.430301 0.536083 0.432282 0.536237 0.433727 0.533901 0.434088 0.532430 0.434356 0.531060 0.434000 0.529539 0.432375 0.529539 0.431023 0.530148 0.429486 0.530299 0.428227 0.530299 0.425519
10 0.337281 0.265449 0.340167 0.270051 0.340917 0.268653 0.341706 0.268361 0.342458 0.268708 0.343341 0.270106 0.343805 0.269292 0.343870 0.267722 0.344359 0.266907 0.344716 0.266671 0.345279 0.266616 0.346029 0.267023 0.346456 0.267838 0.346583 0.268708 0.346518 0.269528 0.346391 0.270343 0.345208 0.271213 0.344458 0.272264 0.345508 0.274593 0.345672 0.275759 0.345344 0.277213 0.348221 0.282454 0.355203 0.293171 0.363586 0.305806 0.368797 0.313144 0.367422 0.315764 0.350339 0.290556 0.342531 0.278944 0.340995 0.280190 0.340253 0.280032 0.339857 0.278551 0.339417 0.277227 0.338674 0.276213 0.338323 0.275042 0.338234 0.273718 0.338365 0.272236 0.335690 0.268106 0.334945 0.268264 0.334375 0.267324 0.334286 0.265690 0.334198 0.264361 0.334286 0.263116 0.334898 0.262491 0.335779 0.262417 0.336435 0.262722 0.336786 0.263579
2 0.353326 0.266167 0.352378 0.266639 0.350672 0.269130 0.348398 0.273981 0.345344 0.277213 0.348221 0.282454 0.354044 0.291366 0.355940 0.285167 0.356583 0.281528 0.356964 0.278495 0.356432 0.271894 0.355182 0.268727 0.353893 0.265963
1 0.426685 0.353551 0.423133 0.357370 0.419185 0.361032 0.416904 0.363060 0.416333 0.362750 0.416292 0.361894 0.416466 0.361190 0.422474 0.356046 0.426380 0.352315
2 0.434714 0.369769 0.435786 0.367894 0.436344 0.367444 0.439034 0.367625 0.438880 0.370782 0.439135 0.373940 0.439388 0.375926 0.439849 0.379000 0.438378 0.376384
2 0.433039 0.370356 0.430495 0.371995 0.428742 0.372231 0.427380 0.371917 0.425802 0.370750 0.425057 0.370514 0.422776 0.370903 0.421109 0.372931 0.420057 0.374204 0.419138 0.374032 0.418388 0.374491 0.417633 0.375833 0.416583 0.376065 0.416125 0.376301 0.415766 0.377171 0.415536 0.377755 0.414453 0.378046 0.413273 0.378866 0.416375 0.383282 0.418909 0.382380 0.420786 0.382380 0.422716 0.383551 0.424492 0.385083 0.425404 0.385625 0.425961 0.384810 0.426469 0.384000 0.427232 0.383727 0.427589 0.383727 0.428448 0.384097 0.429057 0.384810 0.429768 0.383727 0.430531 0.384000 0.431643 0.383009 0.432557 0.383463 0.433419 0.384546 0.434130 0.384810 0.434688 0.383917 0.437125 0.386255 0.437734 0.386347 0.438747 0.386171 0.439969 0.388514 0.439760 0.382560 0.439641 0.380481 0.437461 0.376602 0.436242 0.374528 0.434518 0.371551
2 0.428448 0.384097 0.431596 0.392806 0.432477 0.394889 0.442286 0.396755 0.439969 0.388514 0.438747 0.386171 0.437734 0.386347 0.437125 0.386255 0.434688 0.383917 0.434130 0.384810 0.433419 0.384546 0.432557 0.383463 0.431643 0.383009 0.430531 0.384000 0.429768 0.383727 0.429057 0.384810
2 0.314586 0.262903 0.313294 0.262176 0.312003 0.262176 0.310945 0.262384 0.310534 0.263634 0.310125 0.266870 0.310242 0.268958 0.310477 0.269690 0.310182 0.275639 0.310477 0.277412 0.310888 0.278037 0.313060 0.278662 0.312414 0.283046 0.316289 0.287222 0.317872 0.280648 0.318461 0.278245 0.317755 0.276995 0.316229 0.274699 0.315172 0.273236 0.313646 0.271986 0.312120 0.271356 0.311651 0.270630 0.311885 0.268750 0.313117 0.266870
2 0.310125 0.266870 0.305323 0.275356 0.312414 0.283046 0.313060 0.278662 0.310888 0.278037 0.310477 0.277412 0.310182 0.275639 0.310477 0.269690 0.310242 0.268958
2 0.315312 0.255384 0.316638 0.253208 0.319292 0.250296 0.320372 0.249657 0.321365 0.247245 0.322771 0.251329 0.322771 0.252319 0.321807 0.253222 0.320841 0.255204 0.317141 0.260611 0.315870 0.257546
2 0.326659 0.244977 0.332521 0.241708 0.337474 0.239440 0.338635 0.238940 0.341865 0.241000 0.338768 0.242972 0.328242 0.248273 0.327974 0.247523 0.327500 0.246315
2 0.371776 0.261671 0.370635 0.255199 0.370854 0.253875 0.373661 0.247014 0.372828 0.245065 0.373836 0.242023 0.374273 0.240463 0.374273 0.239139 0.372958 0.238282 0.371773 0.237269 0.371117 0.236491 0.370984 0.234694 0.369888 0.232435 0.369013 0.230407 0.368398 0.230407 0.368221 0.231731 0.369143 0.233060 0.369406 0.234931 0.369406 0.236255 0.370065 0.237190 0.371292 0.238750 0.370195 0.244829 0.370060 0.247412 0.368542 0.251727 0.369604 0.252940 0.369352 0.253903 0.369299 0.256069 0.368641 0.258231 0.367039 0.264477
2 0.376083 0.250579 0.377081 0.252458 0.377375 0.254546 0.377315 0.258407 0.377021 0.260495 0.376375 0.262269 0.375729 0.263310 0.375203 0.264148 0.374674 0.263940 0.373969 0.262685 0.373617 0.261954 0.373089 0.261954 0.371776 0.261671 0.370635 0.255199 0.370854 0.253875 0.373661 0.247014
10 0.397000 0.253301 0.395375 0.261778 0.396432 0.262472 0.401198 0.266171 0.405982 0.269176 0.406893 0.265208 0.407299 0.261690 0.407299 0.258801 0.406792 0.257088 0.406031 0.256185 0.402531 0.255282 0.400906 0.254292 0.398826 0.253838
2 0.368581 0.246537 0.366266 0.244903 0.361375 0.238380 0.359607 0.234639 0.358997 0.234398 0.358453 0.233310 0.358589 0.231500 0.357570 0.230051 0.357638 0.228843 0.359607 0.227153 0.360354 0.226426 0.358724 0.216884 0.361443 0.211088 0.362664 0.212782 0.367352 0.228236 0.368398 0.230407 0.368221 0.231731 0.369143 0.233060 0.369406 0.234931 0.369406 0.236255 0.370065 0.237190 0.371292 0.238750 0.370195 0.244829 0.370060 0.247412
2 0.349167 0.230208 0.352617 0.230116 0.358555 0.232463 0.358453 0.233310 0.358997 0.234398 0.357555 0.245148 0.355862 0.244144 0.356789 0.235611 0.354690 0.234606 0.353521 0.242639 0.351302 0.241347 0.351799 0.236014 0.349167 0.233833
1 0.344477 0.230088 0.344125 0.231648 0.350833 0.236324 0.351055 0.235389 0.349167 0.233833
2 0.383115 0.287074 0.381589 0.288435 0.379768 0.288435 0.380063 0.289685 0.379477 0.290310 0.377833 0.291981 0.377479 0.292088 0.376599 0.290310 0.377128 0.288537 0.376659 0.288537 0.375602 0.288329 0.375424 0.287704 0.375307 0.286032 0.375367 0.285199 0.381354 0.280398 0.383760 0.283005 0.384818 0.284468 0.384878 0.285301 0.384115 0.286139
2 0.428456 0.308954 0.429422 0.311449 0.431174 0.313398 0.433323 0.315583 0.434333 0.315426 0.436831 0.318468 0.436875 0.319949 0.436393 0.322130 0.435430 0.322986 0.433411 0.323301 0.431964 0.321662 0.430823 0.319713 0.429115 0.318468 0.427885 0.317218 0.427185 0.315269 0.426789 0.311917 0.427930 0.309032
10 0.435766 0.333889 0.440234 0.338292 0.442315 0.336579 0.441807 0.335583 0.441250 0.333778 0.440388 0.333690 0.437292 0.329000 0.434247 0.324852 0.433411 0.323301 0.431964 0.321662 0.430823 0.319713 0.430534 0.323023 0.430398 0.326884 0.431352 0.328699 0.432635 0.328815
2 0.430372 0.299458 0.429802 0.301565 0.429143 0.304449 0.428531 0.304681 0.428354 0.305306 0.428617 0.306162 0.429628 0.306319 0.431865 0.309907 0.432695 0.310296 0.435503 0.310296 0.438529 0.312870 0.439888 0.312634 0.440240 0.311542 0.439802 0.310218 0.439055 0.309204 0.437784 0.308505 0.436469 0.307722 0.435721 0.306088 0.434451 0.305773 0.433487 0.303514 0.431688 0.301407 0.430898 0.298991
2 0.519279 0.419028 0.520667 0.417787 0.520667 0.416255 0.521206 0.415292 0.521044 0.411741 0.520667 0.410972 0.519370 0.410972 0.519964 0.408671 0.511810 0.405213 0.511734 0.406875 0.513935 0.410088 0.515271 0.407852 0.517156 0.409106 0.517865 0.411343 0.517234 0.412880 0.517000 0.415398 0.518964 0.415398 0.519672 0.416792 0.518648 0.416935
2 0.434156 0.286542 0.433763 0.292778 0.433893 0.295819 0.434112 0.297611 0.433763 0.300963 0.437359 0.305097 0.444023 0.309852 0.447182 0.310708 0.447094 0.309384 0.443146 0.303616 0.443146 0.301509 0.443190 0.299718 0.443937 0.298468 0.444156 0.297144 0.444112 0.295583 0.443805 0.294259 0.443146 0.292542 0.442664 0.291218 0.442271 0.290593 0.441568 0.290125 0.440471 0.289657 0.439552 0.289505 0.438630 0.289347 0.437797 0.288023 0.437138 0.287162 0.436086 0.286542 0.435823 0.286306
9 0.449258 0.304333 0.448313 0.307227 0.447857 0.308847 0.447706 0.310259 0.448042 0.311472 0.449182 0.312347 0.450510 0.312486 0.451685 0.311407 0.452060 0.310259 0.452060 0.309588 0.452932 0.308981 0.453125 0.308306 0.453276 0.307093
2 0.422948 0.341602 0.411693 0.339579 0.410568 0.341579 0.409943 0.344134 0.409573 0.350801 0.410690 0.350801 0.411958 0.351704 0.413073 0.352606 0.415661 0.352065 0.416018 0.357028 0.420628 0.357574 0.422474 0.356046 0.426159 0.352537 0.426375 0.352241 0.425130 0.347375
10 0.415661 0.352065 0.416018 0.357028 0.416466 0.361190 0.416292 0.361894 0.416333 0.362750 0.416904 0.363060 0.412669 0.364421 0.412109 0.366046 0.410385 0.366407 0.410385 0.364963 0.404753 0.366495 0.401984 0.366551 0.400922 0.367088 0.398917 0.365685 0.398359 0.365236 0.394961 0.365866 0.392271 0.365056 0.391612 0.363792 0.392372 0.361986 0.390849 0.362167 0.390544 0.361264 0.391357 0.360185 0.393234 0.358106 0.396482 0.358199 0.400643 0.355852 0.402164 0.356032 0.402826 0.355944 0.403789 0.353870 0.405005 0.352968 0.406578 0.352968 0.408354 0.351616 0.409573 0.350801 0.410690 0.350801 0.411958 0.351704 0.413073 0.352606
2 0.440240 0.311542 0.439888 0.312634 0.439120 0.312699 0.437557 0.315255 0.436872 0.315810 0.436247 0.317588 0.436831 0.318468 0.436875 0.319949 0.436393 0.322130 0.435430 0.322986 0.434747 0.323139 0.434810 0.324028 0.435435 0.325028 0.436622 0.325028 0.437932 0.325472 0.438307 0.326028 0.439120 0.326028 0.440245 0.327806 0.440932 0.328472 0.441682 0.328806 0.442182 0.328917 0.442682 0.330028 0.443120 0.330472 0.443557 0.330472 0.443620 0.330139 0.443307 0.328583 0.443307 0.326806 0.443682 0.325361 0.444120 0.323028 0.444557 0.321144 0.444932 0.320144 0.445432 0.318699 0.446242 0.316921 0.446430 0.316477 0.444557 0.315588 0.443120 0.314699 0.441370 0.312366
2 0.435961 0.343347 0.440479 0.343273 0.441083 0.352954 0.440560 0.357546 0.439591 0.356611 0.439591 0.355611 0.436688 0.355755 0.436526 0.354819 0.435518 0.354606 0.435357 0.356829 0.436688 0.357042 0.437938 0.358333 0.437776 0.360630 0.430057 0.359968 0.427977 0.353199 0.433398 0.347120
2 0.424232 0.341769 0.434638 0.342843 0.432919 0.345556 0.429807 0.349144 0.427570 0.351722 0.424628 0.342736
2 0.347984 0.298685 0.343464 0.298898 0.339878 0.303505 0.339305 0.304366 0.339125 0.307847 0.338281 0.310255 0.337617 0.311111 0.339758 0.313417 0.340003 0.312662 0.340406 0.310940 0.341094 0.309792 0.346055 0.302194 0.348555 0.298463
9 0.437776 0.360630 0.437560 0.361532 0.439341 0.364028 0.439667 0.361051 0.440367 0.359231 0.440560 0.357546 0.439591 0.356611 0.439591 0.355611 0.436688 0.355755 0.436526 0.354819 0.435518 0.354606 0.435357 0.356829 0.436688 0.357042 0.437938 0.358333
2 0.374990 0.241134 0.379172 0.249065 0.378477 0.249870 0.377745 0.248819 0.375826 0.249065 0.373073 0.244296 0.373836 0.242023
2 0.551914 0.446963 0.551914 0.453963 0.551648 0.454245 0.550622 0.454773 0.550206 0.451611 0.550240 0.449750 0.550643 0.447449
2 0.328513 0.281588 0.328911 0.280847 0.331953 0.280954 0.334305 0.281222 0.335901 0.280741 0.336924 0.281653 0.337406 0.282722 0.338854 0.281759 0.339786 0.280796 0.340813 0.280579 0.341776 0.280847 0.342169 0.282778 0.344339 0.283204 0.345784 0.284171 0.346477 0.284866 0.348104 0.287222 0.348315 0.288991 0.347651 0.289954 0.348044 0.291185 0.348344 0.293542 0.348344 0.295523 0.348224 0.297560 0.347984 0.298685 0.343464 0.298898 0.339878 0.303505 0.339305 0.304366 0.339125 0.307847 0.338281 0.310255 0.337617 0.311111 0.335529 0.308954
1 0.349120 0.299681 0.345974 0.304630 0.343956 0.306898 0.343448 0.307889 0.343346 0.309694 0.341094 0.312662 0.340003 0.312662 0.340406 0.310940 0.341094 0.309792 0.346055 0.302194 0.348555 0.298463 0.349081 0.297889
2 0.355135 0.314662 0.353328 0.311833 0.343497 0.311449 0.341906 0.315690 0.348341 0.322375 0.350654 0.324171 0.352029 0.320190 0.353401 0.318519 0.356365 0.317231
2 0.357096 0.309968 0.356721 0.312477 0.357479 0.316028 0.358234 0.318144 0.364750 0.320829 0.365362 0.317759 0.365307 0.315935 0.363852 0.314111 0.362661 0.313148 0.361258 0.314495 0.360232 0.313630 0.359315 0.311903 0.358937 0.310556 0.359583 0.308444 0.359154 0.307583 0.357656 0.306176 0.357758 0.307620 0.357555 0.308884
9 0.381711 0.318745 0.383859 0.320074 0.388151 0.326046 0.390859 0.330611 0.390859 0.332769 0.390625 0.333764 0.390018 0.334259 0.388479 0.334343 0.387453 0.333181 0.383112 0.326046 0.382177 0.325301 0.382039 0.324139 0.381292 0.322644 0.380732 0.321398 0.381057 0.319824
2 0.433039 0.370356 0.426977 0.369694 0.424492 0.365083 0.422063 0.365662 0.420443 0.363551 0.419740 0.363935 0.421469 0.370079 0.415852 0.368639 0.414016 0.367199 0.416904 0.363060 0.419185 0.361032 0.423133 0.357370 0.428359 0.358287 0.429138 0.360454 0.430357 0.363338 0.432284 0.366856 0.434518 0.371551
2 0.421469 0.370079 0.419740 0.363935 0.420443 0.363551 0.422063 0.365662 0.424492 0.365083 0.426977 0.369694 0.427380 0.371917 0.425802 0.370750 0.425057 0.370514 0.422776 0.370903 0.421740 0.372093
2 0.413573 0.284468 0.415096 0.282620 0.421469 0.281759 0.426383 0.290398 0.427948 0.293852 0.427354 0.295292 0.429083 0.297694 0.430372 0.299458 0.429802 0.301565 0.428057 0.301343 0.427841 0.302301 0.428531 0.304681 0.428354 0.305306 0.428617 0.306162 0.428456 0.308954 0.427930 0.309032 0.426789 0.311917 0.427185 0.315269 0.426273 0.319292 0.421375 0.315329 0.412870 0.307847 0.416216 0.308681 0.417682 0.308472 0.419445 0.307741 0.420281 0.309023 0.422440 0.309023 0.424060 0.306815 0.424492 0.303644 0.424276 0.302685 0.422979 0.302685 0.422385 0.303356 0.422117 0.303551 0.420620 0.301273 0.420911 0.299495 0.421089 0.297097 0.420794 0.295009 0.419091 0.292088 0.416273 0.286657
9 0.420620 0.301273 0.422117 0.303551 0.422385 0.303356 0.422979 0.302685 0.424276 0.302685 0.424492 0.303644 0.424060 0.306815 0.422440 0.309023 0.420281 0.309023 0.419445 0.307741 0.419737 0.306801 0.419091 0.304505 0.419854 0.302523
2 0.387747 0.268032 0.381727 0.271435 0.378115 0.273213 0.377602 0.273537 0.377573 0.275417 0.373372 0.276579 0.372625 0.277907 0.372531 0.279069 0.373464 0.283051 0.373318 0.284935 0.373362 0.288130 0.373844 0.289222 0.375602 0.288329 0.375424 0.287704 0.375307 0.286032 0.375367 0.285199 0.381354 0.280398 0.389633 0.273435 0.389612 0.268449
2 0.387307 0.358458 0.387469 0.361324 0.390544 0.361264 0.391357 0.360185 0.393234 0.358106 0.392391 0.357954
2 0.371792 0.268819 0.368466 0.276019 0.372047 0.282829 0.373318 0.284935 0.373464 0.283051 0.372531 0.279069 0.372625 0.277907 0.373372 0.276579 0.377573 0.275417 0.377602 0.273537 0.375794 0.269519 0.375794 0.269519 0.375044 0.268356 0.374807 0.266199 0.374669 0.265208 0.373411 0.263458 0.372565 0.262306 0.370794 0.263884 0.370427 0.265542 0.372052 0.266958 0.372479 0.267778
2 0.361932 0.267657 0.367039 0.264477 0.371776 0.261671 0.373089 0.261954 0.373617 0.261954 0.373969 0.262685 0.374674 0.263940 0.375203 0.264148 0.374669 0.265208 0.373411 0.263458 0.372565 0.262306 0.370794 0.263884 0.370427 0.265542 0.372052 0.266958 0.372479 0.267778 0.371792 0.268819 0.364359 0.273051 0.364250 0.272032 0.362758 0.268991
2 0.357349 0.262870 0.357203 0.259528 0.358794 0.257213 0.361318 0.257213 0.364289 0.257213 0.366096 0.257986 0.368042 0.260042 0.367039 0.264477 0.361932 0.267657 0.361661 0.267278 0.361661 0.267278 0.360362 0.265852
2 0.367768 0.326528 0.368206 0.330306 0.368581 0.332972 0.369768 0.335639 0.371706 0.336194 0.374203 0.335861 0.375891 0.334972 0.376391 0.333083 0.376703 0.330528 0.370456 0.321023
2 0.366268 0.330083 0.365458 0.340301 0.372268 0.348079 0.379391 0.348301 0.379391 0.344079 0.380453 0.343634 0.381016 0.336856 0.379576 0.334667 0.376703 0.330528 0.376391 0.333083 0.375891 0.334972 0.374203 0.335861 0.371706 0.336194 0.369768 0.335639 0.368581 0.332972 0.368206 0.330306 0.368143 0.328972
2 0.385307 0.316009 0.390167 0.318977 0.390818 0.319394 0.394492 0.321676 0.400677 0.325120 0.404586 0.327310 0.404229 0.328125 0.405297 0.329116 0.409964 0.331644 0.413661 0.333301 0.416708 0.334745 0.419549 0.337181 0.418422 0.338116 0.417734 0.340667 0.411693 0.339579 0.412359 0.337338 0.412359 0.335338 0.408362 0.333560 0.407487 0.335671 0.406924 0.335338 0.406924 0.334005 0.407612 0.332782 0.399865 0.328449 0.392492 0.323676 0.388805 0.321676 0.384557 0.320787 0.383859 0.320074 0.383758 0.317421 0.384258 0.316199
2 0.425156 0.341870 0.428128 0.340625 0.429789 0.339565 0.435766 0.333889 0.437740 0.336019 0.432932 0.339667 0.428667 0.342255
2 0.394505 0.281787 0.392987 0.290782 0.399349 0.296565 0.400000 0.292968 0.397721 0.288745 0.397547 0.285931 0.397547 0.283319
2 0.395516 0.318171 0.400375 0.319995 0.404318 0.321819 0.405453 0.323352 0.405615 0.326042 0.404586 0.327310 0.400677 0.325120 0.395445 0.322144 0.395430 0.321458 0.396000 0.320991
2 0.419044 0.334801 0.422451 0.332685 0.424083 0.331593 0.424964 0.331843 0.426049 0.333407 0.426049 0.335944 0.425625 0.339694 0.425156 0.341870 0.424232 0.341769 0.422497 0.337866 0.420214 0.335792
2 0.398917 0.365685 0.398945 0.367458 0.398195 0.368236 0.398008 0.370569 0.397073 0.371792 0.396198 0.372347 0.390698 0.367125 0.388513 0.365347 0.389451 0.364019 0.390448 0.364574 0.392271 0.365056 0.394961 0.365866 0.398359 0.365236
2 0.416063 0.386111 0.410339 0.387167 0.406667 0.383231 0.406182 0.382653 0.407315 0.382079 0.407693 0.380542 0.407802 0.380060 0.409690 0.380060 0.410122 0.380157 0.410177 0.381310 0.412391 0.379676 0.412977 0.380366 0.416711 0.385819
9 0.359154 0.307583 0.360180 0.307102 0.360990 0.307199 0.362068 0.308157 0.362716 0.309116 0.362826 0.310269 0.362661 0.313148 0.361258 0.314495 0.360232 0.313630 0.359315 0.311903 0.358937 0.310556 0.359583 0.308444
1 0.636773 0.556032 0.641042 0.539361 0.645310 0.522889 0.647279 0.514588 0.648008 0.511801 0.648456 0.510162 0.649247 0.505741 0.650320 0.503833 0.652016 0.500722 0.654107 0.495093 0.654219 0.494593 0.653203 0.492986 0.650547 0.500116 0.649698 0.501926 0.648456 0.503333 0.647721 0.508856 0.643703 0.523861 0.638633 0.544162 0.635604 0.555968
2 0.522794 0.453185 0.532315 0.471935 0.537036 0.480472 0.538484 0.483375 0.557937 0.522199 0.561273 0.528727 0.540318 0.509204 0.533010 0.502208 0.528258 0.488213 0.522448 0.473102 0.522013 0.466667 0.521763 0.462333 0.520763 0.459440 0.520823 0.456551 0.519578 0.455556 0.519513 0.454667 0.520391 0.453662 0.520823 0.450551
10 0.390221 0.336505 0.394003 0.336773 0.394607 0.337176 0.396044 0.338389 0.396953 0.339463 0.397331 0.340269 0.398542 0.340403 0.398240 0.338523 0.407240 0.340403 0.409208 0.340000 0.412359 0.337338 0.409943 0.344134 0.408677 0.345514 0.401945 0.346051 0.395893 0.346185 0.394380 0.344574 0.393094 0.345111 0.392010 0.345088 0.389539 0.342556
1 0.350948 0.297671 0.350458 0.299491 0.359299 0.304528 0.359349 0.303921 0.357346 0.301403
2 0.370516 0.231958 0.372958 0.238282 0.374273 0.239139 0.374990 0.241134 0.375810 0.240565 0.371799 0.231421
2 0.518669 0.463389 0.515190 0.466162 0.513938 0.469477 0.515073 0.471630 0.516510 0.476069 0.517190 0.480912 0.516813 0.484676 0.518208 0.488963 0.528310 0.497991 0.530505 0.494759 0.528258 0.488213 0.522935 0.474718 0.522286 0.477884 0.521747 0.477981 0.519747 0.474333 0.518938 0.468671 0.518398 0.464926
1 0.635195 0.558065 0.631685 0.574269 0.629932 0.583801 0.630953 0.583866 0.633763 0.570894 0.636354 0.558056
2 0.635370 0.588287 0.642620 0.594139 0.645818 0.589796 0.651211 0.592356 0.653250 0.587079 0.655352 0.579083 0.656513 0.569028 0.656297 0.564125 0.655424 0.562065 0.655208 0.560259 0.655789 0.557421 0.658906 0.555616 0.659776 0.560000 0.660581 0.567903 0.662049 0.558963 0.662560 0.549824 0.664141 0.547815 0.662049 0.546708 0.660909 0.547463 0.659313 0.543727 0.658661 0.539597 0.658297 0.536889 0.657646 0.534958 0.656492 0.533148 0.654539 0.531065 0.649167 0.527769 0.646188 0.526718 0.644589 0.525671 0.641042 0.539361 0.636773 0.556032 0.637156 0.556088 0.640492 0.556903 0.643563 0.556319 0.648859 0.554343 0.649383 0.556204 0.647813 0.557718 0.642320 0.558995 0.636354 0.558056 0.633763 0.570894 0.630953 0.583866 0.632008 0.584056 0.634852 0.584968 0.635831 0.585556 0.635831 0.586380
2 0.643529 0.640468 0.645560 0.619963 0.646576 0.605907 0.648680 0.599847 0.653250 0.587079 0.655352 0.579083 0.656513 0.569028 0.656297 0.564125 0.655424 0.562065 0.655208 0.560259 0.655789 0.557421 0.658906 0.555616 0.659776 0.560000 0.660581 0.567903 0.659633 0.574958 0.656719 0.586509 0.655143 0.591491 0.653305 0.598023 0.651203 0.601292 0.649549 0.610421 0.647810 0.633759 0.643747 0.641370
2 0.384818 0.284468 0.384878 0.285301 0.384115 0.286139 0.383115 0.287074 0.381589 0.288435 0.379768 0.288435 0.380063 0.289685 0.379477 0.290310 0.377833 0.291981 0.377479 0.292088 0.376599 0.290310 0.377128 0.288537 0.376659 0.288537 0.375602 0.288329 0.373844 0.289222 0.373362 0.288130 0.373318 0.284935 0.372047 0.282829 0.370206 0.288597 0.382703 0.298810 0.389982 0.305440 0.389852 0.288597
10 0.406740 0.274583 0.407385 0.275255 0.408349 0.276639 0.409112 0.279144 0.410227 0.279667 0.411284 0.281856 0.413573 0.284468 0.416273 0.286657 0.419091 0.292088 0.420794 0.295009 0.421089 0.297097 0.420911 0.299495 0.420620 0.301273 0.419854 0.302523 0.419091 0.304505 0.419737 0.306801 0.419445 0.307741 0.417682 0.308472 0.416216 0.308681 0.412870 0.307847 0.404005 0.299704 0.397721 0.288745 0.397547 0.285931 0.397547 0.283319 0.398016 0.281231 0.396138 0.276222 0.395727 0.275597 0.394258 0.276954 0.393729 0.276222 0.393906 0.274866 0.394552 0.273926 0.392849 0.272671 0.392497 0.271315 0.392437 0.270588 0.393021 0.268653 0.393930 0.267644 0.394536 0.265426 0.395143 0.265690 0.395445 0.267644 0.395826 0.268921 0.396203 0.269528 0.396659 0.268181 0.397036 0.268046 0.397531 0.268583 0.397456 0.269394 0.397151 0.270204 0.400865 0.272898 0.402646 0.274111 0.404315 0.273569 0.405565 0.273569
2 0.523938 0.433616 0.522375 0.437394 0.520375 0.443500 0.519437 0.446722 0.518500 0.453944 0.517643 0.456671 0.515190 0.466162 0.513378 0.470491 0.512159 0.472324 0.510625 0.472972 0.508971 0.473398 0.508932 0.479208 0.497695 0.470602 0.497758 0.467273 0.499008 0.466384 0.498633 0.465273 0.497883 0.464606 0.500883 0.449611 0.502443 0.443167 0.508443 0.436727 0.510122 0.433727 0.509234 0.433227 0.505549 0.437958 0.503867 0.440023 0.503305 0.440282 0.505594 0.431241 0.506062 0.432727 0.507555 0.430241 0.508203 0.429329 0.508349 0.427083 0.508810 0.425764 0.509466 0.425009 0.509885 0.426009 0.510492 0.423685 0.511797 0.425931 0.513203 0.426343 0.515253 0.425676 0.514227 0.424097 0.514646 0.422773 0.516003 0.423685 0.519638 0.428662 0.520669 0.428662 0.524211 0.432560
2 0.345344 0.277213 0.345672 0.275759 0.345508 0.274593 0.344458 0.272264 0.345208 0.271213 0.346391 0.270343 0.346518 0.269528 0.346583 0.268708 0.346456 0.267838 0.346029 0.267023 0.345279 0.266616 0.344716 0.266671 0.344359 0.266907 0.343870 0.267722 0.343805 0.269292 0.343341 0.270106 0.342458 0.268708 0.341706 0.268361 0.340917 0.268653 0.340167 0.270051 0.337281 0.265449 0.336786 0.263579 0.336435 0.262722 0.335779 0.262417 0.334898 0.262491 0.334286 0.263116 0.334198 0.264361 0.334286 0.265690 0.334375 0.267324 0.334945 0.268264 0.335690 0.268106 0.338365 0.272236 0.338234 0.273718 0.338323 0.275042 0.329552 0.277995 0.328500 0.279245 0.327841 0.279245 0.327271 0.278778 0.326789 0.277218 0.326789 0.276204 0.328193 0.273472 0.331745 0.265991 0.332315 0.264509 0.332096 0.262245 0.332753 0.260690 0.333279 0.260222 0.333937 0.259986 0.335122 0.260296 0.337841 0.250787 0.338805 0.247593 0.339549 0.245796 0.346742 0.244940 0.348234 0.244940 0.349286 0.245718 0.351609 0.253514 0.352138 0.255856 0.353453 0.257181 0.353760 0.259287 0.354065 0.262014 0.354154 0.263417 0.354198 0.264431 0.353802 0.264819 0.352969 0.264819 0.353893 0.265963 0.353326 0.266167 0.352378 0.266639 0.350672 0.269130 0.348398 0.273981
2 0.390555 0.289028 0.421375 0.315329 0.430534 0.323023 0.430398 0.326884 0.431352 0.328699 0.432635 0.328815 0.435766 0.333889 0.429789 0.339565 0.426049 0.335944 0.426049 0.333407 0.424964 0.331843 0.424083 0.331593 0.422451 0.332685 0.414635 0.326769 0.394393 0.309014 0.390729 0.305750
10 0.338706 0.244264 0.336466 0.246194 0.334156 0.248005 0.332253 0.249093 0.329060 0.249454 0.328518 0.249454 0.327974 0.247523 0.327500 0.246315 0.326479 0.244745 0.325461 0.245106 0.324828 0.246773 0.324083 0.246231 0.321495 0.242245 0.320617 0.241315 0.319654 0.238815 0.318602 0.237731 0.318117 0.237731 0.317812 0.237731 0.317419 0.238815 0.317677 0.240458 0.317990 0.241546 0.318336 0.242801 0.318906 0.243657 0.319260 0.243815 0.319388 0.244745 0.319654 0.245759 0.320352 0.246458 0.321365 0.247245 0.322771 0.251329 0.322771 0.252319 0.321807 0.253222 0.320841 0.255204 0.317141 0.260611 0.315870 0.257546 0.315312 0.255384 0.314599 0.255384 0.314198 0.255926 0.314560 0.262838 0.313117 0.266870 0.311885 0.268750 0.311651 0.270630 0.312120 0.271356 0.313646 0.271986 0.315172 0.273236 0.316229 0.274699 0.317755 0.276995 0.318461 0.278245 0.317872 0.280648 0.316289 0.287222 0.320685 0.292940 0.323870 0.280833 0.327057 0.269394 0.328557 0.260727 0.330685 0.259176 0.336221 0.256194 0.337841 0.250787 0.338805 0.247593 0.339549 0.245796 0.340128 0.244106
8 0.370060 0.247412 0.368581 0.246537 0.366307 0.246199 0.361151 0.246875 0.359104 0.246875 0.369352 0.253903 0.369604 0.252940 0.368542 0.251727
5 0.564896 0.452560 0.564802 0.454801 0.576625 0.469727 0.573565 0.457176
5 0.563161 0.469537 0.569089 0.508991 0.572982 0.509949 0.578326 0.511389 0.581836 0.513116 0.585940 0.515231 0.593596 0.521843 0.591034 0.503986 0.576000 0.499630 0.569378 0.498074 0.569753 0.491407 0.583063 0.494852
5 0.594031 0.524032 0.596138 0.534977 0.593674 0.534361 0.587867 0.531995 0.587786 0.534435 0.588714 0.534861 0.592667 0.536009 0.596732 0.537356 0.598227 0.546245 0.598552 0.547241 0.598935 0.550713 0.599797 0.555282 0.597599 0.560690 0.589182 0.553523 0.574622 0.540861 0.570875 0.516083 0.569185 0.516083 0.568375 0.510639 0.570010 0.511005 0.574279 0.511866 0.577568 0.512926 0.582753 0.514847 0.587237 0.518014 0.591190 0.521074
5 0.539891 0.391500 0.541625 0.398815 0.542109 0.400968 0.542109 0.403977 0.542833 0.404194 0.542995 0.407778 0.541948 0.408208 0.540937 0.408495 0.540333 0.407708 0.539729 0.409069 0.538479 0.408995 0.539044 0.399384 0.539669 0.393051
5 0.526984 0.361523 0.532169 0.358259 0.536758 0.378421 0.539620 0.390806 0.538594 0.397810 0.538216 0.405106 0.537622 0.410005 0.535680 0.409718 0.535786 0.406546 0.535786 0.405014 0.533896 0.404245 0.534112 0.401366 0.533789 0.399542 0.532169 0.397333 0.529143 0.392722 0.525958 0.385810 0.523419 0.377843 0.528758 0.376722 0.527602 0.365028
8 0.658182 0.520611 0.660966 0.516532 0.662674 0.514620 0.663505 0.514014 0.663214 0.512190 0.663214 0.510889 0.663456 0.510106 0.664971 0.509847 0.665802 0.510019 0.667169 0.512278 0.667997 0.514361 0.668878 0.517051 0.668878 0.518528 0.668779 0.519134 0.667706 0.519486 0.666193 0.519051 0.658182 0.531639 0.657255 0.528255 0.657451 0.524519
8 0.360297 0.267801 0.361107 0.270583 0.362510 0.276824 0.356734 0.280088 0.356964 0.278495 0.356432 0.271894 0.355977 0.270870
1 0.384563 0.264162 0.383477 0.266468 0.382151 0.268181 0.380555 0.269250 0.379409 0.268981 0.378807 0.268019 0.378023 0.265343 0.377542 0.264162 0.377091 0.264000 0.376547 0.264162 0.376156 0.264968 0.375914 0.266625 0.375763 0.267912 0.375794 0.269519 0.377602 0.273537 0.378115 0.273213 0.377180 0.270963 0.376789 0.269731 0.376729 0.268287 0.376729 0.266894 0.377000 0.265125 0.377693 0.267699 0.378326 0.269250 0.379018 0.270056 0.379682 0.270375 0.380344 0.270431 0.381128 0.270375 0.382573 0.269468 0.383568 0.268287 0.384773 0.266037 0.385141 0.264528
5 0.442286 0.396755 0.416195 0.392426 0.417060 0.393963 0.428219 0.405000 0.446060 0.422606 0.447003 0.421769 0.446375 0.403046
8 0.339857 0.278551 0.339169 0.281380 0.338854 0.281759 0.337406 0.282722 0.336924 0.281653 0.336630 0.281296 0.338974 0.276606 0.339417 0.277227
8 0.432794 0.300815 0.432490 0.302694 0.433487 0.303514 0.434451 0.305773 0.435721 0.306088 0.436469 0.307722 0.437784 0.308505 0.439055 0.309204 0.439802 0.310218 0.447393 0.315069 0.448148 0.313722 0.444023 0.309852 0.437359 0.305097
8 0.377146 0.259269 0.379570 0.260759 0.380253 0.261083 0.382484 0.265852 0.381852 0.267671 0.378023 0.265343 0.377542 0.264162 0.377091 0.264000 0.376547 0.264162 0.375729 0.263310 0.376375 0.262269 0.377021 0.260495
1 0.384258 0.316199 0.383758 0.317421 0.378383 0.313866 0.376172 0.312444 0.374797 0.310500 0.374125 0.310380 0.366872 0.305671 0.367057 0.304046 0.373349 0.308491 0.376010 0.310144 0.376979 0.311657 0.379521 0.313088
1 0.382523 0.355190 0.383813 0.351657 0.385068 0.349366 0.386081 0.348250 0.386776 0.347755 0.387474 0.347755 0.388135 0.348435 0.387719 0.349551 0.386812 0.349491 0.385906 0.350542 0.383396 0.356181
1 0.554529 0.440653 0.558956 0.437491 0.559727 0.438361 0.558609 0.439227 0.557112 0.440343 0.554951 0.441954
1 0.549563 0.448157 0.544560 0.453394 0.544156 0.452606 0.549078 0.447083 0.549615 0.447449
1 0.378477 0.249870 0.379172 0.249065 0.380026 0.248009 0.381823 0.246528 0.383385 0.246157 0.384479 0.246111 0.385937 0.247037 0.387500 0.249537 0.388698 0.253426 0.388932 0.254352 0.388464 0.255139 0.387839 0.252546 0.386719 0.249583 0.385339 0.248009 0.384557 0.247269 0.383854 0.247222 0.383177 0.247222 0.381927 0.247824 0.379141 0.250463
1 0.404211 0.353454 0.401422 0.352898 0.398495 0.352032 0.396508 0.350727 0.393888 0.348125 0.391313 0.346204 0.389604 0.344347 0.387372 0.341310 0.386607 0.338273 0.385003 0.333500 0.384234 0.331704 0.382596 0.329593 0.379284 0.321042 0.376914 0.315523 0.375063 0.312736 0.370112 0.308894 0.367083 0.307593 0.366490 0.307032 0.366560 0.305856 0.366872 0.305671 0.374125 0.310380 0.375763 0.312796 0.376880 0.313602 0.379216 0.318190 0.382352 0.326806 0.383573 0.329282 0.384828 0.330898 0.387688 0.339509 0.388453 0.341556 0.392010 0.345088 0.397901 0.350296 0.398633 0.351102 0.400552 0.350727 0.401492 0.350792 0.401667 0.351597 0.405362 0.352093 0.405745 0.352898 0.405005 0.352968
1 0.390661 0.309116 0.390818 0.319394 0.390167 0.318977 0.390115 0.308838
1 0.396000 0.320991 0.395078 0.315458 0.393148 0.309065 0.390690 0.307356 0.389984 0.306940 0.383544 0.302435 0.377799 0.297449 0.375432 0.294796 0.371091 0.292847 0.367758 0.291444 0.366529 0.289653 0.365346 0.287310 0.364776 0.277491 0.364250 0.272032 0.362758 0.268991 0.361661 0.267278 0.361135 0.267977 0.362143 0.270394 0.363065 0.271097 0.363810 0.279440 0.364643 0.287704 0.366529 0.291991 0.368151 0.292690 0.374161 0.295500 0.379773 0.301111 0.387492 0.307037 0.391526 0.309690 0.392755 0.310778 0.393937 0.315690 0.395430 0.321458
1 0.328513 0.281588 0.335529 0.308954 0.334388 0.307861 0.330573 0.293829 0.327591 0.281514
8 0.357656 0.306176 0.357758 0.307620 0.357555 0.308884 0.357096 0.309968 0.355677 0.310236 0.343602 0.310597 0.343346 0.309694 0.343448 0.307889 0.343956 0.306898 0.344565 0.306718 0.345174 0.306537
1 0.389984 0.306940 0.389807 0.283560 0.389633 0.273435 0.389654 0.267426 0.389805 0.258259 0.389867 0.233356 0.390396 0.233356 0.390396 0.253606 0.390443 0.258884 0.390328 0.266968 0.390690 0.307356
8 0.390443 0.258884 0.390328 0.266968 0.393021 0.268653 0.393930 0.267644 0.394536 0.265426 0.395143 0.265690 0.395445 0.267644 0.395826 0.268921 0.396203 0.269528 0.396659 0.268181 0.397036 0.268046 0.397531 0.268583 0.397456 0.269394 0.397151 0.270204 0.400865 0.272898 0.402646 0.274111 0.404315 0.273569 0.405565 0.273569 0.406740 0.274583 0.407385 0.275255 0.408862 0.275458 0.409773 0.274472 0.410891 0.275106 0.412411 0.274657 0.413987 0.273569 0.425859 0.246241 0.425604 0.243713 0.424591 0.240917 0.423831 0.239296 0.423221 0.239199 0.422357 0.240287 0.420227 0.245880 0.414544 0.260944 0.410740 0.269958 0.409620 0.270324 0.407135 0.269958 0.401198 0.266171 0.396432 0.262472
8 0.376495 0.251037 0.378982 0.251306 0.385070 0.255273 0.389805 0.258259 0.389654 0.267426 0.385141 0.264528 0.379570 0.260759 0.377146 0.259269 0.377315 0.258407 0.377375 0.254546 0.377081 0.252458
1 0.437820 0.337708 0.435706 0.341153 0.432919 0.345556 0.429807 0.349144 0.427570 0.351722 0.427977 0.353199 0.433398 0.347120 0.438443 0.339556 0.438443 0.338074
1 0.439641 0.380481 0.437461 0.376602 0.436242 0.374528 0.434518 0.371551 0.432284 0.366856 0.430357 0.363338 0.429138 0.360454 0.426906 0.354319 0.425130 0.347375 0.422948 0.341602 0.422237 0.339347 0.419549 0.337181 0.416708 0.334745 0.413661 0.333301 0.409964 0.331644 0.405297 0.329116 0.404229 0.328125 0.404586 0.327310 0.410419 0.330380 0.416307 0.333264 0.420214 0.335792 0.422497 0.337866 0.424628 0.342736 0.427977 0.353199 0.430057 0.359968 0.433914 0.368264 0.438378 0.376384 0.439849 0.379000
8 0.325206 0.224495 0.324193 0.224949 0.323836 0.228736 0.335406 0.236856 0.351339 0.247046 0.368641 0.258231 0.369299 0.256069 0.369352 0.253903 0.344690 0.237394
8 0.370586 0.309870 0.358221 0.332935 0.361891 0.337162 0.373573 0.314824 0.373641 0.313736 0.372419 0.311319
8 0.550812 0.433611 0.552945 0.437940 0.550560 0.441639 0.548479 0.435593 0.548784 0.433972
8 0.556477 0.444875 0.558430 0.450435 0.555578 0.453093 0.553065 0.448019 0.552656 0.446329 0.553443 0.446370 0.554797 0.446287 0.555404 0.445292 0.555917 0.445292
8 0.537036 0.480472 0.541333 0.473954 0.543198 0.471181 0.543854 0.470236 0.545417 0.468153 0.545417 0.468153 0.547320 0.463977 0.549659 0.461792 0.550365 0.464088 0.548956 0.467532 0.545609 0.472125 0.538211 0.482667
8 0.605596 0.490181 0.608297 0.492199 0.611430 0.495366 0.610674 0.498153 0.610242 0.499301 0.609271 0.499398 0.606732 0.495653 0.605867 0.493065
1 0.475581 0.423912 0.477307 0.429968 0.479362 0.436523 0.480294 0.438597 0.479221 0.438764 0.477729 0.435528 0.476234 0.430218 0.475161 0.427227 0.474742 0.426153
1 0.484177 0.452569 0.488534 0.458519 0.488534 0.460097 0.485870 0.456296 0.483451 0.453213
1 0.488737 0.435569 0.490560 0.439505 0.491315 0.440894 0.491732 0.442468 0.492904 0.442745 0.493685 0.444366 0.496576 0.445384 0.498451 0.444736 0.501706 0.442606 0.503867 0.440023 0.505549 0.437958 0.509234 0.433227 0.510122 0.433727 0.508443 0.436727 0.502443 0.443167 0.499831 0.445523 0.499049 0.445894 0.498477 0.446542 0.497435 0.446958 0.495065 0.446356 0.493424 0.445894 0.491549 0.443671 0.489128 0.438625 0.488503 0.436773 0.488216 0.435708
1 0.538388 0.425676 0.538201 0.447000 0.537763 0.447000 0.537638 0.425676
8 0.572229 0.426708 0.575682 0.436579 0.577268 0.441227 0.576857 0.441847 0.574982 0.440514 0.572135 0.432764 0.570828 0.429611 0.570641 0.428116
8 0.512159 0.472324 0.518208 0.488963 0.510867 0.482366 0.508932 0.479208 0.508971 0.473398 0.510625 0.472972
8 0.553294 0.480949 0.563341 0.529273 0.568401 0.529787 0.564932 0.511537 0.561461 0.494829 0.558643 0.479921 0.558643 0.478764 0.556836 0.477606 0.555607 0.477736 0.554956 0.478250
8 0.587867 0.531995 0.587786 0.534435 0.588714 0.534861 0.592667 0.536009 0.598797 0.538088 0.603115 0.540671 0.603760 0.540097 0.603719 0.538736 0.600370 0.536944 0.598354 0.535653 0.593674 0.534361
1 0.628690 0.540144 0.630768 0.540250 0.632372 0.540815 0.634474 0.541588 0.635680 0.542176 0.635740 0.543407 0.635229 0.543889 0.634565 0.543889 0.633964 0.542926 0.633331 0.542338 0.632245 0.542069 0.630951 0.541639 0.629620 0.541375 0.628930 0.541375 0.628719 0.541750 0.628508 0.543407 0.628328 0.543889 0.628026 0.544051 0.627576 0.543676 0.627482 0.542657 0.627602 0.541532 0.628057 0.540463
11 0.607234 0.508500 0.617279 0.520787 0.617599 0.523190 0.617055 0.523856 0.616242 0.524157 0.615005 0.525301 0.613867 0.527023 0.611818 0.528380 0.610852 0.528852 0.597677 0.512051 0.591034 0.503986 0.598237 0.506069
11 0.562242 0.451676 0.578237 0.471782 0.598482 0.496440 0.601729 0.500218 0.599617 0.499519 0.583063 0.494852 0.563867 0.470560 0.559807 0.465782 0.559557 0.464671 0.558370 0.462116 0.558120 0.460787 0.558182 0.456676
8 0.569753 0.491407 0.569378 0.498074 0.576000 0.499630 0.598237 0.506069 0.619232 0.512069 0.624859 0.512847 0.621047 0.505907 0.599617 0.499519 0.583063 0.494852
1 0.540982 0.382944 0.539620 0.390806 0.538594 0.397810 0.538216 0.405106 0.537622 0.410005 0.538419 0.410491 0.539044 0.399384 0.539669 0.393051 0.540419 0.388384 0.541357 0.384389 0.542232 0.381722 0.543792 0.377722 0.543169 0.377167
1 0.576141 0.425412 0.577604 0.437435 0.578859 0.445801 0.579836 0.449213 0.581333 0.454481 0.580776 0.457208 0.580148 0.456588 0.579591 0.453551 0.577674 0.444130 0.576836 0.437870 0.575128 0.425227
1 0.587536 0.472634 0.586182 0.469319 0.585622 0.469565 0.585385 0.470181 0.587406 0.474454 0.590161 0.479227 0.590964 0.480157 0.592044 0.479972 0.592044 0.479167 0.591695 0.477370 0.591068 0.477370 0.590544 0.476375 0.589185 0.475324
1 0.613805 0.563431 0.609898 0.563866 0.608336 0.563954 0.606529 0.565431 0.606089 0.566819 0.606870 0.572551 0.610922 0.585310 0.610826 0.586269 0.611461 0.586616 0.615857 0.599204 0.614831 0.600593 0.611313 0.590171 0.607260 0.577843 0.605161 0.569769 0.604771 0.567255 0.604966 0.566384 0.605698 0.564995 0.606529 0.563778 0.607456 0.563000 0.608969 0.562565 0.610630 0.562130 0.612878 0.561611 0.614341 0.561611
1 0.624081 0.557134 0.630815 0.556088 0.637156 0.556088 0.640492 0.556903 0.643563 0.556319 0.648859 0.554343 0.649383 0.556204 0.647813 0.557718 0.642320 0.558995 0.635195 0.558065 0.624237 0.559074
5 0.642326 0.602917 0.636758 0.608986 0.634169 0.612296 0.633193 0.613500 0.633924 0.617593 0.632461 0.618028 0.631531 0.619755 0.629969 0.619319 0.628797 0.621403 0.627674 0.622889 0.627625 0.624440 0.623914 0.625917 0.626453 0.636250 0.632070 0.639028 0.639833 0.644065
5 0.656719 0.586509 0.663370 0.577176 0.672734 0.563329 0.677987 0.555546 0.679385 0.551347 0.680174 0.548079 0.680875 0.547769 0.681487 0.549324 0.682974 0.549324 0.685250 0.556014 0.687352 0.561616 0.685951 0.562704 0.669320 0.595537 0.654443 0.623231 0.649813 0.631463 0.651203 0.601292 0.653305 0.598023 0.655143 0.591491
6 0.651203 0.601292 0.649813 0.631463 0.647810 0.633759 0.649549 0.610421
6 0.651211 0.592356 0.645818 0.589796 0.642620 0.594139 0.642326 0.602917 0.639833 0.644065 0.640802 0.645296 0.643747 0.641370 0.643529 0.640468 0.645560 0.619963 0.646576 0.605907 0.648680 0.599847
8 0.520628 0.422880 0.523383 0.422963 0.523599 0.423708 0.523878 0.423769 0.524576 0.423028 0.530148 0.422963 0.538690 0.423463 0.541906 0.423630 0.542049 0.424625 0.542237 0.425949 0.541299 0.426116 0.538388 0.425676 0.537638 0.425676 0.526648 0.425454 0.523943 0.425454 0.522589 0.426116 0.521323 0.424542
1 0.526909 0.414722 0.523388 0.422468 0.523599 0.423708 0.523878 0.423769 0.524576 0.423028 0.528026 0.415032 0.528409 0.413917 0.527852 0.412736 0.527432 0.412676
1 0.423284 0.392764 0.420063 0.388181 0.412672 0.378208 0.410094 0.374838 0.403234 0.367764 0.401984 0.366551 0.400922 0.367088 0.403349 0.369315 0.408654 0.375106 0.412977 0.380366 0.418737 0.388653 0.422792 0.393569
1 0.603880 0.533593 0.597221 0.527398 0.591190 0.521074 0.587237 0.518014 0.582753 0.514847 0.577568 0.512926 0.574279 0.511866 0.570010 0.511005 0.564987 0.510333 0.564935 0.508606 0.572982 0.509949 0.578326 0.511389 0.581836 0.513116 0.585940 0.515231 0.594362 0.522356 0.600938 0.528667 0.606057 0.533329 0.605333 0.533403
1 0.350747 0.250667 0.355094 0.249972 0.355240 0.251361 0.351284 0.252227
10 0.625997 0.612769 0.617938 0.619880 0.621063 0.627875 0.627310 0.620769 0.628797 0.621403 0.629969 0.619319 0.631531 0.619755 0.632461 0.618028 0.633924 0.617593 0.633193 0.613500 0.634169 0.612296 0.636758 0.608986 0.642326 0.602917 0.639245 0.599537 0.635370 0.588287 0.635831 0.586380 0.635831 0.585556 0.634852 0.584968 0.632008 0.584056 0.630953 0.583866 0.629932 0.583801 0.627341 0.584782 0.625380 0.586606 0.625427 0.591421 0.627995 0.592829 0.632430 0.605361 0.632849 0.605940
2 0.430057 0.359968 0.437776 0.360630 0.437560 0.361532 0.437560 0.361532 0.439341 0.364028 0.439034 0.367625 0.436344 0.367444 0.435786 0.367894 0.434620 0.369792 0.433914 0.368264
2 0.423133 0.357370 0.428359 0.358287 0.426906 0.354319 0.426685 0.353551 0.426685 0.353551
2 0.372419 0.311319 0.374661 0.313037 0.375388 0.314759 0.376961 0.316190 0.377326 0.321713 0.377161 0.326157 0.371901 0.317981 0.373573 0.314824 0.373573 0.314824 0.373641 0.313736
2 0.325620 0.290389 0.323961 0.290963 0.322555 0.292181 0.321505 0.293829 0.329448 0.302579 0.334388 0.307861 0.330573 0.293829 0.330096 0.292181 0.329367 0.291606 0.328398 0.290745
2 0.558094 0.449157 0.559344 0.447005 0.560232 0.445856 0.561362 0.445569 0.562812 0.447648 0.562570 0.449014 0.561604 0.450806 0.560474 0.452310 0.558872 0.454389 0.557307 0.456597 0.556659 0.459472 0.554760 0.458005 0.554057 0.454977 0.555578 0.453093 0.558430 0.450435
2 0.523224 0.448037 0.520823 0.450551 0.522794 0.453185 0.525154 0.457731 0.526042 0.459523 0.538586 0.465907 0.538951 0.464472 0.539604 0.463472 0.540539 0.463222 0.541706 0.463222 0.535544 0.451440 0.534049 0.449782 0.532604 0.449366 0.532557 0.451190 0.532417 0.451856 0.530643 0.451023 0.529383 0.450361 0.528638 0.449032 0.528078 0.447954 0.527609 0.447625 0.526302 0.447625
10 0.557438 0.519764 0.552378 0.501662 0.551378 0.496995 0.550003 0.495440 0.543880 0.475338 0.545906 0.472588 0.547068 0.470894 0.551815 0.483667 0.555940 0.497329 0.558750 0.507213 0.563341 0.529273 0.561977 0.527861 0.561273 0.528727
2 0.522448 0.473102 0.522935 0.474718 0.522286 0.477884 0.521747 0.477981 0.519747 0.474333 0.518938 0.468671 0.518398 0.464926 0.518669 0.463389 0.517750 0.460509 0.517643 0.456671 0.518398 0.456287 0.519578 0.455556 0.520823 0.456551 0.520763 0.459440 0.521763 0.462333 0.522013 0.466667
2 0.611471 0.563792 0.612156 0.568454 0.612612 0.574324 0.612237 0.576986 0.610583 0.576843 0.609698 0.576769 0.608930 0.576769 0.608326 0.576125 0.608284 0.572972 0.607599 0.572398 0.607276 0.569889 0.607318 0.568310 0.607760 0.567662 0.608164 0.567019 0.608336 0.563954 0.609898 0.563866
2 0.604849 0.544407 0.608034 0.550935 0.610253 0.556241 0.611141 0.559324 0.611263 0.561977 0.610630 0.562130 0.608969 0.562565 0.607456 0.563000 0.606461 0.559968 0.605938 0.557315 0.604122 0.555023 0.602427 0.552583 0.602185 0.551722 0.602953 0.550074 0.603034 0.548208 0.603396 0.546917 0.604042 0.545269
2 0.688214 0.492764 0.682393 0.503111 0.681148 0.504417 0.679849 0.509741 0.671826 0.526218 0.662049 0.546708 0.664141 0.547815 0.662560 0.549824 0.662049 0.558963 0.660581 0.567903 0.665102 0.574532 0.672734 0.563329 0.677987 0.555546 0.679385 0.551347 0.680174 0.548079 0.680875 0.547769 0.681487 0.549324 0.682974 0.549324 0.685250 0.556014 0.686953 0.560481 0.704667 0.520347 0.705651 0.518722
2 0.654615 0.469477 0.655461 0.472093 0.657383 0.475505 0.658344 0.475806 0.659812 0.473796 0.660716 0.474199 0.658570 0.484144 0.656706 0.493287 0.655745 0.502329 0.652354 0.516190 0.649417 0.513375 0.648456 0.510162 0.649247 0.505741 0.650320 0.503833 0.652016 0.500722 0.654107 0.495093 0.654219 0.494593 0.653203 0.492986 0.650547 0.500116 0.649698 0.501926 0.648456 0.503333 0.647721 0.508856 0.644953 0.500620 0.650828 0.481032
10 0.639104 0.493569 0.641307 0.489148 0.645151 0.475083 0.648031 0.462023 0.649669 0.453287 0.645432 0.448968 0.645375 0.447759 0.646281 0.447662 0.646846 0.446556 0.647070 0.444949 0.647919 0.444949 0.650461 0.446856 0.652271 0.446657 0.653286 0.447259 0.656112 0.447963 0.657299 0.448565 0.657977 0.448764 0.659276 0.447759 0.660294 0.447759 0.661029 0.448264 0.661141 0.449167 0.663740 0.448968 0.664870 0.451579 0.666000 0.456000 0.666734 0.460718 0.666339 0.461421 0.665096 0.460718 0.664135 0.460014 0.663513 0.460116 0.663005 0.461222 0.662214 0.463329 0.661594 0.464838 0.660802 0.465139 0.659672 0.464134 0.657919 0.462630 0.656789 0.460417 0.654615 0.469477 0.650828 0.481032 0.644953 0.500620
2 0.658201 0.520032 0.658104 0.518727 0.657664 0.518120 0.656786 0.517861 0.655857 0.517949 0.655076 0.518468 0.653904 0.518468 0.652487 0.518644 0.651560 0.519597 0.650633 0.520986 0.649852 0.522546 0.648727 0.523764 0.647458 0.524199 0.646432 0.524894 0.646188 0.526718 0.649167 0.527769 0.654539 0.531065 0.656492 0.533148 0.657958 0.530546 0.657255 0.528255 0.657451 0.524519 0.658182 0.520611
2 0.616219 0.581347 0.615466 0.588333 0.610922 0.585310 0.612612 0.574324 0.613805 0.563431 0.614341 0.561611 0.615115 0.554102 0.614737 0.545106 0.614805 0.541671 0.616487 0.541671 0.616552 0.552333 0.615799 0.552778 0.615867 0.569759
2 0.624237 0.559074 0.624497 0.565060 0.626935 0.569394 0.629435 0.571727 0.632057 0.572394 0.635195 0.558065
2 0.643000 0.525907 0.633456 0.523847 0.632661 0.523593 0.628758 0.525648 0.624060 0.527449 0.625721 0.530019 0.625990 0.533245 0.631411 0.532218 0.629958 0.539606 0.632372 0.540815 0.634794 0.533759 0.641474 0.532731
10 0.633818 0.512926 0.639964 0.523079 0.643000 0.525907 0.643703 0.523861 0.647721 0.508856 0.644953 0.500620 0.639104 0.493569 0.639451 0.492759 0.634208 0.486231 0.633964 0.484227 0.633036 0.482144 0.632271 0.483069 0.623799 0.471954 0.610693 0.454824 0.603753 0.447574 0.599438 0.444852 0.595526 0.443782 0.594594 0.446069 0.597174 0.447727 0.592742 0.455968 0.610974 0.478162 0.614161 0.469167 0.615846 0.470954 0.613221 0.480935 0.630716 0.507269 0.634346 0.493056 0.638091 0.497273 0.635031 0.506935
10 0.581932 0.452037 0.578529 0.467491 0.584875 0.471889 0.585622 0.469565 0.586182 0.469319 0.587536 0.472634 0.589867 0.470394 0.587490 0.468653 0.587909 0.467329 0.589917 0.468319 0.591086 0.467657 0.591549 0.469148 0.606534 0.485579 0.614091 0.495782 0.621047 0.505907 0.627719 0.518681 0.626365 0.524657 0.625948 0.526648 0.628758 0.525648 0.632661 0.523593 0.633456 0.523847 0.643000 0.525907 0.639964 0.523079 0.633818 0.512926 0.635031 0.506935 0.638091 0.497273 0.634346 0.493056 0.630716 0.507269 0.613221 0.480935 0.615846 0.470954 0.614161 0.469167 0.610974 0.478162 0.592742 0.455968 0.589544 0.453389 0.585482 0.454713 0.583195 0.451227
10 0.584177 0.437167 0.583727 0.437810 0.582732 0.437755 0.582339 0.438718 0.581888 0.440111 0.581888 0.441074 0.583063 0.442681 0.585052 0.439898 0.587372 0.444236 0.588638 0.445255 0.588969 0.446431 0.588667 0.447130 0.586888 0.450074 0.587823 0.451361 0.588276 0.451523 0.589419 0.450181 0.590203 0.448306 0.590414 0.447505 0.591560 0.446648 0.592221 0.445630 0.592313 0.444667 0.592102 0.443542 0.591349 0.443324 0.590807 0.442949 0.590083 0.441986 0.589510 0.441130 0.589120 0.439949 0.588427 0.438505 0.587763 0.437380 0.587250 0.436792 0.586589 0.436792 0.586529 0.435718 0.586318 0.435130 0.585745 0.434755 0.585052 0.434755 0.584630 0.434917 0.584599 0.436255
1 0.582695 0.421032 0.589661 0.438505 0.589120 0.439949 0.588427 0.438505 0.587763 0.437380 0.587250 0.436792 0.584154 0.429194 0.581453 0.422088
2 0.589661 0.438505 0.591065 0.435940 0.591589 0.436009 0.592922 0.438662 0.595260 0.444259 0.594594 0.446069 0.597174 0.447727 0.594130 0.453366 0.591560 0.446648 0.592221 0.445630 0.592313 0.444667 0.592102 0.443542 0.591349 0.443324 0.590807 0.442949 0.590083 0.441986 0.589510 0.441130 0.589120 0.439949
1 0.560461 0.411347 0.565737 0.431676 0.566904 0.431097 0.566529 0.429106 0.564148 0.420144 0.561443 0.410519
2 0.512130 0.338940 0.516612 0.337009 0.517768 0.338167 0.518997 0.342282 0.520661 0.348190 0.523479 0.351403 0.525216 0.353204 0.527602 0.365028 0.528758 0.376722 0.520156 0.378778 0.520516 0.369139 0.520227 0.362329 0.519648 0.357829 0.516758 0.352046 0.515745 0.349093 0.513143 0.346264
2 0.519872 0.395278 0.524516 0.396523 0.526083 0.398542 0.527487 0.398255 0.528135 0.396815 0.528674 0.396815 0.529917 0.398444 0.531482 0.399981 0.533318 0.401708 0.533211 0.404014 0.533896 0.404245 0.534112 0.401366 0.533789 0.399542 0.532169 0.397333 0.529143 0.392722 0.525958 0.385810 0.523419 0.377843 0.520156 0.378778 0.519656 0.383181 0.519927 0.385199 0.520466 0.387500 0.520898 0.389519 0.521221 0.391630 0.521331 0.393935
9 0.603115 0.540671 0.601378 0.540926 0.598344 0.543995 0.597737 0.542750 0.597458 0.541338 0.597599 0.540343 0.598344 0.539431 0.599557 0.538685
10 0.619990 0.516750 0.620409 0.523292 0.622833 0.524481 0.624060 0.527449 0.625721 0.530019 0.625990 0.533245 0.626096 0.535931 0.625177 0.537569 0.623336 0.538014 0.624081 0.557134 0.624237 0.559074 0.624497 0.565060 0.625008 0.588421 0.625427 0.604333 0.625997 0.612769 0.617938 0.619880 0.616823 0.614722 0.616310 0.585005 0.616219 0.581347 0.615867 0.569759 0.615799 0.552778 0.616552 0.552333 0.616487 0.541671 0.615977 0.541329 0.616083 0.533551 0.611224 0.534222 0.609008 0.533657 0.608305 0.532407 0.608305 0.530491 0.611818 0.528380 0.613867 0.527023 0.615005 0.525301 0.616242 0.524157 0.617055 0.523856 0.617599 0.523190 0.617005 0.517718 0.618352 0.516079
2 0.625177 0.537569 0.625594 0.538917 0.626805 0.539847 0.628057 0.540463 0.627602 0.541532 0.627482 0.542657 0.627576 0.543676 0.628026 0.544051 0.628328 0.543889 0.628508 0.543407 0.628719 0.541750 0.628930 0.541375 0.629620 0.541375 0.630951 0.541639 0.632245 0.542069 0.633331 0.542338 0.633964 0.542926 0.634565 0.543889 0.635229 0.543889 0.635740 0.543407 0.638633 0.544162 0.635604 0.555968 0.630815 0.556088 0.624081 0.557134 0.623336 0.538014
2 0.640143 0.532782 0.640609 0.533532 0.640331 0.534778 0.639865 0.535273 0.639911 0.536769 0.639956 0.538926 0.638633 0.544162 0.635740 0.543407 0.635680 0.542176 0.634474 0.541588 0.632372 0.540815 0.634794 0.533759 0.634794 0.533759
2 0.598831 0.545134 0.604339 0.544824 0.604042 0.545269 0.603396 0.546917 0.603034 0.548208 0.602953 0.550074 0.598935 0.550713 0.598552 0.547241
2 0.605281 0.545194 0.612672 0.544699 0.614737 0.545106 0.614938 0.551023 0.609047 0.551083 0.608034 0.550935
2 0.602953 0.550074 0.601279 0.551620 0.597599 0.560690 0.598352 0.561287 0.601698 0.571398 0.604875 0.580171 0.606799 0.580319 0.607721 0.579426 0.607260 0.577843 0.605161 0.569769 0.604771 0.567255 0.604966 0.566384 0.605698 0.564995 0.606529 0.563778 0.607456 0.563000 0.606461 0.559968 0.605938 0.557315 0.604122 0.555023 0.602427 0.552583 0.602185 0.551722
2 0.616578 0.599352 0.616823 0.614722 0.612982 0.605894
2 0.615466 0.588333 0.616406 0.588301 0.616547 0.596597 0.614867 0.596264 0.611461 0.586616 0.610826 0.586269 0.610922 0.585310
9 0.614805 0.541671 0.614750 0.544403 0.610003 0.542403 0.607753 0.541514 0.606190 0.541292 0.604380 0.541292 0.603193 0.541069 0.603115 0.540671 0.603760 0.540097 0.606128 0.539736 0.608940 0.539181 0.610315 0.539292 0.610628 0.540403
2 0.603880 0.533593 0.602367 0.533759 0.601451 0.534144 0.600964 0.534523 0.600370 0.536944 0.603719 0.538736 0.607878 0.538463 0.609659 0.537407 0.612034 0.538366 0.614357 0.538463 0.616083 0.538079 0.616083 0.533551 0.611224 0.534222 0.609008 0.533657 0.608740 0.533181 0.606057 0.533329 0.605333 0.533403
2 0.570940 0.444736 0.573565 0.457176 0.576625 0.469727 0.578237 0.471782 0.581188 0.474949 0.583372 0.475060 0.581750 0.469616 0.578529 0.467491 0.580375 0.458954 0.580148 0.456588 0.579591 0.453551 0.577674 0.444130 0.576857 0.441847 0.574982 0.440514 0.574357 0.440625
2 0.356365 0.317231 0.353401 0.318519 0.352029 0.320190 0.350654 0.324171 0.358221 0.332935 0.364750 0.320829
10 0.371901 0.317981 0.379357 0.329523 0.392951 0.350028 0.395935 0.354468 0.394617 0.356343 0.379576 0.334667 0.370456 0.321023
2 0.571156 0.530454 0.570292 0.531125 0.568943 0.534773 0.561273 0.528727 0.561977 0.527861 0.563341 0.529273 0.568401 0.529787 0.568250 0.528949 0.571734 0.529389
2 0.543776 0.412069 0.551664 0.408833 0.552547 0.407921 0.552919 0.407588 0.555026 0.407093 0.554979 0.408991 0.555628 0.411324 0.556331 0.413398 0.557260 0.414972 0.557773 0.416301 0.557401 0.418458 0.555164 0.421199 0.554557 0.420532 0.552174 0.420866 0.552318 0.422278 0.551380 0.421944 0.550633 0.421116 0.551151 0.419537 0.550497 0.419125 0.549331 0.419694 0.549143 0.418542 0.548859 0.416051 0.548487 0.414551 0.546201 0.412653 0.543917 0.413977 0.543404 0.413139
2 0.537266 0.449366 0.542026 0.448704 0.542773 0.449282 0.545154 0.455009 0.545573 0.456171 0.544117 0.456343 0.543073 0.456343 0.542378 0.456843 0.542237 0.458500 0.542279 0.458750 0.542797 0.458088 0.543305 0.457255 0.543820 0.457171 0.546339 0.460324 0.547091 0.461903 0.547320 0.463148 0.547320 0.463977 0.543729 0.464060 0.539992 0.456259 0.536633 0.449787
1 0.541706 0.463222 0.541953 0.464403 0.542943 0.468060 0.543854 0.470236 0.545417 0.468153 0.543729 0.464060 0.543729 0.464060 0.539992 0.456259 0.536633 0.449787 0.536633 0.449787 0.533302 0.446625 0.532052 0.446120 0.531568 0.446120 0.531529 0.447486 0.531852 0.449347 0.532294 0.449921 0.532604 0.449366 0.534049 0.449782 0.535544 0.451440
2 0.577133 0.433079 0.579109 0.435514 0.581328 0.439458 0.581888 0.441074 0.583063 0.442681 0.583344 0.444051 0.584354 0.445199 0.584516 0.446130 0.583951 0.446560 0.582862 0.446630 0.582862 0.448282 0.582781 0.449500 0.582255 0.450074 0.581771 0.450074 0.581609 0.448926 0.581609 0.448065 0.580320 0.446056 0.578263 0.440319 0.577839 0.439000 0.577604 0.437435
2 0.573333 0.429481 0.574164 0.429532 0.574841 0.430315 0.576068 0.432079 0.576745 0.436940 0.576042 0.436380 0.575677 0.435088 0.575651 0.434065 0.575391 0.433236 0.574815 0.432398 0.574581 0.431704 0.574375 0.432815
2 0.570758 0.429037 0.569430 0.429361 0.567971 0.429870 0.566904 0.431097 0.565737 0.431676 0.563310 0.433991 0.562664 0.432894 0.562383 0.431532 0.563391 0.431532 0.563755 0.431315 0.563513 0.429954 0.563068 0.429880 0.561898 0.430741 0.561414 0.432176 0.561414 0.433394 0.561656 0.434759 0.562383 0.435259 0.563836 0.435977 0.564844 0.435764 0.568193 0.434111 0.571458 0.433324 0.572135 0.432764 0.570828 0.429611
1 0.587318 0.482676 0.592125 0.483829 0.599792 0.484403 0.604599 0.484019 0.604167 0.482866 0.603464 0.482102 0.599846 0.482579 0.595310 0.482389 0.593258 0.482389 0.592664 0.481810 0.590938 0.481810 0.587698 0.481333 0.586023 0.481333
2 0.519872 0.395278 0.521331 0.393935 0.521221 0.391630 0.520898 0.389519 0.519641 0.388699 0.520128 0.386782 0.519154 0.384861 0.518021 0.386875 0.517427 0.385917 0.515536 0.387069 0.514133 0.389083 0.513646 0.391199 0.513539 0.393213 0.513917 0.393981 0.514727 0.394079 0.514781 0.393116 0.516076 0.393023 0.517266 0.394269
10 0.552318 0.422278 0.551380 0.421944 0.550633 0.421116 0.551151 0.419537 0.550497 0.419125 0.549331 0.419694 0.549143 0.418542 0.548859 0.416051 0.548487 0.414551 0.546201 0.412653 0.544589 0.415870 0.542807 0.414907 0.543404 0.413139 0.541727 0.411551 0.542214 0.409819 0.541078 0.409245 0.540937 0.408495 0.540333 0.407708 0.539729 0.409069 0.538919 0.410875 0.538000 0.411935 0.536164 0.410588 0.535680 0.410014 0.535680 0.409718 0.535786 0.406546 0.535786 0.405014 0.533896 0.404245 0.533211 0.404014 0.533318 0.401708 0.531482 0.399981 0.529917 0.398444 0.528674 0.396815 0.528135 0.396815 0.527487 0.398255 0.526083 0.398542 0.524516 0.396523 0.519872 0.395278 0.517266 0.394269 0.516076 0.393023 0.514781 0.393116 0.514727 0.394079 0.513917 0.393981 0.513539 0.393213 0.512945 0.392731 0.512729 0.394750 0.511865 0.397343 0.511542 0.401278 0.511542 0.403389 0.511810 0.405213 0.525042 0.410875 0.530549 0.414144 0.540917 0.422398 0.548583 0.429023 0.549990 0.427870 0.554417 0.431806 0.554904 0.430269 0.555659 0.424606
2 0.555823 0.441889 0.556617 0.442639 0.556802 0.443634 0.556477 0.444875 0.555917 0.445292 0.555404 0.445292 0.554797 0.446287 0.553443 0.446370 0.552182 0.447032 0.550643 0.447449 0.549615 0.447449 0.548635 0.446949 0.547841 0.446370 0.546956 0.446037 0.546021 0.445792 0.545276 0.445792 0.544109 0.446287 0.543409 0.446620 0.542008 0.447366 0.541682 0.445792 0.545089 0.443796 0.546396 0.443551 0.549242 0.444796 0.549802 0.444713 0.551435 0.444463 0.552695 0.442801
1 0.563047 0.438796 0.571427 0.447356 0.572505 0.452157 0.565104 0.444259 0.562578 0.441574
1 0.554854 0.430657 0.560063 0.435333 0.558318 0.436722 0.553865 0.432463 0.554417 0.431806
2 0.574474 0.438880 0.573023 0.439380 0.570401 0.438736 0.568828 0.438449 0.568344 0.439023 0.567536 0.440097 0.567417 0.441032 0.568828 0.443037 0.569956 0.444616 0.571128 0.445477 0.570940 0.444736 0.574357 0.440625 0.574982 0.440514
2 0.488667 0.455213 0.488841 0.456884 0.489607 0.458000 0.490234 0.459671 0.490130 0.460977 0.492013 0.462398 0.493792 0.464014 0.495987 0.464694 0.497034 0.464940 0.497346 0.465250 0.497883 0.464606 0.498633 0.465273 0.499008 0.466384 0.497758 0.467273 0.496789 0.467977 0.495464 0.467977 0.494594 0.466861 0.493930 0.465560 0.492536 0.465130 0.491003 0.464199 0.490164 0.463208 0.488979 0.461782 0.488534 0.460097 0.488534 0.458519 0.488003 0.457750 0.488109 0.456356
2 0.483461 0.447204 0.486245 0.446056 0.488383 0.444912 0.489674 0.445625 0.490159 0.445556 0.489714 0.444194 0.489594 0.443190 0.489714 0.442685 0.490401 0.442616 0.491549 0.443671 0.493424 0.445894 0.495065 0.446356 0.497435 0.446958 0.497096 0.448282 0.498185 0.451079 0.498508 0.452079 0.499031 0.452079 0.499031 0.455093 0.499031 0.458463 0.497883 0.464606 0.497346 0.465250 0.497034 0.464940 0.495987 0.464694 0.493792 0.464014 0.492013 0.462398 0.490130 0.460977 0.490234 0.459671 0.489607 0.458000 0.488841 0.456884 0.488667 0.455213 0.488109 0.456356 0.488003 0.457750 0.484177 0.452569 0.483451 0.453213
2 0.482062 0.391051 0.480812 0.394606 0.480812 0.397162 0.480812 0.399829 0.481687 0.401940 0.482687 0.403046 0.482938 0.405269 0.483625 0.407602 0.484813 0.410602 0.485250 0.411824 0.486563 0.414269 0.485063 0.420375 0.484000 0.422264 0.482938 0.422264 0.482563 0.424042 0.482125 0.425819 0.481125 0.425486 0.478878 0.425153 0.477065 0.424708 0.475628 0.421042 0.474315 0.422153 0.474565 0.424597 0.474065 0.432704 0.472378 0.438704 0.469318 0.444148 0.478690 0.453255 0.480875 0.455144 0.483451 0.453213 0.483461 0.447204 0.485063 0.440148 0.486125 0.439593 0.487872 0.434148 0.486937 0.421264 0.486937 0.418153 0.487997 0.416708 0.490310 0.407602 0.486563 0.408824 0.485750 0.399829 0.485312 0.396718 0.484500 0.393940
2 0.543854 0.470236 0.542943 0.468060 0.541953 0.464403 0.541706 0.463222 0.540539 0.463222 0.539604 0.463472 0.538951 0.464472 0.538586 0.465907 0.535367 0.464204 0.533953 0.464796 0.533440 0.463671 0.532867 0.463134 0.532023 0.462921 0.531510 0.462222 0.530849 0.462171 0.530185 0.462329 0.529974 0.462759 0.529523 0.463134 0.528891 0.463403 0.528198 0.463829 0.532315 0.471935 0.533349 0.473634 0.535458 0.472185 0.536544 0.472296 0.536844 0.471329 0.539979 0.471384 0.541333 0.473954 0.543198 0.471181
1 0.602034 0.485384 0.606354 0.501417 0.608461 0.502278 0.606732 0.495653 0.605867 0.493065 0.605596 0.490181 0.605596 0.490181 0.604841 0.486537 0.604193 0.484329
5 0.297013 0.203889 0.288721 0.187306 0.294810 0.183389 0.308674 0.177398 0.311911 0.175097 0.316057 0.171644 0.321370 0.171644 0.331484 0.192037 0.343005 0.212407 0.357388 0.241662 0.371185 0.271329 0.373984 0.280079 0.374555 0.283259 0.376224 0.285444 0.376458 0.288046 0.372870 0.284847 0.369734 0.282472 0.366146 0.278491 0.361979 0.280648 0.359266 0.284731 0.335143 0.254995 0.306938 0.217222
5 0.357547 0.158755 0.356435 0.154731 0.355596 0.153046 0.355523 0.149398 0.359219 0.149204 0.362883 0.148806 0.362883 0.147792 0.358784 0.143718 0.358755 0.142060 0.361227 0.140282 0.364388 0.132481 0.363685 0.130005 0.362427 0.128514 0.362516 0.125519 0.365508 0.125852 0.372786 0.132907 0.378664 0.138218 0.384917 0.144190 0.389536 0.148009 0.395753 0.153481 0.403409 0.161954 0.415229 0.173750 0.423760 0.180292 0.433701 0.189894 0.442901 0.199713 0.447419 0.204171 0.447044 0.206278 0.448794 0.213167 0.449609 0.219051 0.456609 0.225056 0.455227 0.227278 0.454115 0.228287 0.453177 0.229907 0.451172 0.228051 0.449734 0.227046 0.447943 0.231296 0.446706 0.239412 0.439331 0.231185 0.439766 0.240181 0.440266 0.249509 0.434219 0.242505 0.424984 0.232806 0.411701 0.218213 0.396148 0.201894 0.379083 0.182597 0.362451 0.164551
5 0.384917 0.144190 0.377315 0.135782 0.371388 0.129644 0.368401 0.126907 0.368401 0.125662 0.370081 0.123171 0.374234 0.120435 0.375401 0.119190 0.376521 0.112801 0.377409 0.110560 0.381047 0.102597 0.383055 0.102264 0.383570 0.102500 0.384411 0.103250 0.410234 0.129417 0.441930 0.159255 0.468906 0.185454 0.466456 0.189551 0.466456 0.189551 0.465057 0.192620 0.463003 0.198014 0.461883 0.200171 0.461229 0.200088 0.460622 0.199009 0.459596 0.200333 0.460016 0.202412 0.458661 0.206560 0.456328 0.208051 0.456281 0.209546 0.454010 0.212546 0.447419 0.204171 0.442901 0.199713 0.433701 0.189894 0.423760 0.180292 0.415229 0.173750 0.403409 0.161954 0.395753 0.153481 0.389536 0.148009
5 0.464870 0.234852 0.462633 0.232213 0.459487 0.232356 0.457607 0.233384 0.456609 0.233602 0.453638 0.235727 0.452146 0.237019 0.450979 0.238903 0.451461 0.240102 0.462190 0.251861 0.474815 0.265917 0.494823 0.288435 0.498818 0.293671 0.507609 0.302417 0.525440 0.323931 0.533424 0.333111 0.534596 0.334616 0.535724 0.338417 0.535951 0.339593 0.531870 0.341514 0.530984 0.342181 0.531474 0.344005 0.539958 0.353324 0.541630 0.352431 0.541044 0.350500 0.541044 0.345296 0.543135 0.343958 0.546984 0.349014 0.548823 0.347676 0.548992 0.343065 0.552003 0.347676 0.554094 0.347227 0.554010 0.342917 0.556518 0.331167 0.559279 0.325815 0.562307 0.327806 0.563315 0.327157 0.562786 0.326019 0.559375 0.322639 0.557318 0.320694 0.553078 0.316412 0.551865 0.314755 0.550130 0.314398 0.547383 0.311681 0.544583 0.314171 0.542344 0.311602 0.540198 0.310602 0.538469 0.311185 0.536695 0.311269 0.514576 0.287454 0.489557 0.260986
5 0.451461 0.240102 0.449839 0.242657 0.446706 0.239412 0.439331 0.231185 0.439766 0.240181 0.440266 0.249509 0.440211 0.252102 0.437727 0.253926 0.434974 0.255463 0.433948 0.257000 0.436797 0.259120 0.445964 0.269815 0.464237 0.290875 0.480622 0.308231 0.488049 0.313931 0.500633 0.331287 0.511859 0.346162 0.517961 0.354032 0.521133 0.351491 0.526328 0.345542 0.531870 0.341514 0.535951 0.339593 0.535724 0.338417 0.534596 0.334616 0.533424 0.333111 0.525440 0.323931 0.507609 0.302417 0.498818 0.293671 0.494823 0.288435 0.474815 0.265917 0.462190 0.251861
