0 0.256378 0.313602 0.264909 0.301264 0.267221 0.293426 0.267654 0.285458 0.267654 0.276079 0.267510 0.265796 0.266138 0.261296 0.263607 0.259755 0.260427 0.259111 0.257245 0.258468 0.254570 0.258083 0.249943 0.268750 0.247557 0.278005 0.246185 0.289056 0.246258 0.296769 0.249003 0.304222 0.249365 0.313477 0.248497 0.324528 0.248135 0.331208 0.247414 0.337634 0.246112 0.340333 0.241557 0.344833 0.237799 0.343292 0.229992 0.336606 0.225003 0.331981 0.222544 0.328514 0.221896 0.315532 0.220737 0.309491 0.218930 0.302681 0.217195 0.297537 0.215315 0.289829 0.212424 0.282116 0.210255 0.269009 0.210242 0.258315 0.213487 0.228769 0.216987 0.209880 0.219776 0.201986 0.234307 0.183352 0.238354 0.182324 0.248477 0.178852 0.280500 0.186694 0.292211 0.196972 0.293297 0.217407 0.299729 0.222551 0.302911 0.225764 0.306380 0.225505 0.313784 0.252329 0.315966 0.267093 0.315779 0.284532 0.314471 0.299866 0.305724 0.321750 0.306469 0.313412 0.300474 0.310083 0.302094 0.304750 0.301727 0.284315 0.298536 0.269213 0.293534 0.257662 0.288852 0.246106 0.282792 0.252329 0.288786 0.267426 0.288474 0.295870 0.291714 0.301204 0.293977 0.303606 0.289971 0.315722 0.287484 0.324759 0.284729 0.334167 0.281057 0.339537 0.276258 0.341454 0.272904 0.342894 0.272367 0.341259 0.271560 0.327250 0.270531 0.324759 0.268695 0.323407 0.266802 0.325144 0.262971 0.330324 0.261784 0.330519 0.259841 0.328972 0.259247 0.324375 0.256594 0.317551
1 0.516148 0.365972 0.515339 0.367991 0.517208 0.370903 0.521062 0.373847 0.521062 0.373847 0.521172 0.373171
2 0.559339 0.446602 0.558719 0.444894 0.558094 0.442727 0.559299 0.443250 0.560794 0.443639 0.561997 0.444481 0.563422 0.444676 0.569792 0.441481 0.571036 0.443088 0.571260 0.444093 0.568831 0.445296 0.566628 0.446403 0.566062 0.447204 0.564143 0.447907 0.562786 0.448310 0.561599 0.448815 0.560638 0.449014
1 0.548539 0.473667 0.564167 0.474366 0.564099 0.471458 0.548604 0.471227
1 0.412906 0.293032 0.412242 0.291546 0.408680 0.289028 0.405484 0.287083 0.400674 0.285306 0.400674 0.286639 0.407984 0.290745 0.413724 0.295324
2 0.662161 0.547148 0.659659 0.553458 0.656674 0.554819 0.660344 0.546218
2 0.543560 0.423116 0.545833 0.430000 0.551901 0.429769 0.553987 0.425824 0.556799 0.424782 0.559073 0.425514 0.558029 0.421782 0.556448 0.421639 0.555487 0.416657 0.546125 0.415866
2 0.406484 0.277750 0.407109 0.279750 0.405797 0.282417 0.405422 0.284861 0.405484 0.287083 0.400674 0.285306 0.400674 0.286639 0.407984 0.290745 0.407859 0.292190 0.402862 0.291190 0.398362 0.288528 0.396052 0.284639 0.399362 0.281194 0.404049 0.278306
2 0.391169 0.288644 0.392458 0.286833 0.394969 0.283639 0.386536 0.276306 0.384302 0.280162 0.384302 0.280162 0.387917 0.286972
2 0.673115 0.546310 0.670857 0.548176 0.689224 0.539870 0.688292 0.539972 0.687099 0.540204 0.686414 0.540306 0.685417 0.539532 0.684542 0.538866 0.683789 0.539755 0.683419 0.540972 0.682479 0.541194 0.680419 0.540972 0.677109 0.543153 0.675656 0.544231
2 0.605724 0.507421 0.607570 0.508056 0.606922 0.510574 0.604146 0.509213 0.604625 0.508204
6 0.691552 0.628537 0.686953 0.636120 0.683188 0.642218 0.663617 0.636269 0.662109 0.629282 0.662195 0.626903 0.664117 0.619616
8 0.657917 0.630394 0.660065 0.637000 0.660714 0.640745 0.659039 0.641514 0.658445 0.637000 0.656755 0.632801
8 0.643951 0.572125 0.653323 0.562991 0.650888 0.574569 0.643589 0.581120
8 0.654286 0.537685 0.669758 0.546296 0.668383 0.549380 0.667299 0.550148 0.656148 0.544144 0.655336 0.540032
8 0.580427 0.446926 0.582839 0.461065 0.585055 0.460162 0.581656 0.446537
8 0.601753 0.539931 0.601042 0.540616 0.603776 0.542505 0.623151 0.542505 0.629802 0.542505 0.629802 0.542505 0.627706 0.538648 0.627612 0.538602
8 0.636461 0.500588 0.636099 0.501019 0.634849 0.501231 0.633034 0.501162 0.635615 0.505319 0.637026 0.503741 0.637141 0.500991
8 0.634659 0.566505 0.629010 0.566991 0.631794 0.570088 0.634536 0.569731
8 0.654716 0.551671 0.656693 0.553333 0.656146 0.554630 0.654263 0.552912
8 0.600086 0.464324 0.600357 0.462500 0.601060 0.461542 0.602409 0.461639 0.603057 0.462023 0.606544 0.465255 0.607539 0.469028 0.608620 0.473347 0.608727 0.475556 0.607862 0.476324 0.607323 0.476324 0.605703 0.474500 0.604461 0.475079 0.602247 0.471333 0.602948 0.470278 0.602732 0.466917 0.602302 0.465093
8 0.477846 0.333519 0.477448 0.335454 0.477008 0.335602 0.470904 0.333815 0.470904 0.331287
8 0.415651 0.282176 0.416354 0.290236 0.416495 0.291894 0.416677 0.293000 0.413214 0.285931 0.412247 0.276236 0.411328 0.266667 0.409828 0.251005 0.408573 0.234185 0.409958 0.233380 0.411193 0.234560 0.413076 0.253338
8 0.413995 0.295801 0.414115 0.297546 0.414818 0.304352 0.416378 0.321523 0.418987 0.315134 0.418362 0.307046 0.416794 0.303208
8 0.416794 0.323019 0.417120 0.328907 0.417633 0.330153 0.418521 0.330815 0.419315 0.330731 0.419828 0.329986 0.420013 0.328495 0.419268 0.317542
5 0.474826 0.397519 0.466628 0.393505 0.463617 0.391569 0.462698 0.390380 0.459435 0.390532 0.457094 0.390380 0.454500 0.389343 0.452242 0.388153 0.451406 0.387704 0.445299 0.383097 0.426781 0.362514 0.433557 0.352106 0.432049 0.351065 0.425609 0.361477 0.424773 0.360731 0.426948 0.355079 0.427534 0.350023 0.426195 0.348537 0.426698 0.347644 0.425779 0.339023 0.427534 0.338870 0.429039 0.339171 0.436818 0.346157 0.441083 0.348685 0.446521 0.353593 0.449198 0.356417 0.452458 0.353741 0.453214 0.354634 0.451456 0.356866 0.453380 0.358056 0.453464 0.356866 0.454133 0.356718 0.454885 0.357310 0.456141 0.357458 0.458398 0.357759 0.458482 0.359245 0.458482 0.360287 0.459318 0.362069 0.460323 0.364597 0.473203 0.373519 0.480313 0.378722 0.480229 0.379468 0.479914 0.386255 0.477591 0.391588
2 0.421250 0.312639 0.428039 0.316606 0.427677 0.318921 0.431292 0.322134 0.432135 0.323287 0.430833 0.326481 0.427315 0.320593 0.426737 0.322648 0.425943 0.322134 0.426232 0.319435 0.420013 0.315968
1 0.399818 0.233981 0.400367 0.232875 0.405492 0.247870 0.403930 0.247204
1 0.396807 0.221102 0.394870 0.216218 0.393995 0.216995 0.395844 0.221991
1 0.385247 0.236875 0.389185 0.236986 0.393534 0.239333 0.393302 0.240398 0.391063 0.240014 0.388385 0.238986 0.384997 0.238653
2 0.426833 0.315782 0.427646 0.311009 0.433896 0.312227 0.432958 0.318671 0.427833 0.317560 0.428039 0.316606
2 0.634862 0.561269 0.633271 0.562810 0.630237 0.563579 0.628284 0.563708 0.626693 0.562681 0.625174 0.561523 0.623729 0.560111 0.621271 0.559981 0.610789 0.549829 0.603776 0.542505 0.621344 0.542505 0.623151 0.542505 0.629802 0.542505 0.635130 0.551704
2 0.561701 0.435060 0.562672 0.434847 0.564424 0.436759 0.566521 0.438319 0.567872 0.439370 0.569057 0.440074 0.570148 0.440421 0.570945 0.437157 0.571375 0.435755 0.571036 0.434546 0.568367 0.433894 0.564911 0.431111 0.561995 0.429380 0.561599 0.430019
2 0.586078 0.466782 0.585701 0.468319 0.584784 0.468991 0.584297 0.470046 0.585539 0.472157 0.587969 0.469185 0.589320 0.466977 0.589266 0.465153 0.591047 0.461889 0.592667 0.460065 0.592828 0.459296 0.592344 0.457949 0.591208 0.457662 0.590669 0.457662 0.587484 0.464190 0.586510 0.465440
2 0.602247 0.471333 0.599747 0.475815 0.595049 0.468713 0.595859 0.467755 0.596615 0.468903 0.599370 0.463815 0.600086 0.464324 0.602302 0.465093 0.602732 0.466917 0.602948 0.470278
2 0.595049 0.468713 0.594987 0.467292 0.597602 0.462083 0.599310 0.463324 0.599370 0.463815 0.596615 0.468903 0.595729 0.467731
2 0.604461 0.475079 0.603422 0.476833 0.604469 0.479375 0.610638 0.484519 0.611128 0.483593 0.611859 0.480245 0.607323 0.476324 0.605703 0.474500
2 0.577568 0.459245 0.575141 0.456843 0.573740 0.456259 0.566599 0.455097 0.566505 0.462565 0.568979 0.463398 0.573086 0.463477 0.574813 0.462153 0.575187 0.461569 0.577893 0.464806
2 0.564326 0.450491 0.565698 0.448986 0.566625 0.447838 0.567797 0.448412 0.569531 0.450060 0.570659 0.452931 0.570055 0.454148 0.570659 0.455653 0.566599 0.455097 0.566625 0.455509 0.565375 0.455509 0.565013 0.455366 0.564648 0.455366 0.563237 0.453074
1 0.558216 0.468491 0.578336 0.472264 0.578211 0.470269 0.557779 0.466269
2 0.587687 0.501245 0.587867 0.504329 0.587922 0.507019 0.587057 0.508361 0.585760 0.509514 0.583979 0.509606 0.583008 0.510088 0.581549 0.509991 0.580469 0.509514 0.579281 0.508074 0.579065 0.506727 0.580091 0.505481 0.581008 0.503560 0.581117 0.502986
1 0.583583 0.425759 0.583083 0.425759 0.582708 0.426648 0.588706 0.442532 0.592268 0.450194 0.595831 0.454847 0.595893 0.452972 0.592643 0.448194 0.589956 0.442310
1 0.480479 0.334333 0.487039 0.340773 0.489664 0.345995 0.489102 0.347106 0.485792 0.341440 0.480229 0.336222
2 0.422255 0.317380 0.420232 0.324833 0.420232 0.326634 0.423049 0.328306 0.425146 0.325731 0.425943 0.322134 0.426232 0.319435
2 0.602711 0.512778 0.603273 0.514338 0.603086 0.519319 0.599354 0.524796 0.599005 0.524384 0.593513 0.516801 0.594161 0.512046 0.597344 0.507546 0.597995 0.506259 0.599992 0.508685
2 0.647388 0.590981 0.645464 0.597977 0.643036 0.596731 0.649523 0.578727 0.649945 0.578972
1 0.464820 0.312509 0.458674 0.303384 0.454844 0.297731 0.454271 0.298218 0.454271 0.299273 0.454865 0.301097 0.459076 0.306185 0.459940 0.306856 0.460698 0.309727 0.463542 0.313444
1 0.454120 0.296444 0.434458 0.271639 0.433661 0.273056 0.447591 0.290824 0.450276 0.294602 0.452003 0.296583 0.452380 0.297352
2 0.689224 0.539870 0.691435 0.544111 0.699057 0.559657 0.702182 0.566102 0.701995 0.568102 0.701557 0.568880 0.698310 0.587208 0.694310 0.603088 0.661945 0.617639 0.659883 0.618417 0.652073 0.602088 0.647388 0.590981 0.653323 0.562991 0.654766 0.555648
2 0.660208 0.629954 0.657917 0.630394 0.656755 0.632801 0.652398 0.634694 0.647174 0.617833 0.647852 0.616972 0.649883 0.611468 0.651625 0.606824 0.653560 0.609403 0.655013 0.615769 0.658109 0.619898
2 0.670643 0.613713 0.682102 0.619361 0.695901 0.621296 0.698109 0.616866 0.681466 0.614782 0.675026 0.611759
2 0.704049 0.584894 0.707060 0.564074 0.705469 0.564074 0.701622 0.583704
2 0.656755 0.632801 0.652398 0.634694 0.656016 0.645833 0.657474 0.646023 0.658714 0.645639 0.658984 0.644870 0.659255 0.642856 0.659039 0.641514 0.658445 0.637000
2 0.662797 0.650458 0.666198 0.643546 0.664870 0.641963 0.665659 0.640764 0.667117 0.641722 0.669224 0.644028 0.669427 0.645370 0.666901 0.652454
2 0.636938 0.507366 0.638151 0.468389 0.647477 0.469542 0.646247 0.511310 0.643284 0.588806 0.639453 0.589194 0.638659 0.586366 0.637719 0.582898 0.635766 0.581611 0.634609 0.580069 0.634174 0.578653
10 0.560586 0.439019 0.561701 0.435060 0.561599 0.430019 0.560383 0.427681 0.558255 0.425880 0.556276 0.424736 0.553906 0.425741 0.552599 0.428162 0.551901 0.429718 0.550365 0.433148 0.551484 0.436435 0.552586 0.436894 0.556706 0.437347
2 0.514422 0.365685 0.514151 0.367319 0.512315 0.369907 0.504917 0.364917 0.506375 0.360407
1 0.490391 0.345046 0.500435 0.357718 0.501591 0.358213 0.502758 0.358292 0.490445 0.343125
2 0.459318 0.362069 0.462484 0.360819 0.462706 0.361625 0.465885 0.364153 0.467557 0.364894 0.468896 0.367722 0.469732 0.371139 0.460323 0.364597
1 0.487477 0.347639 0.490932 0.352819 0.491255 0.353685 0.492448 0.359755 0.492979 0.364231 0.493076 0.366296 0.493549 0.365954 0.493945 0.362343 0.492174 0.352917 0.488016 0.346005
2 0.400039 0.254111 0.402469 0.261310 0.403591 0.261421 0.405130 0.260324 0.404703 0.259000 0.404578 0.255671 0.404268 0.251560 0.403143 0.246560 0.402531 0.244986 0.401719 0.244097 0.401281 0.243542 0.400156 0.235986 0.399156 0.223880 0.399844 0.223102 0.399656 0.221213 0.396406 0.221324 0.395844 0.221991 0.395656 0.223435 0.396031 0.224435 0.397719 0.240764 0.398161 0.242671
2 0.405130 0.260324 0.405516 0.261667 0.408102 0.271528 0.410315 0.278440 0.413393 0.286120 0.418146 0.296199 0.420628 0.301958 0.421870 0.305319 0.421870 0.308199 0.420628 0.308296 0.418362 0.307046 0.416794 0.303208 0.412906 0.293032 0.409128 0.284583 0.407109 0.279750 0.406484 0.277750 0.406172 0.276194 0.402362 0.263310 0.401612 0.260421 0.402052 0.260009 0.402469 0.261310 0.403591 0.261421
2 0.443654 0.295380 0.447591 0.290824 0.450276 0.294602 0.449839 0.296380 0.449526 0.299157 0.447966 0.300931 0.446003 0.299546 0.446065 0.296991 0.444628 0.295991
2 0.425146 0.325731 0.425760 0.324190 0.426411 0.323806 0.429159 0.327273 0.429375 0.328944 0.429292 0.330380 0.425779 0.339023 0.425398 0.340769 0.425471 0.348222 0.419544 0.344370 0.419398 0.345009 0.419182 0.345009 0.417448 0.340787 0.414990 0.341926 0.414701 0.339870 0.415424 0.336398 0.415568 0.334343 0.418458 0.332931 0.419544 0.332417 0.420195 0.332417 0.420122 0.330875 0.420773 0.329588 0.422073 0.329204 0.423049 0.328306
2 0.398615 0.331042 0.401797 0.317032 0.402880 0.314593 0.403242 0.311505 0.403747 0.307907 0.408664 0.303153 0.409820 0.303282 0.411250 0.305139 0.412133 0.307523 0.413362 0.316778 0.415169 0.324616 0.415169 0.326287 0.412062 0.332583 0.410906 0.328856 0.408810 0.320375 0.407724 0.319602 0.407003 0.317931 0.406568 0.316778 0.406422 0.317032 0.406206 0.318444 0.404615 0.327315 0.403315 0.335023 0.401870 0.334639
2 0.396026 0.312694 0.400096 0.312495 0.400604 0.312880 0.400966 0.314940 0.401036 0.320333 0.398615 0.331042 0.391714 0.323028 0.392839 0.320806 0.392464 0.314917 0.392589 0.313361
1 0.410391 0.326412 0.409669 0.327699 0.408005 0.329884 0.407716 0.330144 0.408513 0.340935 0.411766 0.342736 0.410682 0.344537 0.409885 0.344148 0.410031 0.343380 0.407716 0.342093 0.406849 0.331042 0.405115 0.330912 0.404031 0.329884 0.404615 0.327315 0.406206 0.318444 0.406422 0.317032 0.406568 0.316778 0.407003 0.317931 0.407724 0.319602 0.408810 0.320375
2 0.403315 0.335023 0.404219 0.335500 0.405953 0.334213 0.407182 0.334472 0.406849 0.331042 0.405115 0.330912 0.404031 0.329884
2 0.411539 0.331065 0.410091 0.331398 0.409766 0.332972 0.409391 0.333968 0.408458 0.334634 0.407992 0.334801 0.407716 0.330144 0.408005 0.329884 0.409669 0.327699 0.410391 0.326412 0.410906 0.328856
2 0.407492 0.337032 0.405680 0.336588 0.404680 0.336144 0.403055 0.336144 0.407716 0.342093
2 0.408240 0.336921 0.409490 0.336921 0.410427 0.338477 0.411052 0.338810 0.411427 0.340032 0.412802 0.340032 0.413740 0.341699 0.414302 0.343583 0.414615 0.346472 0.415052 0.346472 0.415063 0.349509 0.411177 0.345472 0.410682 0.344537 0.411766 0.342736 0.408513 0.340935
2 0.392490 0.289523 0.394388 0.286361 0.395273 0.285213 0.396727 0.287292 0.397112 0.288528 0.396924 0.291745 0.396299 0.291523 0.395302 0.290079
2 0.427948 0.284218 0.429458 0.279417 0.430021 0.277528 0.430833 0.277861 0.430708 0.279528 0.431896 0.280417 0.432833 0.281750 0.434333 0.282528 0.435018 0.283083 0.435206 0.284194 0.440893 0.283972 0.442206 0.285417 0.443078 0.288417 0.443453 0.290301 0.446516 0.291856 0.443654 0.295380 0.439005 0.292991 0.438068 0.293324 0.436070 0.293546 0.430258 0.288657
2 0.449839 0.296380 0.452003 0.296583 0.452380 0.297352 0.455188 0.295815 0.455242 0.297065 0.454271 0.298218 0.454271 0.299273 0.454865 0.301097 0.456000 0.303782 0.458049 0.306375 0.459076 0.306185 0.459940 0.306856 0.460698 0.309727 0.458943 0.310917 0.456935 0.314634 0.455135 0.319824 0.453883 0.313727 0.450536 0.303912 0.449115 0.302426 0.447776 0.302278 0.447966 0.300931 0.449526 0.299157
2 0.437661 0.329847 0.435599 0.335880 0.440911 0.339065 0.439974 0.340287 0.441286 0.340843 0.442161 0.339620 0.444513 0.341236 0.446857 0.339602 0.443849 0.332509 0.442036 0.331954
1 0.457240 0.327870 0.462539 0.328611 0.464797 0.331287 0.459026 0.330843 0.457888 0.331954 0.456013 0.334398 0.454451 0.335065 0.452701 0.335843 0.450034 0.334097 0.449516 0.334843 0.446078 0.333620 0.445641 0.331625 0.446828 0.329292 0.443828 0.327181 0.442174 0.323847 0.447523 0.326069
2 0.482940 0.349653 0.485747 0.350611 0.491633 0.355412 0.491958 0.356949 0.490661 0.357333 0.484510 0.354569 0.482130 0.351958
2 0.646133 0.595625 0.650380 0.597403 0.648818 0.614731 0.647852 0.616972 0.646831 0.616741 0.645008 0.610764 0.645464 0.597977
1 0.421870 0.305319 0.433997 0.308574 0.433857 0.306662 0.422143 0.303509 0.420573 0.298657 0.418951 0.292435 0.417849 0.290236 0.416354 0.290236 0.416495 0.291894 0.417568 0.291977 0.420628 0.301958
1 0.527500 0.440694 0.525383 0.453037 0.524323 0.452926 0.526508 0.440597
1 0.528508 0.442819 0.528070 0.443931 0.530070 0.446708 0.525695 0.451153 0.525383 0.453037 0.525758 0.452926 0.530695 0.448042 0.531070 0.446819 0.531070 0.445931
1 0.527820 0.437046 0.529133 0.442153 0.527945 0.442708 0.526883 0.437597
1 0.527820 0.437046 0.532299 0.432866 0.533268 0.433009 0.533146 0.433509 0.528185 0.438745
1 0.511747 0.443579 0.504674 0.438875 0.503971 0.440315 0.511440 0.444894
1 0.506250 0.437546 0.500948 0.441083 0.500409 0.439644 0.505323 0.436380
1 0.500948 0.434843 0.507591 0.427931 0.505935 0.427704 0.500409 0.433213
1 0.504135 0.432444 0.509372 0.434940 0.509750 0.433116 0.504891 0.431194
1 0.524568 0.371926 0.523380 0.356375 0.524190 0.356375 0.525703 0.372787
9 0.524568 0.371926 0.523661 0.371463 0.523174 0.371560 0.522268 0.374769 0.528617 0.378634 0.529008 0.378282 0.528521 0.374537 0.527766 0.373097 0.526956 0.372042 0.526307 0.372519 0.525703 0.372787
1 0.506479 0.357139 0.510096 0.359731 0.513174 0.360981 0.516305 0.361463 0.515982 0.364148 0.511932 0.363287 0.505831 0.359542
1 0.513672 0.357037 0.509555 0.351093 0.505992 0.347731 0.505398 0.349847 0.509771 0.354551 0.512633 0.358773
2 0.512581 0.355699 0.516953 0.352148 0.519979 0.350611 0.521383 0.358773 0.518789 0.359829 0.516305 0.361463 0.513174 0.360981 0.512633 0.358773 0.513672 0.357037
2 0.579867 0.519602 0.581174 0.518356 0.582247 0.518023 0.582622 0.518935 0.584068 0.518769 0.584768 0.517940 0.586122 0.517940 0.587336 0.517940 0.587849 0.517940 0.589247 0.519102 0.590370 0.520681 0.590461 0.522005 0.590135 0.524495 0.590276 0.527398 0.590089 0.528560 0.588641 0.529060 0.583836 0.525079 0.581034 0.522505 0.579867 0.521176
2 0.577875 0.479269 0.576943 0.479102 0.575589 0.486736 0.569521 0.485241 0.569568 0.483995 0.570781 0.477611 0.571576 0.477111 0.578201 0.478023
2 0.580594 0.463921 0.587073 0.474676 0.587180 0.476306 0.587018 0.477940 0.585885 0.478130 0.580701 0.469681
2 0.586977 0.473338 0.589823 0.470347 0.590943 0.471014 0.594987 0.467292 0.595703 0.466116 0.594070 0.465037 0.592391 0.460310 0.591047 0.461889 0.589266 0.465153 0.589320 0.466977 0.587969 0.469185 0.585539 0.472157
2 0.590669 0.457662 0.590625 0.455931 0.589271 0.453856 0.587497 0.456343 0.586471 0.458167 0.585055 0.460162 0.584604 0.460657 0.584698 0.462319 0.585070 0.465056 0.586078 0.466782 0.586510 0.465440 0.587484 0.464190
2 0.429062 0.292130 0.431021 0.293380 0.433708 0.295157 0.434195 0.293991 0.436070 0.293546 0.430258 0.288657 0.429695 0.290435 0.429695 0.290435
1 0.443828 0.327181 0.442508 0.331968 0.442036 0.331954 0.437661 0.329847 0.438112 0.328454 0.441703 0.329889 0.442469 0.327380 0.437305 0.313468 0.433474 0.303931 0.428633 0.293245 0.429115 0.292037 0.432070 0.298102 0.436378 0.307801 0.439042 0.314634 0.442174 0.323847
1 0.425779 0.339023 0.425398 0.340769 0.425471 0.348222 0.426195 0.348537 0.426698 0.347644
9 0.580445 0.460852 0.582099 0.460782 0.582839 0.461065 0.583672 0.462787 0.583714 0.464009 0.583430 0.465727 0.583068 0.466875 0.582656 0.467361 0.580594 0.463921
1 0.557247 0.460120 0.563359 0.466671 0.563872 0.464931 0.558833 0.459370
2 0.587958 0.498273 0.567870 0.502495 0.568357 0.505856 0.587687 0.501245 0.588497 0.500861 0.600919 0.507583 0.602214 0.505088 0.593568 0.500056
2 0.579708 0.447199 0.581922 0.488190 0.579276 0.488769 0.576576 0.443361 0.579276 0.442685
10 0.384570 0.262208 0.388893 0.270213 0.388966 0.272269 0.378193 0.290648 0.375591 0.287176 0.374219 0.288463 0.369750 0.281097 0.367943 0.277370 0.380089 0.256426 0.380552 0.255394 0.382544 0.258736 0.389414 0.248968 0.391365 0.247685 0.392451 0.250769
2 0.571182 0.412556 0.571893 0.413005 0.576404 0.422306 0.581372 0.434625 0.587388 0.446014 0.584643 0.450431 0.576534 0.433347 0.574659 0.429583 0.573536 0.427847 0.572612 0.425329 0.571044 0.421028 0.571883 0.417532
1 0.596984 0.456366 0.606544 0.465255 0.608156 0.466977 0.609005 0.467838 0.610174 0.470560 0.611505 0.474435 0.613885 0.484116 0.614497 0.485838 0.615497 0.490282 0.616247 0.489616 0.615497 0.485949 0.614375 0.481731 0.611786 0.471926 0.610578 0.468194 0.609529 0.465903 0.603841 0.460810 0.598828 0.455861 0.598073 0.455218
1 0.592578 0.476528 0.592456 0.478407 0.607326 0.485519 0.608763 0.485394 0.608888 0.483282
2 0.594393 0.451194 0.596018 0.449861 0.597578 0.450083 0.598266 0.448306 0.599266 0.447861 0.600141 0.448083 0.601078 0.450972 0.601516 0.452306 0.601016 0.453861 0.599828 0.455083 0.598828 0.455861
10 0.680419 0.540972 0.677109 0.543153 0.675656 0.544231 0.673115 0.546310 0.666703 0.539065 0.663393 0.535981 0.662143 0.532181 0.660893 0.529028 0.660208 0.526731 0.660237 0.525088 0.663424 0.524870 0.665737 0.523764 0.667734 0.523870 0.670734 0.524653 0.673734 0.525204 0.674607 0.525977 0.676422 0.535306 0.678042 0.538866
2 0.649255 0.484981 0.651596 0.487995 0.651031 0.489644 0.648495 0.493806 0.647359 0.494880 0.646674 0.495167 0.646836 0.491079 0.647924 0.489644 0.648531 0.487491 0.648737 0.485843
2 0.648094 0.494269 0.656029 0.502713 0.660651 0.509264 0.660464 0.510042 0.659602 0.509398 0.648828 0.500917 0.646531 0.499046 0.646674 0.495167 0.647359 0.494880
10 0.614375 0.481731 0.615685 0.481620 0.616497 0.482176 0.617372 0.482509 0.624307 0.479620 0.628932 0.477065 0.634430 0.475509 0.635492 0.475287 0.635180 0.473620 0.635180 0.472176 0.635492 0.472176 0.636367 0.472398 0.637992 0.473287 0.637555 0.485505 0.629995 0.484171 0.628995 0.485505 0.625057 0.485616 0.623245 0.485060 0.621622 0.485616 0.618810 0.485616 0.616435 0.485838 0.615497 0.485949
2 0.634953 0.471301 0.635180 0.472176 0.635180 0.473620 0.635492 0.475287 0.633786 0.474787 0.630193 0.474375 0.625432 0.471968 0.618852 0.466407 0.615539 0.463005 0.613956 0.460574 0.611898 0.457088 0.610690 0.455931 0.609378 0.455181 0.608357 0.455097 0.608070 0.454102 0.608818 0.453606 0.609242 0.453190 0.603708 0.445125 0.603846 0.443634 0.604828 0.441477 0.605341 0.440644 0.606615 0.441185 0.610396 0.447157 0.613849 0.451972 0.617536 0.458606 0.618563 0.460102 0.624258 0.465245 0.627430 0.469394 0.629018 0.470889 0.629997 0.471222
1 0.630193 0.496269 0.637198 0.498880 0.637141 0.500991 0.631266 0.498176
2 0.415599 0.282037 0.416776 0.282782 0.419148 0.280449 0.420086 0.278782 0.421023 0.276676 0.420510 0.275995 0.414638 0.270000
2 0.501247 0.376986 0.503401 0.369556 0.505714 0.370843 0.507823 0.374157 0.505297 0.379435
2 0.497451 0.383824 0.500714 0.387394 0.504896 0.390815 0.507404 0.391259 0.510247 0.392449 0.513177 0.393787 0.516362 0.397111 0.520620 0.400542 0.521594 0.400065 0.521430 0.398815 0.522294 0.398625 0.522781 0.399486 0.522294 0.401310 0.525102 0.401597 0.525534 0.400449 0.526398 0.400255 0.527318 0.400542 0.528557 0.402079 0.529477 0.404574 0.531042 0.409088 0.531096 0.412065 0.531042 0.417343 0.531799 0.418880 0.534003 0.418264 0.536563 0.417921 0.537875 0.417370 0.539310 0.415449 0.539247 0.412231 0.539872 0.410120 0.540935 0.408787 0.542060 0.408120 0.543560 0.408676 0.544935 0.407343 0.546120 0.405343 0.546190 0.399380 0.547128 0.397815 0.547378 0.396491 0.547185 0.392819 0.546315 0.390606 0.545378 0.389815 0.533133 0.382500 0.528617 0.378634 0.522268 0.374769 0.520745 0.373861 0.517208 0.370903 0.515326 0.369875 0.514188 0.373134 0.512380 0.370694 0.511010 0.373384 0.509922 0.375065 0.509128 0.375185 0.507823 0.374157 0.505297 0.379435 0.501247 0.376986 0.500596 0.376597 0.499583 0.377370 0.498789 0.379051 0.498354 0.379810
9 0.633299 0.487931 0.634034 0.487829 0.636802 0.488634 0.636521 0.496065 0.633357 0.496167 0.633188 0.495162 0.633469 0.493657 0.633357 0.492250 0.632451 0.490843 0.632281 0.489338 0.632339 0.488431
2 0.545552 0.455792 0.549865 0.458792 0.549865 0.459903 0.546240 0.464458 0.544240 0.462903
2 0.545990 0.455000 0.556424 0.459236 0.557247 0.460120 0.558833 0.459370 0.560234 0.459014 0.560672 0.457681 0.560672 0.454681 0.559602 0.452755 0.558047 0.451241 0.554612 0.450241 0.552924 0.452907 0.552112 0.453019 0.550737 0.450130 0.549115 0.448352 0.548740 0.447796 0.547177 0.447463
2 0.608729 0.508259 0.612229 0.510167 0.612719 0.511606 0.612276 0.512903 0.608076 0.510333
1 0.607833 0.507352 0.605953 0.513264 0.607109 0.513394 0.609063 0.506968
1 0.589859 0.474231 0.591198 0.474829 0.589443 0.489546 0.588187 0.489546
2 0.657594 0.613861 0.656924 0.614454 0.662612 0.641667 0.664870 0.641963 0.663617 0.636269 0.662109 0.629282 0.659883 0.618417
1 0.624818 0.479412 0.610182 0.462134 0.609279 0.464042 0.623122 0.480014
2 0.409490 0.336921 0.411052 0.333296 0.411505 0.332611 0.412062 0.332583 0.412411 0.331931 0.413177 0.332181 0.413771 0.332491 0.414469 0.332921 0.414956 0.333481 0.415339 0.334412 0.415424 0.336398 0.414701 0.339870 0.414990 0.341926 0.414990 0.344755 0.415052 0.346472 0.414615 0.346472 0.414302 0.343583 0.413740 0.341699 0.412802 0.340032 0.411427 0.340032 0.411052 0.338810 0.410427 0.338477
2 0.414583 0.328560 0.420195 0.332417 0.419544 0.332417 0.418458 0.332931 0.416883 0.333579 0.413503 0.330977
1 0.418987 0.315134 0.420276 0.311889 0.421250 0.312639 0.420013 0.315968 0.415169 0.326287 0.415169 0.324616
1 0.379911 0.308963 0.384596 0.300083 0.387255 0.294352 0.392458 0.286833 0.394969 0.283639 0.395844 0.282083 0.398049 0.280528 0.400862 0.278083 0.406172 0.276194 0.406484 0.277750 0.404049 0.278306 0.399362 0.281194 0.396052 0.284639 0.395273 0.285213 0.394388 0.286361 0.392490 0.289523 0.388740 0.294968 0.384992 0.302412 0.380656 0.310361
10 0.636938 0.507366 0.625878 0.489116 0.623635 0.486806 0.622190 0.486546 0.620961 0.486676 0.619227 0.487958 0.617708 0.489245 0.615393 0.492074 0.612719 0.495671 0.611359 0.499481 0.611505 0.500523 0.606529 0.502088 0.603820 0.503389 0.602214 0.505088 0.600919 0.507583 0.600380 0.509375 0.602711 0.512778 0.604625 0.508204 0.605724 0.507421 0.609063 0.506968 0.611654 0.506769 0.611779 0.508782 0.612719 0.511606 0.621396 0.527287 0.629419 0.541940 0.635130 0.551704
2 0.593630 0.497611 0.594130 0.494505 0.594568 0.491171 0.594818 0.488727 0.595318 0.487060 0.596130 0.486727 0.597880 0.487505 0.603065 0.487394 0.614497 0.485838 0.615497 0.490282 0.616247 0.489616 0.615497 0.485949 0.616435 0.485838 0.619227 0.487958 0.617708 0.489245 0.615393 0.492074 0.612719 0.495671 0.611419 0.499528 0.609125 0.499611 0.604753 0.500611 0.601690 0.501722 0.599565 0.502833 0.593568 0.500056
2 0.601753 0.539931 0.598357 0.533505 0.597417 0.532222 0.595464 0.530935 0.593294 0.528880 0.591633 0.525667 0.590909 0.523227 0.590331 0.515259 0.591198 0.502921 0.593294 0.504079 0.596115 0.505361 0.597995 0.506259 0.597344 0.507546 0.594161 0.512046 0.593513 0.516801 0.599005 0.524384 0.604068 0.529907 0.606742 0.533505 0.607971 0.533505 0.610500 0.531838 0.612164 0.530037 0.615849 0.527208 0.617440 0.528750 0.618596 0.528750 0.618958 0.527338 0.620839 0.526310 0.621396 0.527287 0.627706 0.538648
2 0.646227 0.507083 0.646443 0.504384 0.647240 0.501944 0.647888 0.501042 0.648828 0.500917 0.659602 0.509398 0.670805 0.518394 0.671549 0.518394 0.672115 0.518481 0.672859 0.518727 0.673930 0.519060 0.675237 0.519884 0.677435 0.522042 0.677898 0.523380 0.678461 0.524370 0.687417 0.531208 0.689289 0.533431 0.689724 0.535639 0.689414 0.538315 0.689224 0.539870 0.688292 0.539972 0.687099 0.540204 0.686414 0.540306 0.685417 0.539532 0.684542 0.538866 0.683789 0.539755 0.683419 0.540972 0.682479 0.541194 0.680419 0.540972 0.678042 0.538866 0.676422 0.535306 0.674607 0.525977 0.673734 0.525204 0.670734 0.524653 0.667734 0.523870 0.665737 0.523764 0.663424 0.524870 0.660237 0.525088 0.658177 0.524097 0.656117 0.522431 0.651055 0.519319 0.647492 0.517880 0.645930 0.517097
10 0.645651 0.523370 0.646401 0.523694 0.652523 0.534134 0.655336 0.540032 0.656148 0.544144 0.656211 0.546685 0.655398 0.549917 0.654023 0.553685 0.651523 0.557014 0.648464 0.562639 0.647318 0.564120 0.646406 0.564630 0.645276 0.564356 0.644089 0.563579
2 0.533953 0.419694 0.548263 0.437361 0.549865 0.439245 0.552424 0.441796 0.553987 0.444352 0.554474 0.444176 0.555799 0.445463 0.556112 0.446241 0.555362 0.448130 0.554612 0.450241 0.552924 0.452907 0.552112 0.453019 0.550737 0.450130 0.549115 0.448352 0.548740 0.447796 0.547292 0.446389 0.543620 0.446662 0.543247 0.444574 0.545779 0.442245 0.545940 0.441102 0.546750 0.440333 0.546320 0.439278 0.544320 0.440528 0.543404 0.441773 0.540216 0.439662 0.537086 0.438606 0.536328 0.437264 0.535141 0.434093 0.534708 0.432463 0.532440 0.433231 0.528607 0.425551 0.529417 0.424685 0.529526 0.423245 0.531146 0.422671 0.532549 0.421329 0.532927 0.420463
2 0.426195 0.348537 0.419544 0.344370 0.419255 0.345139 0.417448 0.340787 0.414990 0.341926 0.414945 0.344722 0.415063 0.349509 0.418677 0.353750 0.424773 0.360731 0.426948 0.355079 0.427534 0.350023
2 0.411328 0.266667 0.412214 0.276111 0.409583 0.276343 0.408102 0.271528 0.405516 0.261667
2 0.455135 0.319824 0.456935 0.314634 0.458943 0.310917 0.460698 0.309727 0.463542 0.313444 0.466638 0.311361 0.467977 0.312255 0.470068 0.312403 0.470734 0.312704 0.470734 0.315079 0.470651 0.317458 0.470820 0.319690 0.474333 0.325343 0.475922 0.325194 0.476424 0.326829 0.476339 0.328167 0.477760 0.330843 0.477846 0.333519 0.470904 0.331287 0.470904 0.333815 0.477008 0.335602 0.475839 0.337384 0.475503 0.338722 0.476172 0.340361 0.477177 0.341551 0.479018 0.346870 0.477831 0.348116 0.475510 0.346968 0.473411 0.350472 0.470734 0.350171 0.458773 0.332032 0.458690 0.331588 0.459026 0.330843 0.464797 0.331287 0.462539 0.328611 0.457240 0.327870 0.455471 0.322796
2 0.386232 0.232264 0.376979 0.251542 0.370544 0.262852 0.361003 0.270819 0.358401 0.274157 0.358112 0.275060 0.358401 0.278398 0.355654 0.281227 0.351966 0.276731 0.368307 0.254630 0.382617 0.225963 0.385437 0.229949
5 0.570187 0.426611 0.571789 0.403616 0.573089 0.383954 0.572151 0.379838 0.549234 0.363519 0.548078 0.367500 0.547065 0.379838 0.546315 0.390606 0.547185 0.392819 0.547378 0.396491 0.547128 0.397815 0.546190 0.399380 0.546120 0.405343 0.547245 0.406009 0.549370 0.412898 0.550370 0.416116 0.555487 0.416657 0.556448 0.421639 0.558029 0.421782 0.558776 0.424435 0.563073 0.429306 0.564911 0.431111 0.568367 0.433894 0.569339 0.434181
2 0.571260 0.444093 0.571495 0.445032 0.572169 0.446157 0.572719 0.446981 0.573818 0.447505 0.576560 0.447731 0.576560 0.444278 0.576055 0.444204 0.576138 0.442556 0.575927 0.441505 0.575167 0.439926 0.574323 0.439477 0.573732 0.439926 0.573607 0.440528 0.572594 0.441051 0.571453 0.441653 0.570312 0.441130 0.569792 0.441481 0.571036 0.443088
1 0.570945 0.437157 0.579961 0.440644 0.578391 0.437389 0.571036 0.434546 0.571375 0.435755
2 0.576404 0.422306 0.577122 0.421259 0.578888 0.420329 0.579674 0.420792 0.580000 0.423236 0.581047 0.424861 0.581831 0.427185 0.582091 0.428463 0.582091 0.431255 0.581896 0.433579 0.581372 0.434625
2 0.570187 0.426611 0.573536 0.427847 0.574659 0.429583 0.574414 0.434014 0.571036 0.434546 0.570810 0.431134 0.570753 0.428319
2 0.580674 0.499801 0.580313 0.497875 0.580344 0.496583 0.580646 0.495671 0.593419 0.492838 0.594130 0.494505 0.593630 0.497611 0.593568 0.500056 0.587958 0.498273
2 0.578539 0.490935 0.583214 0.486968 0.583979 0.490065 0.579482 0.494097
2 0.560586 0.439019 0.561669 0.440264 0.562984 0.440782 0.563823 0.440329 0.564953 0.439616 0.566047 0.438449 0.566521 0.438319 0.566667 0.439356 0.565828 0.441301 0.564807 0.443574 0.563422 0.444676 0.561997 0.444481 0.560794 0.443639 0.559299 0.443250 0.558094 0.442727 0.557182 0.442861 0.556453 0.443250 0.556380 0.443898 0.553987 0.444352 0.552424 0.441796 0.549865 0.439245 0.549253 0.437236 0.552586 0.436898 0.556706 0.437347
2 0.558094 0.442727 0.558719 0.444894 0.559339 0.446602 0.560638 0.449014 0.565724 0.457051 0.563802 0.459662 0.559602 0.452755 0.558047 0.451241 0.555362 0.448130 0.556112 0.446241 0.555799 0.445463 0.556380 0.443898 0.556453 0.443250 0.557182 0.442861
10 0.538839 0.439176 0.537320 0.440588 0.535297 0.443931 0.534141 0.446370 0.530091 0.452157 0.521849 0.462310 0.525609 0.466292 0.534719 0.457296 0.534500 0.455111 0.535948 0.453954 0.537826 0.451384 0.538044 0.449069 0.538477 0.447273 0.539852 0.446884 0.542885 0.447144 0.543247 0.444574 0.545779 0.442255 0.545940 0.441102 0.546750 0.440333 0.546320 0.439278 0.544320 0.440528 0.543404 0.441773 0.540216 0.439662
2 0.545609 0.446440 0.546857 0.449472 0.545365 0.452981 0.544922 0.454204 0.543510 0.455639 0.541690 0.454560 0.541609 0.452917 0.540042 0.452338 0.539599 0.455204 0.537661 0.454273 0.537826 0.451384 0.538044 0.449069 0.538477 0.447273 0.539852 0.446884 0.542885 0.447144 0.543620 0.446662
2 0.539599 0.455204 0.538943 0.457769 0.544234 0.459880 0.545260 0.454694 0.544922 0.454204 0.543510 0.455639 0.541690 0.454560 0.541609 0.452917 0.540042 0.452338
2 0.539466 0.464287 0.540221 0.463616 0.541034 0.464000 0.541247 0.465153 0.540924 0.467454 0.537307 0.474366 0.533852 0.473792 0.532609 0.472449 0.533687 0.470241 0.536172 0.470144
10 0.513880 0.434259 0.517219 0.435102 0.517651 0.437505 0.518945 0.438750 0.516948 0.457375 0.511711 0.452384 0.511440 0.444894
2 0.522240 0.436157 0.526076 0.437407 0.524508 0.451903 0.520404 0.451903 0.520297 0.447681
1 0.522188 0.436736 0.521594 0.435583 0.526453 0.428769 0.526938 0.429824
2 0.519000 0.435583 0.513924 0.430301 0.511440 0.427519 0.511602 0.424926 0.512682 0.421662 0.513979 0.418208 0.513331 0.416958 0.513221 0.416190 0.513708 0.415231 0.514518 0.413981 0.515544 0.412736 0.517164 0.411102 0.518352 0.409472 0.519865 0.409088 0.520352 0.408319 0.521755 0.405727 0.520945 0.404000 0.520081 0.402653 0.519919 0.401213 0.520620 0.400542 0.521594 0.400065 0.521430 0.398815 0.522294 0.398625 0.522781 0.399486 0.522294 0.401310 0.525102 0.401597 0.525534 0.400449 0.526398 0.400255 0.527318 0.400542 0.528557 0.402079 0.529477 0.404574 0.531042 0.409088 0.531096 0.412065 0.531042 0.417343 0.531799 0.418880 0.532716 0.419551 0.532927 0.420463 0.532549 0.421329 0.531146 0.422671 0.529526 0.423245 0.529417 0.424685 0.528607 0.425551 0.526453 0.428769 0.522781 0.434046 0.520729 0.434241
2 0.494388 0.390301 0.509568 0.402894 0.518352 0.409472 0.519865 0.409088 0.520352 0.408319 0.521755 0.405727 0.520945 0.404000 0.520081 0.402653 0.519919 0.401213 0.520620 0.400542 0.516362 0.397111 0.503641 0.390431 0.499302 0.386829 0.496917 0.385417 0.495760 0.387088
2 0.457240 0.327870 0.455471 0.322796 0.455135 0.319824 0.453883 0.313727 0.450536 0.303912 0.449115 0.302426 0.447776 0.302278 0.446688 0.304361 0.444596 0.310903 0.445182 0.314324 0.447523 0.326069
2 0.537185 0.423782 0.537497 0.421227 0.538622 0.419671 0.539497 0.418227 0.539310 0.415449 0.539247 0.412231 0.539872 0.410120 0.540935 0.408787 0.542060 0.408120 0.543560 0.408676 0.544935 0.407343 0.546120 0.405343 0.547245 0.406009 0.549370 0.412898 0.550370 0.416116 0.546125 0.415866 0.543560 0.423116 0.545185 0.427449 0.544685 0.429444 0.543935 0.431111 0.543435 0.431444
2 0.470417 0.408981 0.485026 0.424583 0.486000 0.422384 0.487065 0.422213 0.488430 0.414986 0.489292 0.404838 0.490557 0.400366 0.491138 0.397269 0.492688 0.393310 0.494388 0.390301 0.495760 0.387088 0.496917 0.385417 0.497451 0.383824 0.498354 0.379810 0.498789 0.379051 0.499583 0.377370 0.500914 0.368708 0.502172 0.366296 0.503130 0.364060 0.503333 0.358556 0.501591 0.358213 0.499365 0.357523 0.497526 0.357009 0.496268 0.358384 0.494818 0.360278 0.493945 0.362343 0.493549 0.365954 0.493076 0.366296 0.492979 0.364231 0.491323 0.363718 0.489581 0.363718 0.488042 0.364060 0.485914 0.365954 0.482042 0.373181 0.480784 0.376620 0.480203 0.379546 0.479914 0.386255 0.477591 0.391588 0.472161 0.404148
2 0.493724 0.421111 0.499055 0.419565 0.493539 0.412681 0.489185 0.413713 0.489570 0.415954
2 0.496055 0.415778 0.503120 0.407866 0.505055 0.409759 0.497992 0.418361
9 0.494120 0.413602 0.494120 0.412699 0.493612 0.411931 0.493685 0.410773 0.494841 0.410389 0.496937 0.410773 0.497552 0.411157 0.497760 0.412361 0.497552 0.414167 0.496055 0.415778
2 0.500406 0.400917 0.498026 0.405815 0.497044 0.406727 0.493685 0.410773 0.492005 0.413032 0.489185 0.413713 0.489570 0.415954 0.489857 0.416352 0.488130 0.419588 0.487477 0.419755 0.488430 0.414986 0.488878 0.409963 0.492659 0.404236 0.495039 0.401083 0.496672 0.399093 0.498724 0.396769 0.500453 0.395194 0.503393 0.397764
2 0.490698 0.399093 0.492750 0.399593 0.493497 0.400505 0.493779 0.402662 0.495039 0.401083 0.495831 0.400005 0.495411 0.397681 0.493544 0.394528 0.492688 0.393310 0.491138 0.397269
2 0.493724 0.421111 0.491687 0.423037 0.491000 0.424370 0.490938 0.426593 0.491125 0.428593 0.491437 0.430926 0.497063 0.427148 0.497375 0.430704 0.505560 0.428259 0.505935 0.427704 0.505997 0.425704 0.507495 0.426259 0.509370 0.426148 0.510495 0.425704 0.511602 0.424926 0.512682 0.421662 0.512182 0.418593 0.509307 0.417259 0.507995 0.415708 0.506122 0.411486 0.505055 0.409759 0.497992 0.418361 0.499055 0.419565
1 0.492070 0.418894 0.490133 0.423782 0.488945 0.429000 0.487445 0.427560 0.489695 0.420116 0.490883 0.417560
2 0.491216 0.423708 0.491000 0.424370 0.490938 0.426593 0.491125 0.428593 0.491117 0.429435 0.490417 0.430264 0.488945 0.429000 0.490133 0.423782 0.490510 0.423380
2 0.488924 0.422713 0.487065 0.422213 0.486000 0.422384 0.484958 0.424458 0.487445 0.427560
2 0.497375 0.430704 0.497849 0.431273 0.498930 0.432231 0.499523 0.433000 0.499630 0.434250 0.499685 0.439912 0.491437 0.430926 0.497063 0.427148
1 0.425609 0.361477 0.432049 0.351065 0.433557 0.352106 0.426781 0.362514
10 0.440247 0.322500 0.433138 0.342870 0.429039 0.339171 0.427534 0.338870 0.425779 0.339023 0.429292 0.330380 0.433940 0.318616 0.434372 0.316407 0.433997 0.308574 0.433857 0.306662 0.434089 0.305324 0.437305 0.313468 0.437305 0.313468 0.440495 0.322083
10 0.443510 0.344954 0.444513 0.341236 0.446857 0.339602 0.450034 0.334097 0.458148 0.340046 0.467013 0.348968 0.470734 0.350171 0.473411 0.350472 0.472784 0.352986 0.472451 0.354620 0.470609 0.355361 0.466010 0.353875 0.460406 0.349713 0.453714 0.345699 0.452292 0.350903 0.450953 0.351644 0.449784 0.351347 0.449115 0.351199
2 0.472451 0.354620 0.473495 0.358602 0.475763 0.360713 0.477112 0.363880 0.477922 0.366088 0.479057 0.366375 0.480839 0.366282 0.484836 0.367912 0.485914 0.365954 0.488042 0.364060 0.489581 0.363718 0.491323 0.363718 0.492979 0.364231 0.492448 0.359755 0.485482 0.355912 0.484510 0.354569 0.480622 0.350440 0.479490 0.349097 0.477831 0.348116 0.475510 0.346968 0.473411 0.350472 0.472760 0.353102
2 0.470609 0.355361 0.469229 0.356866 0.467641 0.358204 0.464128 0.356866 0.462286 0.357014 0.461786 0.358648 0.462706 0.361625 0.465885 0.364153 0.467557 0.364894 0.468896 0.367722 0.469732 0.371139 0.473203 0.373519 0.480313 0.378722 0.480784 0.376620 0.484836 0.367912 0.480839 0.366282 0.479057 0.366375 0.477922 0.366088 0.477112 0.363880 0.475763 0.360713 0.473495 0.358602 0.472451 0.354620
2 0.451185 0.354921 0.451185 0.353505 0.449115 0.351199 0.443510 0.344954 0.440630 0.342454 0.434776 0.338343 0.433138 0.342870 0.436818 0.346157 0.441083 0.348685 0.446521 0.353593 0.449198 0.356417
10 0.432070 0.298102 0.434195 0.293991 0.436070 0.293546 0.438068 0.293324 0.439005 0.292991 0.444628 0.295991 0.446065 0.296991 0.446003 0.299546 0.445628 0.301986 0.443917 0.304852 0.443854 0.314630 0.441042 0.320292 0.439036 0.314722 0.436378 0.307801 0.435599 0.305833
10 0.431570 0.299546 0.431070 0.300542 0.430445 0.302097 0.430758 0.303319 0.432320 0.304875 0.434089 0.305324
10 0.430258 0.288657 0.429695 0.290435 0.428633 0.293245 0.428633 0.293245 0.431570 0.299546 0.431570 0.299546 0.431070 0.300542 0.430445 0.302097 0.430758 0.303319 0.432320 0.304875 0.434089 0.305324 0.433857 0.306662 0.422143 0.303509 0.420570 0.298630 0.418951 0.292435 0.422885 0.281218 0.423573 0.279884 0.424448 0.279551 0.425885 0.281218 0.427948 0.284218
2 0.413076 0.253338 0.425760 0.264222 0.426510 0.266444 0.426323 0.269556 0.427323 0.272662 0.427698 0.274551 0.427198 0.279551 0.426510 0.280106 0.424448 0.279551 0.420510 0.275995 0.414638 0.270000
2 0.409828 0.251005 0.403143 0.246560 0.404268 0.251560 0.404578 0.255671 0.404703 0.259000 0.405516 0.261667 0.411328 0.266667
2 0.400039 0.254111 0.392305 0.243574 0.393534 0.239333 0.398161 0.242671
2 0.375534 0.258606 0.361003 0.270819 0.358401 0.274157 0.358112 0.275060 0.358760 0.280583 0.359919 0.285468 0.361654 0.287782 0.362737 0.289069 0.365701 0.288296 0.367148 0.287139 0.366641 0.285727 0.369750 0.281097 0.367943 0.277370 0.380651 0.255370 0.379510 0.255394
2 0.375534 0.258606 0.382458 0.246051 0.388385 0.238986 0.391063 0.240014 0.393302 0.240398 0.392305 0.243574 0.395036 0.247468 0.392451 0.250769 0.391365 0.247685 0.389414 0.248968 0.382544 0.258736 0.380578 0.255435 0.379510 0.255394
2 0.401612 0.260421 0.399174 0.254537 0.396362 0.254315 0.394177 0.255537 0.393177 0.257537 0.396424 0.265310
2 0.402362 0.263310 0.406172 0.276194 0.400862 0.278083 0.398049 0.280528 0.397174 0.278083 0.397549 0.267532 0.399612 0.264532
2 0.384992 0.302412 0.388180 0.305296 0.392177 0.309963 0.393490 0.310074 0.394240 0.309852 0.393990 0.307185 0.392927 0.307074 0.392677 0.305407 0.392552 0.303407 0.392927 0.302412 0.394115 0.302968 0.394302 0.304407 0.394927 0.305074 0.396799 0.306296 0.397299 0.306407 0.397987 0.302412 0.397862 0.301412 0.397299 0.301523 0.396737 0.302412 0.394865 0.301745 0.393615 0.300968 0.393990 0.299968 0.396987 0.296968 0.397737 0.295634 0.398362 0.288528 0.397112 0.288528 0.396924 0.291745 0.396299 0.291523 0.395302 0.290079 0.392490 0.289523 0.388740 0.294968
2 0.380255 0.293273 0.380255 0.293273 0.378193 0.290648 0.384302 0.280162 0.387917 0.286972 0.391169 0.288644 0.387193 0.294296 0.384596 0.300083 0.382495 0.297917 0.383008 0.296838
2 0.394151 0.308917 0.396339 0.310694 0.396026 0.312694 0.392589 0.313361 0.392464 0.314917 0.392839 0.320806 0.391714 0.323028 0.380656 0.310361 0.384992 0.302412 0.388180 0.305296 0.392177 0.309963 0.393490 0.310074 0.394240 0.309852
2 0.384596 0.300083 0.379911 0.308963 0.376589 0.306065 0.379286 0.305852 0.377227 0.299634 0.377664 0.296634 0.378414 0.295301 0.381094 0.299255 0.382495 0.297917
2 0.378414 0.295301 0.381094 0.299255 0.382495 0.297917 0.383008 0.296838 0.380255 0.293273 0.378193 0.290648 0.375591 0.287176 0.374219 0.288463 0.373727 0.289523
2 0.376589 0.306065 0.370789 0.299523 0.368792 0.296190 0.370167 0.293412 0.369354 0.293523 0.368792 0.294412 0.367104 0.293968 0.363979 0.290745 0.366354 0.290412 0.368792 0.290412 0.369667 0.290523 0.370479 0.289190 0.372039 0.288194 0.372727 0.288306 0.373727 0.289523 0.378414 0.295301 0.377664 0.296634 0.377227 0.299634 0.379286 0.305852
2 0.388966 0.272269 0.395656 0.278528 0.395844 0.282083 0.394969 0.283639 0.386536 0.276306
2 0.401612 0.260421 0.396424 0.265310 0.395594 0.266755 0.392721 0.262977 0.391971 0.263755 0.395656 0.278528 0.395844 0.282083 0.398049 0.280528 0.397174 0.278083 0.397549 0.267532 0.399612 0.264532 0.402362 0.263310
8 0.408841 0.284037 0.408516 0.284995 0.408516 0.287014 0.408680 0.289028 0.405484 0.287083 0.405422 0.284861 0.405797 0.282417 0.407109 0.279750
2 0.558484 0.498722 0.558755 0.497667 0.559943 0.496801 0.562104 0.494208 0.567667 0.494500 0.569339 0.495361 0.570042 0.496611 0.571391 0.501699 0.567870 0.502495 0.568357 0.505856 0.571174 0.505153 0.570365 0.509856 0.569393 0.509764 0.566099 0.506884 0.566802 0.502657 0.562589 0.502560
2 0.643284 0.588806 0.644081 0.586625 0.646031 0.585338 0.646826 0.585722 0.645307 0.590093 0.643500 0.591250 0.642417 0.592662 0.641477 0.594333 0.640466 0.595491 0.639742 0.595491 0.638297 0.590866 0.639453 0.589194
8 0.407859 0.292190 0.408047 0.294375 0.410206 0.299560 0.412367 0.303019 0.414818 0.304352 0.414115 0.297546 0.411286 0.294819 0.410747 0.294162 0.410719 0.292944 0.407927 0.290819
2 0.398250 0.295579 0.399500 0.294468 0.401187 0.294801 0.402063 0.295356 0.404435 0.307241 0.403747 0.307907 0.400875 0.311241 0.399875 0.310796 0.399500 0.309352 0.399562 0.308019
2 0.631831 0.484514 0.631266 0.486120 0.630193 0.489032 0.630021 0.490440 0.630305 0.490843 0.630193 0.491949 0.629797 0.492148 0.629456 0.492449 0.629344 0.494963 0.625878 0.489116 0.623635 0.486806 0.622190 0.486546 0.620961 0.486676 0.619906 0.487125 0.618810 0.485616 0.621622 0.485616 0.623245 0.485060 0.625057 0.485616 0.628995 0.485505 0.629995 0.484171
5 0.297013 0.203889 0.288721 0.187306 0.294810 0.183389 0.308674 0.177398 0.311911 0.175097 0.316057 0.171644 0.321370 0.171644 0.331484 0.192037 0.343005 0.212407 0.357388 0.241662 0.371185 0.271329 0.373984 0.280079 0.374555 0.283259 0.376224 0.285444 0.376458 0.288046 0.372870 0.284847 0.369734 0.282472 0.366146 0.278491 0.361979 0.280648 0.359266 0.284731 0.335143 0.254995 0.306938 0.217222
5 0.357547 0.158755 0.356435 0.154731 0.355596 0.153046 0.355523 0.149398 0.359219 0.149204 0.362883 0.148806 0.362883 0.147792 0.358784 0.143718 0.358755 0.142060 0.361227 0.140282 0.364388 0.132481 0.363685 0.130005 0.362427 0.128514 0.362516 0.125519 0.365508 0.125852 0.372786 0.132907 0.378664 0.138218 0.384917 0.144190 0.389536 0.148009 0.395753 0.153481 0.403409 0.161954 0.415229 0.173750 0.423760 0.180292 0.433701 0.189894 0.442901 0.199713 0.447419 0.204171 0.447044 0.206278 0.448794 0.213167 0.449609 0.219051 0.456609 0.225056 0.455227 0.227278 0.454115 0.228287 0.453177 0.229907 0.451172 0.228051 0.449734 0.227046 0.447943 0.231296 0.446706 0.239412 0.439331 0.231185 0.439766 0.240181 0.440266 0.249509 0.434219 0.242505 0.424984 0.232806 0.411701 0.218213 0.396148 0.201894 0.379083 0.182597 0.362451 0.164551
5 0.384917 0.144190 0.377315 0.135782 0.371388 0.129644 0.368401 0.126907 0.368401 0.125662 0.370081 0.123171 0.374234 0.120435 0.375401 0.119190 0.376521 0.112801 0.377409 0.110560 0.381047 0.102597 0.383055 0.102264 0.383570 0.102500 0.384411 0.103250 0.410234 0.129417 0.441930 0.159255 0.468906 0.185454 0.466456 0.189551 0.466456 0.189551 0.465057 0.192620 0.463003 0.198014 0.461883 0.200171 0.461229 0.200088 0.460622 0.199009 0.459596 0.200333 0.460016 0.202412 0.458661 0.206560 0.456328 0.208051 0.456281 0.209546 0.454010 0.212546 0.447419 0.204171 0.442901 0.199713 0.433701 0.189894 0.423760 0.180292 0.415229 0.173750 0.403409 0.161954 0.395753 0.153481 0.389536 0.148009
5 0.464870 0.234852 0.462633 0.232213 0.459487 0.232356 0.457607 0.233384 0.456609 0.233602 0.453638 0.235727 0.452146 0.237019 0.450979 0.238903 0.451461 0.240102 0.462190 0.251861 0.474815 0.265917 0.494823 0.288435 0.498818 0.293671 0.507609 0.302417 0.525440 0.323931 0.533424 0.333111 0.534596 0.334616 0.535724 0.338417 0.535951 0.339593 0.531870 0.341514 0.530984 0.342181 0.531474 0.344005 0.539958 0.353324 0.541630 0.352431 0.541044 0.350500 0.541044 0.345296 0.543135 0.343958 0.546984 0.349014 0.548823 0.347676 0.548992 0.343065 0.552003 0.347676 0.554094 0.347227 0.554010 0.342917 0.556518 0.331167 0.559279 0.325815 0.562307 0.327806 0.563315 0.327157 0.562786 0.326019 0.559375 0.322639 0.557318 0.320694 0.553078 0.316412 0.551865 0.314755 0.550130 0.314398 0.547383 0.311681 0.544583 0.314171 0.542344 0.311602 0.540198 0.310602 0.538469 0.311185 0.536695 0.311269 0.514576 0.287454 0.489557 0.260986
5 0.451461 0.240102 0.449839 0.242657 0.446706 0.239412 0.439331 0.231185 0.439766 0.240181 0.440266 0.249509 0.440211 0.252102 0.437727 0.253926 0.434974 0.255463 0.433948 0.257000 0.436797 0.259120 0.445964 0.269815 0.464237 0.290875 0.480622 0.308231 0.488049 0.313931 0.500633 0.331287 0.511859 0.346162 0.517961 0.354032 0.521133 0.351491 0.526328 0.345542 0.531870 0.341514 0.535951 0.339593 0.535724 0.338417 0.534596 0.334616 0.533424 0.333111 0.525440 0.323931 0.507609 0.302417 0.498818 0.293671 0.494823 0.288435 0.474815 0.265917 0.462190 0.251861
