0 0.449523 0.136861 0.457359 0.140046 0.461167 0.148005 0.463406 0.153579 0.463182 0.159949 0.466206 0.160347 0.468557 0.157162 0.471021 0.158157 0.476844 0.164130 0.485354 0.172690 0.488826 0.179060 0.491401 0.191005 0.493081 0.202153 0.493193 0.214694 0.491177 0.221662 0.489049 0.226042 0.487607 0.222843 0.486849 0.222704 0.486096 0.216301 0.484339 0.209759 0.481245 0.202630 0.477565 0.194750 0.473932 0.190806 0.467885 0.187421 0.465086 0.186227 0.463518 0.182843 0.459823 0.183241 0.458815 0.183838 0.457807 0.188815 0.460383 0.195782 0.464638 0.203745 0.465422 0.208125 0.466094 0.227833 0.466867 0.232250 0.466310 0.238949 0.466094 0.243370 0.465667 0.246236 0.462354 0.252236 0.456497 0.258329 0.454826 0.260347 0.453258 0.261472 0.452867 0.262384 0.449792 0.262060 0.448958 0.261944 0.447188 0.259444 0.444695 0.256940 0.443789 0.243898 0.447474 0.235139 0.449388 0.230681 0.450591 0.224194 0.449727 0.217667 0.449294 0.215269 0.448805 0.212981 0.447328 0.200699 0.443893 0.202690 0.441464 0.203458 0.438711 0.203843 0.437091 0.202884 0.435904 0.203653 0.436227 0.208065 0.435289 0.211546 0.434539 0.220903 0.434372 0.229981 0.438716 0.239657 0.442232 0.245449 0.442479 0.251838 0.442161 0.253889 0.441180 0.254088 0.441664 0.256167 0.439740 0.263796 0.438203 0.265556 0.436669 0.268278 0.433307 0.267287 0.429401 0.266273 0.423406 0.262796 0.420607 0.258648 0.419112 0.254500 0.418880 0.252009 0.418271 0.247620 0.416177 0.243519 0.413680 0.239398 0.413612 0.234120 0.414352 0.233597 0.417760 0.229949 0.418458 0.228287 0.419393 0.227542 0.419245 0.222407 0.419391 0.214218 0.419904 0.207648 0.424451 0.196181 0.422693 0.193792 0.421440 0.189194 0.417599 0.190824 0.414419 0.197815 0.408977 0.207171 0.407477 0.216843 0.406523 0.226236 0.406086 0.224681 0.404461 0.223792 0.402523 0.222569 0.401036 0.228292 0.400534 0.232153 0.399279 0.229792 0.398146 0.216546 0.398026 0.204204 0.397695 0.199954 0.399568 0.192403 0.401068 0.188514 0.401755 0.186181 0.402443 0.182185 0.403318 0.176852 0.403943 0.174963 0.404740 0.173782 0.405159 0.173597 0.408315 0.173130 0.410758 0.170125 0.409378 0.168699 0.409482 0.166838 0.409557 0.163218 0.410891 0.161093 0.412617 0.156773 0.415102 0.150532 0.415641 0.147463 0.418526 0.145991 0.419818 0.144630 0.422487 0.142843 0.423854 0.141065 0.424896 0.142130 0.426560 0.146139 0.427891 0.149940 0.428375 0.147931
2 0.414922 0.350556 0.415339 0.354537 0.415911 0.357963 0.415964 0.359815 0.416234 0.362000 0.415326 0.361440 0.411359 0.353792 0.414328 0.350181 0.414828 0.349454
2 0.427901 0.371338 0.428813 0.371292 0.430583 0.370551 0.431755 0.369856 0.431729 0.366801 0.430089 0.364995 0.428214 0.362958 0.426365 0.361616 0.425445 0.361829 0.426940 0.367139 0.428013 0.370625
2 0.421852 0.352120 0.423393 0.356023 0.425445 0.361829 0.426940 0.367139 0.428013 0.370625 0.427779 0.372037 0.427547 0.373282 0.426846 0.373444 0.425633 0.372042 0.424419 0.370292 0.422599 0.364486 0.420966 0.359093 0.421154 0.355278 0.421667 0.354199 0.421245 0.352870 0.421432 0.351958
10 0.422091 0.374949 0.424047 0.372037 0.425633 0.372042 0.426846 0.373444 0.427547 0.373282 0.427779 0.372037 0.428854 0.372120 0.431052 0.372208 0.431799 0.372208 0.433151 0.372458 0.433143 0.373394 0.430901 0.376500 0.428073 0.381435 0.427891 0.381898 0.426615 0.383519
2 0.432083 0.359861 0.431747 0.365407 0.431799 0.372208 0.433151 0.372458 0.433143 0.370963 0.432495 0.362227
1 0.482305 0.431958 0.479232 0.430755 0.477096 0.429319 0.473997 0.427468 0.473229 0.426926 0.472740 0.428847 0.475948 0.431389 0.479539 0.433245 0.481385 0.433806 0.483125 0.434074
1 0.495729 0.469213 0.492753 0.460352 0.488802 0.450231 0.488802 0.450231 0.486745 0.444259 0.478747 0.422148 0.475729 0.413847 0.473734 0.409694 0.470146 0.401190 0.464279 0.402199 0.452432 0.403111 0.445255 0.404023 0.439089 0.404491 0.436367 0.404125 0.437109 0.401796 0.440583 0.401593 0.446906 0.401088 0.457216 0.399972 0.463539 0.400176 0.470260 0.399060 0.471628 0.400884 0.476128 0.410199 0.482969 0.427917 0.488708 0.443037 0.490547 0.448204 0.494414 0.459366 0.494583 0.460727 0.495732 0.463602 0.497094 0.467310 0.496542 0.468236 0.496542 0.468236
1 0.550906 0.375426 0.553708 0.382546 0.555938 0.387264 0.557323 0.389514 0.557174 0.390421 0.556602 0.390639 0.554703 0.386940 0.554036 0.385648 0.551771 0.380324 0.550576 0.377083 0.550154 0.374940 0.550576 0.374889
1 0.567607 0.405995 0.568750 0.404213 0.569922 0.402222 0.570443 0.401204 0.571406 0.400463 0.572060 0.400546 0.572273 0.401306 0.571354 0.402037 0.570339 0.403056 0.568620 0.405833 0.568047 0.406667
1 0.573737 0.430148 0.570630 0.420537 0.566716 0.409042 0.563742 0.399329 0.560505 0.390176 0.556633 0.380005 0.550880 0.368454 0.542451 0.352755 0.536414 0.341319 0.527872 0.325009 0.521146 0.312560 0.517211 0.304769 0.515682 0.301009 0.514500 0.299958 0.514156 0.300569 0.516568 0.305727 0.521984 0.316676 0.530406 0.332421 0.541612 0.353671 0.549047 0.367236 0.555487 0.380019 0.561130 0.394194 0.566690 0.411380 0.571557 0.426306 0.572984 0.430856
6 0.534922 0.425324 0.538638 0.415708 0.541945 0.407931 0.542792 0.404792 0.545880 0.407213 0.545807 0.411394 0.541026 0.422250 0.539518 0.426301 0.538482 0.427667 0.536909 0.427282
1 0.511784 0.441208 0.514513 0.440037 0.514513 0.440037 0.517594 0.439588 0.519909 0.439764 0.522370 0.440991 0.526604 0.443968 0.525672 0.444551 0.525667 0.444579 0.524930 0.445014 0.522714 0.444056 0.520695 0.442653 0.519219 0.442130 0.516068 0.442653 0.513802 0.442917 0.512966 0.443440 0.512424 0.442435
10 0.434503 0.373690 0.435909 0.374477 0.437654 0.376468 0.438904 0.379014 0.439216 0.380958 0.438201 0.385727 0.437211 0.389060 0.435596 0.390727 0.434945 0.383134 0.434477 0.376653 0.434268 0.374102
10 0.430885 0.391574 0.432224 0.391681 0.434513 0.391361 0.433940 0.385361 0.433549 0.379148 0.433398 0.375398 0.431911 0.377579 0.428945 0.382199 0.428620 0.382685 0.427135 0.384556
2 0.451719 0.357833 0.452122 0.358694 0.451719 0.361634 0.451034 0.364218 0.448250 0.364074 0.448049 0.362713 0.448896 0.359269 0.450266 0.358407
8 0.432721 0.351787 0.438013 0.349870 0.441956 0.348046 0.443846 0.348046 0.446060 0.347083 0.448932 0.345741 0.451513 0.344972 0.454375 0.344301 0.454701 0.343819 0.458263 0.342667 0.461990 0.341227 0.463664 0.341324 0.464581 0.344491 0.465229 0.345644 0.464797 0.350542 0.458805 0.352463 0.455833 0.353324 0.455672 0.352269 0.454646 0.351981 0.450542 0.356106 0.443685 0.357838 0.437258 0.359468 0.433531 0.361102 0.432721 0.354667
2 0.460273 0.374593 0.461042 0.370000 0.461526 0.366634 0.462344 0.361296 0.463018 0.357741 0.462534 0.353583 0.462815 0.352866 0.463823 0.352366 0.464388 0.352366 0.464469 0.356380 0.464193 0.361759 0.463758 0.365417 0.462852 0.370792 0.462448 0.370579 0.462490 0.371940 0.461766 0.376245
1 0.462852 0.370792 0.463216 0.372731 0.463776 0.377176 0.463940 0.379472 0.463940 0.381694 0.463664 0.381810 0.463055 0.381333 0.462529 0.378898 0.462370 0.375648 0.462490 0.371940 0.462448 0.370579
1 0.500018 0.445759 0.506740 0.442968 0.508086 0.442722 0.510849 0.441560 0.510208 0.443745 0.510013 0.444620 0.506320 0.446111 0.501732 0.447639 0.500130 0.448426
1 0.497794 0.473560 0.498820 0.476602 0.500073 0.477310 0.500529 0.475690 0.499992 0.473444 0.499141 0.470880
2 0.450974 0.381810 0.448909 0.381296 0.446482 0.379968 0.443589 0.377810 0.445875 0.374324 0.446714 0.374824 0.448208 0.372500 0.449469 0.372167 0.449516 0.370509 0.450029 0.370509 0.450029 0.368519 0.450729 0.367440 0.451708 0.367190 0.453341 0.369926 0.455115 0.371755 0.456096 0.370926 0.456609 0.375486 0.457448 0.378806 0.457029 0.381130 0.454646 0.382000
1 0.487180 0.457088 0.485677 0.457269 0.483568 0.457593 0.483464 0.458069 0.483464 0.459116 0.484383 0.459639 0.486112 0.459046 0.486823 0.457731
1 0.479115 0.457407 0.483758 0.456366 0.483979 0.455843 0.483133 0.454801 0.479687 0.455495 0.478536 0.456171 0.478646 0.456889
1 0.476849 0.461343 0.481352 0.461731 0.484714 0.461968 0.484312 0.463032 0.481849 0.462917 0.478789 0.462588 0.476813 0.462495
1 0.515755 0.445602 0.514826 0.444921 0.514010 0.444769 0.513427 0.445148 0.513810 0.446222 0.515469 0.446713
1 0.522901 0.446338 0.520964 0.445926 0.519375 0.445926 0.516719 0.445972 0.516276 0.446574 0.516042 0.447315 0.519193 0.447546 0.521859 0.447449
1 0.541875 0.449259 0.546958 0.449653 0.552292 0.450111 0.556120 0.450694 0.556484 0.452593 0.552695 0.452333 0.546076 0.451551 0.540964 0.450833
1 0.580695 0.453773 0.573893 0.452921 0.566464 0.451875 0.557500 0.450787 0.557734 0.451713 0.557943 0.452639 0.563125 0.453333 0.570146 0.454250 0.576693 0.455093 0.580607 0.455375
1 0.585391 0.454306 0.590367 0.455079 0.592354 0.455472 0.592242 0.456648 0.590260 0.456574 0.585328 0.455801
1 0.579008 0.446611 0.578159 0.443588 0.576115 0.437458 0.575562 0.435042 0.574966 0.435417 0.575094 0.437231 0.576711 0.442227 0.578031 0.446463 0.578414 0.447523
1 0.584974 0.464861 0.588966 0.477324 0.590539 0.481787 0.589349 0.482769 0.586073 0.471653 0.584870 0.467037
6 0.604773 0.469042 0.610245 0.462833 0.611102 0.463537 0.618219 0.476542 0.628896 0.497278 0.628698 0.499741 0.628565 0.504310 0.623557 0.509231 0.608839 0.483398 0.605234 0.477009
1 0.629292 0.498806 0.634497 0.508176 0.640365 0.518255 0.646362 0.529269 0.647482 0.530907 0.647086 0.532315 0.644185 0.527977 0.635750 0.512861 0.631135 0.504894 0.628698 0.499741
8 0.599917 0.468218 0.608839 0.483398 0.620047 0.502921 0.632112 0.524176 0.641117 0.539130 0.646943 0.548690 0.646409 0.551194 0.645174 0.551194 0.628237 0.522185 0.611042 0.491778 0.601297 0.474560 0.598909 0.470116 0.599078 0.468287
1 0.529372 0.554356 0.538107 0.547611 0.542078 0.544162 0.547901 0.539611 0.553328 0.534736 0.554862 0.532162 0.555745 0.529292 0.556336 0.529935 0.556372 0.531250 0.555419 0.533995 0.553247 0.537069 0.548687 0.540991 0.541479 0.546750 0.534401 0.552870 0.529919 0.556366
1 0.609651 0.506097 0.613594 0.510903 0.616802 0.514630 0.618315 0.516282 0.617909 0.517130 0.614896 0.513926 0.611401 0.509875 0.609268 0.507194
2 0.467552 0.348333 0.467633 0.346676 0.468560 0.343810 0.468760 0.341370 0.470617 0.340509 0.471828 0.340796 0.472513 0.342019 0.472391 0.345745 0.472432 0.347250 0.473036 0.348472 0.472471 0.349759 0.472471 0.351194 0.472029 0.352056 0.470294 0.351481
10 0.466326 0.370310 0.466372 0.365000 0.467305 0.363009 0.468380 0.358444 0.468987 0.358444 0.468659 0.353801 0.469971 0.352347 0.470656 0.353634 0.470693 0.358153 0.471299 0.358153 0.472836 0.363458 0.473596 0.364130 0.473802 0.365616 0.473982 0.370750 0.474167 0.372069 0.472109 0.372352 0.471945 0.373139 0.469326 0.373356 0.468557 0.372782 0.466419 0.372782 0.466326 0.372051
6 0.463672 0.367639 0.463490 0.369630 0.464458 0.373546 0.465299 0.377944 0.465859 0.380269 0.467773 0.379190 0.467492 0.377361 0.466326 0.372051 0.465440 0.367324 0.464878 0.365333 0.463758 0.365417
1 0.511823 0.330093 0.514299 0.330602 0.517924 0.332648 0.518727 0.333208 0.519565 0.332588 0.516706 0.329796 0.513846 0.326884 0.511719 0.324903 0.511581 0.323722 0.512870 0.324032 0.515659 0.326574 0.517159 0.328495 0.517786 0.329736 0.517891 0.328560 0.515974 0.325894 0.514021 0.323537 0.511826 0.321801 0.510953 0.323352 0.510599 0.323546 0.509104 0.320995 0.509211 0.320005 0.510500 0.317588 0.511336 0.320375 0.512521 0.320375 0.515451 0.324407 0.518378 0.327505 0.521516 0.331718 0.523781 0.335250 0.523677 0.336616 0.521586 0.335065 0.517193 0.333519 0.514682 0.332403 0.512068 0.331407
8 0.533612 0.345801 0.530438 0.339991 0.528945 0.338995 0.525305 0.339662 0.525443 0.333769 0.528010 0.333356 0.531417 0.335181 0.535385 0.343060 0.535245 0.344889
10 0.512146 0.354241 0.513656 0.357343 0.514646 0.359426 0.515609 0.359333 0.515844 0.357991 0.516729 0.356139 0.517120 0.353454 0.516469 0.352157 0.516599 0.350583 0.516000 0.349287 0.514917 0.349343 0.513661 0.349653 0.513034 0.350398 0.512161 0.351574
8 0.530440 0.456625 0.528888 0.459403 0.526646 0.460972 0.523961 0.462148 0.521643 0.463977 0.519289 0.466921 0.517487 0.469602 0.515826 0.471856 0.515565 0.472319 0.515487 0.472736 0.513846 0.475093 0.512008 0.477185 0.510831 0.478884 0.509029 0.480060 0.508000 0.481236 0.510169 0.486009 0.511531 0.485750 0.511935 0.486727 0.515870 0.481889 0.518701 0.479144 0.522086 0.474764 0.526719 0.469926 0.529034 0.466657 0.529917 0.465352
8 0.532727 0.461704 0.536443 0.457324 0.538500 0.454773 0.540964 0.450833 0.541875 0.449259 0.542951 0.449347 0.544036 0.448796 0.544583 0.448380 0.545885 0.447361 0.545208 0.445278 0.542891 0.446250 0.539089 0.448796 0.536927 0.450787 0.533229 0.453565 0.533180 0.454690 0.532477 0.458602
6 0.450974 0.381810 0.454646 0.382000 0.457453 0.380847 0.461773 0.380750 0.463664 0.381810 0.465339 0.381231 0.470414 0.381231 0.477477 0.381759 0.482284 0.381954 0.486823 0.382269 0.495443 0.382806 0.501815 0.383384 0.508565 0.383384 0.508456 0.388759 0.504740 0.390241 0.497615 0.393838 0.494904 0.395574 0.487667 0.395574 0.480539 0.395287 0.477083 0.383861 0.476867 0.382616 0.475786 0.382903 0.475031 0.387222 0.474060 0.392213 0.473724 0.394583 0.465742 0.393847 0.457185 0.393759 0.452846 0.393338 0.450956 0.393065 0.450747 0.392597
6 0.457216 0.399972 0.460763 0.399301 0.464451 0.397972 0.466362 0.396894 0.472104 0.397060 0.474115 0.397037 0.474297 0.401042 0.474437 0.406769 0.471628 0.400884 0.470260 0.399060 0.463539 0.400176
6 0.492552 0.397269 0.488023 0.397255 0.482354 0.397060 0.476089 0.397060 0.474956 0.396968 0.474956 0.402056 0.474956 0.405319 0.475820 0.409255 0.479815 0.409255 0.481435 0.409352 0.483167 0.407347 0.486953 0.402750 0.491120 0.398750
6 0.475117 0.395227 0.475169 0.392347 0.476466 0.385051 0.479438 0.394843
1 0.474115 0.397037 0.473724 0.394583 0.474060 0.392213 0.475031 0.387222 0.475786 0.382903 0.476867 0.382616 0.477083 0.383861 0.480539 0.395287 0.479438 0.394843 0.476466 0.385051 0.475169 0.392347 0.475117 0.395227 0.474956 0.396968 0.474956 0.402056 0.474956 0.405319 0.475820 0.409255 0.474437 0.406769 0.474297 0.401042
1 0.480677 0.421944 0.483711 0.420981 0.487682 0.419815 0.492044 0.417880 0.495076 0.417014 0.499260 0.417074 0.500549 0.417509 0.501143 0.418255 0.497622 0.418750 0.494240 0.418750 0.491555 0.419986 0.489393 0.421167 0.486570 0.421847 0.483187 0.422713 0.481411 0.423829
1 0.479948 0.425556 0.478906 0.425231 0.477276 0.424907 0.477354 0.426296 0.479281 0.426806 0.480453 0.426852
8 0.485521 0.434662 0.489651 0.434824 0.489651 0.436269 0.490010 0.442324 0.488708 0.443037
8 0.463109 0.435898 0.470935 0.435181 0.477995 0.435037 0.483479 0.435255 0.486745 0.444259 0.482396 0.445787 0.473919 0.445722 0.466620 0.446514 0.461698 0.446370 0.461417 0.440273 0.461375 0.437551 0.461328 0.436111
8 0.486745 0.444259 0.481112 0.446787 0.475414 0.449218 0.468979 0.453065 0.464422 0.455394 0.467440 0.461269 0.474503 0.458532 0.479687 0.455495 0.483333 0.454384 0.485953 0.452662 0.487604 0.452255 0.488174 0.450940 0.488802 0.450231
8 0.529992 0.428792 0.525174 0.429185 0.521055 0.429903 0.517893 0.430755 0.516680 0.429250 0.514398 0.429838 0.508883 0.432713 0.501396 0.436306 0.495219 0.439509 0.491099 0.441667 0.488708 0.443037 0.490547 0.448204 0.494297 0.448139 0.497094 0.446569 0.498086 0.445782 0.499557 0.445912 0.500281 0.445019 0.506740 0.442968 0.506654 0.441597 0.507945 0.441111 0.508086 0.442722 0.514513 0.440037 0.519180 0.438009 0.524750 0.436051 0.529453 0.435708 0.531331 0.435597 0.531375 0.434560 0.531302 0.433083
8 0.547786 0.429537 0.544523 0.428120 0.542992 0.427815 0.542182 0.426000 0.540865 0.426153 0.538482 0.427667 0.535034 0.427991 0.531294 0.428255 0.532005 0.429954 0.533180 0.432944 0.533115 0.435426 0.536906 0.435250 0.540107 0.434380 0.542417 0.433241
8 0.603544 0.506727 0.602745 0.497412 0.602633 0.493662 0.604969 0.493157 0.605310 0.499741 0.606221 0.510472 0.607018 0.518880 0.607531 0.523333 0.607758 0.525866 0.606961 0.528194 0.604297 0.528843 0.604169 0.524042 0.604969 0.523537 0.605138 0.520801 0.606164 0.520801 0.605990 0.518472 0.604513 0.518370
1 0.678917 0.618639 0.678917 0.622417 0.679164 0.634190 0.679414 0.636079 0.680602 0.634968 0.680414 0.624528 0.679914 0.621750 0.679789 0.618528
1 0.678852 0.615088 0.678792 0.602537 0.678667 0.593537 0.680164 0.593870 0.680102 0.603648 0.680286 0.610880 0.680104 0.612731
8 0.489609 0.435231 0.493688 0.438093 0.494922 0.438949 0.494893 0.439699 0.492161 0.441065 0.490344 0.439162 0.489771 0.438306 0.489651 0.436269
1 0.599714 0.723764 0.596417 0.708181 0.594440 0.700444 0.593914 0.698690 0.593255 0.699741 0.595758 0.710287 0.598065 0.719894 0.598922 0.723412
5 0.413570 0.100120 0.417570 0.096343 0.421755 0.095898 0.422943 0.095565 0.425630 0.096676 0.428315 0.102231 0.430565 0.107120 0.431690 0.109560 0.429440 0.114782 0.428565 0.119449 0.427815 0.124000 0.427128 0.129778 0.426565 0.129333 0.426503 0.126333 0.427128 0.122671 0.425068 0.114894 0.422500 0.111898 0.418620 0.107685 0.416432 0.107222 0.414883 0.107565 0.413883 0.105454
5 0.419818 0.144630 0.422487 0.142843 0.423854 0.141065 0.424896 0.142130 0.426560 0.146139 0.427891 0.149940 0.428375 0.147931 0.427932 0.144921 0.427891 0.138324 0.427247 0.134954 0.426802 0.133088 0.424341 0.132731 0.424180 0.135167 0.423052 0.136171 0.421760 0.135310 0.420833 0.136102 0.419987 0.140116
5 0.404086 0.118565 0.405130 0.121431 0.406786 0.125861 0.408135 0.129032 0.411268 0.137287 0.415641 0.147463 0.418526 0.145991 0.418526 0.141259 0.420018 0.135287 0.421466 0.133708 0.419411 0.129065 0.415539 0.121681 0.413578 0.117694 0.411385 0.112551 0.411617 0.111472 0.413578 0.109565 0.413672 0.107741 0.412779 0.104935 0.409378 0.110407 0.405383 0.115398
5 0.375951 0.170597 0.377625 0.163972 0.378867 0.158505 0.382216 0.152741 0.385240 0.145736 0.387615 0.139782 0.391883 0.133060 0.396471 0.125093 0.399279 0.120773 0.400253 0.117125 0.402789 0.112806 0.406622 0.108486 0.410297 0.103301 0.412456 0.101287 0.412779 0.104935 0.409378 0.110407 0.405383 0.115398 0.404086 0.118565 0.404680 0.122597 0.402466 0.129991 0.400521 0.134792 0.398146 0.139685 0.393826 0.148903 0.389615 0.159653 0.386805 0.165991 0.385779 0.168583 0.384862 0.168486 0.382107 0.168389 0.378651 0.169157
10 0.483948 0.327546 0.486263 0.324847 0.489010 0.319579 0.490310 0.314051 0.491034 0.308653 0.489299 0.298500 0.486911 0.281921 0.483891 0.260486 0.482214 0.260421 0.481297 0.257005 0.478615 0.254921 0.476104 0.254921 0.471174 0.258185 0.468492 0.260421 0.467495 0.258046 0.464661 0.250565 0.465667 0.246236 0.466094 0.243370 0.466310 0.238949 0.471651 0.233139 0.476682 0.227560 0.479070 0.222032 0.478484 0.212588 0.478570 0.206639 0.477565 0.194750 0.481245 0.202630 0.484339 0.209759 0.486096 0.216301 0.486849 0.222704 0.487607 0.222843 0.490029 0.229088 0.492516 0.238792 0.494388 0.249074 0.495760 0.258329 0.497865 0.269250 0.500120 0.285125 0.502008 0.295662 0.503091 0.307870 0.503596 0.310968 0.503307 0.314310 0.504177 0.315208 0.504466 0.318551 0.503596 0.325491 0.500128 0.329731 0.493188 0.338343 0.492174 0.339884 0.489211 0.339755 0.487115 0.341426 0.486536 0.340398 0.484802 0.335130 0.484224 0.330630
8 0.556539 0.371907 0.557049 0.371227 0.560284 0.376903 0.566154 0.386736 0.571682 0.396764 0.580872 0.412181 0.588263 0.425125 0.589583 0.427088 0.589625 0.428981 0.588432 0.429588 0.587625 0.428681 0.578604 0.413472 0.572732 0.402884 0.572273 0.401306 0.572060 0.400546 0.570997 0.398731 0.570359 0.398731 0.561977 0.383907 0.558701 0.377931 0.557445 0.375093
8 0.593177 0.440972 0.596615 0.445093 0.598789 0.448625 0.599854 0.450509 0.600578 0.449532 0.601344 0.448088 0.601003 0.446509 0.595156 0.437500 0.593411 0.436019 0.590365 0.432741 0.583349 0.425583 0.578055 0.419630 0.569883 0.409542 0.567607 0.405995 0.564990 0.398301 0.561424 0.385949 0.559956 0.381449 0.557445 0.375093 0.555615 0.368620 0.552445 0.362361 0.550570 0.357394 0.546378 0.350042 0.540737 0.339458 0.540294 0.338495 0.539013 0.338231 0.539013 0.340773 0.544083 0.350486 0.551370 0.364051 0.553794 0.368565 0.556219 0.376583 0.559029 0.384903 0.562083 0.394486 0.563742 0.399329 0.563742 0.399329 0.566185 0.407310 0.571630 0.414796 0.580409 0.426190 0.588141 0.435023
8 0.393177 0.269954 0.393419 0.268676 0.394661 0.269120 0.397211 0.273125 0.398260 0.274199 0.400518 0.277931 0.401018 0.278889 0.401432 0.280093 0.402940 0.281514 0.402779 0.283306 0.402294 0.283306 0.399753 0.280222 0.399268 0.279218 0.395841 0.273912 0.394026 0.271477
2 0.383557 0.288981 0.383599 0.287759 0.385000 0.286620 0.386120 0.285833 0.386667 0.285787 0.387422 0.289120 0.388047 0.291019 0.387135 0.291667 0.386018 0.292778 0.384969 0.292852
2 0.468299 0.306639 0.467706 0.307653 0.467523 0.310065 0.469182 0.311454 0.470417 0.313060 0.471021 0.313759 0.471068 0.312824 0.472044 0.307444 0.471568 0.307468
2 0.420661 0.372319 0.421859 0.370653 0.422461 0.369727 0.423268 0.369912 0.423815 0.369171 0.423503 0.367458 0.424419 0.370292 0.424333 0.371301 0.424047 0.372037 0.422091 0.374949
2 0.415326 0.361440 0.419596 0.364449 0.423060 0.366903 0.423503 0.367458 0.423815 0.369171 0.423268 0.369912 0.422461 0.369727 0.419544 0.367458 0.417253 0.365421
1 0.507865 0.292593 0.507195 0.290690 0.505451 0.288745 0.505034 0.287403 0.505242 0.286060 0.505945 0.286199 0.507794 0.289208 0.509581 0.291685 0.508914 0.292819
1 0.496792 0.262315 0.497911 0.262565 0.501458 0.269949 0.506500 0.281315 0.510094 0.289032 0.510419 0.291440 0.509581 0.291685 0.503747 0.279741 0.498464 0.268287 0.497318 0.265972
1 0.523932 0.329630 0.525190 0.329759 0.525008 0.336991 0.524995 0.344583 0.523940 0.346264 0.523818 0.339190 0.523940 0.334157
2 0.381740 0.153551 0.382484 0.142699 0.383544 0.149454 0.383979 0.148681 0.382734 0.140264 0.382734 0.138384 0.383620 0.131097 0.384740 0.131676 0.384180 0.138648 0.384833 0.138977 0.386047 0.137486 0.385964 0.140880 0.385253 0.145699
1 0.381552 0.128972 0.380805 0.129194 0.381240 0.133398 0.381799 0.139491 0.382484 0.142699 0.383544 0.149454 0.383979 0.148681 0.382734 0.140264 0.382049 0.133843
1 0.619682 0.536481 0.618221 0.537440 0.616927 0.538565 0.616062 0.539699 0.614536 0.539417 0.613583 0.540718 0.613930 0.542245 0.614760 0.542921 0.616190 0.542977 0.616539 0.542583 0.616380 0.541620 0.614695 0.541620 0.614695 0.540889 0.616190 0.540944 0.618411 0.538519 0.620003 0.537213
2 0.566091 0.532565 0.566729 0.533019 0.568943 0.530222 0.572685 0.526741 0.573792 0.528782 0.574602 0.530069 0.572812 0.532190 0.571792 0.533097 0.570815 0.533171 0.569792 0.535514 0.568432 0.535514 0.566516 0.535903 0.565622 0.534231 0.565622 0.533324
1 0.687878 0.594185 0.685042 0.593514 0.683768 0.596454 0.680836 0.601412 0.680102 0.603648 0.680208 0.604907 0.682266 0.601019 0.683958 0.597731 0.685495 0.595463 0.687943 0.595880
2 0.476443 0.366532 0.477049 0.363787 0.478031 0.363375 0.478357 0.362046 0.480224 0.363125 0.480224 0.363963 0.480971 0.367116 0.479477 0.367199 0.478917 0.368194 0.477656 0.366532
2 0.380354 0.261824 0.381404 0.262255 0.382453 0.263329 0.381927 0.266769 0.381766 0.269495 0.379146 0.267486 0.379185 0.264690 0.379508 0.262324
10 0.478698 0.276157 0.480549 0.275912 0.482495 0.275912 0.484276 0.277352 0.484115 0.279750 0.483357 0.284167 0.481833 0.284486 0.479268 0.281829
10 0.479057 0.262398 0.480279 0.261894 0.481521 0.264199 0.481953 0.267079 0.481576 0.270056 0.480130 0.270880 0.478099 0.268241
10 0.687943 0.595880 0.685495 0.595463 0.683958 0.597731 0.682266 0.601019 0.680208 0.604907 0.680286 0.610880 0.680104 0.612731 0.678852 0.615088 0.678917 0.618639 0.679789 0.618528 0.679914 0.621750 0.680414 0.624528 0.680526 0.628236 0.681716 0.629454 0.684523 0.629824 0.687589 0.625745 0.691161 0.620824 0.691799 0.619769 0.690760 0.612000 0.690076 0.609773
10 0.575865 0.587736 0.578349 0.582843 0.581750 0.581116 0.585802 0.581403 0.588826 0.582648 0.591471 0.586106 0.592714 0.592250 0.593091 0.596088 0.593253 0.599162 0.591255 0.599259 0.589852 0.599931 0.588016 0.600120 0.586880 0.600120 0.584018 0.602042 0.583966 0.604153 0.580833 0.603481 0.577539 0.602231 0.575487 0.599931 0.574784 0.595995 0.575109 0.591384
2 0.583966 0.604153 0.588771 0.602329 0.591849 0.601083 0.593253 0.602139 0.593685 0.609819 0.594440 0.617787 0.594872 0.622204 0.594656 0.625852 0.591201 0.626616 0.586773 0.616634 0.583102 0.608282
2 0.595305 0.620667 0.599086 0.622394 0.599031 0.623833 0.598221 0.626231 0.597896 0.630940 0.596979 0.636889 0.593523 0.634681 0.593146 0.631130 0.594656 0.625852 0.594872 0.622204
6 0.552617 0.617468 0.552813 0.616250 0.552969 0.609074 0.552833 0.592125 0.552786 0.573944 0.556992 0.573653 0.556883 0.585366 0.556781 0.601593 0.556669 0.615606 0.556560 0.624917 0.556469 0.626750 0.554930 0.620944
6 0.557440 0.605227 0.559609 0.605231 0.559599 0.612523 0.559276 0.618861 0.559169 0.626347 0.559099 0.633597 0.558289 0.633694 0.557099 0.630523 0.557315 0.614972
2 0.550367 0.613005 0.551609 0.610509 0.552969 0.609074 0.552813 0.616250
2 0.552370 0.608009 0.550474 0.605611 0.549286 0.605227 0.548044 0.608204 0.549609 0.611375 0.550096 0.611949
2 0.560896 0.612046 0.563758 0.614060 0.562188 0.618380 0.561435 0.621259 0.560247 0.620491 0.560086 0.617708 0.560031 0.613292
2 0.578125 0.632407 0.577906 0.628171 0.577690 0.624620 0.576016 0.624620 0.575807 0.630880 0.576503 0.632491
5 0.575201 0.667491 0.580349 0.667639 0.580945 0.667185 0.583880 0.667944 0.585794 0.668852 0.588008 0.666884 0.588773 0.665903 0.590008 0.666731 0.590221 0.668472 0.591156 0.669005 0.590221 0.673014 0.588604 0.676565 0.586177 0.679139 0.583924 0.679972 0.581156 0.679819 0.577797 0.677171 0.576094 0.673769 0.575073 0.670139
1 0.594091 0.686940 0.596943 0.688829 0.598177 0.689583 0.599453 0.690718 0.602932 0.690486 0.603836 0.691324 0.603883 0.692333 0.604492 0.692593 0.604776 0.693171 0.605531 0.694519 0.606523 0.695440 0.607328 0.696037 0.607948 0.696542 0.608135 0.697708 0.607617 0.697708 0.606573 0.697380 0.605633 0.696699 0.604922 0.695787 0.604305 0.694694 0.603365 0.693255 0.602698 0.692417 0.599453 0.692157 0.597156 0.690644 0.594135 0.688981 0.592815 0.687088 0.593497 0.686181
1 0.625917 0.526069 0.624893 0.524829 0.623638 0.525986 0.622568 0.526319 0.621078 0.525903 0.620380 0.525324 0.619682 0.523838 0.619357 0.521769 0.619357 0.520199 0.619917 0.518958 0.620055 0.519204 0.620102 0.521190 0.620615 0.522926 0.621219 0.524250 0.622242 0.524829 0.622799 0.524829 0.623870 0.523671 0.624661 0.523176 0.625125 0.523176 0.625964 0.523671 0.626940 0.524912 0.627034 0.525491
2 0.642786 0.571574 0.643448 0.569843 0.644240 0.565741 0.645557 0.563046 0.645885 0.560704 0.646544 0.560704 0.652542 0.561991 0.658146 0.562926 0.658474 0.564449 0.659003 0.566324 0.659201 0.568551 0.658013 0.569370 0.656167 0.569019 0.655706 0.570194 0.653531 0.567731 0.653466 0.574528 0.645953 0.573005
2 0.533753 0.439565 0.536604 0.437144 0.540604 0.434875 0.542417 0.433241 0.546901 0.430185 0.550987 0.427458 0.552518 0.426250 0.553284 0.427764 0.554346 0.432000 0.555411 0.436611 0.555497 0.438505 0.549792 0.443935 0.547031 0.444537 0.543497 0.445843 0.539245 0.448657 0.536052 0.451440 0.533201 0.453407 0.533615 0.440667
2 0.361362 0.147606 0.362987 0.148162 0.364112 0.148829 0.364674 0.149829 0.363948 0.151093 0.361224 0.154722
2 0.352365 0.159713 0.352552 0.155380 0.353091 0.153787 0.352906 0.152296 0.355177 0.149829 0.357177 0.147940 0.359987 0.147384 0.360112 0.155157 0.356820 0.156532
11 0.413354 0.094394 0.413516 0.093606 0.413435 0.090449 0.413839 0.089231 0.415896 0.089231 0.417831 0.089875 0.419505 0.093458 0.420005 0.096120 0.417570 0.096343 0.413570 0.100120 0.413320 0.098120
11 0.418068 0.107676 0.420443 0.115782 0.422443 0.121894 0.424005 0.124556 0.426190 0.126778 0.426503 0.126333 0.427128 0.122671 0.425068 0.114894 0.422500 0.111898 0.418620 0.107685 0.418620 0.107685
2 0.347339 0.220921 0.348388 0.216833 0.351198 0.215648 0.356068 0.221204 0.358630 0.226083 0.363188 0.231889 0.363943 0.234231 0.364276 0.237199 0.363388 0.238273 0.361734 0.239060 0.360607 0.237699 0.356576 0.233037 0.354151 0.228736 0.350937 0.227500
15 0.398146 0.216546 0.389721 0.208384 0.382271 0.200991 0.376547 0.195231 0.374440 0.193023 0.374169 0.194366 0.375195 0.196769 0.374924 0.197537 0.373953 0.196384 0.371956 0.197440 0.371794 0.198782 0.372549 0.198977 0.371469 0.202144 0.372117 0.203486 0.379193 0.210593 0.385617 0.216352 0.395771 0.226528 0.399279 0.229792
2 0.364443 0.238454 0.363943 0.234231 0.364318 0.231343 0.367693 0.230792 0.370628 0.232787 0.372940 0.234231 0.374753 0.236120 0.376437 0.233676 0.377688 0.234787 0.378875 0.235120 0.378937 0.237120 0.379437 0.236343 0.380438 0.237231 0.380375 0.238787 0.381125 0.240231 0.380812 0.243120 0.379125 0.246782 0.377188 0.248671 0.373440 0.249782 0.370690 0.249560 0.370378 0.247449 0.369878 0.247449 0.369190 0.248227 0.367693 0.248116 0.366380 0.246116 0.365443 0.242787
2 0.382370 0.227639 0.381943 0.229991 0.381943 0.235986 0.382255 0.238875 0.384870 0.239120 0.385880 0.238986 0.385664 0.229968 0.385391 0.227454
1 0.321859 0.145824 0.323794 0.137125 0.325448 0.128593 0.327102 0.120130 0.330490 0.105644 0.332992 0.095463 0.335417 0.084583 0.336380 0.085208 0.332708 0.099694 0.328755 0.116546 0.326859 0.126370 0.325044 0.136625 0.323633 0.143722 0.323148 0.145514
1 0.343724 0.160324 0.344625 0.159380 0.346198 0.157593 0.347422 0.156528 0.347656 0.158056 0.346068 0.159444 0.344583 0.160810 0.344341 0.160731
1 0.337112 0.151991 0.339792 0.150972 0.344271 0.150718 0.347352 0.150801 0.349497 0.151546 0.352253 0.151630 0.352906 0.152296 0.353091 0.153787 0.352240 0.153333 0.350805 0.152792 0.346651 0.152046 0.342078 0.152380 0.339138 0.152792 0.337365 0.153625
1 0.322154 0.162958 0.325281 0.160634 0.327102 0.159556 0.327786 0.159574 0.328174 0.159889 0.327057 0.160880 0.323786 0.163287 0.322573 0.164120 0.322154 0.163620
1 0.353510 0.202731 0.355776 0.194569 0.356836 0.191000 0.357776 0.191102 0.356911 0.195144 0.356318 0.196204 0.354966 0.199560 0.353724 0.204843 0.352159 0.208394 0.351781 0.210218 0.352591 0.211560 0.352646 0.212523 0.351133 0.211657 0.351242 0.208296
6 0.415492 0.086505 0.416901 0.083426 0.417630 0.082870 0.417711 0.081486 0.419445 0.081343 0.418516 0.084213 0.416823 0.089583 0.415495 0.089028
1 0.403229 0.168009 0.401151 0.160454 0.399232 0.153144 0.398326 0.149236 0.398255 0.148370 0.398990 0.148185 0.401289 0.157417 0.403206 0.164856 0.404078 0.167833
1 0.403625 0.169690 0.404740 0.173782 0.405159 0.173597 0.404505 0.169491
1 0.392891 0.158519 0.395258 0.165412 0.398047 0.167398 0.401115 0.168574 0.404635 0.167685 0.407839 0.167037 0.409482 0.166838 0.409378 0.168699 0.405229 0.169444 0.400628 0.170185 0.397628 0.169815 0.394805 0.167458 0.393096 0.164051 0.391901 0.158796
6 0.387995 0.179528 0.386805 0.173769 0.387076 0.170792 0.386969 0.168870 0.386885 0.166634 0.388448 0.164856 0.390760 0.166190 0.393508 0.166412 0.394133 0.167968 0.395695 0.174519 0.394839 0.177551 0.392352 0.177551 0.390083 0.178986
1 0.387083 0.190417 0.387198 0.184694 0.387922 0.182060 0.388734 0.181106 0.391596 0.180037 0.392516 0.178986 0.394133 0.178986 0.394839 0.177551 0.392352 0.177551 0.390083 0.178986 0.387995 0.179528 0.387508 0.180199 0.386536 0.183079 0.385995 0.185287 0.385872 0.188231 0.385708 0.189769 0.385818 0.191079
1 0.362448 0.178843 0.368214 0.181319 0.374477 0.183819 0.380578 0.186315 0.385872 0.188231 0.385708 0.189769 0.375503 0.185736 0.368750 0.182963 0.364055 0.180843 0.362328 0.179880
1 0.360417 0.215602 0.362161 0.213704 0.364070 0.211528 0.364383 0.212519 0.363307 0.213935 0.362214 0.215185 0.361003 0.216176
1 0.362341 0.217264 0.363380 0.215509 0.364042 0.213403 0.364461 0.213963 0.363906 0.216204 0.362891 0.217741
1 0.357604 0.223981 0.358258 0.222583 0.359609 0.220833 0.361484 0.218565 0.361930 0.218852 0.360391 0.221157 0.359146 0.222653 0.357896 0.224519
1 0.345234 0.216991 0.348747 0.215255 0.353063 0.213750 0.355724 0.212958 0.358266 0.213894 0.362341 0.217264 0.366539 0.220778 0.369039 0.223500 0.369063 0.225880 0.368490 0.225787 0.368471 0.224361 0.364760 0.221278 0.360161 0.217333 0.357339 0.215037 0.355562 0.214681 0.352982 0.215255 0.351570 0.215468 0.348388 0.216833 0.345807 0.218287
1 0.368750 0.231542 0.373125 0.227731 0.378542 0.223657 0.381164 0.221333 0.384271 0.218565 0.384852 0.218931 0.384992 0.221833 0.378552 0.226727 0.374922 0.229630 0.370628 0.232787
1 0.386354 0.244259 0.385987 0.242727 0.385664 0.229968 0.385380 0.221213 0.385341 0.219069 0.385987 0.219204 0.386268 0.222074 0.386672 0.235056 0.386953 0.242162 0.386865 0.243912
1 0.387190 0.245065 0.387768 0.250356 0.388214 0.254014 0.388534 0.256810 0.387891 0.257241 0.387318 0.256574 0.386841 0.249426 0.386599 0.245838
1 0.390104 0.267685 0.392404 0.267435 0.395344 0.266190 0.394792 0.263519 0.394609 0.260972 0.394878 0.255319 0.395484 0.256148 0.395531 0.260218 0.395763 0.263370 0.396417 0.266606 0.395716 0.267435 0.392635 0.268514 0.389896 0.269028
6 0.377188 0.272731 0.373596 0.268116 0.371120 0.264907 0.370799 0.266625 0.373906 0.271505 0.376523 0.275227 0.377047 0.275306
1 0.383359 0.276157 0.383948 0.264264 0.384003 0.258792 0.383841 0.254759 0.384544 0.249671 0.385190 0.248139 0.385299 0.245065 0.386865 0.243912 0.387190 0.245065 0.386216 0.246315 0.385784 0.249384 0.384922 0.251208 0.384706 0.259083 0.384813 0.266185 0.384435 0.273097 0.384427 0.275787
6 0.368984 0.268556 0.370391 0.267213 0.375898 0.276139 0.381513 0.285259 0.380003 0.287083 0.378383 0.287662
1 0.396646 0.279005 0.399268 0.279218 0.399753 0.280222 0.397708 0.280093 0.396607 0.279722
1 0.406177 0.278829 0.404271 0.278889 0.401018 0.278889 0.401432 0.280093 0.404219 0.280046 0.406318 0.280065
1 0.406901 0.278889 0.408234 0.278829 0.410187 0.278829 0.410104 0.279954 0.408687 0.279880 0.407049 0.279819
1 0.406068 0.278287 0.406635 0.282097 0.407034 0.284032 0.408768 0.288407 0.409336 0.289051 0.409695 0.288551 0.407638 0.283097 0.406792 0.278296 0.406469 0.275282 0.405909 0.275500
1 0.402154 0.297870 0.404456 0.290917 0.405823 0.286542 0.406432 0.284750 0.407034 0.284032 0.407315 0.285181 0.406388 0.288981 0.404456 0.295648 0.403125 0.300000 0.402354 0.299093
6 0.385000 0.286620 0.382146 0.283181 0.380922 0.281051 0.380714 0.279292 0.381026 0.278551 0.381911 0.278782 0.384073 0.282208 0.385625 0.284259 0.386120 0.285833
6 0.392354 0.293968 0.391094 0.292130 0.390313 0.290833 0.389297 0.289769 0.388047 0.291019 0.388906 0.292593 0.390115 0.294245 0.391833 0.296236 0.392708 0.296991
6 0.392995 0.295046 0.394750 0.296838 0.393177 0.296944
6 0.397719 0.301792 0.400115 0.304569 0.400557 0.305125 0.400661 0.306375 0.399594 0.307162 0.398161 0.305403 0.395443 0.301991
1 0.393495 0.302903 0.393672 0.306157 0.394094 0.310866 0.394276 0.313644 0.394693 0.317486 0.394911 0.320954 0.395768 0.321880 0.395562 0.318361 0.395091 0.312806 0.394651 0.307806 0.394154 0.302898
1 0.392708 0.296991 0.392010 0.290741 0.391794 0.286708 0.392388 0.286903 0.392714 0.289880 0.393125 0.296898
1 0.439737 0.209315 0.440599 0.218796 0.441302 0.226690 0.441789 0.230532 0.442815 0.231491 0.442867 0.229282 0.442005 0.222273 0.441302 0.216343 0.440492 0.209028
1 0.414297 0.280787 0.413961 0.284301 0.413448 0.293449 0.413234 0.300843 0.412909 0.304778 0.413286 0.305259 0.413880 0.304681 0.414896 0.287593 0.415016 0.281065
1 0.414393 0.278731 0.414935 0.263949 0.415419 0.255981 0.415635 0.251375 0.416500 0.251662 0.415906 0.265486 0.415312 0.277486 0.415312 0.279019
1 0.405773 0.324032 0.405807 0.317463 0.405911 0.311991 0.405948 0.309347 0.406771 0.309537 0.406849 0.312315 0.406643 0.319509 0.406760 0.323894 0.406396 0.324255
1 0.414688 0.346667 0.414417 0.344537 0.414089 0.340463 0.413625 0.333838 0.413112 0.327611 0.412917 0.323333 0.410125 0.317741 0.407557 0.311681 0.407091 0.309940 0.406951 0.300731 0.407138 0.296333 0.407698 0.296167 0.407786 0.305000 0.407995 0.310324 0.410917 0.316829 0.413719 0.322884 0.413951 0.326287 0.414279 0.334250 0.414755 0.340699 0.414885 0.343894 0.414932 0.346694
1 0.422273 0.309532 0.424375 0.312037 0.426521 0.315259 0.427219 0.316171 0.427359 0.317829 0.424560 0.314097 0.421945 0.310444
1 0.434948 0.290185 0.433672 0.295278 0.431380 0.301472 0.429565 0.305440 0.428870 0.307426 0.429635 0.307981 0.432146 0.301537 0.434552 0.294843 0.435625 0.290463
1 0.435339 0.288426 0.438492 0.277963 0.439742 0.273662 0.440349 0.274523 0.438695 0.280546 0.435964 0.288704
1 0.443542 0.261741 0.441643 0.262435 0.439740 0.263796 0.438203 0.265556 0.436669 0.268278 0.437182 0.269241 0.438599 0.267579 0.440406 0.265278 0.441943 0.264366 0.444023 0.263509
6 0.452503 0.284981 0.456628 0.296264 0.458141 0.300486 0.459219 0.300968 0.460138 0.300583 0.457448 0.295106
6 0.443167 0.264074 0.448021 0.275606 0.452503 0.284981 0.457448 0.295106 0.460599 0.301759 0.462255 0.305046 0.463177 0.304583 0.463680 0.303319 0.462096 0.298806 0.456099 0.287190 0.451943 0.278361 0.448161 0.270296 0.444815 0.263384
1 0.447833 0.278343 0.449234 0.282329 0.452135 0.290046 0.454276 0.294523 0.455581 0.298093 0.455956 0.299255 0.456888 0.299583 0.456656 0.297264 0.453073 0.288472 0.449896 0.281019
1 0.442161 0.253889 0.446820 0.263634 0.452224 0.274481 0.457406 0.285079 0.458174 0.286694 0.461604 0.294037 0.464440 0.299782 0.464411 0.300903 0.463328 0.301009 0.455734 0.285315 0.449849 0.273185 0.443758 0.260611 0.441664 0.256167 0.441180 0.254088
1 0.449792 0.262060 0.453594 0.264167 0.458018 0.267472 0.461573 0.269722 0.464164 0.272241 0.465370 0.273259 0.465219 0.274222 0.462961 0.272884 0.458289 0.269241 0.453497 0.265810 0.449732 0.263028
8 0.446823 0.261713 0.452755 0.265690 0.458807 0.270278 0.464253 0.274579 0.465383 0.275509 0.466854 0.276935 0.468346 0.278264 0.468716 0.278560 0.468622 0.280384 0.468062 0.281134 0.467456 0.280222 0.464240 0.277208 0.457786 0.271898 0.450602 0.265745 0.446615 0.262685
1 0.464240 0.277208 0.461276 0.280741 0.460443 0.281852 0.457406 0.285079 0.458174 0.286694 0.461479 0.283361 0.462234 0.282255 0.465391 0.278574
1 0.476398 0.262977 0.475031 0.264745 0.472766 0.267162 0.471589 0.268472 0.468073 0.272269 0.465383 0.275509 0.466854 0.276935 0.466992 0.275940 0.468281 0.274815 0.470341 0.272704 0.471388 0.271403 0.473461 0.269208 0.474961 0.266792 0.476216 0.265616
1 0.455000 0.312731 0.456198 0.313148 0.459302 0.315662 0.461776 0.317699 0.461359 0.318671 0.458391 0.316727 0.455578 0.314505 0.454849 0.313718
8 0.467971 0.272208 0.468672 0.267560 0.469576 0.263903 0.469732 0.261398 0.469695 0.259352 0.471039 0.259130 0.472120 0.260310 0.471531 0.266134 0.471589 0.268472
8 0.468255 0.276157 0.468281 0.274815 0.470341 0.272704 0.471388 0.271403 0.471318 0.274440 0.470859 0.277037 0.469747 0.276352
8 0.464003 0.303454 0.465076 0.296148 0.465802 0.290074 0.466141 0.288366 0.466755 0.282875 0.467456 0.280222 0.468062 0.281134 0.468622 0.280384 0.468716 0.278560 0.469513 0.278926 0.470443 0.280468 0.469461 0.286940 0.468828 0.292778 0.468536 0.294292 0.467318 0.304537 0.466714 0.304231
8 0.463721 0.304778 0.463161 0.308764 0.462508 0.312995 0.462508 0.315898 0.463781 0.317755 0.465552 0.318917 0.466018 0.318421 0.466055 0.318389 0.466065 0.315597 0.466484 0.312778 0.466484 0.312778 0.466802 0.308926 0.467034 0.306106
1 0.412922 0.278042 0.420297 0.281255 0.429180 0.285162 0.428539 0.286782 0.421599 0.283954 0.416615 0.281759 0.412708 0.279954 0.412273 0.278815
8 0.473750 0.307222 0.472943 0.316019 0.472107 0.324880 0.471294 0.332880 0.470781 0.337870 0.468385 0.338704 0.468547 0.333324 0.470047 0.320329 0.471068 0.312824 0.472044 0.307444
8 0.474497 0.281338 0.473958 0.285000 0.473177 0.291620 0.472755 0.299194 0.472443 0.300676 0.471846 0.306222 0.473760 0.306139 0.474151 0.303639 0.474375 0.301620 0.475104 0.297685 0.475612 0.292889 0.476206 0.287440 0.476555 0.284213 0.476406 0.281898
8 0.476216 0.265616 0.476398 0.262977 0.476677 0.259412 0.477005 0.257421 0.477891 0.257171 0.478917 0.257750 0.479057 0.262398 0.478099 0.268241 0.477760 0.270556 0.477500 0.273241 0.477240 0.278241 0.476513 0.280088 0.476234 0.280917 0.475161 0.280583 0.474880 0.279343 0.475091 0.273931 0.475518 0.272616 0.475797 0.272306
1 0.469279 0.262019 0.468492 0.260421 0.469695 0.259352 0.469732 0.261398
1 0.472682 0.259583 0.472266 0.263426 0.472068 0.267037 0.472766 0.267162 0.475031 0.264745 0.475031 0.263194 0.473497 0.260157
1 0.473461 0.269208 0.475518 0.272616 0.475797 0.272306 0.476216 0.265616 0.474961 0.266792
1 0.478099 0.268241 0.480130 0.270880 0.480573 0.272556 0.478698 0.276157 0.478307 0.275903 0.477500 0.273241 0.477760 0.270556
1 0.461276 0.280741 0.458823 0.276509 0.457677 0.274426 0.456609 0.272856 0.455438 0.272019 0.454214 0.271648 0.454083 0.272532 0.455802 0.274056 0.458068 0.278551 0.459734 0.280866 0.460443 0.281852
1 0.466141 0.288366 0.464635 0.285648 0.462234 0.282255 0.461479 0.283361 0.461896 0.284472 0.463927 0.287620 0.465802 0.290074
1 0.468828 0.292778 0.470385 0.294935 0.471557 0.296648 0.472755 0.299194 0.472443 0.300676 0.471792 0.300259 0.470021 0.296556 0.468536 0.294292
1 0.476109 0.304338 0.474375 0.301620 0.474151 0.303639 0.475055 0.305194
1 0.476833 0.305569 0.478096 0.307338 0.478828 0.307963 0.479401 0.308889 0.479273 0.310176 0.478911 0.310764 0.478458 0.310764 0.478307 0.310014 0.477737 0.309102 0.475716 0.306745 0.476234 0.306056
1 0.478828 0.307963 0.479755 0.306264 0.480964 0.305509 0.483763 0.304551 0.485990 0.305000 0.488130 0.306639 0.489578 0.309213 0.489940 0.311194 0.489185 0.311620 0.487529 0.308782 0.485781 0.307176 0.484969 0.306745 0.481979 0.307083 0.479401 0.308889
1 0.473672 0.313102 0.475656 0.311032 0.477737 0.309102 0.478307 0.310014 0.477797 0.311458 0.476651 0.312745 0.474792 0.314722 0.473698 0.314889 0.473487 0.314139
1 0.482893 0.310537 0.486615 0.313519 0.488833 0.315528 0.489320 0.316583 0.488833 0.317352 0.487448 0.315509 0.485339 0.313935 0.483380 0.312074 0.482299 0.310921
1 0.449063 0.295602 0.450016 0.294426 0.451237 0.292880 0.452003 0.291639 0.452667 0.292074 0.452422 0.293125 0.451831 0.294611 0.450182 0.296111
1 0.428953 0.319139 0.433188 0.313977 0.440974 0.304801 0.445661 0.299347 0.447906 0.297125 0.449089 0.297685 0.446536 0.301236 0.439688 0.309306 0.432083 0.318056 0.429102 0.320898
1 0.463680 0.303319 0.466714 0.304231 0.469141 0.305060 0.471846 0.306222 0.473760 0.306139 0.478240 0.302819 0.480901 0.299505 0.482534 0.296431 0.483187 0.293194 0.482628 0.289046 0.480807 0.285810 0.479268 0.283903 0.476094 0.281829 0.472406 0.280583 0.469513 0.278926 0.468346 0.278264 0.466854 0.276935 0.466992 0.275940 0.469747 0.276352 0.472828 0.278343 0.474880 0.279343 0.475161 0.280583 0.476234 0.280917 0.476513 0.280088 0.479268 0.281829 0.481833 0.284486 0.483982 0.288551 0.484354 0.293528 0.482534 0.299005 0.479781 0.303153 0.476234 0.306056 0.475339 0.307130 0.471568 0.307468 0.468299 0.306639 0.463177 0.304583
1 0.430260 0.285787 0.437792 0.289866 0.447406 0.294750 0.454273 0.298218 0.460599 0.301759 0.460677 0.303102 0.456224 0.301343 0.446104 0.296162 0.435839 0.290639 0.429766 0.287778
1 0.430156 0.330278 0.432630 0.326866 0.434201 0.324509 0.436396 0.321472 0.437406 0.320356 0.439151 0.319431 0.439185 0.320421 0.436292 0.324014 0.433781 0.327486 0.430435 0.332134
1 0.419766 0.343477 0.424089 0.337463 0.426740 0.334181 0.428831 0.331884 0.428940 0.332722 0.429109 0.333870 0.426599 0.337153 0.423497 0.341616 0.420859 0.345509 0.419906 0.345583 0.419487 0.344593
1 0.410964 0.352685 0.413990 0.349255 0.415891 0.346755 0.417583 0.344162 0.418516 0.342963 0.419484 0.342681 0.419354 0.343792 0.418260 0.344347 0.416151 0.347403 0.414328 0.350181 0.411359 0.353792
1 0.433924 0.372310 0.433784 0.368093 0.433471 0.363819 0.432982 0.359417 0.432495 0.354333 0.432042 0.349495 0.431875 0.344352 0.431273 0.339019 0.429786 0.327120 0.427865 0.309310 0.427411 0.305125 0.427411 0.303134 0.426854 0.301144 0.426898 0.298486 0.428112 0.293343 0.431180 0.282662 0.433122 0.274315 0.431716 0.274023 0.430531 0.280551 0.429180 0.285162 0.426966 0.291306 0.425617 0.295815 0.425292 0.298120 0.425617 0.302727 0.426914 0.313477 0.428940 0.332722 0.430521 0.347407 0.431477 0.354454 0.432495 0.362227 0.433143 0.370963 0.433143 0.373394 0.433794 0.372657
1 0.435130 0.400370 0.436279 0.402412 0.436302 0.400741 0.435625 0.391574 0.435596 0.390727 0.434945 0.383134 0.434477 0.376653 0.434268 0.374102 0.433398 0.375398 0.433549 0.379148 0.433940 0.385361 0.434513 0.391361 0.434531 0.392199 0.435055 0.398009
1 0.428073 0.381435 0.430901 0.376500 0.433794 0.372657 0.436849 0.368102 0.441604 0.364042 0.445927 0.360509 0.448612 0.357440 0.450542 0.356106 0.454646 0.351981 0.455672 0.352269 0.455833 0.353324 0.453823 0.355514 0.451719 0.357833 0.450266 0.358407 0.448896 0.359269 0.446773 0.362583 0.441302 0.366620 0.437857 0.369866 0.434268 0.374102 0.431911 0.377579 0.428945 0.382199
1 0.427891 0.381898 0.426615 0.383519 0.427135 0.384556 0.428620 0.382685
1 0.473307 0.363056 0.479852 0.358653 0.482839 0.356412 0.483583 0.355833 0.484331 0.356162 0.483630 0.357324 0.481766 0.359148 0.477938 0.361389 0.474810 0.363380 0.473596 0.364130
5 0.321328 0.164537 0.329227 0.165176 0.338135 0.165653 0.342833 0.165366 0.349422 0.162102 0.356820 0.156532 0.360977 0.154931 0.363948 0.151093 0.367458 0.145523 0.369617 0.142616 0.368917 0.138389 0.369346 0.134935 0.369346 0.129847 0.368807 0.128023 0.369240 0.126005 0.369130 0.119769 0.371508 0.119190 0.372156 0.116884 0.371237 0.113815 0.371076 0.109111 0.373807 0.106509 0.375034 0.107537 0.377781 0.121157 0.380310 0.134398 0.380672 0.138514 0.379143 0.139972 0.380276 0.145639 0.380440 0.152454 0.378867 0.158505 0.377625 0.163972 0.375951 0.170597 0.373737 0.173190 0.370227 0.176741 0.368391 0.179620 0.368214 0.181319 0.362448 0.178843 0.362328 0.179880 0.364055 0.180843 0.367458 0.182667 0.366432 0.184009 0.366648 0.188042 0.366760 0.191528 0.364380 0.193602 0.362841 0.195097 0.359341 0.196421 0.359448 0.195528 0.356911 0.195144 0.357776 0.191102 0.356836 0.191000 0.355776 0.194569 0.353130 0.192264 0.348109 0.190921 0.342331 0.188139 0.335310 0.185259 0.333096 0.185065 0.328992 0.181898
1 0.494456 0.249356 0.495966 0.249259 0.497695 0.249644 0.502068 0.250796 0.502068 0.252333 0.500599 0.251852 0.496937 0.250991 0.494617 0.250796
1 0.510599 0.323546 0.511250 0.331014 0.511857 0.335412 0.512135 0.339954 0.512651 0.345866 0.513034 0.350398 0.513661 0.349653 0.513398 0.346032 0.512792 0.336657 0.511823 0.330093 0.511953 0.328380 0.511578 0.323134
1 0.474555 0.369139 0.477628 0.375463 0.479349 0.378472 0.479406 0.379694 0.478682 0.379745 0.475549 0.373639 0.473982 0.370750 0.474193 0.369671
6 0.511953 0.364907 0.515435 0.360000 0.520557 0.351898 0.524995 0.344583 0.527940 0.339421 0.528747 0.339995 0.529471 0.340856 0.529714 0.344370 0.528302 0.348097 0.523583 0.355625 0.518581 0.363370 0.516146 0.366667 0.514141 0.365370
6 0.498956 0.395843 0.502826 0.396028 0.506940 0.396463 0.508398 0.396514 0.508276 0.391426 0.504518 0.392991
1 0.456073 0.400019 0.457997 0.398458 0.462948 0.395917 0.464133 0.395431 0.466224 0.394907 0.470755 0.394815 0.470688 0.395741 0.469362 0.396486 0.466667 0.396667 0.463818 0.397662 0.459216 0.399088
1 0.444193 0.406204 0.448193 0.409231 0.450654 0.411093 0.454167 0.412176 0.454083 0.411023 0.450815 0.408296 0.448638 0.406866 0.446500 0.405356 0.445255 0.404023 0.443516 0.405000
1 0.439531 0.406991 0.442839 0.407778 0.449122 0.410593 0.454167 0.412176 0.455453 0.412315 0.455305 0.413296 0.454406 0.414824 0.451589 0.414120 0.444805 0.411667 0.441698 0.410236 0.439563 0.408870
6 0.434531 0.392199 0.432474 0.392685 0.431828 0.392843 0.432839 0.395509 0.435130 0.400370 0.435055 0.398009
6 0.435625 0.391574 0.437010 0.390708 0.440565 0.390958 0.447677 0.392259 0.450956 0.393065 0.451339 0.393810 0.459182 0.394861 0.462948 0.395917 0.457997 0.398458 0.456073 0.400019 0.446906 0.401088 0.440583 0.401593 0.436302 0.400741
6 0.446411 0.403981 0.450706 0.405306 0.453924 0.406468 0.458406 0.407296 0.460318 0.406801 0.461112 0.405556 0.463951 0.406227 0.465729 0.406227 0.465794 0.407389 0.467333 0.407171 0.467214 0.405458 0.468599 0.404977 0.470497 0.406801 0.472547 0.407051 0.470146 0.401190 0.464279 0.402199 0.452432 0.403111 0.452432 0.403111
1 0.510586 0.429731 0.513802 0.427593 0.517203 0.426074 0.519099 0.424782 0.520227 0.423995 0.521680 0.423995 0.521276 0.425278 0.517846 0.427366 0.513773 0.429301 0.512552 0.430093 0.510586 0.430810
1 0.518854 0.418704 0.522372 0.414866 0.524901 0.411653 0.525354 0.412667 0.523427 0.415454 0.520654 0.418292 0.519359 0.419579
1 0.504687 0.434745 0.506362 0.428361 0.509047 0.420491 0.510336 0.417269 0.512393 0.414231 0.514206 0.412060 0.515859 0.411296 0.516667 0.411528 0.514419 0.413528 0.511560 0.417560 0.510096 0.419977 0.508177 0.426296 0.505604 0.434319
1 0.501763 0.421963 0.503932 0.417083 0.505000 0.414676 0.505956 0.412056 0.506659 0.410389 0.506971 0.410944 0.506581 0.413167 0.504505 0.418194 0.502570 0.421870 0.500799 0.424463
1 0.482331 0.426153 0.484362 0.426847 0.486654 0.428278 0.487799 0.429718 0.492096 0.431847 0.496549 0.434394 0.497669 0.434759 0.498711 0.434227 0.500128 0.432083 0.500760 0.432509 0.500339 0.433958 0.498711 0.435727 0.497656 0.436315 0.494341 0.434491 0.488979 0.431602 0.487742 0.431009 0.485604 0.429245 0.482969 0.427917
1 0.477776 0.414431 0.479167 0.412083 0.483167 0.407347 0.486953 0.402750 0.491120 0.398750 0.493776 0.396389 0.497615 0.393838 0.504740 0.390241 0.509307 0.388384 0.513547 0.387227 0.513792 0.388528 0.513583 0.389829 0.510096 0.390634 0.504518 0.392991 0.498279 0.396213 0.492560 0.400181 0.488667 0.403301 0.486401 0.406218 0.484901 0.408449 0.481312 0.412722 0.478417 0.416194
1 0.474263 0.419708 0.475078 0.418426 0.476641 0.416296 0.477135 0.417731 0.476302 0.419583 0.475104 0.421204 0.474297 0.422037
1 0.451849 0.432639 0.453464 0.431620 0.455026 0.431204 0.455521 0.432269 0.453669 0.433491 0.452589 0.434176
1 0.483464 0.429398 0.486974 0.430940 0.489604 0.432426 0.492911 0.434644 0.495698 0.436130 0.495880 0.437287 0.495646 0.438213 0.495099 0.438255 0.488797 0.433907 0.485385 0.431917 0.484323 0.431389
1 0.474427 0.424537 0.473510 0.425111 0.473432 0.426542 0.475594 0.428301 0.478641 0.430153 0.481922 0.430898 0.481167 0.428856 0.478693 0.427565 0.475990 0.425602
2 0.393802 0.241745 0.395437 0.241745 0.396458 0.241250 0.398229 0.241759 0.400292 0.242079 0.400711 0.240417 0.400617 0.237431 0.399404 0.236106 0.396789 0.233199 0.395622 0.232620 0.394878 0.234028 0.394318 0.236106
2 0.356911 0.195144 0.359448 0.195528 0.358958 0.198333 0.358099 0.205611 0.357289 0.213481 0.354589 0.212810 0.352646 0.212523 0.352591 0.211560 0.351781 0.210218 0.352159 0.208394 0.353724 0.204843 0.354966 0.199560 0.356318 0.196204
2 0.436227 0.208065 0.440221 0.215745 0.439737 0.209315 0.440492 0.209028 0.441302 0.216343 0.442544 0.219778 0.445945 0.226306 0.447781 0.229380 0.448430 0.228514 0.450591 0.224194 0.449727 0.217667 0.449294 0.215269 0.448323 0.215171 0.446271 0.211139 0.445029 0.208069 0.443893 0.202690 0.441464 0.203458 0.438711 0.203843 0.437091 0.202884 0.435904 0.203653
2 0.422940 0.282458 0.423406 0.277731 0.423359 0.272088 0.423406 0.262796 0.420607 0.258648 0.419112 0.254500 0.418880 0.252009 0.416500 0.251662 0.415906 0.265486 0.415312 0.277486 0.415312 0.279019 0.420297 0.281255
2 0.413286 0.305259 0.413857 0.305542 0.415445 0.305542 0.417685 0.307370 0.419878 0.308366 0.421513 0.309028 0.422352 0.308778 0.422586 0.301394 0.422958 0.295088 0.423005 0.288532 0.422865 0.284468 0.421599 0.283954 0.416615 0.281759 0.415016 0.281065 0.414896 0.287593 0.413880 0.304681
2 0.412031 0.248657 0.414961 0.249157 0.415635 0.251375 0.415419 0.255981 0.414935 0.263949 0.414393 0.278731 0.412922 0.278042 0.412273 0.278815 0.412708 0.279954 0.414297 0.280787 0.413961 0.284301 0.413448 0.293449 0.413234 0.300843 0.412909 0.304778 0.412557 0.305528 0.410297 0.305602 0.408940 0.305551 0.409292 0.299431 0.409654 0.291116 0.410388 0.274597 0.410982 0.258667 0.411451 0.252287
2 0.505122 0.453653 0.505547 0.456042 0.505547 0.457361 0.506716 0.460431 0.507911 0.465796 0.508253 0.467819 0.509505 0.469583 0.510786 0.468097 0.511917 0.467394 0.513443 0.465468 0.516742 0.464245 0.520188 0.463019 0.524078 0.461181 0.525948 0.460569 0.527159 0.460667 0.528138 0.459074 0.529669 0.457338 0.530440 0.456625 0.530734 0.444801 0.530734 0.444801 0.530651 0.441375 0.529076 0.442287 0.525672 0.444551 0.522901 0.446338 0.521859 0.447449 0.519331 0.448708 0.515208 0.449352 0.509333 0.451963
10 0.499253 0.470856 0.499992 0.473444 0.502841 0.473065 0.505479 0.472083 0.509297 0.469259 0.508203 0.467824 0.505917 0.467718 0.503638 0.468426 0.501474 0.468935
2 0.494414 0.459366 0.494583 0.460727 0.495732 0.463602 0.497094 0.467310 0.498935 0.464593 0.498172 0.464380 0.497914 0.462625 0.496068 0.461389 0.495180 0.458838
2 0.492753 0.460352 0.490448 0.461028 0.487521 0.466250 0.488031 0.468519 0.488370 0.472602 0.488883 0.475931 0.489604 0.476838 0.492242 0.475556 0.495060 0.470162 0.495729 0.469213
10 0.498935 0.464593 0.498172 0.464380 0.497914 0.462625 0.498656 0.457157 0.499396 0.450375 0.499339 0.448347 0.500130 0.448426 0.501958 0.450981 0.504122 0.454625 0.505547 0.457361 0.506716 0.460431 0.507911 0.465796 0.508253 0.467819 0.505917 0.467718 0.503638 0.468426 0.501474 0.468935 0.499253 0.470856 0.500414 0.468032 0.500414 0.464995 0.499904 0.464287
10 0.500130 0.448426 0.501732 0.447639 0.503612 0.448852 0.504807 0.452602 0.505547 0.456042 0.505547 0.457361 0.504122 0.454625 0.501958 0.450981
10 0.497914 0.462625 0.496068 0.461389 0.494661 0.457454 0.494555 0.452602 0.495068 0.449361 0.497174 0.448144 0.499339 0.448347 0.499396 0.450375 0.498656 0.457157
8 0.471719 0.468519 0.478255 0.467472 0.481953 0.467361 0.480562 0.469699 0.477188 0.470046 0.472852 0.470986
10 0.476672 0.477315 0.479177 0.472157 0.483792 0.464074 0.486823 0.457731 0.488206 0.455287 0.490315 0.458685 0.490448 0.461028 0.486492 0.468176 0.481286 0.478370 0.479112 0.481769
10 0.486404 0.488995 0.487484 0.486060 0.490049 0.481301 0.489992 0.479477 0.495060 0.470162 0.496542 0.468236 0.498935 0.464593 0.499904 0.464287 0.500414 0.464995 0.500414 0.468032 0.497339 0.474412 0.492612 0.483731 0.491586 0.484032 0.491643 0.485250 0.488510 0.490009 0.487542 0.491019 0.486516 0.490310
1 0.485589 0.494236 0.487164 0.492486 0.491201 0.488634 0.501885 0.478222 0.506513 0.473759 0.508516 0.472454 0.509141 0.474444 0.505232 0.479009 0.497005 0.487130 0.489245 0.494120 0.486484 0.496065
2 0.561505 0.422523 0.562609 0.421236 0.563716 0.420403 0.564352 0.420250 0.565375 0.418889 0.565797 0.419796 0.565328 0.421236 0.565031 0.423884 0.564792 0.425602 0.562487 0.427773 0.560937 0.427870 0.561367 0.424491
2 0.553255 0.426667 0.556695 0.426759 0.558229 0.425620 0.558948 0.423815 0.558310 0.429255 0.556995 0.430236 0.554349 0.431435
1 0.569453 0.432917 0.571151 0.435829 0.572599 0.436236 0.572979 0.435727 0.572758 0.434713 0.572219 0.434597 0.572185 0.433356 0.571708 0.432676 0.570534 0.431319 0.570023 0.431380 0.569865 0.432227
10 0.567680 0.434227 0.566503 0.434227 0.565646 0.435130 0.565010 0.436713 0.565073 0.437954 0.566122 0.438634 0.567297 0.438634 0.568029 0.437560 0.568792 0.436940 0.568982 0.435356 0.568000 0.434074
2 0.564792 0.425602 0.568396 0.431102 0.571151 0.435829 0.572086 0.438542 0.571544 0.438713 0.568000 0.434074 0.564349 0.429722 0.562487 0.427773
2 0.559669 0.418597 0.556096 0.413681 0.553458 0.409366 0.551672 0.407324 0.551117 0.409292 0.550138 0.408310 0.549076 0.408005 0.549372 0.410727 0.551544 0.413755 0.555117 0.418292 0.558948 0.423815 0.559424 0.420579
2 0.488448 0.297116 0.486979 0.297407 0.483742 0.297736 0.484232 0.303685 0.486182 0.303995 0.488206 0.305176 0.489740 0.305176
2 0.526867 0.404190 0.528844 0.406301 0.530161 0.412042 0.530161 0.418602 0.530794 0.425153 0.530794 0.427343 0.532005 0.429954 0.533180 0.432944 0.533180 0.436051 0.533859 0.437866 0.533615 0.440667 0.533180 0.454690 0.532477 0.458602 0.532826 0.462995 0.532826 0.471153 0.532383 0.473671 0.534182 0.474782 0.539852 0.481227 0.544003 0.484977 0.548352 0.475486 0.554482 0.464472 0.557081 0.459019 0.557831 0.458574 0.556484 0.452593 0.556120 0.450694 0.555497 0.448792 0.556414 0.444935 0.557831 0.433079 0.558310 0.429255 0.558948 0.423815 0.559424 0.420579 0.559669 0.418597 0.559857 0.417213 0.560917 0.407736 0.561333 0.406847 0.562167 0.406995 0.563167 0.407736 0.563083 0.409958 0.562833 0.414699 0.561505 0.422523 0.561367 0.424491 0.560937 0.427870 0.558917 0.445236 0.556747 0.446569 0.557500 0.450787 0.557734 0.451713 0.557943 0.452639 0.559273 0.457537 0.559273 0.459639 0.558966 0.459861 0.558648 0.461866 0.555240 0.468856 0.552240 0.475333 0.550693 0.479894 0.548523 0.481731 0.546164 0.484792 0.544885 0.487417 0.543456 0.488199 0.533464 0.477444 0.531000 0.474551 0.529622 0.474551 0.529424 0.472806 0.530440 0.456625 0.530734 0.444801 0.530638 0.440514 0.531375 0.434560 0.531302 0.433083 0.529240 0.426079 0.528448 0.418440 0.528831 0.412685 0.527031 0.410588 0.526557 0.407519
2 0.575562 0.453153 0.575943 0.450727 0.576927 0.448972 0.578414 0.447523 0.579008 0.446611 0.579852 0.444620 0.580526 0.444542 0.580268 0.447560 0.580523 0.451403 0.579187 0.453606
2 0.565659 0.489736 0.569875 0.475963 0.572607 0.467356 0.573518 0.463708 0.573974 0.461176 0.574659 0.457736 0.575456 0.454898 0.579010 0.455278 0.578305 0.460468 0.576253 0.469787 0.574203 0.475356 0.572721 0.480620 0.571013 0.483454 0.568906 0.488315 0.567596 0.492065 0.566286 0.492366
2 0.580268 0.447616 0.580526 0.444542 0.581078 0.442843 0.581594 0.442778 0.582182 0.444477 0.582807 0.446829 0.583247 0.448069 0.585565 0.448333 0.585391 0.454306 0.585328 0.455801 0.584828 0.463764 0.584570 0.468991 0.584497 0.474481 0.583740 0.474856 0.582693 0.473954 0.581516 0.474125 0.579768 0.473667 0.579258 0.471912 0.579831 0.465477 0.580052 0.460958 0.580607 0.455375 0.580695 0.453773
2 0.594310 0.455676 0.594052 0.454565 0.592766 0.454630 0.592802 0.452931 0.594125 0.452537 0.594531 0.452731 0.595008 0.454889 0.595633 0.455088 0.595633 0.457569 0.595560 0.459532 0.594898 0.460250 0.595156 0.460708 0.595891 0.460056 0.598060 0.460056 0.599974 0.459532 0.601187 0.457833 0.603063 0.457704 0.603393 0.459204 0.603245 0.460644 0.601628 0.461167 0.601039 0.461167 0.600560 0.462606 0.598023 0.462472 0.595633 0.462343 0.593648 0.462671 0.592984 0.461495 0.593536 0.458880 0.593648 0.457046
1 0.509974 0.470694 0.517135 0.464259 0.521953 0.462130 0.511276 0.472685
8 0.598289 0.516333 0.596576 0.502972 0.595917 0.495708 0.594927 0.489384 0.594138 0.483875 0.593016 0.482819 0.594664 0.481181 0.596443 0.479542 0.597299 0.479542 0.596510 0.482000 0.598224 0.491139 0.599146 0.499106 0.600068 0.508130 0.601190 0.517269 0.600794 0.518921 0.598797 0.518509
2 0.606276 0.507176 0.606820 0.502167 0.607805 0.502606 0.608789 0.504880 0.608641 0.506806 0.609182 0.509694 0.609281 0.514769 0.608591 0.516519 0.606622 0.515032 0.606221 0.510472
2 0.480971 0.367116 0.480224 0.363963 0.480224 0.362384 0.480878 0.361556 0.483539 0.363463 0.485451 0.364213 0.488206 0.364130 0.489839 0.366204 0.490911 0.366454 0.491448 0.364815 0.492125 0.367032 0.492219 0.368194 0.491518 0.368444 0.491471 0.367778 0.489839 0.367449 0.486570 0.366949 0.483258 0.366287 0.482372 0.367282
2 0.474484 0.367032 0.478870 0.375829 0.480130 0.378231 0.482557 0.377486 0.485130 0.375417 0.489232 0.371843 0.487740 0.371347 0.485591 0.370519 0.483492 0.370435 0.482651 0.370185 0.482232 0.369023 0.482372 0.367282 0.479477 0.367199 0.478917 0.368194 0.477656 0.366532 0.476443 0.366532
2 0.483258 0.366287 0.486570 0.366949 0.489839 0.367449 0.491471 0.367778 0.491331 0.370931 0.491250 0.372269 0.487740 0.371347 0.485591 0.370519 0.483492 0.370435 0.482651 0.370185 0.482232 0.369023 0.482372 0.367282
10 0.492797 0.353296 0.493930 0.352046 0.496036 0.351954 0.497602 0.347921 0.498898 0.345426 0.499602 0.342449 0.503435 0.343218 0.507107 0.347153 0.508294 0.349454 0.508997 0.354833 0.508727 0.359250 0.507917 0.362704 0.508255 0.365880 0.506510 0.366759 0.504219 0.368750 0.503177 0.370139 0.502135 0.370278 0.500208 0.371898 0.496956 0.371537 0.493445 0.368560 0.491448 0.364815 0.491664 0.359824 0.491987 0.355218
2 0.500195 0.284991 0.504083 0.284704 0.504406 0.281250 0.499979 0.273569 0.498844 0.271838 0.499060 0.277218
2 0.502599 0.272444 0.504865 0.272255 0.506323 0.272444 0.507242 0.273884 0.508430 0.273884 0.508268 0.272731 0.509294 0.272542 0.510859 0.275324 0.511076 0.278301 0.515073 0.283005 0.516693 0.287037 0.517503 0.286940 0.517935 0.285981 0.518690 0.285116 0.520849 0.287708 0.521120 0.288958 0.521013 0.290972 0.520310 0.292315 0.521281 0.292509 0.522578 0.294139 0.521930 0.296639 0.520581 0.295676 0.519716 0.295579 0.519391 0.298269 0.517664 0.297500 0.517044 0.296634 0.511185 0.288477 0.507943 0.284444 0.506500 0.281315
2 0.514813 0.301963 0.513174 0.303329 0.513870 0.305435 0.514951 0.307727 0.515279 0.307005 0.517086 0.308505 0.518018 0.308843 0.516568 0.305727
2 0.315641 0.151991 0.319690 0.148009 0.321859 0.145824 0.325906 0.144667 0.331901 0.145417 0.335448 0.148523 0.337112 0.151991 0.337617 0.155204 0.340438 0.157778 0.344341 0.160731 0.348245 0.162657 0.343979 0.164972 0.340870 0.164074 0.337979 0.162917 0.335737 0.160991 0.332122 0.160861 0.327786 0.159574 0.325763 0.159190 0.324167 0.160463 0.320773 0.163815
11 0.398146 0.139685 0.400682 0.145639 0.402898 0.150148 0.406193 0.154088 0.409378 0.159079 0.410891 0.161093 0.412617 0.156773 0.415102 0.150532 0.415641 0.147463 0.411268 0.137287 0.408135 0.129032 0.406786 0.125861 0.404786 0.127208 0.402466 0.129991 0.400521 0.134792
2 0.356068 0.221204 0.356674 0.214949 0.355562 0.214681 0.352982 0.215255 0.351570 0.215468 0.351198 0.215648
2 0.328992 0.181898 0.333096 0.185065 0.335310 0.185259 0.342331 0.188139 0.348109 0.190921 0.353130 0.192264 0.355776 0.194569 0.353510 0.202731 0.351242 0.208296 0.351133 0.211657 0.352646 0.212523 0.355026 0.213009 0.353063 0.213750 0.348747 0.215255 0.346544 0.215208 0.343195 0.212810
2 0.515161 0.300602 0.515927 0.298866 0.517044 0.296634 0.518437 0.299236 0.520807 0.303204 0.520703 0.304380 0.519344 0.306921 0.518716 0.307912 0.517211 0.304769 0.515682 0.301009
2 0.505000 0.310972 0.505781 0.308287 0.506313 0.305852 0.506695 0.304671 0.509242 0.307648 0.508440 0.310560 0.508055 0.313537 0.507219 0.313227
2 0.510286 0.290412 0.512310 0.293449 0.513529 0.294750 0.514576 0.296176 0.515586 0.297106 0.515620 0.298343 0.514500 0.299958 0.514156 0.300569 0.513529 0.302370 0.512797 0.302745 0.511089 0.300144 0.509589 0.298838 0.511263 0.296856 0.511542 0.294750 0.511333 0.293199 0.510078 0.292764 0.510419 0.291440
2 0.519227 0.311236 0.517086 0.308505 0.515279 0.307005 0.514617 0.308718 0.513141 0.311611 0.511995 0.314023 0.511784 0.318144 0.513714 0.321199 0.516034 0.324468 0.518805 0.327574 0.520974 0.329718 0.523315 0.332556 0.523875 0.332926 0.523932 0.329630 0.525190 0.329759 0.525164 0.332556 0.527292 0.332676 0.528477 0.332926 0.529523 0.330880 0.521984 0.316676
2 0.521909 0.313861 0.525133 0.317662 0.528174 0.320181 0.530828 0.323500 0.531971 0.324894 0.531039 0.327093 0.530073 0.329019 0.527872 0.325009
2 0.504406 0.339218 0.504224 0.334866 0.505917 0.334125 0.508000 0.332736 0.509198 0.331347 0.510474 0.330375 0.511359 0.331718 0.511857 0.335412 0.511958 0.337088 0.510604 0.337829 0.509250 0.339079 0.508443 0.340792 0.505547 0.340741 0.504484 0.340606
2 0.486823 0.382269 0.486719 0.381111 0.488750 0.378056 0.490391 0.375278 0.493385 0.374444 0.495182 0.373704 0.495885 0.372593 0.498516 0.373333 0.500208 0.371898 0.502135 0.370278 0.503177 0.370139 0.504219 0.368750 0.506510 0.366759 0.508255 0.365880 0.508516 0.363935 0.508932 0.363889 0.509323 0.365509 0.511953 0.364907 0.514141 0.365370 0.516146 0.366667 0.518281 0.366667 0.518125 0.367824 0.515208 0.369259 0.514766 0.373056 0.511354 0.378750 0.508776 0.381806 0.506875 0.382824 0.505625 0.383472 0.501815 0.383384 0.495443 0.382806
2 0.508125 0.397176 0.508398 0.396514 0.508276 0.391426 0.510096 0.390634 0.511651 0.390569 0.512826 0.390782 0.513128 0.392551 0.512555 0.394583 0.511560 0.397315
6 0.496620 0.397500 0.503901 0.397167 0.513604 0.397292 0.522336 0.396676 0.527021 0.396676 0.527521 0.399949 0.526867 0.404190 0.526557 0.407519 0.527031 0.410588 0.527031 0.410588 0.515143 0.409611 0.509740 0.409491 0.502812 0.409537 0.495911 0.409444 0.490078 0.409444 0.484818 0.408519 0.486401 0.406218 0.488667 0.403301 0.492560 0.400181 0.492560 0.400181
2 0.509401 0.419583 0.508419 0.416801 0.506745 0.413829 0.506990 0.412898 0.507930 0.412218 0.508000 0.410667 0.508383 0.409861 0.509849 0.411222 0.510930 0.411037 0.513404 0.413083 0.512393 0.414231 0.510336 0.417269
2 0.510096 0.419977 0.510185 0.421278 0.512383 0.423940 0.514508 0.427287 0.517203 0.426074 0.519099 0.424782 0.520227 0.423995 0.520227 0.423995 0.519911 0.421833 0.519359 0.419579 0.518854 0.418704 0.517961 0.415449 0.517404 0.414769 0.514419 0.413528 0.511560 0.417560
2 0.521276 0.425278 0.521849 0.427824 0.522344 0.429676 0.521055 0.429903 0.517893 0.430755 0.516680 0.429250 0.515729 0.428287 0.517846 0.427366
2 0.480677 0.421944 0.481474 0.418519 0.483424 0.412259 0.484542 0.409532 0.489281 0.410278 0.496987 0.410708 0.502990 0.410319 0.506406 0.410319 0.505013 0.413606 0.503201 0.418005 0.500690 0.424759 0.498945 0.431269 0.497971 0.433625 0.497344 0.433625 0.489359 0.429347 0.484792 0.426745 0.484862 0.425875 0.485107 0.424884 0.484372 0.424514 0.483607 0.424324 0.483432 0.426000 0.482107 0.425690 0.481411 0.423829 0.483187 0.422713 0.486570 0.421847 0.489393 0.421167 0.491555 0.419986 0.494240 0.418750 0.497622 0.418750 0.501143 0.418255 0.500549 0.417509 0.499260 0.417074 0.495076 0.417014 0.492044 0.417880 0.487682 0.419815 0.483711 0.420981
2 0.451120 0.422222 0.452133 0.419245 0.453284 0.416519 0.455305 0.413296 0.456456 0.410940 0.457187 0.408213 0.459174 0.408273 0.461510 0.407032 0.463951 0.406227 0.465729 0.406227 0.465794 0.407389 0.467333 0.407171 0.467214 0.405458 0.468599 0.404977 0.470497 0.406801 0.472336 0.410708 0.473724 0.412370 0.474023 0.415958 0.474263 0.419708 0.474323 0.424102 0.473240 0.424532 0.472096 0.426352 0.471010 0.428384 0.468961 0.430102 0.467333 0.431815 0.465195 0.432722 0.461862 0.434296 0.459875 0.435227 0.458760 0.438144 0.457924 0.439009 0.457331 0.438079 0.456458 0.434486 0.452763 0.425995
10 0.509505 0.469583 0.509974 0.470694 0.511276 0.472685 0.511893 0.473833 0.512346 0.475444 0.512008 0.477185 0.510831 0.478884 0.510185 0.477491 0.509453 0.475509 0.509141 0.474444 0.508516 0.472454 0.507990 0.470176 0.509297 0.469259
2 0.550138 0.408310 0.551771 0.400130 0.553497 0.393991 0.554805 0.390421 0.555411 0.389343 0.555878 0.391750 0.557419 0.392912 0.556299 0.395319 0.554992 0.399796 0.553826 0.403532 0.552612 0.405356 0.551672 0.407324 0.551117 0.409292
2 0.589133 0.477870 0.590695 0.477917 0.592180 0.477917 0.592167 0.475389 0.591659 0.472958 0.591711 0.471389 0.590669 0.471435 0.589810 0.469954 0.588378 0.469954 0.586745 0.470509
1 0.592167 0.475389 0.591659 0.472958 0.592708 0.470981 0.593281 0.469815 0.593948 0.469907 0.594297 0.470588 0.593979 0.472000 0.593185 0.473579 0.594076 0.476125 0.594805 0.476745 0.594562 0.477597 0.594271 0.479120 0.593089 0.477704
1 0.556878 0.414796 0.557060 0.413944 0.557612 0.413880 0.558974 0.415972 0.559857 0.417213 0.559669 0.418597
2 0.550443 0.413009 0.549154 0.415319 0.548307 0.416889 0.548492 0.417671 0.549596 0.418977 0.550185 0.418454 0.550883 0.418000 0.551766 0.417935 0.552391 0.418782 0.553568 0.418718 0.553971 0.419829 0.555479 0.420023 0.555701 0.419241 0.555117 0.418292 0.551544 0.413755
1 0.546823 0.429028 0.548596 0.425699 0.550714 0.422866 0.551815 0.422917 0.552141 0.424722 0.551154 0.426431 0.549341 0.428042 0.547419 0.429361
10 0.504297 0.450833 0.506271 0.448912 0.508536 0.448208 0.510456 0.447509 0.510654 0.446458 0.510013 0.444620 0.510208 0.443745 0.510849 0.441560 0.511784 0.441208 0.512424 0.442435 0.513427 0.445148 0.513810 0.446222 0.514690 0.447421 0.514690 0.448384 0.512682 0.449954 0.509273 0.450838 0.506714 0.451009 0.504807 0.452602
8 0.569479 0.502593 0.570104 0.506898 0.571914 0.511412 0.574292 0.515157 0.575104 0.519250 0.577279 0.522847 0.580107 0.527426 0.581063 0.527745 0.581576 0.526644 0.581318 0.525588 0.577201 0.519505 0.575987 0.518134 0.575617 0.514995 0.573008 0.510755 0.571281 0.506102 0.570419 0.502810 0.570542 0.500333 0.572714 0.498949 0.575211 0.497421 0.578406 0.496255 0.583526 0.495310 0.585451 0.495310 0.588646 0.495310 0.589180 0.494435 0.589016 0.493273 0.588073 0.492542 0.585042 0.492542 0.579430 0.493782 0.575622 0.495093 0.573164 0.495894 0.571076 0.497056 0.569396 0.498657 0.568904 0.499898
15 0.410646 0.229569 0.407813 0.227176 0.406523 0.226236 0.406086 0.224681 0.404461 0.223792 0.402523 0.222569 0.401036 0.228292 0.400534 0.232153 0.401273 0.234898 0.403773 0.234231 0.406273 0.236231 0.407273 0.238343 0.408583 0.238676 0.411646 0.243120 0.415333 0.246894 0.418271 0.247620 0.416177 0.243519 0.413680 0.239398 0.413612 0.234120 0.411180 0.235505 0.408753 0.235259 0.407818 0.233931 0.407305 0.231940 0.409826 0.230528
1 0.406523 0.226236 0.407813 0.227176 0.408503 0.219171 0.408878 0.213394 0.409503 0.209065 0.408977 0.207171 0.407477 0.216843
1 0.348255 0.154583 0.349984 0.155208 0.350578 0.156259 0.352357 0.156074 0.352552 0.155380 0.353091 0.153787 0.352078 0.153287 0.350266 0.153407 0.349193 0.153611
8 0.359987 0.147384 0.360206 0.140083 0.360393 0.134644 0.361643 0.133421 0.362643 0.134421 0.362578 0.137546 0.361362 0.147606 0.361224 0.154722 0.360977 0.154931 0.360112 0.155157
1 0.337617 0.155204 0.340130 0.154444 0.343099 0.153935 0.347586 0.153208 0.347445 0.155116 0.346510 0.156343 0.342172 0.156778 0.339232 0.156694
1 0.379078 0.111699 0.381411 0.112111 0.386078 0.110204 0.388359 0.108611 0.390932 0.107301 0.393128 0.106389 0.394766 0.105324 0.395880 0.105060 0.395906 0.106963 0.393490 0.107778 0.388646 0.110037 0.385000 0.111852 0.383411 0.113102 0.380432 0.113690 0.379031 0.112611
1 0.395937 0.107870 0.393359 0.109542 0.391727 0.110704 0.391820 0.111866 0.392474 0.112944 0.395786 0.110787
6 0.393122 0.130889 0.391589 0.129454 0.390500 0.128306 0.389573 0.128306 0.388846 0.130097 0.390055 0.131819 0.391883 0.133060
10 0.412320 0.092014 0.410570 0.088903 0.407823 0.089792 0.402823 0.093569 0.398326 0.098120 0.395951 0.103343 0.395906 0.106963 0.395781 0.112519 0.396406 0.117069 0.399594 0.119958 0.400253 0.117125 0.402789 0.112806 0.406622 0.108486 0.410297 0.103301 0.412456 0.101287 0.412339 0.096856
10 0.385818 0.191079 0.387083 0.190417 0.387198 0.187847 0.388448 0.185181 0.390820 0.180407 0.391596 0.180037 0.392516 0.178986 0.394133 0.178986 0.394839 0.177551 0.396320 0.175963 0.399323 0.174491 0.403443 0.173630 0.403943 0.174963 0.403318 0.176852 0.402443 0.182185 0.401755 0.186181 0.401068 0.188514 0.399568 0.192403 0.397695 0.199954 0.396070 0.204398 0.393633 0.206509 0.390323 0.207398 0.387948 0.204954 0.386823 0.200398 0.387760 0.196403 0.390286 0.194861 0.398776 0.191806 0.399922 0.189167 0.399219 0.185370 0.396940 0.186505 0.392190 0.188810 0.385547 0.192361
10 0.377771 0.188042 0.377232 0.190634 0.378312 0.194856 0.379932 0.195819 0.383635 0.193514 0.383135 0.191181 0.382263 0.188403 0.379878 0.187560
1 0.362557 0.204583 0.361172 0.199769 0.360081 0.197704 0.359560 0.198074 0.361336 0.203032 0.362000 0.205264
1 0.368490 0.192685 0.369995 0.194569 0.371750 0.195722 0.372414 0.195394 0.372414 0.194542 0.371271 0.193898 0.369854 0.193093 0.369159 0.192458
10 0.367458 0.182667 0.366432 0.184009 0.366648 0.188042 0.366917 0.192940 0.369948 0.192361 0.374169 0.194366 0.374440 0.193023 0.376547 0.195231 0.379716 0.197546 0.379932 0.195819 0.378312 0.194856 0.377232 0.190634 0.377771 0.188042 0.379878 0.187560 0.375503 0.185736
2 0.392448 0.279074 0.395034 0.277500 0.396042 0.277787 0.396607 0.279722 0.397172 0.281301 0.397130 0.282375 0.396484 0.283667 0.395409 0.284935 0.394549 0.284815 0.392854 0.280366
10 0.368214 0.181319 0.368391 0.179620 0.370227 0.176741 0.373737 0.173190 0.375951 0.170597 0.378651 0.169157 0.382107 0.168389 0.384862 0.168486 0.386969 0.168870 0.387076 0.170792 0.386805 0.173769 0.387995 0.179528 0.387508 0.180199 0.384862 0.177704 0.384107 0.178278 0.383943 0.181255 0.386536 0.183079 0.385995 0.185287 0.385872 0.188231 0.380578 0.186315 0.374477 0.183819
15 0.379932 0.195819 0.385547 0.192361 0.392190 0.188810 0.396940 0.186505 0.399219 0.185370 0.399922 0.189167 0.398776 0.191806 0.390286 0.194861 0.382362 0.199560 0.381174 0.199657 0.379716 0.197546
2 0.366128 0.220449 0.367104 0.218963 0.367799 0.217537 0.368531 0.218343 0.368672 0.223056 0.366539 0.220778
2 0.358151 0.225185 0.362938 0.224306 0.365357 0.221796 0.367940 0.223875 0.367133 0.225593 0.364107 0.225667 0.361641 0.226296 0.359245 0.226944 0.358630 0.226083
1 0.364115 0.226162 0.367521 0.226162 0.368490 0.225787 0.369063 0.225880 0.369870 0.225880 0.369841 0.230556 0.368750 0.231542 0.368906 0.229481 0.368966 0.227824 0.367708 0.227963 0.364036 0.227500
2 0.360328 0.228162 0.360573 0.227593 0.363828 0.227963 0.367625 0.228375 0.367693 0.230792 0.364318 0.231343 0.363943 0.234231 0.363188 0.231889 0.363188 0.231889
10 0.354115 0.236898 0.355161 0.235190 0.357302 0.233898 0.360607 0.237699 0.361734 0.239060 0.363388 0.238273 0.364276 0.237199 0.364443 0.238454 0.364443 0.238454 0.365245 0.242287 0.363995 0.245944 0.362219 0.250106 0.360599 0.251250
1 0.371120 0.264907 0.372266 0.262361 0.373943 0.259454 0.374990 0.257968 0.375023 0.259389 0.373672 0.261574 0.372234 0.264227 0.371503 0.265278
2 0.401451 0.262977 0.400555 0.265560 0.399870 0.267565 0.399266 0.269144 0.399224 0.270222 0.399909 0.270579 0.400964 0.267639 0.402112 0.262977
2 0.400573 0.258194 0.401839 0.255264 0.403044 0.251139 0.403526 0.249852 0.405062 0.245139 0.405997 0.245569 0.406026 0.246907 0.404130 0.251569 0.403617 0.253551 0.401958 0.257782 0.401328 0.259120
2 0.396354 0.254907 0.395234 0.255046 0.392734 0.250463 0.391589 0.248472 0.390388 0.246694 0.389396 0.245407 0.387737 0.244444 0.387888 0.243106 0.390208 0.244398 0.391474 0.244713 0.392708 0.246574 0.393372 0.249264 0.394430 0.250338 0.395755 0.252426 0.396057 0.254194
2 0.396057 0.254194 0.395755 0.252426 0.396508 0.252477 0.398227 0.254569 0.400185 0.257139 0.400758 0.258426 0.401630 0.259444 0.402385 0.260782 0.402112 0.262977 0.401451 0.262977 0.401089 0.261694 0.398888 0.258477 0.396979 0.256065
2 0.406302 0.267593 0.408885 0.270181 0.410490 0.271060 0.410430 0.273319 0.409219 0.273333 0.407891 0.272361 0.405729 0.270370 0.405701 0.268069
2 0.387839 0.287870 0.388568 0.286157 0.390625 0.284167 0.391961 0.283940 0.393500 0.282222 0.394070 0.283458 0.392354 0.285546 0.390336 0.287472 0.388828 0.288491 0.388099 0.288796
2 0.385495 0.271852 0.386102 0.269426 0.386523 0.263782 0.387690 0.258806 0.388576 0.258556 0.388810 0.256148 0.389930 0.255819 0.391562 0.256565 0.390815 0.258556 0.390729 0.262963 0.390255 0.265940 0.389883 0.269176 0.389742 0.272412 0.387682 0.272731
10 0.369792 0.266486 0.369549 0.265338 0.368661 0.264403 0.368685 0.262333 0.369557 0.261593 0.369419 0.259981 0.370430 0.259546 0.370672 0.260662 0.371021 0.263514 0.370651 0.264583 0.370799 0.266625
2 0.396013 0.295333 0.396982 0.294829 0.397990 0.295403 0.400250 0.295046 0.400693 0.293829 0.401419 0.295046 0.402307 0.294829 0.402065 0.290528 0.401581 0.288019 0.400411 0.284718 0.399281 0.283144 0.397789 0.281708 0.397305 0.283644 0.395409 0.284935 0.394359 0.286227 0.394521 0.289167 0.395086 0.292681
15 0.386758 0.297394 0.389982 0.297231 0.392708 0.297037 0.393177 0.296991 0.396250 0.296750 0.398208 0.296699 0.400469 0.296528 0.402135 0.296296 0.402177 0.300185 0.401604 0.301574 0.400068 0.301574 0.393026 0.302162 0.389688 0.302315 0.386789 0.302213 0.386396 0.300181 0.386484 0.298412
2 0.387292 0.304722 0.391198 0.305093 0.391414 0.304120 0.391727 0.303255 0.393539 0.303870 0.393672 0.306157 0.393854 0.308398 0.392005 0.308889 0.390521 0.309537 0.389357 0.309824
1 0.409323 0.216065 0.413148 0.219949 0.414089 0.221111 0.414828 0.222690 0.414549 0.223602 0.412500 0.221435 0.410396 0.218954 0.409320 0.217625
8 0.419245 0.222407 0.416547 0.224056 0.412766 0.227542 0.409826 0.230528 0.407305 0.231940 0.407818 0.233931 0.408753 0.235259 0.411180 0.235505 0.414352 0.233597 0.417760 0.229949 0.418458 0.228287 0.419393 0.227542
1 0.436638 0.224389 0.438695 0.228120 0.439461 0.229625 0.440107 0.229912 0.441354 0.233009 0.443172 0.234431 0.444302 0.234431 0.444341 0.233639 0.442815 0.231491 0.441789 0.230532 0.439945 0.227546 0.438008 0.224532 0.437565 0.223889
1 0.435013 0.224250 0.436581 0.229208 0.437906 0.233111 0.437383 0.234102 0.436693 0.232315 0.435292 0.227222 0.434732 0.224995
2 0.407794 0.305644 0.408133 0.305458 0.408940 0.305551 0.409591 0.306384 0.410477 0.306431 0.411440 0.307310 0.411518 0.307866 0.412742 0.307727 0.414487 0.309023 0.415398 0.309810 0.415424 0.311153 0.414635 0.311250 0.413003 0.310042 0.411909 0.308977 0.411987 0.309486 0.412846 0.311153 0.412508 0.312819 0.411570 0.313514 0.410685 0.313606 0.409435 0.313560 0.407995 0.310324
2 0.398813 0.328843 0.399378 0.326833 0.399016 0.325116 0.399297 0.323250 0.399297 0.321602 0.399820 0.320741 0.401716 0.320810 0.402846 0.322245 0.404945 0.323894 0.406396 0.324255 0.406760 0.323894 0.407849 0.324829 0.408896 0.327051 0.409299 0.328843 0.410591 0.332574 0.410122 0.335412 0.409719 0.336273 0.408711 0.336847 0.408378 0.336157 0.407818 0.336241 0.407813 0.337593 0.407805 0.337569 0.407388 0.340856 0.406724 0.342093 0.405469 0.341782 0.400169 0.331435
2 0.409375 0.327130 0.411560 0.328630 0.412971 0.329847 0.413172 0.331282 0.412568 0.332287 0.410591 0.332574 0.409299 0.328843
1 0.412490 0.346694 0.410758 0.342546 0.408880 0.337546 0.408378 0.336157 0.407818 0.336241 0.407813 0.337593 0.410385 0.343542 0.411823 0.346759
2 0.421667 0.317333 0.422411 0.318079 0.423299 0.320819 0.422927 0.322477 0.420966 0.322477 0.419240 0.319986 0.419565 0.318495 0.420685 0.318579
1 0.443359 0.256296 0.444695 0.256940 0.447188 0.259444 0.448958 0.261944 0.446823 0.261713 0.446391 0.260884 0.445180 0.259162 0.444656 0.259019
1 0.447917 0.264306 0.448568 0.265690 0.450755 0.268287 0.453893 0.270852 0.455438 0.272019 0.456919 0.272431 0.457500 0.271806 0.452240 0.267551 0.448971 0.265116
10 0.452927 0.263829 0.452867 0.262384 0.453258 0.261472 0.454826 0.260347 0.455216 0.261310 0.456029 0.266028 0.453594 0.264167
2 0.466484 0.312778 0.467562 0.313440 0.469612 0.317921 0.469195 0.320412 0.467885 0.320495 0.466396 0.322319 0.465042 0.326218 0.464711 0.328208 0.463544 0.328708 0.461396 0.324394 0.460138 0.321986 0.460510 0.320741 0.462042 0.317060 0.462508 0.315898 0.463781 0.317755 0.463781 0.317755 0.465552 0.318917 0.466018 0.318421 0.466065 0.315597
2 0.478583 0.317620 0.477581 0.317384 0.476555 0.316231 0.476607 0.315079 0.477904 0.312005 0.478984 0.312102 0.481737 0.314407 0.480313 0.315417
1 0.483661 0.341509 0.484911 0.344162 0.485276 0.345380 0.486198 0.344648 0.485760 0.343801 0.484589 0.340505 0.484096 0.340509
2 0.484557 0.348102 0.485917 0.348019 0.486401 0.348736 0.486320 0.351176 0.487732 0.352106 0.488982 0.352106 0.488901 0.350745 0.489951 0.349523 0.489828 0.348449 0.487852 0.344935 0.486198 0.344648 0.484302 0.346440
10 0.473464 0.320787 0.476857 0.318486 0.478583 0.317620 0.480313 0.315417 0.482255 0.314069 0.483552 0.314069 0.483065 0.317046 0.481987 0.318005 0.482039 0.321366 0.482958 0.322903 0.484523 0.326551 0.483948 0.327546 0.484224 0.330630 0.484802 0.335130 0.486536 0.340398 0.484096 0.340509 0.481992 0.345403 0.479182 0.349727 0.475565 0.347708 0.473513 0.344060 0.472513 0.342019 0.473352 0.332639 0.473784 0.324958
1 0.450276 0.327032 0.448906 0.327176 0.447760 0.327963 0.447016 0.330056 0.447070 0.331685 0.448096 0.333319 0.449174 0.332356 0.448203 0.330917 0.449174 0.328616 0.450148 0.328708
2 0.454701 0.343819 0.454107 0.335130 0.453818 0.326903 0.452589 0.320352 0.452589 0.314694 0.452589 0.309296 0.452299 0.307755 0.450349 0.307755 0.449771 0.310324 0.449625 0.315722 0.449987 0.320866 0.450276 0.327032 0.450060 0.331144 0.450276 0.336671 0.451070 0.337699 0.451070 0.341940 0.451513 0.344972 0.454375 0.344301
10 0.435049 0.344616 0.436445 0.344681 0.436828 0.345361 0.439339 0.345361 0.439339 0.346292 0.439339 0.347032 0.438711 0.347282 0.438188 0.349264 0.436794 0.349204 0.435016 0.347838 0.434596 0.345796
2 0.439219 0.331375 0.437281 0.331519 0.435831 0.331588 0.435831 0.333097 0.436758 0.333671 0.437281 0.335389 0.438047 0.336157 0.438977 0.337255 0.440104 0.341065 0.441477 0.343421 0.442807 0.344713 0.443846 0.348046 0.446060 0.347083 0.448698 0.344926 0.450513 0.340769 0.450352 0.337329 0.449544 0.335606 0.447448 0.333454 0.445471 0.332523 0.443453 0.331806 0.440831 0.331662 0.440065 0.333597 0.439177 0.334745 0.438615 0.334815 0.438615 0.333528 0.439016 0.332236
2 0.415563 0.347042 0.415172 0.344819 0.414885 0.343894 0.414755 0.340699 0.415432 0.339403 0.415901 0.338153 0.416943 0.336810 0.418479 0.336810 0.418766 0.337458 0.419469 0.337597 0.419651 0.338199 0.419599 0.341532 0.419484 0.342681 0.418516 0.342963 0.417583 0.344162 0.415891 0.346755
2 0.416151 0.347403 0.416276 0.348194 0.417656 0.347917 0.418281 0.346620 0.419036 0.346250 0.419193 0.345417 0.419010 0.344074 0.418260 0.344347
2 0.410964 0.352685 0.409740 0.350000 0.410625 0.347361 0.411823 0.346759 0.414688 0.346667 0.414766 0.348241 0.413990 0.349255
1 0.464414 0.435074 0.465560 0.428454 0.466784 0.424009 0.467878 0.421694 0.469336 0.421324 0.470638 0.421278 0.472201 0.422111 0.474935 0.426139 0.471029 0.423639 0.469336 0.423176 0.468138 0.424056 0.467409 0.426833 0.466393 0.431694 0.466003 0.434704
8 0.466336 0.159699 0.458182 0.154796 0.451971 0.151917 0.447706 0.149523 0.446518 0.147222 0.447057 0.145194 0.448083 0.143764 0.448893 0.143273 0.452727 0.145292 0.465417 0.152685
1 0.434018 0.099019 0.425279 0.072074 0.413240 0.033847 0.402667 0.000000 0.403693 0.000000 0.419404 0.049602 0.435052 0.099343
8 0.427836 0.076398 0.433122 0.043806 0.434659 0.044819 0.429086 0.080236
8 0.427328 0.078412 0.424904 0.095736 0.426831 0.095181 0.428549 0.082171
17 0.431839 0.092361 0.430354 0.094630 0.429469 0.097361 0.429000 0.100231 0.428922 0.104074 0.429052 0.107505 0.429755 0.112454 0.430250 0.115278 0.430641 0.116995 0.431526 0.118981 0.431969 0.119444 0.433294 0.098875 0.434018 0.099019
14 0.364581 0.220421 0.361456 0.207134 0.360492 0.196394 0.361534 0.191579 0.363951 0.186824 0.364190 0.181681 0.365776 0.181194 0.372026 0.178898 0.373411 0.182454 0.375674 0.183477 0.377185 0.184634 0.378591 0.186856 0.377081 0.187134 0.377315 0.189634 0.379503 0.189403 0.385961 0.217690 0.387083 0.220556 0.381953 0.222222 0.373229 0.221991 0.373411 0.226528 0.371406 0.223843 0.369635 0.221713 0.367266 0.219074 0.366562 0.220370 0.365521 0.223565
5 0.419615 0.177269 0.418573 0.177269 0.418260 0.176296 0.414354 0.176713 0.413052 0.177222 0.410786 0.176528 0.408391 0.174444 0.407271 0.172361 0.406620 0.169630 0.406620 0.165417 0.408182 0.160833 0.409146 0.158519 0.412349 0.154491 0.415057 0.151898 0.417036 0.151296 0.419354 0.151019 0.421906 0.151065 0.423599 0.151713 0.429849 0.162083 0.426932 0.166019 0.423807 0.169861 0.421854 0.173333 0.420396 0.176898
4 0.424904 0.095736 0.419867 0.099921 0.416320 0.105148 0.414081 0.111125 0.413380 0.114856 0.412961 0.117514 0.413055 0.120167 0.413521 0.124231 0.414828 0.127301 0.416648 0.129625 0.418888 0.131037 0.421081 0.131866 0.423555 0.132528 0.426495 0.138421 0.431349 0.148375 0.436622 0.160991 0.438776 0.166759 0.439505 0.163333 0.442266 0.150926 0.431693 0.140046 0.431404 0.137468 0.431888 0.120764 0.431969 0.119444 0.431526 0.118981 0.430641 0.116995 0.430250 0.115278 0.429755 0.112454 0.429052 0.107505 0.428922 0.104074 0.429000 0.100231 0.429469 0.097361 0.430354 0.094630 0.426831 0.095181
6 0.396745 0.147185 0.412552 0.133852 0.416797 0.140426 0.418880 0.144176 0.400729 0.160926 0.402130 0.154806 0.401094 0.154259 0.399813 0.160361 0.397677 0.154111
6 0.397188 0.150009 0.395521 0.148157 0.395651 0.142509 0.405911 0.131815 0.410807 0.135333 0.396745 0.147185
1 0.395560 0.128505 0.400326 0.126884 0.403216 0.127208 0.407409 0.130773 0.411654 0.134616 0.410807 0.135333 0.406966 0.131884 0.403294 0.128366 0.401133 0.128042 0.399414 0.128366 0.397643 0.129153 0.395560 0.129755
5 0.412552 0.133852 0.402266 0.116310 0.402615 0.113148 0.404461 0.109366 0.405646 0.108125 0.407633 0.107880 0.409307 0.107940 0.410875 0.107880 0.412201 0.106949 0.413073 0.105523 0.414083 0.102361 0.415060 0.099574 0.415758 0.097963 0.416490 0.096412 0.417221 0.095731 0.418685 0.095792 0.419802 0.096292 0.420497 0.096722 0.421510 0.098583 0.419867 0.099921 0.416320 0.105148 0.414081 0.111125 0.413380 0.114856 0.412961 0.117514 0.413055 0.120167 0.413521 0.124231 0.414828 0.127301 0.416648 0.129625 0.418888 0.131037 0.421081 0.131866 0.423555 0.132528 0.426495 0.138421 0.431349 0.148375 0.436622 0.160991 0.437266 0.162546 0.438802 0.166806 0.436849 0.173241 0.429849 0.162083 0.423599 0.151713 0.418880 0.144176 0.416797 0.140426
2 0.414401 0.101620 0.412076 0.079741 0.414831 0.080051 0.417305 0.080361 0.420128 0.080361 0.421836 0.079926 0.423615 0.079185 0.424732 0.078625 0.425951 0.078565 0.427172 0.079431 0.424904 0.095736 0.421510 0.098583 0.420497 0.096722 0.419802 0.096292 0.418685 0.095792 0.417221 0.095731 0.416490 0.096412 0.415758 0.097963 0.415060 0.099574
14 0.417305 0.080361 0.390062 0.070708 0.386229 0.069491 0.385099 0.068560 0.384172 0.066625 0.383768 0.064329 0.383365 0.054000 0.384576 0.043819 0.386510 0.037653 0.388167 0.034282 0.389094 0.034208 0.416443 0.044106 0.425279 0.072074 0.427328 0.078412 0.427172 0.079431 0.425951 0.078565 0.424732 0.078625 0.423615 0.079185 0.421836 0.079926 0.420128 0.080361
14 0.417651 0.044102 0.432294 0.048926 0.427836 0.076398
14 0.433349 0.053477 0.433651 0.058032 0.433651 0.063495 0.433620 0.067889 0.433018 0.070565 0.429794 0.075764
10 0.420271 0.044907 0.421115 0.030389 0.423164 0.032000 0.422591 0.045713
2 0.377672 0.126222 0.373471 0.117843 0.371513 0.115935 0.369552 0.112866 0.366984 0.106894 0.366237 0.103986 0.364885 0.100833 0.363766 0.098593 0.362643 0.094694 0.361852 0.092204 0.359703 0.086148 0.358398 0.081338 0.360172 0.079759 0.363344 0.077685 0.371745 0.055616 0.383740 0.063912 0.384172 0.066625 0.385099 0.068560 0.386229 0.069491 0.390062 0.070708 0.417305 0.080361 0.414831 0.080051 0.412076 0.079741 0.414401 0.101620 0.414083 0.102361 0.413073 0.105523 0.412201 0.106949 0.410875 0.107880 0.409307 0.107940 0.407633 0.107880 0.405646 0.108125 0.402615 0.113148 0.401443 0.113046 0.398922 0.110972 0.397521 0.109810 0.395187 0.110560 0.392995 0.112801 0.390242 0.115287 0.388469 0.118773 0.388094 0.120269
1 0.390242 0.115287 0.398177 0.113769 0.401443 0.113046 0.402615 0.113148 0.402529 0.114509 0.396018 0.115713 0.389378 0.117009
10 0.388094 0.120269 0.387526 0.124537 0.387526 0.128009 0.387526 0.129491 0.395560 0.129755 0.395560 0.128505 0.402109 0.122037 0.404479 0.119954 0.402266 0.116310 0.402529 0.114509 0.396018 0.115713 0.389378 0.117009 0.388469 0.118773
10 0.390242 0.115287 0.392995 0.112801 0.395187 0.110560 0.397521 0.109810 0.398922 0.110972 0.401443 0.113046 0.398177 0.113769
2 0.397487 0.127801 0.404727 0.121736 0.412552 0.133852 0.404479 0.119954 0.402109 0.122037 0.395560 0.128505
2 0.391003 0.131505 0.382070 0.142847 0.381341 0.143958 0.381289 0.145579 0.382253 0.146597 0.383112 0.146690 0.390716 0.136412 0.395091 0.131644
1 0.378060 0.128218 0.380742 0.129051 0.387526 0.129491 0.395560 0.129755 0.404380 0.129505 0.406966 0.131884 0.405911 0.131815 0.395091 0.131644 0.391003 0.131505 0.386711 0.131870 0.382987 0.131731 0.381138 0.131407 0.379706 0.130898 0.378664 0.130574 0.377883 0.129972
1 0.349206 0.206255 0.360534 0.196903 0.360716 0.198755 0.350586 0.207690
2 0.356833 0.212412 0.361391 0.206069 0.361456 0.207134 0.361651 0.207921 0.362305 0.210745 0.358945 0.214912 0.357404 0.212912
2 0.380781 0.194907 0.387880 0.189074 0.389703 0.191481 0.381667 0.199074
1 0.388633 0.197972 0.385195 0.203944 0.385560 0.205148 0.385951 0.205565 0.389414 0.199824
10 0.389424 0.160597 0.387003 0.158231 0.385995 0.156083 0.385229 0.155579 0.384706 0.154648 0.384706 0.152426 0.385229 0.150991 0.386318 0.150704 0.387406 0.148769 0.388617 0.146972 0.391359 0.146185 0.392852 0.146185 0.395521 0.148157 0.397188 0.150009 0.397682 0.154130 0.397208 0.157657 0.395878 0.159167 0.394266 0.160384 0.392490 0.161102 0.391602 0.161245 0.390956 0.163398 0.390232 0.163468 0.389667 0.162537
2 0.335430 0.178296 0.348336 0.175606 0.348227 0.207190
2 0.348331 0.194315 0.363956 0.186856 0.361534 0.191579 0.360492 0.196394 0.360534 0.196903 0.349206 0.206255 0.350586 0.207690 0.360716 0.198755 0.361391 0.206069 0.356833 0.212412 0.355172 0.210991 0.351896 0.209750 0.349385 0.209750 0.348227 0.207190
2 0.362305 0.210745 0.364581 0.220421 0.363714 0.219917 0.360297 0.216444 0.358945 0.214912
2 0.348237 0.187106 0.351128 0.185486 0.352977 0.188819 0.348263 0.193218
2 0.335971 0.172569 0.364148 0.167014 0.364669 0.168125 0.367612 0.164931 0.373393 0.163773 0.377065 0.170440 0.377651 0.171241 0.378250 0.170639 0.379057 0.166750 0.379734 0.162306 0.378536 0.159991 0.383198 0.152722 0.384706 0.154648 0.385229 0.155579 0.385995 0.156083 0.387003 0.158231 0.389424 0.160597 0.389667 0.162537 0.388536 0.165361 0.386766 0.168046 0.386560 0.170824 0.386089 0.172676 0.382182 0.176426 0.377104 0.177815 0.376740 0.173370 0.373302 0.173556 0.373484 0.178278 0.365776 0.181194 0.359422 0.183185 0.351128 0.185486 0.348237 0.187106 0.348336 0.175606 0.335430 0.178296
2 0.364148 0.167014 0.363281 0.163472 0.364766 0.161111 0.370130 0.156574 0.372083 0.160880 0.367612 0.164931 0.364669 0.168125
2 0.370130 0.156574 0.369948 0.155556 0.370000 0.153843 0.369427 0.152083 0.367891 0.147546 0.367240 0.145278 0.367604 0.141898 0.370078 0.138056 0.372604 0.134167 0.373698 0.133148 0.378021 0.135417 0.375599 0.137407 0.371250 0.142824 0.370755 0.144259 0.373620 0.150926 0.374479 0.153843 0.378536 0.159991 0.379734 0.162306 0.379057 0.166750 0.378250 0.170639 0.377651 0.171241 0.377065 0.170440 0.373393 0.163773 0.372083 0.160880
14 0.320477 0.140227 0.350953 0.133426 0.353615 0.136079 0.355526 0.139398 0.356786 0.141060 0.358141 0.142384 0.358141 0.144463 0.358047 0.145620 0.358375 0.147861 0.359026 0.146699 0.360240 0.145208 0.361453 0.144542 0.363508 0.145042 0.365841 0.148278 0.365982 0.158153 0.357161 0.161222 0.355620 0.168523 0.335971 0.172569 0.335784 0.169435 0.332471 0.169931
2 0.332471 0.169931 0.335430 0.178296 0.335971 0.172569 0.335784 0.169435
1 0.319875 0.138949 0.322526 0.126843 0.325057 0.119556 0.326323 0.116824 0.327167 0.115273 0.332404 0.108630 0.339305 0.100597 0.343281 0.096894 0.348711 0.092940 0.353591 0.090102 0.354164 0.089833 0.353893 0.091440 0.348919 0.094278 0.343589 0.098296 0.339792 0.101616 0.332953 0.109921 0.327620 0.116454 0.325958 0.119565 0.325268 0.122134 0.323250 0.127597 0.320477 0.140227
1 0.355846 0.089037 0.359854 0.086463 0.360245 0.087481 0.356448 0.090213
2 0.354164 0.089833 0.354375 0.089259 0.355026 0.088981 0.355846 0.089037 0.356448 0.090213 0.357214 0.091898 0.357187 0.093194 0.356979 0.095000 0.357604 0.095926 0.358438 0.096157 0.358411 0.098380 0.358255 0.100278 0.353464 0.107870 0.340625 0.125509 0.336797 0.131389 0.334297 0.134722 0.332135 0.135833 0.331224 0.134352 0.328281 0.136528 0.324010 0.139398 0.320477 0.140227 0.322318 0.131713 0.324375 0.130278 0.330339 0.123935 0.336797 0.118194 0.340417 0.115417 0.341536 0.114907 0.344818 0.110648 0.346771 0.108333 0.349531 0.102593 0.352865 0.096574 0.353893 0.091440
2 0.317448 0.133750 0.321388 0.131954 0.319875 0.138949
2 0.373698 0.133148 0.365451 0.128454 0.359557 0.124611 0.353492 0.121079 0.350216 0.119468 0.349763 0.118417 0.350112 0.116370 0.351193 0.113954 0.352586 0.112778 0.355620 0.114014 0.363602 0.119347 0.373818 0.127032 0.377883 0.129972 0.378664 0.130574 0.386961 0.136574 0.384695 0.139611 0.377896 0.135458
6 0.353760 0.107273 0.354255 0.108477 0.370349 0.114264 0.369552 0.112866 0.366984 0.106894 0.366651 0.105560 0.357198 0.101856
14 0.346044 0.134597 0.346135 0.129991 0.346888 0.124796 0.347672 0.122227 0.348755 0.119866 0.349763 0.118417 0.350216 0.119468 0.353492 0.121079 0.359557 0.124611 0.365451 0.128454 0.373698 0.133148 0.372604 0.134167 0.370078 0.138056 0.367604 0.141898 0.367240 0.145278 0.367891 0.147546 0.369427 0.152083 0.370000 0.153843 0.369948 0.155556 0.370130 0.156574 0.365948 0.154056 0.365841 0.148278 0.363508 0.145042 0.361453 0.144542 0.360240 0.145208 0.359026 0.146699 0.358375 0.147861 0.358047 0.145620 0.358141 0.144463 0.358141 0.142384 0.356786 0.141060 0.355526 0.139398 0.353615 0.136079 0.350953 0.133426
14 0.385716 0.143083 0.387406 0.148769 0.386318 0.150704 0.385229 0.150991 0.384706 0.152426 0.384706 0.154648 0.383198 0.152722 0.378536 0.159991 0.374479 0.153843 0.373620 0.150926 0.370755 0.144259 0.371250 0.142824 0.375599 0.137407 0.378021 0.135417 0.384695 0.139611 0.382070 0.142847 0.381341 0.143958 0.381289 0.145579 0.382253 0.146597 0.383112 0.146690
10 0.385716 0.143083 0.390716 0.136412 0.395091 0.131644 0.405911 0.131815 0.395651 0.142509 0.395521 0.148157 0.392852 0.146185 0.391359 0.146185 0.388617 0.146972 0.387406 0.148769
10 0.411654 0.134616 0.407409 0.130773 0.403216 0.127208 0.400326 0.126884 0.397487 0.127801 0.404727 0.121736 0.412552 0.133852
10 0.395560 0.129755 0.397643 0.129153 0.399414 0.128366 0.401133 0.128042 0.403294 0.128366 0.404380 0.129505
10 0.387638 0.131750 0.387690 0.135731 0.391003 0.131505
2 0.373464 0.182454 0.373484 0.178278 0.373302 0.173556 0.376740 0.173370 0.377104 0.177815 0.377224 0.181583 0.375073 0.183269
2 0.428549 0.082171 0.431839 0.092361 0.430354 0.094630 0.426831 0.095181
1 0.378591 0.186856 0.389914 0.184356 0.400852 0.182616 0.413055 0.180449 0.421875 0.179889 0.419922 0.182370 0.409604 0.183731 0.399919 0.185481 0.379503 0.189403 0.377315 0.189634 0.377081 0.187134
1 0.396341 0.168292 0.389477 0.176037 0.381013 0.186315 0.383802 0.185713 0.393922 0.173269 0.397943 0.168981 0.398802 0.165787 0.396333 0.168287
1 0.405784 0.158032 0.416484 0.146435 0.418880 0.144176 0.419583 0.145185 0.405208 0.160833
1 0.375049 0.183236 0.382891 0.177130 0.392318 0.168519 0.399479 0.161759 0.398906 0.164074 0.383406 0.178394 0.376378 0.183995
2 0.395495 0.186296 0.384909 0.188343 0.387880 0.189074 0.389703 0.191481 0.385872 0.195056 0.386654 0.201259 0.388633 0.197972 0.389414 0.199824 0.386940 0.203806 0.387122 0.209639 0.387456 0.210843 0.390755 0.210880 0.392995 0.211481 0.395417 0.209444 0.396432 0.208333 0.398307 0.205324 0.407268 0.190551 0.409112 0.192162 0.409742 0.193218 0.413086 0.190301 0.409635 0.183796 0.399919 0.185481
