0 0.458081 0.206329 0.453458 0.209106 0.451333 0.211106 0.450583 0.214551 0.451708 0.218995 0.452083 0.222435 0.449833 0.229435 0.448021 0.232991 0.448823 0.233630 0.449482 0.233968 0.454646 0.240875 0.461474 0.250204 0.466034 0.251426 0.466784 0.255204 0.460724 0.256093 0.455789 0.255537 0.454727 0.251204 0.452914 0.248759 0.448104 0.248981 0.446979 0.249648 0.438669 0.250093 0.432047 0.251759 0.425773 0.256505 0.421961 0.262722 0.420148 0.268278 0.420081 0.274176 0.418263 0.282718 0.417745 0.286759 0.418062 0.293792 0.419518 0.301546 0.420732 0.303690 0.423956 0.302833 0.424922 0.299602 0.427628 0.296667 0.430615 0.294944 0.431984 0.293005 0.435052 0.285759 0.437125 0.282481 0.439987 0.280630 0.443536 0.280838 0.452044 0.281417 0.456326 0.280431 0.452544 0.287250 0.448010 0.295690 0.441237 0.311019 0.440318 0.315718 0.438214 0.316773 0.436758 0.319171 0.435714 0.324259 0.435417 0.332343 0.435417 0.339245 0.435505 0.345208 0.435857 0.350542 0.435464 0.350856 0.435422 0.353731 0.436273 0.356829 0.436870 0.360782 0.438174 0.365681 0.442130 0.372921 0.443581 0.373843 0.449458 0.372431 0.451839 0.367032 0.456370 0.354426 0.460706 0.341810 0.461854 0.337898 0.459831 0.329347 0.458857 0.324569 0.459273 0.319981 0.462586 0.314773 0.468065 0.305852 0.468378 0.296190 0.474687 0.295856 0.480872 0.295190 0.482560 0.302301 0.481747 0.304634 0.485060 0.313407 0.487685 0.320958 0.483940 0.331699 0.482943 0.335921 0.482755 0.338921 0.485315 0.345250 0.490615 0.356347 0.496107 0.365347 0.499867 0.370620 0.501310 0.373574 0.506516 0.377176 0.509190 0.374866 0.512013 0.366634 0.512664 0.363167 0.512013 0.358028 0.513888 0.346843 0.514326 0.331681 0.512839 0.319995 0.511750 0.314338 0.508065 0.311639 0.502859 0.311509 0.496299 0.291579 0.492320 0.279884 0.495938 0.279630 0.500560 0.280005 0.508227 0.278472 0.514956 0.276639 0.518354 0.278565 0.522503 0.289759 0.523958 0.291292 0.530656 0.294269 0.537667 0.298778 0.540693 0.304153 0.542904 0.307898 0.543766 0.303199 0.544198 0.289083 0.544417 0.277083 0.544063 0.274444 0.543620 0.272176 0.542943 0.268935 0.542500 0.267269 0.541297 0.263245 0.538635 0.259014 0.537331 0.256690 0.538542 0.255028 0.538773 0.252704 0.535693 0.247727 0.532477 0.245153 0.529440 0.244407 0.527852 0.245153 0.526409 0.247727 0.524279 0.246463 0.523154 0.231912 0.521841 0.222801 0.520260 0.210676 0.517018 0.205773 0.510326 0.202421 0.507628 0.199343 0.504385 0.198491 0.499255 0.201079 0.495206 0.207032 0.492451 0.212019 0.488570 0.220069 0.485435 0.217292
2 0.612591 0.433806 0.613802 0.432801 0.614607 0.432657 0.616180 0.430361 0.616260 0.429505 0.616867 0.428644 0.617674 0.428644 0.618318 0.430148 0.619247 0.433875 0.617956 0.436389 0.616141 0.438968 0.615414 0.439542 0.613680 0.442481 0.612310 0.445852 0.611703 0.445926 0.610654 0.444060 0.610573 0.443144 0.611099 0.442926 0.610857 0.441204 0.610091 0.438981 0.610453 0.437963 0.611380 0.436102
6 0.391341 0.228106 0.392922 0.236074 0.394833 0.250370 0.395729 0.259264 0.393398 0.258361 0.391229 0.256028 0.390893 0.255315 0.389977 0.247310 0.388956 0.243361 0.387703 0.237093 0.386734 0.233745 0.387273 0.231259
6 0.391198 0.258009 0.390919 0.261741 0.392060 0.267412 0.393029 0.272375 0.394508 0.272880 0.396161 0.271662 0.397185 0.269843 0.396786 0.266194 0.395648 0.260727 0.392630 0.259208
1 0.553784 0.285630 0.553784 0.278963 0.553820 0.275431 0.553490 0.270333 0.552497 0.270269 0.551945 0.271574 0.552461 0.277394 0.552388 0.282491 0.552055 0.287356 0.552693 0.287356 0.553458 0.288870
1 0.543620 0.272176 0.544763 0.267426 0.545503 0.262528 0.545945 0.257625 0.546193 0.256227 0.548703 0.253074 0.549539 0.252375 0.550180 0.253597 0.549737 0.254648 0.546831 0.257190 0.546536 0.263662 0.545703 0.269074 0.544063 0.274444
1 0.542500 0.267269 0.543237 0.264889 0.542599 0.262352 0.541810 0.259199 0.542107 0.258324 0.542549 0.258588 0.543779 0.262875 0.544076 0.264977 0.543490 0.267176 0.542943 0.268935
6 0.588417 0.358278 0.586065 0.352815 0.583956 0.347940 0.583083 0.345477 0.580943 0.346333 0.580732 0.348366 0.581878 0.352333 0.584440 0.358116 0.586156 0.360847 0.586969 0.360528 0.587188 0.359676 0.588266 0.359565
6 0.592615 0.363583 0.591547 0.364185 0.590948 0.365111 0.590818 0.367380 0.591260 0.368537 0.592500 0.370926 0.593411 0.371806 0.594661 0.370556 0.595182 0.369167 0.594714 0.366944 0.593370 0.364324
8 0.597708 0.466250 0.589216 0.466931 0.582523 0.466486 0.580516 0.466782 0.579846 0.469606 0.584698 0.469755 0.594737 0.469458 0.597495 0.469014 0.598216 0.466870
2 0.581073 0.371264 0.580708 0.366495 0.580482 0.362708 0.580422 0.360620 0.580724 0.360403 0.581568 0.360106 0.582714 0.360940 0.582635 0.362514 0.583000 0.363116 0.583000 0.367421 0.582974 0.368671 0.581615 0.371528
2 0.568060 0.409347 0.566404 0.407421 0.567247 0.405384 0.570591 0.402866 0.573453 0.401097 0.571586 0.404741 0.569023 0.410310
2 0.574557 0.400648 0.575443 0.401421 0.575469 0.405000 0.573958 0.406204 0.573594 0.407315 0.573961 0.408111 0.572190 0.409454 0.569867 0.410741 0.572641 0.405009
2 0.575148 0.366241 0.574185 0.367528 0.573464 0.371065 0.572469 0.374597 0.572549 0.376917 0.573383 0.377889 0.578594 0.378241 0.579661 0.376130 0.579867 0.373583 0.580104 0.372824 0.579974 0.369213 0.577760 0.368704 0.575729 0.366870
2 0.587760 0.429491 0.581174 0.429301 0.577581 0.428972 0.576599 0.429056 0.576646 0.434861 0.575807 0.439755 0.574966 0.444736 0.575294 0.448884 0.575667 0.451292 0.577581 0.452037 0.579448 0.454111 0.580893 0.454361 0.581875 0.452866 0.584068 0.451292 0.585328 0.448968 0.587896 0.438676 0.588268 0.435028
2 0.593464 0.420880 0.593943 0.423958 0.594711 0.427375 0.595365 0.429815 0.597917 0.430926 0.597979 0.427764 0.597651 0.424690 0.596469 0.419366 0.595651 0.420648 0.594349 0.421065
2 0.610091 0.438981 0.610857 0.441204 0.611099 0.442926 0.610573 0.443144 0.607750 0.443787 0.603555 0.444935 0.598232 0.446370 0.597828 0.445653 0.597867 0.442208 0.598997 0.441852 0.602951 0.440921 0.608880 0.439074
2 0.617630 0.451574 0.619359 0.447782 0.620086 0.447278 0.620086 0.445199 0.622586 0.439032 0.626742 0.428134 0.628719 0.423255 0.630331 0.423972 0.632227 0.427130 0.631258 0.430644 0.626055 0.444051 0.623232 0.451653 0.620932 0.457176 0.619359 0.457032 0.618229 0.455671 0.617667 0.454736 0.618307 0.453148
2 0.630391 0.473333 0.631255 0.470375 0.632547 0.470130 0.632930 0.468889 0.634917 0.467028 0.637008 0.463745 0.638648 0.462319 0.640740 0.460213 0.642273 0.464736 0.642586 0.467523 0.644784 0.471861 0.643935 0.477824 0.644784 0.477824 0.645083 0.478356 0.645263 0.480398 0.644148 0.480875 0.643758 0.482593 0.644661 0.483181 0.644661 0.486662 0.643336 0.486606 0.642021 0.487759 0.640198 0.490301 0.637958 0.492060 0.637099 0.492435 0.636396 0.491690 0.634419 0.482944 0.635536 0.479838 0.635643 0.477713 0.635406 0.476690 0.634625 0.476741 0.633534 0.478222 0.632214 0.477454
2 0.663073 0.570995 0.663909 0.569634 0.664641 0.570255 0.665372 0.571741 0.666628 0.571801 0.668336 0.574218 0.668651 0.576019 0.669940 0.579116 0.671474 0.584259 0.671719 0.587361 0.670044 0.586676 0.667534 0.584694 0.664885 0.581532 0.664013 0.580231 0.663281 0.574157
2 0.665492 0.585269 0.667500 0.587361 0.669997 0.589111 0.672159 0.590269 0.672497 0.592676 0.672367 0.594898 0.670180 0.595037 0.668539 0.595269 0.666560 0.589806
2 0.669057 0.597005 0.670938 0.596620 0.672260 0.596681 0.672339 0.601171 0.672617 0.604551 0.671680 0.604319 0.671211 0.602977 0.669318 0.597977
1 0.460573 0.184676 0.465104 0.182176 0.465234 0.183472 0.460833 0.186157
1 0.456891 0.185472 0.458987 0.189204 0.458786 0.200102 0.458081 0.206329 0.453458 0.209106 0.453583 0.204477 0.454549 0.194509 0.456083 0.187912
1 0.394922 0.358727 0.414164 0.389718 0.414607 0.387968 0.416625 0.386741 0.418349 0.385866 0.419529 0.388843 0.419578 0.390153 0.419036 0.390940 0.419234 0.394005 0.419036 0.397176 0.444805 0.436875 0.497122 0.516042 0.511240 0.537699 0.521526 0.570759 0.534583 0.611574 0.534635 0.606389 0.535365 0.604630 0.535677 0.602861 0.536492 0.602806 0.536974 0.601306 0.538359 0.598042 0.539656 0.593917 0.541945 0.594074 0.544357 0.594935 0.544294 0.597185 0.543542 0.599861 0.542758 0.600398 0.541253 0.602218 0.540167 0.605273 0.540885 0.605787 0.542578 0.602269 0.543620 0.601759 0.544557 0.601713 0.545781 0.606019 0.546354 0.606991 0.547474 0.608194 0.547786 0.609630 0.547534 0.610333 0.548940 0.619431 0.549349 0.622880 0.549609 0.624042 0.549273 0.615269 0.549273 0.610806 0.550026 0.607833 0.556049 0.611255 0.559729 0.611403 0.563576 0.613931 0.566505 0.616310 0.569013 0.616755 0.569391 0.617352 0.570654 0.617097 0.573036 0.618764 0.573169 0.623565 0.573456 0.626806 0.572333 0.629708 0.571539 0.634273 0.570836 0.638005 0.571396 0.639000 0.570888 0.644144 0.570469 0.646718 0.569482 0.646880 0.569021 0.648384 0.568563 0.650139 0.568563 0.658019 0.568469 0.662750 0.566695 0.661917 0.554234 0.654125 0.546956 0.649884 0.552464 0.667995 0.568195 0.715111 0.572352 0.729884 0.585177 0.738417 0.598771 0.720634 0.612164 0.704139 0.621359 0.691519 0.622943 0.683102 0.623620 0.678056 0.624622 0.673620 0.625740 0.671130 0.628120 0.667481 0.637768 0.656736 0.639263 0.652148 0.640917 0.649065 0.642932 0.644977 0.645190 0.641250 0.647448 0.637222 0.649193 0.637176 0.646482 0.643685 0.644263 0.647560 0.641883 0.652509 0.659841 0.632856 0.664401 0.628773 0.667344 0.625977 0.675734 0.613208 0.674727 0.587250 0.669643 0.560000 0.662060 0.520491 0.654518 0.483986 0.645763 0.440602 0.642779 0.443829 0.640602 0.437019 0.637656 0.432213 0.634833 0.431639 0.632815 0.428699 0.632573 0.425690 0.631042 0.418875 0.624438 0.414403 0.618698 0.410917 0.616411 0.410005 0.613656 0.408509 0.614727 0.407273 0.614232 0.406528 0.612878 0.407366 0.611263 0.408014 0.607539 0.406162 0.602466 0.403574 0.601419 0.403574 0.601055 0.402509 0.601034 0.401491 0.601396 0.400431 0.602008 0.400329 0.611406 0.404537 0.614773 0.406185 0.620500 0.409347 0.626865 0.412407 0.631906 0.415560 0.633664 0.416940 0.633664 0.415005 0.633299 0.412208 0.633341 0.403384 0.633138 0.397648 0.632292 0.389903 0.628458 0.381944 0.624586 0.377356 0.622328 0.376134 0.621078 0.376852 0.616117 0.360287 0.614383 0.353620 0.617125 0.341500 0.621320 0.322569 0.620313 0.320778 0.614987 0.343366 0.613979 0.348171 0.613172 0.349819 0.611719 0.343940 0.610672 0.340639 0.609500 0.341500 0.612526 0.351824 0.611841 0.354694 0.611034 0.359356 0.608857 0.364019 0.606354 0.368250 0.604216 0.369824 0.603411 0.367171 0.600667 0.364949 0.596667 0.363657 0.594896 0.362755 0.593609 0.362366 0.591068 0.356847 0.591349 0.352972 0.591430 0.347023 0.592680 0.340856 0.593932 0.335403 0.593810 0.333181 0.592438 0.336694 0.590542 0.345588 0.590180 0.352829 0.589979 0.355699 0.589172 0.354407 0.588164 0.352472 0.587922 0.350032 0.586107 0.349819 0.584935 0.350176 0.586065 0.352815 0.588417 0.358278 0.588266 0.359565 0.587188 0.359676 0.586969 0.360528 0.586156 0.360847 0.584440 0.358116 0.581878 0.352333 0.580732 0.348366 0.580016 0.346662 0.578604 0.345083 0.577878 0.344657 0.577836 0.343148 0.579893 0.344296 0.582273 0.344083 0.585138 0.343005 0.585581 0.342505 0.585057 0.341287 0.582596 0.342505 0.580258 0.342574 0.578924 0.341931 0.577513 0.341713 0.574167 0.328162 0.573844 0.326009 0.575214 0.326514 0.575779 0.325653 0.575013 0.324935 0.573237 0.324361 0.572391 0.320273 0.570779 0.317264 0.569688 0.315468 0.568438 0.315181 0.565130 0.316116 0.562711 0.317620 0.561057 0.319125 0.559565 0.319699 0.557628 0.319199 0.557831 0.317407 0.557708 0.315181 0.557219 0.314157 0.557049 0.311356 0.557813 0.306435 0.558776 0.305963 0.557458 0.304148 0.553161 0.300440 0.550779 0.298931 0.548096 0.296356 0.546396 0.294921 0.544820 0.292954 0.545927 0.289926 0.545969 0.288037 0.545458 0.287505 0.544276 0.287074 0.544198 0.289083 0.543766 0.303199 0.542904 0.307898 0.540693 0.304153 0.537667 0.298778 0.530656 0.294269 0.523958 0.291292 0.522503 0.289759 0.518354 0.278565 0.514956 0.276639 0.508227 0.278472 0.500560 0.280005 0.495938 0.279630 0.492320 0.279884 0.496299 0.291579 0.502859 0.311509 0.508065 0.311639 0.511750 0.314338 0.512839 0.319995 0.514326 0.331681 0.513888 0.346843 0.512013 0.358028 0.512664 0.363167 0.512013 0.366634 0.509190 0.374866 0.506516 0.377176 0.501310 0.373574 0.499867 0.370620 0.496107 0.365347 0.490615 0.356347 0.485315 0.345250 0.482755 0.338921 0.482943 0.335921 0.483940 0.331699 0.487685 0.320958 0.485060 0.313407 0.481747 0.304634 0.482560 0.302301 0.480872 0.295190 0.468378 0.296190 0.468065 0.305852 0.462586 0.314773 0.459273 0.319981 0.458857 0.324569 0.459831 0.329347 0.461854 0.337898 0.460706 0.341810 0.456370 0.354426 0.451839 0.367032 0.449458 0.372431 0.443581 0.373843 0.442130 0.372921 0.438174 0.365681 0.436870 0.360782 0.436273 0.356829 0.433591 0.357662 0.432784 0.358722 0.431039 0.359630 0.428826 0.359931 0.427039 0.350856 0.426328 0.347361 0.428953 0.346694 0.431719 0.346620 0.432698 0.348134 0.433891 0.350931 0.432995 0.346620 0.429901 0.345444 0.426563 0.345509 0.424714 0.346778 0.421125 0.349412 0.417023 0.352958 0.413266 0.355083 0.410987 0.354880 0.407112 0.355690 0.404323 0.357106 0.400781 0.358935 0.395664 0.359537
2 0.542029 0.505255 0.542151 0.515644 0.542221 0.521843 0.543057 0.522259 0.543057 0.522861 0.542143 0.522815 0.542198 0.527676 0.543266 0.527676 0.543438 0.525384 0.544562 0.525023 0.544443 0.510824 0.544443 0.505519
2 0.501622 0.494824 0.500036 0.489514 0.501437 0.486444 0.503956 0.484287 0.507784 0.481134 0.510117 0.478894 0.511096 0.482546 0.512031 0.487190 0.512779 0.490593 0.508250 0.494824 0.505208 0.498981 0.503023 0.500218
8 0.619661 0.513380 0.614497 0.511801 0.609896 0.510556 0.605263 0.509495 0.601375 0.507671 0.597919 0.505657 0.596406 0.506523 0.596245 0.507963 0.596839 0.509690 0.602456 0.512088 0.606828 0.513625 0.612214 0.515185 0.615547 0.515694 0.619922 0.516250
8 0.624635 0.514769 0.628411 0.514815 0.632500 0.514954 0.630391 0.516417 0.629609 0.517176 0.626383 0.517153 0.625026 0.517153 0.624974 0.515856
1 0.451333 0.211106 0.452115 0.210398 0.451740 0.201509 0.453302 0.191292 0.455424 0.184625 0.455674 0.182847 0.453927 0.182958 0.452115 0.178407 0.450927 0.177074 0.447740 0.177185 0.445930 0.178852 0.447365 0.172630 0.449615 0.163523 0.448552 0.163079 0.446865 0.169185 0.445055 0.176963 0.444492 0.179741 0.442805 0.179074 0.442492 0.175630 0.441555 0.174407 0.439555 0.171630 0.438557 0.170741 0.437432 0.168190 0.438557 0.165412 0.439555 0.160745 0.439492 0.152194 0.439367 0.147083 0.438557 0.147417 0.438495 0.155412 0.438557 0.159856 0.436682 0.160523 0.432057 0.163301 0.432057 0.155745 0.431682 0.152083 0.430807 0.151972 0.430435 0.153972 0.431057 0.163856 0.429747 0.164412 0.428247 0.156079 0.427247 0.156856 0.427872 0.160968 0.425435 0.163190 0.422997 0.160523 0.422810 0.161745 0.424622 0.163968 0.421625 0.164190 0.419875 0.163634 0.417750 0.162856 0.417500 0.160523 0.419000 0.157523 0.419750 0.156745 0.419375 0.155634 0.418750 0.156190 0.417063 0.159634 0.416625 0.161523 0.416375 0.164745 0.415500 0.165190 0.414813 0.166190 0.411128 0.160079 0.409315 0.157079 0.410503 0.155968 0.411190 0.153750 0.410815 0.152639 0.410128 0.151528 0.412003 0.150750 0.414065 0.148750 0.415438 0.145972 0.414378 0.144639 0.413815 0.146639 0.411940 0.148861 0.410190 0.149639 0.409378 0.146083 0.407815 0.145556 0.406180 0.142875 0.405867 0.141644 0.405237 0.139745 0.403982 0.139523 0.402661 0.140861 0.401719 0.140977 0.400526 0.139856 0.399206 0.139968 0.398388 0.140977 0.397320 0.142764 0.396693 0.142875 0.395435 0.142986 0.394180 0.143319 0.392672 0.144102 0.390599 0.144995 0.389594 0.145778 0.388398 0.147231 0.386703 0.148347 0.385885 0.149241 0.386326 0.150356 0.387268 0.151921 0.387771 0.152370 0.389404 0.152255 0.390724 0.151588 0.391352 0.151361 0.391901 0.153139 0.391221 0.155560 0.392779 0.155907 0.395115 0.156079 0.396086 0.155736 0.396865 0.154176 0.398617 0.154352 0.397935 0.158505 0.397060 0.160407 0.394120 0.161426 0.392857 0.162120 0.390422 0.162639 0.388281 0.163676 0.384971 0.165231 0.382539 0.167829 0.382635 0.171116 0.383122 0.176134 0.381857 0.177690 0.381370 0.178384 0.380495 0.179593 0.378063 0.178731 0.373974 0.177347 0.372417 0.178731 0.373195 0.181324 0.386333 0.185130 0.384875 0.188764 0.384583 0.189977 0.384971 0.192917 0.388255 0.195532 0.390419 0.195736 0.393099 0.197778 0.393096 0.199991 0.391388 0.201102 0.389224 0.204241 0.388539 0.206569 0.388370 0.211532 0.386260 0.212343 0.381818 0.213356 0.381125 0.214634 0.380005 0.215338 0.378159 0.214718 0.376708 0.213681 0.374828 0.215301 0.373349 0.216514 0.373120 0.211653 0.370664 0.207106 0.369302 0.205546 0.368815 0.203819 0.366966 0.200875 0.358013 0.198625 0.357135 0.198282 0.352896 0.197954 0.352958 0.199954 0.356958 0.200731 0.355958 0.202620 0.353458 0.204954 0.352021 0.205398 0.351208 0.208176 0.351333 0.210949 0.348773 0.213949 0.347049 0.216273 0.345909 0.223968 0.344599 0.228019 0.341922 0.227815 0.339583 0.226620 0.340052 0.216250 0.343174 0.212426 0.342464 0.211727 0.335964 0.212394 0.330466 0.212282 0.330216 0.208287 0.332466 0.201176 0.334901 0.196843 0.337651 0.192625 0.338901 0.192736 0.339214 0.191292 0.337589 0.190736 0.336464 0.192403 0.334279 0.195958 0.331904 0.199620 0.329591 0.206287 0.328904 0.214282 0.328279 0.216394 0.328404 0.222949 0.326094 0.225944 0.325781 0.228500 0.327279 0.230500 0.326779 0.232944 0.325531 0.233389 0.323469 0.229611 0.322844 0.229611 0.322906 0.230500 0.324719 0.233833 0.323031 0.234722 0.322594 0.231167 0.322094 0.229833 0.320406 0.227722 0.320219 0.228278 0.322031 0.233056 0.320781 0.231278 0.319469 0.230389 0.319031 0.232389 0.358083 0.298699 0.380234 0.335000 0.381094 0.327486 0.382477 0.327019 0.384323 0.327838 0.385112 0.329481 0.386695 0.333699 0.386695 0.335338 0.385839 0.338269 0.383596 0.340727 0.394922 0.358727 0.394867 0.357819 0.397820 0.357125 0.397544 0.357208 0.400339 0.356296 0.404435 0.354676 0.408411 0.353565 0.407682 0.350509 0.410018 0.350528 0.411727 0.349819 0.414518 0.348602 0.415828 0.347894 0.416682 0.349009 0.418107 0.348500 0.419872 0.346273 0.421753 0.345463 0.424997 0.344551 0.425888 0.344264 0.424563 0.337991 0.422888 0.327796 0.425977 0.325912 0.429594 0.324190 0.433563 0.329366 0.431888 0.334542 0.431268 0.337366 0.431268 0.341287 0.432857 0.341130 0.432417 0.336111 0.434268 0.330148 0.435417 0.332343 0.435714 0.324259 0.436758 0.319171 0.438214 0.316773 0.440318 0.315718 0.441237 0.311019 0.448010 0.295690 0.452544 0.287250 0.456326 0.280431 0.452044 0.281417 0.443536 0.280838 0.439987 0.280630 0.437125 0.282481 0.435052 0.285759 0.431984 0.293005 0.430615 0.294944 0.427628 0.296667 0.424922 0.299602 0.423956 0.302833 0.420732 0.303690 0.419518 0.301546 0.418062 0.293792 0.417745 0.286759 0.418263 0.282718 0.420081 0.274176 0.420148 0.268278 0.421961 0.262722 0.425773 0.256505 0.432047 0.251759 0.438669 0.250093 0.446979 0.249648 0.448104 0.248981 0.452914 0.248759 0.454727 0.251204 0.455789 0.255537 0.460724 0.256093 0.466784 0.255204 0.466034 0.251426 0.461474 0.250204 0.454646 0.240875 0.449482 0.233968 0.449372 0.237046 0.448714 0.238315 0.448219 0.239389 0.446049 0.237435 0.446844 0.236069 0.447641 0.234944 0.448823 0.233630 0.448021 0.232991 0.449833 0.229435 0.452083 0.222435 0.451708 0.218995 0.450583 0.214551
8 0.428549 0.219653 0.432193 0.221056 0.434661 0.221759 0.437943 0.222963 0.440758 0.223769 0.441891 0.224995 0.441742 0.226394 0.440609 0.226917 0.435833 0.224722 0.428844 0.221403
8 0.519453 0.313750 0.517505 0.313042 0.516036 0.312907 0.515516 0.314606 0.515372 0.321412 0.516292 0.321736 0.517174 0.321083 0.517422 0.315185 0.519271 0.315648
8 0.594896 0.362755 0.594250 0.353574 0.594047 0.350347 0.594047 0.341241 0.593766 0.330412 0.593508 0.320111 0.593346 0.314801 0.594193 0.314514 0.595646 0.314588 0.595685 0.325630 0.595646 0.340477 0.596247 0.355699 0.596536 0.359769 0.596667 0.363657
8 0.602008 0.400329 0.611406 0.404537 0.614773 0.406185 0.620500 0.409347 0.626865 0.412407 0.631906 0.415560 0.637086 0.420375 0.639466 0.422449 0.641005 0.422699 0.641380 0.424690 0.640307 0.426764 0.632839 0.419713 0.624438 0.414403 0.618698 0.410917 0.616411 0.410005 0.613656 0.408509 0.614727 0.407273 0.614232 0.406528 0.612878 0.407366 0.611263 0.408014 0.607539 0.406162 0.602466 0.403574 0.601419 0.403574 0.601055 0.402509 0.601034 0.401491 0.601396 0.400431
8 0.591250 0.702130 0.591161 0.707949 0.592661 0.709500 0.594229 0.709750 0.594440 0.708199 0.593776 0.706958 0.593323 0.701565
8 0.590859 0.691759 0.590859 0.685139 0.590953 0.679074 0.591997 0.675907 0.592378 0.676597 0.592555 0.684838 0.592698 0.689356
8 0.590885 0.693750 0.591023 0.697042 0.591544 0.697537 0.592974 0.697292 0.593078 0.691032
2 0.437734 0.245046 0.440365 0.244648 0.443003 0.241718 0.443880 0.240597 0.444568 0.239912 0.444458 0.239227 0.445089 0.238495 0.446297 0.238935 0.447068 0.239667 0.447122 0.241083 0.442232 0.247338 0.441547 0.248509 0.435969 0.249926
2 0.446049 0.237435 0.446844 0.236069 0.447641 0.234944 0.448823 0.233630 0.449482 0.233968 0.449372 0.237046 0.448714 0.238315 0.448219 0.239389
2 0.426224 0.206019 0.431344 0.202875 0.434396 0.201037 0.434841 0.202787 0.435036 0.205417 0.434594 0.206991 0.435234 0.206903 0.436513 0.204542 0.437826 0.201898 0.438422 0.201977 0.438630 0.203403 0.438581 0.206204 0.437547 0.208301 0.436417 0.210227 0.435086 0.212505 0.432724 0.214431 0.429031 0.209968
2 0.426456 0.182912 0.424880 0.181338 0.423503 0.179500 0.422862 0.178889 0.422812 0.176435 0.424240 0.175213 0.425227 0.174338 0.426406 0.175648 0.427589 0.177398
2 0.340839 0.246875 0.340003 0.250551 0.339659 0.253352 0.340544 0.254051 0.342169 0.254486 0.342365 0.253611 0.343349 0.254398 0.344875 0.253264 0.344729 0.248361 0.343438 0.246343 0.342513 0.244333 0.341529 0.245384
2 0.379255 0.197861 0.378969 0.200903 0.379312 0.204241 0.380109 0.207079 0.381646 0.211736 0.381818 0.213356 0.386260 0.212343 0.388370 0.211532 0.388539 0.206569 0.389224 0.204241 0.391388 0.201102 0.393096 0.199991 0.393099 0.197778 0.390419 0.195736 0.388255 0.195532 0.379596 0.196648
2 0.383646 0.223565 0.383313 0.220472 0.384292 0.219639 0.384971 0.218125 0.387482 0.217745 0.388375 0.216991 0.389906 0.217898 0.390247 0.218958 0.386375 0.221681
2 0.380234 0.335000 0.381094 0.327486 0.382477 0.327019 0.384323 0.327838 0.385112 0.329481 0.386695 0.333699 0.386695 0.335338 0.385839 0.338269 0.383596 0.340727
2 0.377409 0.287806 0.381232 0.288389 0.384328 0.288625 0.383932 0.296120 0.383734 0.301042 0.381956 0.300690 0.381232 0.300574
2 0.414164 0.389718 0.414607 0.387968 0.416625 0.386741 0.418349 0.385866 0.419529 0.388843 0.419578 0.390153 0.419036 0.390940 0.419234 0.394005 0.419036 0.397176
2 0.575469 0.364630 0.576807 0.359120 0.577891 0.357028 0.578917 0.356120 0.580271 0.357190 0.581237 0.358745 0.580724 0.360403 0.580422 0.360620 0.580482 0.362708 0.580422 0.366616 0.579870 0.367593 0.578312 0.367366 0.576328 0.365509
2 0.552323 0.341074 0.551411 0.335750 0.552977 0.334125 0.555190 0.333662 0.556622 0.331579 0.559099 0.326944 0.561315 0.327176 0.563138 0.329495 0.565875 0.330653 0.568479 0.333662 0.570435 0.336213 0.573172 0.338991 0.574995 0.341074 0.576036 0.344319 0.575385 0.346403 0.573172 0.348486 0.569914 0.350343 0.566135 0.351963 0.563008 0.351500 0.560271 0.350343 0.557536 0.349181 0.555971 0.348023 0.554409 0.345940
2 0.546802 0.373245 0.544695 0.367870 0.543453 0.362491 0.541510 0.356157 0.542656 0.354259 0.544263 0.351167 0.545721 0.354907 0.549448 0.366431 0.550635 0.371903 0.548961 0.370940 0.548693 0.372287 0.550258 0.373245 0.549664 0.374782 0.547341 0.374491
2 0.340052 0.216250 0.343174 0.212426 0.346479 0.209792 0.347674 0.205741 0.349612 0.205944 0.350068 0.206958 0.349953 0.209894 0.348815 0.210602 0.347563 0.213032 0.347049 0.216273 0.345909 0.223968 0.344599 0.228019 0.341922 0.227815 0.339583 0.226620
2 0.351510 0.229259 0.359531 0.224606 0.361995 0.223384 0.366622 0.221546 0.366966 0.224259 0.366326 0.224870 0.366375 0.226356 0.361503 0.228810 0.357031 0.231019 0.354362 0.231958 0.351706 0.230208
2 0.373349 0.216514 0.373120 0.211653 0.373120 0.205375 0.373234 0.202644 0.373747 0.201426 0.374771 0.201426 0.376880 0.204468 0.377336 0.205375 0.376424 0.207403 0.376766 0.211148 0.376708 0.213681 0.374828 0.215301
2 0.372690 0.222481 0.373875 0.219088 0.374997 0.216977 0.380005 0.215338 0.381125 0.214634 0.382240 0.215694 0.382760 0.223889 0.380005 0.227171 0.377104 0.229866 0.375523 0.228694 0.375260 0.226000 0.373414 0.224829
2 0.375469 0.252593 0.374010 0.249023 0.372948 0.246000 0.373331 0.244185 0.376307 0.241838 0.377286 0.241917 0.378352 0.242898 0.378862 0.245093 0.380776 0.247287 0.382138 0.248343 0.384435 0.248421 0.385797 0.251069 0.387711 0.253185 0.387500 0.254852 0.382224 0.252806 0.378776 0.251144 0.377372 0.250764 0.375841 0.251824
2 0.388099 0.251806 0.388562 0.250463 0.388477 0.245847 0.387500 0.245167 0.384945 0.246755 0.386604 0.250083
2 0.377318 0.258981 0.375919 0.254324 0.376289 0.252954 0.377612 0.251644 0.379635 0.252824 0.383716 0.254458 0.388719 0.257005 0.388792 0.256028 0.387578 0.254782 0.387615 0.253870 0.388977 0.254981 0.390997 0.257727 0.390779 0.263611 0.388203 0.263676 0.387026 0.263806 0.386622 0.262954 0.386401 0.261190 0.385042 0.260866 0.383570 0.258708 0.382357 0.260602 0.381107 0.261713 0.379305 0.263412 0.377023 0.262106 0.378531 0.259556 0.378672 0.258704 0.378099 0.257917
2 0.393464 0.240199 0.394003 0.240028 0.397760 0.243194 0.399724 0.245005 0.401250 0.246134 0.402370 0.246435 0.403568 0.247315 0.402656 0.249630 0.399844 0.248333 0.395529 0.244778 0.393909 0.243648
2 0.428167 0.179208 0.432763 0.187000 0.433104 0.187829 0.433953 0.187907 0.436294 0.191917 0.434763 0.193125 0.433742 0.194412 0.433232 0.195926 0.432167 0.196380 0.429315 0.196833 0.427104 0.190931 0.427273 0.188736 0.426594 0.187907
2 0.436797 0.198935 0.437826 0.201898 0.438422 0.201977 0.440081 0.201977 0.439911 0.200991 0.438846 0.197889
2 0.414896 0.251759 0.412513 0.252815 0.409961 0.254477 0.411492 0.259245 0.414216 0.257731
2 0.416003 0.251074 0.418130 0.249639 0.419789 0.247824 0.422682 0.246764 0.427151 0.245704 0.430299 0.244796 0.433021 0.245324 0.436901 0.244722 0.435065 0.249866 0.429320 0.251454 0.422299 0.253569 0.418555 0.255991 0.415151 0.257204
2 0.424932 0.373421 0.423742 0.371829 0.422594 0.368958 0.421656 0.366537 0.420849 0.364722 0.421104 0.363361 0.422039 0.363815 0.424977 0.367444 0.427315 0.371602 0.428385 0.373935 0.429615 0.378032 0.432508 0.380907 0.433188 0.381741 0.432891 0.383556 0.431698 0.383630 0.428549 0.381208 0.427529 0.380000 0.426677 0.377579 0.425828 0.375838
2 0.394922 0.358727 0.395664 0.359537 0.400781 0.358935 0.404323 0.357106 0.407112 0.355690 0.410987 0.354880 0.413266 0.355083 0.417023 0.352958 0.421125 0.349412 0.424714 0.346778 0.426479 0.345361 0.425888 0.344264 0.424997 0.344551 0.421753 0.345463 0.419872 0.346273 0.418107 0.348500 0.416682 0.349009 0.415828 0.347894 0.414518 0.348602 0.411727 0.349819 0.410018 0.350528 0.407682 0.350509 0.408411 0.353565 0.404435 0.354676 0.400339 0.356296 0.397544 0.357208 0.394867 0.357819
2 0.548839 0.302583 0.551815 0.303565 0.553729 0.305912 0.555008 0.308935 0.554880 0.310148 0.553646 0.311810 0.552922 0.312264 0.551560 0.312264 0.549732 0.311657 0.548326 0.310449 0.547815 0.309542 0.548198 0.307421 0.549177 0.306440 0.549221 0.304398 0.548284 0.303792
2 0.557813 0.306435 0.560964 0.307421 0.563602 0.307727 0.563346 0.311509 0.562622 0.316347 0.562029 0.317486 0.560622 0.317713 0.560885 0.315370 0.557219 0.314157 0.557049 0.311356
2 0.545458 0.287505 0.546820 0.282815 0.548352 0.283954 0.550651 0.285236 0.552055 0.287356 0.552693 0.287356 0.553458 0.288870 0.553841 0.290912 0.555586 0.292801 0.557286 0.296509 0.558224 0.298250 0.560010 0.298250 0.560307 0.299685 0.560393 0.304074 0.559714 0.305583 0.558776 0.305963 0.557458 0.304148 0.553161 0.300440 0.550779 0.298931 0.548096 0.296356 0.546396 0.294921 0.544820 0.292954 0.545927 0.289926 0.545969 0.288037
2 0.533432 0.320176 0.533654 0.322727 0.534315 0.324296 0.535641 0.324296 0.536596 0.325995 0.536742 0.328218 0.537331 0.332139 0.537880 0.336060 0.538643 0.338940 0.540169 0.339106 0.542966 0.340750 0.543984 0.341880 0.545380 0.341880 0.546333 0.338718 0.548180 0.336005 0.548654 0.335153 0.548180 0.333292 0.548008 0.330190 0.548008 0.326333 0.547234 0.325093 0.545654 0.323917 0.544292 0.318685 0.543042 0.316593 0.540799 0.314241 0.538005 0.314565 0.537086 0.313977 0.534437 0.316986 0.533224 0.318556
2 0.518984 0.341412 0.518690 0.334741 0.518581 0.328532 0.518875 0.323171 0.520323 0.322505 0.521589 0.323759 0.521589 0.325616 0.522578 0.330347 0.524336 0.333625 0.527469 0.336597 0.530461 0.338356 0.531672 0.340116 0.528568 0.342606 0.524641 0.344509 0.522109 0.345829 0.521198 0.345880 0.519583 0.343292
2 0.523310 0.356653 0.525602 0.351884 0.527555 0.348134 0.529534 0.343551 0.526096 0.345634 0.523102 0.346884 0.521956 0.347625 0.522841 0.349477 0.522893 0.351144 0.522164 0.351144 0.521122 0.349616 0.522190 0.353505
2 0.523164 0.359218 0.518320 0.358597 0.518076 0.355500 0.518878 0.352958 0.518458 0.351407 0.517552 0.347815 0.519854 0.348310 0.521771 0.354694
2 0.550875 0.354148 0.550982 0.357319 0.553951 0.364421 0.556167 0.369991 0.558974 0.376421 0.561081 0.377861 0.561349 0.373352 0.562375 0.373060 0.562323 0.379685 0.563477 0.380829 0.564849 0.379542 0.566427 0.380685 0.567393 0.383056 0.569648 0.384708 0.569245 0.385208 0.567268 0.383699 0.566464 0.381759 0.565497 0.381051 0.564568 0.380907 0.564000 0.382125 0.566906 0.385060 0.570216 0.388079 0.570930 0.387625 0.570477 0.384139 0.569568 0.378407 0.568844 0.377602 0.567128 0.368606 0.566495 0.367694 0.566016 0.362935 0.564930 0.361963 0.557792 0.358106 0.554211 0.354431 0.552727 0.353509
2 0.592898 0.418875 0.592156 0.415801 0.590893 0.409551 0.589547 0.401394 0.587852 0.390463 0.587177 0.386620 0.586484 0.379537 0.586313 0.374806 0.586971 0.374366 0.588318 0.374176 0.589471 0.373343 0.590076 0.373634 0.590763 0.381639 0.591719 0.387593 0.592273 0.393995 0.592990 0.398824 0.594500 0.408486 0.595203 0.414366 0.595935 0.417954 0.595180 0.418755 0.594039 0.419079
2 0.426328 0.347361 0.428953 0.346694 0.431719 0.346620 0.432698 0.348134 0.433891 0.350931 0.434609 0.350648 0.435464 0.350856 0.435422 0.353731 0.436273 0.356829 0.433591 0.357662 0.432784 0.358722 0.431039 0.359630 0.428826 0.359931 0.427039 0.350856
2 0.425859 0.344259 0.424563 0.337991 0.422888 0.327796 0.425977 0.325912 0.429594 0.324190 0.433563 0.329366 0.431888 0.334542 0.431268 0.337366 0.431268 0.341287 0.432857 0.341130 0.432417 0.336111 0.434268 0.330148 0.435417 0.332343 0.435417 0.339245 0.435505 0.345208 0.435857 0.350542 0.434609 0.350648 0.432995 0.346620 0.429901 0.345444 0.426563 0.345509
2 0.387268 0.151921 0.384424 0.151310 0.383987 0.153380 0.383625 0.155319 0.383042 0.158421 0.382753 0.160231 0.380424 0.158681 0.378461 0.157644 0.376716 0.157644 0.374172 0.157903 0.371701 0.159065 0.370466 0.161394 0.371919 0.165269 0.374609 0.166949 0.376281 0.169407 0.377734 0.171347 0.378826 0.171861 0.381008 0.169796 0.382539 0.167829 0.384971 0.165231 0.388281 0.163676 0.390422 0.162639 0.392857 0.162120 0.394120 0.161426 0.397060 0.160407 0.397935 0.158505 0.398617 0.154352 0.396865 0.154176 0.396086 0.155736 0.395115 0.156079 0.392779 0.155907 0.391221 0.155560 0.391901 0.153139 0.391352 0.151361 0.390724 0.151588 0.389404 0.152255 0.387771 0.152370
2 0.371919 0.165269 0.370297 0.166463 0.367016 0.164667 0.364745 0.163319 0.362810 0.164069 0.361633 0.168556 0.360961 0.172144 0.359026 0.175435 0.357174 0.179324 0.357008 0.184106 0.357174 0.186801 0.356503 0.188593 0.355409 0.191134 0.355745 0.194130 0.357135 0.198282 0.358013 0.198625 0.366966 0.200875 0.368815 0.203819 0.369302 0.205546 0.370664 0.207106 0.373120 0.211653 0.373120 0.205375 0.373234 0.202644 0.373747 0.201426 0.374771 0.201426 0.376880 0.204468 0.377336 0.205375 0.376424 0.207403 0.376766 0.211148 0.376708 0.213681 0.378159 0.214718 0.380005 0.215338 0.381125 0.214634 0.381818 0.213356 0.381646 0.211736 0.380109 0.207079 0.379312 0.204241 0.378969 0.200903 0.379255 0.197861 0.379596 0.196648 0.388255 0.195532 0.384971 0.192917 0.384849 0.190690 0.384583 0.189977 0.384875 0.188764 0.386333 0.185130 0.373195 0.181324 0.372417 0.178731 0.373974 0.177347 0.378063 0.178731 0.380495 0.179593 0.380643 0.177227 0.380812 0.174236 0.380812 0.172296 0.381008 0.169796 0.378826 0.171861 0.377734 0.171347 0.376281 0.169407 0.374609 0.166949
2 0.388401 0.278514 0.386708 0.279671 0.385016 0.280366 0.385797 0.283144 0.387490 0.286157 0.391398 0.287315 0.393224 0.289861 0.394005 0.292176 0.394135 0.295653 0.393615 0.297042 0.392703 0.298894 0.394917 0.303759 0.396219 0.303991 0.396479 0.300981 0.396349 0.298431 0.397523 0.294958 0.399346 0.294032 0.401042 0.291713 0.402734 0.292176 0.403906 0.292644 0.404820 0.289861 0.404820 0.287778 0.404036 0.285694 0.402995 0.284764 0.401172 0.284532 0.399867 0.283606 0.398956 0.280366 0.398435 0.278046 0.398044 0.275731 0.397185 0.269843 0.396161 0.271662 0.394508 0.272880 0.393029 0.272375 0.391919 0.275963 0.391268 0.279440
2 0.507865 0.448704 0.507677 0.443157 0.507677 0.437185 0.508003 0.433866 0.508982 0.433532 0.508516 0.431958 0.508656 0.427977 0.509870 0.427144 0.511878 0.426815 0.513417 0.426977 0.513789 0.428481 0.513091 0.430213 0.514023 0.431875 0.514070 0.437606 0.513464 0.440255 0.512763 0.441000 0.513323 0.441995 0.513138 0.443157 0.511737 0.443574 0.510477 0.445065 0.510057 0.447222 0.509729 0.448718
2 0.654544 0.597449 0.658622 0.599185 0.662146 0.601167 0.663818 0.602657 0.664167 0.603769 0.663932 0.607870 0.659740 0.617500 0.656901 0.618472 0.657432 0.616606 0.659250 0.611375 0.660419 0.608306 0.661305 0.605981 0.662612 0.604736 0.662984 0.603579 0.662612 0.602667 0.661026 0.603579 0.658505 0.603250 0.654911 0.601671 0.652708 0.600694 0.652813 0.598704
2 0.655234 0.622778 0.652682 0.626500 0.650867 0.629940 0.649294 0.632880 0.647917 0.635694 0.650391 0.635324 0.652396 0.632315 0.654453 0.628843 0.656513 0.625495 0.658531 0.622481 0.656513 0.622412
2 0.647448 0.637222 0.645190 0.641250 0.642932 0.644977 0.640917 0.649065 0.639263 0.652148 0.637768 0.656736 0.641883 0.652509 0.644263 0.647560 0.646482 0.643685 0.649193 0.637176
2 0.637135 0.619352 0.637961 0.607579 0.638898 0.596917 0.640896 0.593917 0.640396 0.600245 0.640146 0.604134 0.640146 0.611801 0.639635 0.617361 0.639010 0.621481
2 0.636823 0.622500 0.635523 0.633347 0.634461 0.640787 0.635964 0.644213 0.637214 0.637778 0.638273 0.628681 0.639010 0.624907
2 0.633961 0.642454 0.632961 0.648231 0.631086 0.653676 0.629247 0.657866 0.627352 0.662523 0.624406 0.667833 0.621583 0.671847 0.619927 0.675148 0.617792 0.681602 0.616823 0.684181 0.615693 0.685042 0.615169 0.686764 0.616297 0.688199 0.615654 0.689560 0.614685 0.689704 0.613354 0.687625 0.609521 0.673282 0.606536 0.658079 0.605383 0.647315 0.605102 0.644815 0.604133 0.644736 0.603648 0.648685 0.602518 0.653699 0.603607 0.660875 0.605102 0.670620 0.609445 0.687852 0.611505 0.695856 0.613982 0.695528 0.615427 0.694194 0.616500 0.693782 0.617109 0.694773 0.618227 0.694028 0.620000 0.690708 0.620982 0.686648 0.622943 0.683102 0.623620 0.678056 0.624622 0.673620 0.625740 0.671130 0.628120 0.667481 0.629992 0.663565 0.631646 0.659694 0.633586 0.655116 0.634523 0.652343 0.635648 0.646454
2 0.600672 0.637491 0.599547 0.632157 0.598922 0.628495 0.600922 0.626940 0.602547 0.626384 0.602797 0.627495 0.604234 0.638269 0.604609 0.642157 0.603734 0.642157 0.603047 0.639602 0.601922 0.639380
2 0.589607 0.662792 0.590794 0.654796 0.591919 0.646685 0.593669 0.646685 0.595417 0.646245 0.594667 0.650907 0.593669 0.656685 0.593044 0.664458 0.592544 0.665792
2 0.543542 0.599861 0.544294 0.597185 0.544357 0.594935 0.541945 0.594074 0.539656 0.593917 0.538359 0.598042 0.536974 0.601306 0.536492 0.602806 0.535677 0.602861 0.535365 0.604630 0.536302 0.606250 0.537500 0.607778 0.538776 0.607963 0.539089 0.609120 0.539818 0.610046 0.540885 0.605787 0.540167 0.605273 0.541253 0.602218 0.542758 0.600398
2 0.535562 0.564620 0.536823 0.569185 0.538969 0.575986 0.540089 0.579968 0.543776 0.583037 0.543682 0.581380 0.541490 0.573167 0.539435 0.566032 0.538036 0.561051 0.536776 0.562875
2 0.538659 0.624889 0.539990 0.622880 0.541721 0.618866 0.544589 0.614704 0.547534 0.610333 0.547786 0.609630 0.547474 0.608194 0.546354 0.606991 0.545781 0.606019 0.544557 0.601713 0.543620 0.601759 0.542578 0.602269 0.540885 0.605787 0.539818 0.610046 0.539089 0.609120 0.538776 0.607963 0.537500 0.607778 0.536302 0.606250 0.535365 0.604630 0.534635 0.606389 0.534583 0.611574
2 0.546865 0.493634 0.550456 0.489903 0.552714 0.487037 0.553779 0.485718 0.554534 0.486139 0.555680 0.485769 0.556854 0.484319 0.557695 0.482819 0.557333 0.481486 0.559260 0.478912 0.560737 0.477088 0.563513 0.474093 0.563573 0.475912 0.564807 0.480361 0.565349 0.483356 0.561654 0.486583 0.558375 0.489185 0.551924 0.494704 0.546802 0.499657 0.543872 0.502079 0.542859 0.500778 0.543732 0.496690
2 0.595833 0.432037 0.595109 0.441472 0.593922 0.446583 0.593047 0.449250 0.592047 0.450579 0.589174 0.452579 0.585299 0.453690 0.582427 0.454023 0.581794 0.454713 0.581458 0.456190 0.584469 0.456079 0.588479 0.454792 0.592667 0.452602 0.594747 0.449648 0.596221 0.448569 0.597128 0.445338 0.597896 0.440505 0.598102 0.432954 0.598034 0.432208
2 0.557839 0.446574 0.555531 0.446227 0.552185 0.445583 0.551701 0.446588 0.551820 0.447736 0.555411 0.448380 0.557266 0.448093
2 0.559000 0.447019 0.560651 0.447315 0.562229 0.449167 0.561219 0.449972 0.560594 0.449139 0.558513 0.448444
2 0.562758 0.449694 0.565909 0.454046 0.567359 0.455088 0.570872 0.454708 0.576086 0.453958 0.579448 0.454111 0.579448 0.454111 0.580893 0.454361 0.580237 0.455889 0.573185 0.455995 0.568846 0.457014 0.566984 0.456875 0.564815 0.455213 0.563187 0.453394 0.561846 0.451134
2 0.536857 0.466500 0.535362 0.466417 0.535268 0.464093 0.537323 0.459449 0.538536 0.459861 0.538956 0.458370 0.540682 0.459032 0.542784 0.460694 0.543484 0.461606 0.542643 0.464093 0.541523 0.467495 0.539516 0.466833 0.537789 0.467245
2 0.544089 0.471019 0.541922 0.468625 0.539844 0.468093 0.537789 0.467245 0.538518 0.470019 0.539542 0.469750 0.539693 0.470718 0.539242 0.472218 0.541201 0.474468
2 0.593776 0.706958 0.595315 0.705065 0.597135 0.714213 0.598279 0.720620 0.597651 0.721176 0.596396 0.721116 0.595768 0.719255 0.593956 0.709713 0.594229 0.709750 0.594440 0.708199
2 0.593378 0.697139 0.593482 0.692509 0.593508 0.690426 0.594523 0.689176 0.595573 0.688287 0.595521 0.693056 0.595469 0.696574 0.594497 0.697370
2 0.593836 0.688032 0.594047 0.686162 0.594891 0.681287 0.595492 0.677694 0.596247 0.674912 0.597299 0.676519 0.597109 0.681250 0.596669 0.683801 0.596276 0.685731
2 0.597547 0.693037 0.596977 0.692394 0.596102 0.690250 0.596042 0.688324 0.597367 0.686611 0.600560 0.684093
2 0.597789 0.693894 0.598573 0.695394 0.599477 0.696199 0.600531 0.694111 0.603003 0.691486 0.604812 0.689444 0.605672 0.689444 0.605565 0.688148 0.604628 0.687171 0.602130 0.683843
2 0.549609 0.624042 0.549273 0.615269 0.549273 0.610806 0.550026 0.607833 0.556049 0.611255 0.559729 0.611403 0.563576 0.613931 0.566505 0.616310 0.569013 0.616755 0.569391 0.617352 0.570654 0.617097 0.573036 0.618764 0.573169 0.623565 0.573456 0.626806 0.572333 0.629708 0.571539 0.634273 0.570836 0.638005 0.571396 0.639000 0.570888 0.644144 0.570469 0.646718 0.569482 0.646880 0.569021 0.648384 0.568563 0.650139 0.568563 0.658019 0.568469 0.662750 0.566695 0.661917 0.554234 0.654125 0.546956 0.649884 0.547560 0.644741 0.548354 0.641259 0.552227 0.648634 0.553490 0.647981 0.553724 0.646644 0.552042 0.643329 0.549799 0.638597 0.550661 0.638361 0.550378 0.637245 0.548044 0.637306 0.546271 0.639106 0.543336 0.639296 0.539471 0.627699 0.538659 0.624889 0.539990 0.622880 0.541721 0.618866 0.544589 0.614704 0.547534 0.610333 0.548940 0.619431 0.549349 0.622880
2 0.613294 0.695644 0.613294 0.696708 0.611307 0.699106 0.609094 0.700310 0.608419 0.699773 0.609320 0.698106 0.607219 0.697106 0.606281 0.696042 0.605120 0.691977 0.605672 0.689444 0.605565 0.688148 0.605568 0.687042 0.606919 0.685773 0.609445 0.687852 0.611505 0.695856
2 0.627414 0.463574 0.626312 0.463861 0.624302 0.468532 0.624755 0.469685 0.625859 0.470648 0.627023 0.468185 0.628320 0.465995
2 0.623333 0.537685 0.629117 0.532273 0.632656 0.528565 0.636354 0.524769 0.637703 0.526921 0.635393 0.530935 0.632344 0.534352 0.630372 0.536204 0.627812 0.538343 0.626146 0.540370 0.624583 0.541528 0.623750 0.540417
2 0.637188 0.524120 0.639477 0.521935 0.640310 0.523185 0.640622 0.524481 0.638591 0.526426
2 0.641380 0.519676 0.641224 0.522500 0.641430 0.523694 0.642914 0.522444 0.643409 0.521333 0.643148 0.520361 0.642161 0.519120 0.641719 0.519306
2 0.555182 0.411991 0.553193 0.408102 0.553156 0.406986 0.553089 0.405375 0.552042 0.403144 0.552526 0.401852 0.553932 0.402176 0.553958 0.401435 0.552031 0.399815 0.552500 0.398935 0.553333 0.399120 0.554656 0.401963 0.555964 0.401852 0.558255 0.403333 0.559693 0.407125 0.560240 0.408468 0.561125 0.412912 0.558938 0.414208 0.557948 0.412866 0.556672 0.414208 0.555865 0.412588 0.556385 0.410968 0.557036 0.409903 0.558651 0.408884 0.559484 0.408097 0.559245 0.407407 0.558182 0.407912 0.556398 0.409528 0.555771 0.411324
2 0.545211 0.471634 0.547172 0.472963 0.551977 0.478106 0.553979 0.479519 0.556883 0.481019 0.557333 0.481486 0.557695 0.482819 0.556854 0.484319 0.555680 0.485769 0.554534 0.486139 0.553779 0.485718 0.553052 0.485824 0.552164 0.485403 0.550914 0.483176 0.552565 0.480231 0.551880 0.479801 0.550107 0.482171 0.548776 0.481171 0.548169 0.478375 0.547240 0.476648 0.543049 0.478083 0.545424 0.476074 0.545266 0.474782 0.544581 0.474356 0.542643 0.476722 0.541878 0.475569
2 0.530440 0.526921 0.531419 0.521611 0.531885 0.516796 0.532680 0.513310 0.534266 0.508667 0.538372 0.504435 0.540706 0.505014 0.538839 0.510991 0.536927 0.516218 0.536599 0.519287 0.535620 0.520116 0.535320 0.522565 0.534313 0.522852
2 0.556911 0.538185 0.555031 0.521736 0.553958 0.511204 0.550115 0.511069 0.549247 0.511968 0.550115 0.519421 0.550260 0.527903 0.552573 0.544741 0.553008 0.545894 0.554815 0.546537 0.556622 0.545639 0.557201 0.542426
2 0.544594 0.528921 0.547396 0.523111 0.547669 0.521616 0.549948 0.517454 0.550115 0.519421 0.550242 0.526347 0.546969 0.532319 0.545576 0.534727 0.544451 0.534727
2 0.554414 0.510750 0.555669 0.510069 0.555424 0.509324 0.553620 0.509306 0.555354 0.505421 0.560271 0.494486 0.563216 0.487185 0.564518 0.488264 0.566669 0.491750 0.567393 0.493616 0.562195 0.504583 0.560294 0.507671 0.558721 0.508602 0.557836 0.511181
2 0.601729 0.578338 0.600391 0.572361 0.600307 0.570454 0.597630 0.567185 0.594284 0.562574 0.597964 0.561681 0.603568 0.563019 0.607333 0.563912 0.609073 0.566171 0.609758 0.566602 0.611690 0.572847 0.610034 0.575213 0.608461 0.576866 0.604029 0.578218
2 0.603221 0.581588 0.605724 0.580440 0.609758 0.577069 0.611008 0.575708 0.613266 0.582810 0.613711 0.584315 0.613589 0.585750 0.610161 0.589264 0.608266 0.591486 0.606570 0.592991 0.605117 0.586968 0.606247 0.587685 0.606651 0.588690 0.607820 0.586394 0.606893 0.585532 0.604190 0.584602 0.603667 0.583667
2 0.554063 0.672176 0.562125 0.681435 0.568424 0.688819 0.572477 0.691560 0.574852 0.693292 0.574758 0.695037 0.577419 0.695699 0.579099 0.695949 0.579706 0.697856 0.575878 0.697194 0.569531 0.693958 0.566216 0.690889 0.562016 0.685495 0.557378 0.680667 0.556388 0.679644
2 0.579732 0.694824 0.582448 0.693935 0.585169 0.694204 0.586146 0.696435 0.586146 0.697130 0.583438 0.697593 0.580706 0.698231
2 0.577526 0.693889 0.578651 0.690051 0.581719 0.683296 0.583531 0.688315 0.581404 0.692282 0.579661 0.694329
2 0.584081 0.687079 0.585091 0.685588 0.586906 0.681065 0.588753 0.676912 0.589799 0.676602 0.590391 0.675736 0.589833 0.673750 0.588682 0.672824 0.587148 0.672699 0.586346 0.673319 0.586068 0.676417 0.585372 0.677222 0.584638 0.676667 0.583349 0.679269 0.583490 0.680074 0.582477 0.681065 0.582198 0.682056
8 0.547276 0.638056 0.548354 0.641259 0.552227 0.648634 0.553490 0.647981 0.553724 0.646644 0.552042 0.643329 0.549799 0.638597 0.549367 0.637250 0.548044 0.637306
