0 0.265469 0.710667 0.277742 0.720792 0.276857 0.725769 0.269810 0.735394 0.265281 0.741204 0.264880 0.750792 0.262453 0.751375 0.256107 0.752120 0.250039 0.754111 0.248172 0.754111 0.246865 0.749634 0.246586 0.745981 0.246445 0.745153 0.237159 0.741500 0.233331 0.738847 0.232305 0.736440 0.231279 0.733204 0.226008 0.735097 0.221823 0.735769 0.213427 0.730069 0.209828 0.721296 0.204810 0.710444 0.202383 0.704495 0.201380 0.695130 0.204810 0.662861 0.201380 0.653935 0.199555 0.641421 0.200349 0.631218 0.202357 0.610722 0.208516 0.592718 0.218831 0.593463 0.235445 0.603338 0.259930 0.556542 0.266672 0.566083 0.266359 0.567662 0.264875 0.570338 0.264042 0.573491 0.264250 0.575528 0.265656 0.578681 0.266776 0.583764 0.267195 0.588537 0.267135 0.593009 0.275654 0.582685 0.281146 0.570648 0.298255 0.570282 0.301878 0.572134 0.308911 0.585134 0.313336 0.590926 0.316643 0.598606 0.316784 0.606449 0.316677 0.612889 0.315716 0.617750 0.315404 0.619782 0.316643 0.622968 0.316977 0.628222 0.315299 0.632227 0.308802 0.642000 0.306049 0.646028 0.312919 0.656042 0.315812 0.654380 0.316279 0.654630 0.317867 0.659278 0.319943 0.667630 0.324036 0.686597 0.325039 0.696375 0.323039 0.703481 0.320797 0.709144 0.319542 0.713981 0.318633 0.718940 0.316125 0.727676 0.313474 0.731949 0.311383 0.734681 0.308943 0.735301 0.307409 0.735301 0.306745 0.731949 0.303958 0.723769 0.301971 0.718569 0.299951 0.715838 0.298969 0.713231 0.298516 0.710509 0.297789 0.707407 0.296182 0.687829 0.279148 0.662745 0.276885 0.658778 0.275070 0.656546 0.273016 0.655801 0.271932 0.656421 0.269281 0.659833 0.265208 0.665532 0.263219 0.667514 0.264854 0.695370
9 0.528240 0.527755 0.526844 0.530102 0.525331 0.534282 0.523971 0.537130 0.523836 0.538324 0.523909 0.540542 0.524789 0.542106 0.525523 0.543023 0.526625 0.543023 0.527727 0.542241 0.528385 0.540671 0.528828 0.540412 0.529854 0.539366 0.530443 0.537542 0.530734 0.535060 0.531029 0.532190 0.530883 0.530231 0.530294 0.528144 0.529854 0.527491
2 0.463500 0.522810 0.463299 0.525824 0.471607 0.533495 0.473867 0.526755 0.469630 0.521736
2 0.488172 0.514231 0.490099 0.513769 0.490880 0.518028 0.490359 0.518440 0.489638 0.518546 0.488794 0.518491
2 0.495716 0.510986 0.497109 0.514148 0.500143 0.511111 0.499969 0.509125 0.498747 0.507764
2 0.478635 0.509921 0.479404 0.511866 0.481591 0.513023 0.484172 0.510431 0.483424 0.507134 0.479362 0.507741
2 0.484648 0.507093 0.485143 0.509870 0.486680 0.507741
2 0.493987 0.528579 0.493055 0.532384 0.495945 0.533347 0.496247 0.529116
2 0.496427 0.528417 0.496247 0.529116 0.496013 0.531986 0.498458 0.533144 0.501268 0.533741 0.502318 0.529005 0.506117 0.530255 0.509182 0.533551 0.508872 0.526995
2 0.503039 0.504333 0.501924 0.506903 0.503219 0.511884 0.504516 0.512903 0.508039 0.512583 0.508130 0.510653 0.507227 0.508995 0.504182 0.509259 0.503612 0.507171 0.503792 0.505403
2 0.523516 0.514861 0.523643 0.521523 0.519516 0.521736 0.519365 0.520023
2 0.561953 0.572273 0.562891 0.573426 0.565510 0.576616 0.567917 0.578412 0.572029 0.577917 0.570391 0.572213 0.566521 0.571718
2 0.509182 0.533551 0.509344 0.536204 0.508255 0.535991 0.508578 0.540722 0.508174 0.540653 0.504865 0.536778 0.504786 0.534343 0.506117 0.530255
2 0.504786 0.534343 0.500984 0.534884 0.502318 0.529005 0.506117 0.530255
2 0.551583 0.557407 0.552385 0.561620 0.557474 0.558894 0.556812 0.554991
2 0.474891 0.516648 0.476565 0.514111 0.478029 0.511259 0.485560 0.514977 0.487339 0.522912 0.483258 0.520556 0.480643 0.514296 0.479948 0.514296 0.482177 0.520306
2 0.487318 0.515708 0.488130 0.516028 0.488794 0.518491 0.489638 0.518546 0.490359 0.518440 0.490602 0.522940 0.488763 0.522722
1 0.594901 0.662755 0.596875 0.663611 0.600312 0.663889 0.603255 0.663565 0.606693 0.662593 0.608698 0.660972 0.608229 0.659954 0.605833 0.661481 0.602240 0.662731 0.600104 0.662917 0.597812 0.662870 0.595336 0.661870
8 0.514888 0.518741 0.515695 0.522954 0.514263 0.525685 0.513924 0.525500 0.513872 0.520870
8 0.514359 0.530185 0.516599 0.538213 0.517849 0.542949 0.519422 0.550403 0.520151 0.552269 0.521563 0.552481 0.522490 0.551694 0.522729 0.549968 0.518659 0.531759 0.516703 0.524662 0.515089 0.526889
6 0.502016 0.623968 0.493276 0.634218 0.493089 0.640829 0.512794 0.681977 0.514542 0.680704 0.517685 0.676718 0.518755 0.673694 0.519609 0.662537
6 0.520352 0.664361 0.558766 0.745074 0.546180 0.751968 0.513656 0.683824 0.515505 0.681958 0.517997 0.678394 0.519372 0.674093 0.519776 0.668944
1 0.416359 0.359125 0.420552 0.365190 0.420552 0.367366 0.418987 0.371514 0.418383 0.370153 0.419633 0.366926 0.419591 0.364917 0.417857 0.362912 0.416326 0.360472
1 0.439781 0.343074 0.451021 0.344144 0.449576 0.345431 0.448068 0.345324 0.449273 0.346718 0.448039 0.347356 0.446922 0.345593 0.443247 0.345861 0.443005 0.344468 0.439870 0.344352
1 0.449906 0.329671 0.449872 0.331157 0.452951 0.330889 0.452531 0.332690 0.452844 0.332750 0.453716 0.331634 0.456052 0.332255 0.456471 0.331694 0.455112 0.331449 0.455042 0.330769 0.463039 0.329343 0.470602 0.327426 0.471250 0.326273 0.463255 0.328574 0.453753 0.330019
1 0.482596 0.304542 0.487297 0.309532 0.490211 0.312796 0.492966 0.317213 0.494154 0.322301 0.493615 0.326236 0.491862 0.330083 0.490469 0.332870 0.498047 0.333884 0.500872 0.334505 0.500732 0.336241 0.497013 0.335694 0.491156 0.335014 0.489448 0.334704 0.481891 0.344995 0.481010 0.347366 0.484516 0.348366 0.484094 0.350361 0.480125 0.348616 0.478396 0.352347 0.486776 0.358157 0.490341 0.356907 0.490451 0.358060 0.488398 0.358926 0.492286 0.363051 0.492122 0.364588 0.485589 0.360556 0.480352 0.362861 0.478839 0.360653 0.479000 0.357870 0.479813 0.355852 0.477596 0.354125 0.476786 0.356718 0.477651 0.357676 0.477760 0.363245 0.477596 0.365741 0.477380 0.372843 0.475977 0.372269 0.475977 0.369389 0.474951 0.366699 0.475167 0.365644 0.476354 0.367852 0.476841 0.361806 0.475977 0.361324 0.476518 0.359787 0.476247 0.358060 0.472521 0.366986 0.473773 0.382319 0.477333 0.382097 0.478833 0.386648 0.479826 0.387194 0.480195 0.390000 0.479310 0.389394 0.478240 0.387083 0.476938 0.383653 0.473867 0.384116 0.474234 0.392111 0.475096 0.392208 0.475690 0.390671 0.476987 0.390866 0.477096 0.393935 0.481388 0.397750 0.483010 0.398417 0.487760 0.387306 0.489461 0.383278 0.490648 0.382509 0.492268 0.382606 0.493672 0.381648 0.496320 0.378190 0.496466 0.366528 0.495357 0.346713 0.495310 0.338500 0.496383 0.339829 0.496755 0.346551 0.497026 0.356495 0.497836 0.374810 0.498911 0.372653 0.500078 0.368917 0.501758 0.362111 0.502411 0.363023 0.500964 0.368343 0.499797 0.372741 0.497555 0.377301 0.497346 0.384616 0.498359 0.384356 0.499802 0.386667 0.502982 0.386926 0.503273 0.389500 0.500818 0.389241 0.501833 0.394389 0.503760 0.393495 0.504596 0.395278 0.502755 0.395875 0.506906 0.407190 0.502995 0.404824 0.502995 0.414792 0.498807 0.416593 0.502638 0.425185 0.503383 0.424444 0.505344 0.419546 0.505812 0.419625 0.505018 0.422944 0.503620 0.426019 0.507755 0.434958 0.506130 0.435069 0.497760 0.418741 0.493888 0.418963 0.498883 0.422292 0.499349 0.424389 0.499284 0.428574 0.504062 0.435870 0.497771 0.436875 0.488073 0.437815 0.475615 0.440046 0.472937 0.434542 0.476258 0.428685 0.475557 0.416676 0.476339 0.416440 0.476419 0.421241 0.477052 0.421236 0.476911 0.428130 0.480745 0.423542 0.482419 0.424019 0.483310 0.420384 0.487461 0.403435 0.483594 0.401435 0.484010 0.399194 0.487885 0.401634 0.495078 0.397287 0.495870 0.379931 0.493339 0.384431 0.490951 0.384556 0.489073 0.387972 0.487073 0.394417 0.484104 0.398935 0.483451 0.401435 0.479201 0.411472 0.476328 0.416398 0.475352 0.416708 0.475690 0.429380 0.475247 0.430176 0.474320 0.423361 0.472706 0.423361 0.469799 0.430963 0.469065 0.430407 0.466419 0.428245 0.464669 0.426912 0.462854 0.426912 0.459487 0.424963 0.462411 0.420134 0.461404 0.416852 0.457672 0.416782 0.458185 0.413731 0.459492 0.414394 0.458745 0.409009 0.460987 0.407671 0.460333 0.403690 0.458654 0.401866 0.459232 0.399005 0.461987 0.401829 0.466138 0.397843 0.466279 0.395356 0.459513 0.394944 0.452326 0.399005 0.448042 0.401093 0.450354 0.406310 0.454565 0.417685 0.458901 0.425662 0.457745 0.425273 0.451747 0.416153 0.455214 0.426037 0.446323 0.425782 0.445531 0.407023 0.441768 0.402269 0.432372 0.415764 0.431792 0.414611 0.440362 0.402134 0.439419 0.400458 0.438771 0.403037 0.437688 0.405634 0.436326 0.406722 0.434570 0.405833 0.430461 0.411000 0.429909 0.409389 0.433396 0.405736 0.428828 0.405301 0.427854 0.402944 0.425875 0.397157 0.428573 0.394472 0.434620 0.388227 0.439013 0.387750 0.443388 0.388329 0.437654 0.385898 0.436839 0.381454 0.444646 0.385236 0.448836 0.388130 0.451646 0.389231 0.459206 0.388792 0.462143 0.388792 0.462768 0.387014 0.461143 0.383681 0.461953 0.379898 0.465641 0.376463 0.461841 0.369083 0.462813 0.367736 0.466198 0.375810 0.467872 0.374468 0.464633 0.367074 0.465279 0.366500 0.468682 0.373505 0.469589 0.373111 0.470992 0.367259 0.471318 0.365815 0.470453 0.357630 0.470875 0.357292 0.472224 0.364014 0.473115 0.361361 0.471711 0.356880 0.472273 0.356380 0.473721 0.360116 0.475695 0.355977 0.474763 0.350083 0.476021 0.349671 0.476208 0.345935 0.479799 0.347097 0.486690 0.336546 0.488375 0.334106 0.483542 0.333167 0.486529 0.335176 0.486081 0.335963 0.483581 0.334884 0.482333 0.333310 0.480680 0.334454 0.477047 0.342491 0.473581 0.350380 0.467628 0.364213 0.466878 0.364375 0.466786 0.361968 0.470193 0.354088 0.468073 0.350861 0.465690 0.349611 0.463451 0.353097 0.462562 0.355921 0.462656 0.357579 0.467651 0.352597 0.467693 0.354421 0.462424 0.359153 0.461677 0.359241 0.461771 0.357245 0.462234 0.355083 0.462656 0.352597 0.465128 0.348787 0.463964 0.347704 0.462516 0.347287 0.460182 0.348366 0.457617 0.350611 0.455750 0.353097 0.453930 0.357579 0.451779 0.357579 0.450151 0.358241 0.455307 0.366157 0.463224 0.359954 0.462911 0.359167 0.463693 0.358611 0.464109 0.359630 0.465125 0.358796 0.464370 0.358657 0.464526 0.357407 0.467547 0.357176 0.467651 0.358194 0.463380 0.362176 0.463719 0.364398 0.462859 0.364213 0.462755 0.363102 0.461896 0.362778 0.463461 0.365394 0.464070 0.367468 0.464865 0.370454 0.466031 0.371444 0.466031 0.372116 0.465560 0.372278 0.464628 0.372028 0.463320 0.368380 0.462909 0.366741 0.461766 0.364838 0.460878 0.364694 0.460307 0.367565 0.458875 0.369417 0.457206 0.369972 0.455333 0.368218 0.445008 0.374968 0.446305 0.376597 0.450138 0.377940 0.453432 0.379861 0.458023 0.380148 0.461315 0.378616 0.461586 0.379671 0.457914 0.381398 0.459156 0.383319 0.458995 0.384468 0.457320 0.383319 0.456943 0.381588 0.453271 0.381880 0.450273 0.380005 0.448523 0.381560 0.446651 0.380120 0.443901 0.375676 0.439526 0.375898 0.439526 0.374343 0.442961 0.374565 0.441461 0.372347 0.443026 0.370676 0.444214 0.373565 0.454268 0.366787 0.449646 0.359125 0.448031 0.356727 0.446909 0.356727 0.443724 0.360056 0.437065 0.368407 0.438513 0.369736 0.437341 0.371644 0.435661 0.369907 0.424792 0.383759 0.424039 0.382597 0.437609 0.366074 0.443323 0.358810 0.445219 0.356514 0.446266 0.355796 0.447799 0.355583 0.449010 0.356227 0.450182 0.357444 0.451266 0.356593 0.453693 0.356306 0.455760 0.351611 0.456727 0.349898 0.457661 0.348824 0.459951 0.347375 0.462062 0.346185 0.463438 0.346509 0.464563 0.347204 0.466122 0.348366 0.467526 0.348958 0.466068 0.344199 0.466464 0.344102 0.468466 0.349102 0.468865 0.350292 0.469703 0.350292 0.470714 0.350352 0.471831 0.351907 0.471932 0.350352 0.471026 0.349611 0.471581 0.348806 0.472456 0.349361 0.475000 0.344282 0.473536 0.339014 0.468742 0.344824 0.468115 0.344264 0.472867 0.337495 0.471242 0.333389 0.471867 0.332935 0.473742 0.336500 0.477490 0.331380 0.481674 0.325278 0.482359 0.326495 0.481609 0.327611 0.482424 0.329051 0.481609 0.330278 0.480865 0.328829 0.473924 0.338157 0.475615 0.343602 0.477490 0.338273 0.479737 0.334051 0.480609 0.332718 0.481484 0.332056 0.483234 0.331940 0.488878 0.332861 0.489742 0.332190 0.491685 0.328731 0.493047 0.324968 0.493318 0.322088 0.492992 0.319787 0.491534 0.316523 0.488456 0.312491 0.484839 0.308551 0.481815 0.305287
1 0.495490 0.370153 0.495070 0.368106 0.494234 0.367116 0.492805 0.366370 0.491096 0.367181 0.485552 0.373440 0.479521 0.380009 0.480359 0.381370 0.483497 0.377713 0.488133 0.372074 0.490818 0.369102 0.492805 0.367796 0.494198 0.368667 0.494617 0.370523
1 0.542341 0.417593 0.541547 0.415634 0.538328 0.416218 0.537906 0.415222 0.541641 0.414477 0.537276 0.389412 0.538073 0.389083 0.542802 0.414162 0.544755 0.413972 0.546044 0.417380 0.544719 0.417444 0.543255 0.415463 0.543604 0.417444
1 0.533719 0.417884 0.532711 0.418097 0.530130 0.413727 0.528716 0.409639 0.527617 0.405380 0.526862 0.402537 0.525531 0.395583 0.526297 0.395222 0.527831 0.403829 0.529846 0.410356 0.531542 0.414440
1 0.527221 0.368204 0.527906 0.368491 0.526414 0.383981 0.525768 0.383764
1 0.519065 0.350231 0.518878 0.351727 0.516266 0.351060 0.513464 0.348907 0.510992 0.346000 0.506651 0.340111 0.506930 0.339199 0.511177 0.344426 0.513839 0.347907 0.516826 0.350148
1 0.505036 0.318634 0.504203 0.318310 0.504375 0.332449 0.505130 0.341278 0.504375 0.341278 0.503456 0.342144 0.502755 0.345023 0.501693 0.351181 0.502424 0.351491 0.502982 0.346782 0.503539 0.343620 0.504062 0.342444 0.504690 0.342505 0.505247 0.343931 0.505247 0.347278 0.505177 0.354097 0.506083 0.353662 0.506016 0.348144 0.505945 0.343931 0.508602 0.350986 0.509370 0.350486 0.506148 0.342630 0.505440 0.334255 0.505010 0.325838
1 0.534036 0.640801 0.535247 0.641019 0.536620 0.631407 0.536901 0.628181 0.535732 0.625458 0.534703 0.621370 0.532758 0.605713 0.532875 0.601032 0.532690 0.598796 0.539724 0.578639 0.539023 0.578222 0.532445 0.597051 0.530156 0.589083 0.528852 0.587843 0.526167 0.585773 0.527708 0.581463 0.531161 0.578639 0.533776 0.577977 0.533635 0.577310 0.530927 0.577310 0.527943 0.579468 0.529484 0.577144 0.528966 0.575403 0.526544 0.578306 0.526820 0.579963 0.525469 0.580051 0.525469 0.581704 0.527099 0.581792 0.525372 0.585111 0.524042 0.585074 0.523844 0.586204 0.525461 0.586667 0.527492 0.588333 0.528810 0.589657 0.530208 0.592069 0.531865 0.597870 0.531896 0.601032 0.531711 0.604954 0.532674 0.612505 0.534203 0.625657 0.535836 0.629306 0.535422 0.633769
1 0.510706 0.640231 0.512055 0.639847 0.513070 0.598750 0.515813 0.595171 0.515003 0.594884 0.513070 0.596676 0.512974 0.594028 0.512104 0.593741 0.511779 0.598472 0.508146 0.604347 0.504997 0.608148 0.502190 0.612181 0.499898 0.620236 0.497760 0.628954 0.498982 0.627569 0.502237 0.615338 0.502760 0.612769 0.505310 0.609255 0.511688 0.600690
1 0.495911 0.631204 0.495195 0.631944 0.489141 0.633069 0.488143 0.628347 0.485081 0.610810 0.490049 0.608889 0.493182 0.582394 0.490643 0.583931 0.487242 0.584889 0.484758 0.584315 0.482599 0.582394 0.480331 0.578458 0.479250 0.579514 0.468391 0.540889 0.470763 0.540338 0.475701 0.542449 0.477076 0.543889 0.477326 0.537667 0.477885 0.537449 0.478135 0.539222 0.479885 0.536778 0.473867 0.526755 0.470690 0.520181 0.472005 0.518847 0.476813 0.529949 0.480310 0.534616 0.482927 0.529569 0.483628 0.529667 0.481576 0.534755 0.484221 0.536384 0.483466 0.538500 0.480984 0.537537 0.478229 0.540222 0.477794 0.544449 0.479036 0.545602 0.480875 0.549727 0.485852 0.551171 0.485690 0.552565 0.481680 0.551917 0.483042 0.555620 0.483372 0.557546 0.485208 0.561472 0.491240 0.555648 0.495039 0.550690 0.498768 0.546681 0.505146 0.540421 0.507000 0.539278 0.507323 0.541000 0.499875 0.547523 0.495273 0.552106 0.491612 0.558056 0.486000 0.563759 0.488526 0.568704 0.491208 0.571009 0.492315 0.571648 0.492193 0.572287 0.490458 0.571287 0.490901 0.574657 0.490458 0.576806 0.492703 0.578144 0.493589 0.579625 0.494318 0.575736 0.495099 0.575921 0.494164 0.582060 0.493583 0.588324 0.491409 0.606468 0.489852 0.625829 0.497742 0.605088 0.498419 0.604949 0.494776 0.614949 0.496018 0.618116 0.498286 0.610148 0.499474 0.610537 0.497378 0.618440 0.494380 0.630574
1 0.482177 0.520306 0.479948 0.514296 0.480643 0.514296 0.483258 0.520556 0.484583 0.524282 0.486513 0.527227 0.489224 0.529963 0.489284 0.531139 0.487266 0.529963 0.484734 0.526264
1 0.483424 0.507134 0.484648 0.507093 0.484648 0.507093 0.485143 0.509870 0.487318 0.515708 0.488802 0.522870 0.490159 0.528324 0.499122 0.526250 0.508706 0.525389 0.508872 0.526995 0.496427 0.528417 0.493987 0.528579 0.490435 0.529366 0.492188 0.535833 0.495234 0.536245 0.499867 0.538009 0.505362 0.539116 0.505260 0.539810 0.500055 0.539060 0.495104 0.537204 0.492385 0.536894 0.494219 0.543843 0.493490 0.544074 0.487339 0.522912 0.485560 0.514977 0.484172 0.510431
1 0.486956 0.506972 0.492138 0.513718 0.492831 0.512917 0.488432 0.506810
1 0.504331 0.505352 0.510164 0.512019 0.510477 0.510630 0.505216 0.505352
1 0.508826 0.546384 0.503552 0.568454 0.504299 0.568620 0.509385 0.546884
1 0.502367 0.552213 0.505701 0.552213 0.505570 0.553463 0.502706 0.553417
1 0.509284 0.569727 0.518737 0.567597 0.518320 0.566856 0.518945 0.566440 0.522268 0.574042 0.521305 0.573995 0.518961 0.568810 0.509531 0.570972
1 0.518133 0.507384 0.519383 0.510468 0.521482 0.512907 0.522247 0.512333 0.520674 0.509463 0.519383 0.506454
1 0.531211 0.512528 0.524727 0.512898 0.523971 0.513083 0.523867 0.514194 0.531250 0.521981 0.535383 0.526671 0.537823 0.528528 0.540370 0.529523 0.542880 0.529708 0.542810 0.528838 0.539880 0.528407 0.537091 0.526796 0.534023 0.523569 0.525174 0.514361 0.525445 0.513718 0.531651 0.513505
1 0.535620 0.531681 0.535620 0.533185 0.546026 0.534333 0.546227 0.533042
1 0.551331 0.540653 0.544393 0.549042 0.545159 0.550046 0.552219 0.541153
1 0.540602 0.536472 0.533823 0.549449 0.534388 0.550097 0.541729 0.537546
1 0.542859 0.537977 0.530677 0.556120 0.531565 0.557556 0.527266 0.562486 0.527992 0.563852 0.533034 0.558255 0.535010 0.555676 0.537672 0.549653 0.543714 0.539116
1 0.544172 0.560616 0.534195 0.566403 0.535193 0.567421 0.535792 0.568491 0.539740 0.565653 0.539529 0.564741 0.544560 0.561903
1 0.560487 0.616898 0.562049 0.617343 0.562672 0.607903 0.562922 0.601569 0.567547 0.604792 0.569672 0.606569 0.570172 0.609458 0.571107 0.608458 0.570297 0.605903 0.567984 0.603569 0.563109 0.600014 0.562859 0.595796 0.564211 0.594227 0.564328 0.592931 0.562935 0.594051 0.563122 0.592218 0.564336 0.590731 0.566810 0.589065 0.569096 0.588153 0.572083 0.586741 0.573625 0.586907 0.574932 0.589398 0.575911 0.592639 0.575630 0.600940 0.576937 0.600940 0.576987 0.592139 0.576656 0.589986 0.575070 0.587162 0.573951 0.586255 0.571896 0.585722 0.569651 0.586208 0.567135 0.587208 0.563073 0.590194 0.563117 0.587042 0.563117 0.585222 0.563492 0.584144 0.565029 0.583398 0.567409 0.583889 0.574643 0.584644 0.574182 0.582565 0.564753 0.581398 0.570182 0.579435 0.569914 0.578301 0.564523 0.580343 0.562891 0.581301 0.556656 0.583667 0.556870 0.585375 0.562773 0.582375 0.562229 0.584199 0.561992 0.587843 0.561810 0.590843 0.558826 0.587940 0.556536 0.585532 0.555063 0.580120 0.554276 0.580769 0.554922 0.584056 0.552169 0.585171 0.548542 0.587403 0.544846 0.590194 0.538914 0.597301 0.539516 0.598810 0.542138 0.595722 0.544883 0.591921 0.546818 0.590130 0.550487 0.588125 0.553516 0.587130 0.556578 0.586977 0.559036 0.590194 0.561716 0.592398 0.561992 0.595042 0.559880 0.597282 0.556807 0.594829 0.556474 0.596051 0.559674 0.598463 0.562081 0.596426 0.562112 0.599481 0.560273 0.597870 0.559674 0.598417 0.561961 0.600505 0.561841 0.606968 0.561143 0.613301
1 0.535490 0.555440 0.535333 0.556505 0.544766 0.559352 0.545690 0.558426
1 0.541492 0.547144 0.542365 0.549190 0.543654 0.551731 0.546234 0.555014 0.545922 0.555509 0.543445 0.552782 0.542120 0.549685 0.541005 0.547639
1 0.462487 0.266111 0.462487 0.267662 0.494164 0.275514 0.494164 0.274185
1 0.397068 0.283273 0.396797 0.283968 0.407273 0.303130 0.408924 0.307060 0.409211 0.306648 0.408482 0.303819 0.406263 0.299986
1 0.487904 0.279690 0.487500 0.278972 0.471810 0.285569 0.468542 0.272083 0.467938 0.272333 0.471063 0.286102 0.449237 0.295935 0.442753 0.299903 0.431563 0.308046 0.424987 0.312806 0.425310 0.306375 0.427794 0.303593 0.428227 0.305125 0.429250 0.304546 0.429359 0.302440 0.431896 0.300324 0.432115 0.298981 0.429286 0.301769 0.427154 0.303069 0.425133 0.305694 0.424560 0.307824 0.424505 0.313287 0.423974 0.313690 0.419578 0.316699 0.417669 0.317495 0.415708 0.317977 0.411852 0.321199 0.410469 0.324245 0.409102 0.331486 0.407917 0.329630 0.407221 0.329875 0.407638 0.331366 0.408651 0.332231 0.408198 0.332972 0.408581 0.333718 0.409313 0.333037 0.409867 0.333597 0.408997 0.334838 0.409557 0.335574 0.410534 0.333838 0.416477 0.339569 0.416557 0.341722 0.417484 0.341435 0.417120 0.340144 0.417156 0.334657 0.417344 0.331250 0.418648 0.330097 0.422909 0.328681 0.422255 0.330426 0.423234 0.333565 0.424086 0.336352 0.424151 0.339259 0.423497 0.339958 0.416828 0.347509 0.417448 0.348792 0.423948 0.341431 0.423190 0.345407 0.422935 0.351264 0.423693 0.354565 0.424411 0.358171 0.425680 0.370546 0.422810 0.375199 0.422602 0.377370 0.423273 0.379324 0.424458 0.379403 0.424458 0.378648 0.424034 0.377824 0.423740 0.376171 0.424411 0.374676 0.429896 0.366491 0.432302 0.363796 0.432557 0.362968 0.432094 0.362519 0.431630 0.362819 0.427198 0.368444 0.426693 0.369491 0.425805 0.360343 0.425130 0.354870 0.424117 0.351787 0.424242 0.346537 0.425471 0.339852 0.425549 0.337681 0.425130 0.334681 0.423693 0.331227 0.423992 0.330250 0.424581 0.328602 0.435708 0.327412 0.436898 0.325870 0.426964 0.327028 0.428419 0.324727 0.427716 0.324051 0.425773 0.326546 0.423797 0.327407 0.419432 0.328264 0.417018 0.329977 0.416583 0.331958 0.416326 0.337699 0.409581 0.331773 0.411299 0.326125 0.412539 0.322079 0.413714 0.321921 0.416487 0.319130 0.419578 0.318750 0.426539 0.314148 0.434159 0.308389 0.434969 0.309829 0.460242 0.307981 0.460169 0.306440 0.446799 0.306847 0.437372 0.307926 0.437372 0.306597 0.449786 0.297806 0.477799 0.284546
11 0.536352 0.616296 0.552406 0.608412 0.553341 0.609079 0.554646 0.617542 0.554721 0.622856 0.552831 0.624773 0.538630 0.631116 0.536682 0.625546 0.536146 0.619588
5 0.483594 0.401435 0.479201 0.411472 0.476339 0.416440 0.476419 0.421241 0.478919 0.421884 0.479000 0.423181 0.482419 0.424019 0.487461 0.403435
5 0.489073 0.387972 0.487073 0.394417 0.484010 0.399194 0.487885 0.401634 0.490633 0.388528
5 0.481388 0.397750 0.479826 0.387194 0.480576 0.385750 0.487760 0.387306 0.483010 0.398417
5 0.508331 0.317398 0.510924 0.313829 0.521797 0.328250 0.520292 0.335833 0.517615 0.339403 0.513266 0.329292 0.518034 0.328995 0.510003 0.317398
5 0.493956 0.335597 0.485042 0.342815 0.485042 0.344144 0.486302 0.347551 0.495357 0.346713 0.495310 0.338500 0.496383 0.339829 0.496755 0.346551 0.500536 0.345968 0.500490 0.344639
5 0.493182 0.582394 0.490049 0.608889 0.485081 0.610810 0.479250 0.579514 0.480331 0.578458 0.482599 0.582394 0.484758 0.584315 0.487242 0.584889 0.490643 0.583931
5 0.493583 0.588324 0.491409 0.606468 0.502701 0.604088 0.502451 0.591148 0.496260 0.587282
5 0.498768 0.546681 0.497284 0.544968 0.495070 0.543949 0.492414 0.544181 0.489680 0.545431 0.487414 0.548023 0.485852 0.551171 0.485104 0.556329 0.485208 0.561472 0.491240 0.555648 0.495039 0.550690
5 0.499875 0.547523 0.495273 0.552106 0.491612 0.558056 0.486000 0.563759 0.488526 0.568704 0.491208 0.571009 0.493641 0.569718 0.495047 0.567819 0.498500 0.568704 0.500487 0.566245 0.502930 0.561421 0.503292 0.555634 0.502135 0.551065
5 0.495047 0.567819 0.493641 0.569718 0.492521 0.573560 0.492417 0.575319 0.492703 0.578144 0.493589 0.579625 0.494318 0.575736 0.495099 0.575921 0.494164 0.582060 0.495674 0.584838 0.497159 0.586921 0.499888 0.589407 0.502451 0.591148 0.505513 0.592380 0.509667 0.593454 0.512974 0.594028 0.515687 0.594120 0.518490 0.591296 0.522409 0.587565 0.524042 0.585074 0.524930 0.581009 0.525302 0.575699 0.507375 0.570648
5 0.566115 0.632449 0.561935 0.659028 0.563141 0.661597 0.563221 0.666597 0.565148 0.670458 0.573122 0.678060 0.585898 0.691481 0.586961 0.691861 0.594901 0.662755 0.595336 0.661870 0.596172 0.658069 0.588552 0.649796 0.587669 0.648208 0.586094 0.646426 0.584198 0.646852 0.583875 0.644125 0.583193 0.643551 0.582260 0.644194 0.579529 0.643394 0.574771 0.640366 0.570583 0.637681 0.568227 0.633352
5 0.514612 0.395861 0.506906 0.407190 0.502995 0.404824 0.502995 0.414792 0.514406 0.426366 0.516878 0.422630 0.527617 0.405380
5 0.570740 0.679306 0.591768 0.726208 0.600451 0.720352 0.585898 0.691481 0.573122 0.678060
5 0.553951 0.413662 0.555872 0.380949 0.569005 0.414259 0.554703 0.416042
9 0.521357 0.527838 0.525156 0.527963 0.525401 0.530750 0.525331 0.534282 0.523971 0.537130 0.522333 0.538431 0.519857 0.534028
1 0.498938 0.693162 0.507503 0.688051 0.512208 0.684796 0.521755 0.714204 0.526409 0.728509 0.530727 0.741991 0.532672 0.747329 0.533458 0.746398 0.531208 0.740903 0.528060 0.730005 0.522081 0.710949 0.516393 0.694907 0.512862 0.684449 0.513656 0.683824 0.515505 0.681958 0.517997 0.678394 0.519372 0.674093 0.519776 0.668944 0.520352 0.664361 0.519609 0.662537 0.518755 0.673694 0.517685 0.676718 0.514542 0.680704 0.512794 0.681977 0.510641 0.683750 0.504953 0.687704 0.498807 0.690954
2 0.552794 0.564912 0.550273 0.554042 0.544766 0.559352 0.546495 0.567153
2 0.548763 0.577296 0.550276 0.583921 0.556323 0.577583 0.556107 0.575472
10 0.559612 0.574759 0.560740 0.581213 0.563161 0.580565 0.564370 0.578056 0.562891 0.573426
9 0.568859 0.589648 0.570221 0.590144 0.570846 0.592500 0.570221 0.595537 0.568128 0.599194 0.566036 0.600060 0.564016 0.597148 0.564328 0.592931 0.565654 0.591509
2 0.526409 0.728509 0.523828 0.726792 0.520240 0.736685 0.529112 0.744074 0.530727 0.741991
2 0.528060 0.730005 0.531966 0.733292 0.531208 0.740903
10 0.535237 0.747954 0.531531 0.751222 0.531982 0.754866 0.533669 0.759741 0.537888 0.754755 0.537828 0.752509 0.536654 0.749023
2 0.496445 0.533264 0.498138 0.534190 0.500508 0.534560 0.500664 0.535676 0.500065 0.536968 0.498424 0.536458 0.496602 0.535764 0.496289 0.534468
2 0.411146 0.300278 0.409453 0.306231 0.419578 0.316699 0.423974 0.313690
2 0.442753 0.299903 0.448190 0.293704 0.449237 0.295935
2 0.437372 0.306597 0.449786 0.297806 0.451794 0.300958 0.446799 0.306847 0.437372 0.307926
2 0.415120 0.327407 0.415573 0.330620 0.417018 0.329977 0.419432 0.328264 0.423797 0.327407 0.423258 0.325208
9 0.411505 0.327005 0.414393 0.325894 0.415573 0.330620 0.416216 0.331773 0.413406 0.334088 0.412417 0.331681
2 0.506388 0.562056 0.506258 0.568306 0.516414 0.566685 0.516102 0.562519 0.514878 0.561176
