0 0.305586 0.375106 0.315156 0.377782 0.318526 0.379384 0.322497 0.384736 0.323565 0.386801 0.325117 0.396880 0.329396 0.418153 0.327651 0.425954 0.322359 0.438176 0.320500 0.443653 0.320555 0.447259 0.321422 0.453509 0.325870 0.469324 0.332935 0.488231 0.337932 0.499250 0.341784 0.497111 0.352437 0.491014 0.354279 0.489440 0.356180 0.486199 0.358888 0.476384 0.363156 0.460259 0.365617 0.445986 0.366281 0.440259 0.366430 0.434204 0.364596 0.420764 0.352286 0.411412 0.343180 0.370505 0.342651 0.368634 0.339292 0.367796 0.341320 0.361269 0.344029 0.357431 0.346917 0.353866 0.349721 0.356565 0.359961 0.384245 0.361422 0.401236 0.361904 0.411894 0.371625 0.418037 0.375893 0.405079 0.378271 0.381944 0.378326 0.370806 0.370005 0.332495 0.368982 0.330241 0.366310 0.330185 0.365841 0.312347 0.361503 0.300319 0.355766 0.289782 0.352396 0.285630 0.341909 0.277014 0.339971 0.278523 0.334969 0.290361 0.295763 0.277870 0.291935 0.279778 0.288292 0.299444 0.287732 0.315537 0.279102 0.314148 0.272409 0.318588 0.268453 0.318019 0.264427 0.336370 0.260370 0.372750 0.260888 0.386343 0.262766 0.395000 0.266951 0.407667 0.268448 0.410106 0.269201 0.418102 0.271964 0.432301 0.272758 0.447227 0.276448 0.458431 0.281534 0.463157 0.284398 0.464593 0.288883 0.470565 0.290375 0.471977 0.294479 0.472481 0.296070 0.472310 0.296865 0.472310 0.300409 0.467912 0.303255 0.466509 0.305779 0.466338 0.307831 0.466338 0.305266 0.445259 0.301156 0.437801 0.297237 0.414236 0.304471 0.377954
2 0.473964 0.387269 0.475281 0.382921 0.476654 0.380995 0.477956 0.380995 0.481352 0.383310 0.482292 0.385750 0.482003 0.387681 0.480557 0.389222 0.478966 0.389222 0.477810 0.388708 0.476378 0.388301 0.475568 0.388977
2 0.452013 0.357171 0.452753 0.359245 0.453003 0.360435 0.456099 0.362815 0.462698 0.358838 0.463510 0.355727 0.463073 0.355505 0.462073 0.354060 0.461760 0.350505 0.458388 0.350394 0.457638 0.353171 0.457263 0.353616 0.456388 0.356171 0.455576 0.357282 0.453951 0.357505
5 0.586328 0.526528 0.605156 0.520718 0.607495 0.518944 0.610599 0.518491 0.619466 0.516120 0.621471 0.516120 0.623721 0.515065 0.623979 0.513431 0.623229 0.511958 0.623060 0.510764 0.623138 0.507639 0.615781 0.490977 0.614529 0.489347 0.613016 0.488907 0.603229 0.491736 0.582068 0.498125 0.575797 0.499019 0.574878 0.499616 0.573378 0.499157 0.572292 0.498125 0.571698 0.497528 0.567096 0.498264 0.566604 0.499019 0.564844 0.500352 0.562169 0.501847
10 0.385813 0.277644 0.384427 0.279444 0.383203 0.280741 0.381404 0.282912 0.379375 0.284861 0.377716 0.284708 0.376414 0.284194 0.372945 0.280083 0.369836 0.272889 0.373958 0.275069 0.375404 0.275458 0.376776 0.275713 0.378583 0.276102
10 0.391596 0.273787 0.391451 0.271986 0.390656 0.268903 0.389862 0.266847 0.385596 0.260421 0.384656 0.260292 0.376125 0.269162 0.372440 0.271986 0.374174 0.273657 0.376922 0.273917 0.378440 0.274301 0.380607 0.275069 0.384440 0.275458 0.386029 0.275458 0.387042 0.274042 0.387909 0.273787 0.389716 0.273528
10 0.390224 0.261065 0.392073 0.264560 0.397422 0.260833 0.395427 0.257338
6 0.358125 0.278542 0.355727 0.281625 0.351711 0.276718 0.358906 0.266903 0.361885 0.268005 0.358271 0.271343 0.357909 0.274431
8 0.417500 0.315602 0.420229 0.312884 0.418503 0.312306 0.414862 0.315972 0.415326 0.317384
8 0.530896 0.375306 0.530641 0.377458 0.529971 0.384449 0.530107 0.389569 0.530232 0.391903 0.530034 0.404106 0.529440 0.403856 0.528141 0.401676 0.527956 0.376185
8 0.529253 0.374037 0.529714 0.369815 0.541266 0.337097 0.543479 0.339019 0.530896 0.375306 0.530560 0.375199 0.530560 0.373787
8 0.522917 0.373287 0.526406 0.373426 0.527969 0.373750 0.530560 0.373787 0.530560 0.375199 0.527956 0.376185 0.524185 0.375954 0.523060 0.375843
8 0.527956 0.376185 0.527628 0.380000 0.526930 0.386144 0.525174 0.393190 0.522198 0.389991 0.522198 0.389991 0.522846 0.388833 0.523307 0.387083 0.524372 0.383505 0.524935 0.378843 0.524747 0.377065 0.524185 0.375954
8 0.527909 0.364801 0.527969 0.373750 0.526380 0.373519 0.526609 0.366556 0.526802 0.364167
8 0.521964 0.355375 0.523281 0.355676 0.524005 0.357861 0.527258 0.360560 0.527909 0.364801 0.525060 0.363116 0.523318 0.361222 0.520026 0.360361 0.518867 0.355375
8 0.513490 0.400648 0.514620 0.400389 0.515490 0.398847 0.514823 0.397574 0.513924 0.387565 0.510685 0.363565 0.508404 0.345926 0.506284 0.329736 0.502924 0.306954 0.501414 0.306954 0.503628 0.324231 0.503943 0.325194 0.505161 0.337875 0.507448 0.356759 0.507500 0.358426 0.511745 0.385880 0.512138 0.391153
8 0.483060 0.395125 0.483164 0.387870 0.483862 0.386569 0.487487 0.381056 0.490591 0.377398 0.491182 0.379194 0.487836 0.383407 0.484315 0.389111 0.484315 0.396486
6 0.431328 0.336806 0.431458 0.343593 0.428750 0.342019 0.428659 0.340111 0.430479 0.337204
6 0.432344 0.336542 0.449753 0.347579 0.449391 0.352171 0.450266 0.352394 0.448419 0.353088 0.444396 0.350755 0.432484 0.344259
8 0.456221 0.328676 0.458453 0.331269 0.457786 0.329014 0.457786 0.329014 0.457008 0.327870
8 0.439482 0.299838 0.439518 0.301509 0.439427 0.303889 0.438513 0.318125 0.438659 0.326222 0.438521 0.330579 0.436857 0.330579 0.436857 0.325694 0.437344 0.317375 0.437812 0.304028 0.437812 0.304028 0.438086 0.299713
8 0.442693 0.301523 0.455901 0.315718 0.456523 0.314722 0.455760 0.312819 0.455544 0.311148 0.443760 0.300222
8 0.431958 0.292884 0.440591 0.300597 0.442792 0.299051 0.439010 0.295509 0.437979 0.294954 0.437109 0.294056 0.437182 0.292898 0.432271 0.288639 0.432396 0.291190
8 0.419510 0.292991 0.422776 0.294319 0.424690 0.299630 0.419930 0.297968
8 0.422776 0.294319 0.425760 0.302903 0.426346 0.304241 0.428099 0.309500 0.428797 0.310412 0.429826 0.310250 0.430479 0.309500 0.431276 0.308912 0.430576 0.305843 0.429503 0.303435 0.426885 0.295315 0.424086 0.294856
8 0.415234 0.295556 0.418464 0.297634 0.418214 0.292412 0.412461 0.289667 0.412378 0.294426
8 0.418151 0.272310 0.418589 0.278639 0.418836 0.282861 0.420648 0.288417 0.424523 0.290301 0.423404 0.286769 0.422214 0.283333
8 0.403609 0.241375 0.403956 0.240259 0.404305 0.239083 0.405107 0.239019 0.405734 0.239579 0.406432 0.241005 0.411187 0.252583 0.415596 0.265690 0.417005 0.272065 0.417378 0.279287 0.409258 0.257532 0.406497 0.250250
8 0.565365 0.417005 0.567302 0.412898 0.568990 0.414338 0.566310 0.417741
8 0.525862 0.444764 0.526370 0.443907 0.527943 0.444051 0.528826 0.445153 0.529065 0.448157 0.528388 0.451083 0.528969 0.465366 0.524995 0.448236 0.525284 0.446949
1 0.527469 0.346065 0.526354 0.345463 0.526068 0.346435 0.526380 0.347500 0.527448 0.347176 0.528711 0.347505 0.529141 0.347593 0.529948 0.347824 0.530078 0.346991 0.529870 0.346065 0.529141 0.346157 0.529141 0.346157
2 0.433820 0.367477 0.434070 0.369144 0.434945 0.370699 0.435820 0.372366 0.438693 0.375810 0.441505 0.375366 0.442880 0.373699 0.444005 0.373810 0.444565 0.375366 0.448320 0.375750 0.445315 0.370255 0.442005 0.363144 0.439568 0.358815 0.438880 0.359593 0.438130 0.361259
3 0.426875 0.327917 0.421010 0.325046 0.419763 0.323602 0.413951 0.321713 0.413826 0.320491 0.415138 0.318940 0.415326 0.317384 0.417500 0.315602 0.425635 0.319495
10 0.443099 0.336528 0.443068 0.338162 0.444008 0.343685 0.447839 0.346514 0.448344 0.343560 0.449935 0.342144 0.450440 0.341759 0.451091 0.339060 0.451237 0.338546 0.454201 0.338417 0.454852 0.338806 0.454995 0.343301 0.459406 0.346514 0.463958 0.348829 0.473430 0.352042 0.473503 0.351398 0.466995 0.343815 0.461284 0.340986 0.455792 0.335718 0.450659 0.332250 0.445958 0.329167 0.446104 0.330708 0.444440 0.337134
2 0.361885 0.268005 0.358271 0.271343 0.357909 0.274431 0.358125 0.278542 0.360367 0.286894 0.363115 0.289338 0.364703 0.289079 0.371823 0.281065 0.367089 0.270060
2 0.450612 0.387407 0.455714 0.386662 0.457888 0.385773 0.460063 0.385324 0.461484 0.386514 0.462237 0.390532 0.463073 0.395435 0.463576 0.399898 0.463659 0.401384 0.463750 0.402130
10 0.473964 0.387269 0.473820 0.389968 0.474326 0.398065 0.475990 0.406032 0.478807 0.410657 0.483867 0.417083 0.495073 0.430190 0.498615 0.434046 0.502086 0.428394 0.502849 0.426824 0.502414 0.424708 0.502667 0.423935 0.503469 0.423264 0.502437 0.422736 0.502513 0.420750 0.494240 0.411139 0.493404 0.409505 0.488529 0.403565 0.490042 0.398769 0.486964 0.395889 0.485396 0.397421 0.476378 0.388301 0.475568 0.388977
2 0.438557 0.288144 0.435911 0.286005 0.430870 0.286338 0.430591 0.287083 0.437182 0.292898 0.437760 0.291741 0.438339 0.289042
2 0.439010 0.295509 0.442792 0.299051 0.446943 0.295083 0.442969 0.292269 0.439714 0.289120 0.440508 0.292255 0.440870 0.293412 0.440870 0.294440
9 0.439688 0.289028 0.440508 0.292255 0.440870 0.293412 0.440870 0.294440 0.439010 0.295509 0.437979 0.294954 0.437109 0.294056 0.437182 0.292898 0.437760 0.291741 0.438339 0.289042 0.438557 0.288144
2 0.446943 0.295083 0.448172 0.294569 0.450990 0.291741 0.451062 0.290199 0.450701 0.288657 0.450773 0.286727 0.449544 0.286472 0.447664 0.287116 0.446219 0.288144 0.445424 0.289296 0.442969 0.292269
2 0.503313 0.417324 0.504393 0.412167 0.504310 0.409343 0.504729 0.407259 0.505482 0.405625 0.506904 0.404435 0.508156 0.403838 0.508576 0.404287 0.508576 0.404287 0.511586 0.401676 0.512453 0.400903 0.513609 0.400903 0.514620 0.400389 0.515490 0.398847 0.515995 0.397435 0.518091 0.392676 0.518958 0.390880 0.519971 0.389208 0.521055 0.388694 0.525174 0.393190 0.525971 0.394347 0.527055 0.396532 0.527849 0.399231 0.528141 0.401676 0.529440 0.403856 0.538404 0.405014 0.542091 0.406042 0.543031 0.406042 0.543898 0.405014 0.545779 0.405014 0.547586 0.404889 0.550333 0.405403 0.552357 0.406556 0.553875 0.408102 0.555177 0.407843 0.556406 0.409644 0.559659 0.411440 0.564573 0.416194 0.566310 0.417741 0.562729 0.420704 0.557917 0.426593 0.555667 0.428259 0.553669 0.428926 0.552641 0.428819 0.548742 0.430847 0.538716 0.429370 0.531089 0.429148 0.526531 0.429819 0.525901 0.428597 0.525776 0.426704 0.526781 0.424829 0.527836 0.424380 0.530219 0.424380 0.530586 0.422162 0.531031 0.419375 0.531214 0.416606 0.531273 0.414162 0.531214 0.413269 0.522776 0.412269 0.520909 0.413042 0.519089 0.413491 0.515159 0.415935 0.511161 0.418051 0.506159 0.421819 0.503469 0.423264 0.502437 0.422736 0.502521 0.420806 0.502938 0.418870
9 0.694828 0.565449 0.699065 0.568963 0.699346 0.570037 0.700073 0.570398 0.701042 0.570037 0.701161 0.568606 0.700961 0.567315 0.700477 0.566597 0.699911 0.567028 0.699549 0.567528 0.695516 0.564444
1 0.452427 0.293273 0.464086 0.309120 0.465013 0.309769 0.464797 0.310120 0.463424 0.309606 0.460677 0.306519 0.458922 0.304745 0.451299 0.294347
1 0.433388 0.273769 0.433430 0.272833 0.433833 0.272120 0.447664 0.287116 0.446219 0.288144
2 0.693453 0.550333 0.698854 0.557630 0.697719 0.559546 0.692643 0.551676
2 0.688617 0.555412 0.692682 0.567083 0.694667 0.565880 0.694586 0.564875 0.690312 0.554264
2 0.360518 0.264986 0.371477 0.246991 0.382685 0.225134 0.387034 0.231380 0.377667 0.251454 0.370557 0.264093 0.368536 0.265949 0.366656 0.265949 0.364451 0.261713 0.363865 0.263199 0.365539 0.266917 0.363279 0.266472
1 0.386026 0.234935 0.389828 0.235495 0.397044 0.238097 0.400008 0.240699 0.399659 0.241875 0.396615 0.239630 0.390839 0.237227 0.385852 0.236611
2 0.590237 0.437866 0.591362 0.437532 0.592299 0.437977 0.592674 0.439088 0.593237 0.440199 0.594237 0.440532 0.595487 0.440310 0.596547 0.440310 0.597297 0.441755 0.597609 0.443755 0.594237 0.457306 0.589049 0.460523
2 0.552857 0.484352 0.547854 0.488019 0.539130 0.473620 0.541453 0.468116 0.543547 0.463912 0.543297 0.465356 0.542797 0.466912 0.542359 0.468579
2 0.528969 0.465366 0.530141 0.470250 0.525935 0.466741 0.522247 0.450421 0.524995 0.448236
8 0.533273 0.446009 0.528826 0.445153 0.529065 0.448157 0.534003 0.451944
8 0.542922 0.452250 0.540406 0.450861 0.540583 0.456417 0.544260 0.458653 0.544841 0.461236 0.545047 0.464690 0.546297 0.467245 0.550232 0.466579 0.550669 0.465468 0.550857 0.464023 0.550294 0.459694 0.549544 0.457583 0.548169 0.457472 0.547857 0.457361 0.547294 0.455472 0.546109 0.454361 0.544359 0.453361
1 0.540495 0.391667 0.541346 0.393370 0.536979 0.398426 0.536016 0.397176
2 0.529492 0.355556 0.531276 0.355556 0.532299 0.357477 0.533164 0.360069 0.529714 0.369815
8 0.527469 0.346065 0.529141 0.346157 0.529305 0.312079 0.522031 0.276954 0.520404 0.278625 0.527591 0.312722
8 0.527969 0.373750 0.527909 0.364801 0.527909 0.364801 0.527573 0.351968 0.527448 0.347176 0.528711 0.347505 0.529141 0.347593 0.529714 0.369815 0.529357 0.372847 0.529250 0.374000
1 0.507448 0.356759 0.507500 0.358426 0.502596 0.352926 0.501677 0.351986 0.500034 0.348028 0.493935 0.332542 0.494807 0.331681 0.500419 0.345963 0.503130 0.351810
1 0.509458 0.346356 0.511510 0.365319 0.513437 0.368843 0.517542 0.376620 0.518872 0.379968 0.522846 0.388833 0.522846 0.388833 0.523307 0.387083 0.519935 0.379398 0.517026 0.372477 0.513648 0.366352 0.512333 0.364356 0.511026 0.352259 0.510271 0.346477
1 0.480047 0.379319 0.485078 0.384722 0.484281 0.385986 0.479120 0.380181
2 0.395891 0.307843 0.395313 0.312727 0.399505 0.314653 0.398781 0.308870
8 0.488542 0.382500 0.496552 0.381301 0.500247 0.381551 0.506628 0.383718 0.506383 0.385394 0.500281 0.383347 0.500177 0.382889 0.499508 0.382292 0.499008 0.382292 0.498414 0.383824 0.495667 0.383565 0.487859 0.385106
2 0.395529 0.313884 0.399578 0.315685 0.399867 0.318125 0.401385 0.319667 0.401602 0.321981 0.398349 0.329819 0.396253 0.327380 0.397698 0.323264 0.393432 0.320440
2 0.390151 0.303602 0.388346 0.307074 0.387836 0.306431 0.382849 0.297819 0.381766 0.295634 0.379958 0.293065 0.377932 0.291648 0.374174 0.291264 0.371727 0.289523 0.371789 0.286639 0.372414 0.283639 0.374289 0.284306 0.378477 0.286972 0.380102 0.287407 0.380464 0.289722 0.381836 0.289981 0.383284 0.290366 0.387258 0.294347 0.387836 0.299231 0.388198 0.302574 0.388776 0.303731
1 0.360518 0.264986 0.358344 0.264514 0.358203 0.266255 0.358906 0.266903 0.361885 0.268005 0.367089 0.270060 0.366323 0.267917 0.365539 0.266917 0.363279 0.266472
1 0.438693 0.375810 0.448320 0.375750 0.460112 0.375454 0.460365 0.377681 0.447901 0.377681 0.445977 0.377981 0.440893 0.378051
1 0.365539 0.266917 0.363865 0.263199 0.364451 0.261713 0.366656 0.265949 0.368826 0.270190 0.369836 0.272889 0.372945 0.280083 0.376414 0.284194 0.377716 0.284708 0.379375 0.284861 0.382026 0.285120 0.385857 0.285380 0.388674 0.286537 0.391641 0.288593 0.394385 0.290389 0.397279 0.291806 0.400094 0.293412 0.402844 0.295468 0.405411 0.297833 0.404992 0.298574 0.397018 0.293708 0.389284 0.288954 0.387547 0.287921 0.384656 0.287282 0.380102 0.287407 0.378477 0.286972 0.374289 0.284306 0.371823 0.281065 0.367089 0.270060 0.366323 0.267917
1 0.400333 0.280005 0.400167 0.281935 0.400169 0.284995 0.398904 0.282773 0.399146 0.279046
2 0.507500 0.358426 0.511745 0.385880 0.510013 0.385116 0.504578 0.382144 0.498305 0.377088 0.491362 0.371139 0.486760 0.366083 0.483750 0.361625 0.476138 0.354338 0.459620 0.335542 0.458557 0.331764 0.457786 0.329014 0.457010 0.325907 0.455948 0.324194 0.454878 0.320745 0.454492 0.319037 0.455362 0.316625 0.456523 0.314722 0.459143 0.314560 0.461852 0.314218 0.463784 0.314218 0.465141 0.309042 0.466495 0.310083 0.467365 0.313861 0.468143 0.318856 0.468719 0.320403 0.468336 0.322472 0.476557 0.329176 0.477820 0.327454 0.479945 0.329014 0.479753 0.331926 0.489237 0.339153 0.502596 0.352926
2 0.506284 0.329736 0.506865 0.328880 0.507641 0.327847 0.509091 0.328532 0.511125 0.331287 0.514802 0.336102 0.515964 0.339375 0.520026 0.347977 0.521964 0.355375 0.518867 0.355375 0.520026 0.360361 0.523318 0.361222 0.525060 0.363116 0.525833 0.365009 0.526609 0.366556 0.526406 0.373426 0.522917 0.373287 0.523060 0.375843 0.522560 0.376398 0.521872 0.376509 0.521622 0.377287 0.520997 0.377954 0.520372 0.378620 0.519935 0.379398 0.517026 0.372477 0.513648 0.366352 0.512333 0.364356 0.511026 0.352259 0.510271 0.346477 0.509458 0.346356 0.508404 0.345926
2 0.429404 0.291648 0.428753 0.291907 0.427164 0.291648 0.426224 0.290880 0.426151 0.289593 0.423404 0.286769 0.422214 0.283333 0.422971 0.280727 0.423766 0.279440 0.424271 0.279315 0.427742 0.284324 0.430591 0.287083 0.430128 0.291264
2 0.415234 0.295556 0.414302 0.296806 0.412294 0.299037 0.409870 0.300968 0.407503 0.301551 0.407000 0.299616 0.406081 0.297981 0.405411 0.297833 0.402844 0.295468 0.401505 0.291306 0.400531 0.287435 0.400169 0.284995 0.400167 0.281935 0.400333 0.280005 0.408781 0.287139 0.412461 0.289667 0.412378 0.294426
2 0.506099 0.386144 0.504091 0.389417 0.503523 0.394931 0.505365 0.393593 0.506953 0.394190 0.507872 0.395676 0.509714 0.397458 0.513490 0.400648 0.512138 0.391153
1 0.418836 0.282861 0.419073 0.287435 0.417904 0.286935 0.417378 0.279287 0.417005 0.272065 0.415596 0.265690 0.417115 0.265819 0.417115 0.265819 0.417911 0.268903 0.418151 0.272310
2 0.392073 0.264560 0.393664 0.266102 0.396266 0.267384 0.398724 0.270343 0.400458 0.272912 0.401672 0.275394 0.401977 0.276384 0.401904 0.279083 0.400747 0.279981 0.399146 0.279046 0.399146 0.279046 0.396917 0.277282 0.394820 0.273810 0.393086 0.271111 0.390656 0.268903 0.389862 0.266847 0.385596 0.260421 0.384656 0.260292 0.383138 0.256435 0.381693 0.255023 0.382828 0.252778 0.385003 0.250250 0.385729 0.250139 0.385451 0.252454 0.390224 0.261065
1 0.441917 0.379167 0.445951 0.379097 0.445951 0.380745 0.443651 0.380815
1 0.462555 0.392917 0.463008 0.392977 0.463703 0.393597 0.465378 0.394093 0.468865 0.396884 0.474023 0.402523 0.473570 0.403824 0.468062 0.398245 0.465448 0.395829 0.463073 0.395435
2 0.401977 0.276384 0.404266 0.277176 0.410453 0.282380 0.415807 0.285801 0.417904 0.286935 0.419073 0.287435 0.420648 0.288417 0.424523 0.290301 0.426224 0.290880 0.427164 0.291648 0.428753 0.291907 0.429404 0.291648 0.430128 0.291264 0.430591 0.287083 0.432271 0.288639 0.432396 0.291190 0.431708 0.294079 0.430583 0.295079 0.427271 0.295301 0.424086 0.294856 0.418214 0.292412 0.412461 0.289667 0.408781 0.287139 0.400333 0.280005 0.400333 0.280005 0.400747 0.279981 0.401904 0.279083
1 0.401672 0.275394 0.401977 0.276384 0.404266 0.277176 0.409117 0.277028 0.416057 0.279111 0.416466 0.277894 0.415891 0.277028 0.408195 0.274949
1 0.395544 0.274926 0.393070 0.274843 0.393807 0.275611 0.395266 0.276833 0.396664 0.276755
1 0.400458 0.272912 0.401888 0.264764 0.403102 0.265593 0.401839 0.273759 0.401672 0.275394
2 0.401378 0.268639 0.399521 0.268639 0.398232 0.267995 0.397667 0.266847 0.397344 0.266417 0.395125 0.266847 0.393664 0.266102 0.393753 0.265269 0.397625 0.264338 0.398885 0.263037 0.401729 0.261995 0.403654 0.261847 0.405995 0.261699 0.409258 0.257532 0.411341 0.263046 0.412753 0.270648 0.411987 0.270579 0.411299 0.266704 0.408315 0.265699 0.407750 0.265773 0.406016 0.265986 0.404766 0.266991 0.404565 0.267352 0.402789 0.267921 0.403102 0.265593 0.401888 0.264764
1 0.406721 0.265704 0.406268 0.269667 0.407245 0.269481 0.407750 0.265773
1 0.418214 0.292412 0.418464 0.297634 0.422130 0.307894 0.423427 0.308375 0.419930 0.297968 0.419510 0.292991
2 0.482526 0.381991 0.483516 0.379750 0.486380 0.382824 0.485078 0.384722
1 0.439427 0.303889 0.442693 0.301523 0.443760 0.300222 0.448823 0.296241 0.454542 0.291778 0.455484 0.290917 0.454299 0.289611 0.450990 0.291741 0.448172 0.294569 0.446943 0.295083 0.442792 0.299051 0.440591 0.300597 0.439518 0.301509
1 0.440091 0.303398 0.440302 0.304014 0.442951 0.303583 0.443578 0.304079 0.443786 0.305440 0.444451 0.310958 0.445740 0.311269 0.445461 0.307486 0.444659 0.303583 0.442693 0.301523
1 0.442951 0.303583 0.440581 0.308255 0.440789 0.309060 0.441276 0.309185 0.443578 0.304079
1 0.450513 0.313884 0.456302 0.326662 0.455284 0.327634 0.454922 0.326477 0.449068 0.314398 0.449719 0.313625
1 0.457474 0.327551 0.454893 0.329903 0.453604 0.330648 0.451969 0.331019 0.450297 0.330204 0.449719 0.326736 0.451443 0.326991 0.451792 0.328852 0.452279 0.329037 0.453466 0.328727 0.455284 0.327634 0.456302 0.326662 0.457010 0.325907
1 0.454302 0.330463 0.454862 0.331269 0.458453 0.331269 0.458977 0.333190 0.455315 0.333125 0.453398 0.332755 0.453549 0.332005 0.453604 0.330648
1 0.432289 0.333736 0.433102 0.369861 0.431664 0.368634 0.431352 0.333870
2 0.428385 0.335139 0.430852 0.332227 0.432951 0.330653 0.434164 0.334718 0.432297 0.336042 0.432289 0.333736 0.431352 0.333870 0.431328 0.336806 0.430479 0.337204 0.428659 0.340111
2 0.427677 0.336125 0.427117 0.336875 0.426185 0.337954 0.425065 0.339611 0.424831 0.340690 0.424411 0.344259 0.424742 0.344394 0.427706 0.347477 0.428237 0.346829 0.426792 0.341435 0.427865 0.339861
2 0.385729 0.250139 0.386898 0.247569 0.390078 0.245125 0.392536 0.245000 0.394198 0.246796 0.395065 0.250139 0.395573 0.253995 0.395427 0.257338 0.390224 0.261065 0.385451 0.252454
2 0.575513 0.485852 0.574034 0.487125 0.575372 0.491588 0.575792 0.495005 0.573115 0.496491 0.571698 0.497528 0.572292 0.498125 0.573378 0.499157 0.574878 0.499616 0.575797 0.499019 0.590518 0.480185 0.599633 0.468065 0.599875 0.465630 0.595841 0.459532 0.586354 0.471019 0.584302 0.473991 0.584302 0.475722 0.583654 0.476199 0.583385 0.476870 0.583385 0.478023 0.583115 0.478602 0.580740 0.479944 0.579344 0.480616 0.577216 0.483407 0.582216 0.483741 0.582966 0.484185 0.582654 0.486963 0.581404 0.488185
1 0.393557 0.217333 0.394497 0.216713 0.404888 0.246648 0.403982 0.247208
10 0.505346 0.433968 0.522958 0.441019 0.533219 0.444806 0.533411 0.442569 0.533411 0.438440 0.533992 0.435856 0.534766 0.434995 0.535443 0.433792 0.536023 0.432417 0.537185 0.431727 0.539315 0.432245 0.540089 0.434653 0.540284 0.440676 0.540380 0.446694 0.542917 0.447407 0.542859 0.438366 0.553669 0.428926 0.552641 0.428819 0.548771 0.430935 0.538716 0.429370 0.531089 0.429148 0.526531 0.429819 0.525901 0.428597 0.525776 0.426704 0.526781 0.424829 0.527836 0.424380 0.530219 0.424380 0.530586 0.422162 0.531031 0.419375 0.531214 0.416606 0.531273 0.414162 0.531214 0.413269 0.522776 0.412269 0.520909 0.413042 0.519089 0.413491 0.515159 0.415935 0.511161 0.418051 0.506159 0.421819 0.503469 0.423264 0.502667 0.423935 0.502414 0.424708 0.502849 0.426824 0.502849 0.426824 0.502086 0.428394 0.498615 0.434046 0.497331 0.437843 0.499497 0.440500 0.500583 0.440116 0.501594 0.436903 0.504487 0.433944
2 0.450612 0.387407 0.464044 0.379319 0.470484 0.374856 0.474164 0.371588 0.475922 0.364301 0.478346 0.356569 0.476138 0.354338 0.473411 0.351361 0.472826 0.355824 0.467891 0.354931 0.466805 0.359394 0.463625 0.358352 0.462286 0.358944 0.456099 0.362815 0.453003 0.360435 0.451581 0.360583 0.452250 0.361773 0.451833 0.362963 0.450745 0.363704 0.449323 0.362963 0.447398 0.364153 0.447315 0.367722 0.449156 0.367273 0.449156 0.368167 0.447398 0.369208 0.446562 0.368759 0.448320 0.375750 0.460112 0.375454 0.460365 0.377681 0.447901 0.377681 0.445977 0.377981 0.445727 0.382292
10 0.571698 0.497528 0.573115 0.496491 0.575792 0.495005 0.575372 0.491588 0.574034 0.487125 0.573359 0.482917 0.572112 0.482963 0.571107 0.480583 0.569768 0.478648 0.568599 0.477014 0.567839 0.475417 0.565922 0.476718 0.565253 0.478204 0.561823 0.479245 0.559815 0.479542 0.558060 0.480282 0.547854 0.488019 0.552706 0.493074 0.555130 0.492926 0.558477 0.491884 0.562576 0.490694 0.565086 0.490843 0.566924 0.492477 0.568096 0.494264 0.568849 0.496194 0.569089 0.497963
10 0.568599 0.477014 0.569398 0.475625 0.573286 0.473704 0.580576 0.470537 0.583547 0.469671 0.584086 0.469194 0.585328 0.469384 0.586354 0.471019 0.584302 0.473991 0.584302 0.475722 0.583654 0.476199 0.583385 0.476870 0.583385 0.478023 0.583115 0.478602 0.580740 0.479944 0.574096 0.482824 0.572112 0.482963 0.571107 0.480583 0.569768 0.478648
2 0.567471 0.493181 0.558036 0.497514 0.557224 0.497181 0.556411 0.494181 0.555130 0.492926 0.558477 0.491884 0.562576 0.490694 0.565086 0.490843 0.566924 0.492477
2 0.558036 0.497514 0.562169 0.501847 0.564844 0.500352 0.566604 0.499019 0.567096 0.498264 0.569089 0.497963 0.568849 0.496194 0.568096 0.494264 0.567471 0.493181
2 0.573773 0.485407 0.581404 0.488185 0.582654 0.486963 0.582966 0.484185 0.582216 0.483741 0.577216 0.483407 0.574096 0.482824 0.573281 0.482741
2 0.589049 0.460523 0.588719 0.467912 0.586354 0.471019 0.585328 0.469384 0.584086 0.469194 0.583547 0.469671 0.580576 0.470537 0.573286 0.473704 0.569398 0.475625 0.568599 0.477014 0.567839 0.475417 0.565922 0.476718 0.565253 0.478204 0.561823 0.479245 0.559815 0.479542 0.558060 0.480282 0.552857 0.484352 0.542359 0.468579 0.542797 0.466912 0.543297 0.465356 0.543547 0.463912 0.544297 0.463912 0.545047 0.464690 0.546297 0.467245 0.550232 0.466579 0.550669 0.465468 0.550857 0.464023 0.550294 0.459694 0.549544 0.457583 0.548169 0.457472 0.547857 0.457361 0.547294 0.455472 0.546109 0.454361 0.544359 0.453361 0.542922 0.452250 0.542859 0.438366 0.553669 0.428926 0.555667 0.428259 0.557917 0.426593 0.562729 0.420704 0.570911 0.413486 0.572661 0.412042 0.574286 0.410708 0.575849 0.412153 0.585721 0.426370 0.590719 0.433477 0.590237 0.437866
2 0.552357 0.406556 0.553198 0.405833 0.557357 0.404491 0.559659 0.411440 0.556406 0.409644 0.555177 0.407843 0.553875 0.408102
2 0.515490 0.398847 0.514823 0.397574 0.514029 0.389606 0.516268 0.388194 0.516776 0.387292 0.517065 0.384079 0.517497 0.381769 0.518148 0.380611 0.518872 0.379968 0.522846 0.388833 0.522198 0.389991 0.521055 0.388694 0.519971 0.389208 0.518958 0.390880 0.518091 0.392676 0.515995 0.397435
2 0.519935 0.379398 0.520372 0.378620 0.520997 0.377954 0.521622 0.377287 0.521872 0.376509 0.522560 0.376398 0.523060 0.375843 0.524185 0.375954 0.524747 0.377065 0.524935 0.378843 0.524372 0.383505 0.523307 0.387083
2 0.510685 0.363565 0.513437 0.368843 0.517542 0.376620 0.518872 0.379968 0.518148 0.380611 0.517497 0.381769 0.517065 0.384079 0.516776 0.387292 0.516268 0.388194 0.515760 0.388718 0.513924 0.387565
3 0.446104 0.330708 0.444440 0.337134 0.439099 0.335074 0.437141 0.334560 0.436206 0.333019 0.436128 0.331347 0.427966 0.328009 0.427234 0.321838 0.427018 0.319912 0.436857 0.325694 0.436857 0.330579 0.438521 0.330579 0.438594 0.326338 0.442273 0.327750 0.443581 0.325824 0.444086 0.324153 0.444802 0.324537
2 0.465141 0.309042 0.464807 0.306389 0.466646 0.305704 0.468000 0.305014 0.469258 0.307421 0.472161 0.315338 0.472451 0.320671 0.477870 0.324111 0.480096 0.326347 0.481451 0.328241 0.482323 0.326176 0.486292 0.325662 0.487742 0.327037 0.489872 0.327898 0.495677 0.329444 0.497904 0.329616 0.500034 0.331681 0.502453 0.334264 0.505161 0.337875 0.507448 0.356759 0.503130 0.351810 0.500419 0.345963 0.494807 0.331681 0.493935 0.332542 0.500034 0.348028 0.501677 0.351986 0.489237 0.339153 0.479753 0.331926 0.479945 0.329014 0.477820 0.327454 0.476557 0.329176 0.468336 0.322472 0.468719 0.320403 0.468143 0.318856 0.467365 0.313861 0.466495 0.310083
2 0.472161 0.315338 0.474750 0.313741 0.493320 0.311514 0.494992 0.313296 0.495911 0.314931 0.497919 0.315824 0.503943 0.325194 0.505161 0.337875 0.502453 0.334264 0.500034 0.331681 0.497904 0.329616 0.495677 0.329444 0.489872 0.327898 0.487742 0.327037 0.486292 0.325662 0.482323 0.326176 0.481451 0.328241 0.480096 0.326347 0.477870 0.324111 0.472451 0.320671
2 0.533151 0.395741 0.531393 0.398130 0.532898 0.401551 0.535576 0.403926 0.535242 0.404671 0.538404 0.405014 0.539924 0.405565
2 0.455544 0.311148 0.455760 0.312819 0.456523 0.314722 0.459143 0.314560 0.461852 0.314218 0.463784 0.314218 0.464797 0.310120 0.463424 0.309606 0.460677 0.306519 0.455039 0.301250 0.448823 0.296241 0.443760 0.300222
10 0.450440 0.341759 0.449328 0.351394 0.449391 0.352171 0.450266 0.352394 0.450826 0.352616 0.450951 0.354171 0.450951 0.356282 0.452013 0.357171 0.453951 0.357505 0.455576 0.357282 0.456388 0.356171 0.457263 0.353616 0.457638 0.353171 0.458388 0.350394 0.461760 0.350505 0.462073 0.354060 0.463073 0.355505 0.463510 0.355727 0.462698 0.358838 0.463625 0.358352 0.466805 0.359394 0.467891 0.354931 0.472826 0.355824 0.473430 0.352042 0.463958 0.348829 0.459406 0.346514 0.454995 0.343301 0.454852 0.338806 0.454201 0.338417 0.451237 0.338546 0.451091 0.339060
2 0.411651 0.322069 0.416333 0.330694 0.417255 0.329208 0.418341 0.328315 0.420349 0.328463 0.421771 0.329505 0.426289 0.331588 0.426372 0.329653 0.421437 0.326977 0.421010 0.325046 0.419763 0.323602 0.413951 0.321713 0.413156 0.320880 0.412320 0.320880
2 0.411651 0.322069 0.410263 0.324301 0.408672 0.323407 0.406833 0.322815 0.404240 0.320731 0.402232 0.316866 0.400141 0.313000 0.399138 0.310324 0.398216 0.307051 0.398802 0.304375 0.399471 0.301995 0.398049 0.300954 0.398719 0.299023 0.399471 0.297685 0.401060 0.298130 0.402148 0.298722 0.402651 0.298130 0.403237 0.297532 0.404992 0.298574 0.405411 0.297833 0.406081 0.297981 0.407000 0.299616 0.407503 0.301551 0.408003 0.303778 0.409008 0.311065 0.408422 0.313593 0.408172 0.314782 0.409258 0.315231 0.410680 0.315231 0.411768 0.315824 0.412185 0.314782 0.412854 0.314634 0.413690 0.315079 0.414862 0.315972 0.415326 0.317384 0.415138 0.318940 0.413826 0.320491 0.413156 0.320880 0.412320 0.320880
9 0.414042 0.329102 0.413031 0.329102 0.412018 0.329870 0.411440 0.331542 0.411440 0.333597 0.412380 0.335014 0.413971 0.335782 0.414982 0.335139 0.415633 0.334370 0.415922 0.332315 0.415633 0.330773 0.415055 0.329741
2 0.416573 0.351847 0.417729 0.348505 0.419031 0.345421 0.420115 0.344653 0.421490 0.344009 0.423440 0.343750 0.424742 0.344394 0.427706 0.347477 0.430018 0.349407 0.430596 0.350176 0.430091 0.351977 0.429586 0.355958 0.428862 0.359046 0.427922 0.360718 0.426477 0.360588 0.424669 0.359815 0.423224 0.358532
2 0.444396 0.350755 0.447474 0.361431 0.448922 0.361565 0.449323 0.362963 0.450745 0.363704 0.451833 0.362963 0.452250 0.361773 0.451581 0.360583 0.453003 0.360435 0.452753 0.359245 0.452013 0.357171 0.450951 0.356282 0.450951 0.354171 0.450826 0.352616 0.450266 0.352394 0.448419 0.353088
2 0.444089 0.321065 0.448128 0.311829 0.448995 0.311829 0.450513 0.312083 0.450513 0.313884 0.449719 0.313625 0.449068 0.314398 0.454922 0.326477 0.450081 0.324421
2 0.438513 0.318125 0.444089 0.321065 0.450081 0.324421 0.454922 0.326477 0.455284 0.327634 0.449719 0.326736 0.450297 0.330204 0.453549 0.332005 0.453333 0.333931 0.450659 0.332250 0.445781 0.329074 0.444802 0.324537 0.444086 0.324153 0.443581 0.325824 0.442273 0.327750 0.438594 0.326338 0.438659 0.326222
2 0.417911 0.268903 0.424128 0.274301 0.424201 0.276870 0.426367 0.279056 0.427742 0.279315 0.427958 0.281625 0.427742 0.284324 0.430591 0.287083 0.430706 0.286380 0.431719 0.284324 0.432513 0.282398 0.432802 0.279829 0.432802 0.277644 0.432440 0.273657 0.429260 0.270060 0.428464 0.268903 0.426440 0.267231 0.425719 0.263375 0.424560 0.261190 0.418344 0.256181 0.415958 0.254509 0.414729 0.251940 0.413138 0.251681 0.412128 0.252324 0.411187 0.252583 0.415596 0.265690 0.417115 0.265819
2 0.366656 0.265949 0.368536 0.265949 0.371932 0.262861 0.374826 0.260037 0.381693 0.255023 0.383138 0.256435 0.384656 0.260292 0.376125 0.269162 0.372440 0.271986 0.368826 0.270190
2 0.379375 0.284861 0.382026 0.285120 0.385857 0.285380 0.388674 0.286537 0.391641 0.288593 0.394385 0.290389 0.397279 0.291806 0.398724 0.291676 0.400026 0.290005 0.400531 0.287435 0.400169 0.284995 0.398508 0.282037 0.397568 0.280625 0.396555 0.279208 0.395760 0.277282 0.393807 0.275611 0.392724 0.274324 0.391596 0.273787 0.389716 0.273528 0.387909 0.273787 0.387042 0.274042 0.386029 0.275458 0.385813 0.277644 0.384427 0.279444 0.383203 0.280741 0.381404 0.282912
2 0.397018 0.293708 0.397161 0.296148 0.396513 0.297690 0.393982 0.300389 0.391380 0.303218 0.390151 0.303602 0.388776 0.303731 0.388198 0.302574 0.387836 0.299231 0.387258 0.294347 0.383284 0.290366 0.381836 0.289981 0.380464 0.289722 0.380102 0.287407 0.384656 0.287282 0.387547 0.287921 0.389284 0.288954
2 0.387836 0.306431 0.385885 0.310287 0.385161 0.312597 0.384367 0.313370 0.380391 0.309644 0.376776 0.301931 0.373885 0.293319 0.374174 0.291264 0.377932 0.291648 0.379958 0.293065 0.381766 0.295634 0.382849 0.297819
2 0.511042 0.446435 0.521669 0.446565 0.525245 0.446926 0.524995 0.448236 0.522247 0.450421 0.525935 0.466741 0.511260 0.451704
2 0.494240 0.411139 0.493404 0.409505 0.493099 0.404769 0.492818 0.399986 0.494909 0.396718 0.495828 0.392699 0.496747 0.389579 0.498086 0.384819 0.499008 0.382292 0.499508 0.382292 0.500177 0.382889 0.500930 0.385269 0.501852 0.389579 0.503523 0.394931 0.505365 0.393593 0.506953 0.394190 0.507872 0.395676 0.509714 0.397458 0.509294 0.397606 0.506117 0.395972 0.506034 0.397759 0.507872 0.398500 0.509714 0.400134 0.510716 0.402069 0.510659 0.402412 0.508576 0.404287 0.508156 0.403838 0.508156 0.403838 0.506904 0.404435 0.505482 0.405625 0.504729 0.407259 0.504310 0.409343 0.504393 0.412167 0.503391 0.417370 0.502938 0.418870 0.502521 0.420806
2 0.530641 0.377458 0.535492 0.382218 0.540495 0.391667 0.536016 0.397176 0.532062 0.391435 0.534573 0.389208 0.529971 0.384449
2 0.541346 0.393370 0.544190 0.398426 0.542099 0.402588 0.538839 0.401250 0.536979 0.398426
10 0.429503 0.303435 0.437812 0.304028 0.437344 0.317375 0.431068 0.314815 0.430857 0.313972 0.431602 0.309245 0.431276 0.308912 0.430576 0.305843
2 0.374826 0.260037 0.384919 0.242366 0.389685 0.237458 0.393031 0.239097 0.406497 0.250250 0.409258 0.257532 0.405995 0.261699 0.403654 0.261847 0.401729 0.261995 0.398885 0.263037 0.397422 0.260833 0.395427 0.257338 0.395573 0.253995 0.395065 0.250139 0.394198 0.246796 0.392536 0.245000 0.390078 0.245125 0.386898 0.247569 0.385729 0.250139 0.385003 0.250250 0.382828 0.252778 0.381693 0.255023
1 0.368826 0.270190 0.369836 0.272889 0.373958 0.275069 0.375404 0.275458 0.376776 0.275713 0.378583 0.276102 0.385813 0.277644 0.386029 0.275458 0.384440 0.275458 0.380607 0.275069 0.378440 0.274301 0.376922 0.273917 0.374174 0.273657 0.372440 0.271986
2 0.401672 0.275394 0.401839 0.273759 0.402758 0.271528 0.404180 0.270190 0.408112 0.269296 0.410956 0.270338 0.414469 0.273458 0.415891 0.277028 0.408195 0.274949
2 0.416057 0.279111 0.415974 0.282829 0.415807 0.285801 0.410453 0.282380 0.404266 0.277176 0.409117 0.277028
2 0.407779 0.302606 0.411375 0.304389 0.414135 0.303944 0.418987 0.306324 0.423753 0.308551 0.425091 0.302306 0.425760 0.302903 0.426346 0.304241 0.425008 0.311676 0.428271 0.313310 0.427518 0.318218 0.426849 0.318218 0.425091 0.314648 0.423253 0.314056 0.416560 0.311528 0.412880 0.310190 0.411792 0.312421 0.410370 0.311824 0.409008 0.311065 0.408003 0.303778
2 0.437344 0.317375 0.436857 0.325694 0.427018 0.319912 0.426849 0.318218 0.426701 0.318153 0.427518 0.318218 0.428271 0.313310 0.430857 0.313972 0.431068 0.314815
1 0.425635 0.319495 0.424242 0.314296 0.425091 0.314648 0.426849 0.318218 0.427018 0.319912 0.427234 0.321838 0.427966 0.328009 0.428385 0.335139 0.428659 0.340111 0.427865 0.339861 0.427677 0.336125 0.426875 0.327917
2 0.496747 0.389579 0.494221 0.391019 0.492414 0.391662 0.491474 0.392435 0.492703 0.395134 0.494909 0.396718 0.492818 0.399986 0.493516 0.409676 0.489378 0.404514 0.488529 0.403565 0.490042 0.398769 0.486964 0.395889 0.485396 0.397421 0.485544 0.393588 0.486414 0.389093 0.487859 0.385106 0.495667 0.383565 0.498414 0.383824
1 0.546245 0.397792 0.553992 0.400120 0.553182 0.401787 0.546245 0.399458
1 0.541880 0.391269 0.549063 0.404995 0.547586 0.404889 0.546904 0.404995 0.544190 0.398426 0.541346 0.393370 0.535492 0.382218 0.531513 0.373991 0.532323 0.372741
2 0.541880 0.391269 0.546341 0.395463 0.545099 0.397384
1 0.530107 0.389569 0.532062 0.391435 0.536016 0.397176 0.536979 0.398426 0.538839 0.401250 0.540729 0.404009 0.542091 0.406042 0.539924 0.405565 0.533151 0.395741 0.530232 0.391903
10 0.533219 0.444806 0.534003 0.451944 0.529065 0.448157 0.528388 0.451083 0.528969 0.465366 0.539130 0.473620 0.541453 0.468116 0.543547 0.463912 0.544297 0.463912 0.545047 0.464690 0.544841 0.461236 0.544260 0.458653 0.540583 0.456417 0.540380 0.446694 0.540284 0.440676 0.540089 0.434653 0.539315 0.432245 0.537185 0.431727 0.536023 0.432417 0.535443 0.433792 0.534766 0.434995 0.533992 0.435856 0.533411 0.438440 0.533411 0.442569
2 0.525862 0.444764 0.520680 0.439986 0.505346 0.433968 0.504487 0.433944 0.501594 0.436903 0.503763 0.440116 0.504268 0.437801 0.505786 0.437417 0.508680 0.437028 0.510052 0.437671 0.509185 0.440630 0.509328 0.442940 0.509474 0.444611 0.509474 0.445898 0.511042 0.446435 0.521669 0.446565 0.525284 0.446949
2 0.509474 0.445898 0.508391 0.446023 0.506148 0.446023 0.505281 0.445898 0.499497 0.440500 0.500583 0.440116 0.502318 0.440755 0.503763 0.440116 0.504268 0.437801 0.505786 0.437417 0.508680 0.437028 0.510052 0.437671 0.509185 0.440630 0.509328 0.442940 0.509474 0.444611
5 0.297013 0.203889 0.288721 0.187306 0.294810 0.183389 0.308674 0.177398 0.311911 0.175097 0.316057 0.171644 0.321370 0.171644 0.331484 0.192037 0.343005 0.212407 0.357388 0.241662 0.371185 0.271329 0.373984 0.280079 0.374555 0.283259 0.376224 0.285444 0.376458 0.288046 0.372870 0.284847 0.369734 0.282472 0.366146 0.278491 0.361979 0.280648 0.359266 0.284731 0.335143 0.254995 0.306938 0.217222
5 0.357547 0.158755 0.356435 0.154731 0.355596 0.153046 0.355523 0.149398 0.359219 0.149204 0.362883 0.148806 0.362883 0.147792 0.358784 0.143718 0.358755 0.142060 0.361227 0.140282 0.364388 0.132481 0.363685 0.130005 0.362427 0.128514 0.362516 0.125519 0.365508 0.125852 0.372786 0.132907 0.378664 0.138218 0.384917 0.144190 0.389536 0.148009 0.395753 0.153481 0.403409 0.161954 0.415229 0.173750 0.423760 0.180292 0.433701 0.189894 0.442901 0.199713 0.447419 0.204171 0.447044 0.206278 0.448794 0.213167 0.449609 0.219051 0.456609 0.225056 0.455227 0.227278 0.454115 0.228287 0.453177 0.229907 0.451172 0.228051 0.449734 0.227046 0.447943 0.231296 0.446706 0.239412 0.439331 0.231185 0.439766 0.240181 0.440266 0.249509 0.434219 0.242505 0.424984 0.232806 0.411701 0.218213 0.396148 0.201894 0.379083 0.182597 0.362451 0.164551
5 0.384917 0.144190 0.377315 0.135782 0.371388 0.129644 0.368401 0.126907 0.368401 0.125662 0.370081 0.123171 0.374234 0.120435 0.375401 0.119190 0.376521 0.112801 0.377409 0.110560 0.381047 0.102597 0.383055 0.102264 0.383570 0.102500 0.384411 0.103250 0.410234 0.129417 0.441930 0.159255 0.468906 0.185454 0.466456 0.189551 0.466456 0.189551 0.465057 0.192620 0.463003 0.198014 0.461883 0.200171 0.461229 0.200088 0.460622 0.199009 0.459596 0.200333 0.460016 0.202412 0.458661 0.206560 0.456328 0.208051 0.456281 0.209546 0.454010 0.212546 0.447419 0.204171 0.442901 0.199713 0.433701 0.189894 0.423760 0.180292 0.415229 0.173750 0.403409 0.161954 0.395753 0.153481 0.389536 0.148009
5 0.464870 0.234852 0.462633 0.232213 0.459487 0.232356 0.457607 0.233384 0.456609 0.233602 0.453638 0.235727 0.452146 0.237019 0.450979 0.238903 0.451461 0.240102 0.462190 0.251861 0.474815 0.265917 0.494823 0.288435 0.498818 0.293671 0.507609 0.302417 0.525440 0.323931 0.533424 0.333111 0.534596 0.334616 0.535724 0.338417 0.535951 0.339593 0.531870 0.341514 0.530984 0.342181 0.531474 0.344005 0.539958 0.353324 0.541630 0.352431 0.541044 0.350500 0.541044 0.345296 0.543135 0.343958 0.546984 0.349014 0.548823 0.347676 0.548992 0.343065 0.552003 0.347676 0.554094 0.347227 0.554010 0.342917 0.556518 0.331167 0.559279 0.325815 0.562307 0.327806 0.563315 0.327157 0.562786 0.326019 0.559375 0.322639 0.557318 0.320694 0.553078 0.316412 0.551865 0.314755 0.550130 0.314398 0.547383 0.311681 0.544583 0.314171 0.542344 0.311602 0.540198 0.310602 0.538469 0.311185 0.536695 0.311269 0.514576 0.287454 0.489557 0.260986
5 0.451461 0.240102 0.449839 0.242657 0.446706 0.239412 0.439331 0.231185 0.439766 0.240181 0.440266 0.249509 0.440211 0.252102 0.437727 0.253926 0.434974 0.255463 0.433948 0.257000 0.436797 0.259120 0.445964 0.269815 0.464237 0.290875 0.480622 0.308231 0.488049 0.313931 0.500633 0.331287 0.511859 0.346162 0.517961 0.354032 0.521133 0.351491 0.526328 0.345542 0.531870 0.341514 0.535951 0.339593 0.535724 0.338417 0.534596 0.334616 0.533424 0.333111 0.525440 0.323931 0.507609 0.302417 0.498818 0.293671 0.494823 0.288435 0.474815 0.265917 0.462190 0.251861
