0 0.433391 0.366884 0.430630 0.368644 0.427896 0.364708 0.426177 0.362903 0.424641 0.362162 0.423000 0.363366 0.419432 0.366884 0.415320 0.370486 0.413680 0.372616 0.413549 0.376319 0.413549 0.380347 0.413497 0.383125 0.410784 0.388523 0.412357 0.390606 0.414133 0.392685 0.415383 0.395694 0.417964 0.398852 0.417451 0.403889 0.412729 0.405394 0.407487 0.407472 0.418112 0.432796 0.420695 0.432009 0.421096 0.433157 0.422549 0.433227 0.422630 0.430792 0.423599 0.431509 0.425253 0.430792 0.426622 0.429644 0.426745 0.428426 0.427471 0.428856 0.429810 0.429644 0.431586 0.434519 0.428841 0.432653 0.424023 0.447509 0.433982 0.469116 0.436107 0.461236 0.438346 0.455838 0.440083 0.450181 0.440299 0.446713 0.440320 0.442986 0.441409 0.442343 0.443427 0.442343 0.444151 0.444639 0.445685 0.445856 0.447177 0.444782 0.447458 0.442917 0.451646 0.441560 0.453188 0.446704 0.454026 0.451764 0.456453 0.455000 0.458346 0.459218 0.458974 0.461569 0.459253 0.464236 0.458138 0.470185 0.456883 0.476444 0.457312 0.479139 0.459266 0.483852 0.466990 0.497894 0.474003 0.508005 0.477310 0.510597 0.479672 0.506014 0.481940 0.494398 0.483477 0.480907 0.482979 0.467023 0.480602 0.454829 0.477323 0.453306 0.473349 0.452620 0.464208 0.431287 0.461211 0.423602 0.464453 0.422421 0.467172 0.425708 0.469229 0.423227 0.473310 0.423042 0.478495 0.422667 0.481016 0.423662 0.483443 0.426403 0.486055 0.430801 0.488016 0.432130 0.494365 0.435199 0.499203 0.437366 0.500771 0.443222 0.501039 0.446773 0.503523 0.442454 0.503362 0.431606 0.502443 0.423736 0.501000 0.413125 0.499487 0.408037 0.495924 0.403333 0.491711 0.399685 0.484299 0.395120 0.476255 0.394931 0.472232 0.395181 0.473138 0.391588 0.476555 0.382352 0.478367 0.377208 0.478016 0.374796 0.476667 0.374222 0.475909 0.368079 0.474615 0.364046 0.472076 0.360782 0.468404 0.360014 0.465648 0.357898 0.463219 0.356366 0.461328 0.357227 0.458036 0.360685 0.455227 0.365963 0.453701 0.368056
13 0.399456 0.313986 0.395331 0.313463 0.391797 0.316394 0.389440 0.320167 0.387672 0.324671 0.386906 0.328963 0.386552 0.331690 0.386552 0.334412 0.387437 0.340593 0.389323 0.345514 0.391031 0.349389 0.394625 0.346037 0.399867 0.344782 0.406349 0.345722 0.407706 0.342370 0.408589 0.337449 0.408706 0.332421 0.408706 0.327287 0.407646 0.323204
8 0.482901 0.588704 0.479047 0.598162 0.476367 0.604051 0.476740 0.606208 0.479120 0.603718 0.482435 0.596750 0.484581 0.590278 0.484081 0.588787
8 0.503474 0.435125 0.507344 0.443185 0.507344 0.443185 0.507448 0.445292 0.507378 0.446653 0.506612 0.447583 0.505391 0.447769 0.503523 0.442454
5 0.527987 0.645222 0.487604 0.633060 0.487422 0.634634 0.483958 0.635838 0.483255 0.636764 0.483151 0.638060 0.527682 0.651968 0.527719 0.649056 0.527612 0.646514
5 0.489518 0.487528 0.488362 0.483417 0.489518 0.477120 0.492266 0.471593 0.494362 0.470565 0.497578 0.468306 0.501174 0.468005 0.503583 0.465509 0.504586 0.469176 0.504880 0.476301 0.499458 0.475042 0.495906 0.477079 0.492057 0.481981
5 0.551362 0.621991 0.549698 0.619519 0.548448 0.615296 0.548263 0.610671 0.548937 0.607005 0.550281 0.602856 0.552659 0.598472 0.557055 0.595843 0.561167 0.595755 0.564669 0.595912 0.567354 0.597347 0.571211 0.601014 0.573781 0.605153 0.575042 0.610815 0.575099 0.614227 0.574620 0.618708 0.573417 0.621593 0.571255 0.625537 0.570057 0.627037 0.562732 0.612625 0.563453 0.607926 0.562732 0.604403 0.562013 0.601949 0.560690 0.600569 0.559250 0.599819 0.557628 0.600569 0.556130 0.605370 0.556250 0.609426 0.556732 0.611880 0.558411 0.613690
5 0.490570 0.488005 0.492948 0.490718 0.496177 0.492153 0.499854 0.490477 0.501065 0.488088 0.503531 0.486014 0.504831 0.483301 0.504966 0.478597 0.502005 0.477801 0.498016 0.478597 0.495279 0.480750 0.492724 0.483384
5 0.489187 0.465468 0.485815 0.465468 0.484690 0.466134 0.482979 0.467023 0.483477 0.480907 0.481940 0.494398 0.485036 0.494213 0.488505 0.491898 0.489518 0.487528 0.488362 0.483417 0.489518 0.477120 0.492266 0.471593 0.494362 0.470565
5 0.480602 0.454829 0.482815 0.454134 0.484815 0.455468 0.487375 0.458579 0.488812 0.462912 0.489187 0.465468 0.485815 0.465468 0.484690 0.466134 0.482979 0.467023
5 0.440083 0.450181 0.440299 0.446713 0.440320 0.442986 0.441409 0.442343 0.443427 0.442343 0.444151 0.444639 0.445685 0.445856 0.447177 0.444782 0.447458 0.442917 0.448383 0.443963 0.447156 0.446403 0.444190 0.450903 0.442383 0.454370
8 0.506193 0.428495 0.510935 0.440829 0.509888 0.444176 0.508563 0.442685 0.504797 0.433204
1 0.546383 0.574792 0.546068 0.577644 0.546279 0.581176 0.547289 0.584773 0.548612 0.587005 0.550234 0.589347 0.550990 0.590644 0.552482 0.592083 0.554401 0.593384 0.557432 0.594810 0.560187 0.595185 0.562557 0.595000 0.565732 0.593301 0.567813 0.591639 0.569648 0.589065 0.571125 0.585694 0.572031 0.581838 0.571727 0.579431 0.571125 0.579639 0.570734 0.583389 0.569409 0.586495 0.567839 0.589338 0.564586 0.592065 0.562177 0.593403 0.558682 0.593139 0.555547 0.592019 0.552836 0.589977 0.550635 0.587676 0.548698 0.584718 0.547706 0.582583 0.547107 0.579162 0.546846 0.575083
2 0.536378 0.547796 0.540208 0.551199 0.540531 0.558083 0.537729 0.558750
1 0.549227 0.575861 0.550117 0.580333 0.551232 0.583931 0.552383 0.586347 0.555063 0.589977 0.557398 0.591403 0.560151 0.591403 0.562872 0.589977 0.564302 0.588366 0.565555 0.584954 0.567026 0.578491 0.567479 0.575935 0.568086 0.570824 0.568539 0.565713 0.567630 0.565310 0.567479 0.567731 0.566799 0.572977 0.565891 0.577949 0.564997 0.582042 0.563812 0.585824 0.563047 0.587806 0.561792 0.589046 0.560083 0.589792 0.558201 0.590102 0.556667 0.589792 0.554260 0.586815 0.552518 0.583407 0.550146 0.576032
2 0.533250 0.549620 0.533763 0.559579 0.536708 0.558917 0.535354 0.552278 0.534982 0.548958
2 0.537706 0.542120 0.536378 0.547796 0.540208 0.551199 0.550906 0.557810 0.551232 0.553333 0.547359 0.549764
2 0.543971 0.517236 0.541706 0.520116 0.551747 0.540565 0.554557 0.537204
2 0.422771 0.288917 0.426023 0.280565 0.428628 0.282620 0.428266 0.284292
2 0.561312 0.543917 0.558003 0.547384 0.561312 0.559347 0.563544 0.559657 0.566682 0.559782 0.564591 0.552843
10 0.442372 0.461278 0.442102 0.458875 0.442383 0.454370 0.444190 0.450903 0.447156 0.446403 0.448383 0.443963 0.451646 0.441560 0.453188 0.446704 0.454026 0.451764 0.456453 0.455000 0.458346 0.459218 0.458974 0.461569 0.459253 0.464236 0.458138 0.470185 0.456883 0.476444 0.457312 0.479139 0.459266 0.483852 0.466990 0.497894 0.474003 0.508005 0.477310 0.510597 0.479672 0.506014 0.480328 0.512014 0.480016 0.516861 0.478828 0.519866 0.477206 0.521421 0.473146 0.527306 0.468594 0.528981 0.461396 0.531750 0.455773 0.519972 0.458589 0.514644 0.447870 0.464579 0.446628 0.465537
2 0.541706 0.520116 0.539815 0.518389 0.539779 0.523657 0.547099 0.531403
2 0.549474 0.527199 0.556865 0.533213 0.555958 0.535319 0.552333 0.533088
2 0.552563 0.539782 0.554557 0.537204 0.557380 0.534407 0.559229 0.538856 0.556130 0.542648 0.553448 0.543949
2 0.482258 0.583787 0.484081 0.588787 0.488768 0.586889 0.494935 0.583981 0.499885 0.580639 0.499919 0.577787 0.498073 0.574565 0.496815 0.575120 0.490401 0.579708
9 0.489589 0.611134 0.489276 0.613356 0.489953 0.614884 0.490786 0.614190 0.491411 0.613079 0.491359 0.611412
9 0.508143 0.625046 0.508612 0.627870 0.509914 0.627407 0.510018 0.624444 0.509654 0.623704 0.509133 0.623889
9 0.506927 0.599056 0.505781 0.600259 0.505729 0.601463 0.506432 0.602620 0.507240 0.602435 0.507969 0.601139 0.507839 0.600444
10 0.497536 0.405389 0.495924 0.403333 0.491711 0.399685 0.488229 0.397551 0.492411 0.395144 0.494984 0.394449 0.497224 0.392130
1 0.470495 0.575028 0.470833 0.576852 0.478776 0.570370 0.478828 0.569815
2 0.471419 0.580824 0.472469 0.587352 0.477995 0.590505 0.479284 0.593806 0.482190 0.585273 0.478237 0.582833 0.477430 0.582833 0.475453 0.584769 0.474122 0.582759
2 0.472469 0.587352 0.477995 0.590505 0.479284 0.593806 0.479047 0.598162 0.474706 0.597412
2 0.568477 0.566509 0.570966 0.576148 0.567255 0.579273 0.567026 0.578491 0.567479 0.575935 0.568086 0.570824
2 0.567630 0.565310 0.568065 0.565458 0.567529 0.563898 0.563036 0.567282 0.564990 0.574315 0.565891 0.577949 0.566799 0.572977 0.567479 0.567731
9 0.555266 0.532051 0.555318 0.531032 0.556359 0.530523 0.556958 0.530801 0.557583 0.531310 0.557505 0.532329 0.557557 0.533069 0.556865 0.533213
9 0.553286 0.529968 0.553156 0.528532 0.554042 0.527421 0.554823 0.528069 0.554797 0.529181 0.554172 0.530569
9 0.551047 0.525477 0.552844 0.524366 0.553859 0.524875 0.553964 0.526634 0.551516 0.528440
9 0.550083 0.525523 0.549953 0.524181 0.549224 0.523532 0.548547 0.524227 0.548339 0.524968 0.548703 0.525940 0.549172 0.526681
9 0.483445 0.526495 0.487526 0.525833 0.487576 0.530481 0.486510 0.533935 0.483654 0.532421 0.483628 0.529644
9 0.480328 0.512014 0.481250 0.509676 0.484427 0.512963 0.482448 0.517083 0.480156 0.514769
9 0.488086 0.516343 0.488930 0.517685 0.488086 0.519986 0.487266 0.519954 0.484661 0.516620 0.484870 0.514861 0.485833 0.514306
9 0.487766 0.521213 0.486385 0.524685 0.487526 0.525833 0.488339 0.523944
9 0.489870 0.528472 0.490469 0.529306 0.493828 0.525556 0.491927 0.524352 0.490677 0.525463
9 0.495523 0.527602 0.493023 0.532514 0.497555 0.531306 0.498909 0.529407
9 0.497885 0.521102 0.496063 0.524157 0.493953 0.522306 0.492312 0.521287 0.493432 0.518046 0.492469 0.516102 0.492625 0.515083
3 0.461396 0.531750 0.468594 0.528981 0.473146 0.527306 0.475401 0.534366 0.473182 0.534653 0.470883 0.537019 0.462695 0.538023
1 0.476516 0.541509 0.476516 0.543361 0.475318 0.543130 0.473703 0.543731 0.469151 0.544301 0.466651 0.543875 0.466771 0.543176 0.469211 0.542912 0.473039 0.542481 0.474815 0.541676
1 0.538581 0.520250 0.537273 0.514481 0.536398 0.512014 0.534323 0.508917 0.532813 0.507088 0.530547 0.505602 0.528359 0.505264 0.524846 0.506588 0.521497 0.507931 0.519417 0.511019 0.518570 0.512171 0.517190 0.515546 0.515992 0.519384 0.515576 0.520866 0.515029 0.525093 0.514784 0.528435 0.514711 0.532278 0.515773 0.536532 0.516706 0.540412 0.518594 0.545440 0.521867 0.549023 0.524760 0.549588 0.526503 0.549528 0.530378 0.548972 0.534216 0.545926 0.536484 0.540352 0.538263 0.534977 0.539130 0.527972
2 0.476516 0.541509 0.479354 0.540537 0.484505 0.539093 0.485648 0.537125 0.485104 0.536644 0.486250 0.534981 0.486510 0.533935 0.483654 0.532421 0.483341 0.535616 0.482612 0.535199 0.482284 0.534282 0.479008 0.534037 0.475401 0.534366 0.473182 0.534653 0.470883 0.537019 0.462695 0.538023 0.463505 0.542356
2 0.487078 0.542000 0.483563 0.539361 0.477365 0.541306 0.477964 0.542787 0.485568 0.547093 0.489714 0.549551 0.496549 0.551977 0.503750 0.548116 0.496172 0.546125 0.494583 0.546264 0.493698 0.546171 0.493828 0.545477 0.489349 0.543023 0.490208 0.545523 0.488750 0.545801
9 0.490607 0.543519 0.490685 0.542731 0.490060 0.540972 0.488992 0.541528 0.488471 0.541157 0.488471 0.539954 0.490451 0.538981 0.491128 0.540417 0.491701 0.540648 0.492690 0.539444 0.493602 0.539352 0.493966 0.541806 0.493055 0.542963 0.492378 0.544444
1 0.489349 0.543023 0.490208 0.545523 0.488750 0.545801 0.487078 0.542000 0.485573 0.537454 0.486224 0.537083
1 0.493828 0.545477 0.493698 0.546171 0.494583 0.546264 0.496172 0.546125 0.497812 0.545093 0.499427 0.543657 0.500990 0.541574 0.501458 0.539537 0.501406 0.537222 0.500651 0.537685 0.500104 0.539907 0.498906 0.542130 0.497370 0.543287 0.495156 0.544352 0.493750 0.544491
9 0.498214 0.541319 0.497406 0.540764 0.496573 0.540764 0.496312 0.542616 0.498240 0.542616
9 0.498135 0.536968 0.497276 0.538588 0.497458 0.539977 0.497875 0.540764 0.499021 0.541088 0.499984 0.538773 0.499854 0.538171
1 0.556247 0.560264 0.554346 0.561329 0.552055 0.563921 0.552497 0.564940 0.553904 0.563458 0.556456 0.562208
9 0.554190 0.561051 0.553904 0.559662 0.552914 0.559153 0.551560 0.562208 0.550935 0.563366 0.551508 0.564014 0.552055 0.563921
2 0.555948 0.571111 0.554133 0.574056 0.550208 0.574444 0.550341 0.571565 0.552016 0.571625 0.554560 0.569083
2 0.569990 0.588657 0.573781 0.591310 0.574427 0.590231 0.573125 0.587120 0.573263 0.584574 0.571729 0.583278 0.571125 0.585694
2 0.570823 0.582106 0.569781 0.583083 0.569052 0.583454 0.566083 0.582528 0.565536 0.585347 0.566135 0.586139 0.568167 0.586968 0.569409 0.586495 0.570734 0.583389
2 0.564385 0.583426 0.561143 0.580065 0.558768 0.575269 0.556716 0.572579 0.554818 0.575560 0.553164 0.576204 0.550992 0.576227 0.551047 0.577185 0.559094 0.582949 0.563047 0.587806 0.563812 0.585824
2 0.562440 0.588324 0.559688 0.584773 0.552612 0.579778 0.552518 0.583407 0.554260 0.586815 0.556667 0.589792 0.558201 0.590102 0.560083 0.589792 0.561792 0.589046
9 0.542721 0.563773 0.541367 0.563171 0.540794 0.563912 0.541133 0.567245 0.542513 0.567060
2 0.549740 0.565139 0.547344 0.561528 0.542760 0.567130 0.545417 0.571343
9 0.546026 0.571051 0.547484 0.572116 0.548031 0.569708 0.548917 0.568597 0.548474 0.568088 0.547536 0.569523
9 0.551779 0.567338 0.550711 0.568634 0.550919 0.570995 0.552482 0.570625 0.552794 0.569282 0.552482 0.568032
9 0.552794 0.565069 0.552117 0.566088 0.553680 0.569606 0.554799 0.567431
9 0.561669 0.564273 0.560992 0.562977 0.559690 0.562931 0.559091 0.563764 0.559091 0.565477 0.559742 0.566634 0.560628 0.566588 0.561357 0.566310
9 0.563534 0.569875 0.562419 0.568481 0.561154 0.569069 0.558201 0.571162 0.559648 0.573838 0.562932 0.573301 0.563474 0.572606
2 0.547711 0.559454 0.540531 0.558083 0.540107 0.563157 0.541367 0.563171 0.542721 0.563773 0.545211 0.563944 0.547344 0.561528
9 0.549951 0.557741 0.548206 0.556861 0.547815 0.557648 0.547815 0.558852 0.548414 0.560194 0.549794 0.559130
9 0.553102 0.555134 0.552409 0.558667 0.553734 0.558347 0.555242 0.556741 0.554187 0.555296
9 0.556125 0.543583 0.556932 0.545296 0.556802 0.546083 0.556047 0.546500 0.555500 0.546500 0.554849 0.545574 0.555057 0.544602
9 0.556667 0.548931 0.556690 0.551708 0.558620 0.551755 0.558177 0.548699
9 0.556430 0.547171 0.555990 0.546847 0.555208 0.546986 0.554922 0.547542 0.554922 0.548838 0.555599 0.549486 0.556276 0.549486 0.556484 0.548421
9 0.541784 0.531454 0.540909 0.531505 0.540336 0.532417 0.540336 0.533486 0.541211 0.534718 0.541932 0.534880 0.542385 0.533861 0.542174 0.532417
9 0.544464 0.530167 0.543620 0.529093 0.542836 0.529630 0.542716 0.530968 0.543229 0.532843 0.543862 0.532843 0.544224 0.532310
9 0.546573 0.532310 0.546122 0.531398 0.545156 0.531505 0.544766 0.533060 0.545036 0.534454 0.545518 0.534773 0.546122 0.534560 0.546544 0.534292
9 0.544826 0.534773 0.543258 0.535148 0.542354 0.536435 0.544013 0.538898 0.544674 0.537824 0.546182 0.536699
1 0.523453 0.500778 0.526523 0.494083 0.528268 0.489500 0.530534 0.482931 0.530424 0.480449 0.529000 0.481630 0.526594 0.486398 0.525544 0.487394 0.522341 0.493528 0.521466 0.497866
10 0.420943 0.301708 0.416820 0.311296 0.421094 0.327426 0.421906 0.338051 0.421346 0.347199 0.419562 0.354079 0.414625 0.361051 0.416138 0.369718 0.419432 0.366884 0.423000 0.363366 0.424641 0.362162 0.426177 0.362903 0.427896 0.364708 0.430630 0.368644 0.433391 0.366884 0.440091 0.367282 0.435932 0.358176 0.433341 0.354398 0.431987 0.354398 0.429924 0.358481 0.424708 0.312713
1 0.474419 0.349736 0.475523 0.352120 0.476471 0.359412 0.478568 0.359005 0.482573 0.360787 0.483245 0.360463 0.478492 0.348648 0.476909 0.347944
1 0.398049 0.312574 0.394516 0.312685 0.392042 0.314458 0.389094 0.318023 0.387091 0.323259 0.386034 0.328083 0.385854 0.331847 0.386690 0.340731 0.387810 0.345032 0.389813 0.350162 0.391898 0.351972 0.395820 0.354236 0.400404 0.354236 0.402440 0.353060 0.404221 0.351792 0.405393 0.350162 0.406719 0.348171 0.407391 0.346199 0.408818 0.341944 0.409737 0.335611 0.410245 0.330991 0.410602 0.328731 0.408411 0.323120 0.407646 0.323204 0.408706 0.327287 0.408706 0.332421 0.408589 0.337449 0.407706 0.342370 0.406349 0.345722 0.405284 0.347917 0.403211 0.350796 0.400625 0.352157 0.398521 0.352917 0.396958 0.352917 0.395141 0.352463 0.393521 0.351403 0.391031 0.349389 0.389323 0.345514 0.387437 0.340593 0.386552 0.334412 0.386552 0.331690 0.386906 0.328963 0.387672 0.324671 0.389440 0.320167 0.391797 0.316394 0.395331 0.313463 0.399456 0.313986
10 0.440083 0.450181 0.438346 0.455838 0.437188 0.459074 0.448932 0.469537 0.447870 0.464579 0.446628 0.465537 0.442372 0.461278 0.442102 0.458875 0.442383 0.454370
1 0.484685 0.362051 0.486846 0.360130 0.489005 0.358977 0.492948 0.361861 0.495810 0.369731 0.497690 0.386069 0.497224 0.392130 0.494984 0.394449 0.492411 0.395144 0.493237 0.389801 0.493651 0.383514 0.493651 0.376185 0.493237 0.371889 0.490940 0.366023
10 0.487917 0.340745 0.485477 0.347750 0.486279 0.351407 0.486977 0.350912 0.488195 0.356301 0.487917 0.358718 0.486846 0.360130 0.489005 0.358977 0.492948 0.361861 0.495810 0.369731 0.497690 0.386069 0.497224 0.392130 0.499487 0.408037 0.500417 0.411213 0.502057 0.411120 0.503695 0.411444 0.504687 0.412977 0.505703 0.415102 0.506370 0.416806 0.506974 0.419218 0.508930 0.418037 0.507695 0.412894 0.506437 0.407287 0.505039 0.405296 0.508445 0.400153 0.509240 0.397167 0.505914 0.386426 0.502477 0.378986 0.499969 0.373819 0.498596 0.371375 0.499846 0.368366 0.492771 0.348250 0.491464 0.346759
1 0.503474 0.435125 0.504896 0.434028 0.506849 0.438657 0.505677 0.439769
2 0.486055 0.430801 0.485763 0.444866 0.486867 0.454264 0.488031 0.455954 0.490443 0.454241 0.496378 0.449208 0.499302 0.448991 0.499203 0.437366 0.494365 0.435199 0.488016 0.432130
5 0.500417 0.411213 0.502057 0.411120 0.503695 0.411444 0.504687 0.412977 0.505703 0.415102 0.506370 0.416806 0.506974 0.419218 0.506773 0.425102 0.506193 0.428495 0.504797 0.433204 0.503474 0.435125 0.503362 0.431606 0.502443 0.423736 0.501000 0.413125
1 0.507695 0.412894 0.508930 0.418037 0.506974 0.419218 0.506823 0.422500 0.509583 0.420694 0.510104 0.418333 0.509870 0.416343 0.509349 0.414583
16 0.506823 0.422500 0.509583 0.420694 0.511667 0.420000 0.514089 0.420556 0.516901 0.422685 0.519062 0.425324 0.520547 0.427917 0.522161 0.435231 0.522552 0.438056 0.522526 0.442130 0.522031 0.445139 0.520286 0.445231 0.518281 0.446898 0.516510 0.450231 0.516875 0.446574 0.515026 0.446481 0.512969 0.446667 0.511198 0.448704 0.509974 0.449398 0.507344 0.443185 0.508563 0.442685 0.509888 0.444176 0.510935 0.440829 0.506193 0.428495 0.506773 0.425102
16 0.516510 0.450231 0.515310 0.453046 0.514469 0.456278 0.513909 0.459514 0.511810 0.461838 0.508029 0.463745 0.503781 0.463250 0.501354 0.465741 0.493607 0.460181 0.494073 0.458023 0.496034 0.452046 0.496966 0.449227 0.499302 0.448991 0.499208 0.443255 0.500328 0.442009 0.500771 0.443222 0.501039 0.446773 0.503523 0.442454 0.505391 0.447769 0.506612 0.447583 0.507378 0.446653 0.507448 0.445292 0.507344 0.443185 0.509974 0.449398 0.511198 0.448704 0.512969 0.446667 0.515026 0.446481 0.516875 0.446574
2 0.496966 0.449227 0.494529 0.454551 0.491529 0.459074 0.488812 0.462912 0.487375 0.458579 0.484815 0.455468 0.486867 0.454264 0.488031 0.455954 0.490443 0.454241
2 0.491484 0.463630 0.493047 0.460204 0.495885 0.462194 0.494557 0.468630 0.493307 0.465852
5 0.488812 0.462912 0.489974 0.462778 0.491484 0.463630 0.493307 0.465852 0.494557 0.468630 0.494362 0.470565 0.489187 0.465468
1 0.505859 0.465287 0.509414 0.466250 0.513393 0.467056 0.513333 0.465074 0.508719 0.464537 0.506372 0.464000
1 0.513469 0.469972 0.513393 0.467056 0.513333 0.465074 0.513555 0.461991 0.513909 0.459514 0.514469 0.456278 0.515310 0.453046 0.516510 0.450231 0.518281 0.446898 0.520286 0.445231 0.522031 0.445139 0.523690 0.446190 0.524945 0.448917 0.526299 0.453634 0.527135 0.457046 0.528156 0.465806 0.528435 0.471634 0.528122 0.477088 0.527529 0.476963 0.527076 0.467667 0.526206 0.459361 0.525471 0.454898 0.524078 0.449815 0.523276 0.447833 0.522263 0.446903 0.521185 0.446968 0.519815 0.447648 0.518120 0.449542 0.516326 0.453204 0.515018 0.459616 0.514445 0.464894 0.514758 0.470681
1 0.518505 0.453787 0.522203 0.454944 0.523401 0.456009 0.524365 0.457671 0.524964 0.459806 0.524417 0.463370 0.522151 0.466194 0.520224 0.467394 0.517620 0.467718 0.514859 0.467949 0.514547 0.466194 0.517411 0.466468 0.519599 0.465310 0.522333 0.463648 0.520198 0.458787 0.521344 0.457671 0.518453 0.456333
1 0.525875 0.457245 0.525120 0.458542 0.526161 0.471551 0.527203 0.470532 0.527076 0.467667 0.526206 0.459361
1 0.525302 0.465972 0.523221 0.467847 0.520872 0.472134 0.518732 0.477435 0.518732 0.478773 0.519635 0.478023 0.521805 0.472347 0.524005 0.468491 0.525362 0.466991
1 0.528122 0.477088 0.528435 0.471634 0.528750 0.470139 0.529557 0.470324 0.529297 0.477546
1 0.530404 0.478449 0.531758 0.474745 0.533841 0.471829 0.534310 0.472523 0.532695 0.475394 0.531393 0.479005
1 0.539706 0.489685 0.536776 0.484356 0.532904 0.480139 0.531393 0.479005 0.530404 0.478449 0.529297 0.477546 0.528122 0.477088 0.527529 0.476963 0.526839 0.476671 0.526419 0.476111 0.525201 0.476486 0.522206 0.477019 0.519635 0.478023 0.518732 0.478773 0.518253 0.477880 0.517568 0.478306 0.517724 0.479338 0.516547 0.484681 0.516164 0.491806 0.516648 0.496106 0.517104 0.500338 0.517065 0.505500 0.518141 0.505671 0.518078 0.500301 0.517471 0.495852 0.517052 0.490704 0.517292 0.486616 0.518216 0.482370 0.519422 0.479847 0.522073 0.478671 0.526255 0.477616 0.529813 0.479477 0.532792 0.482241 0.535836 0.485565 0.538523 0.489176
1 0.503531 0.486014 0.506133 0.484944 0.508641 0.485181 0.508508 0.486356 0.506396 0.486824 0.504031 0.488148 0.501922 0.489810 0.501560 0.488310
1 0.518141 0.505671 0.518078 0.500301 0.518203 0.497370 0.518961 0.494106 0.518529 0.488926 0.518216 0.482370 0.519422 0.479847 0.520094 0.482685 0.521930 0.481819 0.521659 0.479903 0.522740 0.479134 0.523549 0.479611 0.523659 0.480861 0.523388 0.482588 0.525115 0.478843 0.526305 0.479421 0.524521 0.482972 0.520633 0.487194 0.520148 0.490843 0.522794 0.487005 0.526357 0.484894 0.527763 0.482014 0.528302 0.482204 0.526594 0.486398 0.525544 0.487394 0.522341 0.493528 0.521466 0.497866 0.523453 0.500778 0.523333 0.503519 0.524846 0.506588 0.521497 0.507931 0.522036 0.504190 0.521607 0.503421 0.519716 0.507551 0.519013 0.508412 0.518365 0.507931
1 0.488266 0.503963 0.487917 0.499380 0.487987 0.495227 0.488505 0.491898 0.489518 0.487528 0.492057 0.481981 0.495906 0.477079 0.499458 0.475042 0.504880 0.476301 0.508768 0.478292 0.510831 0.480907 0.514367 0.487194 0.515839 0.494838 0.516133 0.498648 0.515922 0.502986 0.515958 0.505588 0.514758 0.504741 0.514935 0.497310 0.513393 0.489639 0.510445 0.483148 0.507893 0.480565 0.504966 0.478597 0.502005 0.477801 0.498016 0.478597 0.495279 0.480750 0.492724 0.483384 0.490570 0.488005 0.489305 0.492699 0.488740 0.499005 0.489146 0.504597
2 0.492229 0.489454 0.488740 0.499005 0.494013 0.508727 0.497724 0.514176 0.498049 0.510301 0.498695 0.507722 0.499982 0.504778 0.501677 0.502338
2 0.505253 0.500361 0.504547 0.495977 0.503271 0.490657 0.502508 0.491264 0.501701 0.493060 0.501620 0.495208 0.500247 0.496213 0.498674 0.494278 0.498151 0.496000 0.497909 0.495713 0.497505 0.493560 0.496375 0.493560 0.496536 0.495282 0.501677 0.502338 0.502951 0.501806 0.504161 0.500662
2 0.498492 0.515468 0.500060 0.518069 0.504872 0.508648 0.502536 0.503940 0.500792 0.505306 0.499466 0.508278 0.498526 0.511500
2 0.511094 0.512116 0.514057 0.514222 0.514440 0.517199 0.511302 0.522093 0.509768 0.519861 0.507888 0.519986 0.507539 0.518125
5 0.547927 0.524315 0.548487 0.518676 0.548768 0.514773 0.549701 0.510875 0.549516 0.504903 0.549141 0.501500 0.545081 0.490213 0.539706 0.489685 0.538523 0.489176 0.537240 0.488380 0.535312 0.488148 0.535172 0.490009 0.535349 0.497218 0.539773 0.500671 0.539880 0.506625 0.539096 0.514194 0.541706 0.520116 0.543971 0.517236
2 0.554323 0.550551 0.559635 0.553468 0.558568 0.556199 0.554375 0.554023
1 0.566435 0.561907 0.564990 0.560731 0.561073 0.559662 0.557456 0.559981 0.557802 0.560787 0.557849 0.561907 0.560953 0.561907 0.566406 0.562926
1 0.515852 0.537861 0.510747 0.537815 0.506477 0.536056 0.504013 0.533495 0.501362 0.529315 0.499130 0.523852 0.498289 0.519880 0.497870 0.516843 0.497724 0.514176 0.498049 0.510301 0.498695 0.507722 0.499982 0.504778 0.501677 0.502338 0.502951 0.501806 0.504161 0.500662 0.505253 0.500361 0.509258 0.501065 0.514758 0.504741 0.517289 0.507792 0.519417 0.511019 0.518570 0.512171 0.515549 0.507356 0.512375 0.504486 0.509716 0.503005 0.506487 0.502310 0.504432 0.502356 0.502536 0.503940 0.500792 0.505306 0.499466 0.508278 0.498526 0.511500 0.498492 0.515468 0.499102 0.520083 0.500354 0.524241 0.501805 0.528255 0.504065 0.531481 0.506919 0.534727 0.509055 0.535931 0.511372 0.536440 0.515773 0.536532
10 0.515979 0.509435 0.512281 0.508602 0.510458 0.508231 0.510354 0.505500 0.512047 0.505685 0.512375 0.504486
1 0.515391 0.510671 0.513932 0.511181 0.512005 0.511546 0.510104 0.511597 0.506745 0.510995 0.505721 0.509856 0.505461 0.507681 0.505096 0.503931 0.505826 0.503792 0.507284 0.506708 0.507701 0.510273 0.509992 0.510227 0.512727 0.510134 0.515201 0.509440
1 0.516398 0.508931 0.515979 0.509435 0.515773 0.511060 0.515852 0.512588 0.516190 0.514023 0.515617 0.515458 0.514393 0.516106 0.514628 0.517125 0.515695 0.516616 0.516711 0.515505 0.517076 0.514208 0.516815 0.512403 0.517987 0.511431
2 0.505721 0.509856 0.511372 0.536440 0.509055 0.535931 0.506919 0.534727 0.502812 0.516296
2 0.499102 0.520083 0.499688 0.518944 0.503279 0.519935 0.505615 0.529852 0.504065 0.531481 0.501805 0.528255 0.500354 0.524241
1 0.515992 0.519384 0.513570 0.520403 0.510237 0.523273 0.508909 0.525310 0.509247 0.526514 0.510966 0.524153 0.513284 0.522162 0.515576 0.520866
1 0.516826 0.519153 0.518258 0.518875 0.520029 0.519384 0.520029 0.520866 0.516435 0.520681
1 0.488065 0.494231 0.486503 0.494556 0.486008 0.495481 0.483404 0.496407 0.481945 0.497287 0.482023 0.500620 0.481216 0.501315 0.481294 0.502380 0.482935 0.503491 0.485044 0.506731 0.487214 0.511792 0.488086 0.516343 0.488930 0.517685 0.488086 0.519986 0.488510 0.524699 0.487576 0.530481 0.486250 0.534981 0.485104 0.536644 0.485648 0.537125 0.486974 0.535625 0.488602 0.531769 0.489870 0.528472 0.491281 0.523250 0.491555 0.520634 0.491484 0.514995 0.492148 0.514995 0.492148 0.514315 0.491276 0.513199 0.490320 0.508144 0.489146 0.504597 0.488266 0.503963 0.487917 0.499380 0.487987 0.495227
2 0.477852 0.522444 0.475029 0.526847 0.479008 0.534037 0.482284 0.534282 0.482802 0.531245
1 0.479755 0.519042 0.479625 0.520431 0.480849 0.521727 0.481917 0.523903 0.482646 0.526681 0.482932 0.529181 0.482932 0.531356 0.482612 0.535199 0.483341 0.535616 0.483654 0.532421 0.483628 0.529644 0.483445 0.526495 0.482560 0.523810 0.481674 0.521634
10 0.530547 0.505602 0.530542 0.503759 0.531831 0.494338 0.533784 0.491551 0.535177 0.491366 0.535349 0.497218 0.539773 0.500671 0.539880 0.506625 0.539096 0.514194 0.537273 0.514481 0.536398 0.512014 0.534323 0.508917 0.532813 0.507088
2 0.490466 0.552204 0.489138 0.550213 0.487549 0.551370 0.486742 0.552574 0.486586 0.553269 0.488471 0.554579 0.490417 0.557519
2 0.491508 0.552435 0.492721 0.553319 0.497445 0.559194 0.491820 0.557528
1 0.490388 0.549704 0.490466 0.552204 0.490417 0.557519 0.490719 0.561431 0.494185 0.561380 0.493763 0.559986 0.492016 0.559343 0.491820 0.557528 0.491508 0.552435 0.491411 0.550079
2 0.491667 0.562380 0.481164 0.568273 0.470495 0.575028 0.469380 0.571000 0.472203 0.570380 0.482060 0.565231 0.490719 0.561431
2 0.507370 0.536347 0.509810 0.548250 0.513750 0.546759 0.511659 0.537838 0.510747 0.537815
2 0.513349 0.545116 0.514432 0.544634 0.515036 0.543454 0.517385 0.544472 0.517953 0.548847 0.509635 0.550861 0.506961 0.548384 0.507323 0.546347 0.509250 0.545759 0.509810 0.548250 0.513750 0.546759
2 0.478305 0.614551 0.479221 0.614162 0.481315 0.615856 0.483854 0.616759 0.485122 0.619236 0.486961 0.626231 0.488737 0.631759 0.488167 0.631870 0.487604 0.633060 0.487422 0.634634 0.483958 0.635838 0.483255 0.636764 0.483151 0.638060
9 0.493083 0.594236 0.493737 0.598218 0.498638 0.595810 0.498497 0.592741 0.494719 0.591995
9 0.511049 0.585639 0.510206 0.585699 0.509302 0.587250 0.509211 0.589069 0.510628 0.590352 0.512193 0.588958
2 0.521828 0.559958 0.518841 0.560042 0.515062 0.560125 0.511982 0.562866 0.512214 0.567593 0.518188 0.567509 0.520383 0.566847 0.522622 0.563278
2 0.505125 0.557931 0.505195 0.564560 0.501117 0.564005 0.501326 0.559292
9 0.501651 0.543181 0.500141 0.542949 0.500193 0.546236 0.501651 0.546884
9 0.499984 0.544708 0.498240 0.544616 0.497797 0.545727 0.499932 0.546190
2 0.501367 0.532106 0.501940 0.547319 0.504833 0.546995 0.504141 0.533657
9 0.508560 0.542801 0.507336 0.541644 0.505044 0.541875 0.504471 0.542662 0.504732 0.543634 0.508482 0.544097
9 0.508716 0.544653 0.504914 0.544931 0.504833 0.546995 0.505740 0.547213 0.507323 0.546347 0.509250 0.545759
9 0.512872 0.542477 0.514487 0.542523 0.514695 0.544144 0.514432 0.544634 0.513349 0.545116
1 0.517445 0.542366 0.514815 0.540653 0.513383 0.539264 0.512237 0.537921 0.511872 0.538199 0.512055 0.539634 0.512602 0.540051 0.515206 0.542412 0.517385 0.544472 0.518594 0.545440
9 0.516102 0.558958 0.515349 0.556440 0.514323 0.555639 0.510859 0.557565 0.510167 0.560727 0.510708 0.561102 0.514203 0.557296 0.514807 0.559977
9 0.513872 0.558639 0.510768 0.561421 0.511039 0.563565 0.514414 0.560403
9 0.509714 0.558903 0.508419 0.558852 0.507727 0.560028 0.507875 0.563671 0.509685 0.563458 0.510107 0.562333
2 0.522622 0.563278 0.518203 0.570000 0.526797 0.592917 0.530339 0.588380 0.530573 0.582222 0.528177 0.574676
9 0.518547 0.550579 0.520656 0.547847 0.521867 0.549023 0.523625 0.552569 0.520552 0.556551
9 0.523677 0.551921 0.524536 0.551505 0.525135 0.551782 0.525943 0.553171 0.524771 0.556227 0.522896 0.557477 0.521437 0.557106 0.521932 0.554838 0.523625 0.552569
9 0.531523 0.551815 0.532253 0.551537 0.533424 0.553481 0.533555 0.556722 0.532461 0.558528 0.531003 0.556907 0.531159 0.554361
9 0.522940 0.558231 0.522966 0.562861 0.525258 0.565870 0.527263 0.563324 0.527289 0.558787 0.526846 0.556889 0.525180 0.556704
9 0.527638 0.555745 0.529174 0.555699 0.529201 0.559032 0.527482 0.560560 0.527289 0.558787 0.527586 0.558384
9 0.536732 0.586907 0.538529 0.586722 0.538633 0.590750 0.536497 0.591074
9 0.541065 0.580986 0.542836 0.581542 0.542888 0.584644 0.541768 0.585431 0.540779 0.585014
2 0.541224 0.575130 0.539115 0.572352 0.536563 0.570500 0.534583 0.568833 0.531563 0.566704 0.530885 0.567676 0.530964 0.571935 0.530104 0.580546 0.530573 0.582222 0.536198 0.583000 0.540885 0.583602 0.541065 0.580986 0.541406 0.581009
2 0.483151 0.638060 0.486133 0.653134 0.485560 0.654847 0.486013 0.655759 0.486977 0.655167 0.488182 0.655116 0.492914 0.658810 0.494117 0.655116 0.494690 0.651153 0.495143 0.647829 0.494328 0.643866 0.492612 0.641509
1 0.527430 0.653829 0.514799 0.655912 0.502760 0.657722 0.494924 0.658852 0.495107 0.660426 0.507659 0.658343 0.516768 0.656856 0.527404 0.654981
2 0.539188 0.598292 0.536427 0.606625 0.537417 0.608245 0.539656 0.610468 0.542990 0.602088
9 0.569799 0.599593 0.570060 0.598574 0.570997 0.597833 0.571857 0.598019 0.572378 0.599315 0.572482 0.600426 0.572039 0.601722 0.571211 0.601014
9 0.571917 0.593236 0.572333 0.592727 0.573167 0.592819 0.573688 0.593097 0.574078 0.593745 0.574990 0.593931 0.575615 0.595412 0.575693 0.597171 0.575302 0.597819 0.574365 0.596338 0.574052 0.598421 0.572984 0.599208 0.571734 0.597449
9 0.550234 0.589347 0.549036 0.589347 0.548854 0.590458 0.548750 0.592032 0.549010 0.593190 0.550599 0.593329 0.551198 0.592727 0.550990 0.590644
9 0.553594 0.593236 0.553125 0.594486 0.553516 0.595829 0.554063 0.596477 0.555130 0.596477 0.555391 0.594903
9 0.531026 0.562394 0.531495 0.561005 0.532016 0.560588 0.533083 0.560727 0.533578 0.561097 0.533865 0.562718 0.533734 0.563968 0.532927 0.564755 0.531833 0.564523
1 0.540628 0.534278 0.539482 0.534417 0.537789 0.536361 0.536484 0.540352 0.535107 0.543676 0.534982 0.548958 0.535354 0.552278 0.536708 0.558917 0.537448 0.561852 0.539867 0.568162 0.544078 0.573727 0.548018 0.575648 0.553164 0.576204 0.554818 0.575560 0.556471 0.572907 0.557479 0.569250 0.557924 0.565662 0.557802 0.560787 0.556148 0.555407 0.555583 0.557273 0.556513 0.561005 0.556794 0.566597 0.555948 0.571111 0.554133 0.574056 0.550208 0.574444 0.548000 0.573694 0.544331 0.571903 0.541385 0.567889 0.539451 0.564514 0.538602 0.562079 0.537729 0.558750 0.536378 0.547796 0.536115 0.543597 0.537682 0.539181 0.539141 0.536495 0.540922 0.535056
1 0.551271 0.542458 0.548760 0.542523 0.542693 0.540167 0.537464 0.541032 0.537289 0.542213 0.537706 0.542120 0.539836 0.541778 0.541997 0.542833 0.545552 0.544505 0.551828 0.544505
1 0.532362 0.548481 0.531659 0.547880 0.530721 0.550148 0.529888 0.553620 0.529419 0.556213 0.529201 0.559032 0.529003 0.560565 0.529828 0.562870 0.530844 0.565185 0.531563 0.566704 0.533005 0.567731 0.532042 0.565787 0.530766 0.562824 0.530583 0.558241 0.531159 0.554361 0.531523 0.551815
9 0.535602 0.566264 0.535003 0.568625 0.536799 0.570338 0.537633 0.568579 0.536956 0.566958
9 0.535992 0.564644 0.536904 0.564042 0.537268 0.564921 0.537190 0.565755 0.536435 0.566218
9 0.537581 0.564921 0.537216 0.566588 0.538727 0.569042 0.539867 0.568162 0.538518 0.564829
9 0.539115 0.572352 0.539896 0.571574 0.542161 0.571759 0.542344 0.572685 0.539792 0.573148
1 0.550208 0.574444 0.549948 0.571389 0.550208 0.568102 0.550990 0.564398 0.550417 0.563843 0.549740 0.565139 0.549089 0.568194 0.548906 0.570509 0.549297 0.574167
2 0.541271 0.544995 0.541609 0.544440 0.542859 0.543745 0.545828 0.545412 0.546948 0.547958 0.546479 0.548931
2 0.547359 0.549764 0.548177 0.548519 0.549740 0.549583 0.550781 0.547731 0.552031 0.547870 0.552891 0.548426 0.553802 0.550694 0.554115 0.554213 0.552865 0.554120 0.552891 0.552824 0.552240 0.552130 0.551354 0.551991 0.550781 0.552731
1 0.551813 0.547843 0.552047 0.540667 0.552568 0.540852 0.552891 0.548426 0.552031 0.547870
1 0.552240 0.552130 0.552318 0.554491 0.552135 0.556944 0.551823 0.559352 0.551250 0.561713 0.549453 0.564306 0.548802 0.563935 0.548307 0.562454 0.549115 0.560880 0.550365 0.558750 0.550906 0.557810 0.551232 0.553333 0.551354 0.551991
9 0.541422 0.535898 0.540638 0.536380 0.540156 0.537023 0.540276 0.538042 0.540878 0.539380 0.542143 0.539218 0.542385 0.538468 0.542385 0.537611
9 0.544161 0.538736 0.544164 0.540130 0.544674 0.540880 0.546151 0.540773 0.546242 0.538843
9 0.547930 0.535417 0.547026 0.535574 0.546151 0.537130 0.546362 0.538042 0.547990 0.538523 0.548352 0.537611 0.548411 0.536917
9 0.548471 0.539486 0.546904 0.538792 0.546482 0.541042 0.548201 0.542056
9 0.550701 0.539380 0.550099 0.538792 0.549406 0.538736 0.548742 0.539380 0.548654 0.541417 0.549315 0.542273 0.550279 0.542486 0.550792 0.541310
9 0.549768 0.545755 0.548531 0.545273 0.547388 0.545380 0.547055 0.546449 0.547266 0.548755 0.547508 0.549287 0.548177 0.548519 0.549740 0.549583 0.550159 0.548218
1 0.466706 0.557051 0.467643 0.557000 0.469820 0.559954 0.472086 0.563426 0.473216 0.567236 0.473294 0.568949 0.472174 0.568759 0.472227 0.566079 0.470195 0.561815 0.468086 0.558806 0.466862 0.558574
2 0.473477 0.569593 0.470430 0.566491 0.469779 0.569963 0.471549 0.570801
13 0.416820 0.311296 0.421094 0.327426 0.421906 0.338051 0.421346 0.347199 0.419562 0.354079 0.414625 0.361051 0.412638 0.352361 0.410906 0.349912 0.407391 0.346199 0.408818 0.341944 0.409737 0.335611 0.410245 0.330991 0.410602 0.328731 0.408411 0.323120 0.410042 0.323481
13 0.408917 0.279787 0.406982 0.273088 0.402078 0.266532 0.391833 0.264657 0.380115 0.269907 0.370680 0.280755 0.366203 0.289130 0.363602 0.296056 0.363336 0.301532 0.385508 0.354662 0.386984 0.352778 0.389813 0.350162 0.387810 0.345032 0.386690 0.340731 0.385854 0.331847 0.386034 0.328083 0.387091 0.323259 0.389094 0.318023 0.392042 0.314458 0.394516 0.312685 0.398049 0.312574 0.395878 0.308241 0.399833 0.298690 0.396135 0.297194 0.393406 0.295403 0.391070 0.291773 0.389419 0.287750 0.389505 0.284699 0.391440 0.281417 0.393289 0.281495 0.406768 0.284718
10 0.391031 0.349389 0.394625 0.346037 0.399867 0.344782 0.406349 0.345722 0.405284 0.347917 0.403211 0.350796 0.400625 0.352157 0.398521 0.352917 0.396958 0.352917 0.395141 0.352463 0.393521 0.351403
10 0.385508 0.354662 0.386984 0.352778 0.389813 0.350162 0.391898 0.351972 0.395820 0.354236 0.400404 0.354236 0.402440 0.353060 0.404221 0.351792 0.405393 0.350162 0.406719 0.348171 0.407391 0.346199 0.410906 0.349912 0.412638 0.352361 0.414625 0.361051 0.416138 0.369718 0.415320 0.370486 0.413680 0.372616 0.413549 0.376319 0.413549 0.380347 0.413497 0.383125 0.410784 0.388523 0.412357 0.390606 0.414133 0.392685 0.415383 0.395694 0.417964 0.398852 0.417451 0.403889 0.412729 0.405394 0.407487 0.407472
10 0.424708 0.312713 0.432500 0.341773 0.434487 0.347745 0.435932 0.358176 0.433341 0.354398 0.431987 0.354398 0.429924 0.358481
10 0.445573 0.348009 0.452083 0.341801 0.457289 0.339838 0.463599 0.340542 0.468568 0.343903 0.474419 0.349736 0.475523 0.352120 0.476471 0.359412 0.474687 0.361153 0.473898 0.363032 0.472076 0.360782 0.468404 0.360014 0.465648 0.357898 0.463219 0.356366 0.461328 0.357227 0.458036 0.360685 0.455227 0.365963 0.453701 0.368056 0.447138 0.367644 0.444922 0.363009 0.445417 0.358426 0.446615 0.357083
10 0.473898 0.363032 0.474615 0.364046 0.475909 0.368079 0.476667 0.374222 0.478016 0.374796 0.478367 0.377208 0.476555 0.382352 0.473138 0.391588 0.472232 0.395181 0.476255 0.394931 0.484299 0.395120 0.488229 0.397551 0.492411 0.395144 0.493237 0.389801 0.493651 0.383514 0.493651 0.376185 0.493237 0.371889 0.490940 0.366023 0.482573 0.360787 0.478568 0.359005 0.476471 0.359412 0.474687 0.361153
10 0.486055 0.430801 0.483443 0.426403 0.481016 0.423662 0.478495 0.422667 0.473310 0.423042 0.469229 0.423227 0.467172 0.425708 0.464453 0.422421 0.461211 0.423602 0.464208 0.431287 0.473349 0.452620 0.477323 0.453306 0.480602 0.454829 0.482815 0.454134 0.484815 0.455468 0.486867 0.454264 0.485763 0.444866
10 0.504714 0.471389 0.507885 0.469384 0.510654 0.468444 0.513128 0.469491 0.515721 0.474519 0.517724 0.479338 0.516547 0.484681 0.515839 0.494838 0.514367 0.487194 0.510831 0.480907 0.508768 0.478292 0.504880 0.476301
10 0.504966 0.478597 0.504831 0.483301 0.503531 0.486014 0.506133 0.484944 0.508641 0.485181 0.508508 0.486356 0.506396 0.486824 0.503271 0.490657 0.504547 0.495977 0.505253 0.500361 0.509258 0.501065 0.514758 0.504741 0.514935 0.497310 0.513393 0.489639 0.510445 0.483148 0.507893 0.480565
2 0.408917 0.279787 0.406768 0.284718 0.399833 0.298690 0.395878 0.308241 0.398049 0.312574 0.399456 0.313986 0.407646 0.323204 0.408411 0.323120 0.410042 0.323481 0.416820 0.311296 0.420943 0.301708 0.419177 0.292704
10 0.406768 0.284718 0.393289 0.281495 0.391440 0.281417 0.389505 0.284699 0.389419 0.287750 0.391070 0.291773 0.393406 0.295403 0.396135 0.297194 0.399833 0.298690
2 0.488471 0.554579 0.482169 0.556245 0.472659 0.555046 0.468987 0.552963 0.469820 0.559954 0.472086 0.563426 0.482060 0.565231 0.490719 0.561431 0.490417 0.557519
2 0.492721 0.553319 0.496549 0.551977 0.505740 0.547213 0.509635 0.550861 0.517953 0.548847 0.518763 0.554315 0.510987 0.556815 0.505479 0.557583 0.498229 0.560185
10 0.433982 0.469116 0.434974 0.465880 0.437083 0.463148 0.440466 0.467028 0.444823 0.470079 0.447333 0.470315 0.448654 0.470157 0.449708 0.473130 0.450458 0.476106 0.450810 0.478764 0.450677 0.484398 0.448081 0.489329 0.444164 0.492773
5 0.297013 0.203889 0.288721 0.187306 0.294810 0.183389 0.308674 0.177398 0.311911 0.175097 0.316057 0.171644 0.321370 0.171644 0.331484 0.192037 0.343005 0.212407 0.357388 0.241662 0.371185 0.271329 0.373984 0.280079 0.374555 0.283259 0.376224 0.285444 0.376458 0.288046 0.372870 0.284847 0.369734 0.282472 0.366146 0.278491 0.361979 0.280648 0.359266 0.284731 0.335143 0.254995 0.306938 0.217222
5 0.357547 0.158755 0.356435 0.154731 0.355596 0.153046 0.355523 0.149398 0.359219 0.149204 0.362883 0.148806 0.362883 0.147792 0.358784 0.143718 0.358755 0.142060 0.361227 0.140282 0.364388 0.132481 0.363685 0.130005 0.362427 0.128514 0.362516 0.125519 0.365508 0.125852 0.372786 0.132907 0.378664 0.138218 0.384917 0.144190 0.389536 0.148009 0.395753 0.153481 0.403409 0.161954 0.415229 0.173750 0.423760 0.180292 0.433701 0.189894 0.442901 0.199713 0.447419 0.204171 0.447044 0.206278 0.448794 0.213167 0.449609 0.219051 0.456609 0.225056 0.455227 0.227278 0.454115 0.228287 0.453177 0.229907 0.451172 0.228051 0.449734 0.227046 0.447943 0.231296 0.446706 0.239412 0.439331 0.231185 0.439766 0.240181 0.440266 0.249509 0.434219 0.242505 0.424984 0.232806 0.411701 0.218213 0.396148 0.201894 0.379083 0.182597 0.362451 0.164551
5 0.384917 0.144190 0.377315 0.135782 0.371388 0.129644 0.368401 0.126907 0.368401 0.125662 0.370081 0.123171 0.374234 0.120435 0.375401 0.119190 0.376521 0.112801 0.377409 0.110560 0.381047 0.102597 0.383055 0.102264 0.383570 0.102500 0.384411 0.103250 0.410234 0.129417 0.441930 0.159255 0.468906 0.185454 0.466456 0.189551 0.466456 0.189551 0.465057 0.192620 0.463003 0.198014 0.461883 0.200171 0.461229 0.200088 0.460622 0.199009 0.459596 0.200333 0.460016 0.202412 0.458661 0.206560 0.456328 0.208051 0.456281 0.209546 0.454010 0.212546 0.447419 0.204171 0.442901 0.199713 0.433701 0.189894 0.423760 0.180292 0.415229 0.173750 0.403409 0.161954 0.395753 0.153481 0.389536 0.148009
5 0.464870 0.234852 0.462633 0.232213 0.459487 0.232356 0.457607 0.233384 0.456609 0.233602 0.453638 0.235727 0.452146 0.237019 0.450979 0.238903 0.451461 0.240102 0.462190 0.251861 0.474815 0.265917 0.494823 0.288435 0.498818 0.293671 0.507609 0.302417 0.525440 0.323931 0.533424 0.333111 0.534596 0.334616 0.535724 0.338417 0.535951 0.339593 0.531870 0.341514 0.530984 0.342181 0.531474 0.344005 0.539958 0.353324 0.541630 0.352431 0.541044 0.350500 0.541044 0.345296 0.543135 0.343958 0.546984 0.349014 0.548823 0.347676 0.548992 0.343065 0.552003 0.347676 0.554094 0.347227 0.554010 0.342917 0.556518 0.331167 0.559279 0.325815 0.562307 0.327806 0.563315 0.327157 0.562786 0.326019 0.559375 0.322639 0.557318 0.320694 0.553078 0.316412 0.551865 0.314755 0.550130 0.314398 0.547383 0.311681 0.544583 0.314171 0.542344 0.311602 0.540198 0.310602 0.538469 0.311185 0.536695 0.311269 0.514576 0.287454 0.489557 0.260986
5 0.451461 0.240102 0.449839 0.242657 0.446706 0.239412 0.439331 0.231185 0.439766 0.240181 0.440266 0.249509 0.440211 0.252102 0.437727 0.253926 0.434974 0.255463 0.433948 0.257000 0.436797 0.259120 0.445964 0.269815 0.464237 0.290875 0.480622 0.308231 0.488049 0.313931 0.500633 0.331287 0.511859 0.346162 0.517961 0.354032 0.521133 0.351491 0.526328 0.345542 0.531870 0.341514 0.535951 0.339593 0.535724 0.338417 0.534596 0.334616 0.533424 0.333111 0.525440 0.323931 0.507609 0.302417 0.498818 0.293671 0.494823 0.288435 0.474815 0.265917 0.462190 0.251861
