0 0.319958 0.558181 0.320794 0.558444 0.321286 0.557218 0.327982 0.559319 0.330198 0.559579 0.333792 0.570782 0.335169 0.576037 0.335318 0.578310 0.338320 0.578398 0.342357 0.574986 0.348281 0.581926 0.350398 0.582889 0.355320 0.591116 0.357437 0.599431 0.357682 0.605032 0.359229 0.613144 0.359180 0.621981 0.356669 0.631875 0.353174 0.638176 0.350172 0.642199 0.350638 0.646505 0.349388 0.655523 0.348818 0.663014 0.347680 0.668069 0.345799 0.670102 0.343466 0.670505 0.341586 0.672833 0.339703 0.677593 0.336914 0.679116 0.332128 0.673648 0.327570 0.661194 0.329622 0.652685 0.330591 0.645903 0.330591 0.641949 0.327799 0.637292 0.325458 0.627796 0.325128 0.618884 0.323547 0.618069 0.322888 0.619944 0.319328 0.621815 0.316232 0.623810 0.312672 0.623810 0.312607 0.639153 0.311885 0.648301 0.313268 0.653454 0.320120 0.663644 0.319599 0.676046 0.317846 0.678208 0.315482 0.682144 0.313346 0.683361 0.309531 0.681190 0.302594 0.679977 0.300021 0.674398 0.299714 0.670602 0.297346 0.666810 0.296203 0.664370 0.289411 0.661611 0.284299 0.656597 0.280565 0.649009 0.279117 0.639523 0.278047 0.624880 0.279727 0.613093 0.283995 0.598991 0.283995 0.598991 0.286284 0.598310 0.289057 0.594250 0.287344 0.588620 0.287628 0.579843 0.288922 0.575500 0.292128 0.571981 0.296018 0.566968
5 0.462734 0.450556 0.466042 0.457926 0.472440 0.453218 0.478875 0.448958 0.482479 0.446222 0.478471 0.444458 0.476594 0.443606 0.472880 0.447593 0.468799 0.449810 0.465490 0.450861
5 0.471216 0.438005 0.474648 0.436991 0.477096 0.436931 0.477638 0.437667 0.476406 0.440833 0.472362 0.439417 0.471216 0.438852
5 0.479036 0.438704 0.482755 0.442528 0.483326 0.444167 0.482055 0.444051 0.478049 0.441792
5 0.515635 0.364833 0.507500 0.360972 0.510729 0.362731 0.517102 0.367296 0.523698 0.373250 0.525495 0.375046 0.527891 0.374630 0.529609 0.373380 0.530495 0.371204 0.528615 0.363310 0.524857 0.355347 0.522096 0.359213
5 0.550648 0.391532 0.547099 0.391819 0.545445 0.394546 0.544638 0.398560 0.546294 0.403366 0.550971 0.409028 0.560331 0.416343 0.565495 0.417708 0.568034 0.416130 0.569164 0.414481 0.569003 0.411968 0.569688 0.411037 0.568721 0.408241 0.565091 0.401931 0.561016 0.397699 0.556701 0.394042 0.554068 0.392699 0.553469 0.392097
5 0.520839 0.381245 0.522297 0.381477 0.525161 0.379435 0.533703 0.386569 0.542563 0.394380 0.545130 0.396120 0.544638 0.398560 0.546294 0.403366 0.547393 0.404778 0.544271 0.408241 0.537914 0.412806 0.536341 0.410727 0.534849 0.408718 0.533438 0.411231 0.530977 0.406926 0.528961 0.404273 0.526984 0.406065 0.526378 0.407356 0.518070 0.395810 0.514503 0.390310 0.521747 0.382718
5 0.515695 0.373556 0.519495 0.376282 0.523573 0.377644 0.525323 0.377273 0.528523 0.379639 0.528719 0.378236 0.525495 0.375046 0.527891 0.374630 0.528995 0.373995 0.532122 0.379968 0.533523 0.382787 0.533755 0.384616 0.533703 0.386569 0.525161 0.379435 0.522297 0.381477 0.520839 0.381245 0.520339 0.380347
5 0.500313 0.352222 0.507500 0.360972 0.515635 0.364833 0.522096 0.359213 0.524857 0.355347 0.524857 0.355347 0.524594 0.351245 0.525120 0.346907 0.521555 0.347991 0.521555 0.347991
1 0.507526 0.360926 0.508487 0.363097 0.515820 0.368347 0.522221 0.374037 0.525323 0.377273 0.528523 0.379639 0.528719 0.378236 0.523698 0.373250 0.517102 0.367296 0.510729 0.362731
9 0.460807 0.211620 0.461172 0.211065 0.462214 0.211065 0.462578 0.212130 0.462526 0.214213 0.460781 0.214815 0.460807 0.213241
9 0.430807 0.309551 0.430156 0.309597 0.429609 0.308255 0.429635 0.307005 0.428906 0.306958 0.428880 0.306032 0.429453 0.305153 0.430182 0.305801 0.431172 0.305431 0.431693 0.306866 0.431432 0.307792
9 0.458872 0.213620 0.458958 0.211389 0.459974 0.211204 0.460807 0.211620 0.460807 0.213241 0.460781 0.214815 0.459701 0.215116
5 0.393323 0.280935 0.395914 0.288167 0.400880 0.282801 0.411680 0.272144 0.423099 0.262407 0.422174 0.261954 0.415263 0.264963 0.411656 0.265477 0.406609 0.270037 0.400445 0.275181 0.398727 0.277889 0.397328 0.279023
5 0.396211 0.289292 0.411990 0.327468 0.422185 0.350759 0.433633 0.338505 0.434089 0.334657 0.436937 0.330204 0.439956 0.327773 0.442349 0.325644 0.449698 0.323926 0.452659 0.323824 0.452716 0.326454 0.451576 0.328074 0.451521 0.329394 0.449641 0.331417 0.452146 0.333444 0.454424 0.336278 0.457672 0.333037 0.461203 0.331213 0.463141 0.333745 0.466672 0.341444 0.483076 0.342556 0.482792 0.340532 0.476698 0.327977 0.471628 0.315417 0.464052 0.302051 0.462398 0.298505 0.457672 0.291315 0.451544 0.283167 0.447503 0.278324 0.444620 0.273389 0.433617 0.257569 0.431555 0.254370 0.429898 0.251560 0.429643 0.256787 0.423099 0.262407 0.411680 0.272144 0.400880 0.282801 0.395914 0.288167
5 0.423359 0.224213 0.447810 0.216949 0.458872 0.213620 0.459701 0.215116 0.462880 0.214097 0.463391 0.214944 0.464182 0.215005 0.464471 0.215852 0.465901 0.215231 0.467680 0.214551 0.468888 0.213931 0.469266 0.215116 0.470380 0.213815 0.482049 0.229519 0.508352 0.266153 0.515057 0.276509 0.494060 0.282778 0.475807 0.288565 0.467062 0.290463 0.443021 0.253611 0.430914 0.236843 0.430505 0.235542
5 0.448938 0.262560 0.447659 0.263315 0.458169 0.285556 0.471628 0.315417 0.476698 0.327977 0.482792 0.340532 0.483076 0.342556 0.488711 0.342546 0.489745 0.340708 0.491516 0.339134 0.495651 0.340625 0.497820 0.344208 0.498310 0.348579 0.497802 0.352620 0.500313 0.352222 0.521555 0.347991 0.534797 0.343787 0.540633 0.341097 0.538664 0.336463 0.533885 0.326569 0.530341 0.320736 0.535622 0.319074 0.535367 0.317861 0.527104 0.304852 0.525453 0.303912 0.522219 0.298384 0.520643 0.294685 0.520560 0.293315 0.518219 0.289412 0.517078 0.289014 0.514633 0.284255 0.511719 0.277486 0.494060 0.282778 0.494060 0.282778 0.475807 0.288565 0.467062 0.290463
5 0.436432 0.244417 0.435104 0.245731 0.444654 0.263412 0.446432 0.267037 0.447672 0.268111 0.449078 0.270759 0.457630 0.287324 0.464052 0.302051 0.471628 0.315417 0.458169 0.285556 0.447659 0.263315 0.448938 0.262560 0.443021 0.253611
9 0.434193 0.309537 0.433464 0.307468 0.433516 0.306310 0.433854 0.305523 0.433854 0.304088 0.434896 0.304412 0.435156 0.305245 0.435911 0.305708 0.436146 0.306819 0.435911 0.308949 0.435260 0.309829
2 0.381612 0.251718 0.386695 0.238745 0.390357 0.230046 0.395839 0.218407 0.402411 0.204949 0.411706 0.185269 0.419057 0.170375 0.425604 0.156602 0.426505 0.156963 0.427638 0.154074 0.429417 0.157134 0.416706 0.183667 0.395552 0.227736 0.388294 0.242972 0.385068 0.251523 0.383484 0.251741 0.384016 0.254560 0.383018 0.255384
9 0.428956 0.314458 0.428305 0.313671 0.428331 0.311866 0.428773 0.310708 0.429711 0.310199 0.430701 0.311264 0.430857 0.313069 0.430492 0.314458 0.429893 0.314644
9 0.425596 0.314968 0.425544 0.312653 0.426143 0.312375 0.427289 0.312097 0.427836 0.313347 0.428070 0.315338 0.427732 0.315986 0.426924 0.316495 0.426195 0.316171
9 0.422865 0.316389 0.423383 0.314921 0.424451 0.314829 0.425310 0.315801 0.425492 0.317653 0.425232 0.319181 0.424164 0.319505 0.423227 0.319042
9 0.415648 0.307560 0.416823 0.308287 0.417240 0.310000 0.416979 0.311389 0.416146 0.312083 0.415130 0.311898 0.414763 0.310708 0.415492 0.308440
9 0.415492 0.308440 0.415648 0.307560 0.414919 0.306819 0.413904 0.307375 0.413122 0.308486 0.413018 0.310060 0.413956 0.311032 0.414763 0.310708
9 0.403646 0.307315 0.403669 0.305569 0.404451 0.304690 0.405753 0.305338 0.406143 0.307005 0.406195 0.308718 0.405753 0.309644 0.404581 0.309412
9 0.436370 0.288681 0.435667 0.289005 0.435510 0.287431 0.436188 0.286181 0.437594 0.285903 0.438505 0.287106 0.438359 0.290093 0.437177 0.290486 0.436995 0.289699
9 0.436656 0.278310 0.436526 0.277523 0.436708 0.276181 0.436943 0.275440 0.437802 0.275579 0.438271 0.276458 0.438609 0.277662 0.438635 0.279051 0.436656 0.278958
9 0.422417 0.303407 0.422807 0.302069 0.423292 0.301745 0.424286 0.301801 0.424737 0.303088 0.425065 0.305120 0.424135 0.306727 0.423471 0.306727 0.422146 0.305389
9 0.424406 0.292426 0.424255 0.290819 0.424888 0.289588 0.425698 0.290019 0.426667 0.290819 0.427057 0.292856 0.426003 0.294782 0.424888 0.293981
5 0.537914 0.412806 0.544164 0.421704 0.544958 0.424440 0.555552 0.420125 0.558771 0.418134 0.560331 0.416343 0.550971 0.409028 0.549930 0.411111 0.547943 0.409750 0.544271 0.408241
9 0.416693 0.282625 0.416539 0.280963 0.416781 0.279463 0.418018 0.279463 0.418919 0.279838 0.419284 0.280963 0.418982 0.283694 0.417898 0.283856
9 0.415487 0.287176 0.414911 0.285301 0.415424 0.284069 0.415758 0.283051 0.416451 0.283162 0.417654 0.284287 0.417568 0.286213 0.417414 0.287500 0.416482 0.288194
9 0.490076 0.296657 0.490130 0.295222 0.491432 0.294991 0.492680 0.295500 0.492940 0.297028 0.492396 0.298657 0.491328 0.298787 0.490049 0.298231
9 0.495284 0.295315 0.493802 0.294713 0.493724 0.293519 0.493776 0.291481 0.494974 0.291380 0.495964 0.291519 0.496250 0.293509 0.496065 0.295269
9 0.503776 0.302306 0.503721 0.299991 0.504089 0.299574 0.505260 0.299620 0.506120 0.300593 0.506380 0.302676 0.505414 0.303324 0.504242 0.303231
9 0.439557 0.322653 0.439219 0.321032 0.439349 0.319319 0.439974 0.318486 0.441120 0.318949 0.441719 0.319690 0.441823 0.321171 0.441484 0.322745 0.440755 0.323579
9 0.442656 0.320940 0.442318 0.319412 0.442344 0.318069 0.443542 0.317051 0.444740 0.318208 0.444948 0.319736 0.444635 0.321634 0.443464 0.322144
9 0.446302 0.321542 0.446328 0.319366 0.447292 0.319181 0.448854 0.319366 0.448776 0.320847 0.448594 0.322838 0.448281 0.323764 0.446667 0.323810
9 0.511391 0.313009 0.511240 0.310435 0.511872 0.309366 0.513560 0.309366 0.514044 0.310866 0.513802 0.312634 0.513289 0.314134 0.512055 0.314079
9 0.430911 0.323472 0.430807 0.322144 0.430130 0.321264 0.430260 0.320245 0.430807 0.320060 0.430833 0.319088 0.432135 0.319042 0.433203 0.319736 0.433255 0.322051 0.433542 0.323116 0.433359 0.325384 0.432656 0.326218 0.431536 0.326310 0.431146 0.325338
9 0.433359 0.325384 0.433542 0.324213 0.434323 0.323426 0.435234 0.323750 0.435911 0.324954 0.435964 0.326806 0.435078 0.328194 0.434453 0.328611 0.433177 0.327963 0.433151 0.326528
2 0.560331 0.416343 0.560878 0.417620 0.560909 0.418634 0.563029 0.424954 0.563372 0.421417 0.565693 0.419306 0.566617 0.421417 0.571721 0.418847 0.569417 0.419083 0.569164 0.414481 0.568034 0.416130 0.568034 0.416130 0.565495 0.417708
2 0.569688 0.411037 0.571656 0.417208 0.571721 0.418847 0.569417 0.419083 0.569164 0.414481 0.569003 0.411968
2 0.482479 0.446222 0.485237 0.447829 0.488281 0.450185 0.486451 0.451361 0.471263 0.458292 0.468982 0.459139 0.470013 0.456134 0.470453 0.454630 0.472440 0.453218 0.478875 0.448958
2 0.513490 0.418356 0.516680 0.422005 0.519620 0.424884 0.520393 0.425273 0.520503 0.423903 0.519326 0.419324 0.518646 0.416667 0.516943 0.416810 0.514815 0.417056
2 0.509727 0.413708 0.513143 0.418111 0.513734 0.416315 0.515896 0.414949 0.515896 0.414949 0.518255 0.415093 0.516008 0.411102 0.512479 0.408009 0.512237 0.410306 0.510130 0.413750
1 0.518255 0.415093 0.515896 0.414949 0.513734 0.416315 0.513143 0.418111 0.513490 0.418356 0.514815 0.417056 0.516943 0.416810 0.518646 0.416667
1 0.509297 0.412407 0.510987 0.410306 0.511953 0.407722 0.512479 0.408009 0.512237 0.410306 0.510130 0.413750 0.509292 0.413750
1 0.504357 0.402306 0.505208 0.404630 0.505479 0.407449 0.505805 0.409106 0.506745 0.408426 0.506432 0.405463 0.505245 0.401389
2 0.541690 0.393657 0.542563 0.394380 0.545130 0.396120 0.545445 0.394546 0.547099 0.391819 0.550648 0.391532 0.553469 0.392097 0.551398 0.390255 0.549857 0.388931 0.549052 0.388741 0.547232 0.386991 0.545260 0.385764 0.544768 0.386551 0.544867 0.387778 0.546099 0.388301 0.546641 0.389352 0.543589 0.388565 0.542763 0.391005
2 0.538664 0.386292 0.537956 0.390421 0.541690 0.393657 0.542763 0.391005 0.543589 0.388565 0.543932 0.384801 0.541914 0.385329 0.539206 0.384102
2 0.544271 0.408241 0.547943 0.409750 0.549930 0.411111 0.550971 0.409028 0.547393 0.404778
2 0.446432 0.267037 0.446779 0.272421 0.447503 0.278324 0.451544 0.283167 0.456865 0.288083 0.457630 0.287324 0.449078 0.270759 0.447672 0.268111
13 0.393323 0.280935 0.383018 0.255384 0.384016 0.254560 0.383484 0.251741 0.385068 0.251523 0.389565 0.245199 0.389169 0.243440 0.390224 0.242505 0.390951 0.243088 0.394573 0.238755 0.401427 0.233597 0.406964 0.231491 0.416125 0.230199 0.420279 0.229731 0.426406 0.232074 0.427526 0.232190 0.429437 0.236412 0.430505 0.235542 0.430914 0.236843 0.429833 0.238028 0.431456 0.243569 0.432661 0.249718 0.433466 0.250505 0.433763 0.251944 0.433096 0.252731 0.433617 0.257569 0.431555 0.254370 0.429898 0.251560 0.429643 0.256787 0.423099 0.262407 0.422174 0.261954 0.415263 0.264963 0.411656 0.265477 0.406609 0.270037 0.400445 0.275181 0.398727 0.277889 0.397328 0.279023
9 0.439219 0.301310 0.438620 0.300569 0.438437 0.299134 0.438490 0.297560 0.439063 0.296866 0.440469 0.297144 0.440781 0.298671 0.441016 0.300338 0.440130 0.301495
9 0.438646 0.311032 0.438776 0.309134 0.439245 0.308255 0.440599 0.308116 0.441224 0.309968 0.441250 0.311356 0.440443 0.311727 0.439583 0.312468
9 0.432344 0.318486 0.433073 0.319227 0.433854 0.318856 0.434427 0.318069 0.434271 0.316079 0.433932 0.315199 0.433359 0.314829 0.432656 0.315199 0.430365 0.315894 0.430156 0.316773 0.430625 0.317329 0.432005 0.317560
2 0.536589 0.332500 0.538302 0.331560 0.539753 0.332264 0.543573 0.351829 0.546211 0.374444 0.546474 0.382880 0.543112 0.381940 0.538500 0.382060 0.537049 0.383463 0.534083 0.378894 0.531711 0.376199 0.528615 0.363310 0.524857 0.355347 0.524594 0.351245 0.525120 0.346907 0.534797 0.343787 0.540633 0.341097 0.538664 0.336463
9 0.448698 0.316343 0.447995 0.315940 0.448255 0.314736 0.448359 0.312144 0.449219 0.311773 0.450495 0.312005 0.451042 0.313440 0.451068 0.315153 0.450104 0.316588 0.449427 0.316542
9 0.450911 0.311449 0.452526 0.309968 0.453516 0.311079 0.454167 0.312838 0.453490 0.313671 0.452786 0.314458 0.451875 0.314412 0.451458 0.313347 0.451042 0.313440 0.451042 0.313440 0.450495 0.312005
9 0.423740 0.350213 0.422198 0.349718 0.422057 0.348722 0.422479 0.346398 0.423646 0.345903 0.424672 0.346148 0.425000 0.347810 0.424812 0.349218
9 0.455831 0.302727 0.453904 0.302449 0.453096 0.301755 0.452549 0.300551 0.446430 0.299856 0.446039 0.301338 0.446221 0.302773 0.450049 0.303560 0.455362 0.304162 0.456247 0.304394
9 0.454609 0.300648 0.454008 0.299718 0.452237 0.299856 0.451612 0.298653 0.451638 0.297356 0.452133 0.296894 0.454971 0.297125 0.455753 0.297773 0.455909 0.299347
9 0.458201 0.307542 0.458279 0.305181 0.458643 0.304625 0.459789 0.304532 0.460596 0.305319 0.460544 0.308051 0.460128 0.309255 0.459453 0.309537 0.458305 0.309116
1 0.476406 0.440833 0.478049 0.441792 0.479036 0.438704 0.478365 0.437838 0.477638 0.437667
1 0.462370 0.449120 0.462734 0.450556 0.465490 0.450861 0.468799 0.449810 0.472880 0.447593 0.476594 0.443606 0.474867 0.442597 0.474867 0.442597 0.473286 0.444755 0.470260 0.447037 0.466188 0.448745
9 0.461690 0.306801 0.461404 0.305782 0.461563 0.304167 0.462966 0.303838 0.463279 0.304116 0.463539 0.308051 0.462237 0.308097
9 0.462344 0.331079 0.461802 0.330009 0.461500 0.327759 0.462164 0.326153 0.463880 0.326366 0.464122 0.328884 0.464003 0.330597 0.463490 0.331134
9 0.462797 0.326204 0.462646 0.325028 0.462948 0.323954 0.464755 0.323847 0.465388 0.325991 0.465086 0.327866 0.464062 0.327815 0.463880 0.326366 0.463880 0.326366
9 0.472500 0.327546 0.473042 0.325565 0.474034 0.324866 0.475151 0.325671 0.475422 0.327759 0.474367 0.329528 0.472891 0.329259
9 0.473281 0.330278 0.472831 0.331403 0.473404 0.333597 0.474185 0.334560 0.475211 0.334347 0.475904 0.333759 0.476055 0.331347 0.475542 0.329634 0.474367 0.329528
9 0.476747 0.338847 0.477229 0.336491 0.478224 0.336222 0.479367 0.337134 0.479549 0.338847 0.478766 0.340509 0.477289 0.340616
9 0.479518 0.341042 0.479940 0.339704 0.481477 0.339491 0.482260 0.341259
9 0.497818 0.314593 0.496620 0.314500 0.495943 0.312509 0.495969 0.310519 0.496906 0.310426 0.498573 0.310519 0.498703 0.312787 0.498547 0.314546
9 0.500344 0.317417 0.500109 0.316491 0.499948 0.314769 0.501490 0.314361 0.502292 0.314769 0.502479 0.316583
9 0.500344 0.317417 0.500677 0.318565 0.500677 0.320324 0.501354 0.320880 0.502396 0.320880 0.502604 0.319213 0.503125 0.318380 0.503047 0.316667 0.502479 0.316583
7 0.537049 0.383463 0.538664 0.386292 0.539206 0.384102 0.541914 0.385329 0.543932 0.384801 0.543589 0.388565 0.546641 0.389352 0.546099 0.388301 0.544867 0.387778 0.544768 0.386551 0.545260 0.385764 0.547232 0.386991 0.549049 0.388676 0.549857 0.388931 0.551398 0.390255 0.553469 0.392097 0.554068 0.392699 0.556260 0.390704 0.559542 0.385056 0.560424 0.382000 0.560326 0.380162 0.558203 0.379676 0.553776 0.380787 0.549544 0.382000 0.547477 0.382000 0.546474 0.382880 0.543112 0.381940 0.538500 0.382060
9 0.465490 0.442676 0.465310 0.441111 0.465250 0.439611 0.466393 0.438699 0.467448 0.438648 0.468112 0.439667 0.468201 0.442343 0.467539 0.443306 0.467328 0.442458 0.466453 0.442352
5 0.508487 0.363097 0.515695 0.373556 0.519495 0.376282 0.523573 0.377644 0.525323 0.377273 0.522221 0.374037 0.515820 0.368347
9 0.466453 0.442352 0.465490 0.442676 0.464646 0.444176 0.465068 0.446051 0.466544 0.447227 0.467419 0.446532 0.467961 0.445139 0.467328 0.442458
9 0.500396 0.322694 0.500422 0.325241 0.500604 0.326167 0.501906 0.326537 0.502609 0.325380 0.503000 0.324130 0.502844 0.322787 0.502453 0.322046 0.501125 0.321954
9 0.487445 0.296056 0.486094 0.296102 0.485648 0.294944 0.485339 0.293972 0.485703 0.292583 0.487602 0.292352 0.487891 0.293046 0.487943 0.295824
9 0.472526 0.302130 0.472237 0.299991 0.472862 0.298324 0.474190 0.298185 0.474945 0.299065 0.475052 0.301102 0.474948 0.302315
9 0.498789 0.281907 0.498789 0.283806 0.499284 0.284685 0.500143 0.284407 0.500924 0.283343 0.501081 0.281676 0.500846 0.281259
9 0.524930 0.303014 0.525138 0.301486 0.525867 0.299912 0.526831 0.300236 0.527690 0.301069 0.527846 0.303292 0.527104 0.304852 0.525453 0.303912
9 0.524583 0.298148 0.525443 0.297963 0.525625 0.299028 0.524922 0.300833 0.524193 0.301759 0.523177 0.300000 0.523229 0.298981 0.523984 0.298056
9 0.522943 0.295509 0.523594 0.295185 0.524687 0.295463 0.524818 0.297130 0.524583 0.298148 0.523984 0.298056 0.523229 0.298981 0.523177 0.300000 0.522219 0.298384 0.522219 0.298384 0.521953 0.297685 0.522266 0.296806 0.522474 0.295694
9 0.520560 0.293315 0.521172 0.292315 0.521901 0.291944 0.522969 0.292731 0.523099 0.294352 0.522943 0.295509 0.522474 0.295694 0.522266 0.296806 0.521563 0.296806 0.520643 0.294685
9 0.518203 0.284769 0.518958 0.285324 0.519245 0.286389 0.519062 0.288519 0.518490 0.289074 0.517734 0.289259 0.517078 0.289014 0.516693 0.288287 0.516901 0.287361 0.517266 0.286574
9 0.516844 0.283083 0.517917 0.283333 0.518203 0.284769 0.517266 0.286574 0.516901 0.287361 0.516380 0.287639 0.515568 0.286093 0.516453 0.284241
9 0.514786 0.284565 0.514786 0.282898 0.515281 0.282157 0.516401 0.281833 0.516844 0.283083 0.516453 0.284241 0.515568 0.286093
9 0.512964 0.280306 0.513042 0.279519 0.513693 0.278639 0.514708 0.278824 0.514969 0.279750 0.514865 0.281556 0.513927 0.282667
9 0.466458 0.209861 0.467318 0.209259 0.468490 0.209306 0.468958 0.210463 0.469323 0.210833 0.468854 0.212454 0.468888 0.213931 0.467680 0.214551 0.467917 0.213241 0.467682 0.210880
9 0.465677 0.210417 0.466458 0.209861 0.467682 0.210880 0.467917 0.213241 0.467680 0.214551 0.465901 0.215231 0.465938 0.213750
9 0.463802 0.210324 0.464740 0.209954 0.465677 0.210417 0.465938 0.213750 0.465901 0.215231 0.464471 0.215852 0.464182 0.215005 0.464219 0.212870 0.464219 0.212870 0.464062 0.211111
9 0.468888 0.213931 0.468854 0.212454 0.469323 0.210833 0.470260 0.210741 0.470755 0.211296 0.470807 0.212917 0.470380 0.213815 0.469266 0.215116
9 0.462214 0.211065 0.462682 0.210417 0.463802 0.210324 0.464062 0.211111 0.464219 0.212870 0.464182 0.215005 0.463391 0.214944 0.462880 0.214097 0.462526 0.214213 0.462526 0.214213 0.462578 0.212130
5 0.544260 0.626782 0.532331 0.634014 0.516740 0.628468 0.516740 0.627023 0.520128 0.626542 0.520398 0.623167 0.520398 0.620032
2 0.488281 0.450185 0.486451 0.451361 0.471263 0.458292 0.468982 0.459139 0.466714 0.460481 0.482305 0.498324 0.494911 0.565806 0.505352 0.616903 0.520128 0.626542 0.520398 0.623167 0.520398 0.620032 0.544260 0.626782 0.580320 0.599546 0.580185 0.594245 0.580185 0.591833 0.584388 0.591833 0.585745 0.593764 0.586286 0.595931 0.596047 0.588704 0.581812 0.564120 0.564461 0.539056 0.530297 0.499046
2 0.571721 0.418847 0.581326 0.414519 0.582237 0.416681 0.581729 0.418120 0.628312 0.521458 0.640669 0.549722 0.637529 0.559083 0.635706 0.557102 0.634289 0.549903 0.617578 0.532440 0.608870 0.519116 0.607148 0.512995 0.605529 0.507773 0.602086 0.496611 0.598440 0.492111 0.596719 0.491931 0.594086 0.492653 0.592667 0.493731 0.544464 0.425681 0.544958 0.424440 0.555552 0.420125 0.558771 0.418134 0.560331 0.416343 0.560878 0.417620 0.560909 0.418634 0.563029 0.424954 0.563372 0.421417 0.565693 0.419306 0.566617 0.421417
5 0.497802 0.352620 0.497422 0.361296 0.495745 0.363602 0.514503 0.390310 0.521747 0.382718 0.520339 0.380347 0.508487 0.363097 0.508487 0.363097 0.507500 0.360972 0.500292 0.352208
5 0.490203 0.386431 0.489148 0.391468 0.500354 0.404236 0.503333 0.401111 0.504901 0.399787 0.503451 0.397676 0.497578 0.390833 0.491982 0.386310
5 0.464318 0.355231 0.463568 0.360694 0.473414 0.361731 0.482867 0.362347 0.483091 0.360912 0.484349 0.360116 0.484174 0.356574
5 0.449104 0.419519 0.452635 0.426199 0.465737 0.434708 0.468130 0.436833 0.470237 0.434907 0.468813 0.431870 0.467560 0.427417 0.460599 0.421157
5 0.453896 0.429889 0.460807 0.444676 0.463854 0.442037 0.466313 0.437986
5 0.460807 0.444676 0.462370 0.449120 0.466188 0.448745 0.470260 0.447037 0.473286 0.444755 0.474867 0.442597 0.466313 0.437986 0.463854 0.442037
5 0.297013 0.203889 0.288721 0.187306 0.294810 0.183389 0.308674 0.177398 0.311911 0.175097 0.316057 0.171644 0.321370 0.171644 0.331484 0.192037 0.343005 0.212407 0.357388 0.241662 0.371185 0.271329 0.373984 0.280079 0.374555 0.283259 0.376224 0.285444 0.376458 0.288046 0.372870 0.284847 0.369734 0.282472 0.366146 0.278491 0.361979 0.280648 0.359266 0.284731 0.335143 0.254995 0.306938 0.217222
5 0.357547 0.158755 0.356435 0.154731 0.355596 0.153046 0.355523 0.149398 0.359219 0.149204 0.362883 0.148806 0.362883 0.147792 0.358784 0.143718 0.358755 0.142060 0.361227 0.140282 0.364388 0.132481 0.363685 0.130005 0.362427 0.128514 0.362516 0.125519 0.365508 0.125852 0.372786 0.132907 0.378664 0.138218 0.384917 0.144190 0.389536 0.148009 0.395753 0.153481 0.403409 0.161954 0.415229 0.173750 0.423760 0.180292 0.433701 0.189894 0.442901 0.199713 0.447419 0.204171 0.447044 0.206278 0.448794 0.213167 0.449609 0.219051 0.456609 0.225056 0.455227 0.227278 0.454115 0.228287 0.453177 0.229907 0.451172 0.228051 0.449734 0.227046 0.447943 0.231296 0.446706 0.239412 0.439331 0.231185 0.439766 0.240181 0.440266 0.249509 0.434219 0.242505 0.424984 0.232806 0.411701 0.218213 0.396148 0.201894 0.379083 0.182597 0.362451 0.164551
5 0.384917 0.144190 0.377315 0.135782 0.371388 0.129644 0.368401 0.126907 0.368401 0.125662 0.370081 0.123171 0.374234 0.120435 0.375401 0.119190 0.376521 0.112801 0.377409 0.110560 0.381047 0.102597 0.383055 0.102264 0.383570 0.102500 0.384411 0.103250 0.410234 0.129417 0.441930 0.159255 0.468906 0.185454 0.466456 0.189551 0.466456 0.189551 0.465057 0.192620 0.463003 0.198014 0.461883 0.200171 0.461229 0.200088 0.460622 0.199009 0.459596 0.200333 0.460016 0.202412 0.458661 0.206560 0.456328 0.208051 0.456281 0.209546 0.454010 0.212546 0.447419 0.204171 0.442901 0.199713 0.433701 0.189894 0.423760 0.180292 0.415229 0.173750 0.403409 0.161954 0.395753 0.153481 0.389536 0.148009
5 0.464870 0.234852 0.462633 0.232213 0.459487 0.232356 0.457607 0.233384 0.456609 0.233602 0.453638 0.235727 0.452146 0.237019 0.450979 0.238903 0.451461 0.240102 0.462190 0.251861 0.474815 0.265917 0.494823 0.288435 0.498818 0.293671 0.507609 0.302417 0.525440 0.323931 0.533424 0.333111 0.534596 0.334616 0.535724 0.338417 0.535951 0.339593 0.531870 0.341514 0.530984 0.342181 0.531474 0.344005 0.539958 0.353324 0.541630 0.352431 0.541044 0.350500 0.541044 0.345296 0.543135 0.343958 0.546984 0.349014 0.548823 0.347676 0.548992 0.343065 0.552003 0.347676 0.554094 0.347227 0.554010 0.342917 0.556518 0.331167 0.559279 0.325815 0.562307 0.327806 0.563315 0.327157 0.562786 0.326019 0.559375 0.322639 0.557318 0.320694 0.553078 0.316412 0.551865 0.314755 0.550130 0.314398 0.547383 0.311681 0.544583 0.314171 0.542344 0.311602 0.540198 0.310602 0.538469 0.311185 0.536695 0.311269 0.514576 0.287454 0.489557 0.260986
5 0.451461 0.240102 0.449839 0.242657 0.446706 0.239412 0.439331 0.231185 0.439766 0.240181 0.440266 0.249509 0.440211 0.252102 0.437727 0.253926 0.434974 0.255463 0.433948 0.257000 0.436797 0.259120 0.445964 0.269815 0.464237 0.290875 0.480622 0.308231 0.488049 0.313931 0.500633 0.331287 0.511859 0.346162 0.517961 0.354032 0.521133 0.351491 0.526328 0.345542 0.531870 0.341514 0.535951 0.339593 0.535724 0.338417 0.534596 0.334616 0.533424 0.333111 0.525440 0.323931 0.507609 0.302417 0.498818 0.293671 0.494823 0.288435 0.474815 0.265917 0.462190 0.251861
