0 0.440211 0.179815 0.428719 0.169662 0.422305 0.170370 0.418938 0.174986 0.416812 0.177718 0.415513 0.184648 0.412018 0.193824 0.411078 0.203593 0.411534 0.215352 0.410594 0.224130 0.410031 0.229565 0.410714 0.231352 0.411253 0.232769 0.411367 0.234588 0.411276 0.239306 0.412513 0.245681 0.415779 0.252815 0.420214 0.262935 0.424927 0.268833 0.434779 0.271097 0.435104 0.277435 0.446060 0.280583 0.446562 0.274144 0.449932 0.273810 0.451872 0.275250 0.461057 0.276694 0.465367 0.274694 0.469115 0.266028 0.470167 0.264102 0.472174 0.262606 0.475620 0.257028 0.477065 0.249972 0.478714 0.216069 0.479682 0.209194 0.479003 0.194569 0.475135 0.185444 0.470286 0.180139 0.463909 0.181153 0.460323 0.182528 0.458776 0.179944
9 0.464495 0.386398 0.464740 0.384722 0.465961 0.383111 0.466867 0.383176 0.467529 0.384972 0.467737 0.386213 0.466029 0.388630 0.465026 0.387639
9 0.477352 0.387546 0.477299 0.386296 0.477742 0.385046 0.479122 0.385093 0.479539 0.386389 0.479305 0.387963 0.478263 0.388241
9 0.479122 0.385093 0.479193 0.383380 0.478255 0.382130 0.477240 0.381713 0.476016 0.382454 0.475807 0.384306 0.476250 0.386389 0.477352 0.387546 0.477299 0.386296 0.477742 0.385046
9 0.486221 0.360977 0.485557 0.362315 0.485378 0.364134 0.486875 0.365991 0.487695 0.364352 0.487906 0.362102 0.487667 0.361134 0.487185 0.361458
9 0.486458 0.356759 0.485828 0.357764 0.485737 0.359528 0.486221 0.360977 0.487185 0.361458 0.488391 0.360708 0.488391 0.359315 0.488531 0.357792 0.487841 0.356829
2 0.505896 0.398287 0.520042 0.412301 0.519870 0.414597 0.520680 0.414944 0.522820 0.416532 0.523180 0.414847 0.528029 0.420301 0.532349 0.423773 0.533612 0.423343 0.533018 0.421981 0.533857 0.420366 0.534591 0.421856 0.534865 0.420250 0.535286 0.417764 0.534865 0.416833 0.533786 0.415662 0.540443 0.410949 0.547036 0.404690 0.545628 0.401792 0.544898 0.399421 0.545023 0.395907 0.542443 0.393833 0.535422 0.388236 0.527247 0.380662 0.526237 0.381657 0.524664 0.381593 0.524542 0.380583 0.520831 0.381514 0.520799 0.383370 0.515560 0.388551
10 0.480482 0.296458 0.480247 0.292394 0.480247 0.288741 0.480576 0.283597 0.481974 0.278537 0.481974 0.274639 0.483234 0.273722 0.483375 0.271648 0.484029 0.269491 0.485943 0.269491 0.488474 0.269194 0.489180 0.269435 0.489219 0.271657 0.491201 0.271292 0.496430 0.271625 0.499417 0.273204 0.501682 0.274171 0.504789 0.277685 0.506927 0.283347 0.507370 0.289801 0.506927 0.299051 0.506039 0.300343 0.504992 0.303426 0.499383 0.306509 0.500190 0.308875 0.498820 0.310454 0.495714 0.310167 0.493656 0.310958 0.491799 0.311102 0.490065 0.313037 0.486112 0.309810 0.484419 0.307227 0.484539 0.305435 0.484539 0.302278 0.482724 0.298764
10 0.480482 0.296458 0.482724 0.298764 0.484539 0.302278 0.484539 0.305435 0.483815 0.315046 0.483128 0.315259 0.482805 0.310097 0.482482 0.310097 0.482000 0.310958 0.482320 0.316907 0.482120 0.318560 0.481435 0.320065 0.481182 0.323148 0.479547 0.322403 0.477961 0.317838 0.475729 0.307315 0.475721 0.303653 0.472734 0.303472 0.471193 0.305227 0.470073 0.306556 0.471148 0.308630 0.470435 0.308782 0.468573 0.308255 0.464422 0.304264 0.461128 0.298889 0.464995 0.297463 0.474365 0.293801 0.474786 0.292560 0.477589 0.293801
13 0.384745 0.252560 0.389068 0.245426 0.388583 0.244565 0.389240 0.242944 0.390664 0.243551 0.394167 0.238389 0.400432 0.234134 0.408521 0.231398 0.410714 0.231352 0.411253 0.232769 0.411367 0.234588 0.409375 0.235148 0.406641 0.239653 0.406326 0.242185 0.405188 0.242287 0.404617 0.252106 0.402938 0.252968 0.403052 0.256106 0.408177 0.268157 0.407323 0.269727 0.402396 0.273472 0.398268 0.278181 0.397583 0.278741 0.396557 0.278079 0.392734 0.281528 0.382760 0.256806
9 0.429406 0.367810 0.428565 0.368528 0.428076 0.370176 0.428883 0.372111 0.430258 0.372611 0.430945 0.372042 0.430456 0.368671
9 0.433969 0.377130 0.434297 0.375278 0.435542 0.374838 0.436385 0.375838 0.436628 0.378278 0.435620 0.379713 0.434211 0.378995
9 0.438081 0.377991 0.438120 0.375981 0.439451 0.375556 0.440667 0.375769 0.441104 0.377991 0.440786 0.379713 0.439617 0.380644 0.438484 0.380144
9 0.431464 0.317097 0.431854 0.316125 0.432609 0.315847 0.433130 0.316681 0.432943 0.320046 0.432560 0.320292 0.431828 0.320245 0.431388 0.319412 0.431438 0.318671
1 0.530711 0.374306 0.529813 0.373042 0.528992 0.374347 0.529323 0.375139 0.530286 0.376204 0.533711 0.380657 0.536333 0.384676 0.538323 0.388199 0.538323 0.386394 0.538521 0.385662 0.537245 0.382852
9 0.438542 0.313699 0.437500 0.311847 0.437500 0.310319 0.437995 0.308931 0.439063 0.308931 0.440208 0.310505 0.440677 0.311616 0.440339 0.312079 0.439297 0.311847 0.438750 0.312032 0.438802 0.313977
9 0.414346 0.311315 0.414013 0.312384 0.412599 0.312491 0.412206 0.310991 0.411695 0.310833 0.411823 0.309259 0.412318 0.307685 0.413906 0.307454 0.414979 0.308528 0.414586 0.309278
9 0.414586 0.309278 0.415411 0.309176 0.416044 0.310407 0.416406 0.311856 0.416167 0.312713 0.415323 0.312713 0.414268 0.313356 0.414013 0.312384 0.414346 0.311315
9 0.447961 0.357398 0.447987 0.355917 0.448482 0.355593 0.449185 0.354852 0.450227 0.355222 0.450799 0.355361 0.450982 0.357259 0.450253 0.359157 0.449237 0.360546 0.448698 0.360417 0.448013 0.359528
9 0.443385 0.359120 0.442622 0.356843 0.442753 0.355454 0.443273 0.353972 0.445122 0.353972 0.445643 0.355500 0.445513 0.357444 0.444888 0.359204
9 0.486458 0.356759 0.486271 0.354903 0.487146 0.353884 0.488289 0.354153 0.489013 0.354796 0.489044 0.356403 0.488531 0.357792 0.487841 0.356829
9 0.484523 0.361116 0.483352 0.361384 0.482297 0.360153 0.482328 0.358329 0.483107 0.356667 0.484161 0.356454 0.485036 0.357204 0.485156 0.359616
9 0.486875 0.365991 0.487760 0.365741 0.488987 0.366634 0.489107 0.368398 0.488625 0.369741 0.487779 0.370116 0.486753 0.370273 0.486185 0.368722
9 0.482112 0.368560 0.481815 0.366847 0.482328 0.365398 0.483201 0.364542 0.484372 0.365023 0.484708 0.366741 0.484346 0.369148 0.483953 0.370380 0.482474 0.370167
9 0.488682 0.373491 0.489013 0.371991 0.490102 0.371454 0.491063 0.372417 0.491096 0.375366 0.490734 0.376222 0.489435 0.376380 0.488893 0.375472
9 0.494742 0.373491 0.494557 0.371560 0.494771 0.370491 0.495857 0.369741 0.496880 0.370329 0.497328 0.372097 0.497089 0.373597 0.496641 0.374991 0.495102 0.374505
9 0.491125 0.380986 0.490792 0.379597 0.490734 0.377935 0.491393 0.376491 0.492568 0.376116 0.493596 0.377130 0.493477 0.380560 0.493052 0.381361
9 0.468646 0.375278 0.468255 0.374352 0.468464 0.372593 0.468750 0.371944 0.470104 0.371759 0.470581 0.373148 0.470685 0.374676 0.470763 0.376620 0.470372 0.375509 0.470372 0.375509 0.469792 0.374954
9 0.450573 0.375972 0.450185 0.373690 0.450065 0.372255 0.450906 0.370819 0.452117 0.370963 0.452807 0.372755 0.452969 0.374764 0.452161 0.376199
9 0.447883 0.380727 0.447701 0.379292 0.448013 0.378134 0.448898 0.377023 0.449810 0.377301 0.450383 0.377995 0.450747 0.379338 0.450513 0.381144 0.449992 0.382023 0.448039 0.381699
9 0.449964 0.391630 0.450172 0.388806 0.450484 0.387880 0.451656 0.387139 0.452828 0.387602 0.453297 0.388898 0.453245 0.390796 0.453062 0.392185 0.452411 0.392556
9 0.446708 0.388759 0.446682 0.386769 0.447464 0.385611 0.448193 0.385380 0.449000 0.385843 0.449443 0.386583 0.449625 0.388620 0.449469 0.389963 0.448062 0.390519 0.447151 0.390241
9 0.440354 0.385889 0.440625 0.384676 0.441693 0.384583 0.442656 0.385278 0.442917 0.386343 0.442734 0.387870 0.442391 0.388648 0.440755 0.388287 0.440495 0.387407
9 0.439167 0.387454 0.437932 0.387324 0.437906 0.385287 0.438427 0.384222 0.440120 0.384130 0.440354 0.385889 0.440130 0.387407
9 0.464760 0.397338 0.464891 0.396366 0.465802 0.395625 0.466974 0.395579 0.467339 0.396181 0.467469 0.398449
9 0.459786 0.395440 0.460021 0.393912 0.460333 0.392940 0.461948 0.393079 0.462286 0.394097 0.461974 0.396319
9 0.455932 0.393912 0.456089 0.393264 0.457573 0.393356 0.457599 0.394560 0.456693 0.394213
9 0.506328 0.389106 0.506419 0.387500 0.507234 0.386806 0.508258 0.386912 0.508951 0.387662 0.508922 0.390556 0.508318 0.391787 0.507354 0.391843 0.506359 0.390769
9 0.504521 0.391468 0.505896 0.391616 0.505987 0.393917 0.505896 0.395417 0.505021 0.396653 0.503695 0.396060 0.503245 0.394935 0.503167 0.393074 0.503948 0.391574
9 0.503167 0.393074 0.502443 0.393019 0.502052 0.390181 0.502172 0.388625 0.503227 0.388306 0.504401 0.388306 0.504612 0.390019 0.504521 0.391468 0.503948 0.391574
9 0.483917 0.393329 0.484383 0.391833 0.485083 0.390421 0.486622 0.391171 0.486857 0.393162 0.486484 0.394819 0.485503 0.395981 0.484242 0.395403
9 0.468328 0.407931 0.468469 0.404944 0.469823 0.404944 0.470896 0.405690 0.470802 0.407597 0.470661 0.409421 0.468422 0.409421
9 0.495716 0.409218 0.495711 0.408435 0.496885 0.407255 0.497669 0.407741 0.497880 0.410148 0.497820 0.411273 0.497096 0.411597 0.495958 0.411894 0.495807 0.410398
9 0.493669 0.410556 0.493669 0.412056 0.494513 0.413236 0.495839 0.413287 0.495958 0.411894 0.495807 0.410398 0.495716 0.409218 0.495174 0.408949
9 0.493367 0.419394 0.492794 0.418861 0.492312 0.418056 0.492281 0.415111 0.492703 0.414093 0.494784 0.414306 0.495206 0.415644 0.495234 0.417519 0.494724 0.419125
9 0.486742 0.424991 0.486120 0.423981 0.485755 0.422315 0.486406 0.420648 0.487474 0.420509 0.488333 0.421204 0.488802 0.422593 0.487862 0.426056 0.487419 0.424667
9 0.489164 0.427167 0.489320 0.425269 0.490466 0.424528 0.491534 0.425176 0.491820 0.425963 0.491742 0.429481 0.490440 0.429481 0.489685 0.429296
9 0.449654 0.313259 0.448898 0.312778 0.447818 0.312875 0.447440 0.314125 0.447818 0.316810 0.449115 0.317389 0.450086 0.315565
9 0.450937 0.310602 0.452578 0.311204 0.452737 0.312972 0.452224 0.313616 0.451953 0.314843 0.450659 0.314366 0.449654 0.313259 0.450211 0.312060 0.450599 0.311204
9 0.457216 0.308463 0.456872 0.306500 0.458169 0.305139 0.459273 0.305954 0.459503 0.307444 0.459427 0.309551 0.458284 0.310019 0.457557 0.309824
9 0.460302 0.306435 0.460266 0.304944 0.461065 0.304324 0.462286 0.305273 0.462477 0.306769 0.462516 0.309069 0.461448 0.309009 0.460302 0.308194
7 0.546367 0.382102 0.547135 0.381713 0.549724 0.381949 0.553961 0.380875 0.556422 0.379870 0.560253 0.380370 0.560414 0.382741 0.559146 0.385477 0.557063 0.389185 0.554034 0.392995 0.553070 0.392162 0.552370 0.391889 0.551768 0.390657 0.550383 0.389486 0.546297 0.385750 0.545852 0.384315 0.546781 0.383310
1 0.461885 0.448917 0.462573 0.450917 0.465260 0.450917 0.469695 0.449917 0.474570 0.445694 0.477630 0.441477 0.478755 0.438032 0.479005 0.433810 0.478068 0.430148 0.477505 0.430481 0.477943 0.433366 0.477630 0.437032 0.475505 0.442144 0.472570 0.445477 0.468570 0.448028 0.463823 0.449250
1 0.491562 0.448889 0.493125 0.444583 0.496086 0.441264 0.499581 0.438694 0.502135 0.438565 0.505305 0.440838 0.506451 0.442125 0.505391 0.442731 0.503768 0.441264 0.501380 0.440046 0.498802 0.440694 0.495242 0.443676 0.493555 0.446356 0.492589 0.448551
1 0.517667 0.428787 0.519818 0.425833 0.522911 0.423537 0.525953 0.422894 0.528568 0.423380 0.532083 0.425787 0.534844 0.429120 0.533620 0.429769 0.530990 0.427130 0.528789 0.425681 0.525802 0.424713 0.522398 0.425250 0.519174 0.428088 0.518122 0.429426
1 0.505234 0.414491 0.505411 0.412273 0.505341 0.407315 0.504714 0.403782 0.503841 0.400310 0.504469 0.399630 0.506172 0.405787 0.506596 0.410907 0.506107 0.414750
1 0.482570 0.323255 0.486641 0.323380 0.490799 0.326125 0.494479 0.331944 0.495682 0.335662 0.496286 0.340681 0.495802 0.344694 0.495198 0.344625 0.495318 0.341468 0.494794 0.337241 0.492979 0.332292 0.490599 0.328347 0.489268 0.326699 0.487734 0.325551 0.482302 0.325167
9 0.487786 0.363815 0.487695 0.364352 0.487695 0.364352 0.486875 0.365991 0.487760 0.365741 0.488987 0.366634 0.489112 0.367671 0.489625 0.366491 0.490107 0.365315 0.489234 0.364134
9 0.477547 0.353810 0.478352 0.354366 0.479240 0.354551 0.479604 0.352699 0.479836 0.351218 0.479734 0.349551 0.478768 0.349227 0.477727 0.349412 0.477440 0.350292
9 0.478638 0.343718 0.478482 0.342051 0.478768 0.340477 0.480956 0.340569 0.481453 0.341542 0.481346 0.343023 0.481008 0.344366 0.480201 0.344690 0.479240 0.344690
9 0.468310 0.355375 0.467891 0.352389 0.468497 0.351644 0.469664 0.351644 0.470737 0.353801 0.470549 0.355542 0.469617 0.357037 0.468542 0.356537
5 0.520362 0.626597 0.518852 0.627389 0.516750 0.626611 0.516576 0.627856 0.519115 0.629722 0.535742 0.632991 0.543182 0.626144 0.521070 0.618134 0.520667 0.623894
9 0.463901 0.371505 0.464031 0.369792 0.464214 0.368588 0.465151 0.367986 0.465984 0.368542 0.466349 0.369977 0.466557 0.371505 0.465698 0.372894 0.464370 0.372523
9 0.464922 0.360093 0.465664 0.358199 0.466690 0.357199 0.467810 0.357949 0.468229 0.360273 0.468182 0.361352 0.467203 0.362676 0.466365 0.362509 0.465849 0.361019
9 0.463609 0.362676 0.463656 0.361597 0.464263 0.360769 0.464922 0.360093 0.465849 0.361019 0.466365 0.362509 0.465570 0.364505 0.464776 0.363343
9 0.463609 0.362676 0.462932 0.364079 0.463026 0.365241 0.463539 0.366486 0.464659 0.366981 0.465359 0.366486 0.465570 0.364505 0.464776 0.363343
9 0.446224 0.331880 0.446052 0.331120 0.446281 0.329449 0.446904 0.328843 0.448044 0.329148 0.448727 0.330769 0.448526 0.332083 0.447786 0.333602 0.447018 0.333347
9 0.462026 0.327218 0.461911 0.325181 0.462674 0.324435 0.463896 0.324708 0.464391 0.326468 0.464391 0.327894 0.463208 0.329454 0.463247 0.328301 0.462599 0.327213
9 0.460958 0.331551 0.460625 0.329444 0.460807 0.327556 0.461263 0.327079 0.462599 0.327213 0.463247 0.328301 0.463133 0.331148 0.462216 0.331690
9 0.471276 0.330370 0.471010 0.328125 0.471419 0.325856 0.472490 0.325764 0.473615 0.325491 0.474073 0.326764 0.473870 0.329120 0.473562 0.329847 0.472133 0.330847
9 0.472695 0.333838 0.472133 0.333023 0.472133 0.330847 0.473562 0.329847 0.474888 0.330574 0.475094 0.332569 0.474633 0.334477 0.473510 0.334745
9 0.443880 0.340278 0.443622 0.338162 0.443362 0.335292 0.445003 0.335477 0.446878 0.336403 0.446721 0.336958 0.445836 0.337282 0.445862 0.339366 0.445471 0.340199
9 0.451432 0.343426 0.450049 0.343384 0.449451 0.341532 0.449477 0.340005 0.450023 0.338847 0.451039 0.338616 0.452185 0.339171 0.452341 0.341718 0.452133 0.343060
9 0.456221 0.340977 0.456172 0.343102 0.456354 0.344861 0.457083 0.345093 0.457760 0.345093 0.457865 0.344074 0.458307 0.343324 0.458464 0.342315 0.458437 0.341667 0.457995 0.340972 0.457497 0.341069 0.457497 0.341069
9 0.458513 0.338894 0.459010 0.338519 0.459711 0.338477 0.459867 0.339634 0.460312 0.341481 0.460156 0.342361 0.458464 0.342315 0.458437 0.341667 0.457995 0.340972
9 0.457497 0.341069 0.456221 0.340977 0.455831 0.339819 0.455909 0.338662 0.456508 0.337551 0.457654 0.337782 0.458513 0.338894 0.458148 0.340236 0.457995 0.340972
9 0.402625 0.306653 0.404161 0.306708 0.404854 0.307671 0.405034 0.309653 0.405336 0.312491
9 0.460312 0.341481 0.459867 0.339634 0.459711 0.338477 0.460388 0.337551 0.461820 0.337366 0.462289 0.338477 0.462497 0.340282 0.462289 0.341162 0.461638 0.341069 0.460987 0.341764
9 0.457865 0.344074 0.458307 0.343324 0.459141 0.343093 0.460312 0.343509 0.460677 0.344528 0.460625 0.346241 0.459896 0.348093 0.458568 0.348046 0.458021 0.347074 0.457656 0.345917
9 0.454167 0.345083 0.453906 0.343519 0.454714 0.343009 0.455651 0.343056 0.456172 0.344583 0.456198 0.346481 0.456016 0.347407 0.455078 0.347815 0.454896 0.346009
9 0.452656 0.348926 0.452526 0.347259 0.452969 0.345407 0.454167 0.345083 0.454896 0.346009 0.455078 0.347815 0.454844 0.349250 0.454323 0.349759 0.453099 0.349806
9 0.448508 0.352398 0.448906 0.350880 0.449609 0.350370 0.450365 0.350370 0.451354 0.351528 0.451172 0.353704 0.450781 0.354722 0.450227 0.355222 0.449185 0.354852 0.448828 0.354167
9 0.445747 0.354111 0.445878 0.350824 0.446268 0.350130 0.447128 0.350130 0.448326 0.350870 0.448508 0.352398 0.448169 0.353602 0.447570 0.355315 0.446060 0.355685
2 0.381125 0.253245 0.384492 0.242431 0.391107 0.228259 0.397247 0.215134 0.403685 0.202009 0.413849 0.179366 0.423367 0.160079 0.426497 0.154097 0.428682 0.157037 0.422305 0.170370 0.418938 0.174986 0.416812 0.177718 0.415513 0.184648 0.400323 0.217329 0.387552 0.244306 0.384745 0.252560 0.382760 0.256806
4 0.411276 0.239306 0.406641 0.239653 0.406326 0.242185 0.405188 0.242287 0.404617 0.252106 0.402938 0.252968 0.403052 0.256106 0.408177 0.268157 0.417690 0.293611 0.424010 0.309644 0.425628 0.312139 0.436375 0.308398 0.464995 0.297463 0.474365 0.293801 0.475177 0.291241 0.473862 0.288361 0.474617 0.279806 0.469115 0.266028 0.465367 0.274694 0.461057 0.276694 0.451872 0.275250 0.449932 0.273810 0.446562 0.274144 0.446060 0.280583 0.435104 0.277435 0.434779 0.271097 0.424927 0.268833 0.420214 0.262935 0.415779 0.252815 0.412513 0.245681
1 0.507677 0.364264 0.518060 0.371838 0.524141 0.376991 0.526432 0.378380 0.527891 0.378333 0.527734 0.377222 0.520883 0.372343 0.511607 0.365241 0.507854 0.362944 0.506927 0.362801
5 0.496315 0.442815 0.496839 0.444551 0.497919 0.446278 0.505391 0.442731 0.503768 0.441264 0.501380 0.440046 0.498802 0.440694
6 0.504792 0.331389 0.508409 0.337204 0.512453 0.342847 0.516846 0.349106 0.519112 0.350838 0.519773 0.353134 0.519599 0.355986 0.517089 0.355921 0.514370 0.352949 0.512174 0.349042 0.508164 0.345944 0.505724 0.343093
6 0.506250 0.351296 0.513883 0.352389 0.514370 0.352949 0.514789 0.359889 0.513534 0.361190 0.508932 0.359579 0.505859 0.358148 0.506352 0.355491
1 0.504740 0.325972 0.505677 0.326157 0.508536 0.329208 0.510070 0.331690 0.511990 0.332125 0.512164 0.333301 0.511815 0.334602 0.510419 0.333361 0.509062 0.332639 0.506693 0.329491 0.504911 0.327472
1 0.515104 0.336574 0.517031 0.337824 0.519036 0.341065 0.520424 0.345139 0.519797 0.346315 0.518299 0.342722 0.516591 0.339560 0.515312 0.338009
5 0.507971 0.360926 0.506927 0.362801 0.507854 0.362944 0.511607 0.365241 0.520883 0.372343 0.526042 0.376019 0.528320 0.375282 0.529813 0.373042 0.530279 0.370718 0.530008 0.369250 0.527906 0.366843 0.525482 0.366171 0.523010 0.368417 0.523195 0.365843 0.520161 0.364602 0.517690 0.363106 0.516768 0.364310 0.514711 0.364454 0.509589 0.362231
5 0.507677 0.364264 0.516911 0.376361 0.520432 0.377769 0.522299 0.377769 0.524141 0.376991 0.518060 0.371838
6 0.509354 0.440657 0.505448 0.434583 0.505622 0.432106 0.507471 0.429810 0.508656 0.429690 0.511276 0.435463 0.512701 0.439111
5 0.467602 0.459741 0.467464 0.458440 0.467880 0.456769 0.482594 0.446167 0.484615 0.447903 0.486172 0.451435
5 0.496086 0.441264 0.495372 0.439898 0.495547 0.437236 0.501060 0.433477 0.507120 0.427481 0.501560 0.415597 0.502904 0.414856 0.505234 0.414491 0.506107 0.414750 0.510435 0.415912 0.515036 0.420440 0.518773 0.427278 0.517667 0.428787 0.518122 0.429426 0.519174 0.428088 0.519760 0.430528 0.520784 0.432509 0.520875 0.433528 0.519870 0.433611 0.518982 0.435259 0.518711 0.436704 0.512701 0.439111 0.511276 0.435463 0.508656 0.429690 0.507471 0.429810 0.505622 0.432106 0.505448 0.434583 0.509354 0.440657 0.506451 0.442125 0.505305 0.440838 0.502135 0.438565 0.499581 0.438694
5 0.497750 0.406375 0.503841 0.400310 0.504714 0.403782 0.505341 0.407315 0.505411 0.412273 0.505234 0.414491 0.502904 0.414856 0.501560 0.415597 0.500310 0.412597 0.500435 0.408708 0.500060 0.407153
5 0.506107 0.414750 0.507630 0.415185 0.509453 0.414306 0.511901 0.411111 0.512865 0.405139 0.505896 0.398287 0.504469 0.399630 0.506172 0.405787 0.506596 0.410907
5 0.507630 0.415185 0.509453 0.414306 0.511901 0.411111 0.512865 0.405139 0.520042 0.412301 0.519870 0.414597 0.517346 0.414856 0.513862 0.415787 0.512674 0.418144 0.510435 0.415912
5 0.519766 0.430542 0.520799 0.430412 0.523411 0.428102 0.524948 0.426139 0.525122 0.424773 0.522398 0.425250 0.519174 0.428088
5 0.513268 0.418699 0.514383 0.417213 0.516719 0.417213 0.519896 0.417130 0.522344 0.417315 0.524844 0.419319 0.525331 0.418824 0.525435 0.417398 0.526411 0.418454 0.526482 0.420806 0.525953 0.422894 0.522911 0.423537 0.519818 0.425833 0.518773 0.427278 0.515036 0.420440
5 0.545023 0.395907 0.545974 0.392421 0.548997 0.390699 0.553070 0.392162 0.554034 0.392995 0.559445 0.396435 0.564367 0.401241 0.567604 0.406759 0.569047 0.410204 0.568737 0.415023 0.567195 0.416602 0.563883 0.417181 0.558281 0.414611 0.551701 0.409796 0.547036 0.404690 0.545628 0.401792 0.544898 0.399421
5 0.480154 0.325250 0.483742 0.330500 0.488208 0.330870 0.489805 0.329532 0.490599 0.328347 0.489268 0.326699 0.487734 0.325551 0.482302 0.325167
5 0.491771 0.327685 0.494453 0.326292 0.497826 0.322111 0.499544 0.318255 0.500086 0.317398 0.500555 0.316046 0.499505 0.315616 0.499344 0.316264 0.496802 0.316620 0.491237 0.317986 0.485336 0.316787 0.485336 0.319356 0.485336 0.319356 0.484169 0.321102 0.483375 0.319111 0.482956 0.316870 0.482768 0.322097 0.482570 0.323255 0.486641 0.323380 0.490799 0.326125
5 0.502982 0.314597 0.503294 0.321287 0.504026 0.321787 0.503648 0.322963 0.504221 0.324810 0.504740 0.325972 0.504911 0.327472 0.505193 0.329801 0.504792 0.331389 0.504792 0.331389 0.505724 0.343093 0.506250 0.351296 0.506232 0.353773 0.505023 0.354565 0.502482 0.355778 0.495042 0.346218 0.494177 0.345931 0.494177 0.343528 0.493406 0.342731 0.493242 0.340727 0.493568 0.338213 0.492799 0.336708 0.492880 0.335273 0.493727 0.334486 0.494794 0.337241 0.495318 0.341468 0.495198 0.344625 0.495802 0.344694 0.496286 0.340681 0.495682 0.335662 0.494479 0.331944 0.491771 0.327685 0.494453 0.326292 0.497826 0.322111 0.499544 0.318255 0.500086 0.317398 0.500555 0.316046
5 0.546367 0.382102 0.546276 0.379306 0.544674 0.361949 0.544602 0.354801 0.543482 0.343597 0.542594 0.339620 0.540682 0.333644 0.539188 0.330324 0.534615 0.329745 0.533542 0.331819 0.525281 0.333310 0.523924 0.334644 0.523461 0.338787 0.520424 0.345139 0.519797 0.346315 0.519125 0.348134 0.517828 0.349958 0.519112 0.350838 0.519773 0.353134 0.524031 0.354343 0.524151 0.355778 0.522820 0.357639 0.518987 0.361440 0.517690 0.363106 0.520161 0.364602 0.523195 0.365843 0.523010 0.368417 0.525482 0.366171 0.527906 0.366843 0.530008 0.369250 0.530711 0.374306 0.537245 0.382852 0.538268 0.381606
5 0.505859 0.358148 0.504870 0.358694 0.509589 0.362231 0.514711 0.364454 0.516768 0.364310 0.518987 0.361440 0.522820 0.357639 0.524151 0.355778 0.524031 0.354343 0.519773 0.353134 0.519599 0.355986 0.517089 0.355921 0.514370 0.352949 0.514789 0.359889 0.513534 0.361190 0.508932 0.359579
5 0.392734 0.281528 0.409560 0.323657 0.435641 0.387111 0.442391 0.388648 0.456594 0.394120 0.471172 0.399880 0.477221 0.404491 0.475979 0.412745 0.474576 0.412745 0.473927 0.409579 0.471336 0.404968 0.469336 0.403338 0.448385 0.396329 0.437693 0.392296 0.460427 0.445579 0.492719 0.411495 0.515560 0.388551 0.520799 0.383370 0.520852 0.380870 0.516911 0.376361 0.507677 0.364264 0.504870 0.358694 0.495042 0.346218 0.494177 0.345931 0.494177 0.343528 0.487427 0.336134 0.484240 0.331241 0.476734 0.320009 0.471789 0.313171 0.472484 0.310764 0.471159 0.308671 0.470435 0.308782 0.468565 0.308245 0.464422 0.304264 0.461128 0.298889 0.436375 0.308398 0.425628 0.312139 0.424010 0.309644 0.417690 0.293611 0.408177 0.268157 0.407323 0.269727 0.402396 0.273472 0.398268 0.278181 0.397583 0.278741 0.396557 0.278079
5 0.499417 0.273204 0.499089 0.270880 0.498763 0.270046 0.497969 0.260921 0.496336 0.254782 0.495542 0.255778 0.496102 0.258102 0.492508 0.267144 0.491201 0.271292 0.496430 0.271625
5 0.460427 0.445579 0.461885 0.448917 0.463823 0.449250 0.468570 0.448028 0.472570 0.445477 0.475505 0.442144 0.477630 0.437032 0.477943 0.433366 0.477505 0.430481 0.478068 0.430148 0.479005 0.433810 0.478755 0.438032 0.477630 0.441477 0.474570 0.445694 0.469695 0.449917 0.465260 0.450917 0.462573 0.450917 0.465948 0.458139 0.487253 0.442810 0.501060 0.433477 0.507120 0.427481 0.501560 0.415597 0.500310 0.412597 0.500435 0.408708 0.500060 0.407153 0.497750 0.406375 0.492719 0.411495
5 0.480547 0.265556 0.482437 0.262074 0.484495 0.257556 0.485464 0.253611 0.487117 0.246366 0.489417 0.246079 0.491635 0.247944 0.491516 0.252532 0.490182 0.252963 0.489458 0.256981 0.490042 0.260889 0.490000 0.266296 0.488474 0.269194
5 0.469115 0.266028 0.470167 0.264102 0.472174 0.262606 0.480547 0.265556 0.488474 0.269194 0.485943 0.269491 0.484029 0.269491 0.483375 0.271648 0.483234 0.273722 0.481974 0.274639 0.481974 0.278537 0.480576 0.283597 0.480247 0.288741 0.480247 0.292394 0.480482 0.296458 0.477589 0.293801 0.474786 0.292560 0.475177 0.291241 0.473862 0.288361 0.474617 0.279806
5 0.535286 0.417764 0.542133 0.426060 0.554081 0.420667 0.557583 0.419088 0.557862 0.418176 0.559216 0.416764 0.560708 0.417097 0.560570 0.418593 0.561875 0.421662 0.563417 0.420333 0.564630 0.419171 0.565891 0.419338 0.566451 0.420750 0.569531 0.419421 0.569156 0.418259 0.568737 0.415023 0.567195 0.416602 0.563883 0.417181 0.558281 0.414611 0.551701 0.409796 0.547036 0.404690 0.540443 0.410949 0.533786 0.415662 0.534865 0.416833
5 0.435641 0.387111 0.437693 0.392296 0.448385 0.396329 0.469336 0.403338 0.471336 0.404968 0.473927 0.409579 0.473927 0.409579 0.474576 0.412745 0.475979 0.412745 0.477221 0.404491 0.471172 0.399880 0.456693 0.394213 0.442391 0.388648
2 0.467602 0.459741 0.466690 0.460065 0.481375 0.495713 0.492716 0.553681 0.504766 0.614894 0.503956 0.615611 0.503755 0.616694 0.504159 0.617412 0.506589 0.617412 0.520362 0.626597 0.520667 0.623894 0.521070 0.618134 0.543857 0.626597 0.545070 0.626773 0.546286 0.605352 0.577477 0.576727 0.576768 0.574565 0.575755 0.569704 0.575958 0.565204 0.577273 0.562505 0.578794 0.561782 0.580719 0.562505 0.582135 0.564843 0.582542 0.569704 0.582542 0.573306 0.584060 0.578889 0.585375 0.581949 0.590339 0.583028 0.591352 0.582667 0.593984 0.580866 0.598643 0.578889 0.599453 0.577806 0.600971 0.576366 0.602490 0.574565 0.603706 0.572764 0.604617 0.570968 0.603909 0.567546 0.602187 0.565926 0.601375 0.562505 0.602086 0.559625 0.599857 0.529380 0.596719 0.505972 0.591047 0.467088 0.586591 0.438102 0.584362 0.423880 0.581427 0.418301 0.581729 0.417037 0.581326 0.415236 0.580617 0.413616 0.571641 0.418472 0.569531 0.419421 0.566451 0.420750 0.565891 0.419338 0.564630 0.419171 0.563417 0.420333 0.561875 0.421662 0.560570 0.418593 0.560708 0.417097 0.559216 0.416764 0.557862 0.418176 0.557583 0.419088 0.554081 0.420667 0.542133 0.426060 0.535440 0.428676 0.534844 0.429120 0.533620 0.429769 0.528438 0.431991 0.518711 0.436704 0.512701 0.439111 0.509354 0.440657 0.506451 0.442125 0.505391 0.442731 0.497919 0.446278 0.492589 0.448551
5 0.470073 0.306556 0.471193 0.305227 0.472734 0.303472 0.475721 0.303653 0.475729 0.307315 0.477961 0.317838 0.479547 0.322403 0.481182 0.323148 0.481435 0.320065 0.482120 0.318560 0.482320 0.316907 0.482000 0.310958 0.482482 0.310097 0.482805 0.310097 0.483128 0.315259 0.483815 0.315046 0.485336 0.316787 0.485336 0.319356 0.484169 0.321102 0.483375 0.319111 0.482956 0.316870 0.482768 0.322097 0.482302 0.325167 0.480154 0.325250 0.476734 0.320009 0.471789 0.313171 0.472484 0.310764 0.471159 0.308671
5 0.484419 0.307227 0.483815 0.315046 0.485336 0.316787 0.491237 0.317986 0.496802 0.316620 0.499344 0.316264 0.499505 0.315616 0.500555 0.316046 0.504104 0.313898 0.506727 0.308231 0.507612 0.306940 0.508703 0.310241 0.511646 0.321139 0.512615 0.320134 0.512211 0.308588 0.511484 0.304361 0.510154 0.303569 0.508542 0.302352 0.508258 0.299699 0.506927 0.299051 0.506039 0.300343 0.504992 0.303426 0.499383 0.306509 0.500190 0.308875 0.498820 0.310454 0.495714 0.310167 0.493656 0.310958 0.491799 0.311102 0.490065 0.313037 0.486112 0.309810
5 0.537776 0.390144 0.538323 0.388199 0.538323 0.386394 0.539078 0.383616 0.541240 0.384681 0.544271 0.385185 0.541734 0.393292
9 0.460016 0.374468 0.458961 0.373773 0.458990 0.371630 0.459081 0.370292 0.459773 0.369542 0.461130 0.369648 0.461703 0.371255 0.461552 0.372810 0.461492 0.374042 0.460378 0.373880
9 0.458990 0.371630 0.458620 0.370565 0.457596 0.370190 0.457656 0.368421 0.458169 0.366759 0.459042 0.367241 0.460096 0.368208 0.460128 0.369546 0.459773 0.369542 0.459081 0.370292
9 0.455052 0.363796 0.455586 0.361454 0.456701 0.360861 0.457604 0.362148 0.457544 0.363273 0.456310 0.363273 0.456008 0.364079
9 0.451208 0.363792 0.450943 0.361986 0.450523 0.360694 0.450862 0.359718 0.452633 0.359718 0.453026 0.360134 0.453492 0.361713 0.453182 0.363792 0.452242 0.364259
9 0.452633 0.359718 0.452474 0.357454 0.453229 0.356713 0.454062 0.356759 0.454714 0.357593 0.455130 0.359120 0.455052 0.359907 0.454036 0.360880 0.453492 0.361713 0.453026 0.360134
9 0.454714 0.357593 0.454792 0.356111 0.455599 0.355648 0.456823 0.356620 0.457422 0.357454 0.456701 0.360861 0.455833 0.360926 0.454557 0.360324 0.455052 0.359907 0.455130 0.359120
9 0.455143 0.355884 0.455091 0.354449 0.455430 0.352227 0.456706 0.351856 0.457617 0.353014 0.457669 0.354866 0.457539 0.355884 0.456823 0.356620 0.455599 0.355648
9 0.470815 0.377917 0.470763 0.376620 0.471518 0.376111 0.472924 0.376157 0.473341 0.377407 0.473107 0.379861 0.472768 0.380880 0.471440 0.380833 0.470919 0.379537
5 0.489388 0.338315 0.490518 0.336880 0.491326 0.333940 0.490922 0.331069 0.483742 0.330500 0.484240 0.331241 0.487427 0.336134
9 0.470685 0.374676 0.470581 0.373148 0.471049 0.371991 0.472820 0.371991 0.472951 0.373657 0.472924 0.376157 0.471518 0.376111 0.470763 0.376620
9 0.469792 0.374954 0.468646 0.375278 0.468237 0.376389 0.468159 0.377778 0.467612 0.377824 0.467664 0.379444 0.468445 0.379352 0.468784 0.379861 0.469826 0.379722 0.470398 0.378704 0.470815 0.377917 0.470763 0.376620 0.470372 0.375509
9 0.435990 0.332551 0.435375 0.332042 0.434466 0.332245 0.433669 0.333463 0.433643 0.335079 0.434013 0.336954 0.435836 0.337005 0.436461 0.335431 0.436430 0.333259
9 0.438909 0.324449 0.438125 0.322454 0.438398 0.319843 0.439307 0.319690 0.440818 0.320296 0.440904 0.322269 0.440419 0.323741 0.439906 0.324500
9 0.441503 0.321713 0.441216 0.319843 0.441729 0.318370 0.443240 0.318273 0.443865 0.320296 0.443695 0.321866 0.443211 0.323282 0.441729 0.322727
9 0.431898 0.326505 0.432552 0.324935 0.433122 0.324324 0.434234 0.325134 0.434633 0.327366 0.434518 0.328579 0.433891 0.329593 0.432411 0.329037 0.431698 0.327870
9 0.429734 0.324125 0.430646 0.323519 0.431841 0.322403 0.432526 0.323981 0.432552 0.324935 0.431898 0.326505 0.431698 0.327870 0.430815 0.327213 0.430018 0.326250
9 0.429734 0.324125 0.429281 0.323444 0.428596 0.322685 0.428740 0.321773 0.429651 0.321421 0.430135 0.320306 0.431273 0.319903 0.431815 0.320861 0.432102 0.321523 0.431841 0.322403 0.430646 0.323519
9 0.422974 0.320662 0.421802 0.319736 0.421753 0.317421 0.422349 0.316171 0.423495 0.315708 0.424331 0.317236 0.424357 0.319042 0.424096 0.320106
9 0.424349 0.316389 0.424563 0.313718 0.425318 0.313116 0.426516 0.313255 0.426935 0.314042 0.427065 0.316356 0.426646 0.317468 0.424927 0.317606
9 0.427221 0.313810 0.427375 0.312329 0.427977 0.311773 0.428964 0.311727 0.429641 0.312653 0.429589 0.314088 0.429174 0.315755 0.427948 0.315755 0.427326 0.314829
2 0.552370 0.391889 0.551768 0.390657 0.550411 0.389551 0.546297 0.385750 0.546297 0.385750 0.545852 0.384315 0.546781 0.383310 0.546367 0.382102 0.538268 0.381606 0.537245 0.382852 0.538521 0.385662 0.539078 0.383616 0.541240 0.384681 0.544271 0.385185 0.543404 0.387861 0.541734 0.393292 0.542443 0.393833 0.545023 0.395907 0.545974 0.392421 0.548997 0.390699
2 0.569047 0.410204 0.570391 0.412963 0.571354 0.416065 0.571641 0.418472 0.569531 0.419421 0.569156 0.418259 0.568737 0.415023
2 0.534844 0.429120 0.535440 0.428676 0.535023 0.427500 0.533036 0.423532 0.532349 0.423773 0.528029 0.420301 0.526411 0.418454 0.526482 0.420806 0.525953 0.422894 0.528568 0.423380 0.528568 0.423380 0.531885 0.425639
2 0.522057 0.429241 0.522651 0.430792 0.525612 0.432343 0.528438 0.431991 0.533620 0.429769 0.530990 0.427130 0.528789 0.425681 0.525802 0.424713 0.525122 0.424773 0.524948 0.426139 0.523411 0.428102
2 0.512674 0.418144 0.513268 0.418699 0.514383 0.417213 0.516719 0.417213 0.519896 0.417130 0.522344 0.417315 0.524844 0.419319 0.525331 0.418824 0.525435 0.417398 0.523180 0.414847 0.522820 0.416532 0.520706 0.414972 0.519870 0.414597 0.517346 0.414856 0.517346 0.414856 0.513862 0.415787
2 0.493125 0.438843 0.495034 0.440306 0.493255 0.443843 0.492201 0.444755 0.490513 0.444213 0.488646 0.443630 0.487953 0.442343
2 0.529323 0.375139 0.530286 0.376204 0.532823 0.380657 0.533510 0.383671 0.534195 0.387042 0.527247 0.380662 0.527247 0.380662 0.526237 0.381657 0.524664 0.381593 0.524542 0.380583 0.520831 0.381514 0.520852 0.380870 0.520852 0.380870 0.516911 0.376361 0.520432 0.377769 0.522299 0.377769 0.524141 0.376991 0.526432 0.378380 0.527891 0.378333 0.527727 0.377199 0.526042 0.376019 0.528320 0.375282
9 0.445297 0.323375 0.445253 0.321963 0.445518 0.320319 0.447503 0.320319 0.447724 0.321963 0.447680 0.323611 0.447063 0.324630 0.445781 0.324398
2 0.511646 0.321139 0.515104 0.336574 0.515312 0.338009 0.516911 0.344106 0.518531 0.345639 0.519125 0.348134 0.517828 0.349958 0.516846 0.349106 0.512453 0.342847 0.508409 0.337204 0.504792 0.331389 0.505193 0.329801 0.504911 0.327472 0.506693 0.329491 0.509062 0.332639 0.510419 0.333361 0.511815 0.334602 0.512164 0.333301 0.511990 0.332125 0.510070 0.331690 0.508536 0.329208 0.505677 0.326157 0.504740 0.325972 0.504221 0.324810 0.503677 0.322963 0.504026 0.321787 0.503294 0.321287 0.502982 0.314597 0.504104 0.313898 0.506727 0.308231 0.507612 0.306940 0.508703 0.310241
9 0.478068 0.430148 0.479141 0.429213 0.480391 0.429306 0.481328 0.430648 0.481276 0.433426 0.480286 0.433102 0.479005 0.433810
9 0.479005 0.433810 0.480286 0.433102 0.481276 0.433426 0.481901 0.434769 0.481823 0.437037 0.480990 0.438241 0.479948 0.438194 0.479219 0.436759 0.478880 0.435787
9 0.465128 0.442861 0.465312 0.441620 0.465339 0.440417 0.466458 0.439213 0.467917 0.439954 0.468203 0.442083 0.467576 0.442907
9 0.466482 0.442815 0.465128 0.442861 0.464609 0.444167 0.464711 0.446056 0.465336 0.447491 0.466716 0.447352 0.467706 0.446380 0.467576 0.442907
9 0.471195 0.436333 0.471456 0.437028 0.472341 0.438231 0.473148 0.438185 0.473773 0.436843 0.474034 0.435454 0.473826 0.434296 0.473070 0.433278 0.472237 0.433093 0.471299 0.434111
9 0.487667 0.361134 0.488391 0.360708 0.488391 0.360708 0.489896 0.361565 0.490227 0.362634 0.490107 0.365315 0.489234 0.364134 0.487786 0.363815 0.487906 0.362102
9 0.485260 0.425185 0.486742 0.424991 0.487419 0.424667 0.487862 0.426056 0.487602 0.427491 0.486846 0.428046 0.485857 0.427954 0.485102 0.427537 0.484919 0.426426
9 0.431831 0.367162 0.431747 0.364940 0.432234 0.364153 0.433198 0.363648 0.434091 0.364653 0.434372 0.366014 0.434005 0.368454 0.432396 0.368671
9 0.434091 0.364653 0.434763 0.363662 0.435651 0.363593 0.436620 0.365241 0.436539 0.367250 0.435974 0.368398 0.434724 0.368255 0.434120 0.367463 0.434372 0.366014
9 0.441714 0.366468 0.441740 0.364940 0.442573 0.363551 0.444057 0.363551 0.444630 0.364708 0.444604 0.367255 0.443875 0.368736 0.442599 0.368921
9 0.437885 0.356282 0.437807 0.352995 0.438328 0.352486 0.439995 0.352671 0.440854 0.353597 0.441115 0.355588 0.440125 0.357208 0.438068 0.357162
9 0.422237 0.351884 0.421430 0.351005 0.421247 0.348968 0.421820 0.347440 0.423148 0.347394 0.424063 0.348194 0.424138 0.350495 0.423802 0.351574
9 0.425198 0.362528 0.424836 0.360495 0.425591 0.359745 0.426344 0.359528 0.427219 0.360333 0.427398 0.362745 0.426284 0.362852
5 0.297013 0.203889 0.288721 0.187306 0.294810 0.183389 0.308674 0.177398 0.311911 0.175097 0.316057 0.171644 0.321370 0.171644 0.331484 0.192037 0.343005 0.212407 0.357388 0.241662 0.371185 0.271329 0.373984 0.280079 0.374555 0.283259 0.376224 0.285444 0.376458 0.288046 0.372870 0.284847 0.369734 0.282472 0.366146 0.278491 0.361979 0.280648 0.359266 0.284731 0.335143 0.254995 0.306938 0.217222
5 0.357547 0.158755 0.356435 0.154731 0.355596 0.153046 0.355523 0.149398 0.359219 0.149204 0.362883 0.148806 0.362883 0.147792 0.358784 0.143718 0.358755 0.142060 0.361227 0.140282 0.364388 0.132481 0.363685 0.130005 0.362427 0.128514 0.362516 0.125519 0.365508 0.125852 0.372786 0.132907 0.378664 0.138218 0.384917 0.144190 0.389536 0.148009 0.395753 0.153481 0.403409 0.161954 0.415229 0.173750 0.423760 0.180292 0.433701 0.189894 0.442901 0.199713 0.447419 0.204171 0.447044 0.206278 0.448794 0.213167 0.449609 0.219051 0.456609 0.225056 0.455227 0.227278 0.454115 0.228287 0.453177 0.229907 0.451172 0.228051 0.449734 0.227046 0.447943 0.231296 0.446706 0.239412 0.439331 0.231185 0.439766 0.240181 0.440266 0.249509 0.434219 0.242505 0.424984 0.232806 0.411701 0.218213 0.396148 0.201894 0.379083 0.182597 0.362451 0.164551
5 0.384917 0.144190 0.377315 0.135782 0.371388 0.129644 0.368401 0.126907 0.368401 0.125662 0.370081 0.123171 0.374234 0.120435 0.375401 0.119190 0.376521 0.112801 0.377409 0.110560 0.381047 0.102597 0.383055 0.102264 0.383570 0.102500 0.384411 0.103250 0.410234 0.129417 0.441930 0.159255 0.468906 0.185454 0.466456 0.189551 0.466456 0.189551 0.465057 0.192620 0.463003 0.198014 0.461883 0.200171 0.461229 0.200088 0.460622 0.199009 0.459596 0.200333 0.460016 0.202412 0.458661 0.206560 0.456328 0.208051 0.456281 0.209546 0.454010 0.212546 0.447419 0.204171 0.442901 0.199713 0.433701 0.189894 0.423760 0.180292 0.415229 0.173750 0.403409 0.161954 0.395753 0.153481 0.389536 0.148009
5 0.464870 0.234852 0.462633 0.232213 0.459487 0.232356 0.457607 0.233384 0.456609 0.233602 0.453638 0.235727 0.452146 0.237019 0.450979 0.238903 0.451461 0.240102 0.462190 0.251861 0.474815 0.265917 0.494823 0.288435 0.498818 0.293671 0.507609 0.302417 0.525440 0.323931 0.533424 0.333111 0.534596 0.334616 0.535724 0.338417 0.535951 0.339593 0.531870 0.341514 0.530984 0.342181 0.531474 0.344005 0.539958 0.353324 0.541630 0.352431 0.541044 0.350500 0.541044 0.345296 0.543135 0.343958 0.546984 0.349014 0.548823 0.347676 0.548992 0.343065 0.552003 0.347676 0.554094 0.347227 0.554010 0.342917 0.556518 0.331167 0.559279 0.325815 0.562307 0.327806 0.563315 0.327157 0.562786 0.326019 0.559375 0.322639 0.557318 0.320694 0.553078 0.316412 0.551865 0.314755 0.550130 0.314398 0.547383 0.311681 0.544583 0.314171 0.542344 0.311602 0.540198 0.310602 0.538469 0.311185 0.536695 0.311269 0.514576 0.287454 0.489557 0.260986
5 0.451461 0.240102 0.449839 0.242657 0.446706 0.239412 0.439331 0.231185 0.439766 0.240181 0.440266 0.249509 0.440211 0.252102 0.437727 0.253926 0.434974 0.255463 0.433948 0.257000 0.436797 0.259120 0.445964 0.269815 0.464237 0.290875 0.480622 0.308231 0.488049 0.313931 0.500633 0.331287 0.511859 0.346162 0.517961 0.354032 0.521133 0.351491 0.526328 0.345542 0.531870 0.341514 0.535951 0.339593 0.535724 0.338417 0.534596 0.334616 0.533424 0.333111 0.525440 0.323931 0.507609 0.302417 0.498818 0.293671 0.494823 0.288435 0.474815 0.265917 0.462190 0.251861
