0 0.455768 0.148440 0.449745 0.151417 0.446984 0.152009 0.445563 0.153495 0.443807 0.152009 0.435526 0.154981 0.426677 0.158194 0.421875 0.162134 0.419500 0.167222 0.413034 0.183398 0.411203 0.196023 0.410333 0.201185 0.412656 0.210477 0.418453 0.227236 0.415544 0.241065 0.415464 0.262481 0.416956 0.272000 0.420440 0.280829 0.423563 0.285634 0.425479 0.287963 0.427299 0.286394 0.429680 0.281407 0.434487 0.272898 0.438810 0.263194 0.441456 0.258981 0.441232 0.249546 0.441138 0.236852 0.443919 0.234347 0.447404 0.229125 0.454680 0.222731 0.457690 0.215741 0.461539 0.217528 0.469818 0.221690 0.470297 0.244426 0.470578 0.250653 0.470313 0.255074 0.468052 0.258875 0.463185 0.266463 0.462036 0.269014 0.461635 0.273750 0.461430 0.283069 0.464240 0.299995 0.469206 0.315542 0.473792 0.319028 0.480984 0.317986 0.484263 0.314148 0.487693 0.307458 0.492461 0.297940 0.494971 0.290657 0.496141 0.281435 0.496995 0.268588 0.488036 0.257435 0.486531 0.219875 0.489667 0.214106 0.494367 0.219088 0.499854 0.224264 0.504221 0.230625 0.508026 0.235398 0.509148 0.243773 0.510268 0.254907 0.517354 0.272722 0.516708 0.276319 0.512367 0.287505 0.514753 0.289301 0.519669 0.286731 0.523065 0.281199 0.526245 0.272722 0.531013 0.255130 0.531112 0.241556 0.527724 0.227264 0.522406 0.214537 0.519635 0.208991 0.520867 0.203028 0.519193 0.196856 0.519745 0.190477 0.519302 0.177347 0.506948 0.156245 0.495380 0.151815 0.488997 0.160755
14 0.496284 0.402301 0.499674 0.409185 0.502781 0.407394 0.505161 0.407681 0.511711 0.415898 0.535237 0.452380 0.536250 0.457389 0.535964 0.463042 0.535383 0.468185 0.532417 0.475384 0.530682 0.477440 0.524539 0.475384 0.522349 0.468681 0.518609 0.469727 0.514854 0.466384 0.503576 0.457134 0.493846 0.430356 0.494615 0.412269 0.494693 0.403773
2 0.407721 0.304884 0.395625 0.330741 0.398940 0.336259 0.408742 0.317764 0.409997 0.306759
5 0.377854 0.311829 0.375604 0.317403 0.376206 0.318884 0.379089 0.316157 0.384807 0.320167 0.386224 0.321713 0.387341 0.317139 0.387966 0.310694 0.385240 0.307273 0.379453 0.308102
9 0.460479 0.408181 0.457677 0.407931 0.455625 0.410750 0.453852 0.414403 0.453664 0.419963 0.454177 0.423944 0.454878 0.426185 0.456185 0.429255 0.458331 0.431907 0.462719 0.431245 0.465286 0.430167 0.466266 0.425519 0.466966 0.421787
7 0.598753 0.763440 0.586919 0.761116 0.585227 0.768995 0.592602 0.772148 0.595615 0.766810
5 0.376206 0.318884 0.379089 0.316157 0.384807 0.320167 0.388930 0.324282 0.391492 0.328019 0.392497 0.328315 0.394646 0.332625 0.386760 0.347218
1 0.452591 0.454792 0.461435 0.466949 0.458706 0.465745 0.452078 0.456037
1 0.465130 0.470917 0.466227 0.472176 0.470810 0.479028 0.472930 0.482259 0.475802 0.485676 0.475672 0.487199 0.465776 0.474468 0.465977 0.473569
1 0.491422 0.506806 0.506682 0.524065 0.506404 0.525806 0.491516 0.508301
1 0.515294 0.543505 0.501526 0.531639 0.500638 0.531310 0.499424 0.532056 0.496253 0.538361 0.491211 0.550639 0.491818 0.551472 0.498586 0.537116 0.500266 0.533384 0.501013 0.533384 0.511867 0.543130 0.515435 0.546407
1 0.473266 0.446699 0.469919 0.438310 0.468385 0.437162 0.467378 0.438023 0.466451 0.441032 0.468427 0.444046 0.476323 0.457421 0.475201 0.452528
2 0.508263 0.516704 0.514596 0.518708 0.514333 0.532028 0.514396 0.534130 0.513891 0.538065 0.505771 0.532838
8 0.526607 0.594370 0.516469 0.626546 0.510664 0.642204 0.507922 0.638847 0.511919 0.626560 0.521602 0.593602
9 0.558117 0.505417 0.557693 0.501556 0.556063 0.501903 0.554281 0.505551 0.552732 0.509894 0.553701 0.513338 0.556336 0.515060 0.558352 0.514236 0.559086 0.513199
9 0.565995 0.490611 0.566622 0.485431 0.566086 0.483519 0.565279 0.483838 0.563844 0.484875 0.562992 0.488620 0.563305 0.492528
9 0.559013 0.491861 0.553544 0.492741 0.552424 0.494639 0.552867 0.497370 0.560367 0.495472
9 0.551570 0.499949 0.555547 0.499681 0.555638 0.502630 0.554974 0.503486 0.551539 0.503806
2 0.526875 0.531532 0.535122 0.531310 0.535060 0.536866 0.526687 0.536421
2 0.526464 0.530440 0.525419 0.540356 0.523151 0.539861 0.522805 0.533042 0.523885 0.529079
2 0.515297 0.520171 0.529878 0.522856 0.532740 0.523051 0.533820 0.524875 0.533495 0.528523 0.531714 0.529769 0.528148 0.528236 0.515081 0.525356
2 0.594891 0.549116 0.598602 0.555713 0.604120 0.569208 0.614703 0.598995 0.612557 0.599579 0.602615 0.572694 0.598805 0.561662 0.593859 0.552620
9 0.593875 0.560514 0.592656 0.563181 0.589935 0.564481 0.592724 0.571731 0.594190 0.569625 0.594049 0.565407 0.594885 0.563986 0.594818 0.561380
9 0.594609 0.571704 0.591823 0.573370 0.592708 0.575731 0.593516 0.575593 0.593906 0.573926 0.594844 0.572861
9 0.465193 0.377829 0.465471 0.381481 0.468552 0.380981 0.468458 0.377167
9 0.450117 0.375074 0.451448 0.373713 0.453628 0.374500 0.453211 0.382704 0.452607 0.385144 0.451214 0.382009 0.451578 0.377347
2 0.395716 0.343444 0.397109 0.343819 0.396482 0.353301 0.393555 0.355037 0.394253 0.349458
2 0.400161 0.352657 0.397919 0.351741 0.393206 0.356556 0.393021 0.357718 0.398107 0.360954 0.400255 0.362116
2 0.432763 0.327097 0.426716 0.334486 0.422990 0.341880 0.424016 0.344375 0.426932 0.342935 0.432188 0.339352 0.432185 0.344106 0.432521 0.345296 0.434193 0.346935 0.436703 0.347676 0.437622 0.346338 0.437956 0.343958 0.437203 0.340542 0.433690 0.329088
2 0.425581 0.326329 0.422557 0.332185 0.421315 0.341495 0.423151 0.340245 0.426284 0.334199 0.427687 0.328921 0.427687 0.326519
9 0.441323 0.348676 0.443052 0.344259 0.446182 0.346370 0.447586 0.348389 0.448776 0.354819 0.447154 0.357412
2 0.434352 0.360264 0.433271 0.363528 0.436133 0.368519 0.439914 0.367944 0.443909 0.362185 0.444234 0.359495 0.441479 0.359014
2 0.417146 0.360208 0.417708 0.359722 0.418802 0.360324 0.418620 0.361250 0.419818 0.361435 0.420052 0.361157 0.422682 0.360231 0.424036 0.359861 0.424036 0.364861 0.422708 0.368102 0.422563 0.368088
9 0.439307 0.415042 0.432495 0.421014 0.431701 0.424000 0.433615 0.433130 0.437008 0.433685 0.438141 0.430227 0.440896 0.427153 0.445190 0.434292 0.446682 0.430972 0.445190 0.423171 0.442763 0.416866
2 0.457737 0.407481 0.446766 0.411639 0.446258 0.424454 0.447831 0.425028 0.452461 0.421981 0.453984 0.421806 0.453664 0.419963 0.453852 0.414403 0.455625 0.410750
16 0.453695 0.422245 0.452461 0.421981 0.450565 0.424926 0.453846 0.427977 0.454878 0.426185 0.454177 0.423944
5 0.527664 0.360912 0.528852 0.362801 0.529661 0.365907 0.529349 0.369685 0.529224 0.372574 0.530661 0.377574 0.533302 0.384949 0.525271 0.375505 0.526253 0.371995
9 0.460966 0.446375 0.459872 0.447255 0.459508 0.450588 0.459872 0.454431 0.461591 0.455125 0.462320 0.449616
2 0.463820 0.461366 0.461021 0.463769 0.463586 0.468083 0.471474 0.471403 0.472687 0.467755 0.474320 0.469829 0.476888 0.467833 0.475974 0.463579 0.467586 0.461894
2 0.456737 0.454435 0.456737 0.459597 0.467586 0.461894 0.475974 0.463579 0.473391 0.457843
5 0.477188 0.454773 0.477607 0.446611 0.477440 0.440810 0.477021 0.433676 0.479195 0.441241 0.486305 0.451949 0.488982 0.455384 0.487411 0.505875 0.486109 0.505875 0.485219 0.498935 0.480695 0.468333
1 0.452195 0.463296 0.461435 0.466949 0.474643 0.472588 0.474737 0.475824 0.465130 0.470917 0.462427 0.469912 0.459435 0.468583 0.452427 0.465120
1 0.453062 0.476259 0.454599 0.474593 0.455378 0.474361 0.456039 0.474361 0.457177 0.474685 0.458844 0.473528 0.459182 0.474037 0.457568 0.475565 0.455927 0.475565 0.454833 0.475287 0.453688 0.476815
9 0.496354 0.495194 0.493854 0.495676 0.492258 0.499745 0.493315 0.501616 0.494430 0.501722 0.496562 0.497083
2 0.499141 0.491389 0.492258 0.506491 0.495245 0.509398 0.500154 0.494227
5 0.549164 0.481972 0.550404 0.479014 0.553951 0.475111 0.558245 0.473370 0.559862 0.480245 0.559862 0.480245 0.564289 0.473241 0.564818 0.479060 0.558133 0.489722 0.557195 0.490722 0.550698 0.491722 0.551010 0.488722 0.551766 0.484125 0.550870 0.482449
5 0.555513 0.467194 0.548495 0.471208 0.544128 0.475412 0.545068 0.478495 0.545719 0.479523 0.545284 0.480426 0.545706 0.481310 0.546008 0.481454 0.547526 0.481069 0.549164 0.481972 0.550404 0.479014 0.553951 0.475111 0.557531 0.473074 0.557208 0.468773
2 0.542359 0.429079 0.541922 0.430523 0.536672 0.432968 0.547818 0.451236 0.549294 0.452361 0.550500 0.454454 0.551164 0.457130 0.556141 0.463468 0.555943 0.461509 0.554018 0.449028
1 0.533807 0.434523 0.533948 0.450204 0.535862 0.452528 0.535674 0.436597
2 0.490570 0.394856 0.471060 0.392551 0.470737 0.395991 0.490383 0.398144
2 0.487307 0.352458 0.460938 0.337255 0.460169 0.339736 0.486807 0.355125
9 0.489909 0.342440 0.487773 0.340773 0.485039 0.340542 0.482513 0.340819 0.482721 0.343690 0.484701 0.345356 0.487409 0.345727 0.489674 0.345079
9 0.550604 0.792102 0.552628 0.791458 0.556242 0.792361 0.559279 0.795958 0.560146 0.799556 0.560940 0.805468 0.560146 0.811125 0.558266 0.814208 0.555953 0.816005
2 0.585227 0.768995 0.579206 0.782190 0.585693 0.792727 0.588589 0.787250 0.590081 0.779454 0.592602 0.772148
9 0.586172 0.631509 0.587656 0.627944 0.589401 0.629657 0.591094 0.629889 0.589115 0.637157 0.587708 0.636648 0.588750 0.633500
2 0.554214 0.764764 0.553922 0.758190 0.558302 0.757153 0.562940 0.756782 0.566768 0.758708 0.566281 0.764593 0.565516 0.777523 0.556779 0.770509 0.554760 0.768204 0.554297 0.766829
13 0.408742 0.317764 0.410583 0.323713 0.415099 0.327130 0.419867 0.329213 0.425581 0.326329 0.430573 0.322819 0.432581 0.315829 0.432581 0.309287 0.431076 0.301704 0.425721 0.299921 0.423547 0.299921 0.409997 0.306759
8 0.548268 0.482769 0.549164 0.481972 0.550870 0.482449 0.551766 0.484125 0.549745 0.496259 0.544115 0.519116 0.535589 0.553194 0.531977 0.549935 0.534138 0.540213 0.545268 0.496472
1 0.489417 0.442606 0.490323 0.438778 0.489878 0.417481 0.493130 0.377741 0.492036 0.377190 0.490237 0.400227 0.489490 0.409634 0.488740 0.416741 0.488826 0.440875
7 0.525182 0.550838 0.525391 0.555079 0.529544 0.559810 0.526159 0.576769 0.521714 0.576338 0.521893 0.581782 0.524070 0.581319 0.523286 0.582597 0.521781 0.584458 0.520867 0.586551 0.520734 0.587130 0.519602 0.586958 0.518578 0.587829 0.517076 0.588875 0.515635 0.589690 0.513674 0.590968 0.512201 0.593551 0.509523 0.591319 0.506010 0.578532 0.506706 0.576958 0.513477 0.570338 0.519271 0.557782 0.522664 0.553532 0.524341 0.551972
1 0.640698 0.655444 0.649255 0.675065 0.651057 0.673662 0.642612 0.654245
9 0.538331 0.630861 0.526734 0.643111 0.526203 0.644458 0.523276 0.645106 0.521437 0.645532 0.521969 0.643384 0.523557 0.641903 0.536115 0.629125 0.536172 0.630088
5 0.564552 0.558565 0.561151 0.560866 0.553049 0.567491 0.566872 0.601486 0.571815 0.609227 0.579445 0.620630 0.581904 0.623856 0.585859 0.624611 0.586875 0.621144
5 0.496281 0.346056 0.508297 0.359843 0.525271 0.375505 0.533302 0.384949 0.543536 0.399921 0.543042 0.416667 0.544333 0.426704 0.542359 0.429079 0.541922 0.430523 0.536672 0.432968 0.533807 0.434523 0.531099 0.432625 0.528250 0.433088 0.523068 0.430782 0.511711 0.415898 0.505161 0.407681 0.502781 0.407394 0.494953 0.400148
6 0.543042 0.416667 0.548849 0.422403 0.549214 0.427208 0.548044 0.429074 0.544333 0.426704
5 0.547372 0.544579 0.535589 0.553194 0.541063 0.559204 0.540120 0.560755 0.534299 0.555426 0.533646 0.559602 0.547685 0.584116 0.552560 0.593106 0.556120 0.593889 0.560930 0.587227 0.553049 0.567491 0.558047 0.561991
1 0.548513 0.545181 0.557190 0.550449 0.565859 0.556343 0.585208 0.569259 0.584896 0.570694 0.548810 0.547264
2 0.394646 0.332625 0.386760 0.347218 0.389786 0.353935 0.395716 0.343444 0.398102 0.338866 0.395279 0.334139
1 0.469206 0.315542 0.436424 0.321880 0.436372 0.323227 0.445529 0.322241 0.448206 0.321792 0.469422 0.317083
2 0.462477 0.320231 0.470591 0.338329 0.471544 0.341759 0.473654 0.343588 0.474518 0.339745 0.465065 0.320926
9 0.466076 0.334815 0.470591 0.338329 0.470109 0.341486 0.465187 0.338616
9 0.462052 0.327000 0.461852 0.328866 0.465039 0.329727 0.465281 0.328218
2 0.448206 0.321792 0.464432 0.348412 0.463094 0.350940 0.445529 0.322241
2 0.392393 0.361204 0.394878 0.366963 0.403734 0.369074 0.403951 0.363125
2 0.417891 0.363843 0.419404 0.371782 0.421539 0.372292 0.421773 0.372014 0.421513 0.369509
2 0.404487 0.355088 0.404768 0.358569 0.403880 0.365708 0.409247 0.365870 0.409013 0.358324 0.407427 0.355917
1 0.399956 0.380569 0.405219 0.379463 0.412471 0.376551 0.416969 0.373944 0.417247 0.376486 0.410831 0.379338 0.407974 0.380704 0.400656 0.381384
2 0.400656 0.381384 0.409943 0.381958 0.414589 0.382343 0.416315 0.384361 0.416747 0.389352 0.416641 0.396069 0.415992 0.399333 0.414589 0.401449 0.408216 0.401639 0.406432 0.397704 0.413885 0.397894 0.415667 0.395014 0.415018 0.388102 0.413076 0.387528 0.408107 0.386759 0.402167 0.385606
9 0.454753 0.395454 0.454893 0.392796 0.455966 0.393046 0.457880 0.393875 0.458299 0.395866 0.459466 0.398023 0.459885 0.400014 0.459839 0.402838 0.458490 0.401157
2 0.445576 0.381514 0.445003 0.380574 0.444641 0.377278 0.448391 0.372255 0.451578 0.377347 0.451214 0.382009 0.454966 0.390903 0.454286 0.394870 0.448521 0.388255 0.445104 0.385264
9 0.571271 0.577116 0.572469 0.577116 0.573432 0.577949 0.573797 0.579523 0.573693 0.580819 0.572911 0.581560
9 0.570539 0.572514 0.574654 0.570579 0.575419 0.573301 0.574734 0.575384 0.571750 0.575671 0.570458 0.574667
5 0.569471 0.547481 0.568188 0.543699 0.570875 0.530162 0.578599 0.515431 0.583638 0.516227 0.586214 0.518815 0.589125 0.532153 0.588565 0.544894 0.588901 0.553653 0.577768 0.554051 0.576164 0.551569
9 0.442474 0.384366 0.442891 0.383000 0.443763 0.380648 0.445576 0.381514 0.445104 0.385264
9 0.441773 0.386699 0.441320 0.388435 0.445190 0.389926 0.445328 0.388065
2 0.431036 0.381796 0.429292 0.385171 0.436573 0.394963 0.440214 0.390065 0.439466 0.386250 0.435781 0.384907
9 0.448271 0.403523 0.447773 0.411060 0.449594 0.410227 0.450286 0.403954
2 0.445563 0.387944 0.445768 0.393912 0.447060 0.400653 0.448271 0.403523 0.450286 0.403954 0.452909 0.401801 0.454039 0.400440 0.453875 0.397069 0.448784 0.390403
2 0.427628 0.399250 0.424779 0.402736 0.432573 0.420162 0.435747 0.415597
5 0.492779 0.461431 0.497370 0.466995 0.497477 0.468343 0.499190 0.473394 0.501359 0.480593 0.500854 0.480847 0.500492 0.480847 0.500237 0.489917 0.497573 0.482102 0.496589 0.479176 0.494440 0.471565 0.493742 0.472495 0.495932 0.482171 0.495932 0.482171 0.495932 0.482171 0.499120 0.491389 0.498995 0.491653 0.491818 0.494856 0.492107 0.484963
2 0.567206 0.547667 0.569471 0.547481 0.576164 0.551569 0.577768 0.554051 0.578326 0.557829 0.578326 0.559440 0.576995 0.561014 0.572156 0.557875 0.565094 0.552644 0.564768 0.551833 0.565635 0.549773
9 0.595719 0.564213 0.598531 0.563935 0.599000 0.565787 0.600615 0.566944 0.600930 0.568565 0.598586 0.568750 0.594732 0.568380 0.594807 0.565880
9 0.602078 0.608630 0.602078 0.613773 0.603820 0.613463 0.603719 0.608630
2 0.520719 0.540903 0.518044 0.542278 0.516185 0.545792 0.510523 0.554296 0.504917 0.564894 0.504078 0.564361 0.500857 0.567009 0.500193 0.568931 0.495271 0.575648 0.490651 0.579921 0.483026 0.583227 0.487023 0.593403 0.506010 0.578532 0.506706 0.576958 0.513477 0.570338 0.519271 0.557782 0.522664 0.553532 0.524341 0.551972 0.525182 0.550838 0.527440 0.548935
2 0.529391 0.536269 0.526687 0.536421 0.525862 0.536269 0.525419 0.540356 0.523151 0.539861 0.522919 0.540569 0.525927 0.542894 0.528906 0.546481 0.534138 0.540213
2 0.508383 0.541764 0.501260 0.551204 0.495260 0.559093 0.492013 0.566644 0.492013 0.569310 0.490000 0.573565 0.490651 0.579921 0.495271 0.575648 0.500193 0.568931 0.500857 0.567009 0.504078 0.564361 0.504917 0.564894 0.510523 0.554296 0.511867 0.549241 0.511867 0.543130
2 0.500167 0.548921 0.506927 0.539477 0.508383 0.541764 0.501260 0.551204
2 0.505302 0.525282 0.503177 0.525097 0.499167 0.526958 0.496935 0.530676 0.496029 0.533773 0.497529 0.535819 0.499424 0.532056 0.500638 0.531310 0.501526 0.531639 0.505031 0.534606 0.505771 0.532838
2 0.499831 0.519222 0.498945 0.518528 0.498060 0.518620 0.497018 0.520009 0.496966 0.521352 0.498737 0.527000 0.502956 0.522972
5 0.477406 0.464120 0.475893 0.512681 0.476870 0.522042 0.477841 0.523287 0.478810 0.528181 0.478596 0.537301 0.477224 0.548005 0.481706 0.548759 0.482792 0.538648 0.483484 0.529431 0.485068 0.517199 0.482935 0.495889 0.479154 0.468875
9 0.472417 0.543648 0.470255 0.542968 0.467990 0.545009 0.467641 0.547241 0.469174 0.548421 0.472172 0.546375 0.473010 0.544949
9 0.473047 0.524880 0.472398 0.523509 0.466078 0.525319 0.464490 0.528792 0.464417 0.541255 0.466583 0.546912 0.467990 0.545009 0.470255 0.542968 0.478596 0.537301 0.474872 0.534611 0.473576 0.530486 0.473089 0.526644
1 0.462469 0.479880 0.463339 0.478602 0.468471 0.494838 0.470333 0.501218 0.471102 0.502954 0.471766 0.503264 0.472880 0.502088 0.473542 0.491431 0.474659 0.491556 0.474484 0.497505 0.473857 0.502833 0.473542 0.504130 0.472602 0.504810 0.471279 0.504690 0.470477 0.504074 0.468208 0.498245
9 0.468039 0.493282 0.469237 0.492356 0.470698 0.493190 0.472492 0.496153 0.472651 0.498005 0.472182 0.499579 0.470750 0.500597 0.469917 0.499856
1 0.471003 0.474389 0.472930 0.482259 0.473919 0.482722 0.473971 0.481657 0.472018 0.474991
1 0.455497 0.468361 0.455378 0.474361 0.456039 0.474361 0.456221 0.468148
5 0.469422 0.431181 0.465833 0.433403 0.463815 0.437634 0.462484 0.443083 0.461919 0.447315 0.462320 0.449616 0.463776 0.454417 0.472703 0.457241 0.473146 0.456736 0.467578 0.445551 0.468427 0.444046 0.466451 0.441032 0.467378 0.438023 0.468385 0.437162 0.469919 0.438310 0.473266 0.446699 0.473508 0.446338
2 0.449839 0.434981 0.453458 0.436648 0.453979 0.437528 0.454292 0.438917 0.454240 0.440583 0.452990 0.442528 0.449865 0.439843
2 0.454799 0.437218 0.456440 0.436292 0.458289 0.436477 0.458680 0.441106 0.456648 0.444718 0.455039 0.446491 0.453008 0.445426 0.454440 0.440935
9 0.459320 0.440583 0.462094 0.440583 0.462214 0.441764 0.460977 0.444815 0.459562 0.446259 0.456971 0.445458 0.457513 0.443583
1 0.460104 0.433718 0.462578 0.441625 0.463203 0.439361 0.461510 0.432366
2 0.493422 0.445486 0.498125 0.452310 0.503576 0.457134 0.514854 0.466384 0.518609 0.469727 0.509552 0.472407 0.506807 0.475495 0.503380 0.475046 0.502122 0.475926 0.499260 0.473431 0.497477 0.468343 0.497370 0.466995 0.492779 0.461431
5 0.529797 0.491861 0.533633 0.487148 0.534661 0.488935 0.541328 0.493148 0.535326 0.511343 0.532615 0.499782
5 0.536141 0.515370 0.537469 0.514352 0.539422 0.517593 0.538354 0.519398 0.533763 0.522454 0.532529 0.520472 0.532740 0.518278 0.536591 0.517519
5 0.548536 0.501338 0.550151 0.503190 0.547867 0.511074 0.545419 0.513667
2 0.524539 0.475384 0.530682 0.477440 0.533513 0.477296 0.533362 0.482870 0.530289 0.489884 0.529000 0.489375
5 0.533513 0.477296 0.535357 0.480824 0.537214 0.483120 0.540078 0.484194 0.543951 0.483764 0.547581 0.485704 0.545859 0.492588 0.541125 0.493375 0.534872 0.489431 0.533633 0.487148 0.533362 0.482870
5 0.535326 0.469833 0.535383 0.468185 0.537081 0.467602 0.538336 0.467157 0.539591 0.467750 0.543188 0.472657 0.544128 0.475412 0.545068 0.478495 0.545719 0.479523 0.545284 0.480426 0.545706 0.481310 0.546008 0.481454 0.547526 0.481069 0.549164 0.481972 0.548268 0.482769 0.547581 0.485704 0.543951 0.483764 0.541599 0.483958 0.540078 0.484194 0.537214 0.483120 0.535357 0.480824 0.533513 0.477296 0.533917 0.475352
9 0.545836 0.450588 0.544148 0.450912 0.542492 0.452194 0.540984 0.454713 0.540138 0.458352 0.540714 0.461301 0.542130 0.464250 0.543992 0.466236 0.546161 0.466667 0.548331 0.465380 0.550138 0.463343 0.551284 0.460023 0.551164 0.457130 0.550500 0.454454 0.549294 0.452361 0.547818 0.451236
9 0.550799 0.494431 0.550487 0.496606 0.551570 0.499949 0.554523 0.499801 0.554966 0.497995 0.554940 0.496838 0.552867 0.497370 0.552424 0.494639
5 0.586214 0.518815 0.586477 0.513852 0.585305 0.509389 0.583214 0.507755 0.576690 0.511769 0.565984 0.521731 0.565229 0.527977 0.567320 0.530356 0.570875 0.530162 0.578599 0.515431 0.583638 0.516227
2 0.560836 0.441968 0.555258 0.441843 0.554698 0.440292 0.553617 0.441222 0.553164 0.442958 0.555943 0.461509 0.557208 0.468773 0.558245 0.473370 0.559862 0.480245 0.564289 0.473241 0.560961 0.455069
5 0.492805 0.345796 0.490807 0.345796 0.487307 0.352458 0.486807 0.355125 0.485052 0.367731 0.485052 0.371620 0.484115 0.379282 0.483802 0.383060 0.483802 0.388060 0.487656 0.392870 0.489542 0.394907 0.490570 0.394856 0.490570 0.394856 0.492036 0.377190
9 0.422612 0.437722 0.424063 0.435926 0.426523 0.440301 0.425073 0.444176
9 0.626099 0.622875 0.627089 0.623199 0.627557 0.624264 0.627297 0.628477 0.628026 0.629495 0.628937 0.631718 0.629172 0.633847 0.626885 0.638194 0.626026 0.637083 0.625167 0.637083 0.624984 0.637963 0.623604 0.637083 0.623604 0.636065 0.624854 0.634213 0.625609 0.623657
1 0.473247 0.521431 0.467648 0.522727 0.462497 0.523315 0.457586 0.523102 0.458883 0.526690 0.465992 0.524870 0.473104 0.522778
1 0.477771 0.463727 0.473146 0.456736 0.467578 0.445551 0.468427 0.444046 0.476323 0.457421
2 0.438349 0.470500 0.441669 0.467917 0.445716 0.465519 0.447065 0.467829 0.441411 0.470870
2 0.461500 0.481097 0.462065 0.491079 0.464807 0.492157 0.464526 0.487065 0.462469 0.479880
1 0.514333 0.532028 0.525961 0.542968 0.528906 0.546481 0.535589 0.553194 0.541063 0.559204 0.540120 0.560755 0.534299 0.555426 0.531458 0.552468 0.527440 0.548935 0.520719 0.540903 0.514396 0.534130
9 0.462427 0.469912 0.465130 0.470917 0.465977 0.473569 0.462469 0.479880 0.461500 0.481097 0.458797 0.481745 0.459927 0.475218
9 0.455190 0.481222 0.455555 0.479370 0.457690 0.480296 0.460661 0.488176 0.459365 0.489245 0.456177 0.481755
1 0.452247 0.467477 0.453057 0.469537 0.452016 0.471185 0.450901 0.473861 0.450831 0.475588 0.451000 0.478153 0.449760 0.477194 0.449927 0.473444 0.450732 0.469750
1 0.395971 0.331176 0.395279 0.334139 0.401737 0.344269 0.402779 0.346241 0.408753 0.352912 0.417992 0.363458 0.422029 0.368977 0.427474 0.378421 0.431036 0.381796 0.435781 0.384907 0.441526 0.386190 0.445563 0.387944 0.448784 0.390403 0.453875 0.397069 0.461427 0.409838 0.467427 0.422634 0.475201 0.452528 0.479154 0.468875 0.482935 0.495889 0.485068 0.517199 0.485539 0.530588 0.485401 0.537903 0.483370 0.555690 0.484940 0.555556 0.486385 0.538588 0.486833 0.516287 0.486109 0.505875 0.485219 0.498935 0.480695 0.468333 0.476617 0.452519 0.470893 0.429287 0.468831 0.421866 0.464552 0.412681 0.458490 0.401157 0.454286 0.394870 0.448521 0.388255 0.445104 0.385264 0.438602 0.383116 0.432010 0.380398 0.428424 0.376931 0.426682 0.373977 0.422563 0.368088 0.417146 0.360208 0.410573 0.351727 0.404344 0.345167 0.403057 0.343861
8 0.497448 0.308708 0.494023 0.308801 0.492036 0.377190 0.493130 0.377741 0.489878 0.417481 0.490323 0.438778 0.489417 0.442606 0.487411 0.505875 0.486833 0.516287 0.485742 0.581287 0.489924 0.579468 0.490000 0.573565 0.490432 0.535431 0.491516 0.508301 0.491422 0.506806 0.493422 0.445486 0.494615 0.412269 0.496281 0.346056
5 0.475893 0.512681 0.474401 0.516745 0.473654 0.520315 0.473047 0.524880 0.473089 0.526644 0.473576 0.530486 0.474872 0.534611 0.478596 0.537301 0.478810 0.528181 0.477841 0.523287 0.476870 0.522042
5 0.485068 0.517199 0.485539 0.530588 0.485401 0.537903 0.482792 0.538648 0.483484 0.529431
5 0.486109 0.505875 0.487411 0.505875 0.486833 0.516287
5 0.491516 0.508301 0.493560 0.511120 0.495052 0.515602 0.495799 0.521412 0.495005 0.526884 0.493839 0.531282 0.490432 0.535431
8 0.524128 0.581417 0.523432 0.587764 0.527070 0.588620 0.528891 0.580653
8 0.531458 0.552468 0.529544 0.559810 0.526159 0.576769 0.529591 0.577333 0.533646 0.559602 0.534299 0.555426
9 0.620469 0.701097 0.622141 0.701157 0.623745 0.704259 0.623466 0.705190 0.620328 0.706116 0.619945 0.703019
2 0.601339 0.654505 0.598508 0.653755 0.592161 0.707009 0.590656 0.721528 0.593695 0.722319 0.597195 0.690218
2 0.439099 0.474949 0.440599 0.471852 0.442940 0.470986 0.443961 0.474296 0.444320 0.478148 0.444982 0.481556 0.442641 0.484861 0.439159 0.477394
10 0.546716 0.515153 0.548398 0.527852 0.549958 0.533935 0.555961 0.539699 0.559023 0.540981 0.560703 0.537778 0.559484 0.519722 0.558352 0.514236 0.556336 0.515060 0.553701 0.513338 0.553701 0.513338 0.552732 0.509894 0.551919 0.509634 0.551391 0.515014
9 0.592161 0.707009 0.590594 0.707222 0.588484 0.708778 0.587581 0.711190 0.587461 0.714778 0.588245 0.718259 0.589813 0.721097 0.590656 0.721528
2 0.437008 0.433685 0.440792 0.445944 0.442898 0.444407 0.441818 0.432792 0.439604 0.429431
2 0.446695 0.471019 0.448323 0.478528 0.445727 0.480801 0.444370 0.471292
9 0.452115 0.450236 0.449779 0.452912 0.450922 0.456046 0.453203 0.453833
9 0.428563 0.452227 0.434206 0.455106 0.434086 0.458204 0.430904 0.458204
2 0.436932 0.448741 0.439734 0.457042 0.439526 0.459440 0.438646 0.460731 0.438177 0.462394 0.440875 0.461287 0.441031 0.467005 0.438073 0.469218 0.435065 0.469037 0.435792 0.454093
1 0.494440 0.471565 0.493742 0.472495 0.495932 0.482171 0.500154 0.494227 0.500237 0.489917 0.497573 0.482102
2 0.488740 0.416741 0.486568 0.419981 0.483857 0.425875 0.485906 0.430157 0.488828 0.423412
2 0.447737 0.484625 0.445167 0.486722 0.445513 0.491537 0.447388 0.497838 0.448708 0.499444 0.453432 0.497097 0.451917 0.489616
2 0.445969 0.481042 0.450068 0.477611 0.456177 0.481755 0.459953 0.490759 0.466221 0.492903 0.465130 0.496028 0.457414 0.501458 0.454568 0.501046 0.451917 0.489616
2 0.479195 0.441241 0.476477 0.428731 0.477596 0.422843 0.489417 0.442606 0.488982 0.455384 0.486305 0.451949
2 0.450823 0.507319 0.455966 0.501745 0.462813 0.505509 0.456932 0.509889
2 0.457414 0.501458 0.464969 0.506176 0.468424 0.499745 0.465130 0.496028
2 0.454841 0.516032 0.466898 0.508602 0.474612 0.514319 0.473648 0.518750 0.466979 0.513319 0.456609 0.520319
5 0.470893 0.429287 0.476104 0.431384 0.477440 0.440810 0.477607 0.446611 0.477188 0.454773 0.476617 0.452519
9 0.576997 0.724495 0.575201 0.727227 0.575305 0.730190 0.576242 0.731208 0.577935 0.730005 0.578169 0.728431 0.578221 0.726440
5 0.493159 0.335426 0.492805 0.345796 0.490807 0.345796 0.490474 0.346537 0.489674 0.345079 0.489909 0.342440 0.489411 0.340981 0.489599 0.339426 0.489974 0.338537 0.491286 0.333204 0.482424 0.319949 0.484263 0.314148 0.487693 0.307458 0.492461 0.297940 0.494971 0.290657 0.496141 0.281435 0.500659 0.287981 0.501578 0.291694 0.501159 0.295861 0.503000 0.298981 0.504089 0.301509 0.505258 0.307606 0.511281 0.332884 0.515128 0.335412 0.518977 0.337199 0.519979 0.341509 0.527924 0.358315 0.526253 0.371995 0.525271 0.375505 0.510654 0.361977 0.508297 0.359843 0.496281 0.346056 0.496534 0.337981 0.497448 0.308708 0.494023 0.308801
2 0.483042 0.555986 0.479370 0.562153 0.477289 0.569194 0.479224 0.570750 0.481602 0.571639
9 0.494719 0.547667 0.497917 0.548148 0.498958 0.550648 0.497760 0.555278 0.492422 0.553056
2 0.496279 0.544495 0.498602 0.539898 0.500328 0.547005 0.500167 0.548921 0.499247 0.550269
9 0.602078 0.608630 0.599523 0.609394 0.597557 0.608991 0.596497 0.606435 0.595815 0.596481 0.597177 0.590968 0.598992 0.587338 0.601490 0.585454 0.603836 0.585588 0.606255 0.588009 0.608070 0.592583 0.608828 0.599037 0.608753 0.607106 0.607391 0.609125 0.605271 0.608856 0.603719 0.608630
5 0.545859 0.492588 0.541125 0.493375 0.535326 0.511343 0.536141 0.515370 0.537469 0.514352 0.539422 0.517593 0.539763 0.517676 0.545268 0.496472
5 0.416956 0.272000 0.411099 0.273412 0.407919 0.276241 0.400547 0.277653 0.397654 0.276111 0.390714 0.279713 0.390062 0.284208 0.396859 0.290120 0.403003 0.294106 0.404883 0.289352 0.408208 0.284722 0.409510 0.283051 0.411680 0.282926 0.414208 0.279713 0.416810 0.281894 0.422451 0.286778 0.426427 0.291662 0.431508 0.296407 0.434378 0.297509 0.437003 0.297509 0.441049 0.294801 0.443146 0.289403 0.444302 0.282588 0.447362 0.269995 0.452682 0.257926 0.446365 0.256296 0.443451 0.257157 0.442583 0.260611 0.441883 0.260421 0.441456 0.258981 0.438810 0.263194 0.434487 0.272898 0.429680 0.281407 0.427299 0.286394 0.425479 0.287963 0.423563 0.285634 0.420440 0.280829
1 0.441138 0.236852 0.441232 0.249546 0.441456 0.258981 0.441883 0.260421 0.442583 0.260611 0.443451 0.257157 0.442771 0.243574 0.442987 0.238829 0.444760 0.234764 0.443919 0.234347
5 0.443130 0.252352 0.453305 0.248949 0.461229 0.246625 0.470297 0.244426 0.470578 0.250653 0.470313 0.255074 0.468052 0.258875 0.463185 0.266463 0.462036 0.269014 0.461635 0.273750 0.461430 0.283069 0.464240 0.299995 0.452685 0.303926 0.440638 0.305394 0.434398 0.304940 0.431076 0.301704 0.425721 0.299921 0.423547 0.299921 0.409997 0.306759 0.407721 0.304884 0.403917 0.312315 0.398292 0.301542 0.396461 0.307472 0.390271 0.306759 0.387966 0.310694 0.385240 0.307273 0.379453 0.308009 0.382560 0.300722 0.381346 0.300028 0.374766 0.314167 0.372443 0.307940 0.366732 0.291421 0.379604 0.282991 0.381398 0.278569 0.384940 0.273560 0.415464 0.262481 0.416956 0.272000 0.411099 0.273412 0.407919 0.276241 0.400547 0.277653 0.397654 0.276111 0.390714 0.279713 0.390062 0.284208 0.396859 0.290120 0.403003 0.294106 0.404883 0.289352 0.408208 0.284722 0.409510 0.283051 0.411680 0.282926 0.414208 0.279713 0.416810 0.281894 0.422451 0.286778 0.426427 0.291662 0.431508 0.296407 0.434378 0.297509 0.437003 0.297509 0.441049 0.294801 0.443146 0.289403 0.444302 0.282588 0.447362 0.269995 0.452682 0.257926 0.446365 0.256296 0.443451 0.257157
2 0.381346 0.300028 0.374766 0.314167 0.375604 0.317403 0.382560 0.300722
5 0.386146 0.321389 0.387341 0.317139 0.387966 0.310694 0.390276 0.306806 0.396430 0.307352 0.398292 0.301542 0.403917 0.312315 0.396013 0.329718
9 0.420536 0.333509 0.420536 0.339806 0.420474 0.345315 0.418576 0.351838 0.416234 0.355324 0.414401 0.356565 0.410573 0.351727 0.404344 0.345167 0.403057 0.343861 0.401622 0.339917 0.401622 0.334972 0.402318 0.331032 0.402823 0.328782 0.405669 0.324171 0.407253 0.323838 0.409781 0.323838 0.410583 0.323713 0.415099 0.327130 0.418828 0.329574
9 0.548141 0.628912 0.548823 0.631602 0.549805 0.632944 0.552755 0.634292 0.554117 0.633889 0.555102 0.631736 0.554570 0.630120 0.551620 0.628778 0.549805 0.628644
9 0.582643 0.753148 0.579932 0.754444 0.582227 0.758796 0.584570 0.755694
1 0.542865 0.759213 0.587786 0.826435 0.588047 0.828241 0.588880 0.829907 0.588411 0.836759 0.546068 0.772963
5 0.533646 0.559602 0.543419 0.576722 0.547685 0.584116 0.548120 0.591690 0.548143 0.591972 0.543419 0.591662 0.527070 0.588620 0.528891 0.580653 0.530758 0.579657 0.530990 0.578495 0.529591 0.577333
5 0.526607 0.594370 0.516469 0.626546 0.520245 0.626032 0.523534 0.625000 0.527599 0.622245 0.529534 0.623620 0.532052 0.624653 0.535742 0.627755 0.536172 0.630088 0.538331 0.630861 0.545221 0.622759 0.549099 0.619718 0.548951 0.614264 0.548951 0.614264 0.548544 0.598032 0.543130 0.596491
1 0.549208 0.633074 0.539529 0.639454 0.533182 0.642481 0.523276 0.645106 0.514531 0.646782 0.505565 0.636514 0.509349 0.644319 0.514576 0.648134 0.519706 0.648713 0.527315 0.647472 0.534797 0.645495 0.540682 0.642611 0.551245 0.636264 0.550773 0.634588
9 0.518469 0.661162 0.521693 0.663815 0.524161 0.664560 0.524161 0.668630 0.520708 0.668296 0.518893 0.667796 0.517633 0.665394
2 0.517180 0.649162 0.513414 0.654519 0.516396 0.661806 0.523206 0.650019 0.522151 0.648949
2 0.519602 0.586958 0.527070 0.588620 0.543497 0.591606 0.548120 0.591690 0.552560 0.593106 0.556120 0.593889 0.564516 0.596616 0.564836 0.600185 0.561177 0.599745 0.548544 0.598032 0.543148 0.596528 0.526607 0.594370 0.521602 0.593602 0.517740 0.591764
2 0.521714 0.576338 0.526159 0.576769 0.529591 0.577333 0.530990 0.578495 0.530758 0.579657 0.528891 0.580653 0.521893 0.581782
5 0.506807 0.475495 0.509552 0.472407 0.522349 0.468681 0.529000 0.489375 0.532615 0.499782 0.536591 0.517519 0.529151 0.518560 0.508263 0.516704 0.506148 0.515731
5 0.506807 0.475495 0.503380 0.475046 0.503320 0.482708 0.500427 0.480565 0.499977 0.509009 0.501060 0.508903 0.503049 0.511903 0.504737 0.515167 0.506148 0.515731
5 0.521602 0.593602 0.517740 0.591764 0.517740 0.591764 0.519602 0.586958 0.518578 0.587829 0.517076 0.588875 0.515635 0.589690 0.513674 0.590968 0.512201 0.593551 0.509523 0.591319 0.506010 0.578532 0.487023 0.593403 0.505565 0.636514 0.507922 0.638847
9 0.566872 0.601486 0.561177 0.599745 0.548951 0.614264 0.549094 0.619648 0.549094 0.619648 0.557565 0.609694 0.561047 0.604583 0.566643 0.605528 0.582227 0.629731 0.595464 0.654935 0.594708 0.663273 0.561214 0.700898 0.555789 0.697481 0.526294 0.651426 0.526016 0.647593 0.522599 0.648227 0.523065 0.649384 0.550141 0.695981 0.554984 0.703310 0.560063 0.707565 0.572872 0.693463 0.596974 0.664810 0.598508 0.653755 0.589115 0.637157 0.587708 0.636648 0.586172 0.631509 0.581904 0.623856 0.579445 0.620630 0.571815 0.609227
9 0.584490 0.757250 0.584570 0.755694 0.582227 0.758796 0.581328 0.759921 0.580549 0.765458 0.581133 0.773241 0.581719 0.776704 0.582518 0.774810 0.582010 0.769051 0.582112 0.764190 0.582518 0.760769 0.583430 0.758426
1 0.550638 0.656347 0.565464 0.645051 0.567885 0.638866 0.578096 0.627972 0.579307 0.629718 0.569245 0.639806 0.566750 0.647875 0.550411 0.658769
1 0.577266 0.656750 0.582862 0.650023 0.586341 0.647065 0.588156 0.640611 0.587326 0.639134 0.586568 0.640611 0.586039 0.642361 0.585510 0.644648 0.584526 0.645991 0.580896 0.649352 0.577719 0.653657 0.576206 0.655269
2 0.571393 0.739736 0.569385 0.744227 0.574648 0.749921 0.576419 0.744727 0.577260 0.744130 0.578773 0.745477 0.580289 0.746819 0.582055 0.747269 0.584073 0.739343 0.583401 0.737398 0.580372 0.735454 0.578607 0.735454 0.577596 0.735306 0.577513 0.733662 0.576336 0.733065 0.574568 0.734560 0.573560 0.737250 0.573560 0.739491 0.574568 0.740389 0.574568 0.742037
9 0.539341 0.631167 0.535786 0.635181 0.537323 0.638236 0.541180 0.635181 0.541451 0.633630
9 0.546068 0.772963 0.547552 0.780787 0.551146 0.782315 0.550312 0.779444
9 0.586771 0.754468 0.590417 0.756625 0.601859 0.760227 0.600745 0.761847 0.589302 0.758245 0.586771 0.756625
5 0.297013 0.203889 0.288721 0.187306 0.294810 0.183389 0.308674 0.177398 0.311911 0.175097 0.316057 0.171644 0.321370 0.171644 0.331484 0.192037 0.343005 0.212407 0.357388 0.241662 0.371185 0.271329 0.373984 0.280079 0.374555 0.283259 0.376224 0.285444 0.376458 0.288046 0.372870 0.284847 0.369734 0.282472 0.366146 0.278491 0.361979 0.280648 0.359266 0.284731 0.335143 0.254995 0.306938 0.217222
5 0.357547 0.158755 0.356435 0.154731 0.355596 0.153046 0.355523 0.149398 0.359219 0.149204 0.362883 0.148806 0.362883 0.147792 0.358784 0.143718 0.358755 0.142060 0.361227 0.140282 0.364388 0.132481 0.363685 0.130005 0.362427 0.128514 0.362516 0.125519 0.365508 0.125852 0.372786 0.132907 0.378664 0.138218 0.384917 0.144190 0.389536 0.148009 0.395753 0.153481 0.403409 0.161954 0.415229 0.173750 0.423760 0.180292 0.433701 0.189894 0.442901 0.199713 0.447419 0.204171 0.447044 0.206278 0.448794 0.213167 0.449609 0.219051 0.456609 0.225056 0.455227 0.227278 0.454115 0.228287 0.453177 0.229907 0.451172 0.228051 0.449734 0.227046 0.447943 0.231296 0.446706 0.239412 0.439331 0.231185 0.439766 0.240181 0.440266 0.249509 0.434219 0.242505 0.424984 0.232806 0.411701 0.218213 0.396148 0.201894 0.379083 0.182597 0.362451 0.164551
5 0.384917 0.144190 0.377315 0.135782 0.371388 0.129644 0.368401 0.126907 0.368401 0.125662 0.370081 0.123171 0.374234 0.120435 0.375401 0.119190 0.376521 0.112801 0.377409 0.110560 0.381047 0.102597 0.383055 0.102264 0.383570 0.102500 0.384411 0.103250 0.410234 0.129417 0.441930 0.159255 0.468906 0.185454 0.466456 0.189551 0.466456 0.189551 0.465057 0.192620 0.463003 0.198014 0.461883 0.200171 0.461229 0.200088 0.460622 0.199009 0.459596 0.200333 0.460016 0.202412 0.458661 0.206560 0.456328 0.208051 0.456281 0.209546 0.454010 0.212546 0.447419 0.204171 0.442901 0.199713 0.433701 0.189894 0.423760 0.180292 0.415229 0.173750 0.403409 0.161954 0.395753 0.153481 0.389536 0.148009
5 0.464870 0.234852 0.462633 0.232213 0.459487 0.232356 0.457607 0.233384 0.456609 0.233602 0.453638 0.235727 0.452146 0.237019 0.450979 0.238903 0.451461 0.240102 0.462190 0.251861 0.474815 0.265917 0.494823 0.288435 0.498818 0.293671 0.507609 0.302417 0.525440 0.323931 0.533424 0.333111 0.534596 0.334616 0.535724 0.338417 0.535951 0.339593 0.531870 0.341514 0.530984 0.342181 0.531474 0.344005 0.539958 0.353324 0.541630 0.352431 0.541044 0.350500 0.541044 0.345296 0.543135 0.343958 0.546984 0.349014 0.548823 0.347676 0.548992 0.343065 0.552003 0.347676 0.554094 0.347227 0.554010 0.342917 0.556518 0.331167 0.559279 0.325815 0.562307 0.327806 0.563315 0.327157 0.562786 0.326019 0.559375 0.322639 0.557318 0.320694 0.553078 0.316412 0.551865 0.314755 0.550130 0.314398 0.547383 0.311681 0.544583 0.314171 0.542344 0.311602 0.540198 0.310602 0.538469 0.311185 0.536695 0.311269 0.514576 0.287454 0.489557 0.260986
5 0.451461 0.240102 0.449839 0.242657 0.446706 0.239412 0.439331 0.231185 0.439766 0.240181 0.440266 0.249509 0.440211 0.252102 0.437727 0.253926 0.434974 0.255463 0.433948 0.257000 0.436797 0.259120 0.445964 0.269815 0.464237 0.290875 0.480622 0.308231 0.488049 0.313931 0.500633 0.331287 0.511859 0.346162 0.517961 0.354032 0.521133 0.351491 0.526328 0.345542 0.531870 0.341514 0.535951 0.339593 0.535724 0.338417 0.534596 0.334616 0.533424 0.333111 0.525440 0.323931 0.507609 0.302417 0.498818 0.293671 0.494823 0.288435 0.474815 0.265917 0.462190 0.251861
