0 0.443159 0.223991 0.432406 0.216542 0.427505 0.216403 0.421180 0.225537 0.421273 0.230991 0.420023 0.246208 0.419836 0.252537 0.419086 0.253093 0.418464 0.257981 0.418773 0.263199 0.418089 0.275972 0.418089 0.275972 0.419456 0.285759 0.423135 0.293792 0.425742 0.302787 0.430583 0.307287 0.441862 0.313074 0.444898 0.319750 0.454945 0.320903 0.463398 0.310741 0.464294 0.309875 0.465716 0.311514 0.465885 0.307644 0.466805 0.307199 0.467018 0.308565 0.471138 0.311662 0.473089 0.311389 0.479885 0.296755 0.480417 0.295509 0.482221 0.290134 0.483448 0.282037 0.483000 0.276810 0.482620 0.274694 0.481758 0.268551 0.482237 0.266306 0.483857 0.259394 0.486396 0.252866 0.485628 0.246407 0.482703 0.229162 0.478023 0.218750 0.475297 0.219241 0.473927 0.217653 0.471122 0.217653 0.458141 0.225074
5 0.518242 0.373611 0.522492 0.377273 0.523930 0.377319 0.525138 0.376815 0.518747 0.371944
5 0.508581 0.359569 0.509495 0.360611 0.512078 0.363333 0.516698 0.364412 0.517492 0.362588 0.522766 0.357690 0.524305 0.355699 0.524214 0.354454 0.520159 0.353546 0.519755 0.355912 0.517294 0.355838 0.514510 0.352898 0.514828 0.359713 0.513664 0.360861
5 0.408779 0.320514 0.419398 0.346949 0.439643 0.395380 0.441211 0.398944 0.444055 0.383926 0.451833 0.355972 0.455714 0.343843 0.453964 0.343509 0.453526 0.345620 0.439219 0.353727 0.437594 0.353282 0.436781 0.350505 0.422930 0.317903 0.415557 0.298912 0.417370 0.297690 0.417018 0.292426 0.416643 0.288870 0.419456 0.285759 0.417945 0.275810 0.407435 0.285574 0.398336 0.294218
5 0.441628 0.400435 0.464385 0.454139 0.467008 0.458361 0.471758 0.453028 0.498750 0.424148 0.526552 0.395157 0.523115 0.388602 0.526990 0.384495 0.527052 0.381162 0.525427 0.380606 0.522492 0.377273 0.518242 0.373611 0.516867 0.374278 0.515492 0.372611 0.513620 0.371722 0.513807 0.369722 0.514620 0.368833 0.514495 0.365833 0.509495 0.360611 0.504497 0.354616 0.497500 0.345176 0.493500 0.340509 0.493437 0.338620 0.491437 0.336176 0.490628 0.336509 0.489878 0.335731 0.489878 0.334176 0.489190 0.333731 0.488003 0.334065 0.486565 0.332065 0.486503 0.330847 0.483190 0.325625 0.472294 0.333241 0.461018 0.340694 0.454258 0.359097 0.448404 0.376194 0.446396 0.388833 0.443385 0.401625
5 0.504352 0.418264 0.506945 0.428657 0.498328 0.436403 0.485951 0.444435 0.468333 0.456898 0.471758 0.453028 0.498750 0.424148
5 0.492568 0.328167 0.494422 0.326231 0.497167 0.323361 0.499867 0.319130 0.501484 0.315708 0.503443 0.315208 0.503771 0.316870 0.503583 0.319273 0.503958 0.324255 0.505266 0.325449 0.505143 0.327171 0.505685 0.329481 0.505234 0.331620 0.505555 0.336838 0.506117 0.343361 0.507008 0.351250 0.506807 0.352972 0.505714 0.354407 0.504497 0.354616 0.497500 0.345176 0.496318 0.343866 0.496924 0.339991 0.496250 0.335463 0.494583 0.331111
5 0.507737 0.305421 0.511284 0.319356 0.515312 0.336713 0.515552 0.338287 0.517164 0.344333 0.518938 0.345824 0.519406 0.347736 0.518182 0.350176 0.514995 0.346301 0.510396 0.340208 0.505234 0.331620 0.505685 0.329481 0.505143 0.327171 0.506758 0.328963 0.509339 0.332551 0.510146 0.333551 0.512365 0.334412 0.512323 0.332690 0.510065 0.331472 0.508531 0.329106 0.505266 0.325449 0.503958 0.324255 0.503583 0.319273 0.503771 0.316870 0.506758 0.314130 0.505451 0.309653
5 0.483190 0.325625 0.485969 0.329995 0.489180 0.330319 0.490630 0.329384 0.491594 0.328519 0.489219 0.326435 0.486310 0.324935 0.486310 0.324935 0.486471 0.323569 0.491120 0.326296 0.492568 0.328167 0.494422 0.326231 0.497167 0.323361 0.499867 0.319130 0.501484 0.315708 0.500224 0.315125 0.499849 0.315875 0.494016 0.317116 0.493503 0.318032 0.489768 0.318611 0.487810 0.318611 0.485615 0.316704 0.485885 0.323486 0.485885 0.323486 0.484151 0.325028
5 0.518182 0.350176 0.519406 0.347736 0.519909 0.346745 0.520633 0.345241 0.524076 0.337556 0.526318 0.329972 0.529138 0.330102 0.529859 0.331389 0.533547 0.331519 0.535065 0.330102 0.539836 0.330616 0.543305 0.350023 0.545763 0.372644 0.546487 0.383051 0.542221 0.382407 0.538969 0.382023 0.537451 0.383310 0.534198 0.378042 0.530195 0.373671 0.530302 0.370602 0.528953 0.368681 0.523284 0.363306 0.522042 0.362824 0.521716 0.363880 0.517492 0.362588 0.522766 0.357690 0.524305 0.355699 0.524214 0.354454 0.520159 0.353546 0.519633 0.350894
5 0.533594 0.415463 0.535833 0.417454 0.537094 0.420606 0.542320 0.426167 0.556135 0.419861 0.557862 0.418449 0.560102 0.416875 0.561055 0.417694 0.562456 0.422921 0.563247 0.421431 0.565021 0.419356 0.566375 0.419935 0.566469 0.421014 0.571742 0.418773 0.571193 0.415606 0.569398 0.411773 0.568750 0.413782 0.569021 0.415509 0.566484 0.417824 0.562542 0.417245 0.556385 0.413889 0.550336 0.408417 0.547576 0.405148 0.540854 0.410458
5 0.526740 0.432718 0.522799 0.431171 0.522839 0.429370 0.524263 0.427389 0.525260 0.425185 0.528021 0.424954 0.530854 0.426310 0.534081 0.428176 0.535010 0.429106
5 0.524995 0.423486 0.525240 0.421935 0.525833 0.417782 0.531820 0.423074 0.533174 0.423153 0.533779 0.421079 0.534409 0.420694 0.535698 0.422801 0.536536 0.423111 0.538523 0.427884 0.535737 0.428750 0.535208 0.427315 0.533385 0.425972 0.529609 0.423472 0.525703 0.423148
5 0.468333 0.456898 0.467880 0.458167 0.468021 0.459829 0.486456 0.451199 0.485990 0.449542 0.484961 0.447963 0.483422 0.446222
5 0.483422 0.446222 0.484961 0.447963 0.485990 0.449542 0.486456 0.451199 0.491880 0.448639 0.494060 0.443551 0.495622 0.440380 0.495388 0.438306 0.485951 0.444435
5 0.543958 0.625880 0.526857 0.620796 0.523305 0.619741 0.520924 0.619310 0.520763 0.623611 0.520159 0.626625 0.519073 0.627537 0.516854 0.626963 0.516612 0.627894 0.518628 0.629329 0.527867 0.631551 0.536378 0.632912
5 0.418089 0.275972 0.418773 0.263199 0.417151 0.262977 0.415401 0.263977 0.411276 0.265199 0.403854 0.271852 0.398094 0.278083 0.396219 0.277528 0.392846 0.280750 0.398336 0.294218
2 0.578331 0.575894 0.576401 0.574106 0.575195 0.571931 0.575289 0.568505 0.576010 0.566356 0.577328 0.564375 0.578440 0.563120 0.579758 0.563287 0.583305 0.567806 0.583492 0.570120 0.582693 0.571569 0.582081 0.574273 0.582174 0.576782 0.586440 0.583644 0.588354 0.585264 0.590174 0.586347 0.591602 0.587968 0.593013 0.589944 0.593719 0.591565 0.597076 0.594968 0.599099 0.592986 0.598581 0.589389 0.598581 0.585792 0.598693 0.583282 0.599305 0.581301 0.600810 0.578958 0.602849 0.574639 0.603555 0.572463 0.602943 0.568333 0.601422 0.567245 0.600604 0.564907 0.600510 0.562759 0.601013 0.560778 0.600104 0.547449 0.596151 0.510722 0.589500 0.473412 0.579383 0.415324 0.571742 0.418773 0.566469 0.421014 0.566375 0.419935 0.565021 0.419356 0.563247 0.421431 0.562456 0.422921 0.561055 0.417694 0.560102 0.416875 0.557862 0.418449 0.556135 0.419861 0.542320 0.426167 0.538523 0.427884 0.535737 0.428750 0.535010 0.429106 0.526740 0.432718 0.509711 0.440722 0.507943 0.441481 0.505130 0.442824 0.498260 0.445931 0.495076 0.447727 0.493984 0.448148 0.491880 0.448639 0.486456 0.451199 0.468021 0.459829 0.466492 0.460361 0.481284 0.495861 0.494021 0.562005 0.504656 0.613676 0.504451 0.615296 0.504357 0.616745 0.504656 0.617472 0.505471 0.617273 0.505768 0.616745 0.513672 0.621852 0.520159 0.626625 0.520763 0.623611 0.520924 0.619310 0.523305 0.619741 0.526857 0.620796 0.543958 0.625880 0.544992 0.626421 0.545669 0.606176 0.549872 0.602560 0.552448 0.599426
5 0.538125 0.390417 0.538490 0.388366 0.538255 0.386458 0.538862 0.383718 0.539750 0.383472 0.541477 0.384963 0.544323 0.384630 0.543576 0.387204 0.541719 0.393426
2 0.381469 0.252514 0.385029 0.242074 0.390341 0.230856 0.398151 0.213306 0.408940 0.190713 0.425023 0.156556 0.427458 0.154449 0.428896 0.156889 0.404654 0.209764 0.388622 0.242139 0.385060 0.251838 0.383599 0.252417 0.384029 0.254426 0.383438 0.257792
4 0.467018 0.308565 0.468391 0.318986 0.461018 0.340694 0.472294 0.333241 0.484151 0.325028 0.485885 0.323486 0.485380 0.311005 0.483716 0.306250 0.479885 0.296755 0.473089 0.311389 0.471138 0.311662
6 0.463398 0.310741 0.464294 0.309875 0.465716 0.311514 0.465885 0.307644 0.466805 0.307199 0.467018 0.308565 0.468391 0.318986 0.461018 0.340694 0.454258 0.359097 0.448404 0.376194 0.446396 0.388833 0.443385 0.401625 0.441628 0.400435 0.441211 0.398944 0.444055 0.383926 0.451833 0.355972 0.455714 0.343843 0.456589 0.343287 0.463336 0.322181 0.464461 0.311963
6 0.505234 0.331620 0.510396 0.340208 0.514995 0.346301 0.518182 0.350176 0.519633 0.350894 0.520159 0.353546 0.519755 0.355912 0.517294 0.355838 0.514510 0.352898 0.511521 0.348528 0.506117 0.343361 0.505555 0.336838
6 0.507008 0.351250 0.514268 0.352468 0.514510 0.352898 0.514828 0.359713 0.513664 0.360861 0.508581 0.359569 0.504497 0.354616 0.505714 0.354407 0.506807 0.352972
5 0.529010 0.375509 0.531956 0.378824 0.533609 0.382551 0.533646 0.386481 0.529495 0.382981 0.528648 0.382120 0.527034 0.382194 0.527052 0.381162 0.525427 0.380606 0.522492 0.377273 0.523930 0.377319 0.525138 0.376815 0.526995 0.378824 0.527680 0.377319 0.526667 0.376250 0.528044 0.375236
5 0.517492 0.362588 0.521716 0.363880 0.522042 0.362824 0.523284 0.363306 0.528953 0.368681 0.530302 0.370602 0.530195 0.373671 0.529010 0.375509 0.528044 0.375236 0.526667 0.376250 0.524310 0.374440 0.514495 0.365833 0.512078 0.363333 0.516698 0.364412
5 0.545477 0.401023 0.544721 0.399102 0.545099 0.396417 0.546070 0.392958 0.548932 0.391412 0.553411 0.392315 0.554180 0.393301 0.559841 0.396991 0.565727 0.403903 0.569128 0.409856 0.569398 0.411773 0.568750 0.413782 0.569021 0.415509 0.566484 0.417824 0.562542 0.417245 0.556385 0.413889 0.550336 0.408417 0.546935 0.404477
6 0.509711 0.440722 0.507133 0.434833 0.507378 0.432477 0.506992 0.430806 0.508492 0.429255 0.509852 0.428509 0.513477 0.439296
5 0.495388 0.438306 0.495622 0.440380 0.496953 0.443519 0.500560 0.440657 0.502526 0.440278 0.507943 0.441481 0.509711 0.440722 0.507133 0.434833 0.507378 0.432477 0.506992 0.430806 0.508492 0.429255 0.509852 0.428509 0.513477 0.439296 0.518865 0.436894 0.519331 0.433079 0.521245 0.433245 0.520870 0.430838 0.520156 0.428750 0.519076 0.431116 0.518271 0.430685 0.519682 0.427815 0.517229 0.422292 0.514383 0.418560 0.511536 0.416565 0.506729 0.415653 0.504352 0.418264 0.506945 0.428657 0.498328 0.436403
5 0.514383 0.418560 0.517229 0.422292 0.519682 0.427815 0.523232 0.424231 0.524995 0.423486 0.525240 0.421935 0.525833 0.417782 0.525193 0.417181 0.523560 0.415690 0.523044 0.416519 0.518987 0.417315
5 0.520750 0.430505 0.521865 0.430074 0.522839 0.429370 0.524263 0.427389 0.525260 0.425185 0.521901 0.426667 0.520156 0.428750
5 0.497492 0.444569 0.498260 0.445931 0.505130 0.442824 0.502188 0.442222 0.499635 0.442917
2 0.635312 0.539491 0.640456 0.550606 0.638005 0.558898 0.636977 0.554403 0.635237 0.545690
4 0.419456 0.285759 0.416643 0.288870 0.417018 0.292426 0.417370 0.297690 0.415557 0.298912 0.422930 0.317903 0.436781 0.350505 0.437594 0.353282 0.439219 0.353727 0.453526 0.345620 0.453958 0.344028 0.455714 0.343843 0.456589 0.343287 0.463336 0.322181 0.464461 0.311963 0.463398 0.310741 0.454945 0.320903 0.444898 0.319750 0.441862 0.313074 0.430583 0.307287 0.425742 0.302787 0.423135 0.293792
9 0.450680 0.379796 0.449737 0.379981 0.449250 0.381843 0.450052 0.383389 0.451062 0.384009 0.452388 0.381097 0.453016 0.379736 0.453154 0.377690 0.452422 0.376819 0.450680 0.377194
7 0.546237 0.379819 0.551557 0.379653 0.558698 0.378407 0.560190 0.378324 0.560518 0.382722 0.559557 0.385463 0.557396 0.388611 0.554180 0.393301 0.553411 0.392315 0.552456 0.392014 0.551706 0.390602 0.550701 0.389588 0.549784 0.389528 0.547682 0.387120 0.546143 0.385130 0.546487 0.383051
9 0.449914 0.395769 0.450576 0.394509 0.451870 0.394454 0.452503 0.395042 0.452714 0.398097 0.451721 0.399222 0.450424 0.399060 0.450518 0.397856
9 0.459081 0.384199 0.459919 0.382213 0.461068 0.382398 0.461628 0.383454 0.461661 0.384815 0.461836 0.385870 0.460128 0.387111 0.459081 0.385435
9 0.454552 0.370023 0.455495 0.369218 0.457099 0.369773 0.457482 0.372440 0.457271 0.373491 0.455703 0.373801 0.454552 0.373616
9 0.467138 0.386509 0.466755 0.384713 0.467383 0.383597 0.468672 0.383472 0.469091 0.384898 0.469648 0.385829 0.469578 0.387870 0.469021 0.388181 0.467313 0.387995
9 0.456068 0.361065 0.455651 0.359699 0.456104 0.358583 0.457742 0.358273 0.458266 0.359509 0.458195 0.362176 0.457151 0.362046
9 0.456068 0.361065 0.455466 0.361310 0.454979 0.362731 0.455362 0.364843 0.455919 0.365958 0.457279 0.365273 0.457557 0.363231 0.457557 0.362176 0.457151 0.362046
9 0.460500 0.351931 0.460440 0.350856 0.459776 0.350106 0.458932 0.349787 0.458120 0.351500 0.457940 0.353588 0.458784 0.354713 0.459867 0.354394 0.460018 0.353051
9 0.486065 0.363167 0.486065 0.361310 0.487982 0.361185 0.488646 0.362426 0.488680 0.365648 0.488331 0.366514 0.487286 0.366514 0.486240 0.364157
9 0.491784 0.366514 0.491781 0.364037 0.492620 0.363352 0.493839 0.364097 0.493909 0.366019 0.493771 0.367815 0.492305 0.367690
9 0.491784 0.366514 0.489771 0.366639 0.488969 0.369366 0.488969 0.372032 0.490294 0.373269 0.491549 0.373148 0.491479 0.371597 0.492594 0.370852 0.492630 0.368931 0.492701 0.367755 0.492305 0.367690
9 0.484635 0.372093 0.482544 0.372648 0.482266 0.371227 0.482789 0.368065 0.484323 0.367505 0.485229 0.368065 0.485333 0.370417
9 0.483414 0.376431 0.483242 0.375130 0.483451 0.373333 0.484635 0.372093 0.485857 0.372713 0.486273 0.374880 0.486135 0.376370 0.485404 0.377546 0.484286 0.377421
9 0.483414 0.376431 0.482172 0.376681 0.481370 0.377296 0.481612 0.380398 0.483286 0.381884 0.484227 0.380954 0.484542 0.379032 0.484286 0.377421
9 0.493698 0.380648 0.494232 0.378157 0.496089 0.377870 0.497052 0.379519 0.496810 0.382171 0.495883 0.382458 0.494430 0.382745
9 0.472833 0.395750 0.472698 0.393171 0.473438 0.392347 0.475031 0.392597 0.475263 0.395750 0.474424 0.397648 0.473253 0.397981
9 0.514583 0.368472 0.513971 0.370134 0.513971 0.371634 0.515026 0.372116 0.515990 0.372759 0.516232 0.371315 0.516531 0.369602 0.515714 0.368949
9 0.515990 0.372759 0.516260 0.373884 0.517076 0.374153 0.518242 0.373611 0.518747 0.371944 0.517068 0.370111 0.516531 0.369602 0.516531 0.369602 0.516232 0.371315
9 0.469870 0.364259 0.469766 0.360903 0.470542 0.360106 0.472023 0.360995 0.471844 0.364227
9 0.448016 0.398875 0.447927 0.396944 0.448799 0.395444 0.449914 0.395769 0.450518 0.397856 0.450286 0.400694 0.448589 0.400644
9 0.463336 0.381287 0.462555 0.380361 0.461565 0.380685 0.461068 0.382398 0.461628 0.383454 0.461661 0.384815 0.463023 0.384343 0.463466 0.383231
9 0.474237 0.361028 0.474268 0.359153 0.474719 0.358139 0.476438 0.357870 0.476859 0.360278 0.477099 0.361778 0.476648 0.362690 0.475714 0.362745 0.474779 0.362370
9 0.472609 0.364565 0.473005 0.362903 0.473906 0.362153 0.474779 0.362370 0.475172 0.363333 0.475172 0.366116 0.473846 0.366866
9 0.465276 0.367074 0.464104 0.366102 0.464885 0.363926 0.466292 0.363602 0.466917 0.364944 0.466812 0.366704 0.466500 0.367259
9 0.465276 0.367074 0.464531 0.368009 0.464219 0.369352 0.464609 0.371204 0.466094 0.371528 0.466745 0.370463 0.466849 0.368380 0.466500 0.367259
9 0.466849 0.368380 0.467448 0.367963 0.468802 0.367870 0.469427 0.368704 0.469427 0.370694 0.468958 0.372222 0.467448 0.372407 0.466849 0.371296 0.466745 0.370463
1 0.486471 0.323569 0.491120 0.326296 0.494583 0.331111 0.496250 0.335463 0.496924 0.339991 0.496318 0.343866 0.495339 0.342639 0.495911 0.340139 0.495109 0.336477 0.493898 0.332819 0.491594 0.328519 0.489219 0.326435 0.486310 0.324935
1 0.505266 0.325449 0.508531 0.329106 0.510065 0.331472 0.512323 0.332690 0.512365 0.334412 0.510146 0.333551 0.509339 0.332551 0.506758 0.328963 0.505143 0.327171
1 0.515312 0.336713 0.516641 0.337269 0.518536 0.339648 0.520633 0.345241 0.519909 0.346745 0.518375 0.341801 0.516797 0.339213 0.515552 0.338287
1 0.518271 0.430685 0.519682 0.427815 0.523232 0.424231 0.525703 0.423148 0.529609 0.423472 0.533385 0.425972 0.535208 0.427315 0.535737 0.428750 0.535010 0.429106 0.534081 0.428176 0.530854 0.426310 0.528021 0.424954 0.525260 0.425185 0.521901 0.426667 0.520156 0.428750 0.519076 0.431116
1 0.493984 0.448148 0.494201 0.447245 0.496703 0.443764 0.500560 0.440657 0.502526 0.440278 0.507943 0.441481 0.505130 0.442824 0.502188 0.442222 0.499635 0.442917 0.496703 0.445315 0.495076 0.447727
9 0.409930 0.320069 0.410453 0.318278 0.412349 0.318352 0.412630 0.319639 0.412229 0.322009 0.410615 0.322366 0.410010 0.321722
9 0.416677 0.321889 0.417224 0.320963 0.418917 0.321005 0.419854 0.322856 0.419125 0.325773 0.417615 0.325773 0.416729 0.324060
9 0.422016 0.331750 0.422068 0.330310 0.423005 0.330310 0.424307 0.330454 0.424411 0.332856 0.423943 0.334431 0.423031 0.334431 0.422380 0.333181
9 0.428604 0.331190 0.427667 0.331380 0.427406 0.333644 0.427953 0.335819 0.429672 0.335917 0.429984 0.334528
9 0.421052 0.343093 0.420922 0.340778 0.422354 0.339755 0.423307 0.340694 0.423266 0.342995 0.423370 0.344755 0.422510 0.345125 0.421339 0.344574
9 0.424081 0.358449 0.424055 0.356875 0.424758 0.355810 0.426216 0.356273 0.426789 0.358634 0.426398 0.360532 0.425826 0.361181 0.425201 0.360671
9 0.430122 0.358218 0.429992 0.356829 0.430487 0.355347 0.432336 0.355440 0.432648 0.357431 0.432518 0.360162 0.432206 0.360995 0.430565 0.360440
9 0.433352 0.372384 0.433378 0.370810 0.434289 0.369931 0.435357 0.369699 0.436216 0.370764 0.435982 0.373681 0.435096 0.374421 0.434081 0.374236
9 0.460500 0.351931 0.461633 0.351602 0.462357 0.352403 0.462747 0.353903 0.462385 0.355940 0.460578 0.356370 0.459867 0.354394 0.460018 0.353051
9 0.459846 0.347829 0.460208 0.346440 0.461292 0.346065 0.462227 0.346921 0.462375 0.350347 0.461198 0.350880 0.459966 0.349972
9 0.465443 0.352593 0.466323 0.351065 0.467130 0.351278 0.468018 0.352787 0.467857 0.355009 0.467091 0.355796 0.465638 0.355653
9 0.473102 0.344037 0.473263 0.341097 0.474633 0.340880 0.476005 0.341597 0.476005 0.343606 0.474956 0.346333 0.473625 0.345972
9 0.476005 0.341597 0.476917 0.341505 0.478047 0.342079 0.478409 0.344157 0.478086 0.346523 0.476432 0.346380 0.475786 0.345593 0.475586 0.344731 0.476005 0.343606
9 0.475802 0.336722 0.476005 0.333208 0.477375 0.333139 0.478870 0.334356 0.478628 0.337653 0.477740 0.338657 0.476690 0.338014
9 0.477646 0.355620 0.477646 0.354065 0.478365 0.352995 0.480323 0.353583 0.480505 0.355565 0.480232 0.356958 0.479419 0.357815 0.478154 0.357171
9 0.462867 0.380778 0.463206 0.379806 0.463544 0.378370 0.464117 0.377630 0.464716 0.378324 0.464768 0.379667 0.465680 0.379481 0.466018 0.380639 0.464586 0.383972 0.463258 0.383741 0.463466 0.383231 0.463336 0.381287
9 0.468693 0.380657 0.469740 0.380287 0.470924 0.380532 0.470820 0.383944 0.470542 0.385245 0.469648 0.385829 0.469091 0.384898 0.468672 0.383472
9 0.467721 0.377514 0.466654 0.377421 0.466680 0.375477 0.466940 0.373903 0.467878 0.373764 0.468971 0.373903 0.468893 0.375292 0.468294 0.375662 0.468242 0.377375
9 0.470599 0.375417 0.470938 0.376667 0.470729 0.378657 0.470286 0.379861 0.469740 0.380287 0.468693 0.380657 0.468125 0.378565 0.468242 0.377375 0.468294 0.375662 0.468893 0.375292
9 0.467383 0.383597 0.466938 0.382454 0.467357 0.381065 0.468693 0.380657 0.468672 0.383472
9 0.466654 0.377421 0.466182 0.378333 0.465680 0.379481 0.466018 0.380639 0.466424 0.381440 0.467177 0.381546 0.467357 0.381065 0.468693 0.380657 0.468125 0.378565 0.468242 0.377375 0.467721 0.377514
9 0.478464 0.375005 0.478638 0.372958 0.479372 0.372588 0.481255 0.372528 0.481081 0.375190 0.480940 0.376120 0.479128 0.376556
9 0.483206 0.366389 0.483206 0.364653 0.483451 0.362856 0.485055 0.362426 0.486240 0.364157 0.485786 0.367505 0.484323 0.367505
13 0.383438 0.257792 0.392846 0.280750 0.396219 0.277528 0.398094 0.278083 0.403854 0.271852 0.411276 0.265199 0.415401 0.263977 0.417151 0.262977 0.418773 0.263199 0.418464 0.257981 0.419086 0.253093 0.419836 0.252537 0.420023 0.246208 0.421273 0.230991 0.420461 0.229657 0.416151 0.229769 0.403591 0.232319 0.397344 0.235875 0.392284 0.240764 0.390846 0.243542 0.388622 0.242139 0.389659 0.244875 0.385060 0.251838 0.383599 0.252417 0.384029 0.254426
2 0.482237 0.266306 0.483857 0.259394 0.486396 0.252866 0.486935 0.247394 0.489258 0.246625 0.491904 0.248546 0.490500 0.254116 0.489474 0.257569 0.490013 0.261028 0.492010 0.261889 0.491849 0.267843 0.491526 0.271394 0.489529 0.272065 0.489529 0.269667 0.488177 0.268898 0.487260 0.269088 0.485044 0.267556
2 0.482237 0.266306 0.481758 0.268551 0.482620 0.274694 0.483000 0.276810 0.484349 0.274602 0.486240 0.274602 0.488615 0.273352 0.489529 0.272065 0.489529 0.269667 0.488177 0.268898 0.487260 0.269088 0.485044 0.267556
2 0.491526 0.271394 0.491703 0.269755 0.493060 0.266005 0.496284 0.258398 0.495982 0.257005 0.495982 0.255505 0.496615 0.255611 0.497760 0.259093 0.498724 0.269306 0.499714 0.273194 0.496193 0.271412 0.492729 0.271144
1 0.480417 0.295509 0.484208 0.300366 0.485263 0.303741 0.485201 0.305667 0.484146 0.307435 0.483716 0.306250 0.479885 0.296755
2 0.484146 0.307435 0.487576 0.310894 0.490563 0.312806 0.492242 0.311060 0.496208 0.309981 0.497469 0.310810 0.498451 0.310231 0.499336 0.310481 0.500177 0.308903 0.499141 0.306898 0.503630 0.304093 0.506711 0.300690 0.509323 0.299944 0.511190 0.302847 0.512125 0.309815 0.512638 0.318694 0.511284 0.319356 0.507737 0.305421 0.505451 0.309653 0.506758 0.314130 0.503771 0.316870 0.503443 0.315208 0.501484 0.315708 0.500224 0.315125 0.499849 0.315875 0.494016 0.317116 0.493503 0.318032 0.489768 0.318611 0.487810 0.318611 0.485615 0.316704 0.485380 0.311005
9 0.450078 0.408407 0.450807 0.407130 0.452708 0.407500 0.453185 0.409699 0.452518 0.411194 0.451677 0.411782 0.450654 0.411301
10 0.483000 0.276810 0.484349 0.274602 0.486240 0.274602 0.488615 0.273352 0.489529 0.272065 0.491526 0.271394 0.492729 0.271144 0.496193 0.271412 0.499714 0.273194 0.504125 0.275870 0.506437 0.281009 0.507810 0.287435 0.507883 0.300417 0.506711 0.300690 0.503630 0.304093 0.499141 0.306898 0.500177 0.308903 0.499336 0.310481 0.498451 0.310231 0.497469 0.310810 0.496208 0.309981 0.492242 0.311060 0.490563 0.312806 0.487576 0.310894 0.484146 0.307435 0.485201 0.305667 0.485263 0.303741 0.484208 0.300366 0.480417 0.295509 0.482221 0.290134 0.483448 0.282037
2 0.485969 0.329995 0.491484 0.330528 0.491935 0.332833 0.491437 0.336176 0.490628 0.336509 0.489878 0.335731 0.489878 0.334176 0.489190 0.333731 0.488003 0.334065 0.486565 0.332065 0.486503 0.330847
9 0.493437 0.338620 0.493255 0.336944 0.493724 0.335278 0.494479 0.334583 0.495109 0.336477 0.495911 0.340139 0.495339 0.342639 0.493500 0.340509 0.493500 0.340509
2 0.537451 0.383310 0.538427 0.385583 0.538862 0.383718 0.539750 0.383472 0.541477 0.384963 0.544323 0.384630 0.543576 0.387204 0.541719 0.393426 0.545099 0.396417 0.546070 0.392958 0.548932 0.391412 0.552456 0.392014 0.551706 0.390602 0.550716 0.389611 0.549784 0.389528 0.547682 0.387120 0.546143 0.385130 0.546487 0.383051 0.542221 0.382407 0.542221 0.382407 0.538969 0.382023
1 0.530195 0.373671 0.529010 0.375509 0.531956 0.378824 0.533609 0.382551 0.533646 0.386481 0.535786 0.387810 0.538125 0.390417 0.538490 0.388366 0.538255 0.386458 0.538427 0.385583 0.537451 0.383310 0.534198 0.378042
1 0.514495 0.365833 0.524310 0.374440 0.526667 0.376250 0.527680 0.377319 0.526995 0.378824 0.525138 0.376815 0.518701 0.371935 0.517068 0.370111 0.515714 0.368949 0.514583 0.368472
9 0.434185 0.367245 0.434219 0.365370 0.434914 0.364792 0.436268 0.364653 0.436659 0.366134 0.436711 0.368773 0.435904 0.369606 0.435357 0.369699 0.434471 0.368542
9 0.438560 0.355856 0.439523 0.354560 0.440565 0.354653 0.441268 0.356042 0.441372 0.357801 0.441138 0.359190 0.440253 0.359190 0.439133 0.359144 0.438612 0.356875
9 0.439836 0.363356 0.440148 0.361690 0.441893 0.361366 0.442362 0.362431 0.442310 0.365069 0.441867 0.366227 0.440565 0.366134 0.440227 0.365023
9 0.438299 0.373495 0.438534 0.372384 0.439289 0.371505 0.440253 0.371597 0.440852 0.372569 0.441008 0.374653 0.440565 0.375718 0.439784 0.376505 0.438664 0.376134
9 0.446997 0.373310 0.446529 0.372384 0.445383 0.372569 0.444680 0.374190 0.444914 0.376134 0.446060 0.376829
9 0.442422 0.380231 0.442987 0.378588 0.444602 0.378542 0.445096 0.380023 0.444211 0.383310 0.442812 0.382454
9 0.438612 0.384560 0.439055 0.382384 0.439836 0.381829 0.440956 0.382477 0.441555 0.383819 0.441294 0.385486 0.440357 0.386782 0.439107 0.386829
9 0.440148 0.390394 0.440643 0.388912 0.442180 0.388681 0.442310 0.390162 0.442049 0.392153 0.440227 0.392431 0.439966 0.391458
9 0.453526 0.345620 0.454583 0.347370 0.455714 0.343843 0.453958 0.344028
9 0.469747 0.416796 0.469964 0.414875 0.471260 0.414204 0.472771 0.415069 0.472932 0.418810 0.471906 0.419963 0.470773 0.420157
9 0.446492 0.410176 0.445773 0.409486 0.445589 0.408093 0.445740 0.407282 0.446734 0.407069 0.448180 0.407282 0.448154 0.409051 0.447547 0.410231
2 0.527034 0.382194 0.528648 0.382120 0.529495 0.382981 0.533646 0.386481 0.535786 0.387810 0.538125 0.390417 0.541719 0.393426 0.545099 0.396417 0.544721 0.399102 0.545477 0.401023 0.546935 0.404477 0.547576 0.405148 0.540854 0.410458 0.533594 0.415463 0.535833 0.417454 0.535740 0.419838 0.533779 0.421079 0.533174 0.423153 0.531820 0.423074 0.525193 0.417181 0.523560 0.415690 0.523044 0.416519 0.520292 0.414528 0.520664 0.412204 0.517771 0.410296 0.515391 0.406810 0.526552 0.395157 0.523115 0.388602 0.526990 0.384495
5 0.297013 0.203889 0.288721 0.187306 0.294810 0.183389 0.308674 0.177398 0.311911 0.175097 0.316057 0.171644 0.321370 0.171644 0.331484 0.192037 0.343005 0.212407 0.357388 0.241662 0.371185 0.271329 0.373984 0.280079 0.374555 0.283259 0.376224 0.285444 0.376458 0.288046 0.372870 0.284847 0.369734 0.282472 0.366146 0.278491 0.361979 0.280648 0.359266 0.284731 0.335143 0.254995 0.306938 0.217222
5 0.357547 0.158755 0.356435 0.154731 0.355596 0.153046 0.355523 0.149398 0.359219 0.149204 0.362883 0.148806 0.362883 0.147792 0.358784 0.143718 0.358755 0.142060 0.361227 0.140282 0.364388 0.132481 0.363685 0.130005 0.362427 0.128514 0.362516 0.125519 0.365508 0.125852 0.372786 0.132907 0.378664 0.138218 0.384917 0.144190 0.389536 0.148009 0.395753 0.153481 0.403409 0.161954 0.415229 0.173750 0.423760 0.180292 0.433701 0.189894 0.442901 0.199713 0.447419 0.204171 0.447044 0.206278 0.448794 0.213167 0.449609 0.219051 0.456609 0.225056 0.455227 0.227278 0.454115 0.228287 0.453177 0.229907 0.451172 0.228051 0.449734 0.227046 0.447943 0.231296 0.446706 0.239412 0.439331 0.231185 0.439766 0.240181 0.440266 0.249509 0.434219 0.242505 0.424984 0.232806 0.411701 0.218213 0.396148 0.201894 0.379083 0.182597 0.362451 0.164551
5 0.384917 0.144190 0.377315 0.135782 0.371388 0.129644 0.368401 0.126907 0.368401 0.125662 0.370081 0.123171 0.374234 0.120435 0.375401 0.119190 0.376521 0.112801 0.377409 0.110560 0.381047 0.102597 0.383055 0.102264 0.383570 0.102500 0.384411 0.103250 0.410234 0.129417 0.441930 0.159255 0.468906 0.185454 0.466456 0.189551 0.466456 0.189551 0.465057 0.192620 0.463003 0.198014 0.461883 0.200171 0.461229 0.200088 0.460622 0.199009 0.459596 0.200333 0.460016 0.202412 0.458661 0.206560 0.456328 0.208051 0.456281 0.209546 0.454010 0.212546 0.447419 0.204171 0.442901 0.199713 0.433701 0.189894 0.423760 0.180292 0.415229 0.173750 0.403409 0.161954 0.395753 0.153481 0.389536 0.148009
5 0.464870 0.234852 0.462633 0.232213 0.459487 0.232356 0.457607 0.233384 0.456609 0.233602 0.453638 0.235727 0.452146 0.237019 0.450979 0.238903 0.451461 0.240102 0.462190 0.251861 0.474815 0.265917 0.494823 0.288435 0.498818 0.293671 0.507609 0.302417 0.525440 0.323931 0.533424 0.333111 0.534596 0.334616 0.535724 0.338417 0.535951 0.339593 0.531870 0.341514 0.530984 0.342181 0.531474 0.344005 0.539958 0.353324 0.541630 0.352431 0.541044 0.350500 0.541044 0.345296 0.543135 0.343958 0.546984 0.349014 0.548823 0.347676 0.548992 0.343065 0.552003 0.347676 0.554094 0.347227 0.554010 0.342917 0.556518 0.331167 0.559279 0.325815 0.562307 0.327806 0.563315 0.327157 0.562786 0.326019 0.559375 0.322639 0.557318 0.320694 0.553078 0.316412 0.551865 0.314755 0.550130 0.314398 0.547383 0.311681 0.544583 0.314171 0.542344 0.311602 0.540198 0.310602 0.538469 0.311185 0.536695 0.311269 0.514576 0.287454 0.489557 0.260986
5 0.451461 0.240102 0.449839 0.242657 0.446706 0.239412 0.439331 0.231185 0.439766 0.240181 0.440266 0.249509 0.440211 0.252102 0.437727 0.253926 0.434974 0.255463 0.433948 0.257000 0.436797 0.259120 0.445964 0.269815 0.464237 0.290875 0.480622 0.308231 0.488049 0.313931 0.500633 0.331287 0.511859 0.346162 0.517961 0.354032 0.521133 0.351491 0.526328 0.345542 0.531870 0.341514 0.535951 0.339593 0.535724 0.338417 0.534596 0.334616 0.533424 0.333111 0.525440 0.323931 0.507609 0.302417 0.498818 0.293671 0.494823 0.288435 0.474815 0.265917 0.462190 0.251861
