0 0.374964 0.135931 0.375667 0.154051 0.366503 0.150699 0.365133 0.151991 0.364477 0.155116 0.366703 0.158968 0.368471 0.160343 0.365659 0.163718 0.363435 0.167319 0.362333 0.172528 0.362099 0.177384 0.358021 0.179676 0.353029 0.193921 0.353615 0.211898 0.353956 0.221125 0.355021 0.227250 0.353216 0.240519 0.351294 0.249852 0.350510 0.257894 0.350615 0.268347 0.352878 0.278282 0.362990 0.296366 0.367510 0.298676 0.371859 0.298884 0.375995 0.296468 0.378643 0.291741 0.373159 0.284116 0.372937 0.277991 0.370112 0.269139 0.368987 0.263264 0.369714 0.258435 0.373055 0.244829 0.378279 0.231458 0.387102 0.234958 0.388286 0.255745 0.389328 0.267847 0.388344 0.273537 0.383974 0.280014 0.380799 0.285491 0.381104 0.289014 0.385063 0.305009 0.387044 0.307926 0.389880 0.310111 0.393253 0.310259 0.393628 0.313551 0.406974 0.311384 0.406893 0.306426 0.410138 0.303801 0.412669 0.300949 0.414320 0.294199 0.415328 0.288264 0.416008 0.282866 0.414695 0.279116 0.411109 0.274847 0.405029 0.268079 0.404396 0.265306 0.401490 0.232144 0.405979 0.227731 0.409398 0.222440 0.414672 0.227898 0.415552 0.231292 0.420531 0.236227 0.423977 0.242250 0.426810 0.247810 0.427911 0.250435 0.427185 0.266870 0.429529 0.271264 0.430911 0.275681 0.431065 0.279889 0.433362 0.284949 0.439044 0.285532 0.442583 0.276722 0.445523 0.265870 0.447948 0.256019 0.447328 0.245662 0.445688 0.235435 0.442419 0.225875 0.437779 0.217042 0.438914 0.194546 0.432753 0.185296 0.423143 0.168426 0.417424 0.158718 0.407513 0.171111 0.404362 0.171903 0.403224 0.141866
5 0.363102 0.142894 0.365133 0.151991 0.366503 0.150699 0.369008 0.151569 0.367742 0.146856 0.365602 0.142676 0.364849 0.141125 0.363643 0.141282
5 0.357938 0.148454 0.362294 0.157569 0.364242 0.157375 0.366583 0.162537 0.367495 0.161556 0.366703 0.158968 0.364477 0.155116 0.365133 0.151991 0.360672 0.145167
5 0.366703 0.158968 0.368471 0.160343 0.367495 0.161556
5 0.415328 0.288264 0.414320 0.294199 0.413352 0.298278 0.414708 0.299926 0.415797 0.301505 0.417047 0.304042 0.422451 0.312282 0.429948 0.319657 0.437094 0.321644 0.439193 0.322014 0.440846 0.322519 0.441977 0.325745 0.445669 0.325546 0.453026 0.322139 0.457977 0.315194 0.457977 0.303856 0.451247 0.299639 0.449609 0.299579 0.448357 0.300426 0.443721 0.303838 0.438456 0.298815 0.431549 0.292944 0.430328 0.294616 0.427781 0.298028 0.424784 0.297468 0.423216 0.296412 0.421510 0.293625 0.418508 0.289287 0.417047 0.285449
5 0.418057 0.284014 0.422240 0.291579 0.425133 0.295602 0.427471 0.294866 0.428479 0.292569 0.427083 0.288481 0.419781 0.281269
1 0.563490 0.612593 0.546466 0.637088 0.548406 0.637000 0.564323 0.614537
2 0.546568 0.596347 0.546430 0.600125 0.545174 0.603597 0.545557 0.608556 0.546534 0.609116 0.553263 0.609051 0.554414 0.607130 0.551589 0.594921 0.551031 0.593060 0.548557 0.591514 0.548729 0.594736
9 0.531474 0.610972 0.530742 0.612894 0.531263 0.614940 0.532729 0.614569 0.533042 0.613204 0.532867 0.611347
2 0.550612 0.570329 0.546365 0.572417 0.550432 0.591435 0.551758 0.593417 0.556701 0.590204 0.556729 0.586829 0.554047 0.582329 0.551758 0.579273 0.550703 0.574185
2 0.594846 0.605065 0.595474 0.611449 0.596625 0.612505 0.596883 0.616296 0.598844 0.616380 0.596763 0.597755 0.593974 0.598745
9 0.574063 0.615963 0.584375 0.618537 0.591516 0.617704 0.596883 0.616296 0.596625 0.612505 0.595474 0.611449 0.594846 0.605065 0.586096 0.600977 0.581633 0.598435 0.578565 0.599736 0.576719 0.599801 0.574799 0.604324 0.573719 0.610333
1 0.574063 0.615963 0.574109 0.619449 0.575555 0.624009 0.577734 0.632963 0.584909 0.631356 0.597305 0.628769 0.600854 0.628315 0.598844 0.616380 0.596883 0.616296 0.591516 0.617704 0.584375 0.618537
1 0.578224 0.634491 0.581549 0.645162 0.582089 0.655431 0.600826 0.640648 0.602448 0.631912 0.601341 0.629824 0.595206 0.630472 0.584964 0.633125
1 0.569732 0.663694 0.567393 0.664481 0.563641 0.659750 0.558438 0.651574 0.556703 0.647056 0.556299 0.643398 0.556461 0.640315 0.557987 0.637986 0.558922 0.637194 0.561453 0.636889 0.563971 0.637287 0.568036 0.638861 0.570482 0.640810 0.572281 0.639792 0.574023 0.636731 0.575380 0.637477 0.573268 0.642245 0.572643 0.646088 0.570604 0.642551 0.568182 0.640690 0.565279 0.639403 0.562172 0.638681 0.559430 0.638824 0.558099 0.639972 0.557576 0.642486 0.557896 0.646065 0.559349 0.649944 0.562333 0.655181 0.566286 0.660694
1 0.497760 0.635000 0.498424 0.652852 0.499253 0.653750 0.511219 0.654407 0.510242 0.652667 0.500062 0.651736 0.499331 0.650625 0.498919 0.635231
1 0.497844 0.630250 0.497852 0.633361 0.498966 0.633736 0.499117 0.628755
1 0.509411 0.600384 0.507266 0.605139 0.510115 0.602236
1 0.513760 0.592931 0.514594 0.596866 0.513552 0.598116 0.512823 0.594412 0.513185 0.593250 0.513161 0.593255
1 0.508786 0.597051 0.509411 0.600384 0.510115 0.602236 0.510792 0.601634 0.510708 0.600375 0.510255 0.598454 0.509854 0.596125 0.509255 0.596125
1 0.499797 0.589653 0.500703 0.590644 0.502378 0.587051 0.504747 0.581843 0.507292 0.578185 0.509768 0.575833 0.511477 0.574593 0.513846 0.574222 0.515625 0.575583 0.515451 0.579301 0.514997 0.582898 0.513359 0.590148 0.511023 0.596097 0.510255 0.598454 0.510708 0.600375 0.513185 0.593250 0.515242 0.586431 0.516357 0.581037 0.516531 0.575708 0.515206 0.573477 0.512940 0.572796 0.510255 0.573847 0.506664 0.576514 0.504573 0.579921 0.501750 0.585315
1 0.521745 0.638750 0.522070 0.643708 0.524081 0.646861 0.529870 0.650181 0.529258 0.651676 0.524357 0.649681 0.520531 0.650097 0.517635 0.654495 0.513669 0.657815 0.506859 0.659472 0.501628 0.657731 0.497755 0.654829 0.495513 0.652088 0.493320 0.639144 0.493880 0.634167 0.495063 0.634523 0.494674 0.638315 0.494258 0.642213 0.495234 0.647361 0.497008 0.651259 0.499253 0.653750 0.502422 0.656153 0.507234 0.657565 0.512648 0.656319 0.515914 0.653750 0.518711 0.650014 0.520109 0.647028 0.522211 0.647440 0.521188 0.645120 0.520547 0.638704
1 0.494781 0.632745 0.496536 0.629755 0.498870 0.626602 0.501484 0.624444 0.504797 0.622866 0.507596 0.622449 0.510771 0.622449 0.514224 0.623528 0.516326 0.625440 0.518518 0.628259 0.520432 0.631829 0.521599 0.637222 0.520172 0.637167 0.518891 0.631829 0.516932 0.628176 0.513664 0.625273 0.508951 0.624444 0.505870 0.624773 0.502604 0.626269 0.500271 0.627431 0.497844 0.630250 0.496302 0.633069
1 0.524336 0.553991 0.522339 0.558213 0.521745 0.561190 0.521852 0.566278 0.524120 0.570694 0.528602 0.572037 0.532490 0.571750 0.536055 0.569829 0.538807 0.567523 0.543021 0.573380 0.543667 0.571269 0.541669 0.565509 0.544047 0.562343 0.545883 0.559269 0.547393 0.554949 0.547771 0.550819 0.546909 0.545926 0.545180 0.543815 0.543237 0.542375 0.539456 0.541509 0.536081 0.542787 0.532419 0.547269 0.536388 0.544944 0.539656 0.543782 0.544229 0.545194 0.546099 0.549431 0.546331 0.553162 0.544974 0.556898 0.543063 0.560796 0.540914 0.562870 0.538258 0.565528 0.535828 0.567514 0.531070 0.569426 0.526680 0.569264 0.524396 0.567764 0.523271 0.566106 0.522948 0.562870 0.523833 0.558560 0.525443 0.555657
1 0.491594 0.630968 0.494781 0.632745 0.505716 0.635190 0.520172 0.637167 0.535344 0.637745 0.548406 0.637000 0.564695 0.635014 0.576461 0.633190 0.584909 0.631356 0.597305 0.628769 0.600854 0.628315 0.601341 0.629824 0.595206 0.630472 0.584964 0.633125 0.578224 0.634491 0.561453 0.636889 0.547214 0.638403 0.535680 0.639190 0.520547 0.638704 0.505547 0.636532 0.495063 0.634523 0.492320 0.633523
7 0.522846 0.617806 0.545029 0.613477 0.546214 0.631134 0.541841 0.631579 0.530969 0.626347
1 0.529339 0.416380 0.529177 0.421829 0.528128 0.423838 0.527685 0.425556 0.528021 0.429792 0.527927 0.433773 0.528654 0.439829 0.529641 0.444032 0.532987 0.458444 0.536477 0.461120 0.532792 0.452296 0.530643 0.442505 0.530083 0.436944 0.529336 0.428148 0.529151 0.425662 0.531951 0.426907 0.530953 0.422259 0.530992 0.416093
1 0.525174 0.422907 0.524893 0.425977 0.526948 0.433856 0.527927 0.433773 0.528021 0.429792 0.526154 0.422991
1 0.529151 0.425662 0.531951 0.426907 0.534656 0.429894 0.538203 0.436528 0.540023 0.441093 0.540958 0.446653 0.539326 0.444412 0.536617 0.437028 0.533443 0.431139 0.529336 0.428148
2 0.521576 0.447583 0.522508 0.449657 0.520315 0.456875 0.517141 0.462847 0.523763 0.465449 0.526586 0.461481 0.531297 0.460801 0.531331 0.464023 0.527078 0.468361 0.527320 0.469694 0.531932 0.471894 0.534070 0.468671 0.534937 0.464440 0.535245 0.462940 0.532836 0.460625 0.531484 0.457222 0.532987 0.458444 0.529641 0.444032 0.524008 0.444245
2 0.523763 0.465449 0.526586 0.461481 0.531297 0.460801 0.531331 0.464023 0.527078 0.468361 0.525927 0.467125
1 0.534937 0.464440 0.535497 0.467676 0.537742 0.472241 0.539375 0.474894 0.542268 0.475810 0.538625 0.470829 0.536523 0.466931 0.535875 0.464028
1 0.531484 0.457222 0.536477 0.461120 0.540495 0.465519 0.543997 0.469667 0.547029 0.473815 0.550344 0.478796 0.546372 0.477134 0.541378 0.469338 0.536711 0.464273 0.532836 0.460625
9 0.546992 0.488870 0.546388 0.490532 0.546961 0.492727 0.548469 0.492889 0.549281 0.490426 0.548951 0.488551
9 0.539701 0.485176 0.539188 0.486620 0.539398 0.488708 0.540333 0.489032 0.541659 0.488333 0.541779 0.487426 0.541687 0.485069 0.540664 0.485014
9 0.529547 0.479176 0.529185 0.481264 0.529997 0.483301 0.531474 0.483352 0.531865 0.481208 0.531654 0.479333 0.530901 0.478694
9 0.494708 0.494556 0.495229 0.493005 0.496484 0.493005 0.497565 0.494370 0.497810 0.496102 0.497148 0.497407
9 0.489201 0.487551 0.489687 0.485815 0.490768 0.485259 0.492336 0.486931 0.492302 0.488542 0.491466 0.490153
9 0.471674 0.465356 0.472701 0.464551 0.474206 0.466051 0.474690 0.467389 0.475682 0.466801 0.476948 0.468245 0.476979 0.469907 0.478758 0.471838 0.479539 0.471782 0.480745 0.473713 0.480685 0.474620 0.481919 0.475801 0.482404 0.477676 0.482281 0.478852 0.475984 0.470981
9 0.467216 0.459167 0.467820 0.457444 0.469435 0.457231 0.470562 0.459023 0.470685 0.460958 0.469836 0.462611
9 0.459107 0.448194 0.460964 0.445542 0.462698 0.446116 0.462898 0.448699 0.461932 0.452282
9 0.449870 0.436866 0.450396 0.435287 0.451523 0.435431 0.452615 0.436509 0.452935 0.438657 0.452292 0.439593
9 0.445513 0.430843 0.446320 0.429769 0.447531 0.429838 0.448458 0.431417 0.447974 0.433852
9 0.442086 0.426537 0.442570 0.424315 0.443901 0.423454 0.445190 0.424028 0.445674 0.426324 0.445352 0.428833 0.444628 0.429625
9 0.433654 0.415495 0.434018 0.414278 0.435953 0.414347 0.436802 0.416282 0.436518 0.418722
9 0.405766 0.379630 0.406185 0.378264 0.407266 0.378019 0.408242 0.378824 0.408974 0.380250 0.408484 0.382417
10 0.373055 0.244829 0.378279 0.231458 0.387102 0.234958 0.388286 0.255745 0.382828 0.253194 0.380453 0.258185 0.368987 0.263264 0.369714 0.258435 0.379589 0.254921 0.379372 0.250407
1 0.414708 0.299926 0.413982 0.305736 0.413862 0.313694 0.414750 0.321296 0.415596 0.324667 0.417492 0.329759 0.421242 0.335495 0.426125 0.340014 0.429917 0.340875 0.433424 0.340514 0.436693 0.338796 0.439758 0.335639 0.442177 0.329403 0.441977 0.325745 0.440846 0.322519 0.439193 0.322014 0.440404 0.325241 0.440888 0.328542 0.439477 0.332630 0.436893 0.336000 0.434312 0.337792 0.430602 0.338653 0.427091 0.337505 0.424349 0.335569 0.421242 0.332056 0.419346 0.328685 0.417612 0.324741 0.416081 0.319292 0.415232 0.311259 0.415797 0.301505
1 0.409409 0.271069 0.411109 0.274847 0.414695 0.279116 0.416008 0.282866 0.418508 0.289287 0.421510 0.293625 0.423216 0.296412 0.424784 0.297468 0.427781 0.298028 0.430328 0.294616 0.435453 0.287431 0.434583 0.285630 0.429943 0.290958 0.428375 0.286310 0.425693 0.275403 0.426250 0.267472 0.427185 0.266870 0.427417 0.261718 0.425409 0.264713 0.424523 0.268199 0.423703 0.277569 0.427083 0.288481 0.428479 0.292569 0.427471 0.294866 0.425133 0.295602 0.422240 0.291579 0.418057 0.284014 0.415654 0.278130 0.411818 0.270944
1 0.402854 0.248065 0.412255 0.249991 0.411724 0.252556 0.403216 0.251597
2 0.403818 0.258222 0.404203 0.263153 0.408917 0.262324 0.412773 0.254634 0.413820 0.251338 0.416969 0.250620 0.423057 0.260014 0.423964 0.259069 0.425224 0.261310 0.425083 0.258574 0.416323 0.244741 0.413539 0.244023 0.411724 0.252556 0.407247 0.256713
1 0.424430 0.246875 0.422888 0.248532 0.424849 0.252426 0.424383 0.256083 0.425083 0.258574 0.425224 0.261310 0.423964 0.259069 0.421115 0.261551 0.421424 0.264815 0.421750 0.266556 0.423151 0.267968 0.424523 0.268199 0.425409 0.264713 0.427417 0.261718 0.427836 0.253926 0.426062 0.253181 0.425456 0.249611
1 0.404203 0.263153 0.408917 0.262324 0.410690 0.263819 0.421424 0.264815 0.421750 0.266556 0.423151 0.267968 0.422870 0.270454 0.407656 0.271120 0.405029 0.268079 0.404396 0.265306
2 0.388521 0.258435 0.379609 0.272644 0.379935 0.273889 0.385766 0.274560 0.388344 0.273537 0.389328 0.267847
1 0.334333 0.280866 0.338083 0.282088 0.335706 0.284167 0.334818 0.287537 0.336833 0.286889 0.340909 0.283449 0.348008 0.283880 0.347846 0.279505 0.338729 0.278718
1 0.326891 0.267630 0.325919 0.263407 0.326781 0.259472 0.330346 0.256398 0.335151 0.255056 0.340120 0.255343 0.343737 0.256208 0.348221 0.258032 0.345628 0.259375 0.342549 0.258125 0.338716 0.257838 0.335477 0.257741 0.331263 0.258801 0.328888 0.260431 0.327375 0.262542 0.328401 0.266861
1 0.354721 0.225523 0.347107 0.236468 0.341437 0.242995 0.337820 0.246644 0.332690 0.249907 0.333174 0.250968 0.337604 0.249144 0.342734 0.244435 0.347701 0.238676 0.355021 0.227250
5 0.469596 0.298491 0.466188 0.300917 0.466458 0.302778 0.464922 0.308241 0.463307 0.307731 0.459245 0.302176 0.458255 0.295694 0.458542 0.291898 0.454409 0.279333 0.449771 0.275889 0.443922 0.271875 0.442583 0.276722 0.441737 0.278884 0.441909 0.288528 0.443896 0.290389 0.446057 0.293856 0.447591 0.297454 0.448357 0.300426 0.449609 0.299579 0.451247 0.299639 0.457977 0.303856 0.457977 0.315194 0.453026 0.322139 0.445669 0.325546 0.441977 0.325745 0.442177 0.329403 0.439758 0.335639 0.436693 0.338796 0.436609 0.340514 0.447951 0.354125 0.483888 0.400338 0.515010 0.439773 0.515911 0.433694 0.516677 0.425880 0.522896 0.373296 0.500953 0.337519 0.485771 0.317352
5 0.437094 0.321644 0.439193 0.322014 0.440404 0.325241 0.440888 0.328542 0.439477 0.332630 0.436893 0.336000
5 0.415797 0.301505 0.415232 0.311259 0.416081 0.319292 0.417612 0.324741 0.417047 0.304042
5 0.441737 0.278884 0.441909 0.288528 0.442570 0.292431 0.441003 0.294042 0.438492 0.293856 0.438456 0.298815 0.431549 0.292944 0.435453 0.287431 0.434583 0.285630 0.429943 0.290958 0.428375 0.286310 0.427378 0.282569 0.429529 0.271264 0.430911 0.275681 0.431065 0.279889 0.433362 0.284949 0.439044 0.285532
5 0.369714 0.258435 0.379589 0.254921 0.379372 0.250407 0.373055 0.244829
5 0.368987 0.263264 0.380453 0.258185 0.382828 0.253194 0.388286 0.255745 0.388521 0.258435 0.379609 0.272644 0.379935 0.273889 0.385766 0.274560 0.388344 0.273537 0.383974 0.280014 0.377292 0.275718 0.370508 0.270440 0.370112 0.269139
5 0.427911 0.250435 0.426810 0.247810 0.423977 0.242250 0.420531 0.236227 0.415552 0.231292 0.414672 0.227898 0.409398 0.222440 0.405979 0.227731 0.401490 0.232144 0.402854 0.248065 0.412255 0.249991 0.413539 0.244023 0.416323 0.244741 0.425083 0.258574 0.424383 0.256083 0.424849 0.252426 0.422888 0.248532 0.424430 0.246875 0.425456 0.249611 0.426062 0.253181 0.427836 0.253926
5 0.403216 0.251597 0.411724 0.252556 0.407247 0.256713 0.403818 0.258222
5 0.408917 0.262324 0.412773 0.254634 0.413820 0.251338 0.416969 0.250620 0.423057 0.260014 0.421115 0.261551 0.421424 0.264815 0.410690 0.263819
5 0.417807 0.270630 0.419477 0.271602 0.424219 0.271667 0.424523 0.268199 0.423151 0.267968 0.422870 0.270454
5 0.425937 0.271806 0.428354 0.271463 0.428276 0.268870 0.427185 0.266870 0.426250 0.267472
5 0.411818 0.270944 0.415654 0.278130 0.418057 0.284014 0.419781 0.281269 0.427083 0.288481 0.423703 0.277569 0.424219 0.271667 0.419477 0.271602 0.417807 0.270630
5 0.428276 0.268870 0.429529 0.271264 0.427378 0.282569 0.425693 0.275403 0.425937 0.271806 0.428354 0.271463
5 0.416008 0.282866 0.417047 0.285449 0.415328 0.288264
5 0.407656 0.271120 0.411109 0.274847 0.409409 0.271069
5 0.458299 0.488847 0.456164 0.492505 0.455409 0.491949 0.453612 0.498616 0.456026 0.504819 0.457745 0.506116 0.457602 0.504296 0.458104 0.503699 0.458104 0.500181 0.458885 0.497171 0.459896 0.495046 0.459711 0.494481 0.460753 0.492074 0.461794 0.492352 0.462938 0.496616 0.466315 0.496370 0.466398 0.494773 0.468878 0.494579 0.470349 0.496468 0.470375 0.499375 0.470893 0.507319 0.475599 0.506574 0.472716 0.499472 0.470138 0.494426 0.469174 0.493407 0.467195 0.490074 0.466120 0.488611 0.463698 0.486912 0.462310 0.486588
5 0.459068 0.502773 0.458911 0.500088 0.459510 0.498375 0.460440 0.496380 0.460701 0.499481 0.459945 0.501704
5 0.457745 0.506116 0.458747 0.506611 0.459633 0.506750 0.460570 0.508833 0.461560 0.510407 0.460974 0.511486 0.459073 0.508014
5 0.457953 0.509588 0.459513 0.512898 0.460115 0.512227
5 0.474018 0.491787 0.473776 0.495880 0.474617 0.496046 0.474930 0.498917 0.473854 0.499213 0.473854 0.502361 0.475599 0.506574 0.476161 0.506528 0.476229 0.502250 0.476370 0.499403 0.476682 0.496796 0.478078 0.493329 0.479367 0.491343 0.478370 0.490926 0.478070 0.491250 0.473701 0.490176
5 0.477591 0.506528 0.477380 0.502935 0.477622 0.498782 0.478565 0.495370 0.480169 0.492583 0.487750 0.503458 0.487708 0.504583 0.486693 0.503102 0.484974 0.503843 0.482917 0.505370 0.481328 0.508009 0.479417 0.506708
5 0.537805 0.544343 0.537352 0.546449 0.537281 0.550292 0.534701 0.560333 0.535398 0.562245 0.536695 0.562588 0.540914 0.562870 0.543063 0.560796 0.544974 0.556898 0.546331 0.553162 0.546099 0.549431 0.544229 0.545194 0.539656 0.543782
5 0.543237 0.542375 0.545180 0.543815 0.546909 0.545926 0.547771 0.550819 0.547393 0.554949 0.545883 0.559269 0.544047 0.562343 0.543320 0.563231 0.548234 0.563602 0.549214 0.557412 0.549615 0.555046 0.551060 0.550278 0.551896 0.549412 0.552104 0.547315 0.549401 0.545880 0.546135 0.542722
5 0.445523 0.265870 0.450779 0.269435 0.451906 0.271014 0.457917 0.275102 0.464049 0.284852 0.474979 0.293676 0.474818 0.295250 0.466188 0.300917 0.465542 0.299481 0.465096 0.296398 0.461992 0.290736 0.459089 0.283708 0.458523 0.284139 0.458643 0.286574 0.454409 0.279333 0.449771 0.275889 0.443922 0.271875
5 0.417047 0.304042 0.422451 0.312282 0.429948 0.319657 0.437094 0.321644 0.436893 0.336000 0.434312 0.337792 0.430602 0.338653 0.427091 0.337505 0.424349 0.335569 0.421242 0.332056 0.419346 0.328685 0.417612 0.324741
5 0.568052 0.559903 0.569440 0.561403 0.570794 0.562370 0.571578 0.563009 0.572677 0.564264 0.573984 0.566139 0.575589 0.569819 0.576349 0.573644 0.576276 0.577454 0.571008 0.577819 0.567474 0.581667 0.564661 0.585602 0.562839 0.590079 0.562211 0.592056 0.560182 0.591523 0.557818 0.589394 0.556729 0.586829 0.554047 0.582329 0.551758 0.579273 0.550703 0.574185 0.550612 0.570329 0.550661 0.566019 0.550849 0.561759 0.551794 0.558898 0.553771 0.556407 0.554294 0.555259 0.555706 0.554472 0.557562 0.554472 0.559206 0.554472 0.560737 0.555227 0.562333 0.556676 0.562862 0.556042 0.565479 0.557667
5 0.372951 0.298116 0.365622 0.319690 0.362776 0.322264 0.359089 0.317282 0.355357 0.325083 0.355451 0.328569 0.417185 0.410370 0.430133 0.426287 0.435492 0.434537 0.439008 0.438944 0.441898 0.443306 0.443154 0.444454 0.449221 0.452463 0.456513 0.462394 0.458010 0.464625 0.463945 0.471977 0.465479 0.473519 0.466109 0.474375 0.469831 0.479005 0.472344 0.482194 0.478370 0.490926 0.479367 0.491343 0.480169 0.492583 0.487750 0.503458 0.488716 0.503616 0.488648 0.505380 0.491547 0.507204 0.492510 0.507472 0.492383 0.508532 0.496589 0.513611 0.496685 0.511583 0.497544 0.512324 0.499758 0.510106 0.501622 0.503222 0.498122 0.498079 0.503294 0.480306 0.509096 0.463097 0.512086 0.458889 0.517141 0.462847 0.520315 0.456875 0.522508 0.449657 0.521576 0.447583 0.520693 0.446588 0.515010 0.439773 0.515010 0.439773 0.483888 0.400338 0.447951 0.354125 0.436609 0.340514 0.434333 0.393380 0.432208 0.395935 0.419336 0.393380 0.418276 0.390713 0.418276 0.354171 0.417492 0.329759 0.415596 0.324667 0.414750 0.321296 0.413862 0.313694 0.413982 0.305736 0.414708 0.299926 0.413352 0.298278 0.412669 0.300949 0.410138 0.303801 0.406893 0.306426 0.406974 0.311384 0.393628 0.313551 0.393253 0.310259 0.389880 0.310111 0.387044 0.307926 0.385063 0.305009 0.381104 0.289014 0.380799 0.285491 0.383974 0.280014 0.377292 0.275718 0.374258 0.281190 0.376872 0.287579 0.376266 0.288491 0.378643 0.291741 0.375995 0.296468
5 0.488648 0.505380 0.488365 0.511639 0.491365 0.507037
5 0.492383 0.508532 0.496589 0.513611 0.496432 0.515130 0.495180 0.514699 0.493568 0.524167 0.492997 0.524310 0.493401 0.515431 0.492857 0.513231 0.492005 0.513426
5 0.496849 0.518731 0.495557 0.525796 0.495807 0.525880 0.496391 0.522491 0.498164 0.520000 0.498102 0.519162
5 0.503294 0.480306 0.504273 0.485972 0.505422 0.488843 0.501792 0.500065 0.501622 0.503222 0.498122 0.498079
5 0.534044 0.566338 0.525471 0.567569 0.525122 0.568315 0.526680 0.569264 0.531070 0.569426 0.532682 0.568704
5 0.524120 0.570694 0.528602 0.572037 0.531432 0.571847 0.525818 0.583005 0.525190 0.580833 0.524065 0.579389
5 0.538807 0.567523 0.525818 0.583005 0.522128 0.587144 0.521190 0.588718 0.518393 0.592176 0.517279 0.593417 0.514594 0.596866 0.513552 0.598116 0.510792 0.601634 0.510115 0.602236 0.507266 0.605139 0.502792 0.610801 0.501703 0.612019 0.501703 0.612019 0.501427 0.613037 0.503042 0.615352 0.507596 0.622449 0.510771 0.622449 0.514224 0.623528 0.516326 0.625440 0.518518 0.628259 0.521229 0.626713 0.523164 0.626227 0.528042 0.626954 0.530740 0.629569 0.530969 0.626347 0.522846 0.617806 0.536388 0.615250 0.528859 0.603227 0.535586 0.594241 0.537086 0.593991 0.539177 0.596532 0.539318 0.601056 0.541513 0.601306 0.543292 0.607315 0.545557 0.608556 0.545174 0.603597 0.546430 0.600125 0.546568 0.596347 0.548729 0.594736 0.548557 0.591514 0.551031 0.593060 0.551589 0.594921 0.554414 0.607130 0.553263 0.609051 0.546534 0.609116 0.553122 0.613204 0.545732 0.623741 0.546214 0.631134 0.547544 0.630968 0.550107 0.627417 0.549805 0.626144 0.550273 0.624523 0.550919 0.626639 0.562792 0.610644 0.561961 0.608366 0.561451 0.604407 0.561086 0.596366 0.562216 0.592088 0.560182 0.591523 0.557818 0.589394 0.556729 0.586829 0.556701 0.590204 0.551758 0.593417 0.550432 0.591435 0.546365 0.572417 0.550612 0.570329 0.545047 0.563324 0.543320 0.563231 0.541669 0.565509 0.543667 0.571269 0.543021 0.573380
5 0.545047 0.563324 0.550612 0.570329 0.550661 0.566019 0.550849 0.561759 0.551794 0.558898 0.553771 0.556407 0.549214 0.557412 0.548234 0.563602
5 0.549615 0.555046 0.553568 0.554185 0.557078 0.552463 0.555039 0.550977 0.554677 0.549421 0.552104 0.547315 0.551896 0.549412 0.551060 0.550278
5 0.558438 0.651574 0.563641 0.659750 0.567393 0.664481 0.566607 0.665060 0.566714 0.666796 0.553464 0.675102 0.549526 0.674977 0.552453 0.663139 0.557125 0.651611
5 0.559638 0.650449 0.562333 0.655181 0.566286 0.660694 0.569732 0.663694 0.573414 0.654801 0.572503 0.651005 0.572477 0.647532 0.572643 0.646088 0.570604 0.642551 0.568182 0.640690 0.566383 0.639894
5 0.566930 0.638458 0.568036 0.638861 0.570482 0.640810 0.572281 0.639792 0.574023 0.636731 0.575380 0.637477 0.573268 0.642245 0.574586 0.641144 0.575706 0.641005 0.576206 0.642204 0.576440 0.638593 0.577430 0.636787 0.578523 0.635398 0.578224 0.634491 0.567945 0.636005
5 0.577898 0.644102 0.578029 0.640907 0.578576 0.639241 0.579148 0.637389 0.581549 0.645162 0.582089 0.655431 0.580831 0.655829 0.579367 0.653287 0.579961 0.649815 0.579576 0.645292
5 0.467497 0.532917 0.470357 0.538435 0.485034 0.516741 0.480362 0.514944 0.476630 0.515875 0.474365 0.517546 0.471018 0.521514 0.468229 0.528148
2 0.549529 0.635421 0.549424 0.636810 0.552852 0.636514 0.551576 0.632532
2 0.544453 0.636250 0.546214 0.631134 0.547544 0.630968 0.550107 0.627417 0.551029 0.630495 0.548672 0.633981 0.548047 0.633750
2 0.554117 0.622324 0.554768 0.625148 0.551849 0.629444 0.550919 0.626639 0.550919 0.626639
2 0.555419 0.627139 0.556070 0.630338 0.555966 0.632509 0.555133 0.636213 0.554362 0.636282 0.552331 0.631329
1 0.530328 0.679333 0.535417 0.681481 0.535807 0.679907 0.535000 0.676713 0.533698 0.676898 0.533698 0.678380 0.532109 0.677639 0.530807 0.678056
2 0.561453 0.636889 0.563971 0.637287 0.566930 0.638458 0.567945 0.636005
2 0.559349 0.649944 0.557896 0.646065 0.557576 0.642486 0.558099 0.639972 0.559430 0.638824 0.562172 0.638681 0.565279 0.639403 0.566383 0.639894 0.559638 0.650449
2 0.556003 0.637454 0.553971 0.640792 0.550560 0.644120 0.548581 0.645509 0.548331 0.648153 0.546560 0.649634 0.541508 0.651671 0.540820 0.652083 0.539987 0.655838 0.538242 0.658935 0.540924 0.662176 0.542255 0.661972 0.541393 0.663194 0.550247 0.672176 0.552453 0.663139 0.557125 0.651611 0.558438 0.651574 0.556703 0.647056 0.556299 0.643398 0.556461 0.640315 0.557987 0.637986 0.558922 0.637194
2 0.574109 0.619449 0.571557 0.619648 0.568805 0.620745 0.566549 0.623741 0.562784 0.628505 0.557266 0.635995 0.564695 0.635014 0.568456 0.634444 0.572987 0.622421 0.573964 0.621986 0.575555 0.624009
2 0.549529 0.635421 0.549424 0.636810 0.548406 0.637000
2 0.542448 0.637407 0.544453 0.636250 0.548047 0.633750 0.548672 0.633981 0.546466 0.637088
2 0.541195 0.646903 0.541508 0.651671 0.546560 0.649634 0.548331 0.648153 0.548904 0.643384 0.549268 0.638199 0.547214 0.638403
2 0.541378 0.638755 0.541302 0.644537 0.545677 0.638565
2 0.456711 0.483741 0.456138 0.486380 0.458560 0.487042 0.458299 0.488847 0.462310 0.486588 0.461044 0.484148 0.460870 0.486009 0.460312 0.487060 0.459047 0.485315 0.457779 0.484713 0.457354 0.483370
2 0.453747 0.272245 0.454919 0.271181 0.458044 0.270440 0.459581 0.271968 0.462654 0.277014 0.462706 0.282662 0.457917 0.275102
2 0.458643 0.286574 0.458523 0.284139 0.459089 0.283708 0.461992 0.290736 0.465096 0.296398 0.465542 0.299481 0.466188 0.300917 0.466458 0.302778 0.464922 0.308241 0.463307 0.307731 0.459245 0.302176 0.458255 0.295694 0.458542 0.291898 0.454409 0.279333
3 0.513760 0.592931 0.516859 0.590005 0.519578 0.586722 0.520346 0.587218 0.519961 0.589574 0.517104 0.591495 0.518393 0.592176 0.517279 0.593417 0.514000 0.594157
2 0.503667 0.606255 0.509411 0.600384 0.508786 0.597051 0.505534 0.597954 0.503484 0.598273 0.503727 0.600417
2 0.466109 0.474375 0.464932 0.476194 0.464419 0.478125 0.464357 0.480616 0.466901 0.480801 0.469831 0.479005
2 0.463945 0.471977 0.461922 0.471417 0.460495 0.471991 0.461531 0.475097 0.462445 0.478671 0.463388 0.480343 0.463352 0.478546 0.463938 0.476306 0.465479 0.473519
7 0.361138 0.157662 0.361096 0.161606 0.363435 0.167319 0.362333 0.172528 0.362099 0.177384 0.358021 0.179676 0.353029 0.193921 0.353615 0.211898 0.353956 0.221125 0.354721 0.225523 0.347107 0.236468 0.341437 0.242995 0.337820 0.246644 0.342799 0.202667 0.346984 0.175894 0.352109 0.148569 0.352547 0.143241 0.354857 0.142019 0.362294 0.157569
15 0.350510 0.257894 0.350565 0.257060 0.348221 0.258032 0.345628 0.259375 0.339148 0.261972 0.339148 0.261972 0.328401 0.266861 0.326891 0.267630 0.322641 0.269769 0.322883 0.273546 0.324940 0.284889 0.334333 0.280866 0.338729 0.278718 0.347219 0.275037 0.347846 0.269148 0.349307 0.264042 0.350526 0.261375
7 0.336971 0.257667 0.336609 0.261255 0.339148 0.261972 0.345628 0.259375 0.342549 0.258125 0.338716 0.257838
7 0.337604 0.249144 0.342734 0.244435 0.347701 0.238676 0.355021 0.227250 0.353216 0.240519 0.351294 0.249852 0.350565 0.257060 0.348221 0.258032 0.343737 0.256208 0.340120 0.255343 0.337240 0.255185
2 0.576349 0.573644 0.576276 0.577454 0.577292 0.577176 0.576927 0.581528 0.577188 0.585787 0.578828 0.583796 0.580130 0.581481 0.582057 0.579120 0.582734 0.578056 0.585859 0.578611 0.589635 0.581481 0.589349 0.573611 0.587948 0.572019 0.585646 0.570968 0.582508 0.571028 0.579893 0.572949 0.578745 0.574190 0.576930 0.574130
1 0.578523 0.635398 0.577430 0.636787 0.576440 0.638593 0.576206 0.642204 0.577898 0.644102 0.578029 0.640907 0.578576 0.639241 0.579148 0.637389
1 0.570372 0.559583 0.571156 0.558833 0.572875 0.558940 0.576760 0.556315 0.577302 0.557870 0.572693 0.560708 0.571578 0.563009 0.570794 0.562370 0.570615 0.560708
9 0.568052 0.559903 0.567419 0.556903 0.567419 0.555032 0.568596 0.554495 0.569891 0.557120 0.570615 0.560708 0.570794 0.562370 0.569440 0.561403
1 0.568211 0.532032 0.569505 0.539106 0.571313 0.547194 0.572005 0.549713 0.571495 0.551852 0.570078 0.551102 0.568089 0.551213 0.565859 0.552926 0.564203 0.554319 0.562333 0.556676 0.560737 0.555227 0.562878 0.552926 0.565258 0.550620 0.567367 0.549444 0.570529 0.549176 0.569083 0.544245 0.568060 0.538731 0.567698 0.536051
2 0.556500 0.504361 0.558156 0.502134 0.560253 0.500630 0.562190 0.499338 0.562346 0.500125 0.563750 0.504259 0.563367 0.507185 0.564318 0.512880 0.560651 0.508426
1 0.563724 0.504306 0.563367 0.507185 0.564318 0.512880 0.565784 0.516412 0.566758 0.521370 0.568815 0.529185 0.570836 0.535130 0.572510 0.538852 0.574185 0.541514 0.575440 0.542014 0.575469 0.539778
1 0.555242 0.503671 0.556638 0.501625 0.558521 0.499829 0.561518 0.497782 0.561906 0.497620 0.562190 0.499338 0.560253 0.500630 0.558156 0.502134 0.556500 0.504361
2 0.515911 0.433694 0.516354 0.434343 0.518089 0.436995 0.520484 0.440764 0.520693 0.446588 0.515010 0.439773
2 0.516677 0.425880 0.518773 0.426667 0.520469 0.433194 0.518089 0.436995 0.516354 0.434343 0.515911 0.433694
1 0.447391 0.248194 0.451732 0.248028 0.451685 0.252176 0.447766 0.252426
2 0.417185 0.410370 0.430133 0.426287 0.433117 0.445648 0.433359 0.451458 0.421542 0.423491
2 0.463385 0.482130 0.461531 0.475097 0.459477 0.468468 0.458010 0.464625 0.456513 0.462394 0.454872 0.461838 0.454003 0.462704 0.454255 0.469616 0.454646 0.471060 0.454107 0.472495 0.454281 0.475097 0.456128 0.480245 0.457659 0.477810 0.457901 0.479042 0.456547 0.481236 0.456792 0.481917 0.458021 0.481130 0.459047 0.485315 0.460312 0.487060 0.460870 0.486009 0.461044 0.484148 0.459451 0.481231 0.459844 0.480162 0.461859 0.482144
1 0.448469 0.487343 0.452086 0.484935 0.455549 0.481236 0.457659 0.477810 0.457901 0.479042 0.455701 0.482736 0.458021 0.481130 0.459047 0.485315 0.457797 0.484713 0.457354 0.483370 0.453034 0.486241 0.451263 0.486519 0.451263 0.488417 0.449646 0.490176
1 0.454255 0.469616 0.451482 0.471060 0.448589 0.471861 0.446630 0.474597 0.446992 0.476093 0.448560 0.476468 0.449312 0.475023 0.449372 0.473472 0.451151 0.473630 0.454646 0.471060
1 0.463385 0.482130 0.463365 0.478556 0.463938 0.476306 0.465479 0.473519 0.466109 0.474375 0.464932 0.476194 0.464419 0.478125 0.464391 0.482144
2 0.472344 0.482194 0.478370 0.490926 0.478070 0.491250 0.473701 0.490176 0.463698 0.486912 0.462310 0.486588 0.459451 0.481231 0.459844 0.480162 0.461859 0.482144 0.467979 0.482250
1 0.479367 0.491343 0.478078 0.493329 0.476682 0.496796 0.476370 0.499403 0.476229 0.502250 0.476161 0.506528 0.477591 0.506528 0.477380 0.502935 0.477622 0.498782 0.478565 0.495370 0.480169 0.492583
1 0.456026 0.504819 0.457745 0.506116 0.459073 0.508014 0.460974 0.511486 0.460115 0.512227 0.457953 0.509588 0.456104 0.506579
7 0.567096 0.483130 0.561284 0.494792 0.562346 0.500125 0.575469 0.539778 0.575344 0.554551 0.581641 0.556204 0.581841 0.535333
1 0.488182 0.530088 0.489797 0.533051 0.489641 0.534949 0.487401 0.532032 0.487427 0.531204
1 0.486589 0.532407 0.486560 0.540153 0.487500 0.541764 0.487427 0.531204
1 0.487750 0.503458 0.486635 0.529810 0.487820 0.527403 0.488716 0.503616
1 0.491547 0.507204 0.490010 0.525366 0.490531 0.524935 0.491005 0.524829 0.492510 0.507472
1 0.454281 0.475097 0.455391 0.478194 0.454865 0.481894 0.453771 0.481569
1 0.494635 0.541528 0.486365 0.546685 0.481797 0.550782 0.478591 0.557343 0.479948 0.557037 0.481135 0.554185 0.485633 0.549542 0.489990 0.546190 0.494313 0.544019
7 0.537805 0.544343 0.536388 0.544944 0.532419 0.547269 0.525443 0.555657 0.523833 0.558560 0.522948 0.562870 0.523271 0.566106 0.524372 0.567731 0.534044 0.566338 0.534617 0.568106 0.535828 0.567514 0.536695 0.562588 0.535398 0.562245 0.534701 0.560333 0.537281 0.550292 0.537352 0.546449
1 0.515964 0.582963 0.518456 0.583023 0.520305 0.583347 0.521294 0.584319 0.521841 0.585847 0.522128 0.587144 0.521190 0.588718 0.521164 0.585986 0.520201 0.584921 0.515565 0.584921
1 0.500854 0.591120 0.504344 0.588991 0.507573 0.587185 0.511661 0.585102 0.514997 0.582898 0.514375 0.585556 0.501635 0.592509
1 0.499974 0.616806 0.500620 0.616509 0.501583 0.618639 0.501870 0.624287 0.500854 0.623639 0.499917 0.622574 0.499323 0.621250
1 0.501427 0.613037 0.501583 0.618639 0.501870 0.624287 0.503068 0.623778 0.503042 0.615352
2 0.532099 0.663315 0.527411 0.678037 0.530328 0.679333 0.531656 0.676093 0.531344 0.674241 0.533141 0.664935
1 0.542255 0.661972 0.537151 0.669241 0.534260 0.672481 0.531656 0.676093 0.531344 0.674241 0.534260 0.670815 0.538036 0.666556 0.538453 0.662296
2 0.519974 0.688509 0.522682 0.686606 0.523125 0.687486 0.528776 0.689338 0.528828 0.691236 0.528125 0.691565 0.523750 0.689986 0.523255 0.691102
2 0.514943 0.678694 0.519904 0.680343 0.520146 0.678843 0.521477 0.680708 0.521930 0.681833 0.522805 0.682481 0.522682 0.685204 0.515570 0.682421 0.515326 0.680852
2 0.508648 0.674894 0.508487 0.679412 0.513247 0.681278 0.512602 0.677977
1 0.589573 0.582190 0.590352 0.581815 0.592060 0.581565 0.593659 0.582236 0.593974 0.584736 0.591396 0.583394 0.590484 0.583347
1 0.552331 0.631329 0.554362 0.636282 0.552852 0.636514 0.551576 0.632532
1 0.550273 0.624523 0.551849 0.629444 0.551029 0.630495 0.549805 0.626144
2 0.562542 0.616935 0.562451 0.625398 0.562784 0.628505 0.566549 0.623741 0.566339 0.617204 0.565104 0.616079 0.564323 0.614537
2 0.572510 0.538852 0.574185 0.541514 0.575440 0.542014 0.575344 0.554551 0.581641 0.556204 0.581753 0.539505 0.587534 0.556463 0.589969 0.571523 0.588401 0.570037 0.585367 0.569171 0.583659 0.569106 0.581078 0.569787 0.578359 0.572144 0.576930 0.574130 0.576349 0.573644 0.575589 0.569819 0.573984 0.566139 0.572677 0.564264 0.571578 0.563009 0.572693 0.560708 0.577302 0.557870 0.576760 0.556315 0.572875 0.558940 0.571156 0.558833 0.570372 0.559583 0.570018 0.557963 0.573016 0.555111 0.573984 0.552185 0.572297 0.545657
10 0.435492 0.434537 0.434568 0.435361 0.435031 0.438463 0.437182 0.440884 0.438273 0.442630 0.438846 0.444806 0.441898 0.443306 0.439008 0.438944
1 0.459896 0.495046 0.458885 0.497171 0.458104 0.500181 0.458104 0.503699 0.459068 0.502773 0.458911 0.500088 0.459510 0.498375 0.460440 0.496380
2 0.460753 0.492074 0.459711 0.494481 0.460440 0.496380 0.460701 0.499481 0.459945 0.501704 0.457602 0.504296 0.457745 0.506116 0.458747 0.506611 0.459633 0.506750 0.460570 0.508833 0.461560 0.510407 0.463781 0.509208 0.465307 0.508144 0.467680 0.507755 0.470893 0.507319 0.470375 0.499375 0.470349 0.496468 0.468878 0.494579 0.466398 0.494773 0.466315 0.496370 0.462938 0.496616 0.461794 0.492352
10 0.470138 0.494426 0.472716 0.499472 0.474930 0.498917 0.474617 0.496046 0.473185 0.495769 0.473185 0.494426 0.471388 0.493269 0.470685 0.493407
1 0.467195 0.490074 0.473701 0.490176 0.474018 0.491787 0.471935 0.493037 0.469174 0.493407
10 0.455198 0.484866 0.455409 0.486208 0.458560 0.487042 0.458299 0.488847 0.456164 0.492505 0.455409 0.491949 0.453612 0.498616 0.449646 0.490176 0.451263 0.488417 0.451263 0.486519 0.453034 0.486241
2 0.447677 0.477171 0.448406 0.480227 0.449995 0.480227 0.453771 0.481569 0.453224 0.478606 0.450281 0.476940
10 0.445724 0.480042 0.448469 0.487343 0.452086 0.484935 0.454865 0.481894 0.449995 0.480227
10 0.443154 0.444454 0.441826 0.445935 0.441383 0.447463 0.443544 0.449269 0.444872 0.451537 0.446122 0.455102 0.447138 0.458481 0.447737 0.463111 0.447763 0.467556 0.447242 0.471769 0.446630 0.474597 0.448589 0.471861 0.451482 0.471060 0.454255 0.469616 0.454003 0.462704 0.454872 0.461838 0.456513 0.462394 0.449221 0.452463
2 0.499688 0.566343 0.501833 0.579162 0.499846 0.583005 0.498766 0.584926 0.497930 0.586782 0.496849 0.586227 0.494651 0.576310
2 0.488724 0.587843 0.484294 0.593361 0.487919 0.609704 0.490078 0.613606 0.493117 0.614056 0.491979 0.611574 0.488904 0.605644 0.487961 0.600690 0.487578 0.595852 0.487893 0.591144
2 0.495273 0.560005 0.500911 0.561852 0.501563 0.560833 0.501693 0.558565 0.500885 0.557083 0.500404 0.557870 0.497878 0.558565
10 0.482031 0.553287 0.482083 0.556435 0.488586 0.554829 0.489081 0.546958 0.485633 0.549542
1 0.476995 0.554866 0.477109 0.556759 0.479115 0.556343 0.479727 0.554958
10 0.489990 0.546190 0.489576 0.554551 0.490820 0.554227 0.491633 0.545292
1 0.493786 0.538889 0.493568 0.542167 0.494635 0.541528 0.494896 0.540250
10 0.493406 0.530333 0.492370 0.535880 0.492901 0.536481
10 0.490453 0.535880 0.490107 0.544440 0.492318 0.542954 0.492771 0.537731 0.492094 0.537176 0.491229 0.542023 0.490299 0.542023 0.491339 0.536435
7 0.511294 0.475875 0.505841 0.487491 0.501792 0.500065 0.507461 0.508898 0.511247 0.513083 0.513487 0.523375 0.514000 0.526773 0.505133 0.523375 0.499716 0.517731 0.496391 0.522491 0.495365 0.528134 0.494896 0.540250 0.493568 0.548264 0.497646 0.554153 0.500513 0.554102 0.500888 0.551921 0.499747 0.545222 0.500997 0.544620 0.502013 0.551241 0.501779 0.553880 0.501388 0.556148 0.502508 0.557259 0.502820 0.559713 0.502690 0.560778 0.504591 0.558139 0.507094 0.556769 0.511034 0.556213 0.514310 0.557389 0.518214 0.561106 0.520091 0.564704 0.521661 0.570218 0.521974 0.573625 0.521836 0.578273 0.524065 0.579389 0.524120 0.570694 0.521852 0.566278 0.521745 0.561190 0.522339 0.558213 0.524336 0.553991 0.525443 0.555657 0.536081 0.542787 0.537214 0.537505 0.542146 0.531565 0.541956 0.528417 0.542424 0.524269 0.541844 0.520574 0.540161 0.520556 0.535026 0.518056 0.537042 0.515319 0.537927 0.513833 0.541477 0.512009 0.542831 0.508773 0.545536 0.505866 0.549505 0.503542 0.553891 0.503213 0.549505 0.499144 0.540260 0.495495 0.530971 0.495245 0.525141 0.493921 0.526122 0.486616
10 0.481135 0.554185 0.481146 0.556667 0.480286 0.556250
1 0.576930 0.574130 0.578359 0.572144 0.581078 0.569787 0.583659 0.569106 0.585367 0.569171 0.588401 0.570037 0.589969 0.571523 0.592513 0.574685 0.593141 0.578898 0.592060 0.581565 0.590352 0.581815 0.591503 0.578093 0.590945 0.575676 0.587948 0.572019 0.585646 0.570968 0.582508 0.571028 0.579893 0.572949 0.578745 0.574190
1 0.549615 0.555046 0.553568 0.554185 0.557078 0.552463 0.560143 0.550167 0.562281 0.546440 0.563654 0.545292 0.563250 0.547444 0.561596 0.550384 0.559659 0.552750 0.557562 0.554472 0.555706 0.554472 0.554294 0.555259 0.553771 0.556407 0.549214 0.557412
2 0.541690 0.492213 0.546388 0.490532 0.546961 0.492727
2 0.527320 0.469694 0.527911 0.473736 0.528190 0.476898 0.528190 0.482287 0.527388 0.485079 0.526122 0.486616 0.525924 0.487852 0.528604 0.488389 0.527971 0.494657 0.529841 0.495032 0.529630 0.494065 0.530143 0.492458 0.539398 0.488708 0.539188 0.486620 0.539701 0.485176 0.540664 0.485014 0.541687 0.485069 0.541779 0.487426 0.546021 0.486352 0.546992 0.488870 0.548951 0.488551 0.549281 0.490426 0.548469 0.492889 0.550430 0.496069 0.553654 0.496389 0.552810 0.499500 0.553891 0.503213 0.555242 0.503671 0.556638 0.501625 0.558521 0.499829 0.561518 0.497782 0.557474 0.488981 0.553849 0.480926 0.552490 0.478134 0.551164 0.477639 0.550344 0.478796 0.546372 0.477134 0.542268 0.475810 0.539375 0.474894 0.531932 0.471894
2 0.535565 0.495352 0.539633 0.492995 0.541690 0.492213 0.546961 0.492727 0.548469 0.492889 0.550430 0.496069 0.553654 0.496389 0.552810 0.499500 0.553891 0.503213 0.549505 0.499144 0.540260 0.495495
2 0.529841 0.495032 0.529630 0.494065 0.530143 0.492458 0.539398 0.488708 0.540333 0.489032 0.541659 0.488333 0.541779 0.487426 0.546021 0.486352 0.546992 0.488870 0.546388 0.490532 0.539633 0.492995 0.535565 0.495352 0.530971 0.495245
2 0.525924 0.487852 0.528604 0.488389 0.527971 0.494657 0.525141 0.493921
1 0.489081 0.546958 0.488586 0.554829 0.489576 0.554551 0.489990 0.546190
1 0.491633 0.545292 0.490820 0.554227 0.491867 0.554227 0.492753 0.544782
5 0.577188 0.585787 0.578828 0.583796 0.580130 0.581481 0.582057 0.579120 0.582734 0.578056 0.585859 0.578611 0.589635 0.581481 0.589573 0.582190 0.590484 0.583347 0.591396 0.583394 0.593974 0.584736 0.596763 0.597755 0.593974 0.598745 0.594846 0.605065 0.586096 0.600977 0.581633 0.598435 0.578565 0.599736 0.577831 0.591440
5 0.575555 0.624009 0.573964 0.621986 0.572987 0.622421 0.568456 0.634444 0.576461 0.633190 0.577734 0.632963
5 0.540143 0.683458 0.530328 0.679333 0.527411 0.678037 0.524458 0.677218 0.521948 0.676718 0.522401 0.679755 0.522805 0.682481 0.522682 0.685204 0.522682 0.686606 0.523125 0.687486 0.528776 0.689338 0.531323 0.689963
5 0.537151 0.669241 0.536539 0.675569 0.541451 0.676694 0.545638 0.679856 0.550099 0.676907 0.548711 0.673532 0.542867 0.671176
5 0.534260 0.672481 0.533438 0.675602 0.539922 0.680000 0.543099 0.681435 0.545638 0.679856 0.541451 0.676694 0.536539 0.675569 0.537151 0.669241
5 0.530740 0.629569 0.530969 0.626347 0.541841 0.631579 0.546214 0.631134 0.544453 0.636250 0.542448 0.637407 0.533112 0.633060
5 0.533112 0.633060 0.535344 0.637745 0.542448 0.637407 0.542448 0.637407
5 0.535680 0.639190 0.536672 0.645005 0.541378 0.638755
5 0.459513 0.512898 0.467497 0.532917 0.468229 0.528148 0.471018 0.521514 0.474365 0.517546 0.475935 0.516370 0.473388 0.513769 0.470424 0.511352 0.466451 0.510856 0.464047 0.510667 0.460974 0.511486 0.460115 0.512227
5 0.515565 0.584921 0.515242 0.586431 0.513185 0.593250 0.513760 0.592931 0.516859 0.590005 0.519578 0.586722 0.520201 0.584921
5 0.460974 0.511486 0.461560 0.510407 0.463781 0.509208 0.465307 0.508144 0.467680 0.507755 0.470893 0.507319 0.478445 0.510792 0.480396 0.512528 0.482419 0.515750 0.480362 0.514944 0.476630 0.515875 0.475935 0.516370 0.473388 0.513769 0.470424 0.511352 0.466451 0.510856 0.464047 0.510667
5 0.433117 0.445648 0.436844 0.445806 0.438898 0.445806 0.441383 0.447463 0.443544 0.449269 0.444872 0.451537 0.446122 0.455102 0.447138 0.458481 0.447737 0.463111 0.447763 0.467556 0.447242 0.471769 0.446630 0.474597 0.445151 0.478829 0.433359 0.451458
5 0.479711 0.569019 0.482091 0.568375 0.483987 0.569093 0.485318 0.570454 0.485964 0.572032 0.486771 0.574255 0.487456 0.577625 0.487417 0.581713 0.486609 0.585440 0.485479 0.589315 0.486648 0.589241 0.487536 0.584653 0.488344 0.580639 0.488021 0.577051 0.487214 0.572245 0.485844 0.569019 0.482091 0.567157 0.479307 0.567370 0.478828 0.564028 0.482031 0.561389 0.483961 0.566657 0.486070 0.568509 0.487529 0.567074 0.490026 0.565231 0.492344 0.566852 0.499688 0.566343 0.494651 0.576310 0.489745 0.586167 0.488724 0.587843 0.484294 0.593361
5 0.490638 0.563755 0.492422 0.564676 0.495182 0.564722 0.498568 0.564630 0.500234 0.562870 0.500911 0.561852 0.495273 0.560005 0.493190 0.561440
5 0.483411 0.560880 0.484531 0.561019 0.485911 0.562037 0.488464 0.563935 0.486383 0.566380 0.485419 0.565917
5 0.478411 0.561898 0.480104 0.560463 0.481563 0.559676 0.483932 0.559259 0.486042 0.559907 0.487839 0.561620 0.489701 0.562829 0.491461 0.561106 0.494669 0.558255 0.497633 0.556208 0.490820 0.557139 0.477990 0.559866
5 0.477109 0.556759 0.477294 0.557699 0.478591 0.557343 0.479115 0.556343
1 0.489990 0.527662 0.489203 0.544870 0.490107 0.544440 0.490771 0.527407
5 0.480286 0.556250 0.479948 0.557037 0.481146 0.556667
5 0.505034 0.505144 0.507461 0.508898 0.511247 0.513083 0.513487 0.523375 0.511388 0.524403 0.508784 0.523199
5 0.501792 0.500065 0.505034 0.505144 0.508784 0.523199 0.511388 0.524403 0.513487 0.523375 0.514000 0.526773 0.505133 0.523375 0.499716 0.517731 0.498164 0.520000 0.498102 0.519162 0.498836 0.517176 0.497206 0.515796 0.497544 0.512324 0.499758 0.510106 0.501622 0.503222
5 0.487318 0.513472 0.486180 0.515259 0.485034 0.516741 0.470357 0.538435 0.474232 0.546481 0.475698 0.542699 0.480648 0.534579 0.485146 0.529870 0.483984 0.528745 0.480208 0.524810 0.480990 0.523097 0.484896 0.527681 0.486172 0.527819 0.486635 0.529810
5 0.491365 0.507037 0.488365 0.511639 0.487820 0.527403 0.490010 0.525366 0.491547 0.507204
1 0.481135 0.554185 0.481146 0.556667 0.482083 0.556435 0.482031 0.553287
5 0.470893 0.507319 0.476161 0.506528 0.477591 0.506528 0.479417 0.506708 0.482135 0.508569 0.484438 0.511296 0.486180 0.515259 0.485034 0.516741 0.482419 0.515750 0.480396 0.512528 0.478445 0.510792
1 0.493568 0.524167 0.490531 0.524935 0.487820 0.527403 0.486133 0.530769 0.484414 0.533236 0.482909 0.536560 0.481945 0.540579 0.481674 0.543838 0.481797 0.550782 0.482729 0.549954 0.482909 0.541593 0.484174 0.537250 0.485380 0.533986 0.487427 0.531204 0.489990 0.527662 0.493273 0.526431
2 0.534260 0.672481 0.531656 0.676093 0.530807 0.678056 0.532109 0.677639 0.533698 0.678380 0.533698 0.676898 0.535000 0.676713 0.535807 0.679907 0.535417 0.681481 0.540143 0.683458 0.543099 0.681435 0.539922 0.680000 0.533438 0.675602
1 0.495180 0.514699 0.493044 0.527606 0.490299 0.542023 0.491229 0.542023 0.493406 0.530333 0.492318 0.542954 0.493568 0.542167 0.494698 0.525671 0.495906 0.518352 0.498102 0.519162 0.498836 0.517176 0.496432 0.515130
1 0.482031 0.561389 0.483961 0.566657 0.486070 0.568509 0.487529 0.567074 0.490026 0.565231 0.488464 0.563935 0.486383 0.566380 0.485419 0.565917 0.483411 0.560880
1 0.501388 0.556148 0.502508 0.557259 0.502820 0.559713 0.502690 0.560778 0.501146 0.564028 0.499688 0.566343 0.492344 0.566852 0.490026 0.565231 0.488464 0.563935 0.485911 0.562037 0.484531 0.561019 0.483411 0.560880 0.482031 0.561389 0.478828 0.564028 0.478411 0.561898 0.480104 0.560463 0.481563 0.559676 0.483932 0.559259 0.486042 0.559907 0.487839 0.561620 0.489701 0.562829 0.490638 0.563755 0.492422 0.564676 0.495182 0.564722 0.498568 0.564630 0.500234 0.562870 0.501563 0.560833 0.501693 0.558565 0.500885 0.557083
1 0.501388 0.556148 0.501779 0.553880 0.502013 0.551241 0.500997 0.544620 0.499747 0.545222 0.500888 0.551921 0.500513 0.554102 0.499953 0.555898 0.497633 0.556208 0.494669 0.558255 0.491461 0.561106 0.489701 0.562829 0.490638 0.563755 0.493190 0.561440 0.495273 0.560005 0.497878 0.558565 0.500404 0.557870
1 0.502792 0.610801 0.502227 0.607856 0.500776 0.607500 0.499727 0.610440 0.499122 0.613167 0.498117 0.619116 0.497953 0.627940 0.499089 0.626343 0.499323 0.621389 0.500130 0.615889 0.500857 0.612375 0.501263 0.609722 0.501703 0.612019
1 0.477294 0.557699 0.490820 0.554227 0.500513 0.554102 0.499953 0.555898 0.490820 0.557139 0.477990 0.559866
9 0.536432 0.541204 0.539456 0.541509 0.543237 0.542375 0.546135 0.542722 0.545146 0.540759 0.542742 0.541130 0.539917 0.540509 0.536927 0.538981
5 0.513669 0.657815 0.517635 0.654495 0.520531 0.650097 0.524357 0.649681 0.529258 0.651676 0.529870 0.650181 0.524081 0.646861 0.522070 0.643708 0.521745 0.638750 0.535680 0.639190 0.536672 0.645005 0.536779 0.650727 0.536570 0.653514 0.535997 0.656713 0.533422 0.660389 0.528146 0.662639 0.523378 0.662713 0.519495 0.661440 0.516328 0.659861
2 0.537151 0.669241 0.542867 0.671176 0.548711 0.673532 0.550099 0.676907 0.553464 0.675102 0.549526 0.674977 0.550247 0.672176 0.541393 0.663194
1 0.480990 0.523097 0.484896 0.527681 0.486172 0.527819 0.486635 0.529810 0.486133 0.530769 0.483984 0.528745 0.480208 0.524810
5 0.482135 0.508569 0.484438 0.511296 0.486180 0.515259 0.487318 0.513472 0.487708 0.504583 0.486693 0.503102 0.484974 0.503843 0.482917 0.505370 0.481328 0.508009
5 0.503294 0.480306 0.504273 0.485972 0.505422 0.488843 0.505841 0.487491 0.511294 0.475875 0.526122 0.486616 0.527388 0.485079 0.528190 0.482287 0.528190 0.476898 0.527911 0.473736 0.527320 0.469694 0.527078 0.468361 0.525927 0.467125 0.523763 0.465449 0.517141 0.462847 0.512086 0.458889 0.509096 0.463097
5 0.492753 0.544782 0.491867 0.554227 0.497646 0.554153 0.493568 0.548264 0.494313 0.544019
5 0.577188 0.585787 0.576927 0.581528 0.577292 0.577176 0.576276 0.577454 0.571008 0.577819 0.567617 0.581514 0.564661 0.585602 0.562839 0.590079 0.562216 0.592088 0.561086 0.596366 0.561451 0.604407 0.561961 0.608366 0.563490 0.612593 0.564323 0.614537 0.565104 0.616079 0.566339 0.617204 0.568747 0.619389 0.571557 0.619648 0.574109 0.619449 0.574063 0.615963 0.573719 0.610333 0.574799 0.604324 0.576719 0.599801 0.578565 0.599736 0.577831 0.591440
5 0.542424 0.524269 0.541956 0.528417 0.542146 0.531565 0.542990 0.536556 0.546135 0.542722 0.549401 0.545880 0.552104 0.547315 0.556661 0.548319 0.559568 0.548463 0.562281 0.546440 0.563654 0.545292 0.565698 0.543009 0.566990 0.539495 0.567698 0.536051 0.568211 0.532032 0.567151 0.525944 0.565336 0.521569 0.560737 0.514903 0.556260 0.512606 0.552388 0.512532 0.548797 0.513681 0.545047 0.516551 0.543271 0.520782
1 0.494698 0.525671 0.493891 0.537639 0.494932 0.539352 0.495365 0.528134 0.495807 0.525880 0.495557 0.525796
5 0.540161 0.520556 0.541865 0.520611 0.542424 0.524269 0.543271 0.520782 0.545047 0.516551 0.548797 0.513681 0.552388 0.512532 0.556260 0.512606 0.560737 0.514903 0.564703 0.520741 0.563867 0.515718 0.562682 0.510699 0.560651 0.508426 0.556500 0.504361 0.555242 0.503671 0.553891 0.503213 0.549505 0.503542 0.545536 0.505866 0.542831 0.508773 0.541477 0.512009 0.540544 0.516153
5 0.541477 0.512009 0.537927 0.513833 0.537042 0.515319 0.535052 0.518009 0.540161 0.520556 0.540544 0.516153
5 0.488724 0.587843 0.487893 0.591144 0.487578 0.595852 0.487961 0.600690 0.488904 0.605644 0.491979 0.611574 0.494807 0.614023 0.497279 0.614505 0.499122 0.613167 0.499727 0.610440 0.500776 0.607500 0.502227 0.607856 0.502792 0.610801 0.503667 0.606255 0.503727 0.600417 0.503484 0.598273 0.502430 0.594255 0.501635 0.592509 0.500854 0.591120 0.500703 0.590644 0.499797 0.589653 0.498062 0.587616 0.496849 0.586227 0.494354 0.584884 0.491372 0.584722 0.489745 0.586167
5 0.499688 0.566343 0.501146 0.564028 0.502690 0.560778 0.504591 0.558139 0.507094 0.556769 0.511034 0.556213 0.514310 0.557389 0.518214 0.561106 0.520091 0.564704 0.521661 0.570218 0.521974 0.573625 0.521836 0.578273 0.521206 0.581019 0.520305 0.583347 0.518456 0.583023 0.515964 0.582963 0.516357 0.581037 0.516531 0.575708 0.515206 0.573477 0.512940 0.572796 0.510255 0.573847 0.506664 0.576514 0.504573 0.579921 0.501750 0.585315 0.501867 0.583810 0.500893 0.583005 0.499846 0.583005 0.501833 0.579162
5 0.511266 0.637347 0.520547 0.638704 0.521188 0.645120 0.522211 0.647440 0.520109 0.647028 0.518711 0.650014 0.515914 0.653750 0.512648 0.656319 0.511219 0.654407 0.510242 0.652667 0.509003 0.649407 0.508732 0.646065 0.509656 0.640690
5 0.512055 0.635991 0.513799 0.632792 0.517424 0.629060 0.518891 0.631829 0.520172 0.637167
5 0.518518 0.628259 0.520432 0.631829 0.521599 0.637222 0.535344 0.637745 0.533112 0.633060 0.530740 0.629569 0.528042 0.626954 0.523164 0.626227 0.521229 0.626713
5 0.536927 0.538981 0.539917 0.540509 0.542742 0.541130 0.545146 0.540759 0.542990 0.536556 0.542146 0.531565 0.537214 0.537505
5 0.417492 0.329759 0.421242 0.335495 0.426125 0.340014 0.429917 0.340875 0.433424 0.340514 0.436693 0.338796 0.434333 0.393380 0.432208 0.395935 0.419336 0.393380 0.418276 0.390713 0.418276 0.354171
1 0.495906 0.518352 0.494698 0.525671 0.495557 0.525796 0.496849 0.518731
2 0.539271 0.649671 0.541198 0.651894 0.540820 0.652083 0.539987 0.655838 0.538242 0.658935 0.540924 0.662176 0.538453 0.662296 0.538036 0.666556 0.534260 0.670815 0.531344 0.674241 0.533141 0.664935 0.532099 0.663315 0.527411 0.678037 0.524458 0.677218 0.520135 0.668477 0.520276 0.666866 0.520799 0.662773 0.520846 0.661926 0.523378 0.662713 0.528146 0.662639 0.533422 0.660389 0.535997 0.656713 0.536570 0.653514
5 0.433117 0.445648 0.436844 0.445806 0.438898 0.445806 0.438846 0.444806 0.438273 0.442630 0.437182 0.440884 0.435031 0.438463 0.433854 0.437315 0.432500 0.436157 0.431719 0.436528
1 0.496685 0.511583 0.496432 0.515130 0.497206 0.515796 0.497544 0.512324
1 0.492005 0.513426 0.492857 0.513231 0.493401 0.515431 0.492997 0.524310 0.491005 0.524829
10 0.490771 0.527407 0.490479 0.533981 0.491599 0.535185 0.493044 0.527606 0.493273 0.526431
5 0.535586 0.594241 0.528859 0.603227 0.536388 0.615250 0.545029 0.613477 0.545732 0.623741 0.553122 0.613204 0.546534 0.609116 0.543292 0.607315 0.541513 0.601306 0.539318 0.601056 0.539177 0.596532 0.537086 0.593991
10 0.488182 0.530088 0.489797 0.533051 0.489990 0.527662
10 0.486589 0.532407 0.485380 0.533986 0.484174 0.537250 0.482909 0.541593 0.482729 0.549954 0.486365 0.546685 0.489203 0.544870 0.489641 0.534949 0.487401 0.532032 0.487500 0.541764 0.486560 0.540153
1 0.493891 0.537639 0.494932 0.539352 0.494896 0.540250 0.493786 0.538889
1 0.492370 0.535880 0.492901 0.536481 0.492771 0.537731 0.492094 0.537176
1 0.490479 0.533981 0.491599 0.535185 0.491339 0.536435 0.490453 0.535880
10 0.485146 0.529870 0.480648 0.534579 0.475698 0.542699 0.474232 0.546481 0.476995 0.554866 0.479727 0.554958 0.481797 0.550782 0.481674 0.543838 0.481945 0.540579 0.482909 0.536560 0.484414 0.533236 0.486133 0.530769
1 0.479307 0.567370 0.482091 0.567157 0.485844 0.569019 0.487214 0.572245 0.488021 0.577051 0.488344 0.580639 0.487536 0.584653 0.486648 0.589241 0.485479 0.589315 0.486609 0.585440 0.487417 0.581713 0.487456 0.577625 0.486771 0.574255 0.485964 0.572032 0.485318 0.570454 0.483987 0.569093 0.482091 0.568375 0.479711 0.569019
9 0.501750 0.585315 0.501867 0.583810 0.500893 0.583005 0.499846 0.583005 0.498766 0.584926 0.499289 0.588083 0.500508 0.588023
2 0.501635 0.592509 0.508427 0.590935 0.508034 0.592917 0.506016 0.593292 0.505534 0.597954 0.503484 0.598273 0.502430 0.594255
1 0.492865 0.629259 0.493794 0.626653 0.495643 0.628921 0.494781 0.632745 0.493005 0.631662 0.493005 0.631662
1 0.492320 0.633523 0.493880 0.634167 0.493698 0.635463 0.492630 0.635370
1 0.495063 0.634523 0.494974 0.636898 0.496536 0.637130 0.497812 0.636204 0.497760 0.635000
1 0.492458 0.617819 0.492719 0.626477 0.493005 0.631662 0.492146 0.631292 0.492034 0.628111 0.491406 0.617824
1 0.500271 0.627431 0.502318 0.629815 0.501380 0.631250 0.499117 0.628755 0.499117 0.628755
1 0.502901 0.630921 0.504151 0.632171 0.505219 0.635042 0.502563 0.634579 0.502693 0.633236 0.502240 0.632083
1 0.503542 0.629722 0.502240 0.632083 0.500625 0.634028 0.498966 0.633736 0.501380 0.631250 0.503021 0.628657
1 0.494479 0.643287 0.496615 0.641620 0.497969 0.639722 0.497865 0.637639 0.495573 0.640093 0.494427 0.640324 0.494258 0.642213
1 0.503255 0.636014 0.502266 0.639949 0.501768 0.641616 0.500781 0.642685 0.499141 0.643009 0.501013 0.639810 0.501979 0.635875
2 0.500456 0.656894 0.500547 0.663097 0.503568 0.667773 0.503828 0.666296 0.504844 0.663565 0.503411 0.663796 0.501745 0.660509 0.501628 0.657731
2 0.496195 0.655227 0.497755 0.654829 0.499401 0.656153 0.500052 0.658329 0.499815 0.661199 0.500547 0.663097 0.503568 0.667773 0.503201 0.670644 0.500286 0.674023
2 0.501628 0.657731 0.501745 0.660509 0.503411 0.663796 0.504844 0.663565 0.505242 0.662352 0.506859 0.659472
2 0.504466 0.677148 0.508372 0.671778 0.509609 0.671019 0.509341 0.674306 0.510930 0.676435 0.511190 0.670648 0.512138 0.674759 0.512602 0.677977 0.508648 0.674894 0.508542 0.678148 0.507005 0.679907 0.504516 0.677843
1 0.507565 0.670157 0.504310 0.673815 0.504273 0.674759 0.504466 0.677148 0.508372 0.671778 0.508216 0.670435
2 0.508307 0.662852 0.507109 0.668241 0.509609 0.671019 0.509844 0.666574 0.509234 0.665005
2 0.509844 0.666574 0.509341 0.674306 0.510930 0.676435 0.511190 0.670648 0.510849 0.669162
2 0.509818 0.660602 0.510307 0.659477 0.512536 0.659907 0.515307 0.659907 0.517659 0.661088 0.517568 0.662963 0.515458 0.663495 0.513651 0.664782 0.512745 0.667588 0.510768 0.662278
1 0.502781 0.675690 0.503062 0.671171 0.503828 0.666296 0.505242 0.662352 0.506859 0.659472 0.508802 0.659028 0.510768 0.662278 0.512745 0.667588 0.513995 0.673250 0.515326 0.680852 0.516214 0.685440 0.513672 0.684153 0.512138 0.674759 0.510849 0.669162 0.509234 0.665005 0.508307 0.662852 0.506492 0.662065 0.505443 0.665292 0.504393 0.669236 0.504273 0.674759 0.504516 0.677843
9 0.457956 0.375866 0.457315 0.374074 0.455849 0.372958 0.454839 0.374259 0.454943 0.376370 0.456406 0.378412 0.457083 0.377796
9 0.457956 0.375866 0.457083 0.377796 0.457294 0.379468 0.458792 0.381019 0.460013 0.380333 0.460430 0.378106 0.460326 0.376991 0.458958 0.375139
2 0.518813 0.662278 0.520799 0.662773 0.520276 0.666866 0.520135 0.668477 0.524458 0.677218 0.521948 0.676718 0.522401 0.679755 0.522805 0.682481 0.521930 0.681833 0.521477 0.680708 0.520146 0.678843 0.519904 0.680343 0.515570 0.671019 0.516997 0.666120
2 0.475208 0.357593 0.464516 0.348361 0.465930 0.354241 0.478674 0.365713
2 0.474117 0.354958 0.486258 0.383426 0.488922 0.382708 0.476094 0.354884
1 0.490078 0.613606 0.493117 0.614056 0.498383 0.617523 0.498117 0.619116 0.498104 0.620315 0.494927 0.617759 0.490745 0.617944
3 0.487919 0.609704 0.490078 0.613606 0.491057 0.619620 0.492034 0.628111 0.491594 0.630968
1 0.507284 0.636773 0.507961 0.638713 0.509367 0.639088 0.510591 0.637282
1 0.504818 0.625231 0.504922 0.629722 0.506745 0.635324 0.511068 0.635926 0.510964 0.633380 0.510156 0.631806 0.507865 0.631528 0.507188 0.628843 0.506979 0.626435 0.505870 0.624773
9 0.502604 0.626269 0.502578 0.627870 0.503542 0.629722 0.504922 0.629722 0.504818 0.625231
1 0.498151 0.645556 0.497109 0.647500 0.495729 0.648380 0.496302 0.649769 0.497630 0.649306 0.498281 0.648889
1 0.499167 0.645694 0.501484 0.644259 0.501406 0.645463 0.500156 0.647222 0.499271 0.648287
1 0.494896 0.645648 0.498151 0.645556 0.498078 0.643120 0.494479 0.643287
1 0.504531 0.636389 0.504427 0.639861 0.502969 0.642963 0.501484 0.644259 0.499167 0.645694 0.499141 0.643009 0.500781 0.642685 0.502708 0.640509 0.503724 0.636111
1 0.505547 0.636532 0.506094 0.640741 0.506250 0.644167 0.505885 0.647176 0.504687 0.652176 0.503776 0.652037 0.504740 0.648843 0.505156 0.644815 0.505052 0.639583 0.504531 0.636389
5 0.530083 0.436944 0.532091 0.436694 0.536805 0.441176 0.540958 0.446653 0.545719 0.454699 0.547911 0.460009 0.549406 0.466731 0.550013 0.471130 0.549266 0.473037 0.547029 0.473815 0.543997 0.469667 0.540495 0.465519 0.536477 0.461120 0.532792 0.452296 0.530643 0.442505
5 0.500703 0.590644 0.502378 0.587051 0.504747 0.581843 0.507292 0.578185 0.509768 0.575833 0.511477 0.574593 0.513846 0.574222 0.515625 0.575583 0.515451 0.579301 0.514997 0.582898 0.511661 0.585102 0.507573 0.587185 0.504344 0.588991 0.500854 0.591120
5 0.505534 0.597954 0.508786 0.597051 0.509255 0.596125 0.509854 0.596125 0.511875 0.593912 0.513359 0.590148 0.514375 0.585556 0.501635 0.592509 0.508427 0.590935 0.508034 0.592917 0.506016 0.593292
5 0.548378 0.452713 0.548336 0.446477 0.549346 0.441958 0.550878 0.439375 0.553299 0.439449 0.555758 0.442171 0.560237 0.458019 0.560964 0.466986 0.560964 0.472722 0.560560 0.477810 0.559549 0.481324 0.558018 0.483190 0.555799 0.483264 0.553849 0.480926 0.552490 0.478134 0.550758 0.472935 0.550013 0.471130 0.549406 0.466731 0.548378 0.459597
5 0.530083 0.436944 0.532091 0.436694 0.536805 0.441176 0.539326 0.444412 0.536617 0.437028 0.533443 0.431139 0.531919 0.431032 0.529828 0.434194
5 0.535940 0.432273 0.537786 0.432583 0.540823 0.435931 0.543016 0.440144 0.545352 0.446093 0.548385 0.455824 0.548378 0.459597 0.549406 0.466731 0.547911 0.460009 0.545719 0.454699 0.540958 0.446653 0.540023 0.441093 0.538203 0.436528
5 0.535940 0.432273 0.536104 0.428926 0.536799 0.427440 0.538823 0.427190 0.542135 0.431407 0.544784 0.436921 0.546109 0.440824 0.547016 0.445162 0.548378 0.452713 0.548385 0.455824 0.545352 0.446093 0.543016 0.440144 0.540823 0.435931 0.537786 0.432583
5 0.519951 0.431347 0.521206 0.431657 0.523159 0.434884 0.523299 0.438847 0.523263 0.440648 0.522391 0.443620 0.520693 0.446588 0.520484 0.440764 0.518089 0.436995 0.520469 0.433194
5 0.366583 0.162537 0.364242 0.157375 0.361138 0.157662 0.361096 0.161606 0.363435 0.167319 0.365659 0.163718
5 0.350526 0.261375 0.349307 0.264042 0.347846 0.269148 0.347219 0.275037 0.347820 0.279481 0.348008 0.283880 0.348995 0.286870 0.351068 0.288889 0.352578 0.289907 0.355542 0.290069 0.359417 0.289903 0.352878 0.278282 0.350615 0.268347
5 0.441909 0.288528 0.443896 0.290389 0.446057 0.293856 0.447591 0.297454 0.448357 0.300426 0.443721 0.303838 0.438456 0.298815 0.438492 0.293856 0.441003 0.294042 0.442570 0.292431
1 0.545677 0.638565 0.536779 0.650727 0.536570 0.653514 0.547214 0.638403
5 0.521836 0.578273 0.524065 0.579389 0.525190 0.580833 0.525818 0.583005 0.522128 0.587144 0.521841 0.585847 0.521294 0.584319 0.520305 0.583347 0.521206 0.581019
5 0.297013 0.203889 0.288721 0.187306 0.294810 0.183389 0.308674 0.177398 0.311911 0.175097 0.316057 0.171644 0.321370 0.171644 0.331484 0.192037 0.343005 0.212407 0.357388 0.241662 0.371185 0.271329 0.373984 0.280079 0.374555 0.283259 0.376224 0.285444 0.376458 0.288046 0.372870 0.284847 0.369734 0.282472 0.366146 0.278491 0.361979 0.280648 0.359266 0.284731 0.335143 0.254995 0.306938 0.217222
5 0.357547 0.158755 0.356435 0.154731 0.355596 0.153046 0.355523 0.149398 0.359219 0.149204 0.362883 0.148806 0.362883 0.147792 0.358784 0.143718 0.358755 0.142060 0.361227 0.140282 0.364388 0.132481 0.363685 0.130005 0.362427 0.128514 0.362516 0.125519 0.365508 0.125852 0.372786 0.132907 0.378664 0.138218 0.384917 0.144190 0.389536 0.148009 0.395753 0.153481 0.403409 0.161954 0.415229 0.173750 0.423760 0.180292 0.433701 0.189894 0.442901 0.199713 0.447419 0.204171 0.447044 0.206278 0.448794 0.213167 0.449609 0.219051 0.456609 0.225056 0.455227 0.227278 0.454115 0.228287 0.453177 0.229907 0.451172 0.228051 0.449734 0.227046 0.447943 0.231296 0.446706 0.239412 0.439331 0.231185 0.439766 0.240181 0.440266 0.249509 0.434219 0.242505 0.424984 0.232806 0.411701 0.218213 0.396148 0.201894 0.379083 0.182597 0.362451 0.164551
5 0.384917 0.144190 0.377315 0.135782 0.371388 0.129644 0.368401 0.126907 0.368401 0.125662 0.370081 0.123171 0.374234 0.120435 0.375401 0.119190 0.376521 0.112801 0.377409 0.110560 0.381047 0.102597 0.383055 0.102264 0.383570 0.102500 0.384411 0.103250 0.410234 0.129417 0.441930 0.159255 0.468906 0.185454 0.466456 0.189551 0.466456 0.189551 0.465057 0.192620 0.463003 0.198014 0.461883 0.200171 0.461229 0.200088 0.460622 0.199009 0.459596 0.200333 0.460016 0.202412 0.458661 0.206560 0.456328 0.208051 0.456281 0.209546 0.454010 0.212546 0.447419 0.204171 0.442901 0.199713 0.433701 0.189894 0.423760 0.180292 0.415229 0.173750 0.403409 0.161954 0.395753 0.153481 0.389536 0.148009
5 0.464870 0.234852 0.462633 0.232213 0.459487 0.232356 0.457607 0.233384 0.456609 0.233602 0.453638 0.235727 0.452146 0.237019 0.450979 0.238903 0.451461 0.240102 0.462190 0.251861 0.474815 0.265917 0.494823 0.288435 0.498818 0.293671 0.507609 0.302417 0.525440 0.323931 0.533424 0.333111 0.534596 0.334616 0.535724 0.338417 0.535951 0.339593 0.531870 0.341514 0.530984 0.342181 0.531474 0.344005 0.539958 0.353324 0.541630 0.352431 0.541044 0.350500 0.541044 0.345296 0.543135 0.343958 0.546984 0.349014 0.548823 0.347676 0.548992 0.343065 0.552003 0.347676 0.554094 0.347227 0.554010 0.342917 0.556518 0.331167 0.559279 0.325815 0.562307 0.327806 0.563315 0.327157 0.562786 0.326019 0.559375 0.322639 0.557318 0.320694 0.553078 0.316412 0.551865 0.314755 0.550130 0.314398 0.547383 0.311681 0.544583 0.314171 0.542344 0.311602 0.540198 0.310602 0.538469 0.311185 0.536695 0.311269 0.514576 0.287454 0.489557 0.260986
5 0.451461 0.240102 0.449839 0.242657 0.446706 0.239412 0.439331 0.231185 0.439766 0.240181 0.440266 0.249509 0.440211 0.252102 0.437727 0.253926 0.434974 0.255463 0.433948 0.257000 0.436797 0.259120 0.445964 0.269815 0.464237 0.290875 0.480622 0.308231 0.488049 0.313931 0.500633 0.331287 0.511859 0.346162 0.517961 0.354032 0.521133 0.351491 0.526328 0.345542 0.531870 0.341514 0.535951 0.339593 0.535724 0.338417 0.534596 0.334616 0.533424 0.333111 0.525440 0.323931 0.507609 0.302417 0.498818 0.293671 0.494823 0.288435 0.474815 0.265917 0.462190 0.251861
