0 0.499823 0.404028 0.500690 0.411995 0.498557 0.409824 0.497307 0.409537 0.495695 0.411546 0.495854 0.414630 0.497393 0.418074 0.495174 0.419796 0.492875 0.422958 0.491458 0.427185 0.491221 0.433278 0.489573 0.433778 0.483753 0.444380 0.483716 0.451449 0.483435 0.456023 0.482706 0.458569 0.488734 0.463903 0.487099 0.466139 0.487164 0.468671 0.481620 0.473940 0.482740 0.499167 0.484135 0.503139 0.486016 0.508958 0.487583 0.512981 0.491104 0.520731 0.493583 0.524023 0.497935 0.528046 0.500763 0.527801 0.501776 0.531269 0.504565 0.533815 0.508224 0.535731 0.509164 0.542491 0.520180 0.542620 0.521083 0.536963 0.521604 0.535972 0.524503 0.534481 0.527987 0.533431 0.528927 0.528352 0.529172 0.522083 0.525862 0.517995 0.520563 0.511056 0.519971 0.483912 0.523911 0.481921 0.528023 0.478028 0.530185 0.481870 0.529656 0.483782 0.530951 0.486699 0.533461 0.497546 0.532794 0.506903 0.531854 0.513343 0.530185 0.518306 0.529729 0.521773 0.529977 0.527171 0.539424 0.527606 0.542242 0.522338 0.546711 0.514398 0.549010 0.507213 0.549146 0.498912 0.547859 0.484338 0.549068 0.479324 0.549755 0.472218 0.549956 0.463338 0.548063 0.443903 0.543096 0.432713 0.535917 0.432634 0.528133 0.436940 0.527005 0.418653 0.529427 0.415426 0.529302 0.403745 0.525594 0.399722
5 0.533461 0.497546 0.530951 0.486699 0.529656 0.483782 0.530185 0.481870 0.528023 0.478028 0.523911 0.481921 0.519971 0.483912 0.520214 0.495616 0.525094 0.503671 0.527596 0.504662 0.527841 0.501875 0.528747 0.500199 0.530594 0.499769 0.533245 0.500014
2 0.439948 0.437870 0.442839 0.440093 0.450583 0.449324 0.449531 0.451778 0.448620 0.451870 0.441302 0.441778 0.436901 0.438352
1 0.508224 0.535731 0.505388 0.540486 0.501799 0.545444 0.499427 0.548606 0.496047 0.551764 0.493466 0.553005 0.491445 0.552694 0.489979 0.550713 0.490643 0.549968 0.491167 0.551023 0.493292 0.551023 0.496638 0.549162 0.500229 0.545319 0.502948 0.541292 0.505495 0.537449 0.506888 0.534907
1 0.497237 0.527338 0.494190 0.527569 0.491326 0.528032 0.487758 0.529606 0.487471 0.528495 0.486924 0.528912 0.486898 0.530208 0.487393 0.530718 0.487992 0.530810 0.491352 0.529190 0.495883 0.528542 0.500935 0.528403 0.500763 0.527801 0.497935 0.528046
1 0.527000 0.533736 0.527174 0.542352 0.523969 0.549787 0.522190 0.548981 0.519680 0.547060 0.518005 0.544894 0.517065 0.542537 0.519018 0.542597 0.520167 0.545139 0.523516 0.547991 0.526094 0.542102 0.525781 0.533986
1 0.550547 0.541806 0.553812 0.541222 0.554047 0.544417 0.552484 0.545296
1 0.555401 0.542565 0.556495 0.540944 0.556990 0.543769 0.557953 0.544509 0.559047 0.543815 0.559490 0.542148 0.558891 0.539787 0.567253 0.530611 0.564047 0.530296 0.561729 0.532519 0.560896 0.534787 0.560036 0.533676 0.558578 0.533769 0.559151 0.532241 0.561078 0.529926 0.559385 0.529648 0.557094 0.534278 0.558526 0.535204 0.558813 0.535898 0.558500 0.537380 0.556937 0.537796 0.556208 0.538861 0.555036 0.538861 0.555250 0.540153
1 0.550328 0.593241 0.550547 0.598009 0.551146 0.601806 0.552031 0.604352 0.554719 0.609171 0.558729 0.612889 0.562458 0.614995 0.567724 0.615431 0.569849 0.614375 0.568701 0.612764 0.565190 0.613352 0.561799 0.612708 0.558372 0.610634 0.555510 0.607764 0.553615 0.604750 0.552805 0.602167 0.551799 0.597722 0.551719 0.592417
1 0.542815 0.594491 0.542966 0.598028 0.543901 0.601778 0.545466 0.604940 0.547484 0.607616 0.549534 0.609866 0.553211 0.612060 0.552247 0.608153 0.550167 0.606921 0.547154 0.604079 0.545044 0.600171 0.544562 0.598458 0.544471 0.595190
9 0.594349 0.583366 0.593896 0.584815 0.594107 0.586741 0.595161 0.587815 0.596818 0.587704 0.596427 0.583366
2 0.585513 0.581153 0.584398 0.582653 0.584188 0.585495 0.586206 0.587315 0.586990 0.588171 0.587232 0.589352 0.588828 0.589028 0.593016 0.583352 0.588768 0.583028
1 0.526810 0.690481 0.526966 0.693306 0.527930 0.693583 0.529336 0.692287 0.529102 0.690991
1 0.537026 0.670384 0.534687 0.672454 0.533411 0.674676 0.532344 0.677546 0.531979 0.679815 0.531979 0.681944 0.533516 0.682361 0.533984 0.679213 0.534948 0.676435 0.535964 0.674028 0.536883 0.672815
1 0.536078 0.661991 0.534375 0.663287 0.532891 0.664630 0.531641 0.666574 0.530286 0.669398 0.529531 0.673009 0.529193 0.676157 0.529167 0.680556 0.527865 0.680463 0.527865 0.676620 0.528229 0.673287 0.529036 0.669676 0.530469 0.666620 0.532005 0.664306 0.532891 0.662731 0.534167 0.661713 0.535937 0.660926
10 0.413424 0.402972 0.414628 0.400560 0.416737 0.398153 0.419602 0.396384 0.422945 0.395847 0.426349 0.397403 0.428219 0.400134 0.429755 0.402972 0.430659 0.406185 0.431383 0.409398 0.431773 0.412241 0.431893 0.415347 0.430719 0.412218 0.428581 0.410069 0.425393 0.409208 0.421440 0.410069 0.417609 0.412648
9 0.437000 0.382097 0.436549 0.383648 0.436760 0.385042 0.437422 0.385685 0.438536 0.385366 0.439021 0.384134 0.438839 0.382472 0.438117 0.381667
10 0.441302 0.356713 0.442456 0.359065 0.443961 0.362384 0.444987 0.365815 0.446146 0.370880 0.446628 0.375380 0.446747 0.376931 0.444560 0.376606 0.442789 0.382532 0.444820 0.383875 0.442906 0.385523 0.439471 0.385634 0.439021 0.384134 0.438839 0.382472 0.438117 0.381667 0.437453 0.381884 0.436042 0.377269 0.437005 0.376611 0.438724 0.375222 0.440182 0.370963 0.440833 0.364616
10 0.431120 0.383032 0.433560 0.383894 0.434857 0.385125 0.435367 0.386676 0.435940 0.386194 0.439471 0.385634 0.442906 0.385523 0.439622 0.388269 0.438471 0.390190 0.438542 0.400542 0.439133 0.402523 0.436380 0.404815 0.432690 0.394944
10 0.460977 0.324787 0.461133 0.323310 0.462125 0.320958 0.464232 0.319560 0.466719 0.319815 0.468784 0.321208 0.470979 0.324120 0.472375 0.327157 0.473375 0.330394 0.473646 0.331843 0.474641 0.337509 0.474745 0.340606 0.473352 0.346745 0.472513 0.335218 0.470596 0.330069 0.467948 0.326847 0.464078 0.325111
10 0.453396 0.382708 0.465367 0.395449 0.465229 0.393972 0.467443 0.392259 0.467130 0.391421 0.466349 0.387241 0.462833 0.384648 0.459839 0.380250 0.459604 0.376176 0.466714 0.381963 0.477753 0.362745 0.475161 0.359843 0.474328 0.361324 0.473703 0.359333 0.473932 0.358611 0.467865 0.360458 0.464062 0.362630 0.461031 0.365106 0.458242 0.368639 0.454685 0.375394
1 0.467328 0.354810 0.466786 0.356579 0.466146 0.358843 0.465990 0.361481 0.467083 0.360926 0.467865 0.356759 0.468724 0.356250 0.468750 0.355093 0.468021 0.354352
10 0.450987 0.324384 0.452922 0.329259 0.454536 0.334995 0.470260 0.350556 0.474154 0.354551 0.473352 0.346745 0.472513 0.335218 0.470596 0.330069 0.467948 0.326847 0.464078 0.325111 0.460977 0.324787 0.460326 0.324838 0.456094 0.323875
10 0.455208 0.340324 0.468125 0.352361 0.473932 0.358611 0.473932 0.358611 0.467865 0.360458 0.467083 0.360926 0.467865 0.356759 0.468724 0.356250 0.468750 0.355093 0.468021 0.354352 0.467328 0.354810 0.464435 0.354060 0.461031 0.353741 0.458169 0.354755 0.455156 0.356472 0.451992 0.359042 0.448948 0.362310 0.447292 0.366005 0.446146 0.370880 0.444987 0.365815 0.443961 0.362384 0.442456 0.359065 0.441302 0.356713 0.441383 0.354620 0.442919 0.357583 0.445096 0.359236 0.447760 0.360097 0.450503 0.359884 0.453490 0.355866 0.454818 0.352208 0.455341 0.346972 0.455341 0.341380
10 0.453396 0.382708 0.454685 0.375394 0.458242 0.368639 0.461031 0.365106 0.464062 0.362630 0.465990 0.361481 0.466146 0.358843 0.466786 0.356579 0.464466 0.355292 0.461693 0.355398 0.457867 0.357060 0.454945 0.358667 0.450906 0.362361 0.449612 0.364347 0.448917 0.365417 0.447742 0.369704 0.447352 0.371843 0.447654 0.373560 0.448948 0.376880 0.451089 0.377898 0.452956 0.378542 0.452021 0.381324
10 0.446628 0.375380 0.448164 0.378167 0.446747 0.376931
10 0.441302 0.441778 0.438661 0.445907 0.441799 0.447394 0.444867 0.451051 0.446471 0.455699 0.447727 0.461773 0.448042 0.465681 0.447760 0.470204 0.446529 0.475454 0.448156 0.472292 0.454174 0.469588 0.454052 0.465713 0.454013 0.463708 0.455102 0.462417 0.457766 0.464282 0.458380 0.465644 0.458680 0.461625 0.458490 0.459074 0.454099 0.453681 0.450583 0.449324 0.449531 0.451778 0.448620 0.451870
10 0.442839 0.440093 0.444339 0.437042 0.450727 0.435861 0.452625 0.438005 0.453437 0.440681 0.453833 0.442204 0.454810 0.446106 0.456797 0.448468 0.458542 0.450514 0.458620 0.451287 0.457844 0.450819 0.456833 0.451995 0.456344 0.453731 0.454602 0.451810 0.451638 0.448153 0.449406 0.444000 0.448396 0.440407 0.447172 0.440208 0.447901 0.444792 0.450583 0.449324
15 0.482706 0.458569 0.488734 0.463903 0.487099 0.466139 0.487164 0.468671 0.481620 0.473940 0.481880 0.479144 0.478357 0.475125 0.478346 0.473944 0.476609 0.474269 0.475807 0.473565 0.475807 0.472222 0.474531 0.471944 0.471510 0.469866 0.471510 0.468153 0.470245 0.467884 0.465971 0.463931 0.466977 0.459560 0.467990 0.457634 0.469677 0.454875 0.469497 0.452630 0.471487 0.448931
1 0.464750 0.457222 0.464568 0.459028 0.463917 0.463796 0.463135 0.467454 0.462094 0.470370 0.460844 0.472963 0.460271 0.470741 0.461729 0.468472 0.463135 0.463380 0.463526 0.459120 0.463656 0.455972
2 0.445211 0.478801 0.448552 0.487407 0.454117 0.483176 0.454221 0.480144 0.452555 0.478153 0.450888 0.477042 0.448622 0.476718 0.445862 0.477319
2 0.569969 0.532491 0.570701 0.544824 0.574036 0.571421 0.574198 0.576731 0.574469 0.582611 0.574818 0.589306 0.576003 0.589306 0.576107 0.577718 0.575828 0.571269 0.572865 0.544125 0.572810 0.538435 0.571872 0.531167 0.571297 0.531106
1 0.560143 0.528264 0.561667 0.526528 0.563203 0.523056 0.563568 0.525046 0.561745 0.528472
1 0.568716 0.529431 0.569896 0.527685 0.569479 0.526667 0.568750 0.526620 0.565990 0.529074
2 0.474641 0.421116 0.473768 0.436995 0.476268 0.442194 0.482484 0.441218
1 0.473107 0.427255 0.473768 0.436995 0.472320 0.435713 0.471922 0.435745 0.471992 0.431407
10 0.434724 0.438727 0.435490 0.440204 0.437060 0.440824 0.438141 0.443120 0.438661 0.445907 0.441302 0.441778 0.436901 0.438352
10 0.439948 0.437870 0.442839 0.440093 0.444339 0.437042
10 0.453049 0.394292 0.452745 0.396435 0.452852 0.398991 0.455013 0.397319 0.455914 0.397023
2 0.528828 0.529120 0.531484 0.529028 0.535612 0.532199 0.535690 0.534375 0.535930 0.541866 0.536453 0.544444 0.534841 0.546023 0.533549 0.548245 0.530969 0.548245 0.527174 0.542352 0.527000 0.533736 0.527987 0.533431
15 0.520214 0.495616 0.525094 0.503671 0.527596 0.504662 0.527180 0.509806 0.527284 0.515634 0.527805 0.520407 0.525862 0.517995 0.520563 0.511056
9 0.572318 0.591528 0.572448 0.590028 0.572943 0.589102 0.574010 0.588593 0.574896 0.590213 0.575208 0.591787 0.575104 0.593454 0.574427 0.594028 0.573151 0.592296
2 0.419781 0.292856 0.416466 0.301736 0.410727 0.316097 0.407133 0.329375 0.420482 0.347370 0.429161 0.325463 0.432990 0.310366 0.423187 0.295935
10 0.416466 0.301736 0.412294 0.301106 0.408701 0.300440 0.406602 0.299861 0.404734 0.300523 0.402867 0.302847 0.402773 0.305583 0.403661 0.309653 0.405060 0.312722 0.407039 0.314597 0.410727 0.316097
2 0.410318 0.333667 0.410195 0.338222 0.414146 0.345560 0.416708 0.344329 0.417159 0.342935
2 0.417159 0.342935 0.418635 0.349139 0.420482 0.347370
1 0.445117 0.319431 0.442406 0.321894 0.440206 0.325213 0.439154 0.328750 0.438398 0.331912 0.437555 0.336625 0.437536 0.341926 0.438966 0.347759 0.440904 0.353500 0.442919 0.357583 0.445096 0.359236 0.447760 0.360097 0.450503 0.359884 0.453490 0.355866 0.454818 0.352208 0.455341 0.346972 0.455341 0.341380 0.454536 0.334995 0.452922 0.329259 0.450987 0.324384 0.447396 0.320296
2 0.454536 0.334995 0.470260 0.350556 0.479219 0.359537 0.479427 0.361759 0.478333 0.363287 0.468125 0.352361 0.455208 0.340324
17 0.439083 0.317315 0.442885 0.316389 0.443792 0.315148 0.445255 0.314653 0.446336 0.315519 0.446997 0.317750 0.447396 0.320296 0.445117 0.319431 0.442406 0.321894 0.440206 0.325213 0.439154 0.328750 0.438398 0.331912 0.437555 0.336625 0.437536 0.341926 0.438966 0.347759 0.440904 0.353500 0.441383 0.354620 0.440833 0.364616 0.440182 0.370963 0.438724 0.375222 0.437005 0.376611 0.430964 0.381426 0.430497 0.378833 0.433513 0.374343 0.435289 0.370111 0.436294 0.364083 0.436055 0.357417 0.435367 0.346662 0.433997 0.339491 0.432464 0.333542
1 0.452956 0.378542 0.452021 0.381324 0.448164 0.378167 0.446628 0.375380 0.446146 0.370880 0.447292 0.366005 0.448948 0.362310 0.451992 0.359042 0.455156 0.356472 0.458169 0.354755 0.461031 0.353741 0.464435 0.354060 0.467328 0.354810 0.466786 0.356579 0.464466 0.355292 0.461693 0.355398 0.457867 0.357060 0.454945 0.358667 0.450906 0.362361 0.449612 0.364347 0.448917 0.365417 0.447742 0.369704 0.447352 0.371843 0.447654 0.373560 0.448948 0.376880 0.451089 0.377898
1 0.466719 0.319815 0.464518 0.315991 0.461810 0.312287 0.458477 0.309884 0.455768 0.308866 0.454232 0.308958 0.453190 0.309468 0.452695 0.311042 0.453242 0.314190 0.454805 0.316875 0.460326 0.324838 0.460977 0.324787 0.461133 0.323310 0.458372 0.319231 0.456133 0.316222 0.454544 0.314370 0.453815 0.312569 0.453815 0.311644 0.454492 0.311088 0.457096 0.311782 0.460117 0.314005 0.462878 0.316829 0.464232 0.319560
1 0.473375 0.330394 0.474099 0.329912 0.476690 0.332162 0.479281 0.336019 0.480878 0.339824 0.482685 0.344481 0.483378 0.345394 0.483289 0.348819 0.482927 0.350750 0.481180 0.354019 0.478406 0.353801 0.476479 0.353106 0.476359 0.350106 0.477745 0.351819 0.479703 0.352306 0.481391 0.351444 0.482112 0.348931 0.482174 0.346250 0.481299 0.343681 0.479703 0.340037 0.477924 0.336074 0.475875 0.333394 0.473646 0.331843
10 0.466714 0.381963 0.459604 0.376176 0.459839 0.380250 0.462833 0.384648 0.466349 0.387241
1 0.467271 0.387769 0.467130 0.391421 0.468352 0.395454 0.470198 0.397806 0.473581 0.401028 0.476474 0.403324 0.479055 0.404440 0.481773 0.407102 0.480273 0.402454 0.477763 0.401338 0.475846 0.400412 0.471906 0.396690 0.469607 0.394148 0.468385 0.391856 0.468211 0.387829
1 0.412581 0.400778 0.413424 0.402972 0.414628 0.400560 0.416737 0.398153 0.419602 0.396384 0.422945 0.395847 0.426349 0.397403 0.428219 0.400134 0.429755 0.402972 0.430659 0.406185 0.431383 0.409398 0.431773 0.412241 0.431893 0.415347 0.432888 0.417972 0.432768 0.413366 0.432315 0.408597 0.431654 0.404741 0.431654 0.402060 0.429453 0.397560 0.426531 0.393917 0.425083 0.393222 0.424812 0.394667 0.421982 0.393704 0.419089 0.394347 0.414870 0.397454
10 0.417609 0.412648 0.433802 0.452500 0.430234 0.427134 0.433341 0.422977 0.433341 0.420611 0.432888 0.417972 0.431893 0.415347 0.430719 0.412218 0.428581 0.410069 0.425393 0.409208 0.421440 0.410069
15 0.430271 0.427847 0.451859 0.421782 0.453135 0.428958 0.453188 0.435532 0.434724 0.438727 0.433448 0.436968 0.431469 0.436227
1 0.430234 0.427134 0.433341 0.422977 0.437648 0.418986 0.444940 0.411810 0.446688 0.409667 0.448706 0.404042 0.453557 0.388778 0.454583 0.389579 0.450245 0.402810 0.449612 0.407204 0.448375 0.409667 0.447021 0.411273 0.431833 0.427449 0.430271 0.427847
2 0.447674 0.380333 0.445862 0.382940 0.439622 0.388269 0.438471 0.390190 0.438542 0.400542 0.439133 0.402523 0.436380 0.404815 0.434810 0.408472 0.432888 0.417972 0.433341 0.420611 0.433341 0.422977 0.437648 0.418986 0.444940 0.411810 0.446688 0.409667 0.448706 0.404042 0.452120 0.393208 0.451555 0.383315
2 0.431833 0.427449 0.443682 0.424093 0.446646 0.411694
1 0.447172 0.440208 0.447901 0.444792 0.450583 0.449324 0.454099 0.453681 0.458924 0.459495 0.460878 0.461602 0.462026 0.461727 0.463107 0.460116 0.463003 0.457639 0.461156 0.454417 0.459448 0.451810 0.457844 0.450819 0.456833 0.451995 0.456344 0.453731 0.454602 0.451810 0.451638 0.448153 0.449406 0.444000 0.448396 0.440407
1 0.453904 0.439106 0.453833 0.442204 0.454810 0.446106 0.456797 0.448468 0.458542 0.450514 0.466977 0.459560 0.467990 0.457634 0.459273 0.448648 0.455648 0.443935 0.455299 0.438736
10 0.470995 0.435870 0.470362 0.436301 0.469701 0.437852 0.469911 0.445134 0.473435 0.447708 0.475875 0.446852 0.476781 0.445032 0.476781 0.443370 0.476268 0.442194 0.473768 0.436995 0.472320 0.435713
10 0.479427 0.361759 0.478333 0.363287 0.477753 0.362745 0.466714 0.381963 0.466349 0.387241 0.467130 0.391421 0.467271 0.387769 0.468211 0.387829 0.468385 0.391856 0.469607 0.394148 0.471906 0.396690 0.475846 0.400412 0.477763 0.401338 0.480273 0.402454 0.481773 0.407102 0.479055 0.404440 0.476474 0.403324 0.473581 0.401028 0.481971 0.412241 0.484352 0.414273 0.486190 0.409560 0.485648 0.402329 0.485255 0.393009 0.485167 0.369278 0.488992 0.367671 0.486070 0.364352 0.483508 0.362852
10 0.446646 0.411694 0.446367 0.415292 0.446227 0.419134 0.446716 0.423222 0.451859 0.421782 0.453164 0.420310 0.455292 0.419194 0.458010 0.419134 0.460521 0.420435 0.462195 0.421426 0.463346 0.423347 0.465227 0.427315 0.466760 0.431713 0.467841 0.435866 0.468401 0.441014 0.469760 0.439278 0.469701 0.437852 0.470362 0.436301 0.470995 0.435870 0.471922 0.435745 0.471992 0.431407 0.473107 0.427255 0.474641 0.421116 0.469724 0.407542 0.467284 0.401593 0.465018 0.398741 0.462229 0.396634 0.460208 0.396079 0.457836 0.396264 0.455013 0.397319 0.452852 0.398991 0.450245 0.402810 0.449612 0.407204 0.448375 0.409667 0.447021 0.411273
2 0.467443 0.392259 0.465229 0.393972 0.465411 0.396796 0.467284 0.401593 0.469724 0.407542 0.474641 0.421116 0.483753 0.444380 0.487422 0.437579 0.471154 0.398644 0.470198 0.397806 0.468352 0.395454
2 0.480029 0.420102 0.488987 0.428157 0.487320 0.417370 0.484352 0.414273 0.481971 0.412241 0.472555 0.402000
2 0.444820 0.383875 0.445862 0.382940 0.447674 0.380333 0.451555 0.383315 0.452120 0.393208 0.453557 0.388778 0.454583 0.389579 0.453049 0.394292 0.455914 0.397023 0.457836 0.396264 0.460208 0.396079 0.462229 0.396634 0.465018 0.398741 0.467284 0.401593 0.465411 0.396796 0.465367 0.395449 0.452021 0.381324 0.448164 0.378167 0.446747 0.376931 0.444560 0.376606 0.442789 0.382532
1 0.474896 0.347310 0.475937 0.347310 0.476359 0.350106 0.476479 0.353106 0.476146 0.356384 0.474714 0.355042 0.475286 0.351894 0.474740 0.348560
1 0.473932 0.358611 0.473703 0.359333 0.474328 0.361324 0.475161 0.359843
2 0.448552 0.487407 0.454117 0.483176 0.454401 0.476935 0.455005 0.477653 0.455247 0.482745 0.457466 0.481454 0.456982 0.478944 0.458273 0.477153 0.462669 0.483319 0.468115 0.487264 0.473924 0.488481 0.473318 0.493574 0.471544 0.493931 0.469164 0.495296 0.460289 0.491134 0.458393 0.491926 0.458031 0.493861 0.455510 0.493366 0.455276 0.494292 0.456109 0.495861 0.455823 0.496648 0.455146 0.495681 0.453844 0.499153
2 0.456513 0.481991 0.455667 0.478620 0.454698 0.475181 0.454174 0.469588 0.454052 0.465713 0.454013 0.463708 0.455102 0.462417 0.457766 0.464282 0.459781 0.468796 0.461635 0.476185 0.461396 0.478764 0.461758 0.482134 0.458273 0.477153 0.456982 0.478944 0.457466 0.481454
2 0.431469 0.436227 0.433448 0.436968 0.434724 0.438727 0.435490 0.440204 0.437060 0.440824 0.438141 0.443120 0.438661 0.445907 0.432839 0.445787
1 0.446529 0.475454 0.448156 0.472292 0.454174 0.469588 0.454422 0.471861 0.449721 0.474273 0.449240 0.475773 0.447914 0.476417
1 0.458490 0.459074 0.460878 0.461602 0.461120 0.463606 0.460398 0.465375 0.459102 0.467250 0.458380 0.465644 0.459885 0.463662 0.459734 0.462481 0.458680 0.461625
1 0.470245 0.467884 0.466568 0.470722 0.464398 0.472491 0.464820 0.475222 0.467924 0.472167 0.470245 0.469810 0.471510 0.469866 0.471510 0.468153
1 0.467534 0.469866 0.465576 0.469597 0.463677 0.470935 0.462018 0.473403 0.461635 0.476185 0.461396 0.478764 0.461758 0.482134 0.462669 0.483319 0.463857 0.484222 0.462411 0.479398 0.462562 0.475810 0.463193 0.473991 0.464398 0.472491 0.466568 0.470722
1 0.466839 0.473120 0.467646 0.476639 0.468870 0.479000 0.470927 0.480713 0.472932 0.481731 0.474911 0.480713 0.474625 0.479602 0.473766 0.479509 0.470328 0.478583 0.469260 0.476963 0.467516 0.472657
1 0.471081 0.473898 0.470872 0.475148 0.473945 0.476074 0.478398 0.476444 0.478346 0.473944 0.474727 0.474546
1 0.474727 0.474546 0.475807 0.473565 0.475807 0.472222 0.474531 0.471944 0.473672 0.472685 0.472344 0.474074
1 0.529172 0.522083 0.529096 0.519847 0.528328 0.513648 0.528714 0.507454 0.528922 0.504662 0.529305 0.502556 0.530315 0.501190 0.533174 0.502000 0.533245 0.500014 0.530594 0.499769 0.528747 0.500199 0.527841 0.501875 0.527596 0.504662 0.527180 0.509806 0.527284 0.515634 0.527805 0.520407
1 0.542362 0.528750 0.542867 0.534694 0.542706 0.538065 0.541698 0.541435 0.540206 0.542292 0.535930 0.541866 0.536453 0.544444 0.539883 0.544519 0.542383 0.544157 0.543310 0.542292 0.543917 0.537417 0.544036 0.533116 0.543542 0.528843
1 0.542984 0.527579 0.545302 0.525171 0.547542 0.523921 0.549495 0.523644 0.551422 0.524616 0.552594 0.527625 0.551430 0.527546 0.550042 0.525356 0.548661 0.524940 0.546500 0.525449 0.544990 0.527579
1 0.538659 0.530394 0.535612 0.532199 0.535690 0.534375 0.538477 0.533264 0.542706 0.538065 0.542867 0.534694 0.542747 0.533356
1 0.543997 0.534653 0.548060 0.537245 0.549388 0.539792 0.553919 0.547894 0.552643 0.549236 0.548529 0.541690 0.546393 0.541597 0.543711 0.539097 0.543917 0.537417
1 0.550299 0.544926 0.548320 0.546269 0.542591 0.552889 0.542305 0.552380 0.543607 0.550343 0.543034 0.548815 0.540143 0.551176 0.540326 0.554417 0.537773 0.558213 0.535039 0.559139 0.535299 0.560574 0.537565 0.559926 0.538138 0.562889 0.538320 0.563954 0.536393 0.566037 0.536549 0.568583 0.537487 0.569324 0.538763 0.567472 0.541810 0.564231 0.544857 0.562843 0.545794 0.559139 0.544909 0.557889 0.547227 0.554000 0.549544 0.548815 0.551341 0.546824
1 0.552995 0.528995 0.554315 0.533190 0.555250 0.540153 0.555612 0.544921 0.555763 0.551134 0.554859 0.557991 0.552719 0.564204 0.554737 0.563403 0.555432 0.564315 0.554828 0.565546 0.554497 0.567046 0.552870 0.569671 0.550669 0.571921 0.548289 0.572884 0.545578 0.573528 0.542656 0.572134 0.540365 0.571435 0.537487 0.569324 0.538763 0.567472 0.541268 0.568704 0.545216 0.569509 0.548229 0.568384 0.549948 0.566991 0.551997 0.563565 0.553805 0.557190 0.554378 0.552315 0.554286 0.547333 0.553654 0.539778 0.552628 0.533407 0.551667 0.528935
1 0.542362 0.528750 0.540260 0.531528 0.541797 0.532731 0.542552 0.531065
1 0.539036 0.533875 0.538932 0.535912 0.537448 0.539153 0.536901 0.541884 0.538177 0.542162 0.538880 0.539292 0.540547 0.535542
1 0.536453 0.544444 0.536536 0.546120 0.535557 0.546792 0.535086 0.549597 0.534549 0.555537 0.534391 0.558843 0.535211 0.563329 0.535654 0.567644 0.536549 0.568583 0.536393 0.566037 0.536315 0.562824 0.535937 0.560412 0.535299 0.560574 0.535039 0.559139 0.535620 0.558898 0.535526 0.556602 0.535969 0.551389 0.537039 0.546403 0.537419 0.544495
1 0.517466 0.567204 0.515172 0.568940 0.512779 0.571111 0.509995 0.575278 0.507992 0.580574 0.506576 0.585435 0.506234 0.591514 0.506721 0.596204 0.507221 0.599319 0.506526 0.600162 0.507221 0.602949 0.509263 0.604310 0.511891 0.609991 0.512612 0.608139 0.510531 0.603097 0.511953 0.599625 0.514125 0.601472 0.516935 0.602653 0.520622 0.603097 0.525445 0.602037 0.529753 0.598903 0.532458 0.595370 0.533852 0.592148 0.535453 0.586593 0.535198 0.579769 0.533216 0.573463 0.529797 0.569412 0.526888 0.567005 0.523844 0.566708 0.520430 0.566338
1 0.531305 0.631190 0.532156 0.641069 0.536078 0.661991 0.536542 0.664736 0.537026 0.670384 0.536883 0.672815 0.536490 0.682880 0.540250 0.684097 0.540445 0.661528 0.545036 0.657972 0.546115 0.656051 0.546990 0.655972 0.561740 0.643556 0.554901 0.632875 0.542740 0.634699 0.540982 0.633736 0.535562 0.632005
9 0.560174 0.625870 0.559669 0.626995 0.559542 0.629324 0.560133 0.630523 0.561484 0.631046 0.562328 0.630523 0.562411 0.628347 0.562370 0.626546 0.561695 0.625796
9 0.582115 0.628806 0.581641 0.630153 0.581768 0.632116 0.582617 0.633236 0.583943 0.632843 0.584667 0.631611 0.584448 0.629759 0.583565 0.628079
9 0.585708 0.604227 0.586229 0.609597 0.588419 0.609227 0.590318 0.608208 0.589667 0.602375
9 0.589406 0.593208 0.588680 0.595014 0.588885 0.596958 0.589591 0.597977 0.590607 0.598116 0.591388 0.597375 0.591333 0.593949 0.590503 0.592931
2 0.579826 0.582190 0.579018 0.585153 0.577010 0.588625 0.577586 0.592421 0.581177 0.590894 0.582062 0.585153 0.582560 0.580153 0.580161 0.579042
9 0.583211 0.590199 0.582820 0.592329 0.583341 0.594181 0.584536 0.594319 0.585083 0.592375 0.585008 0.590199 0.584096 0.589458
10 0.577586 0.592421 0.578542 0.595602 0.578307 0.597870 0.578594 0.600278 0.580990 0.602824 0.582083 0.598194 0.582917 0.597361 0.583341 0.594181 0.582820 0.592329 0.583211 0.590199 0.583854 0.585139 0.584219 0.580509 0.582560 0.580153 0.582062 0.585153 0.581177 0.590894
1 0.540982 0.633736 0.542029 0.631657 0.543911 0.628806 0.546039 0.626509 0.548724 0.624278 0.552000 0.622856 0.555453 0.622856 0.557648 0.623287 0.559844 0.624468 0.561695 0.625796 0.560174 0.625870 0.559669 0.626995 0.556987 0.625208 0.554161 0.624898 0.551687 0.625458 0.547888 0.627194 0.544924 0.629736 0.542740 0.634699
1 0.562370 0.626546 0.563984 0.627546 0.566250 0.630000 0.568021 0.633287 0.569479 0.636991 0.568203 0.638194 0.566849 0.634352 0.564818 0.631157 0.563021 0.629259 0.562370 0.629120 0.562411 0.628347
2 0.493292 0.639444 0.503990 0.637625 0.506219 0.636125 0.509141 0.636287 0.509109 0.639606 0.493924 0.642657
9 0.522211 0.671093 0.521560 0.672620 0.521664 0.675120 0.522576 0.676231 0.524034 0.675352 0.524086 0.672898 0.523279 0.671324
9 0.516232 0.644199 0.515607 0.644477 0.514773 0.645773 0.514852 0.648088 0.515451 0.649014 0.516701 0.648551 0.516336 0.646560
9 0.515997 0.639713 0.515424 0.638644 0.514721 0.638875 0.513966 0.640824 0.514227 0.642810 0.514747 0.644014 0.515685 0.643690 0.515997 0.642907
9 0.516440 0.624157 0.515659 0.623875 0.514799 0.624940 0.514721 0.627255 0.515424 0.629153 0.516492 0.629338 0.517091 0.627764 0.516935 0.626144
1 0.521576 0.614255 0.521547 0.617519 0.521938 0.620894 0.522781 0.624537 0.523716 0.627856 0.525974 0.631824 0.527151 0.631556 0.525583 0.628718 0.524529 0.626736 0.523354 0.622718 0.522721 0.617574
1 0.517810 0.624375 0.520310 0.626681 0.523323 0.627750 0.523172 0.629681 0.520974 0.629037 0.518563 0.627750
9 0.515820 0.618000 0.514737 0.617199 0.513833 0.617574 0.513591 0.619986 0.513893 0.621861 0.515518 0.621806 0.516031 0.621056
9 0.502104 0.586833 0.501635 0.585676 0.501089 0.585676 0.500411 0.586602 0.500385 0.587759 0.500828 0.589056 0.501401 0.587944
1 0.499240 0.570630 0.499891 0.573824 0.500672 0.578083 0.501089 0.585676 0.501635 0.585676 0.502104 0.586833 0.501401 0.587944 0.502115 0.598713 0.502958 0.598875 0.503440 0.597699 0.502625 0.587514 0.502286 0.583255 0.501974 0.576681 0.501557 0.573579 0.500411 0.569088 0.499734 0.569505
9 0.502286 0.583255 0.503172 0.582838 0.503693 0.583579 0.504057 0.585338 0.504109 0.586912 0.503484 0.587653 0.502625 0.587514
1 0.471362 0.541102 0.481128 0.533278 0.481284 0.534389 0.472013 0.542398
1 0.501503 0.530222 0.497318 0.532019 0.494182 0.534250 0.491286 0.538093 0.489266 0.542431 0.488393 0.545653 0.490102 0.544352 0.490521 0.542556 0.491357 0.540699 0.493031 0.537722 0.494807 0.535491 0.497180 0.533569 0.501776 0.531269
2 0.564990 0.536472 0.563492 0.548991 0.563107 0.560704 0.566698 0.561944 0.567500 0.548616 0.568617 0.538083
2 0.571732 0.617009 0.566523 0.625208 0.565495 0.627130 0.569219 0.630648 0.571016 0.627546 0.571094 0.624583 0.571484 0.621713 0.573438 0.619815
2 0.562370 0.629120 0.562328 0.630523 0.562422 0.642731 0.566667 0.639722 0.566849 0.634352 0.564818 0.631157 0.563021 0.629259
2 0.547888 0.627194 0.547760 0.629676 0.553750 0.633056 0.554901 0.632875 0.555781 0.634306 0.562370 0.637870 0.562328 0.630523 0.561484 0.631046 0.560133 0.630523 0.559542 0.629324 0.551687 0.625458
2 0.466039 0.485690 0.468115 0.487264 0.477914 0.483329 0.481951 0.482449 0.481880 0.479144 0.480414 0.477356 0.474911 0.480713 0.472932 0.481731
2 0.471633 0.487917 0.476607 0.487176 0.482206 0.487319 0.481951 0.482449 0.477914 0.483329 0.468115 0.487264
2 0.479870 0.487269 0.474133 0.493569 0.477370 0.493750 0.480234 0.495602 0.482708 0.498287 0.482206 0.487319
2 0.442286 0.300639 0.431438 0.328606 0.432464 0.333542 0.439083 0.317315 0.444789 0.303218 0.443617 0.300565
10 0.412581 0.400778 0.414870 0.397454 0.419089 0.394347 0.421982 0.393704 0.424812 0.394667 0.425083 0.393222 0.426531 0.393917 0.429453 0.397560 0.431654 0.402060 0.431654 0.404741 0.432315 0.408597 0.432768 0.413366 0.432888 0.417972 0.434810 0.408472 0.436380 0.404815 0.432690 0.394944 0.430964 0.381426 0.430497 0.378833 0.429409 0.372944 0.426854 0.367676 0.424229 0.365588 0.424198 0.363602 0.422661 0.363602 0.422630 0.365000 0.419562 0.363824 0.414977 0.364032 0.410789 0.365588 0.408534 0.366824 0.404766 0.370412 0.402987 0.372875 0.402023 0.374852
13 0.423187 0.295935 0.419781 0.292856 0.416466 0.301736 0.412294 0.301106 0.408701 0.300440 0.406602 0.299861 0.404734 0.300523 0.402867 0.302847 0.402773 0.305583 0.403661 0.309653 0.405060 0.312722 0.407039 0.314597 0.410727 0.316097 0.407133 0.329375 0.410318 0.333667 0.410195 0.338222 0.414146 0.345560 0.416708 0.344329 0.417159 0.342935 0.418635 0.349139 0.420482 0.347370 0.429161 0.325463 0.430078 0.321736 0.432464 0.333542 0.433997 0.339491 0.435367 0.346662 0.436055 0.357417 0.436294 0.364083 0.435289 0.370111 0.433513 0.374343 0.430497 0.378833 0.429375 0.372824 0.426854 0.367676 0.424229 0.365588 0.424198 0.363602 0.422661 0.363602 0.422630 0.365000 0.419562 0.363824 0.414977 0.364032 0.410789 0.365588 0.408534 0.366824 0.404766 0.370412 0.402987 0.372875 0.402005 0.374861 0.378563 0.316551 0.379482 0.312519 0.381047 0.308106 0.382505 0.304843 0.381911 0.302727 0.383315 0.300713 0.384396 0.302343 0.390172 0.294667 0.389255 0.292167 0.390443 0.290250 0.392279 0.292361 0.394331 0.289958 0.398164 0.287079 0.401784 0.285449 0.405508 0.284491 0.405346 0.282759 0.407938 0.283241 0.408641 0.282185 0.409451 0.282472 0.409505 0.284199 0.414258 0.284778 0.415174 0.285065 0.416201 0.286310 0.416740 0.284778 0.418362 0.285546 0.418036 0.287847 0.420521 0.289866 0.421708 0.291782
5 0.527151 0.631556 0.525974 0.631824 0.522346 0.631745 0.519732 0.632324 0.517073 0.636389 0.515997 0.639713 0.515997 0.642907 0.516232 0.644199 0.516336 0.646560 0.516701 0.648551 0.518240 0.653648 0.520758 0.659620 0.523326 0.663356 0.526172 0.667255 0.529036 0.669676 0.530469 0.666620 0.532005 0.664306 0.532891 0.662731 0.534167 0.661713 0.535937 0.660926 0.532156 0.641069 0.527852 0.631162
5 0.530286 0.669398 0.531641 0.666574 0.532891 0.664630 0.534375 0.663287 0.536078 0.661991 0.536542 0.664736 0.536719 0.666296 0.532708 0.669630
5 0.552031 0.604352 0.554719 0.609171 0.558729 0.612889 0.562458 0.614995 0.567724 0.615431 0.569849 0.614375 0.570898 0.615394 0.571732 0.617009 0.566523 0.625208 0.562906 0.624514 0.559937 0.622611 0.556706 0.619556 0.554781 0.616644 0.553211 0.612060 0.552247 0.608153
5 0.556745 0.593269 0.554688 0.595583 0.553437 0.598639 0.552805 0.602167 0.553615 0.604750 0.555510 0.607764 0.558372 0.610634 0.561799 0.612708 0.565190 0.613352 0.568701 0.612764 0.566016 0.608778 0.562031 0.605074 0.569818 0.593963 0.572500 0.594241 0.577135 0.599472 0.575573 0.595491 0.573151 0.592296 0.571016 0.590583 0.569167 0.589889 0.563203 0.591880
5 0.570096 0.526069 0.572807 0.529676 0.573667 0.529741 0.590401 0.531042 0.589685 0.525968 0.587500 0.522588 0.585677 0.520644 0.582943 0.519023 0.580260 0.518560 0.577630 0.518282 0.575703 0.518421 0.573643 0.520366 0.571326 0.523097
5 0.564161 0.500560 0.565646 0.505009 0.566792 0.509037 0.567599 0.513806 0.567677 0.517690 0.567651 0.521352 0.566479 0.523801 0.565125 0.522829 0.564604 0.521764 0.561766 0.518565 0.559005 0.510880
5 0.564161 0.500560 0.564440 0.498588 0.566458 0.500088 0.569172 0.504907 0.571672 0.510477 0.572818 0.509727 0.574383 0.512620 0.574354 0.515245 0.575409 0.515088 0.576523 0.518301 0.575703 0.518421 0.573643 0.520366 0.571326 0.523097 0.570096 0.526069 0.568117 0.523227 0.567651 0.521352 0.567677 0.517690 0.567599 0.513806 0.566792 0.509037 0.565646 0.505009
5 0.573935 0.482569 0.575016 0.485667 0.576271 0.491120 0.577177 0.496079 0.577701 0.500977 0.577945 0.505870 0.578086 0.510583 0.577596 0.514176 0.575888 0.516468 0.575409 0.515088 0.574354 0.515245 0.574383 0.512620 0.572818 0.509727 0.571672 0.510477 0.569172 0.504907 0.566458 0.500088 0.564440 0.498588 0.564768 0.494032
5 0.574651 0.484694 0.575487 0.483704 0.577893 0.483824 0.580820 0.490769 0.583263 0.499194 0.584411 0.504588 0.585250 0.511838 0.586505 0.512458 0.589049 0.516181 0.588560 0.518968 0.586539 0.516116 0.585771 0.516301 0.585677 0.520644 0.582943 0.519023 0.580260 0.518560 0.577630 0.518282 0.576523 0.518301 0.575888 0.516468 0.577596 0.514176 0.578086 0.510583 0.577945 0.505870 0.577701 0.500977 0.577177 0.496079 0.576271 0.491120 0.575016 0.485667
5 0.528758 0.544824 0.528859 0.547463 0.530320 0.551213 0.531724 0.553250 0.534549 0.555537 0.535086 0.549597 0.535557 0.546792 0.536536 0.546120 0.536453 0.544444 0.534841 0.546023 0.533549 0.548245 0.530969 0.548245
5 0.535526 0.556602 0.537773 0.558213 0.540326 0.554417 0.540143 0.551176 0.540755 0.550602 0.540729 0.548102 0.541641 0.544306 0.539883 0.544519 0.537419 0.544495 0.537039 0.546403 0.535969 0.551389
5 0.528714 0.507454 0.528922 0.504662 0.529305 0.502556 0.530315 0.501190 0.533174 0.502000 0.532974 0.504546 0.530763 0.506727
5 0.535690 0.534375 0.538477 0.533264 0.539036 0.533875 0.538932 0.535912 0.537448 0.539153 0.536901 0.541884 0.535930 0.541866
5 0.538177 0.542162 0.538880 0.539292 0.540547 0.535542 0.542706 0.538065 0.541698 0.541435 0.540206 0.542292
5 0.542552 0.531065 0.542747 0.533356 0.541797 0.532731
5 0.542984 0.527579 0.542242 0.522338 0.539424 0.527606
5 0.531484 0.529028 0.542362 0.528750 0.540260 0.531528 0.538659 0.530394 0.535612 0.532199
5 0.467135 0.523829 0.468076 0.520792 0.469260 0.517940 0.471039 0.514653 0.473341 0.512176 0.476687 0.509694 0.481708 0.509449 0.485612 0.511741 0.487682 0.513796 0.489112 0.516255 0.491104 0.520731 0.491589 0.524727 0.487471 0.528495 0.486924 0.528912 0.486898 0.530208 0.487393 0.530718 0.487992 0.530810 0.490591 0.537181 0.489130 0.540097 0.477779 0.537412 0.481284 0.534389 0.481128 0.533278 0.476503 0.536995 0.474289 0.536583 0.472180 0.529125 0.470357 0.525792 0.468609 0.525190
5 0.458870 0.513060 0.466729 0.530556 0.467042 0.527176 0.467135 0.523829 0.468076 0.520792 0.469260 0.517940 0.471039 0.514653 0.468909 0.512565 0.466398 0.511759 0.462495 0.511574
5 0.460404 0.512440 0.461833 0.509032 0.465602 0.506120 0.469260 0.505130 0.471701 0.505130 0.473758 0.505995 0.475573 0.507593 0.476687 0.509694 0.473341 0.512176 0.471039 0.514653 0.468909 0.512565 0.466398 0.511759 0.462495 0.511574
5 0.458870 0.513060 0.458604 0.511481 0.459755 0.507514 0.461497 0.503981 0.463867 0.501069 0.466273 0.499458 0.469831 0.498463 0.472409 0.498278 0.474990 0.499023 0.477849 0.500884 0.480253 0.504106 0.480984 0.506458 0.481708 0.509449 0.476687 0.509694 0.475573 0.507593 0.473758 0.505995 0.471701 0.505130 0.469260 0.505130 0.465602 0.506120 0.461833 0.509032 0.460404 0.512440
5 0.466273 0.499458 0.469831 0.498463 0.472409 0.498278 0.474990 0.499023 0.477849 0.500884 0.480253 0.504106 0.480984 0.506458 0.481708 0.509449 0.485612 0.511741 0.485677 0.507778 0.484135 0.503139 0.482740 0.499167 0.482708 0.498287 0.480234 0.495602 0.477370 0.493750 0.473318 0.493574 0.471544 0.493931 0.469164 0.495296 0.466797 0.496944 0.464661 0.500509
5 0.432839 0.445787 0.438661 0.445907 0.441799 0.447394 0.444867 0.451051 0.446471 0.455699 0.447727 0.461773 0.448042 0.465681 0.447760 0.470204 0.446529 0.475454 0.445862 0.477319 0.445211 0.478801 0.433802 0.452500
5 0.451859 0.421782 0.453164 0.420310 0.455292 0.419194 0.458010 0.419134 0.460521 0.420435 0.462195 0.421426 0.463346 0.423347 0.465227 0.427315 0.466760 0.431713 0.467841 0.435866 0.468401 0.441014 0.468687 0.446847 0.468607 0.451796 0.468365 0.455023 0.466833 0.456458 0.459273 0.448648 0.455648 0.443935 0.455299 0.438736 0.453904 0.439106 0.453833 0.442204 0.453437 0.440681 0.452625 0.438005 0.450727 0.435861 0.453188 0.435532 0.453135 0.428958
5 0.476479 0.353106 0.478406 0.353801 0.481180 0.354019 0.481682 0.353125 0.483320 0.354926 0.484122 0.357528 0.484122 0.359634 0.483508 0.362852 0.479427 0.361759 0.479219 0.359537 0.476146 0.356384
5 0.555982 0.515861 0.557065 0.518806 0.558151 0.519662 0.560682 0.524162 0.557901 0.522852 0.555221 0.521245
5 0.540250 0.684097 0.536490 0.682880 0.533516 0.682361 0.531979 0.681944 0.529167 0.680556 0.527865 0.680463 0.523333 0.677870 0.521979 0.688519 0.526810 0.690481 0.529102 0.690991 0.529336 0.692287
5 0.577135 0.599472 0.572500 0.594241 0.569818 0.593963 0.562031 0.605074 0.566016 0.608778 0.568701 0.612764 0.569849 0.614375 0.570898 0.615394 0.571732 0.617009 0.573438 0.619815 0.574112 0.618949 0.575680 0.618949 0.577216 0.620449 0.578422 0.625912 0.578029 0.629931 0.578904 0.631218 0.588604 0.618310 0.586406 0.612630 0.583724 0.607111 0.579747 0.602185
5 0.549346 0.457204 0.549956 0.463338 0.549755 0.472218 0.549068 0.479324 0.547859 0.484338 0.549146 0.498912 0.549010 0.507213 0.546711 0.514398 0.542242 0.522338 0.547612 0.520019 0.552758 0.508412 0.553901 0.506380 0.555378 0.504718 0.556352 0.504005 0.563263 0.497000 0.564768 0.494032 0.573935 0.482569 0.579232 0.476019 0.578477 0.474306 0.574016 0.470310 0.569833 0.466532 0.566174 0.461074 0.563766 0.458722 0.556341 0.452773 0.553133 0.453759
5 0.564768 0.494032 0.564440 0.498588 0.564161 0.500560 0.559005 0.510880 0.556352 0.504005 0.563263 0.497000
5 0.552758 0.508412 0.555982 0.515861 0.555221 0.521245 0.552568 0.520227 0.549284 0.516319
5 0.468401 0.441014 0.468687 0.446847 0.468607 0.451796 0.468365 0.455023 0.466833 0.456458 0.467990 0.457634 0.469677 0.454875 0.469497 0.452630 0.471487 0.448931 0.482706 0.458569 0.483435 0.456023 0.483716 0.451449 0.483753 0.444380 0.482484 0.441218 0.476268 0.442194 0.476781 0.443370 0.476781 0.445032 0.475875 0.446852 0.473435 0.447708 0.469911 0.445134 0.469760 0.439278
5 0.464750 0.457222 0.464568 0.459028 0.463917 0.463796 0.463135 0.467454 0.462094 0.470370 0.460844 0.472963 0.461635 0.476185 0.462018 0.473403 0.463677 0.470935 0.465576 0.469597 0.467534 0.469866 0.470245 0.467884 0.465971 0.463931 0.466977 0.459560
5 0.463526 0.459120 0.463107 0.460116 0.463003 0.457639 0.461156 0.454417 0.459448 0.451810 0.458620 0.451287 0.458542 0.450514 0.463656 0.455972
5 0.463526 0.459120 0.463135 0.463380 0.461729 0.468472 0.460271 0.470741 0.459781 0.468796 0.459102 0.467250 0.460398 0.465375 0.461120 0.463606 0.460878 0.461602 0.462026 0.461727 0.463107 0.460116
5 0.458680 0.461625 0.459734 0.462481 0.459885 0.463662 0.458380 0.465644
5 0.462411 0.479398 0.462562 0.475810 0.463193 0.473991 0.464398 0.472491 0.464820 0.475222 0.466839 0.473120 0.467646 0.476639 0.468870 0.479000 0.466635 0.480694 0.463201 0.481931
5 0.473945 0.476074 0.470872 0.475148 0.471081 0.473898 0.472344 0.474074 0.473672 0.472685 0.474531 0.471944 0.471510 0.469866 0.470245 0.469810 0.467924 0.472167 0.467516 0.472657 0.469260 0.476963 0.470328 0.478583
5 0.543711 0.539097 0.543310 0.542292 0.542383 0.544157 0.541641 0.544306 0.540729 0.548102 0.540755 0.550602 0.543034 0.548815 0.543607 0.550343 0.542305 0.552380 0.542591 0.552889 0.548320 0.546269 0.550299 0.544926 0.548529 0.541690 0.546393 0.541597
5 0.543542 0.528843 0.544036 0.533116 0.543997 0.534653 0.548060 0.537245 0.549388 0.539792 0.550547 0.541806 0.553812 0.541222 0.553654 0.539778 0.552628 0.533407 0.551667 0.528935
5 0.544990 0.527579 0.546500 0.525449 0.548661 0.524940 0.550042 0.525356 0.551430 0.527546
5 0.542984 0.527579 0.545302 0.525171 0.547542 0.523921 0.549495 0.523644 0.551422 0.524616 0.552594 0.527625 0.560143 0.528264 0.561667 0.526528 0.560682 0.524162 0.557901 0.522852 0.555221 0.521245 0.552568 0.520227 0.549284 0.516319 0.547612 0.520019 0.542242 0.522338
5 0.554047 0.544417 0.554286 0.547333 0.554378 0.552315 0.553805 0.557190 0.551997 0.563565 0.547573 0.561125 0.545794 0.559139 0.544909 0.557889 0.547227 0.554000 0.549544 0.548815 0.551341 0.546824 0.552643 0.549236 0.553919 0.547894 0.552484 0.545296
5 0.555036 0.538861 0.556208 0.538861 0.556937 0.537796 0.558500 0.537380 0.558813 0.535898 0.558526 0.535204 0.557094 0.534278 0.559385 0.529648 0.552995 0.528995 0.554315 0.533190
5 0.561078 0.529926 0.559151 0.532241 0.558578 0.533769 0.560036 0.533676 0.560896 0.534787 0.561729 0.532519 0.564047 0.530296
5 0.562339 0.527407 0.561745 0.528472 0.564526 0.528889
5 0.467042 0.527176 0.466729 0.530556 0.469089 0.536528 0.469818 0.536528 0.467953 0.529167
5 0.554828 0.565546 0.555432 0.564315 0.554737 0.563403 0.552719 0.564204 0.554859 0.557991 0.555763 0.551134 0.555612 0.544921 0.555401 0.542565 0.556495 0.540944 0.556990 0.543769 0.557953 0.544509 0.559047 0.543815 0.559490 0.542148 0.558891 0.539787 0.566378 0.531560 0.567948 0.534537 0.569969 0.532491 0.570701 0.544824 0.574036 0.571421 0.574198 0.576731
5 0.523969 0.549787 0.527174 0.542352 0.528758 0.544824 0.528859 0.547463 0.530320 0.551213 0.531724 0.553250 0.534549 0.555537 0.534391 0.558843 0.535211 0.563329 0.535654 0.567644 0.536549 0.568583 0.537487 0.569324 0.540365 0.571435 0.542656 0.572134 0.545578 0.573528 0.548289 0.572884 0.550669 0.571921 0.552870 0.569671 0.554497 0.567046 0.554828 0.565546 0.574198 0.576731 0.574469 0.582611 0.574818 0.589306 0.574010 0.588593 0.572943 0.589102 0.571732 0.589079 0.571732 0.587278 0.570792 0.587343 0.570094 0.589199 0.569167 0.589889 0.565979 0.588954 0.564898 0.587588 0.554651 0.590500 0.550849 0.590440 0.548932 0.592486 0.547260 0.593537 0.544714 0.593912 0.542378 0.592546 0.539589 0.591616 0.534151 0.591060 0.535453 0.586593 0.535198 0.579769 0.533216 0.573463 0.529797 0.569412 0.526888 0.567005 0.523844 0.566708
5 0.534151 0.591060 0.539589 0.591616 0.542378 0.592546 0.544714 0.593912 0.547260 0.593537 0.548932 0.592486 0.550849 0.590440 0.554651 0.590500 0.564898 0.587588 0.565979 0.588954 0.569167 0.589889 0.563203 0.591880 0.556745 0.593269 0.553464 0.593477 0.551719 0.592417 0.550328 0.593241 0.549490 0.594718 0.546737 0.595583 0.544471 0.595190 0.542815 0.594491 0.533852 0.592148
5 0.502797 0.532060 0.490102 0.544352 0.488393 0.545653 0.479924 0.553861 0.477867 0.559597 0.478313 0.562611 0.489979 0.550713 0.490643 0.549968 0.505216 0.534282 0.504565 0.533815
5 0.470357 0.525792 0.468609 0.525190 0.467135 0.523829 0.467042 0.527176 0.467953 0.529167 0.469818 0.536528 0.471362 0.541102 0.473229 0.539583
5 0.470357 0.525792 0.472180 0.529125 0.474289 0.536583 0.474583 0.538472 0.473229 0.539583
5 0.469089 0.536528 0.469818 0.536528 0.471362 0.541102
5 0.474289 0.536583 0.474583 0.538472 0.476503 0.536995
5 0.473516 0.541019 0.475062 0.548861 0.472013 0.542398
5 0.473516 0.541019 0.475062 0.548861 0.477867 0.559597 0.478880 0.556806 0.476510 0.547593 0.474948 0.539861
5 0.478313 0.562611 0.483760 0.589796 0.493292 0.639444 0.496500 0.638750 0.484458 0.584324 0.480680 0.570463 0.479482 0.561426
5 0.493924 0.642657 0.500271 0.674556 0.503630 0.675468 0.496909 0.641949
5 0.479482 0.561426 0.480680 0.570463 0.484458 0.584324 0.496500 0.638750 0.503990 0.637625 0.506219 0.636125 0.509141 0.636287 0.509109 0.639606 0.496909 0.641949 0.503630 0.675468 0.521979 0.688519 0.523333 0.677870 0.527865 0.680463 0.523326 0.663356 0.520758 0.659620 0.518240 0.653648 0.516701 0.648551 0.515451 0.649014 0.514852 0.648088 0.514773 0.645773 0.515607 0.644477 0.516232 0.644199 0.515997 0.642907 0.515685 0.643690 0.514747 0.644014 0.514227 0.642810 0.513966 0.640824 0.514721 0.638875 0.515424 0.638644 0.515997 0.639713 0.517073 0.636389 0.514721 0.627255 0.510799 0.607694 0.509263 0.604310 0.507221 0.602949 0.506526 0.600162 0.507221 0.599319 0.506721 0.596204 0.506234 0.591514 0.506443 0.586968 0.500755 0.562375 0.496047 0.551764 0.493466 0.553005 0.491445 0.552694 0.489979 0.550713
5 0.474948 0.539861 0.476510 0.547593 0.478880 0.556806 0.479924 0.553861 0.488393 0.545653 0.489266 0.542431 0.490680 0.539514 0.490078 0.538120 0.489130 0.540097 0.477779 0.537412
5 0.510799 0.607694 0.514721 0.627255 0.517073 0.636389 0.519732 0.632324 0.518563 0.627750 0.517810 0.624375 0.515742 0.613435 0.512745 0.600296 0.511953 0.599625 0.510531 0.603097 0.512612 0.608139 0.511891 0.609991
5 0.496047 0.551764 0.499427 0.548606 0.501799 0.545444 0.505388 0.540486 0.508224 0.535731 0.509164 0.542491 0.517065 0.542537 0.518005 0.544894 0.519680 0.547060 0.522190 0.548981 0.523969 0.549787 0.523844 0.566708 0.520430 0.566338 0.517466 0.567204 0.515172 0.568940 0.512779 0.571111 0.509995 0.575278 0.507992 0.580574 0.500755 0.562375
5 0.500755 0.562375 0.506443 0.586968 0.506576 0.585435 0.507992 0.580574
5 0.516935 0.602653 0.520622 0.603097 0.525445 0.602037 0.529753 0.598903 0.532458 0.595370 0.533852 0.592148 0.542815 0.594491 0.542966 0.598028 0.543901 0.601778 0.545466 0.604940 0.547484 0.607616 0.549534 0.609866 0.553211 0.612060 0.554781 0.616644 0.556706 0.619556 0.559937 0.622611 0.562906 0.624514 0.566523 0.625208 0.565495 0.627130 0.569219 0.630648 0.571016 0.627546 0.571305 0.630500 0.573357 0.632324 0.569479 0.636991 0.568021 0.633287 0.566250 0.630000 0.563984 0.627546 0.562370 0.626546 0.561695 0.625796 0.559844 0.624468 0.557648 0.623287 0.555453 0.622856 0.552000 0.622856 0.548724 0.624278 0.546039 0.626509 0.543911 0.628806 0.542029 0.631657 0.540982 0.633736 0.535562 0.632005 0.531305 0.631190 0.532156 0.641069 0.527852 0.631162 0.522721 0.617574 0.521576 0.614255
5 0.542740 0.634699 0.544924 0.629736 0.547888 0.627194 0.547760 0.629676 0.553750 0.633056
5 0.555781 0.634306 0.561740 0.643556 0.562422 0.642731 0.562370 0.637870
5 0.551687 0.625458 0.554161 0.624898 0.556987 0.625208 0.559669 0.626995 0.559542 0.629324
5 0.566849 0.634352 0.566667 0.639722 0.568203 0.638194
5 0.578029 0.629931 0.578904 0.631218 0.588604 0.618310 0.586406 0.612630 0.583724 0.607111 0.579747 0.602185 0.577135 0.599472 0.575573 0.595491 0.574427 0.594028 0.575104 0.593454 0.575208 0.591787 0.574896 0.590213 0.574010 0.588593 0.574818 0.589306 0.576003 0.589306 0.576107 0.577718 0.580161 0.579042 0.579826 0.582190 0.579018 0.585153 0.577010 0.588625 0.577586 0.592421 0.578542 0.595602 0.578307 0.597870 0.578594 0.600278 0.580990 0.602824 0.582083 0.598194 0.582917 0.597361 0.583341 0.594181 0.584536 0.594319 0.585083 0.592375 0.585008 0.590199 0.584096 0.589458 0.583211 0.590199 0.583854 0.585139 0.584219 0.580509 0.585513 0.581153 0.584398 0.582653 0.584188 0.585495 0.586206 0.587315 0.586990 0.588171 0.587232 0.589352 0.588828 0.589028 0.593016 0.583352 0.594349 0.583366 0.593896 0.584815 0.594107 0.586741 0.595161 0.587815 0.596818 0.587704 0.598396 0.618667 0.597586 0.620199 0.597857 0.624903 0.596237 0.625194 0.594185 0.627111 0.591323 0.631431 0.589487 0.635657 0.588461 0.638824 0.587490 0.638824 0.587490 0.645255 0.586193 0.643815 0.584302 0.642856 0.581818 0.642472 0.577661 0.634023
5 0.581818 0.642472 0.584302 0.642856 0.586193 0.643815 0.587490 0.645255 0.587839 0.647500 0.585911 0.645139 0.583958 0.644352 0.582604 0.644491
5 0.544471 0.595190 0.544562 0.598458 0.545044 0.600171 0.547154 0.604079 0.550167 0.606921 0.552247 0.608153 0.552031 0.604352 0.551146 0.601806 0.550547 0.598009 0.550328 0.593241 0.549490 0.594718 0.546737 0.595583
5 0.551719 0.592417 0.551799 0.597722 0.552805 0.602167 0.553437 0.598639 0.554688 0.595583 0.556745 0.593269 0.553464 0.593477
5 0.569167 0.589889 0.570094 0.589199 0.570792 0.587343 0.571732 0.587278 0.571732 0.589079 0.572943 0.589102 0.572448 0.590028 0.572318 0.591528 0.571016 0.590583
5 0.538763 0.567472 0.541268 0.568704 0.545216 0.569509 0.548229 0.568384 0.549948 0.566991 0.551997 0.563565 0.547573 0.561125 0.545794 0.559139 0.544857 0.562843 0.541810 0.564231
5 0.535937 0.560412 0.536315 0.562824 0.536393 0.566037 0.538320 0.563954 0.538138 0.562889 0.537565 0.559926
5 0.535526 0.556602 0.535620 0.558898 0.537773 0.558213
5 0.525875 0.536898 0.524703 0.543009 0.523792 0.544444 0.523854 0.547176 0.526094 0.542102
5 0.519018 0.542597 0.520167 0.545139 0.523516 0.547991 0.523854 0.547176 0.523792 0.544444 0.524703 0.543009 0.525875 0.536898 0.525781 0.533986 0.524503 0.534481 0.521604 0.535972 0.521083 0.536963 0.520180 0.542620
5 0.493698 0.546704 0.495260 0.549907 0.496638 0.549162 0.500229 0.545319 0.502948 0.541292 0.505495 0.537449 0.506888 0.534907 0.505216 0.534282
5 0.491357 0.540699 0.493031 0.537722 0.494807 0.535491 0.497180 0.533569 0.501776 0.531269 0.502797 0.532060 0.492036 0.542458
5 0.490078 0.538120 0.490680 0.539514 0.491286 0.538093 0.494182 0.534250 0.497318 0.532019 0.501503 0.530222 0.500935 0.528403 0.495883 0.528542 0.491352 0.529190 0.487992 0.530810 0.490591 0.537181
5 0.487471 0.528495 0.487758 0.529606 0.491326 0.528032 0.494190 0.527569 0.497237 0.527338 0.493583 0.524023 0.491589 0.524727
5 0.491357 0.540699 0.492036 0.542458 0.490102 0.544352 0.490521 0.542556
5 0.490643 0.549968 0.491167 0.551023 0.493292 0.551023 0.495260 0.549907 0.493698 0.546704
5 0.566378 0.531560 0.567948 0.534537 0.571297 0.531106 0.567253 0.530611
5 0.556352 0.504005 0.555378 0.504718 0.553901 0.506380 0.552758 0.508412 0.555982 0.515861 0.557065 0.518806 0.558151 0.519662 0.560682 0.524162 0.561667 0.526528 0.563203 0.523056 0.563568 0.525046 0.562339 0.527407 0.564526 0.528889 0.565990 0.529074 0.568750 0.526620 0.569479 0.526667 0.569896 0.527685 0.568716 0.529431 0.572807 0.529676 0.570096 0.526069 0.566479 0.523801 0.565125 0.522829 0.564604 0.521764 0.561766 0.518565 0.559005 0.510880
1 0.528935 0.527292 0.529977 0.527171 0.539424 0.527606 0.551430 0.527546 0.560143 0.528264 0.568716 0.529431 0.573667 0.529741 0.590401 0.531042 0.590716 0.532903 0.571297 0.531106 0.567253 0.530611 0.552995 0.528995 0.542362 0.528750 0.528828 0.529120 0.528927 0.528352
5 0.297013 0.203889 0.288721 0.187306 0.294810 0.183389 0.308674 0.177398 0.311911 0.175097 0.316057 0.171644 0.321370 0.171644 0.331484 0.192037 0.343005 0.212407 0.357388 0.241662 0.371185 0.271329 0.373984 0.280079 0.374555 0.283259 0.376224 0.285444 0.376458 0.288046 0.372870 0.284847 0.369734 0.282472 0.366146 0.278491 0.361979 0.280648 0.359266 0.284731 0.335143 0.254995 0.306938 0.217222
5 0.357547 0.158755 0.356435 0.154731 0.355596 0.153046 0.355523 0.149398 0.359219 0.149204 0.362883 0.148806 0.362883 0.147792 0.358784 0.143718 0.358755 0.142060 0.361227 0.140282 0.364388 0.132481 0.363685 0.130005 0.362427 0.128514 0.362516 0.125519 0.365508 0.125852 0.372786 0.132907 0.378664 0.138218 0.384917 0.144190 0.389536 0.148009 0.395753 0.153481 0.403409 0.161954 0.415229 0.173750 0.423760 0.180292 0.433701 0.189894 0.442901 0.199713 0.447419 0.204171 0.447044 0.206278 0.448794 0.213167 0.449609 0.219051 0.456609 0.225056 0.455227 0.227278 0.454115 0.228287 0.453177 0.229907 0.451172 0.228051 0.449734 0.227046 0.447943 0.231296 0.446706 0.239412 0.439331 0.231185 0.439766 0.240181 0.440266 0.249509 0.434219 0.242505 0.424984 0.232806 0.411701 0.218213 0.396148 0.201894 0.379083 0.182597 0.362451 0.164551
5 0.384917 0.144190 0.377315 0.135782 0.371388 0.129644 0.368401 0.126907 0.368401 0.125662 0.370081 0.123171 0.374234 0.120435 0.375401 0.119190 0.376521 0.112801 0.377409 0.110560 0.381047 0.102597 0.383055 0.102264 0.383570 0.102500 0.384411 0.103250 0.410234 0.129417 0.441930 0.159255 0.468906 0.185454 0.466456 0.189551 0.466456 0.189551 0.465057 0.192620 0.463003 0.198014 0.461883 0.200171 0.461229 0.200088 0.460622 0.199009 0.459596 0.200333 0.460016 0.202412 0.458661 0.206560 0.456328 0.208051 0.456281 0.209546 0.454010 0.212546 0.447419 0.204171 0.442901 0.199713 0.433701 0.189894 0.423760 0.180292 0.415229 0.173750 0.403409 0.161954 0.395753 0.153481 0.389536 0.148009
5 0.464870 0.234852 0.462633 0.232213 0.459487 0.232356 0.457607 0.233384 0.456609 0.233602 0.453638 0.235727 0.452146 0.237019 0.450979 0.238903 0.451461 0.240102 0.462190 0.251861 0.474815 0.265917 0.494823 0.288435 0.498818 0.293671 0.507609 0.302417 0.525440 0.323931 0.533424 0.333111 0.534596 0.334616 0.535724 0.338417 0.535951 0.339593 0.531870 0.341514 0.530984 0.342181 0.531474 0.344005 0.539958 0.353324 0.541630 0.352431 0.541044 0.350500 0.541044 0.345296 0.543135 0.343958 0.546984 0.349014 0.548823 0.347676 0.548992 0.343065 0.552003 0.347676 0.554094 0.347227 0.554010 0.342917 0.556518 0.331167 0.559279 0.325815 0.562307 0.327806 0.563315 0.327157 0.562786 0.326019 0.559375 0.322639 0.557318 0.320694 0.553078 0.316412 0.551865 0.314755 0.550130 0.314398 0.547383 0.311681 0.544583 0.314171 0.542344 0.311602 0.540198 0.310602 0.538469 0.311185 0.536695 0.311269 0.514576 0.287454 0.489557 0.260986
5 0.451461 0.240102 0.449839 0.242657 0.446706 0.239412 0.439331 0.231185 0.439766 0.240181 0.440266 0.249509 0.440211 0.252102 0.437727 0.253926 0.434974 0.255463 0.433948 0.257000 0.436797 0.259120 0.445964 0.269815 0.464237 0.290875 0.480622 0.308231 0.488049 0.313931 0.500633 0.331287 0.511859 0.346162 0.517961 0.354032 0.521133 0.351491 0.526328 0.345542 0.531870 0.341514 0.535951 0.339593 0.535724 0.338417 0.534596 0.334616 0.533424 0.333111 0.525440 0.323931 0.507609 0.302417 0.498818 0.293671 0.494823 0.288435 0.474815 0.265917 0.462190 0.251861
