0 0.429680 0.223690 0.425557 0.225361 0.423823 0.227801 0.421076 0.227801 0.417969 0.224847 0.416667 0.221894 0.415005 0.221250 0.405172 0.231787 0.398740 0.244125 0.396497 0.250681 0.395992 0.260060 0.396682 0.265755 0.397320 0.268556 0.395357 0.274685 0.394505 0.280833 0.393813 0.288824 0.393771 0.297338 0.394052 0.299412 0.394794 0.302347 0.395451 0.306380 0.396010 0.309037 0.397687 0.314046 0.400534 0.318944 0.401081 0.319995 0.404221 0.325250 0.405234 0.325972 0.405286 0.319074 0.404740 0.317083 0.404505 0.313435 0.404740 0.308454 0.406044 0.303065 0.408846 0.294185 0.411411 0.288875 0.412346 0.286468 0.412672 0.284727 0.412346 0.280824 0.412930 0.275083 0.415185 0.270588 0.420924 0.265009 0.425365 0.258597 0.431927 0.260560 0.433352 0.277014 0.429875 0.282074 0.428247 0.284171 0.426318 0.289093 0.427151 0.296324 0.427990 0.298236 0.429208 0.301944 0.429443 0.302773 0.431052 0.308352 0.431940 0.310935 0.433958 0.317176 0.436740 0.323486 0.438354 0.326495 0.439555 0.329074 0.440495 0.329398 0.442172 0.332454 0.444260 0.335088 0.445852 0.334292 0.447305 0.327759 0.447969 0.325991 0.448594 0.324167 0.450307 0.317616 0.450271 0.312657 0.452331 0.308958 0.452383 0.304514 0.453008 0.302801 0.453599 0.296699 0.453904 0.281278 0.452018 0.278644 0.445193 0.272977 0.444404 0.262991 0.443695 0.256102 0.448042 0.252736 0.451279 0.249778 0.458951 0.254417 0.464958 0.259199 0.466070 0.270444 0.472078 0.279569 0.477529 0.290532 0.479349 0.302625 0.481896 0.302458 0.487151 0.288593 0.487208 0.274417 0.486203 0.265704 0.484672 0.260255 0.480680 0.253843 0.468867 0.233792 0.464964 0.229861 0.464018 0.224398 0.460474 0.220296 0.457286 0.216944 0.444948 0.222301
1 0.484862 0.361514 0.487878 0.359394 0.490875 0.359505 0.493688 0.364389 0.495625 0.371722 0.496937 0.381495 0.497563 0.389935 0.497125 0.396157 0.495688 0.401935 0.494188 0.402269 0.492375 0.401824 0.491875 0.400380 0.492438 0.398824 0.494125 0.392824 0.494188 0.386606 0.493875 0.382051 0.493091 0.373273 0.492083 0.369259 0.490026 0.365458 0.488250 0.364236
5 0.390104 0.366759 0.393339 0.364375 0.395031 0.363440 0.398219 0.364731 0.399914 0.366810 0.401445 0.372046 0.402052 0.376778 0.402776 0.376921 0.403060 0.378574 0.400922 0.379505 0.398419 0.381514 0.397161 0.383102 0.395638 0.380722 0.394427 0.377713
5 0.397604 0.384444 0.398622 0.382875 0.400557 0.381296 0.403018 0.380292 0.402979 0.384523 0.401971 0.389829 0.400799 0.392343 0.398461 0.387537
5 0.465263 0.332171 0.467284 0.334597 0.468016 0.338065 0.467948 0.340176 0.467284 0.343333 0.465750 0.343023 0.465508 0.341662 0.464297 0.340880 0.464451 0.338685 0.459893 0.334657 0.460026 0.332130 0.462734 0.333287 0.464141 0.333102
16 0.422016 0.377681 0.422120 0.371111 0.422503 0.369130 0.423375 0.368014 0.425740 0.365620 0.427878 0.363472 0.429451 0.361963 0.430729 0.361093 0.431563 0.360509 0.432284 0.360944 0.434427 0.362361 0.435154 0.367144 0.435424 0.374921 0.435424 0.378472 0.433805 0.383370 0.433211 0.389130 0.431430 0.396616 0.431430 0.400551 0.431914 0.404009 0.430672 0.403722 0.430565 0.404870 0.430997 0.405931 0.431862 0.406602 0.431969 0.410537 0.429701 0.410727 0.429214 0.408713 0.427216 0.406310 0.425003 0.403046 0.421818 0.403338 0.422141 0.400551 0.421437 0.399690 0.419279 0.398250 0.418469 0.398440 0.418146 0.399977 0.417065 0.399977 0.416687 0.399403 0.416904 0.397097 0.417833 0.392801 0.418005 0.391375 0.418443 0.389014 0.419419 0.386407 0.420813 0.382380 0.422034 0.379815
16 0.419323 0.413519 0.419982 0.409861 0.420305 0.404222 0.421818 0.403338 0.425003 0.403046 0.427216 0.406310 0.429214 0.408713 0.429701 0.410727 0.430151 0.416005 0.420589 0.414593
16 0.419271 0.417176 0.417503 0.430190 0.417836 0.431435 0.419375 0.431102 0.420914 0.430940 0.421049 0.430273 0.419044 0.429028 0.419044 0.428282 0.419323 0.427620 0.421471 0.428532 0.421943 0.427204 0.424083 0.430106 0.425250 0.426954 0.426417 0.423634 0.429083 0.418741
16 0.418273 0.432593 0.418880 0.434213 0.420294 0.432542
5 0.449294 0.392639 0.447849 0.392306 0.446401 0.391394 0.445516 0.387824 0.445516 0.383097 0.446635 0.379361 0.449388 0.374301 0.450977 0.372810 0.453497 0.372972 0.456062 0.374884 0.458349 0.376625 0.461805 0.380940 0.464792 0.383509 0.467078 0.386829 0.468151 0.390898 0.468010 0.393134 0.466703 0.394630 0.462690 0.395792 0.460031 0.396704 0.458070 0.396454 0.454104 0.394796 0.452096 0.393134
5 0.447849 0.392306 0.446365 0.392125 0.443706 0.394116 0.440625 0.398681 0.437823 0.405648 0.436891 0.410046 0.436656 0.412866 0.437318 0.416944 0.437604 0.419259 0.437995 0.421111 0.438945 0.423236 0.440018 0.420083 0.441464 0.419005 0.443518 0.419755 0.444766 0.421759 0.444349 0.426389 0.443698 0.429537 0.444544 0.430620 0.446971 0.431120 0.448372 0.428051 0.449305 0.426889 0.450331 0.427384 0.450891 0.430954 0.452104 0.429875 0.452839 0.426898 0.456302 0.422824 0.458172 0.422241 0.459432 0.417431 0.459852 0.413199 0.459479 0.407722 0.458406 0.402991 0.457612 0.400171 0.456026 0.397019 0.454104 0.394796 0.452096 0.393134 0.449294 0.392639
5 0.447945 0.431028 0.449411 0.428236 0.450078 0.429028 0.450026 0.430463 0.450122 0.431310 0.448750 0.431620
5 0.486391 0.408148 0.487849 0.407963 0.490740 0.406991 0.494716 0.406935 0.498422 0.407523 0.500503 0.407366 0.500594 0.406560 0.501651 0.405963 0.502557 0.406287 0.503521 0.407995 0.504034 0.410995 0.503734 0.413301 0.503023 0.416764 0.502229 0.417926 0.501042 0.419630 0.496589 0.422778 0.493932 0.424907 0.491484 0.426574 0.490547 0.426620 0.488646 0.428796 0.487083 0.428843 0.484063 0.427685 0.485755 0.419815 0.486797 0.413889 0.486849 0.411667 0.486224 0.410833
16 0.454104 0.394796 0.456026 0.397019 0.457612 0.400171 0.458406 0.402991 0.459479 0.407722 0.459852 0.413199 0.459432 0.417431 0.458966 0.419241 0.462273 0.419384 0.465542 0.418306 0.470018 0.418523 0.466641 0.412426 0.460888 0.401458 0.458969 0.396625 0.458070 0.396454 0.458070 0.396454
5 0.450891 0.430954 0.454159 0.432199 0.457518 0.432032 0.462141 0.429708 0.463411 0.428843 0.464531 0.428657 0.465219 0.429708 0.467500 0.425324 0.468768 0.427306 0.469513 0.425394 0.469654 0.421745 0.468487 0.419671 0.466432 0.418259 0.465542 0.418306 0.462273 0.419384 0.458966 0.419241 0.458172 0.422241 0.456302 0.422824 0.452839 0.426898 0.452104 0.429875
5 0.458523 0.433153 0.458490 0.435000 0.458883 0.436861 0.459510 0.437977 0.461188 0.434931 0.463768 0.432708 0.465219 0.429708 0.464531 0.428657 0.463411 0.428843 0.462141 0.429708 0.459451 0.431069 0.462596 0.431861 0.462557 0.432361
5 0.469635 0.422569 0.470987 0.422745 0.472565 0.423088 0.473716 0.423088 0.476326 0.423449 0.478135 0.424856 0.477852 0.426667 0.476805 0.433194 0.475997 0.434125 0.469461 0.433551 0.468878 0.431829 0.467526 0.431708 0.468768 0.427306 0.469513 0.425394
8 0.502229 0.417926 0.505180 0.425208 0.509503 0.434319 0.512266 0.437731 0.513128 0.440329 0.512641 0.442190 0.512117 0.442625 0.510724 0.442065 0.508005 0.435931 0.504135 0.429051 0.502391 0.425269 0.500440 0.422417 0.500021 0.420375 0.501042 0.419630 0.501042 0.419630
8 0.494987 0.424037 0.497253 0.429120 0.499214 0.428801 0.500651 0.429167 0.499310 0.425958 0.497323 0.422241 0.496589 0.422778
8 0.490143 0.427009 0.491987 0.431907 0.492779 0.430995 0.496018 0.429231 0.496591 0.429181 0.495547 0.426639 0.494359 0.424593 0.493932 0.424907 0.491484 0.426574 0.490547 0.426620
8 0.492492 0.433088 0.496289 0.442500 0.497023 0.444667 0.497664 0.444208 0.498641 0.444454 0.499219 0.445287 0.500682 0.443241 0.501135 0.441014 0.500927 0.438718 0.499323 0.435310 0.496953 0.430227 0.495266 0.430731
8 0.497883 0.430190 0.500896 0.436134 0.505326 0.444546 0.505628 0.446366 0.506250 0.447361 0.506784 0.447287 0.506742 0.449366 0.508250 0.449417 0.509122 0.448403 0.509214 0.447060 0.509182 0.444597 0.507104 0.442509 0.505932 0.440745 0.504456 0.437426 0.502286 0.432495 0.500479 0.430676
2 0.450385 0.473787 0.450065 0.468481 0.451719 0.467620 0.453815 0.467264 0.460310 0.471782 0.459271 0.472810 0.455573 0.474028 0.451536 0.473843
2 0.450424 0.476093 0.450753 0.482315 0.450659 0.486713 0.451685 0.486819 0.455518 0.482977 0.458448 0.482046 0.462596 0.482727 0.464654 0.484639 0.465945 0.481481 0.466872 0.477037 0.466242 0.476306 0.462578 0.471111 0.461435 0.472995 0.457492 0.475722 0.454008 0.476153
5 0.460833 0.528912 0.460229 0.525759 0.458372 0.523750 0.456437 0.518944 0.456518 0.515287 0.456638 0.512778 0.456195 0.511560 0.456922 0.507042 0.459260 0.503884 0.460510 0.502884 0.464544 0.502023 0.465794 0.502023 0.470070 0.503167 0.470195 0.504236 0.470927 0.504421 0.471312 0.503676 0.472492 0.502810 0.474266 0.502810 0.475234 0.503241 0.476768 0.505176 0.477250 0.507111 0.478099 0.507903 0.478180 0.518014 0.478047 0.526157 0.475839 0.524250 0.471081 0.520810 0.469747 0.520380 0.469628 0.521884 0.471362 0.523319 0.474388 0.529560 0.475651 0.531528 0.475034 0.533287 0.471805 0.536301 0.469385 0.537231 0.467047 0.536444 0.463294 0.533644 0.461440 0.530847
16 0.500096 0.434167 0.499724 0.436157 0.500927 0.438718 0.501135 0.441014 0.500682 0.443241 0.499219 0.445287 0.498641 0.444454 0.498047 0.448356 0.495677 0.454931 0.496224 0.457148 0.495711 0.458310 0.495758 0.460634 0.497214 0.463009 0.499211 0.462208 0.501870 0.463620 0.503031 0.461440 0.504807 0.456940 0.505742 0.451852 0.506250 0.447361 0.505628 0.446366 0.505326 0.444546 0.500896 0.436134
16 0.500930 0.429176 0.501763 0.427685 0.502880 0.426384 0.504135 0.429051 0.508005 0.435931 0.510724 0.442065 0.512117 0.442625 0.512641 0.442190 0.513128 0.440329 0.512266 0.437731 0.509503 0.434319 0.505180 0.425208 0.504482 0.423412 0.504938 0.423486 0.505638 0.422241 0.507737 0.421412 0.509224 0.420435 0.512500 0.420125 0.515674 0.422481 0.517557 0.422542 0.519055 0.424588 0.519474 0.426694 0.521042 0.433884 0.521740 0.437356 0.521216 0.446963 0.520833 0.451671 0.518742 0.455079 0.518185 0.456384 0.520763 0.457870 0.520380 0.458861 0.517242 0.460472 0.514070 0.463759 0.512607 0.466796 0.510583 0.466731 0.506365 0.465741 0.502844 0.464005 0.504167 0.461620 0.504948 0.459028 0.506068 0.455417 0.506745 0.450370 0.506742 0.449366 0.508250 0.449417 0.509122 0.448403 0.509214 0.447060 0.509182 0.444597 0.507104 0.442509 0.505932 0.440745 0.506474 0.440213 0.506203 0.438120 0.505180 0.434907 0.503612 0.432014
5 0.505424 0.495241 0.504518 0.489231 0.504552 0.483032 0.504552 0.481361 0.504883 0.479903 0.505505 0.476569 0.507253 0.471699 0.510143 0.468324 0.512164 0.467468 0.512656 0.468431 0.513945 0.467287 0.515195 0.466926 0.518503 0.470514 0.520279 0.471444 0.522578 0.475324 0.523747 0.478472 0.524474 0.486000 0.524513 0.490162 0.522365 0.492477 0.515008 0.501093 0.510034 0.506153 0.508542 0.503787 0.507445 0.501750
5 0.533966 0.488509 0.534635 0.487963 0.535078 0.489352 0.535391 0.489398 0.535859 0.488241 0.541198 0.489074 0.545391 0.489537 0.546224 0.486991 0.547083 0.486806 0.548385 0.486898 0.548776 0.490648 0.549063 0.497824 0.548984 0.500694 0.549479 0.505000 0.549792 0.508380 0.549219 0.512639 0.548021 0.522269 0.547630 0.524630 0.545651 0.521019 0.542656 0.514769 0.541536 0.514907 0.540391 0.516944 0.539635 0.517361 0.536310 0.512644 0.534677 0.497481
8 0.501930 0.553171 0.502500 0.562917 0.503203 0.563778 0.504227 0.563940 0.505521 0.562731 0.504974 0.548472 0.502880 0.552014
8 0.501167 0.537907 0.501047 0.528366 0.500893 0.524806 0.502320 0.523444 0.502448 0.519028 0.502448 0.519028 0.503828 0.518657 0.503932 0.521852 0.503880 0.533241 0.503906 0.538657 0.502253 0.537759
5 0.528510 0.493588 0.528365 0.496236 0.527039 0.498653 0.526133 0.500884 0.527805 0.503361 0.528448 0.504394 0.528961 0.504556 0.529505 0.506000
5 0.548177 0.616065 0.547628 0.613931 0.548000 0.609116 0.549542 0.604472 0.552154 0.599657 0.554255 0.597917 0.557849 0.596421 0.557474 0.598662 0.557005 0.601065 0.557604 0.604120 0.559201 0.606213 0.554534 0.611111
5 0.563401 0.596259 0.567042 0.598167 0.570169 0.600574 0.572549 0.604722 0.573716 0.607375 0.574182 0.610444 0.572596 0.613514 0.571383 0.617829 0.570357 0.619074 0.568536 0.617995 0.566529 0.614097 0.565221 0.610778 0.564990 0.608537 0.563823 0.606796 0.563729 0.604806 0.564336 0.602565 0.564242 0.600157
1 0.495104 0.658657 0.515021 0.660569 0.526036 0.660569 0.526307 0.661431 0.526253 0.662491 0.514859 0.662296 0.502870 0.661338 0.495365 0.660472 0.494716 0.659606
1 0.498831 0.469111 0.501016 0.467824 0.502839 0.465880 0.503151 0.466204 0.503490 0.467824 0.501589 0.469352 0.499974 0.470972 0.498984 0.471157
2 0.488047 0.474028 0.487219 0.472699 0.486594 0.469875 0.487063 0.468486 0.487557 0.467097 0.488234 0.467282 0.489953 0.469273 0.491641 0.471389 0.492339 0.472190 0.491771 0.472407 0.491010 0.472606 0.489927 0.472421 0.488807 0.473718
1 0.474505 0.499028 0.473391 0.497116 0.473156 0.495958 0.474094 0.494986 0.474380 0.496560 0.475526 0.498736
2 0.478047 0.526157 0.487365 0.532181 0.491758 0.535032 0.492036 0.537264 0.493221 0.537324 0.495453 0.536644 0.497651 0.537699 0.498034 0.536954 0.499010 0.537389 0.500021 0.538565 0.498766 0.541477 0.496638 0.543708 0.493990 0.544204 0.493536 0.545009 0.492630 0.546995 0.491479 0.544079 0.490234 0.543704 0.488516 0.539931 0.486250 0.537699 0.482625 0.536519 0.478651 0.532986 0.479172 0.531500 0.478755 0.527903
2 0.475651 0.531528 0.477500 0.532366 0.478240 0.531306 0.478214 0.529176 0.478047 0.526157 0.475839 0.524250 0.471081 0.520810 0.469747 0.520380 0.469628 0.521884 0.471362 0.523319 0.474388 0.529560
2 0.467497 0.450681 0.469203 0.451671 0.472513 0.455579 0.475128 0.458986 0.475966 0.461278 0.477036 0.464153 0.475885 0.465208 0.475885 0.465208 0.475021 0.466352 0.472841 0.463125 0.469453 0.460833 0.467638 0.460616 0.465823 0.463269 0.464169 0.467787 0.463281 0.467824 0.463122 0.465926 0.461885 0.461644 0.463034 0.461093 0.463349 0.459481 0.463516 0.456713 0.465573 0.455278 0.465625 0.453519 0.466555 0.452407
2 0.454732 0.457370 0.453638 0.459315 0.451867 0.462324 0.451529 0.465009 0.451451 0.466907 0.451719 0.467620 0.453813 0.467250 0.456885 0.469426 0.458604 0.467991 0.460974 0.466509 0.460625 0.465694 0.460940 0.465000 0.461482 0.465431 0.462578 0.468472 0.462651 0.466051 0.461469 0.462398 0.459865 0.460662 0.456693 0.457995
10 0.451034 0.507722 0.452419 0.506597 0.454258 0.506273 0.455523 0.507458 0.456638 0.509060 0.456195 0.511560 0.456638 0.512778 0.456518 0.515287 0.456437 0.518944 0.455552 0.518111
10 0.467427 0.449194 0.467497 0.450681 0.469203 0.451671 0.471643 0.454583 0.472513 0.455579 0.475128 0.458986 0.475651 0.460347 0.478161 0.460597 0.478466 0.458269 0.479336 0.460431 0.481867 0.457806 0.483734 0.456574 0.486031 0.455690 0.485880 0.449315 0.485880 0.449315 0.486224 0.446389 0.484622 0.447847 0.481581 0.449028 0.479375 0.448870 0.477812 0.451912 0.476805 0.450833 0.475885 0.449167
1 0.475651 0.460347 0.475966 0.461278 0.476208 0.462023 0.477906 0.462296 0.478161 0.460597
10 0.490396 0.458042 0.488799 0.459759 0.488680 0.460722 0.488469 0.463130 0.489036 0.463194 0.489794 0.463505 0.491271 0.461954 0.493078 0.459648 0.491284 0.458278
10 0.487146 0.449144 0.488471 0.446852 0.490529 0.446662 0.491469 0.446106 0.491781 0.444556 0.494466 0.443815 0.495409 0.444741 0.496315 0.446477 0.496617 0.449231 0.494596 0.454060 0.492852 0.457593 0.490755 0.456255 0.490807 0.456208 0.488086 0.455218 0.486971 0.452551 0.486953 0.451204
2 0.490284 0.441829 0.492516 0.439597 0.494641 0.438361 0.495547 0.440588 0.493385 0.443194 0.491781 0.444556 0.488992 0.446787 0.488471 0.446852 0.487396 0.446806 0.487500 0.445972 0.489552 0.443213
2 0.483008 0.468861 0.483732 0.467954 0.486052 0.464898 0.486956 0.464792 0.487318 0.465755 0.486534 0.467255 0.486924 0.468972 0.486594 0.469875 0.487219 0.472699 0.488047 0.474028 0.488432 0.475292 0.489870 0.477296 0.491466 0.482009 0.491706 0.484528 0.491135 0.486778 0.490021 0.487366 0.488875 0.487153 0.488362 0.488704 0.487789 0.487954 0.487458 0.486667 0.486133 0.485329 0.487216 0.481324 0.487633 0.477977 0.487180 0.474255 0.485193 0.470292 0.483974 0.469671
1 0.491641 0.471389 0.492365 0.469736 0.493125 0.468102 0.493880 0.467083 0.494219 0.466991 0.494891 0.467931 0.495203 0.468301 0.494922 0.469630 0.494057 0.469458 0.492833 0.471773 0.492339 0.472190
1 0.479141 0.503843 0.481797 0.506111 0.483875 0.508759 0.486211 0.510931 0.490708 0.511546 0.494229 0.509935 0.496669 0.506963 0.496427 0.502005 0.496112 0.499713 0.494893 0.497356 0.494198 0.494065 0.495380 0.492523 0.497122 0.497542 0.497508 0.499523 0.498065 0.504792 0.497943 0.507917 0.496531 0.510125 0.493932 0.512315 0.490326 0.513162 0.488023 0.513222 0.485862 0.512662 0.482271 0.509069 0.480026 0.506759 0.477865 0.504028
10 0.486133 0.457690 0.485938 0.459074 0.485323 0.462907 0.488469 0.463130 0.488680 0.460722 0.488490 0.459306 0.487344 0.457546
10 0.502839 0.465880 0.503646 0.464398 0.506365 0.465741 0.510583 0.466731 0.512607 0.466796 0.512164 0.467468 0.510143 0.468324 0.507253 0.471699 0.505505 0.476569 0.504883 0.479903 0.504552 0.481361 0.503018 0.482227 0.501188 0.483375 0.500729 0.484306 0.500536 0.481472 0.499781 0.477991 0.499161 0.477843 0.499167 0.472917 0.498984 0.471157 0.499974 0.470972 0.501589 0.469352 0.503490 0.467824 0.503151 0.466204
10 0.497214 0.463009 0.498510 0.467866 0.501073 0.465083 0.501870 0.463620 0.499211 0.462208
10 0.493516 0.460046 0.493078 0.459648 0.491271 0.461954 0.489794 0.463505 0.491443 0.464194 0.492604 0.464815 0.493464 0.466065 0.493880 0.467083 0.494219 0.466991 0.494891 0.467931 0.495203 0.468301 0.494922 0.469630 0.494057 0.469458 0.492833 0.471773 0.492339 0.472190 0.491927 0.472407 0.491641 0.473333 0.491406 0.474769 0.490885 0.475417 0.489344 0.475523 0.488432 0.475292 0.489870 0.477296 0.491466 0.482009 0.491706 0.484528 0.491135 0.486778 0.490021 0.487366 0.488875 0.487153 0.488362 0.488704 0.487789 0.487954 0.487458 0.486667 0.486133 0.485329 0.485810 0.486380 0.485810 0.489477 0.484555 0.489106 0.484122 0.490528 0.486299 0.491486 0.487102 0.491981 0.491146 0.494444 0.492003 0.493880 0.495034 0.489972 0.496255 0.487000 0.497440 0.486690 0.497859 0.487370 0.498104 0.486690 0.499479 0.485185 0.498938 0.481472 0.498547 0.479435 0.498034 0.479384 0.497552 0.477407 0.497682 0.472870 0.497135 0.468380 0.495563 0.462991
10 0.497122 0.497542 0.502216 0.500694 0.502669 0.502120 0.506576 0.502866 0.507167 0.502741 0.507445 0.501750 0.505424 0.495241 0.504518 0.489231 0.504552 0.483032 0.503333 0.483593 0.501451 0.485204 0.498451 0.488426 0.498104 0.489477 0.497477 0.490037 0.496883 0.489356 0.496430 0.491028 0.495380 0.492523
1 0.487604 0.498856 0.491224 0.499074 0.495234 0.499491 0.496112 0.499713 0.496406 0.501898 0.494531 0.501944 0.490911 0.501588 0.487292 0.500981 0.486458 0.499222
1 0.497526 0.499676 0.502216 0.500694 0.502669 0.502120 0.502370 0.502495 0.497760 0.501963
2 0.470740 0.497287 0.472823 0.496269 0.473156 0.495958 0.473391 0.497116 0.474505 0.499028 0.475526 0.498736 0.478898 0.499500 0.481771 0.499583 0.485273 0.499579 0.486458 0.499222 0.487292 0.500981 0.487667 0.502819 0.487185 0.503463 0.483854 0.505370 0.479141 0.503843 0.477865 0.504028 0.475234 0.503241 0.474266 0.502810 0.472492 0.502810 0.471312 0.503676 0.471094 0.499444
10 0.454911 0.506963 0.455844 0.505093 0.456026 0.503593 0.457109 0.503431 0.457984 0.501824 0.459120 0.501329 0.461380 0.501435 0.464734 0.500856 0.465794 0.502023 0.464544 0.502023 0.460510 0.502884 0.459260 0.503884 0.456922 0.507042 0.456638 0.509060 0.455523 0.507458
2 0.528281 0.456759 0.535365 0.480000 0.535424 0.481662 0.534609 0.483213 0.532862 0.480431 0.530513 0.475875 0.529128 0.471375 0.529036 0.469444 0.528497 0.459773
2 0.508490 0.508407 0.508698 0.507477 0.515008 0.501093 0.522365 0.492477 0.527872 0.486653 0.533206 0.481014 0.534609 0.483213 0.535424 0.481662 0.535365 0.480000 0.536714 0.478287 0.537966 0.480579 0.538086 0.482444 0.537401 0.485315 0.525138 0.496787 0.518036 0.505176 0.511260 0.513060 0.510333 0.512634 0.509648 0.511847
1 0.512164 0.467468 0.512607 0.466796 0.514070 0.463759 0.517242 0.460472 0.520380 0.458861 0.521148 0.459171 0.521914 0.460347 0.522750 0.463944 0.521948 0.464130 0.520625 0.460472 0.517034 0.462704 0.514594 0.465616 0.513945 0.467287 0.512656 0.468431
10 0.520833 0.451671 0.521503 0.454769 0.523794 0.457074 0.524698 0.459218 0.525398 0.464958 0.526180 0.465190 0.526776 0.468431 0.526229 0.472042 0.526224 0.476250 0.523333 0.476852 0.521383 0.473088 0.520279 0.471444 0.518503 0.470514 0.515195 0.466926 0.513945 0.467287 0.514594 0.465616 0.517034 0.462704 0.520625 0.460472 0.521948 0.464130 0.522750 0.463944 0.521914 0.460347 0.521148 0.459171 0.520380 0.458861 0.520763 0.457870 0.518185 0.456384 0.518742 0.455079
2 0.528510 0.493588 0.530602 0.521167 0.532388 0.543602 0.532719 0.544991 0.533141 0.545694 0.533073 0.551343 0.533516 0.558986 0.534029 0.559093 0.539667 0.558019 0.540297 0.557324 0.539661 0.550139 0.535867 0.546931 0.535956 0.545167 0.536651 0.541898 0.538940 0.543343 0.537547 0.525662 0.536763 0.518653 0.535018 0.515676 0.535612 0.512824 0.536310 0.512644 0.534677 0.497481 0.533966 0.488509
1 0.508490 0.508407 0.508229 0.508704 0.507396 0.510417 0.505443 0.514306 0.504349 0.518657 0.504010 0.521574 0.504089 0.530231 0.505469 0.531157 0.506667 0.531204 0.507943 0.530509 0.508646 0.529306 0.506849 0.529583 0.505104 0.529491 0.505026 0.523704 0.505313 0.519861 0.506693 0.514907 0.508229 0.511667 0.509010 0.509861
1 0.379312 0.341176 0.380104 0.342500 0.379857 0.335639 0.379917 0.332958 0.380943 0.328620 0.382177 0.325352 0.383474 0.323213 0.384505 0.321389 0.383867 0.320847 0.381750 0.323847 0.380188 0.328847 0.379000 0.333620
1 0.385247 0.319181 0.389240 0.317185 0.393745 0.317407 0.396737 0.319958 0.398987 0.322736 0.400430 0.327847 0.401117 0.332398 0.401180 0.337731 0.400930 0.341398 0.401555 0.337843 0.401867 0.333509 0.402549 0.333287 0.402549 0.339398 0.402055 0.340954 0.403055 0.344954 0.402909 0.346889 0.402276 0.346833 0.401854 0.345120 0.401099 0.345014 0.400951 0.345977 0.400318 0.345657 0.400227 0.344532 0.399443 0.344102 0.399956 0.340352 0.400135 0.332958 0.399052 0.327014 0.397370 0.323056 0.395255 0.320694 0.393659 0.318981 0.390794 0.318444 0.387578 0.319259 0.386336 0.319889
13 0.380104 0.342500 0.379857 0.335639 0.379917 0.332958 0.380943 0.328620 0.382177 0.325352 0.383474 0.323213 0.384505 0.321389 0.383867 0.320847 0.383672 0.319352 0.383935 0.318403 0.384688 0.318380 0.385247 0.319181 0.386336 0.319889 0.387578 0.319259 0.390794 0.318444 0.393659 0.318981 0.395255 0.320694 0.397370 0.323056 0.399052 0.327014 0.400135 0.332958 0.399956 0.340352 0.399443 0.344102 0.400227 0.344532 0.400318 0.345657 0.397966 0.345333 0.393508 0.347477 0.389560 0.350907 0.387482 0.352514 0.385945 0.353528 0.384648 0.353370
1 0.385625 0.356204 0.388221 0.357236 0.390956 0.358069 0.394115 0.357222 0.397258 0.354644 0.399445 0.350847 0.400721 0.348347 0.401971 0.345755 0.402276 0.346833 0.399966 0.352190 0.397492 0.356125 0.395435 0.358023 0.393542 0.359074 0.391190 0.359458 0.389367 0.359319 0.386477 0.358023
10 0.384648 0.353370 0.385625 0.356204 0.388221 0.357236 0.389297 0.355787 0.390365 0.354815 0.390703 0.355000 0.390859 0.355833 0.389792 0.357731 0.390956 0.358069 0.394115 0.357222 0.397258 0.354644 0.399445 0.350847 0.400721 0.348347 0.401971 0.345755 0.401854 0.345120 0.401099 0.345014 0.400951 0.345977 0.400318 0.345657 0.397966 0.345333 0.393508 0.347477 0.389560 0.350907 0.387482 0.352514 0.385945 0.353528
1 0.388221 0.357236 0.389792 0.357731 0.390859 0.355833 0.390703 0.355000 0.390365 0.354815 0.389297 0.355787
1 0.397161 0.383102 0.397604 0.384444 0.398622 0.382875 0.400557 0.381296 0.403018 0.380292 0.406354 0.380093 0.408706 0.381162 0.411531 0.382954 0.414138 0.389264 0.415130 0.391986 0.415513 0.394468 0.415479 0.396634 0.415792 0.398370 0.416297 0.398315 0.416263 0.396083 0.416018 0.392801 0.416716 0.392116 0.417833 0.392801 0.418005 0.391375 0.416753 0.389824 0.415880 0.389079 0.416008 0.387398 0.415846 0.385606 0.415161 0.385319 0.414797 0.385394 0.414516 0.383958 0.413667 0.382236 0.412740 0.380514 0.411893 0.380301 0.411451 0.380801 0.409232 0.379296 0.407417 0.378579 0.404794 0.378222 0.403060 0.378574 0.400922 0.379505 0.398419 0.381514
10 0.386477 0.358023 0.390104 0.366759 0.393339 0.364375 0.395031 0.363440 0.398219 0.364731 0.399914 0.366810 0.401445 0.372046 0.402052 0.376778 0.402776 0.376921 0.403060 0.378574 0.404794 0.378222 0.407417 0.378579 0.409232 0.379296 0.411451 0.380801 0.411893 0.380301 0.412740 0.380514 0.413667 0.382236 0.414516 0.383958 0.414797 0.385394 0.415161 0.385319 0.415846 0.385606 0.415484 0.383028 0.416169 0.380014 0.415927 0.377935 0.416451 0.377718 0.416896 0.378366 0.417177 0.376856 0.416250 0.369616 0.415443 0.363880 0.414602 0.359648 0.412490 0.352736 0.410333 0.348796 0.407802 0.347060 0.407927 0.346060 0.407552 0.344620 0.406484 0.345065 0.406484 0.345949 0.403055 0.344954 0.402909 0.346889 0.402276 0.346833 0.399966 0.352190 0.397492 0.356125 0.395435 0.358023 0.393542 0.359074 0.391190 0.359458 0.389367 0.359319
10 0.400799 0.392343 0.405927 0.403269 0.406867 0.405620 0.408750 0.405870 0.410703 0.408412 0.412201 0.411509 0.412445 0.409528 0.413352 0.403204 0.413979 0.399921 0.414190 0.397255 0.415792 0.398370 0.415479 0.396634 0.415513 0.394468 0.415130 0.391986 0.414151 0.389264 0.411531 0.382954 0.408706 0.381162 0.406354 0.380093 0.403018 0.380292 0.402979 0.384523 0.401971 0.389829
1 0.406867 0.405620 0.410982 0.415167 0.411643 0.413806 0.412201 0.411509 0.410703 0.408412 0.408750 0.405870
1 0.421089 0.321440 0.421648 0.315468 0.422581 0.310819 0.423701 0.306671 0.424867 0.304764 0.427294 0.302356 0.429208 0.301944 0.429443 0.302773 0.427482 0.304102 0.425615 0.305759 0.424448 0.309412 0.423328 0.311648 0.422628 0.315384 0.422628 0.318454 0.422208 0.321440 0.423047 0.321690 0.423563 0.326917 0.424961 0.330981 0.426815 0.335287 0.429133 0.338449 0.432023 0.339412 0.434857 0.339579 0.437086 0.337810 0.438534 0.334542 0.439164 0.332560 0.439555 0.329074 0.440495 0.329398 0.440279 0.331968 0.438987 0.336574 0.436633 0.339796 0.434794 0.340912 0.432685 0.341181 0.430216 0.340542 0.427716 0.338931 0.424943 0.334278 0.423318 0.329986 0.422292 0.325912 0.422109 0.322435 0.421297 0.322435
2 0.448594 0.324167 0.459448 0.334134 0.464451 0.338685 0.464297 0.340880 0.462250 0.341310 0.458937 0.337185 0.452279 0.331454 0.448693 0.328296 0.447305 0.327759 0.447969 0.325991
10 0.452331 0.308958 0.452383 0.304514 0.453008 0.302801 0.453477 0.302801 0.454779 0.304653 0.456081 0.307847 0.457747 0.314097 0.458424 0.317338 0.458130 0.325347 0.457497 0.325671 0.456776 0.320583 0.455964 0.315231 0.454331 0.311750
1 0.456581 0.309801 0.457833 0.309736 0.460695 0.312463 0.464005 0.318597 0.465714 0.322505 0.466201 0.324116 0.466724 0.324176 0.466482 0.327898 0.466482 0.329569 0.465263 0.332171 0.464141 0.333102 0.462734 0.333287 0.460026 0.332130 0.460026 0.329954 0.462052 0.330931 0.464214 0.330995 0.465539 0.328824 0.465781 0.325542 0.462753 0.319218 0.460656 0.315190 0.458427 0.311782 0.457589 0.311162 0.456966 0.311287
10 0.452331 0.308958 0.450271 0.312657 0.450307 0.317616 0.448594 0.324167 0.448594 0.324167 0.457174 0.332116 0.457594 0.330259 0.457497 0.325671 0.456776 0.320583 0.455964 0.315231 0.454331 0.311750
10 0.458130 0.325347 0.458638 0.326847 0.459581 0.326972 0.460026 0.329954 0.460026 0.332130 0.459893 0.334657 0.459448 0.334134 0.457174 0.332116 0.457174 0.332116 0.457594 0.330259 0.457497 0.325671
1 0.431563 0.360509 0.431195 0.357000 0.431234 0.354491 0.432888 0.346963 0.435026 0.343088 0.438698 0.339718 0.443497 0.336852 0.447047 0.334986 0.450878 0.336060 0.450516 0.336995 0.448096 0.336421 0.446966 0.336278 0.444385 0.337495 0.439583 0.340366 0.436398 0.342801 0.434057 0.346389 0.433010 0.350116 0.432081 0.355282 0.432284 0.360944
10 0.432284 0.360944 0.436979 0.364028 0.437708 0.359505 0.440089 0.352690 0.444083 0.346236 0.447672 0.342866 0.449771 0.341648 0.449971 0.339856 0.450516 0.336995 0.448096 0.336421 0.446966 0.336278 0.444385 0.337495 0.439583 0.340366 0.436398 0.342801 0.434057 0.346389 0.433010 0.350116 0.432081 0.355282
1 0.450878 0.336060 0.450979 0.335194 0.451867 0.334694 0.452148 0.335556 0.451302 0.336843 0.450495 0.341505 0.449771 0.341648 0.449971 0.339856 0.450516 0.336995
10 0.425964 0.339954 0.428323 0.344681 0.429451 0.348843 0.429977 0.354292 0.429815 0.360102 0.429451 0.361963 0.427878 0.363472 0.425740 0.365620 0.422716 0.365838 0.422836 0.363898 0.422474 0.362968 0.421263 0.362468 0.420255 0.360745 0.419286 0.358523 0.421466 0.355509 0.423320 0.352931 0.424005 0.349630 0.424086 0.347120 0.424612 0.345398 0.424893 0.341958 0.425156 0.338843
9 0.421263 0.362468 0.420703 0.363009 0.420443 0.364306 0.420573 0.365463 0.421432 0.366111 0.422716 0.365838 0.422836 0.363898 0.422474 0.362968
10 0.424943 0.334278 0.425156 0.338843 0.425964 0.339954 0.428323 0.344681 0.429451 0.348843 0.429977 0.354292 0.429815 0.360102 0.429451 0.361963 0.430729 0.361093 0.431563 0.360509 0.431195 0.357000 0.431234 0.354491 0.432888 0.346963 0.435026 0.343088 0.438698 0.339718 0.443497 0.336852 0.447047 0.334986 0.450878 0.336060 0.450979 0.335194 0.451867 0.334694 0.452148 0.335556 0.451302 0.336843 0.450495 0.341505 0.453365 0.339852 0.457753 0.339023 0.457706 0.337361 0.457753 0.336199 0.452279 0.331454 0.448693 0.328296 0.447305 0.327759 0.445852 0.334292 0.437685 0.338356 0.436633 0.339796 0.434794 0.340912 0.432685 0.341181 0.430216 0.340542 0.427716 0.338931
2 0.412346 0.280824 0.418414 0.293106 0.419534 0.295843 0.414680 0.306880 0.413753 0.309194 0.411346 0.312616 0.406823 0.319083 0.405286 0.319074 0.404740 0.317083 0.404505 0.313435 0.404740 0.308454 0.406044 0.303065 0.408846 0.294185 0.411411 0.288875 0.412346 0.286468 0.412672 0.284727
2 0.401081 0.319995 0.401643 0.325315 0.402430 0.328380 0.404206 0.328046 0.404547 0.326579 0.404221 0.325250
2 0.396010 0.309037 0.395339 0.311120 0.394870 0.314440 0.398044 0.319995 0.399630 0.320162 0.400331 0.319338 0.400534 0.318944 0.397687 0.314046
2 0.392266 0.301806 0.395451 0.306380 0.394794 0.302347 0.394052 0.299412
10 0.394505 0.280833 0.393813 0.288824 0.393771 0.297338 0.390591 0.295958 0.387971 0.292148 0.386385 0.289157 0.385734 0.285583 0.386854 0.282926 0.388672 0.281028 0.390445 0.280940 0.393758 0.281773
13 0.396682 0.265755 0.390997 0.264310 0.388872 0.264199 0.388435 0.265644 0.384122 0.266644 0.376625 0.271310 0.375315 0.273755 0.374003 0.272977 0.373190 0.274310 0.373565 0.275750 0.369628 0.280972 0.367461 0.284116 0.366492 0.283329 0.365648 0.283472 0.365443 0.284829 0.365768 0.286051 0.363143 0.293079 0.362018 0.298667 0.372154 0.323481 0.379312 0.341176 0.379000 0.333620 0.380188 0.328847 0.381750 0.323847 0.383867 0.320847 0.383672 0.319352 0.383935 0.318403 0.384688 0.318380 0.385247 0.319181 0.389240 0.317185 0.393745 0.317407 0.396737 0.319958 0.398987 0.322736 0.400430 0.327847 0.401117 0.332398 0.401180 0.337731 0.400930 0.341398 0.401555 0.337843 0.401867 0.333509 0.402549 0.333287 0.402549 0.339398 0.402055 0.340954 0.403055 0.344954 0.406484 0.345949 0.406484 0.345065 0.407552 0.344620 0.407927 0.346060 0.407802 0.347060 0.410333 0.348796 0.412490 0.352736 0.414602 0.359648 0.416706 0.356861 0.419781 0.346782 0.420211 0.339866 0.419513 0.330745 0.418651 0.324468 0.417112 0.318069 0.413753 0.309194 0.411346 0.312616 0.406823 0.319083 0.405286 0.319074 0.405234 0.325972 0.404206 0.328046 0.402430 0.328380 0.401643 0.325315 0.401081 0.319995 0.400331 0.319338 0.399630 0.320162 0.398044 0.319995 0.394870 0.314440 0.395339 0.311120 0.396010 0.309037 0.395451 0.306380 0.392266 0.301806 0.394052 0.299412 0.393771 0.297338 0.390591 0.295958 0.387971 0.292148 0.386385 0.289157 0.385734 0.285583 0.386854 0.282926 0.388672 0.281028 0.390445 0.280940 0.393758 0.281773 0.394505 0.280833 0.395357 0.274685 0.397320 0.268556
2 0.529745 0.481255 0.529036 0.469444 0.528497 0.459773 0.528281 0.456759 0.526516 0.456347 0.525448 0.457412 0.525031 0.458708 0.525398 0.464958 0.526180 0.465190 0.526776 0.468431 0.526229 0.472042 0.526203 0.478662 0.527245 0.481949 0.527586 0.483616
2 0.539635 0.517361 0.541940 0.522431 0.550289 0.538782 0.551458 0.538278 0.553154 0.536343 0.553354 0.535412 0.547630 0.524630 0.545651 0.521019 0.542656 0.514769 0.541536 0.514907 0.540391 0.516944
2 0.536763 0.518653 0.538794 0.521356 0.539599 0.521644 0.542990 0.526088 0.544482 0.527236 0.541940 0.522431 0.539635 0.517361 0.536310 0.512644 0.535612 0.512824 0.535018 0.515676
2 0.547630 0.524630 0.553799 0.529745 0.553477 0.532611 0.552508 0.533759
2 0.560339 0.552639 0.558268 0.547972 0.556331 0.542954 0.556857 0.541949 0.558469 0.540370 0.560284 0.539870 0.561536 0.543958 0.565771 0.554644 0.567990 0.560019 0.568958 0.559806 0.569078 0.560954 0.568232 0.561815 0.566740 0.561671 0.565448 0.560380 0.564964 0.557222 0.564766 0.554120
2 0.414380 0.310824 0.418833 0.298185 0.423005 0.287542 0.425706 0.280083 0.426917 0.281301 0.427924 0.282736 0.428247 0.284171 0.421875 0.299875 0.416510 0.312852 0.415784 0.314648
2 0.563906 0.565972 0.568333 0.563356 0.568891 0.563852 0.570026 0.568333 0.570667 0.575824 0.569135 0.577241 0.567531 0.578417 0.565964 0.578356 0.565513 0.574486 0.564914 0.573329
2 0.482172 0.584167 0.488271 0.581130 0.492664 0.578157 0.497651 0.574625 0.498695 0.574685 0.499706 0.578343 0.499951 0.580634 0.499497 0.581315 0.491687 0.585843 0.486911 0.588009 0.483880 0.589310 0.483383 0.588690
9 0.431555 0.334981 0.431503 0.334380 0.431945 0.333222 0.433273 0.333176 0.433352 0.334102 0.433430 0.335306 0.432518 0.335352
17 0.431052 0.308352 0.429359 0.321546 0.429076 0.324204 0.428513 0.324060 0.427745 0.323125 0.426414 0.323343 0.426010 0.324417 0.425891 0.327356 0.427099 0.326926 0.427018 0.327861 0.426294 0.328505 0.425849 0.329940 0.427341 0.331588 0.428029 0.334097 0.426815 0.335287 0.424961 0.330981 0.423563 0.326917 0.423047 0.321690 0.422208 0.321440 0.422628 0.318454 0.422628 0.315384 0.423328 0.311648 0.424448 0.309412 0.425615 0.305759 0.427482 0.304102 0.429443 0.302773
10 0.430690 0.311005 0.431940 0.310935 0.433958 0.317176 0.436740 0.323486 0.438354 0.326495 0.438534 0.334542 0.437086 0.337810 0.434857 0.339579 0.432023 0.339412 0.429133 0.338449 0.426815 0.335287 0.428029 0.334097 0.427341 0.331588 0.425849 0.329940 0.426294 0.328505 0.427018 0.327861 0.427099 0.326926 0.425891 0.327356 0.426010 0.324417 0.426414 0.323343 0.427745 0.323125 0.428513 0.324060 0.429076 0.324204 0.429359 0.321546
17 0.422763 0.297653 0.425378 0.297074 0.427151 0.296324 0.427990 0.298236 0.429208 0.301944 0.427294 0.302356 0.424867 0.304764 0.423701 0.306671 0.422581 0.310819 0.421648 0.315468 0.421089 0.321440 0.421297 0.322435 0.422109 0.322435 0.422292 0.325912 0.423318 0.329986 0.424943 0.334278 0.425156 0.338843 0.424893 0.341958 0.424612 0.345398 0.424086 0.347120 0.424005 0.349630 0.423320 0.352931 0.421466 0.355509 0.419286 0.358523 0.416487 0.360810 0.415076 0.362310 0.414602 0.359648 0.416706 0.356861 0.419781 0.346782 0.420211 0.339866 0.419513 0.330745 0.418651 0.324468 0.417112 0.318069 0.415784 0.314648 0.416510 0.312852 0.421875 0.299875
10 0.415443 0.363880 0.416594 0.364347 0.418372 0.365583 0.419732 0.367690 0.419836 0.378787 0.419557 0.381699 0.420813 0.382380 0.419419 0.386407 0.418443 0.389014 0.418005 0.391375 0.416753 0.389824 0.415880 0.389079 0.416008 0.387398 0.415846 0.385606 0.415484 0.383028 0.416169 0.380014 0.415927 0.377935 0.416451 0.377718 0.416896 0.378366 0.417177 0.376856 0.416250 0.369616
2 0.418982 0.366588 0.421432 0.366111 0.422716 0.365838 0.425740 0.365620 0.423375 0.368014 0.422503 0.369130 0.422120 0.371111 0.422016 0.377681 0.420865 0.377931 0.419784 0.377806 0.419732 0.367690
10 0.435078 0.379435 0.436797 0.379380 0.438724 0.380079 0.439628 0.380986 0.440383 0.383347 0.439628 0.383560 0.439297 0.383454 0.438695 0.382810 0.436737 0.384093 0.434385 0.386829 0.433211 0.389130 0.433805 0.383370
10 0.431969 0.410537 0.433039 0.411866 0.433974 0.414861 0.431924 0.414648 0.430898 0.414329 0.430086 0.415079 0.429701 0.410727
15 0.410982 0.415167 0.417503 0.430190 0.419271 0.417176 0.419677 0.413861 0.419323 0.413519 0.419982 0.409861 0.420305 0.404222 0.421818 0.403338 0.422141 0.400551 0.421437 0.399690 0.419279 0.398250 0.418469 0.398440 0.418146 0.399977 0.417065 0.399977 0.416687 0.399403 0.416297 0.398315 0.415792 0.398370 0.414190 0.397255 0.413979 0.399921 0.413352 0.403204 0.412445 0.409528 0.412201 0.411509 0.411643 0.413806
10 0.430086 0.415079 0.430151 0.416005 0.435078 0.416852 0.435156 0.416296 0.433974 0.414861 0.431924 0.414648 0.430898 0.414329
1 0.419677 0.413861 0.419271 0.417176 0.429083 0.418741 0.434089 0.420509 0.437995 0.421111 0.437604 0.419259 0.437318 0.416944 0.435078 0.416852 0.430151 0.416005 0.420589 0.414593
10 0.429083 0.418741 0.426417 0.423634 0.431563 0.425579 0.436323 0.428310 0.436232 0.426542 0.435781 0.425579 0.435901 0.424667 0.436172 0.424398 0.436112 0.420861 0.434089 0.420509
1 0.420708 0.439671 0.422698 0.437148 0.423000 0.436181 0.423872 0.436023 0.424354 0.436931 0.424714 0.438611 0.422638 0.441111 0.421703 0.441648 0.420807 0.440741
2 0.518599 0.504532 0.520604 0.505134 0.522813 0.508981 0.524557 0.512731 0.526146 0.518009 0.527258 0.518944 0.526565 0.523120 0.525841 0.524782 0.525000 0.525907 0.522107 0.525852 0.519214 0.525051 0.515953 0.523079 0.515651 0.522491 0.514091 0.521245 0.513036 0.520444 0.512523 0.521944 0.513219 0.523120 0.513247 0.524032 0.513753 0.524579 0.512005 0.526185 0.511068 0.527269 0.508984 0.521435 0.508906 0.518102 0.509375 0.517315 0.509922 0.517407 0.509648 0.511847 0.510333 0.512634 0.511260 0.513060 0.518036 0.505176
2 0.511646 0.528648 0.515026 0.533472 0.516094 0.536250 0.517995 0.538519 0.518359 0.539398 0.517865 0.540417 0.517995 0.541435 0.519635 0.541528 0.521563 0.539306 0.524844 0.537315 0.529167 0.534630 0.530885 0.533750 0.531094 0.533241 0.531563 0.533333 0.531031 0.526051 0.530469 0.524977 0.527966 0.521389 0.527443 0.523755 0.527344 0.524444 0.525885 0.527500 0.522828 0.528264 0.519997 0.527458 0.519484 0.527940 0.518461 0.527676 0.515893 0.525167 0.513604 0.527097
2 0.497760 0.501963 0.498065 0.504792 0.497943 0.507917 0.496531 0.510125 0.497292 0.510972 0.498229 0.510278 0.498802 0.510000 0.501328 0.512407 0.501979 0.517593 0.502448 0.519028 0.504349 0.518657 0.505443 0.514306 0.507396 0.510417 0.505469 0.510093 0.503490 0.508750 0.502578 0.506065 0.501536 0.502407
2 0.495596 0.516398 0.494633 0.514898 0.493880 0.514898 0.493729 0.514042 0.492523 0.513398 0.492042 0.512755 0.490534 0.513880 0.489029 0.516236 0.489721 0.516986 0.491799 0.519023 0.493005 0.519935 0.494091 0.520042 0.495839 0.522880 0.497255 0.521755 0.497318 0.518889
2 0.507156 0.539347 0.506427 0.537958 0.506401 0.537125 0.510362 0.532218 0.512315 0.529671 0.514109 0.532125 0.512706 0.534718 0.510958 0.536662 0.509711 0.538884
2 0.463307 0.540597 0.465049 0.540657 0.469760 0.541093 0.474188 0.540597 0.475159 0.541898 0.476698 0.542704 0.476628 0.545310 0.475862 0.548718 0.473940 0.548407 0.466867 0.545310 0.465539 0.544130 0.465539 0.545926 0.464143 0.545991
1 0.417836 0.431435 0.418273 0.432593 0.420294 0.432542 0.421771 0.433292 0.422523 0.434468 0.423547 0.434949 0.423872 0.436023 0.424354 0.436931 0.424714 0.438611 0.425495 0.440787 0.425781 0.446343 0.425807 0.449843 0.427031 0.452454 0.426953 0.444755 0.426802 0.441324 0.425927 0.437630 0.424935 0.435005 0.424180 0.433449 0.424362 0.432486 0.424482 0.430986 0.424083 0.430106 0.421943 0.427204 0.421471 0.428532 0.419323 0.427620 0.419044 0.428282 0.419044 0.429028 0.421049 0.430273 0.420914 0.430940 0.419375 0.431102
10 0.418880 0.434213 0.419583 0.436806 0.420708 0.439671 0.422698 0.437148 0.423000 0.436181 0.423872 0.436023 0.423547 0.434949 0.422523 0.434468 0.421771 0.433292 0.420294 0.432542
10 0.421703 0.441648 0.422760 0.442685 0.425807 0.449843 0.425781 0.446343 0.425495 0.440787 0.424714 0.438611 0.422638 0.441111
2 0.463307 0.540597 0.465049 0.540657 0.469760 0.541093 0.474188 0.540597 0.475159 0.541898 0.476698 0.542704 0.476661 0.544144 0.478651 0.544389 0.482065 0.545259 0.486388 0.547921 0.490154 0.549843 0.490852 0.548727 0.491130 0.547306 0.490539 0.545259 0.490234 0.543704 0.489388 0.541787 0.488516 0.539931 0.488237 0.541727 0.486599 0.541042 0.484018 0.540051 0.478406 0.539866 0.477464 0.538625 0.476104 0.538505 0.475443 0.538069 0.474594 0.539083 0.472932 0.538926 0.474297 0.537083 0.471849 0.536296 0.469385 0.537231 0.467047 0.536444 0.463294 0.533644 0.462857 0.535278 0.462508 0.539120
10 0.427031 0.452454 0.432130 0.464310 0.434138 0.462319 0.438383 0.461569 0.441651 0.457505 0.443844 0.453356 0.444357 0.450620 0.444638 0.448130 0.442865 0.443815 0.440578 0.437426 0.439690 0.433444 0.438945 0.429380 0.437823 0.428301 0.436323 0.428310 0.431563 0.425579 0.426417 0.423634 0.425250 0.426954 0.424083 0.430106 0.424482 0.430986 0.424362 0.432486 0.424180 0.433449 0.424935 0.435005 0.425927 0.437630 0.426802 0.441324 0.426953 0.444755
2 0.434427 0.362361 0.436979 0.364028 0.441687 0.368583 0.444339 0.370727 0.445182 0.370833 0.445604 0.371208 0.445966 0.372866 0.448013 0.373616 0.449388 0.374301 0.446635 0.379361 0.446448 0.380259 0.445784 0.379296 0.445000 0.377796 0.444096 0.377315 0.442560 0.377528 0.439638 0.376347 0.435328 0.371796 0.435154 0.367144
10 0.437583 0.374171 0.438802 0.377593 0.438724 0.380079 0.436797 0.379380 0.435078 0.379435 0.435424 0.378472 0.435424 0.374921 0.435328 0.371796
10 0.437583 0.374171 0.438802 0.377593 0.440260 0.381852 0.443672 0.381343 0.445990 0.381620 0.446448 0.380259 0.445784 0.379296 0.445000 0.377796 0.444096 0.377315 0.442560 0.377528 0.439638 0.376347
2 0.469586 0.370704 0.470237 0.369222 0.467318 0.368611 0.465810 0.367231 0.461083 0.362977 0.458271 0.360292 0.456786 0.359366 0.456161 0.359829 0.455641 0.361634 0.455719 0.363208 0.458089 0.365662 0.461552 0.368764 0.466083 0.372005 0.468948 0.374042 0.469036 0.372407
1 0.474417 0.363088 0.472750 0.363875 0.471005 0.367347 0.469609 0.370741 0.469036 0.372407 0.468948 0.374042 0.468406 0.377213 0.468380 0.380032 0.468510 0.381611 0.470151 0.375593 0.472026 0.368921 0.473510 0.365315
1 0.467198 0.365454 0.467562 0.361657 0.467484 0.357815 0.467042 0.353463 0.466417 0.350870 0.465740 0.348231 0.466000 0.347722 0.466651 0.347676 0.467406 0.350824 0.468187 0.355500 0.468318 0.360269 0.468214 0.364296 0.468057 0.365546 0.467354 0.366287
1 0.462276 0.361843 0.462875 0.360407 0.464542 0.357630 0.465635 0.356843 0.467302 0.355917 0.467500 0.357731 0.466339 0.358185 0.464672 0.359806 0.463594 0.362083
1 0.468187 0.355500 0.471562 0.355417 0.472734 0.355648 0.474870 0.357500 0.475781 0.358981 0.475052 0.360463 0.474115 0.358981 0.472630 0.357454 0.470833 0.357083 0.468203 0.357269
2 0.467318 0.368611 0.467354 0.366287 0.468057 0.365546 0.468214 0.364296 0.468255 0.362870 0.469297 0.360741 0.469583 0.359074 0.471042 0.359120 0.471224 0.360046 0.472266 0.360139 0.473021 0.360648 0.473099 0.361574 0.472750 0.363875 0.471005 0.367347 0.470237 0.369222
2 0.461083 0.362977 0.461510 0.361898 0.462276 0.361843 0.463594 0.362083 0.464714 0.361991 0.466276 0.363611 0.467198 0.365454 0.467354 0.366287 0.467318 0.368611 0.465810 0.367231
2 0.465276 0.371468 0.464365 0.374801 0.463661 0.377023 0.464443 0.378366 0.465875 0.379014 0.466292 0.378875 0.467672 0.376005 0.468583 0.373782 0.466083 0.372005
2 0.464469 0.370819 0.462099 0.371005 0.462203 0.373181 0.463635 0.374847 0.463661 0.375819 0.462281 0.377486 0.462203 0.378597 0.462854 0.379708 0.466682 0.380819 0.468510 0.381611 0.468380 0.380032 0.468406 0.377213 0.468948 0.374042 0.468583 0.373782 0.467672 0.376005 0.466292 0.378875 0.465875 0.379014 0.464443 0.378366 0.463661 0.377023 0.464365 0.374801 0.465276 0.371468
2 0.464469 0.370819 0.462099 0.371005 0.457391 0.370565 0.456203 0.369685 0.454557 0.367870 0.453008 0.365407 0.452844 0.362245 0.452844 0.356681 0.451656 0.353926 0.449154 0.350880 0.448690 0.352519 0.447802 0.352991 0.446747 0.354921 0.445560 0.354454 0.447635 0.351231 0.449448 0.349417 0.450635 0.348537 0.450964 0.347426 0.452018 0.347250 0.452612 0.344963 0.453469 0.343384 0.455906 0.347894 0.460948 0.358204 0.462464 0.361250 0.462276 0.361843 0.461510 0.361898 0.461083 0.362977 0.458271 0.360292 0.456786 0.359366 0.456161 0.359829 0.455641 0.361634 0.455719 0.363208 0.458089 0.365662 0.461552 0.368764
10 0.456203 0.369685 0.454984 0.372204 0.454326 0.371500 0.452315 0.368338 0.451724 0.366991 0.450437 0.366755 0.448229 0.364940 0.446089 0.363065 0.444539 0.359083 0.443320 0.358144 0.442661 0.357088 0.442792 0.356213 0.443682 0.356620 0.443979 0.355218 0.444771 0.354454 0.445560 0.354454 0.446747 0.354921 0.447802 0.352991 0.448690 0.352519 0.449154 0.350880 0.451656 0.353926 0.452844 0.356681 0.452844 0.362245 0.453008 0.365407 0.454557 0.367870
10 0.462099 0.371005 0.462203 0.373181 0.463635 0.374847 0.463661 0.375819 0.462281 0.377486 0.462203 0.378597 0.462854 0.379708 0.460224 0.379000 0.458349 0.376625 0.456062 0.374884 0.453497 0.372972 0.450977 0.372810 0.449388 0.374301 0.448013 0.373616 0.445966 0.372866 0.445604 0.371208 0.445182 0.370833 0.444339 0.370727 0.441687 0.368583 0.436979 0.364028 0.437708 0.359505 0.440089 0.352690 0.444083 0.346236 0.447672 0.342866 0.449771 0.341648 0.450495 0.341505 0.453365 0.339852 0.457753 0.339023 0.458214 0.340690 0.462250 0.341310 0.464297 0.340880 0.465508 0.341662 0.465750 0.343023 0.467284 0.343333 0.467474 0.342736 0.470076 0.344144 0.473174 0.348069 0.476107 0.353398 0.476831 0.357852 0.475781 0.358981 0.474870 0.357500 0.472734 0.355648 0.471562 0.355417 0.468187 0.355500 0.467406 0.350824 0.466651 0.347676 0.466000 0.347722 0.465740 0.348231 0.466417 0.350870 0.467042 0.353463 0.467302 0.355917 0.465635 0.356843 0.464542 0.357630 0.462875 0.360407 0.462464 0.361250 0.460948 0.358204 0.455906 0.347894 0.453469 0.343384 0.452612 0.344963 0.452018 0.347250 0.450964 0.347426 0.450635 0.348537 0.449448 0.349417 0.447635 0.351231 0.445560 0.354454 0.444771 0.354454 0.443979 0.355218 0.443682 0.356620 0.442792 0.356213 0.442661 0.357088 0.443320 0.358144 0.444539 0.359083 0.446089 0.363065 0.448229 0.364940 0.450437 0.366755 0.451724 0.366991 0.452315 0.368338 0.454326 0.371500 0.454984 0.372204 0.456203 0.369685 0.457391 0.370565
10 0.457753 0.336199 0.457706 0.337361 0.457753 0.339023 0.458214 0.340690 0.462250 0.341310 0.458937 0.337185
2 0.492370 0.561991 0.489755 0.560546 0.487820 0.558894 0.485398 0.558106 0.485318 0.557389 0.486932 0.552944 0.488424 0.553875 0.490078 0.554769 0.491198 0.556713 0.492656 0.557778 0.492781 0.561046
2 0.531674 0.579255 0.533385 0.564370 0.533927 0.563139 0.534089 0.561157 0.534029 0.559093 0.539667 0.558019 0.540297 0.557324 0.541016 0.562713 0.541359 0.566644 0.541396 0.570917 0.542503 0.577083 0.542388 0.579796 0.537318 0.579931 0.537203 0.581694 0.536404 0.581491 0.534802 0.580542 0.531523 0.580338
2 0.552865 0.580278 0.549169 0.577486 0.547810 0.576435 0.547531 0.574139 0.547984 0.572218 0.549310 0.572093 0.550146 0.572403 0.554086 0.576745 0.558339 0.578477 0.558958 0.578148 0.560117 0.580648 0.563219 0.584801 0.564510 0.586537 0.565135 0.587838 0.565172 0.590690 0.564440 0.591616 0.563638 0.589944 0.561128 0.586722 0.558443 0.584056 0.555341 0.582134
1 0.554714 0.559676 0.553865 0.561898 0.553797 0.564810 0.554562 0.566671 0.556375 0.569769 0.556654 0.571444 0.557214 0.571940 0.557667 0.571815 0.560245 0.576218 0.561362 0.577954 0.561396 0.579625 0.564604 0.583593 0.564779 0.585204 0.565789 0.586875 0.568508 0.588611 0.572760 0.592824 0.573583 0.593153 0.574714 0.594028 0.575651 0.595185 0.576177 0.593880 0.575599 0.593148 0.573411 0.591713 0.568021 0.586380 0.566312 0.585079 0.558776 0.571667 0.557292 0.568519 0.555294 0.565310 0.554529 0.563264 0.554529 0.561468 0.555190 0.560162
2 0.517979 0.570037 0.517526 0.568792 0.518500 0.566745 0.520768 0.565940 0.522544 0.563593 0.524010 0.565009 0.527844 0.572819 0.530911 0.579583 0.531818 0.582125 0.530737 0.590606 0.529727 0.591972 0.527773 0.591537 0.526867 0.592468 0.526310 0.591907
2 0.483307 0.638194 0.484620 0.646843 0.485969 0.652310 0.485591 0.654519 0.485698 0.655958 0.487482 0.655000 0.493422 0.659319 0.494771 0.651255 0.495365 0.647514 0.494878 0.643866 0.494339 0.641370
2 0.478203 0.614028 0.484672 0.616986 0.487750 0.629176 0.488669 0.630810 0.488724 0.633403 0.487698 0.633403 0.487102 0.634745 0.483971 0.635898 0.483000 0.637431
2 0.497318 0.518889 0.495596 0.516398 0.494633 0.514898 0.493880 0.514898 0.493729 0.514042 0.493482 0.512407 0.493932 0.512315 0.496531 0.510125 0.497292 0.510972 0.498229 0.510278 0.498802 0.510000 0.501328 0.512407 0.501411 0.513028 0.498656 0.513278 0.497820 0.514208 0.496461 0.514889 0.496495 0.515755 0.497682 0.516995
2 0.503880 0.533241 0.504690 0.534907 0.506258 0.533190 0.506378 0.531208 0.506667 0.531204 0.507943 0.530509 0.508646 0.529306 0.508646 0.529306 0.508729 0.528532 0.510536 0.525852 0.511068 0.527269 0.511646 0.528648 0.512315 0.529671 0.510362 0.532218 0.506401 0.537125 0.506427 0.537958 0.507156 0.539347 0.504867 0.539185 0.503906 0.538657
10 0.463594 0.362083 0.464672 0.359806 0.466339 0.358185 0.467500 0.357731 0.467562 0.361657 0.467198 0.365454 0.466276 0.363611 0.464714 0.361991
10 0.468255 0.362870 0.468318 0.360269 0.468203 0.357269 0.470833 0.357083 0.472630 0.357454 0.474115 0.358981 0.475052 0.360463 0.474417 0.363088 0.472750 0.363875 0.473099 0.361574 0.473021 0.360648 0.472266 0.360139 0.471224 0.360046 0.471042 0.359120 0.469583 0.359074 0.469297 0.360741
10 0.474768 0.350912 0.476174 0.350912 0.476448 0.349171 0.478036 0.348921 0.478927 0.350250 0.479391 0.352074 0.480182 0.356472 0.478177 0.356556 0.476831 0.357852 0.476107 0.353398
1 0.460224 0.379000 0.462854 0.379708 0.466682 0.380819 0.468510 0.381611 0.467948 0.385046 0.467495 0.388454 0.467078 0.386829 0.464792 0.383509 0.461805 0.380940
10 0.480182 0.356472 0.478177 0.356556 0.475781 0.358981 0.475052 0.360463 0.475052 0.360463 0.474417 0.363088 0.473510 0.365315 0.472026 0.368921 0.470151 0.375593 0.468510 0.381611 0.467948 0.385046 0.467495 0.388454 0.467495 0.388454 0.468151 0.390898 0.468010 0.393134 0.467477 0.395574 0.467557 0.397079 0.471875 0.402602 0.477924 0.409343 0.478771 0.408912 0.479820 0.410273 0.480104 0.411495 0.480771 0.412241 0.482432 0.413046 0.482490 0.414278 0.484026 0.412565 0.484755 0.411361 0.484651 0.409880 0.485469 0.409130 0.487081 0.407333 0.487888 0.405185 0.487888 0.400810 0.487242 0.399519 0.490711 0.386398 0.491880 0.380083 0.493091 0.373273 0.492083 0.369259 0.490026 0.365458 0.488250 0.364236 0.484862 0.361514
10 0.492578 0.376319 0.493641 0.383690 0.494188 0.386606 0.494125 0.392824 0.492438 0.398824 0.491875 0.400380 0.490859 0.399769 0.489896 0.398611 0.488323 0.395532 0.490711 0.386398 0.491880 0.380083
2 0.487888 0.400810 0.488240 0.403185 0.490016 0.405167 0.490740 0.406991 0.494716 0.406935 0.498422 0.407523 0.500503 0.407366 0.500594 0.406560 0.498484 0.400079 0.497219 0.394560 0.497125 0.396157 0.495688 0.401935 0.494188 0.402269 0.492375 0.401824 0.491875 0.400380 0.490859 0.399769 0.489896 0.398611 0.488323 0.395532 0.487242 0.399519
10 0.486391 0.408148 0.487849 0.407963 0.490740 0.406991 0.490016 0.405167 0.488240 0.403185 0.487888 0.400810 0.487888 0.405185 0.487081 0.407333
10 0.486557 0.360315 0.487359 0.356847 0.486313 0.353870 0.484953 0.348046 0.485156 0.344190 0.487115 0.339634 0.487719 0.337278 0.488167 0.335403 0.489073 0.335778 0.489737 0.338028 0.498201 0.363148 0.503190 0.377741 0.507948 0.389866 0.509120 0.394125 0.509096 0.396630 0.506742 0.400690 0.505753 0.403838 0.507833 0.411199 0.508927 0.413190 0.507529 0.415764 0.505539 0.417051 0.504604 0.415602 0.503734 0.413301 0.504034 0.410995 0.503521 0.407995 0.502557 0.406287 0.501651 0.405963 0.500594 0.406560 0.498484 0.400079 0.497219 0.394560 0.497563 0.389935 0.496937 0.381495 0.495625 0.371722 0.493688 0.364389 0.490875 0.359505 0.487878 0.359394
2 0.507529 0.415764 0.508391 0.416764 0.508344 0.419005 0.507737 0.421412 0.505638 0.422241 0.504938 0.423486 0.502229 0.417926 0.503023 0.416764 0.503734 0.413301 0.504604 0.415602 0.505539 0.417051
10 0.445990 0.381620 0.443672 0.381343 0.440260 0.381852 0.439971 0.382000 0.440383 0.383347 0.439628 0.383560 0.439297 0.383454 0.438695 0.382810 0.436737 0.384093 0.434385 0.386829 0.433211 0.389130 0.431430 0.396616 0.431430 0.400551 0.431430 0.400551 0.431914 0.404009 0.430672 0.403722 0.430565 0.404870 0.430997 0.405931 0.431862 0.406602 0.431969 0.410537 0.433039 0.411866 0.433974 0.414861 0.435156 0.416296 0.435078 0.416852 0.437318 0.416944 0.436656 0.412866 0.436891 0.410046 0.437823 0.405648 0.440625 0.398681 0.443706 0.394116 0.446365 0.392125 0.447849 0.392306 0.446401 0.391394 0.445516 0.387824 0.445516 0.383097
1 0.436172 0.424398 0.437047 0.424560 0.437497 0.426167 0.437823 0.428301 0.436323 0.428310 0.436232 0.426542 0.435781 0.425579 0.435901 0.424667
1 0.438945 0.429380 0.438854 0.426218 0.438945 0.423236 0.440018 0.420083 0.441464 0.419005 0.443518 0.419755 0.444766 0.421759 0.444349 0.426389 0.443698 0.429537 0.443464 0.434954 0.443021 0.435000 0.442409 0.434468 0.442500 0.430130 0.443102 0.427398 0.443646 0.424611 0.443555 0.421986 0.442380 0.421079 0.441354 0.420861 0.440482 0.422361 0.439729 0.425630 0.441445 0.435968 0.444609 0.445023 0.447380 0.450912 0.449612 0.455093 0.448255 0.455093 0.446146 0.451824 0.444638 0.448130 0.442865 0.443815 0.440578 0.437426 0.439690 0.433444
1 0.443646 0.437778 0.446307 0.433074 0.446971 0.431120 0.448372 0.428051 0.449305 0.426889 0.450331 0.427384 0.450891 0.430954 0.452339 0.438713 0.454326 0.445157 0.455268 0.448255 0.456174 0.452407 0.456070 0.453833 0.455372 0.453278 0.453909 0.447949 0.451979 0.441944 0.450667 0.436296 0.450247 0.432949 0.450026 0.430463 0.450078 0.429028 0.449411 0.428236 0.447945 0.431028 0.445716 0.435736 0.444182 0.438032
1 0.439951 0.426991 0.442112 0.427269 0.442893 0.428287 0.442607 0.429722 0.441409 0.429213 0.440289 0.428889
1 0.448193 0.439884 0.449885 0.443449 0.451187 0.448356 0.452474 0.453611 0.452620 0.455255 0.451370 0.455023 0.450458 0.449514 0.449078 0.444931 0.447474 0.440463
2 0.442607 0.429722 0.441409 0.429213 0.440289 0.428889 0.441445 0.435968 0.443133 0.440898 0.445995 0.441324 0.447742 0.441162 0.447474 0.440463 0.448193 0.439884 0.448737 0.441056 0.450635 0.440898 0.451539 0.440042 0.450667 0.436296 0.450247 0.432949 0.450122 0.431310 0.448750 0.431620 0.447945 0.431028 0.445716 0.435736 0.444182 0.438032 0.443646 0.437778 0.446307 0.433074 0.446971 0.431120 0.444544 0.430620 0.443698 0.429537 0.443464 0.434954 0.443021 0.435000 0.442409 0.434468 0.442500 0.430130
2 0.437497 0.426167 0.438307 0.425880 0.438854 0.426218 0.438945 0.429380 0.437823 0.428301
2 0.436112 0.420861 0.436172 0.424398 0.437047 0.424560 0.437497 0.426167 0.437497 0.426167 0.438307 0.425880 0.438854 0.426218 0.438945 0.423236 0.437995 0.421111
2 0.458969 0.396625 0.460888 0.401458 0.466641 0.412426 0.472565 0.423088 0.473716 0.423088 0.474135 0.421912 0.467302 0.408523 0.464339 0.401829 0.462073 0.398111 0.461445 0.396250 0.460031 0.396704
2 0.461445 0.396250 0.462690 0.395792 0.463484 0.395519 0.467424 0.402773 0.471818 0.411574 0.473385 0.414176 0.474117 0.414236 0.474674 0.415227 0.474607 0.416532 0.476208 0.419380 0.476034 0.420620 0.474135 0.421912 0.467302 0.408523 0.464339 0.401829 0.462073 0.398111
2 0.465664 0.394949 0.467557 0.397079 0.471875 0.402602 0.474273 0.405236 0.473646 0.406042 0.472602 0.406477 0.471799 0.405236 0.471031 0.407657 0.470964 0.409949 0.467424 0.402773 0.463484 0.395519
2 0.470964 0.409019 0.476193 0.415403 0.477727 0.417199 0.478703 0.416269 0.481909 0.417759 0.482536 0.416704 0.482432 0.413046 0.480789 0.412282 0.480104 0.411495 0.479820 0.410273 0.478771 0.408912 0.477924 0.409343 0.474273 0.405236 0.473646 0.406042 0.472602 0.406477 0.471799 0.405236 0.471031 0.407657
2 0.481909 0.417759 0.483802 0.416620 0.486849 0.411667 0.486224 0.410833 0.486391 0.408148 0.485469 0.409130 0.485469 0.409130 0.484651 0.409880 0.484755 0.411361 0.484026 0.412565 0.482490 0.414278 0.482536 0.416704
1 0.438867 0.466412 0.439219 0.462546 0.440372 0.459606 0.441651 0.457505 0.443716 0.456074 0.446581 0.455000 0.448255 0.455093 0.449612 0.455093 0.451370 0.455023 0.452620 0.455255 0.455990 0.456250 0.459987 0.459019 0.461885 0.461644 0.463122 0.465926 0.463273 0.468338 0.463031 0.469731 0.462578 0.468472 0.462651 0.466051 0.461469 0.462398 0.459865 0.460662 0.456693 0.457995 0.453763 0.457005 0.449544 0.456509 0.445258 0.456759 0.443060 0.458306 0.441352 0.460352 0.440620 0.461963 0.440000 0.465741 0.440167 0.468963 0.442047 0.472065 0.444036 0.473245 0.448776 0.473861 0.451536 0.473843 0.455573 0.474028 0.459271 0.472810 0.462161 0.470093 0.462578 0.471111 0.461435 0.472995 0.457492 0.475722 0.454008 0.476153 0.449635 0.476019 0.443549 0.475417 0.441771 0.474296 0.440099 0.472005 0.439086 0.468907
1 0.441807 0.459833 0.443698 0.461065 0.446354 0.461111 0.447552 0.461019 0.450424 0.459190 0.452141 0.456833 0.453135 0.456940 0.451117 0.459991 0.449521 0.461065 0.447083 0.462639 0.444479 0.462778 0.442409 0.461977 0.441352 0.460352
10 0.432130 0.464310 0.443190 0.490194 0.445198 0.494343 0.445479 0.490861 0.447253 0.488620 0.448326 0.489699 0.448466 0.488120 0.448979 0.486958 0.449911 0.488370 0.450641 0.486690 0.450224 0.479051 0.449635 0.476019 0.449635 0.476019 0.443549 0.475417 0.441771 0.474296 0.440099 0.472005 0.439086 0.468907 0.438867 0.466412 0.439219 0.462546 0.439688 0.461389 0.438383 0.461569 0.434138 0.462319
10 0.440620 0.461963 0.441352 0.460352 0.442409 0.461977 0.444930 0.463773 0.445333 0.464704 0.447229 0.464704 0.446865 0.466569 0.448195 0.469796 0.448776 0.473861 0.444036 0.473245 0.442047 0.472065 0.440167 0.468963 0.440000 0.465741
2 0.463768 0.432708 0.465789 0.432884 0.467065 0.433116 0.467526 0.431708 0.468878 0.431829 0.469461 0.433551 0.469174 0.434875 0.467807 0.441583 0.466521 0.445287 0.465781 0.447361 0.465990 0.449167 0.467427 0.449194 0.467497 0.450681 0.466555 0.452407 0.465625 0.453519 0.465573 0.455278 0.463516 0.456713 0.463349 0.459481 0.463034 0.461093 0.461885 0.461644 0.459987 0.459019 0.455990 0.456250 0.456070 0.453833 0.456174 0.452407 0.455680 0.450120 0.457630 0.445597 0.458573 0.441685 0.459060 0.438958 0.461188 0.434931
2 0.450891 0.430954 0.451625 0.434870 0.453229 0.434676 0.458523 0.433153 0.462557 0.432361 0.462596 0.431861 0.459451 0.431069 0.457518 0.432032 0.454159 0.432199
2 0.468768 0.427306 0.467078 0.433134 0.465789 0.432884 0.463768 0.432708 0.465219 0.429708 0.467500 0.425324
2 0.444638 0.448130 0.444357 0.450620 0.443844 0.453356 0.443568 0.453889 0.444219 0.455880 0.446581 0.455000 0.448255 0.455093 0.446146 0.451824
2 0.444628 0.457185 0.445904 0.459546 0.447049 0.461074 0.447552 0.461019 0.450424 0.459190 0.452141 0.456833 0.449544 0.456509 0.445258 0.456759
2 0.447805 0.462231 0.448924 0.464731 0.450201 0.466444 0.451451 0.466907 0.451529 0.465009 0.451867 0.462324 0.453638 0.459315 0.454732 0.457370 0.453763 0.457005 0.453135 0.456940 0.453135 0.456940 0.451117 0.459991 0.449521 0.461065
2 0.444609 0.445023 0.446508 0.444236 0.448388 0.443056 0.449078 0.444931 0.450458 0.449514 0.451370 0.455023 0.449612 0.455093 0.447380 0.450912
1 0.452919 0.455389 0.455117 0.452440 0.455372 0.453278 0.454948 0.454491 0.454141 0.455694
2 0.448737 0.441056 0.450635 0.440898 0.451539 0.440042 0.451979 0.441944 0.453909 0.447949 0.455117 0.452440 0.452919 0.455389 0.452620 0.455255 0.452474 0.453611 0.451187 0.448356 0.449885 0.443449
10 0.470018 0.418523 0.472565 0.423088 0.470987 0.422745 0.469635 0.422569 0.469654 0.421745 0.468487 0.419671 0.466432 0.418259
10 0.473716 0.423088 0.476326 0.423449 0.476326 0.423449 0.478135 0.424856 0.479505 0.416620 0.478703 0.416269 0.477727 0.417199 0.476193 0.415403 0.470964 0.409019 0.470964 0.409949 0.471818 0.411574 0.473385 0.414176 0.474117 0.414236 0.474674 0.415227 0.474607 0.416532 0.476208 0.419380 0.476034 0.420620 0.474135 0.421912
1 0.462161 0.470093 0.461393 0.467787 0.460638 0.465593 0.460940 0.465000 0.461482 0.465431 0.462578 0.468472 0.463031 0.469731 0.463773 0.471162 0.468172 0.476569 0.474138 0.483051 0.478234 0.486644 0.480404 0.488144 0.482302 0.488144 0.482484 0.488838 0.481823 0.490602 0.480234 0.490093 0.477005 0.488102 0.471424 0.482250 0.466242 0.476306 0.462578 0.471111
1 0.447214 0.499028 0.447919 0.495745 0.449977 0.490412 0.451685 0.486819 0.455518 0.482977 0.458448 0.482046 0.462596 0.482727 0.466987 0.486819 0.468628 0.489731 0.470336 0.494565 0.471094 0.499444 0.471312 0.503676 0.470927 0.504421 0.470195 0.504236 0.469844 0.499028 0.469185 0.494444 0.466779 0.489546 0.464372 0.486074 0.461096 0.484403 0.459562 0.483968 0.455867 0.484713 0.453112 0.487130 0.450846 0.490972 0.448896 0.496366 0.448021 0.500556
2 0.481661 0.442782 0.482987 0.442833 0.483529 0.443264 0.484284 0.442833 0.486180 0.440907 0.487807 0.438602 0.489133 0.435231 0.489073 0.433463 0.489646 0.432981 0.489977 0.433731 0.490581 0.433569 0.490310 0.430088 0.489646 0.427625 0.488646 0.428796 0.487083 0.428843 0.484063 0.427685
1 0.486031 0.455690 0.485880 0.449315 0.486771 0.441991 0.488201 0.438495 0.489677 0.435014 0.490581 0.433569 0.492779 0.430995 0.496018 0.429231 0.499214 0.428801 0.500930 0.429176 0.503612 0.432014 0.505180 0.434907 0.506203 0.438120 0.506474 0.440213 0.505932 0.440745 0.504456 0.437426 0.502286 0.432495 0.500479 0.430676 0.497315 0.430088 0.495266 0.430731 0.492492 0.433088 0.489721 0.437157 0.487914 0.442620 0.487396 0.446806 0.486953 0.451204 0.487013 0.455546
2 0.468669 0.475745 0.472922 0.469111 0.475885 0.465208 0.477036 0.464153 0.477906 0.462296 0.478466 0.458269 0.479510 0.460870 0.479232 0.462542 0.479930 0.466694 0.482266 0.469486 0.482682 0.468611 0.483974 0.469671 0.485193 0.470292 0.487180 0.474255 0.487633 0.477977 0.487216 0.481324 0.485810 0.486380 0.485810 0.489477 0.484555 0.489106 0.480581 0.486380 0.478802 0.486009 0.477268 0.484583 0.476852 0.483343 0.474690 0.483713 0.474138 0.483051 0.473573 0.481051 0.474341 0.479750 0.473888 0.479130 0.471901 0.477579 0.471146 0.478935 0.468172 0.476569
1 0.479336 0.460431 0.481867 0.457806 0.483734 0.456574 0.486031 0.455690 0.487039 0.455583 0.490755 0.456255 0.494461 0.458667 0.497214 0.463009 0.498831 0.469111 0.499167 0.472917 0.499161 0.477843 0.499781 0.477991 0.500536 0.481472 0.500729 0.484306 0.499479 0.485185 0.498938 0.481472 0.498547 0.479435 0.498034 0.479384 0.497552 0.477407 0.497682 0.472870 0.497135 0.468380 0.495563 0.462991 0.493516 0.460046 0.491284 0.458278 0.488031 0.457477 0.486133 0.457690 0.484112 0.459394 0.481068 0.462069 0.479380 0.463676 0.479232 0.462542 0.479510 0.460870
2 0.479375 0.448870 0.481581 0.449028 0.484622 0.447847 0.486224 0.446389 0.486771 0.441991 0.488201 0.438495 0.489677 0.435014 0.490581 0.433569 0.489977 0.433731 0.489646 0.432981 0.489073 0.433463 0.489133 0.435231 0.487807 0.438602 0.486180 0.440907 0.484284 0.442833 0.483529 0.443264 0.482987 0.442833 0.481661 0.442782 0.481250 0.445231
2 0.491870 0.434046 0.492052 0.436222 0.490958 0.440481 0.489552 0.443213 0.487500 0.445972 0.487914 0.442620 0.489721 0.437157
1 0.463773 0.471162 0.464169 0.467787 0.465823 0.463269 0.467638 0.460616 0.469453 0.460833 0.472841 0.463125 0.475021 0.466352 0.474578 0.466926 0.471107 0.463269 0.469453 0.461907 0.468122 0.461477 0.466630 0.463269 0.465380 0.465995 0.464857 0.468648 0.465096 0.470944 0.464815 0.472306
1 0.479602 0.464727 0.481706 0.463551 0.485323 0.462907 0.489036 0.463194 0.491443 0.464194 0.492604 0.464815 0.493464 0.466065 0.493880 0.467083 0.493125 0.468102 0.491531 0.466495 0.490083 0.465157 0.488281 0.464583 0.484000 0.465208 0.479930 0.466694
1 0.492852 0.457593 0.494596 0.454060 0.496617 0.449231 0.497664 0.444208 0.498641 0.444454 0.498047 0.448356 0.495677 0.454931 0.493828 0.458208
1 0.498510 0.467866 0.501073 0.465083 0.503031 0.461440 0.504807 0.456940 0.505742 0.451852 0.506250 0.447361 0.506784 0.447287 0.506745 0.450370 0.506068 0.455417 0.504948 0.459028 0.504167 0.461620 0.501172 0.466898 0.498831 0.469111
10 0.445198 0.494343 0.447214 0.499028 0.447919 0.495745 0.449977 0.490412 0.451685 0.486819 0.450659 0.486713 0.449911 0.488370 0.448979 0.486958 0.448466 0.488120 0.448326 0.489699 0.447253 0.488620 0.445479 0.490861
1 0.452669 0.487940 0.453229 0.491102 0.454414 0.494139 0.455833 0.496620 0.454831 0.496620 0.453297 0.494199 0.452253 0.490236 0.451974 0.488995
1 0.455458 0.497736 0.456784 0.499903 0.459120 0.501329 0.461380 0.501435 0.465919 0.500708 0.466927 0.500324 0.468151 0.498704 0.466651 0.498912 0.465010 0.499407 0.460479 0.499843 0.458594 0.499537 0.456576 0.497546
1 0.451823 0.493472 0.453857 0.496370 0.454831 0.496620 0.455833 0.496620 0.459086 0.494014 0.461943 0.490111 0.463268 0.487569 0.464372 0.486074 0.465010 0.486949 0.464211 0.488685 0.461849 0.492546 0.458945 0.495935 0.457586 0.497051 0.456576 0.497546 0.455458 0.497736 0.454482 0.497796 0.452682 0.496759 0.451451 0.494264
1 0.464654 0.484639 0.465945 0.481481 0.466872 0.477037 0.467841 0.478134 0.467250 0.481481 0.466307 0.484273 0.465750 0.485759
1 0.467279 0.475542 0.467346 0.472199 0.467000 0.469412 0.466826 0.465815 0.466057 0.464569 0.466630 0.463269 0.467557 0.463708 0.468219 0.464204 0.467836 0.466870 0.468047 0.468426 0.468427 0.468727 0.468568 0.473005 0.468669 0.475745 0.468172 0.476569
1 0.459516 0.495296 0.462943 0.496852 0.464646 0.497241 0.467380 0.496963 0.469490 0.496361 0.469698 0.497843 0.468151 0.498704 0.466651 0.498912 0.463958 0.498981 0.461052 0.497657 0.458945 0.495935
1 0.470583 0.496037 0.472875 0.494139 0.475974 0.490852 0.476104 0.489741 0.476651 0.487704 0.477005 0.488102 0.477250 0.489648 0.477042 0.490713 0.474984 0.494185 0.472823 0.496269 0.470740 0.497287
1 0.470336 0.494565 0.473073 0.488889 0.473594 0.486852 0.474193 0.487222 0.473776 0.490139 0.472422 0.493148 0.470583 0.496037
1 0.479430 0.489565 0.477201 0.491736 0.475945 0.492542 0.476083 0.494028 0.476432 0.494213 0.479604 0.491671 0.480234 0.490093
1 0.477370 0.495000 0.481070 0.494773 0.483370 0.493407 0.486299 0.491486 0.487102 0.491981 0.486612 0.493162 0.484172 0.494894 0.482370 0.495880 0.478490 0.496194 0.477687 0.495764
2 0.464953 0.467931 0.465917 0.467718 0.466911 0.467556 0.466826 0.465815 0.466057 0.464569 0.465380 0.465995
2 0.467836 0.466870 0.470492 0.467843 0.472922 0.469111 0.474578 0.466926 0.471107 0.463269 0.469453 0.461907 0.468122 0.461477 0.466630 0.463269 0.467557 0.463708 0.468219 0.464204
10 0.456885 0.469426 0.460310 0.471782 0.462161 0.470093 0.462161 0.470093 0.461393 0.467787 0.461393 0.467787 0.460974 0.466509 0.458604 0.467991
10 0.463281 0.467824 0.463273 0.468338 0.463031 0.469731 0.463773 0.471162 0.464169 0.467787
10 0.464953 0.467931 0.464857 0.468648 0.465096 0.470944 0.464815 0.472306 0.467279 0.475542 0.467346 0.472199 0.467000 0.469412 0.466911 0.467556 0.465917 0.467718
10 0.467836 0.466870 0.468047 0.468426 0.468427 0.468727 0.468568 0.473005 0.468669 0.475745 0.472922 0.469111 0.470492 0.467843
2 0.550208 0.547454 0.551573 0.542236 0.552742 0.540731 0.552984 0.538940 0.553154 0.536343 0.553354 0.535412 0.554799 0.534708 0.557461 0.534921 0.557583 0.537648 0.555284 0.543597 0.554516 0.544745 0.553516 0.550046
2 0.538940 0.543343 0.541940 0.546236 0.552831 0.552764 0.555169 0.553407 0.554927 0.556347 0.554646 0.557426 0.552146 0.557495 0.548393 0.555417 0.543794 0.553551 0.535867 0.546931 0.535956 0.545167 0.536651 0.541898
2 0.540297 0.557324 0.542943 0.559213 0.544063 0.559722 0.545729 0.556019 0.545495 0.554259 0.543794 0.553551 0.539661 0.550139
2 0.518758 0.565583 0.514201 0.565296 0.511094 0.565440 0.510932 0.563648 0.511820 0.560926 0.512828 0.560352 0.513312 0.558556 0.515651 0.558630 0.517911 0.559204 0.518596 0.558199 0.520776 0.559060 0.521096 0.561713 0.521096 0.563579 0.520250 0.564796
1 0.502370 0.502495 0.503646 0.505556 0.504297 0.507361 0.505289 0.507472 0.505940 0.507981 0.506771 0.508380 0.508229 0.508704 0.507396 0.510417 0.505469 0.510093 0.503490 0.508750 0.502578 0.506065 0.501536 0.502407
1 0.511068 0.527269 0.512005 0.526185 0.513753 0.524579 0.515651 0.522491 0.515953 0.523079 0.515893 0.525167 0.513604 0.527097 0.511646 0.528648
1 0.515953 0.523079 0.519214 0.525051 0.522107 0.525852 0.525000 0.525907 0.525841 0.524782 0.526565 0.523120 0.527258 0.518944 0.526987 0.515838 0.526294 0.513157 0.525451 0.510801 0.525661 0.509463 0.526747 0.510157 0.527620 0.512139 0.528102 0.514870 0.528193 0.520014 0.527344 0.524444 0.525885 0.527500 0.522828 0.528264 0.519997 0.527458 0.519484 0.527940 0.518461 0.527676 0.515893 0.525167
1 0.519667 0.503190 0.521490 0.503838 0.523703 0.505134 0.525943 0.507819 0.525865 0.508699 0.525552 0.509023 0.524536 0.508884 0.522349 0.506477 0.520604 0.505134 0.518599 0.504532
2 0.538940 0.543343 0.539680 0.541218 0.540245 0.539639 0.541617 0.539495 0.547057 0.545602 0.550208 0.547454 0.553516 0.550046 0.560339 0.552639 0.564766 0.554120 0.564964 0.557222 0.564932 0.560292 0.562068 0.559074 0.556341 0.557208 0.554846 0.556778 0.554927 0.556347 0.555169 0.553407 0.552831 0.552764 0.541940 0.546236
1 0.507914 0.512273 0.508773 0.515745 0.509375 0.517315 0.509922 0.517407 0.509711 0.512921 0.508982 0.511903 0.508721 0.510560 0.508229 0.511667
8 0.476094 0.603009 0.478591 0.598366 0.479737 0.597440 0.480180 0.596051 0.480729 0.593796 0.482706 0.589106 0.483383 0.588690 0.484268 0.589894 0.484294 0.591421 0.482029 0.596606 0.478799 0.603227 0.476745 0.606019
2 0.473724 0.573380 0.476607 0.572343 0.477201 0.571356 0.483299 0.568870 0.486961 0.568315 0.490307 0.566704 0.492224 0.564602 0.493096 0.564657 0.493375 0.567019 0.492888 0.568065 0.489297 0.569801 0.482289 0.571722 0.477547 0.573769 0.473932 0.575139
2 0.491130 0.547306 0.492203 0.550324 0.493258 0.550648 0.493674 0.549968 0.492630 0.546995 0.491479 0.544079 0.490234 0.543704 0.490539 0.545259
1 0.547609 0.573792 0.546828 0.572403 0.545396 0.569069 0.544484 0.567171 0.543677 0.566106 0.542766 0.565458 0.542375 0.565782 0.542323 0.566940 0.543469 0.567681 0.545135 0.571014 0.546672 0.574671 0.547687 0.575181 0.547531 0.574139
2 0.473602 0.570324 0.473724 0.573380 0.475224 0.572843
2 0.473602 0.576278 0.472065 0.576509 0.470242 0.575769 0.469487 0.571880 0.468888 0.568222 0.469409 0.564796 0.470034 0.564148 0.470768 0.564944 0.472669 0.568463 0.473062 0.570361 0.473245 0.574208
2 0.539505 0.608704 0.537701 0.604769 0.537016 0.601037 0.537578 0.598241 0.539635 0.596880 0.541854 0.596236 0.542865 0.598815 0.543792 0.606347 0.543589 0.607852 0.542865 0.608796
2 0.474948 0.585569 0.474083 0.586352 0.473107 0.587898 0.473281 0.590556 0.474427 0.597824 0.475581 0.600046 0.477109 0.599491 0.478591 0.598366 0.479737 0.597440 0.480180 0.596051 0.480729 0.593796 0.480812 0.592116 0.480393 0.589759 0.479398 0.588352 0.479948 0.589694 0.479503 0.592704 0.479219 0.595847 0.478568 0.595611 0.479036 0.590523 0.478880 0.589546 0.477656 0.588995 0.476458 0.588069 0.475833 0.587421
1 0.467031 0.559352 0.470258 0.561755 0.472216 0.564486 0.473510 0.567750 0.473602 0.570324 0.473724 0.573380 0.473932 0.575139 0.474656 0.576699 0.475018 0.577769 0.474987 0.580602 0.473781 0.581574 0.475500 0.582912 0.475885 0.584514 0.476328 0.586546 0.477708 0.586667 0.479398 0.588352 0.479948 0.589694 0.479503 0.592704 0.479219 0.595847 0.478568 0.595611 0.479036 0.590523 0.478880 0.589546 0.477656 0.588995 0.476458 0.588069 0.475833 0.587421 0.474948 0.585569 0.474557 0.583764 0.473802 0.583394 0.473151 0.583301 0.472057 0.583713 0.471458 0.581171 0.472734 0.580384 0.474010 0.578718 0.473245 0.574208 0.473062 0.570361 0.472669 0.568463 0.470768 0.564944 0.469443 0.563602 0.467724 0.562630
1 0.439951 0.426991 0.440289 0.428889 0.441409 0.429213 0.442607 0.429722 0.442893 0.428287 0.442112 0.427269
1 0.474984 0.494185 0.476802 0.496606 0.478789 0.498463 0.481771 0.499583 0.485273 0.499579 0.488935 0.498463 0.494198 0.494065 0.496430 0.491028 0.496883 0.489356 0.497477 0.490037 0.498104 0.489477 0.498451 0.488426 0.501451 0.485204 0.503333 0.483593 0.504552 0.483032 0.504552 0.481361 0.503018 0.482227 0.501206 0.483403 0.500729 0.484306 0.499479 0.485185 0.498104 0.486690 0.497859 0.487370 0.497440 0.486690 0.496255 0.487000 0.495034 0.489972 0.492003 0.493880 0.487995 0.496667 0.484716 0.497287 0.482276 0.497347 0.479557 0.496731 0.478490 0.496194 0.477687 0.495764 0.477370 0.495000 0.476432 0.494213 0.476083 0.494028 0.475721 0.492949
1 0.472943 0.538935 0.476938 0.533481 0.478240 0.531306 0.478214 0.529176 0.478047 0.526157 0.478755 0.527903 0.478760 0.527926 0.479172 0.531500 0.478651 0.532986 0.476391 0.536907 0.474594 0.539083
2 0.491758 0.535032 0.491641 0.533546 0.490268 0.532829 0.490187 0.529097 0.493052 0.529889 0.496641 0.530102 0.497167 0.529458 0.499143 0.530032 0.500190 0.537991 0.500021 0.538565 0.499010 0.537389 0.498034 0.536954 0.497651 0.537699 0.495453 0.536644 0.493221 0.537324 0.492036 0.537264
10 0.488432 0.475292 0.489370 0.474088 0.491010 0.472606 0.491927 0.472407 0.491641 0.473333 0.491406 0.474769 0.490885 0.475417 0.489344 0.475523
10 0.483854 0.505370 0.485573 0.505324 0.485729 0.505509 0.485417 0.507870 0.484271 0.509120 0.483875 0.508759 0.481797 0.506111 0.479141 0.503843
9 0.478180 0.518014 0.479479 0.520185 0.479948 0.521435 0.479974 0.523796 0.479375 0.525787 0.478047 0.526157
10 0.527872 0.486653 0.527586 0.483616 0.529745 0.481255 0.530909 0.480616 0.532862 0.480431 0.533206 0.481014
9 0.533073 0.551343 0.530365 0.549630 0.529036 0.547685 0.530026 0.545231 0.530911 0.542963 0.531589 0.542917 0.532388 0.543602 0.532719 0.544991 0.533141 0.545694
9 0.537760 0.567366 0.537266 0.566620 0.537247 0.564847 0.537849 0.563884 0.538784 0.564204 0.539417 0.564903 0.539477 0.566028 0.538844 0.567259
9 0.532451 0.565120 0.531786 0.564852 0.531305 0.563838 0.531365 0.561051 0.532120 0.560139 0.533052 0.560088 0.534089 0.561157 0.533927 0.563139 0.533385 0.564370
9 0.505289 0.507472 0.504586 0.506361 0.504586 0.504741 0.505107 0.503630 0.506305 0.503444 0.506878 0.504324 0.507112 0.506130 0.506591 0.507426 0.505940 0.507981
1 0.515651 0.522491 0.514091 0.521245 0.513036 0.520444 0.512523 0.521944 0.513219 0.523120 0.513247 0.524032 0.513753 0.524579
9 0.527846 0.507181 0.527727 0.505037 0.528448 0.504394 0.528961 0.504556 0.529505 0.506000 0.529385 0.508412 0.528599 0.508894 0.527917 0.508750
9 0.492078 0.519236 0.491635 0.519606 0.491583 0.521366 0.491714 0.522847 0.492651 0.523588 0.493458 0.523495 0.494083 0.522106 0.494031 0.521134 0.493875 0.520069 0.493005 0.519935
9 0.499185 0.518051 0.499185 0.519722 0.499568 0.522634 0.499951 0.524310 0.500893 0.524806 0.502320 0.523444 0.502448 0.519028 0.502112 0.518111
9 0.501411 0.513028 0.498656 0.513278 0.497820 0.514208 0.496461 0.514889 0.496495 0.515755 0.497682 0.516995 0.498482 0.517926 0.499185 0.518051 0.502112 0.518111 0.501979 0.517593
2 0.475443 0.538069 0.476391 0.536907 0.478651 0.532986 0.482625 0.536519 0.486250 0.537699 0.488516 0.539931 0.488237 0.541727 0.486599 0.541042 0.484018 0.540051 0.478406 0.539866 0.477464 0.538625 0.476104 0.538505
9 0.498906 0.527037 0.495901 0.527880 0.495177 0.526537 0.494273 0.526162 0.493458 0.523495 0.494083 0.522106 0.495208 0.521880 0.495839 0.522880 0.496685 0.523486 0.497258 0.524449 0.497831 0.523968 0.498698 0.523981
2 0.471849 0.536296 0.475034 0.533287 0.475651 0.531528 0.477500 0.532366 0.476938 0.533481 0.474297 0.537083
9 0.489745 0.614491 0.489260 0.613130 0.489664 0.611264 0.490510 0.611120 0.491680 0.611407 0.491680 0.612769 0.490349 0.615065
9 0.505474 0.601227 0.505635 0.600148 0.506646 0.598861 0.507773 0.599792 0.507854 0.601440 0.507169 0.602944 0.506323 0.603019 0.505516 0.602519
9 0.508339 0.626611 0.507896 0.624819 0.508784 0.624171 0.509831 0.623597 0.510234 0.625463 0.510154 0.627398 0.508984 0.628116
9 0.512789 0.551310 0.511982 0.550477 0.512034 0.548116 0.513128 0.547329 0.514352 0.548486 0.514508 0.549782 0.514404 0.550894 0.513701 0.551727
9 0.511982 0.550477 0.511432 0.551204 0.511354 0.552963 0.511406 0.554259 0.512057 0.554630 0.513151 0.554444 0.513724 0.553333 0.513701 0.551727 0.512789 0.551310
9 0.521789 0.542167 0.521138 0.541843 0.521138 0.540500 0.521563 0.539306 0.522622 0.539250 0.523482 0.539481 0.523586 0.540639 0.522987 0.542444
9 0.527727 0.545315 0.527987 0.543648 0.528846 0.542907 0.529628 0.542907 0.530070 0.543648 0.529888 0.544944 0.529393 0.546889 0.528872 0.547398 0.528273 0.547352
9 0.531068 0.538981 0.529549 0.538000 0.529549 0.537120 0.529576 0.536194 0.530487 0.534898 0.531398 0.535083 0.531737 0.535454 0.531997 0.538741
9 0.536417 0.590745 0.536073 0.589255 0.536385 0.587273 0.537466 0.586593 0.538755 0.586838 0.538927 0.589009 0.538687 0.591176 0.537638 0.591611
9 0.540461 0.585042 0.540396 0.583491 0.540708 0.581509 0.541544 0.581074 0.542732 0.581384 0.542904 0.583801 0.542625 0.585602 0.541406 0.585847
9 0.548518 0.591921 0.548344 0.590806 0.548901 0.588699 0.550331 0.588884 0.551198 0.590000 0.551237 0.592356 0.550401 0.593782 0.549458 0.593472
9 0.553224 0.596630 0.552979 0.594773 0.553086 0.593407 0.554201 0.592231 0.555242 0.592977 0.555766 0.594833 0.555352 0.596694 0.554339 0.597435
9 0.571031 0.598569 0.570797 0.596810 0.571526 0.595838 0.572891 0.595741 0.573698 0.596435 0.573766 0.597921 0.573557 0.600005 0.572776 0.600329 0.571995 0.599866
9 0.573870 0.594032 0.573974 0.595282 0.573271 0.596162 0.572891 0.595741 0.571526 0.595838 0.571318 0.593986 0.571656 0.592921 0.572760 0.592824 0.573583 0.593153
9 0.573870 0.594032 0.574714 0.594028 0.575651 0.595185 0.575703 0.596759 0.575104 0.597917 0.574401 0.597546 0.573698 0.596435 0.573271 0.596162 0.573271 0.596162 0.573974 0.595282
9 0.573885 0.587940 0.575156 0.587917 0.575755 0.589602 0.575568 0.591468 0.576089 0.592208 0.576177 0.593880 0.575599 0.593148 0.573411 0.591713 0.573555 0.590245 0.573555 0.590245 0.573615 0.588796
9 0.573615 0.588796 0.572969 0.587500 0.571745 0.587454 0.571068 0.588148 0.571094 0.589398 0.573411 0.591713 0.573555 0.590245
9 0.568021 0.586380 0.567841 0.585005 0.568206 0.583801 0.569247 0.583292 0.570289 0.583801 0.570602 0.585514 0.570393 0.586810 0.569638 0.588014
9 0.558958 0.578148 0.559688 0.577176 0.560807 0.577083 0.561362 0.577954 0.561396 0.579625 0.561302 0.580509 0.560755 0.580926 0.560117 0.580648
9 0.557667 0.571815 0.557214 0.571940 0.556719 0.573611 0.556849 0.576111 0.557630 0.577037 0.558776 0.577454 0.559297 0.576944 0.559583 0.575093
9 0.563221 0.575088 0.563352 0.573421 0.564133 0.572912 0.564914 0.573329 0.565513 0.574486 0.565070 0.576523 0.564706 0.577449 0.563820 0.577634 0.563143 0.576940
9 0.560956 0.574023 0.560956 0.573097 0.561893 0.572032 0.562935 0.572542 0.563352 0.573421 0.563221 0.575088 0.562935 0.576569 0.562102 0.576569 0.561581 0.576616 0.560930 0.575458
9 0.558482 0.571028 0.559419 0.570519 0.560253 0.570981 0.560773 0.573296 0.560383 0.574500 0.558776 0.571667
9 0.560253 0.570981 0.560339 0.570093 0.561198 0.569769 0.562057 0.569954 0.562630 0.571481 0.562526 0.572407 0.561893 0.572032 0.560956 0.573097 0.560773 0.573296
2 0.570026 0.568333 0.570667 0.575824 0.571344 0.581843 0.572437 0.583463 0.573479 0.583556 0.573974 0.582954 0.574156 0.581796 0.572620 0.573926 0.570979 0.568556
9 0.545396 0.569069 0.545859 0.567870 0.546979 0.567639 0.547891 0.568102 0.548385 0.570046 0.548125 0.571481 0.547448 0.572315 0.546828 0.572403
9 0.547891 0.568102 0.548021 0.566806 0.549271 0.566389 0.550182 0.566713 0.550755 0.567870 0.550703 0.568935 0.550391 0.570694 0.549948 0.571250 0.549245 0.571667 0.548672 0.571343 0.548385 0.570046
9 0.547219 0.561338 0.546359 0.561014 0.545813 0.560042 0.545891 0.558282 0.546281 0.557171 0.547245 0.556616 0.548417 0.557403 0.548859 0.559069 0.548469 0.560319 0.548234 0.561292
9 0.547870 0.557032 0.548052 0.556199 0.548393 0.555417 0.550370 0.556523 0.550266 0.557681 0.550109 0.559069 0.550057 0.559903 0.548651 0.559903 0.548859 0.559069 0.548417 0.557403
9 0.550057 0.559903 0.550469 0.561065 0.550417 0.562824 0.549635 0.562963 0.548594 0.562824 0.548229 0.561898 0.548234 0.561292 0.548469 0.560319 0.548651 0.559903
9 0.550057 0.559903 0.550807 0.560370 0.551745 0.560602 0.552240 0.559907 0.552214 0.558750 0.552146 0.557495 0.550370 0.556523 0.550266 0.557681 0.550109 0.559069
9 0.551745 0.560602 0.552344 0.561713 0.553359 0.562361 0.553865 0.561898 0.554531 0.560185 0.554167 0.559352 0.553437 0.558472 0.552214 0.558750 0.552240 0.559907
9 0.549198 0.562958 0.548755 0.564069 0.548781 0.565412 0.549271 0.566389 0.550182 0.566713 0.550812 0.566569 0.551229 0.565366 0.551125 0.563282 0.550417 0.562824 0.549635 0.562963
9 0.550469 0.561065 0.550807 0.560370 0.551745 0.560602 0.552344 0.561713 0.552292 0.562778 0.551589 0.563056 0.551125 0.563282 0.550417 0.562824
9 0.551229 0.565366 0.551510 0.566528 0.552188 0.566806 0.553177 0.565787 0.553797 0.564810 0.553672 0.563333 0.552995 0.562639 0.552292 0.562778 0.551589 0.563056 0.551125 0.563282
9 0.552188 0.566806 0.552318 0.567546 0.553385 0.569444 0.554401 0.569074 0.554609 0.568287 0.554562 0.566671 0.554063 0.565463 0.553516 0.565231 0.553177 0.565787
9 0.552188 0.566806 0.551536 0.566991 0.550755 0.567870 0.550703 0.568935 0.550391 0.570694 0.551120 0.571852 0.552188 0.572037 0.553073 0.570648 0.553385 0.569444 0.552318 0.567546
9 0.554846 0.556778 0.554646 0.557426 0.554646 0.557426 0.554635 0.558935 0.554714 0.559676 0.555190 0.560162 0.555964 0.560324 0.556979 0.559954 0.557396 0.559028 0.557109 0.557407 0.556341 0.557208
9 0.558099 0.557778 0.557396 0.559028 0.557344 0.560602 0.558229 0.561250 0.559297 0.561343 0.559870 0.560231 0.559792 0.558333
9 0.560909 0.558685 0.560128 0.560213 0.559818 0.562019 0.560703 0.562528 0.562055 0.562759 0.562732 0.561880 0.563122 0.559519 0.562068 0.559074
9 0.560365 0.568287 0.559297 0.566556 0.559036 0.564565 0.559320 0.562898 0.560703 0.562528 0.561745 0.562944 0.561951 0.564657 0.562005 0.565537 0.560547 0.565537 0.560362 0.566278
9 0.555622 0.546491 0.555023 0.546491 0.554346 0.545611 0.554516 0.544745 0.555284 0.543597 0.555909 0.543528 0.556534 0.544407 0.556742 0.545981 0.556560 0.546398
9 0.555023 0.546491 0.554557 0.547731 0.554375 0.548796 0.555417 0.550093 0.555938 0.548889 0.556875 0.548519 0.556875 0.547269 0.556560 0.546398 0.555622 0.546491
9 0.556875 0.548519 0.557917 0.548889 0.558125 0.550046 0.557500 0.551435 0.556510 0.551019 0.555703 0.550139 0.555938 0.548889
9 0.547862 0.546060 0.548018 0.545134 0.548357 0.544625 0.549372 0.544671 0.549659 0.545644 0.549711 0.546662 0.549424 0.547032
9 0.548357 0.544625 0.547734 0.544444 0.547578 0.543472 0.547682 0.542269 0.548047 0.541528 0.549245 0.541481 0.549948 0.542546 0.549922 0.544491 0.549372 0.544671
9 0.550289 0.538782 0.550521 0.540278 0.551406 0.541157 0.551573 0.542236 0.552742 0.540731 0.552984 0.538940 0.552448 0.537130 0.551458 0.538278
9 0.546065 0.541384 0.546013 0.540273 0.546612 0.538884 0.547237 0.538606 0.547862 0.538838 0.548096 0.540644 0.548047 0.541528 0.547682 0.542269 0.547628 0.542958 0.546898 0.542958 0.546146 0.542593
9 0.543253 0.541384 0.543487 0.540690 0.544477 0.540273 0.545544 0.541477 0.545622 0.542819 0.545206 0.543560
9 0.544190 0.540366 0.544242 0.538884 0.544763 0.538144 0.545935 0.538329 0.546352 0.539532 0.546013 0.540273 0.546065 0.541384 0.545596 0.541986 0.545544 0.541477 0.544477 0.540273
9 0.542628 0.536940 0.542081 0.536060 0.540779 0.536014 0.540102 0.536986 0.540128 0.538329 0.540245 0.539639 0.541617 0.539495 0.542107 0.540042 0.542497 0.538977
9 0.541195 0.535505 0.540232 0.534718 0.539919 0.533468 0.540232 0.531755 0.541039 0.531338 0.542133 0.531569 0.542654 0.532912 0.542471 0.535551
9 0.542396 0.531944 0.542211 0.531060 0.542706 0.529532 0.543643 0.529116 0.544659 0.529810 0.544581 0.531894 0.544138 0.533653 0.543148 0.533560 0.542654 0.532912
9 0.545469 0.535556 0.544737 0.534023 0.544633 0.532773 0.545154 0.531431 0.546430 0.531199 0.546951 0.532218 0.547003 0.533653 0.546458 0.535556
9 0.546458 0.535556 0.546146 0.536389 0.546172 0.537917 0.546612 0.538884 0.547237 0.538606 0.547862 0.538838 0.548359 0.538333 0.548568 0.536991 0.548125 0.535463 0.547526 0.535139
9 0.542628 0.536940 0.542471 0.535551 0.543359 0.535046 0.544661 0.535139 0.544974 0.536806 0.544763 0.538144 0.544242 0.538884 0.543464 0.539583 0.542497 0.538977
9 0.547966 0.524903 0.548331 0.524069 0.549346 0.523144 0.549945 0.524023 0.550180 0.525366 0.549893 0.526569
9 0.552159 0.526569 0.551898 0.525690 0.552263 0.524069 0.553409 0.523977 0.554138 0.524810 0.554008 0.526708 0.553721 0.527588 0.552523 0.527542
9 0.553799 0.529745 0.554583 0.528981 0.555677 0.529398 0.555938 0.530509 0.555625 0.533056 0.554766 0.533241 0.553984 0.533102 0.553477 0.532611
9 0.552810 0.534440 0.553279 0.533514 0.553984 0.533102 0.554766 0.533241 0.555336 0.533560 0.555336 0.534718 0.554799 0.534708 0.553354 0.535412
9 0.516734 0.550245 0.516026 0.551167 0.515263 0.551167 0.514854 0.551458 0.514310 0.552134 0.513724 0.553333 0.513151 0.554444 0.512057 0.554630 0.511310 0.557806 0.511339 0.558824 0.511448 0.560273 0.511820 0.560926 0.512828 0.560352 0.513312 0.558556 0.514117 0.556833 0.514609 0.557657 0.515263 0.557319 0.515479 0.556833 0.515453 0.556014 0.515154 0.554755 0.515073 0.554218 0.515073 0.553736 0.515888 0.553250 0.516570 0.553009 0.517060 0.552620 0.517333 0.552134 0.517359 0.551556 0.517359 0.550926 0.517307 0.550685
2 0.476083 0.574324 0.477229 0.576778 0.477802 0.577565 0.478974 0.577565 0.485198 0.573583 0.487854 0.571731 0.489297 0.569801 0.482289 0.571722 0.477547 0.573769
2 0.475224 0.572843 0.473602 0.570324 0.473557 0.569093 0.477151 0.567704 0.481734 0.564139 0.484547 0.561731 0.487099 0.558676 0.487820 0.558894 0.489755 0.560546 0.492370 0.561991 0.492781 0.561046 0.492656 0.557778 0.491198 0.556713 0.490078 0.554769 0.491344 0.552889 0.492099 0.551407 0.492646 0.551407 0.493154 0.552449 0.493745 0.562116 0.494104 0.565435 0.493948 0.566454 0.493375 0.567019 0.493096 0.564657 0.492224 0.564602 0.490307 0.566704 0.486961 0.568315 0.483299 0.568870 0.477201 0.571356 0.476607 0.572343
2 0.510958 0.536662 0.515396 0.536704 0.516094 0.536250 0.517995 0.538519 0.518359 0.539398 0.517865 0.540417 0.517995 0.541435 0.517312 0.542532 0.517109 0.543843 0.516651 0.544144 0.515130 0.543935 0.513198 0.543648 0.512919 0.542222 0.512674 0.541352 0.512047 0.540486 0.509294 0.542532 0.509328 0.544514 0.509190 0.545444 0.507794 0.546065 0.507133 0.546065 0.506924 0.545319 0.502880 0.552014 0.497302 0.559264 0.499846 0.561065 0.500612 0.561870 0.500786 0.562676 0.500544 0.563231 0.499706 0.563292 0.499638 0.562676 0.496953 0.562736 0.496917 0.562241 0.493745 0.562116 0.493154 0.552449 0.493258 0.550648 0.493674 0.549968 0.494234 0.547861 0.494617 0.546870 0.493466 0.546870 0.493536 0.545009 0.493990 0.544204 0.496638 0.543708 0.498766 0.541477 0.500021 0.538565 0.500190 0.537991 0.502253 0.537759 0.504867 0.539185 0.507156 0.539347 0.509711 0.538884
5 0.483000 0.637431 0.483307 0.638194 0.494326 0.641370 0.494878 0.643866 0.504661 0.646435 0.515839 0.649509 0.524820 0.652139 0.525695 0.651713 0.526096 0.650991 0.526378 0.649009 0.525750 0.644361 0.512969 0.640000 0.495312 0.635278 0.488724 0.633403 0.487698 0.633403 0.487102 0.634745 0.483971 0.635898
5 0.479505 0.416620 0.477852 0.426667 0.476805 0.433194 0.475997 0.434125 0.469461 0.433551 0.467807 0.441583 0.465781 0.447361 0.465990 0.449167 0.475885 0.449167 0.476805 0.450833 0.477812 0.451912 0.481250 0.445231 0.484089 0.427778 0.485755 0.419815 0.486797 0.413889 0.486849 0.411667 0.483802 0.416620 0.481909 0.417759
5 0.297013 0.203889 0.288721 0.187306 0.294810 0.183389 0.308674 0.177398 0.311911 0.175097 0.316057 0.171644 0.321370 0.171644 0.331484 0.192037 0.343005 0.212407 0.357388 0.241662 0.371185 0.271329 0.373984 0.280079 0.374555 0.283259 0.376224 0.285444 0.376458 0.288046 0.372870 0.284847 0.369734 0.282472 0.366146 0.278491 0.361979 0.280648 0.359266 0.284731 0.335143 0.254995 0.306938 0.217222
5 0.357547 0.158755 0.356435 0.154731 0.355596 0.153046 0.355523 0.149398 0.359219 0.149204 0.362883 0.148806 0.362883 0.147792 0.358784 0.143718 0.358755 0.142060 0.361227 0.140282 0.364388 0.132481 0.363685 0.130005 0.362427 0.128514 0.362516 0.125519 0.365508 0.125852 0.372786 0.132907 0.378664 0.138218 0.384917 0.144190 0.389536 0.148009 0.395753 0.153481 0.403409 0.161954 0.415229 0.173750 0.423760 0.180292 0.433701 0.189894 0.442901 0.199713 0.447419 0.204171 0.447044 0.206278 0.448794 0.213167 0.449609 0.219051 0.456609 0.225056 0.455227 0.227278 0.454115 0.228287 0.453177 0.229907 0.451172 0.228051 0.449734 0.227046 0.447943 0.231296 0.446706 0.239412 0.439331 0.231185 0.439766 0.240181 0.440266 0.249509 0.434219 0.242505 0.424984 0.232806 0.411701 0.218213 0.396148 0.201894 0.379083 0.182597 0.362451 0.164551
5 0.384917 0.144190 0.377315 0.135782 0.371388 0.129644 0.368401 0.126907 0.368401 0.125662 0.370081 0.123171 0.374234 0.120435 0.375401 0.119190 0.376521 0.112801 0.377409 0.110560 0.381047 0.102597 0.383055 0.102264 0.383570 0.102500 0.384411 0.103250 0.410234 0.129417 0.441930 0.159255 0.468906 0.185454 0.466456 0.189551 0.466456 0.189551 0.465057 0.192620 0.463003 0.198014 0.461883 0.200171 0.461229 0.200088 0.460622 0.199009 0.459596 0.200333 0.460016 0.202412 0.458661 0.206560 0.456328 0.208051 0.456281 0.209546 0.454010 0.212546 0.447419 0.204171 0.442901 0.199713 0.433701 0.189894 0.423760 0.180292 0.415229 0.173750 0.403409 0.161954 0.395753 0.153481 0.389536 0.148009
5 0.464870 0.234852 0.462633 0.232213 0.459487 0.232356 0.457607 0.233384 0.456609 0.233602 0.453638 0.235727 0.452146 0.237019 0.450979 0.238903 0.451461 0.240102 0.462190 0.251861 0.474815 0.265917 0.494823 0.288435 0.498818 0.293671 0.507609 0.302417 0.525440 0.323931 0.533424 0.333111 0.534596 0.334616 0.535724 0.338417 0.535951 0.339593 0.531870 0.341514 0.530984 0.342181 0.531474 0.344005 0.539958 0.353324 0.541630 0.352431 0.541044 0.350500 0.541044 0.345296 0.543135 0.343958 0.546984 0.349014 0.548823 0.347676 0.548992 0.343065 0.552003 0.347676 0.554094 0.347227 0.554010 0.342917 0.556518 0.331167 0.559279 0.325815 0.562307 0.327806 0.563315 0.327157 0.562786 0.326019 0.559375 0.322639 0.557318 0.320694 0.553078 0.316412 0.551865 0.314755 0.550130 0.314398 0.547383 0.311681 0.544583 0.314171 0.542344 0.311602 0.540198 0.310602 0.538469 0.311185 0.536695 0.311269 0.514576 0.287454 0.489557 0.260986
5 0.451461 0.240102 0.449839 0.242657 0.446706 0.239412 0.439331 0.231185 0.439766 0.240181 0.440266 0.249509 0.440211 0.252102 0.437727 0.253926 0.434974 0.255463 0.433948 0.257000 0.436797 0.259120 0.445964 0.269815 0.464237 0.290875 0.480622 0.308231 0.488049 0.313931 0.500633 0.331287 0.511859 0.346162 0.517961 0.354032 0.521133 0.351491 0.526328 0.345542 0.531870 0.341514 0.535951 0.339593 0.535724 0.338417 0.534596 0.334616 0.533424 0.333111 0.525440 0.323931 0.507609 0.302417 0.498818 0.293671 0.494823 0.288435 0.474815 0.265917 0.462190 0.251861
