0 0.423174 0.184241 0.421555 0.188019 0.421555 0.194500 0.424086 0.199181 0.427935 0.201704 0.428563 0.212306 0.414242 0.205806 0.411693 0.201269 0.409667 0.201505 0.406203 0.206509 0.399865 0.211731 0.396654 0.217653 0.391690 0.227431 0.389201 0.234972 0.388409 0.241435 0.388318 0.247861 0.393495 0.247519 0.397453 0.247019 0.403833 0.245412 0.402708 0.249352 0.397656 0.250185 0.392161 0.251435 0.388568 0.252037 0.389313 0.256954 0.390669 0.263491 0.391964 0.267199 0.395469 0.265792 0.399823 0.263093 0.398294 0.270509 0.397737 0.279370 0.398133 0.288296 0.399732 0.296023 0.402354 0.303690 0.406102 0.309435 0.407833 0.312042 0.409706 0.317569 0.416076 0.321153 0.417839 0.297514 0.417615 0.292079 0.415346 0.282769 0.415227 0.279694 0.415823 0.275028 0.423701 0.249861 0.427612 0.252167 0.432987 0.254218 0.433779 0.274005 0.434112 0.277819 0.434073 0.281477 0.433383 0.284157 0.432258 0.287111 0.426547 0.296329 0.425667 0.299009 0.426305 0.306301 0.427914 0.311523 0.430253 0.319588 0.434315 0.327366 0.451055 0.324519 0.451935 0.320759 0.452674 0.317194 0.452706 0.312782 0.453039 0.308065 0.453435 0.303185 0.453544 0.298199 0.453951 0.295157 0.455044 0.292690 0.455549 0.290352 0.453799 0.287361 0.449576 0.283023 0.448107 0.279782 0.447349 0.274523 0.446214 0.250403 0.450852 0.247231 0.452997 0.245218 0.454974 0.245088 0.459966 0.258051 0.463875 0.268458 0.463693 0.274560 0.463135 0.282356 0.462508 0.289935 0.462427 0.302537 0.463987 0.304949 0.465839 0.309000 0.468370 0.305921 0.471034 0.302250 0.473859 0.296023 0.477768 0.286282 0.479177 0.278847 0.479742 0.272509 0.479917 0.265486 0.479177 0.257352 0.478560 0.251407 0.476867 0.243074 0.475451 0.233926 0.474922 0.225667 0.469891 0.205824 0.463247 0.198694 0.457120 0.199722 0.445667 0.208616 0.445484 0.198750 0.447995 0.194213 0.449628 0.191241 0.449779 0.187083 0.447044 0.180565
5 0.574750 0.596523 0.572536 0.594347 0.571214 0.594278 0.569505 0.594398 0.561484 0.605139 0.565833 0.609074 0.567820 0.611833 0.569174 0.614042 0.573161 0.620171 0.578526 0.631644 0.588247 0.619384 0.585021 0.611565 0.581953 0.606046 0.578323 0.600810
5 0.568422 0.589486 0.569062 0.587454 0.569635 0.587361 0.570521 0.589167 0.572135 0.588981 0.572846 0.587727 0.574643 0.590088 0.575711 0.592032 0.575000 0.593194 0.573594 0.594213 0.573109 0.593282 0.570844 0.590736
5 0.572990 0.584144 0.575154 0.582741 0.573333 0.574278 0.575495 0.575741 0.579635 0.575833 0.583828 0.576667 0.583177 0.579398 0.582396 0.578704 0.581510 0.579074 0.580937 0.580231 0.581224 0.581343 0.580573 0.581528 0.580156 0.582546 0.580182 0.583750 0.580620 0.584245 0.579479 0.584630 0.579292 0.585866 0.579323 0.587269 0.579161 0.587583 0.577674 0.589194 0.577344 0.590787 0.576388 0.591384 0.575294 0.588884 0.573159 0.585829
5 0.583828 0.576667 0.589505 0.578148 0.593620 0.577407 0.596042 0.594167 0.598151 0.621296 0.597708 0.624120 0.598229 0.626296 0.598828 0.627454 0.599870 0.627500 0.602240 0.635463 0.601719 0.638102 0.600417 0.636389 0.599375 0.634583 0.597995 0.634676 0.592786 0.639352 0.592708 0.642130 0.594323 0.645185 0.590706 0.648491 0.588336 0.645574 0.585992 0.643491 0.582086 0.641778 0.578674 0.642194 0.577422 0.639861 0.577813 0.631389 0.576901 0.629861 0.576120 0.627917 0.575000 0.626620 0.573724 0.625972 0.571536 0.627639 0.570703 0.630787 0.570547 0.633796 0.570885 0.637824 0.572578 0.639630 0.569724 0.643889 0.569698 0.641019 0.569385 0.638519 0.568552 0.635370 0.567120 0.631806 0.565937 0.630417 0.566146 0.628472 0.568750 0.630843 0.573841 0.621630 0.578526 0.631644 0.588247 0.619384 0.585021 0.611565 0.581953 0.606046 0.578323 0.600810 0.574750 0.596523 0.573594 0.594213 0.575000 0.593194 0.575711 0.592032 0.575971 0.596060 0.577247 0.598375 0.576857 0.594255 0.576388 0.591384 0.577344 0.590787 0.576997 0.592296 0.577596 0.593176 0.578177 0.592870 0.577716 0.595921 0.578081 0.596940 0.577768 0.598514 0.577768 0.599579 0.581258 0.603838 0.581544 0.599208 0.582742 0.597727 0.582716 0.593792 0.582091 0.592727 0.583419 0.590644 0.583445 0.579625 0.583177 0.579398
5 0.555159 0.524139 0.551966 0.523602 0.546995 0.520227 0.544823 0.520338 0.543182 0.523255 0.541516 0.537653 0.539302 0.553347 0.538469 0.555014 0.540594 0.561384 0.542648 0.562880 0.545635 0.565449 0.561737 0.570509 0.567242 0.572667 0.571448 0.573440 0.570701 0.568713 0.569440 0.557676 0.569161 0.552199 0.569581 0.529796 0.571560 0.529722 0.570859 0.545819 0.570766 0.554699 0.573333 0.574278 0.575495 0.575741 0.579635 0.575833 0.583828 0.576667 0.589505 0.578148 0.593620 0.577407 0.590253 0.555495 0.585216 0.528356 0.569070 0.527199 0.565164 0.526602 0.560737 0.525944 0.568844 0.537347 0.566383 0.540144 0.565844 0.540310 0.563135 0.550597 0.560943 0.558398 0.558422 0.558315 0.557208 0.555907 0.558516 0.552505 0.562016 0.537903 0.559326 0.532829 0.558195 0.532042 0.557490 0.529722 0.557021 0.531852 0.556188 0.533750 0.554469 0.533843 0.553583 0.532315 0.553948 0.529444 0.554703 0.526898 0.555641 0.525648
5 0.540594 0.561384 0.542648 0.562880 0.545635 0.565449 0.561737 0.570509 0.567242 0.572667 0.571448 0.573440 0.572990 0.584144 0.573159 0.585829 0.572846 0.587727 0.572135 0.588981 0.570521 0.589167 0.569635 0.587361 0.569062 0.587454 0.568422 0.589486 0.564724 0.589097 0.563135 0.587685 0.556836 0.589097 0.552635 0.589431 0.548948 0.589514 0.546661 0.591088 0.544422 0.592583 0.541667 0.592333 0.540359 0.590426 0.538633 0.589431 0.533266 0.588019 0.533714 0.585657 0.542799 0.579810 0.542945 0.568630
5 0.533266 0.588019 0.538633 0.589431 0.540359 0.590426 0.541667 0.592333 0.544422 0.592583 0.546661 0.591088 0.548948 0.589514 0.552635 0.589431 0.556836 0.589097 0.563135 0.587685 0.564724 0.589097 0.568422 0.589486 0.566312 0.590273 0.561094 0.591574 0.556484 0.592176 0.553177 0.593056 0.551823 0.592824 0.551112 0.592444 0.549909 0.591602 0.548411 0.593519 0.546328 0.594213 0.544240 0.594269 0.542339 0.593713 0.538195 0.592051 0.534396 0.590875 0.532896 0.589884
5 0.530315 0.586968 0.532109 0.586407 0.532109 0.586407 0.531729 0.589486 0.530177 0.589759
5 0.522508 0.565958 0.522995 0.576556 0.523971 0.585917 0.528328 0.586847 0.523247 0.566000
5 0.544240 0.594269 0.544734 0.598713 0.546714 0.602833 0.549552 0.606352 0.551974 0.607972 0.551878 0.604440 0.550349 0.600292 0.549839 0.595491 0.549909 0.591602 0.548411 0.593519 0.546328 0.594213
5 0.551112 0.592444 0.551154 0.596787 0.552133 0.601588 0.553714 0.596069 0.554391 0.595144 0.552828 0.594218 0.553177 0.593056 0.551823 0.592824
5 0.554141 0.592824 0.555172 0.593847 0.556474 0.592134
5 0.467833 0.525310 0.469323 0.534120 0.470521 0.539815 0.475156 0.550093 0.471016 0.528009 0.469792 0.522792
5 0.468247 0.534060 0.469323 0.534120 0.470521 0.539815
5 0.471016 0.528009 0.472318 0.527917 0.473411 0.532685 0.475937 0.543148 0.477760 0.553380 0.479453 0.561296 0.479766 0.566806 0.480885 0.569907 0.481458 0.573287 0.491771 0.618148 0.496016 0.638194 0.493474 0.639241 0.476354 0.553380 0.475156 0.550093
5 0.493878 0.642037 0.500266 0.674667 0.503612 0.676278 0.496326 0.641199
5 0.473987 0.535153 0.485677 0.537218 0.486484 0.537083 0.491422 0.538218 0.499854 0.559306 0.505711 0.586144 0.505349 0.587986 0.505646 0.594815 0.506320 0.597213 0.505771 0.599616 0.508052 0.601940 0.509487 0.604569 0.510331 0.607944 0.513057 0.619968 0.514380 0.625907 0.515005 0.627389 0.517034 0.636949 0.516396 0.640037 0.516273 0.643588 0.515388 0.643912 0.514841 0.645486 0.514919 0.647662 0.515701 0.648727 0.516977 0.648403 0.517961 0.651759 0.520156 0.657838 0.522578 0.661259 0.526901 0.679444 0.523151 0.678333 0.521458 0.688662 0.503612 0.676278 0.496326 0.641199 0.506583 0.637588 0.506544 0.634005 0.496016 0.638194 0.491771 0.618148 0.481458 0.573287 0.480885 0.569907 0.479766 0.566806 0.479453 0.561296 0.477760 0.553380 0.475937 0.543148
5 0.499854 0.559306 0.503573 0.568745 0.507352 0.577866 0.506573 0.581157 0.505711 0.586144
5 0.508005 0.580338 0.506995 0.584306 0.506701 0.589634 0.507039 0.594889 0.508094 0.597588 0.509992 0.593389 0.511490 0.595213
5 0.510331 0.607944 0.513057 0.619968 0.514380 0.625907 0.514484 0.624287 0.515083 0.622852 0.516203 0.622852 0.516464 0.624750 0.516464 0.626370 0.515734 0.627759 0.515005 0.627389 0.517034 0.636949 0.517326 0.635699 0.519474 0.631616 0.512188 0.598241 0.510922 0.597213 0.509570 0.600968 0.510669 0.603593 0.511638 0.607644
5 0.521458 0.688662 0.523151 0.678333 0.526901 0.679444 0.527961 0.680329 0.529367 0.680792 0.531659 0.681394 0.533091 0.681671 0.536000 0.682588 0.539727 0.684565 0.543258 0.681889 0.542708 0.687037 0.531797 0.692963 0.528411 0.689861
5 0.548240 0.627083 0.545974 0.629259 0.543995 0.632130 0.542719 0.635509 0.553000 0.634120 0.559245 0.643981 0.561096 0.644343 0.561536 0.638148 0.554089 0.633472 0.547422 0.629630
5 0.550635 0.626250 0.554932 0.625648 0.557458 0.626111 0.560128 0.627014 0.559604 0.628005 0.559464 0.630486
5 0.565531 0.632361 0.567094 0.634630 0.567849 0.636944 0.568448 0.640463 0.568526 0.645278 0.568151 0.645838 0.565339 0.645231
5 0.560547 0.645972 0.564047 0.651556 0.565286 0.649727 0.562604 0.648338 0.561875 0.646208
5 0.476581 0.434204 0.474159 0.442694 0.471078 0.449486 0.470599 0.450880 0.470599 0.452315 0.471758 0.454917 0.473383 0.456472 0.474818 0.457806 0.474919 0.460102 0.474841 0.461676 0.475026 0.469185 0.475052 0.471176 0.475729 0.480231 0.478021 0.479120 0.480234 0.479213 0.482630 0.480880 0.486354 0.482685 0.485729 0.484306 0.483021 0.482407 0.480260 0.480648 0.478490 0.480278 0.475818 0.481463 0.476354 0.482593 0.477380 0.484463 0.480068 0.484796 0.481005 0.485574 0.497125 0.483907
5 0.470823 0.433972 0.468141 0.434398 0.465279 0.435472 0.462477 0.437130 0.458078 0.439861 0.462115 0.436125 0.461646 0.434921 0.468516 0.429958 0.469766 0.429125 0.472156 0.427764
5 0.480729 0.519366 0.478380 0.518935 0.476060 0.518935 0.473258 0.519903 0.472448 0.520417 0.473151 0.524398 0.473542 0.528519 0.473490 0.529764 0.474841 0.532037 0.476250 0.532454 0.478047 0.529074 0.479948 0.524167
5 0.480000 0.524120 0.489010 0.537639 0.491422 0.538218 0.486456 0.528426 0.486516 0.525685 0.484888 0.522685 0.482719 0.520810 0.480729 0.519366
5 0.477380 0.484463 0.480068 0.484796 0.481005 0.485574 0.497125 0.483907 0.497836 0.485736 0.509458 0.514792 0.502805 0.518458 0.500073 0.517060 0.500490 0.514653 0.499812 0.510949 0.497234 0.511551 0.497625 0.517292 0.492362 0.517255 0.492622 0.519292 0.493609 0.520218 0.495643 0.519384 0.499523 0.519940 0.487630 0.525153 0.486484 0.522634 0.484677 0.520171 0.482388 0.518454 0.480964 0.517917 0.483932 0.509074 0.484297 0.503611 0.483828 0.499954 0.482396 0.496481 0.481120 0.494676 0.483510 0.491620 0.482885 0.490648 0.480313 0.493611 0.478464 0.491759 0.476224 0.490278 0.475260 0.489769 0.473724 0.486250 0.476198 0.484306
5 0.495747 0.356148 0.504521 0.352662 0.515531 0.399093 0.508437 0.399343 0.505917 0.398264 0.504336 0.400204 0.500078 0.381111 0.502672 0.381866 0.502701 0.377903 0.501708 0.375440 0.498932 0.375741 0.494721 0.358306
5 0.506872 0.460083 0.508409 0.460500 0.511615 0.460546 0.511000 0.461148 0.514737 0.466292 0.514271 0.469537 0.512370 0.472824
5 0.523695 0.498343 0.531021 0.515019 0.531518 0.512519 0.533417 0.509000 0.534747 0.509509 0.535659 0.511593 0.535995 0.514370 0.537846 0.513167 0.537560 0.511639 0.537872 0.510111 0.538654 0.509602 0.539643 0.509741 0.540008 0.511130 0.539956 0.512935 0.541615 0.512917 0.543958 0.513565 0.545424 0.514792 0.546227 0.512505 0.547307 0.512009 0.549714 0.508657 0.545529 0.500847 0.543344 0.492847 0.541495 0.489565 0.540427 0.488958 0.538448 0.488542 0.537831 0.489625 0.534185 0.494560 0.532617 0.494250 0.532302 0.493199 0.529375 0.492454 0.528573 0.493444 0.527633 0.493199 0.526865 0.491153 0.526094 0.491065 0.524917 0.492824
5 0.516198 0.469583 0.515469 0.472685 0.515365 0.476852 0.514505 0.477315 0.519234 0.488435 0.522685 0.496296 0.523172 0.493009 0.524602 0.489417 0.525823 0.487931 0.527253 0.489231 0.526094 0.491065 0.526865 0.491153 0.527633 0.493199 0.528573 0.493444 0.529375 0.492454 0.532302 0.493199 0.532617 0.494250 0.534185 0.494560 0.537831 0.489625 0.534456 0.490162 0.532258 0.489306 0.529818 0.488662 0.527859 0.487431 0.525990 0.485231 0.522104 0.484912 0.518276 0.484000 0.518125 0.481431 0.520747 0.481699 0.522042 0.482500 0.522826 0.481750 0.524724 0.482019 0.526081 0.482074 0.528401 0.485343 0.531865 0.487856 0.535633 0.488338 0.538448 0.488542 0.538943 0.487204 0.536823 0.487639 0.532995 0.486991 0.529089 0.485231 0.526328 0.481759 0.525180 0.478769 0.524758 0.477000 0.520870 0.477162 0.519154 0.475769 0.518219 0.473356 0.517948 0.470787 0.518401 0.467574 0.517487 0.466606 0.516875 0.467546
5 0.548237 0.486486 0.550659 0.485977 0.551927 0.485185 0.554063 0.485463 0.554714 0.485694 0.555521 0.488009 0.556477 0.487764 0.558404 0.487255 0.559375 0.486204 0.560747 0.486255 0.562120 0.495588 0.558594 0.496981 0.555370 0.502125 0.552870 0.506296 0.548878 0.495968 0.553214 0.497060 0.553109 0.496412 0.548214 0.494426 0.545521 0.486898 0.547448 0.486111
5 0.546438 0.515231 0.546750 0.513370 0.547901 0.513125 0.547326 0.514120 0.547057 0.515324
5 0.546438 0.515231 0.547057 0.515324 0.546724 0.516958 0.546995 0.520227 0.544823 0.520338 0.542948 0.519319 0.545112 0.517398
5 0.465495 0.419444 0.467552 0.423056 0.468359 0.426667 0.469766 0.429125 0.472156 0.427764 0.469479 0.419769
5 0.480000 0.524074 0.478698 0.527454 0.479167 0.531065 0.480469 0.533611 0.483279 0.533611 0.485990 0.535366 0.486484 0.537083 0.489010 0.537639
5 0.480833 0.535046 0.484477 0.535597 0.485677 0.537218 0.481536 0.536528
5 0.473411 0.532685 0.473987 0.535153 0.474687 0.534537 0.475052 0.533287
5 0.551878 0.604440 0.554542 0.608981 0.557534 0.612093 0.560596 0.613718 0.563589 0.614171 0.569146 0.614005 0.570911 0.616574 0.567370 0.623380 0.566562 0.625231 0.562396 0.624167 0.559193 0.621991 0.556016 0.618981 0.554167 0.615880 0.552891 0.612870 0.552391 0.610889 0.551974 0.607972
5 0.526836 0.689574 0.526940 0.692352 0.521458 0.688662
5 0.522578 0.661259 0.526310 0.666778 0.527240 0.666778 0.528802 0.669819 0.528430 0.670884 0.527909 0.674264 0.527648 0.677134 0.527961 0.680329 0.526901 0.679444
5 0.529349 0.673750 0.531164 0.681287 0.529367 0.680792 0.529263 0.675977
2 0.563917 0.627917 0.565937 0.630417 0.566146 0.628472 0.565284 0.627815
2 0.562016 0.537903 0.558516 0.552505 0.557208 0.555907 0.558422 0.558315 0.560943 0.558398 0.563135 0.550597 0.565844 0.540310 0.563560 0.540861
1 0.525823 0.487931 0.524602 0.489417 0.523172 0.493009 0.522685 0.496296 0.523695 0.498343 0.524917 0.492824 0.527253 0.489231
10 0.438492 0.440417 0.443398 0.435301 0.450977 0.447940 0.452148 0.446736 0.452625 0.449986 0.451638 0.450287 0.446370 0.446477
1 0.498833 0.569787 0.499995 0.575519 0.500672 0.584963 0.501297 0.585426 0.501479 0.586861 0.500781 0.587639 0.501479 0.598065 0.503010 0.597778 0.502083 0.586523 0.501281 0.576843 0.500057 0.568139 0.498958 0.568361
9 0.501745 0.582685 0.502286 0.581676 0.503276 0.582046 0.503823 0.585796 0.502938 0.586861 0.502083 0.586523
9 0.499786 0.587185 0.500151 0.585796 0.500672 0.584963 0.501297 0.585426 0.501479 0.586861 0.500490 0.587880
1 0.518049 0.625162 0.521070 0.626782 0.523570 0.627384 0.524135 0.629218 0.521305 0.628819 0.518724 0.627963
1 0.526836 0.689574 0.526940 0.692352 0.527422 0.693426 0.529427 0.692315 0.529323 0.690648 0.528411 0.689861
2 0.532552 0.669444 0.535729 0.666481 0.536000 0.668407 0.536034 0.669681 0.536034 0.669681 0.534758 0.670699 0.533768 0.673616 0.532258 0.676856 0.531875 0.673241
2 0.535956 0.671903 0.535201 0.672551 0.534089 0.676481 0.535990 0.675972
2 0.467552 0.475093 0.471198 0.473981 0.471615 0.481204 0.470000 0.481759 0.468133 0.477556 0.467273 0.477139 0.466727 0.475102
1 0.464768 0.463940 0.464740 0.468472 0.465156 0.472361 0.465815 0.475657 0.466154 0.476583 0.467273 0.477139 0.466727 0.475102 0.465911 0.471898 0.465625 0.466204 0.466042 0.460926 0.467135 0.457176 0.468516 0.454583 0.470599 0.452315 0.470599 0.450880 0.469219 0.451574 0.467526 0.453565 0.466250 0.455972 0.465026 0.460324
9 0.530339 0.512287 0.530078 0.510806 0.530599 0.509046 0.531354 0.508306 0.532266 0.509093 0.532500 0.510528 0.531354 0.512287
2 0.565284 0.627815 0.568750 0.630843 0.573841 0.621630 0.573161 0.620171 0.570911 0.616574 0.567422 0.623333 0.566562 0.625231
2 0.475964 0.394583 0.472156 0.427764 0.469273 0.441481 0.468932 0.447556 0.472693 0.450944 0.474159 0.442694 0.476943 0.432796 0.479383 0.400153
2 0.493474 0.639241 0.506544 0.634005 0.506583 0.637588 0.493878 0.642037
13 0.378526 0.315981 0.400122 0.369468 0.400318 0.358653 0.401430 0.345287 0.403323 0.330065 0.405289 0.322032 0.408359 0.313319 0.407833 0.312042 0.404435 0.314019 0.395477 0.316454 0.389857 0.316926 0.379396 0.313671
1 0.412805 0.401620 0.414026 0.404139 0.415052 0.401620 0.416711 0.399361 0.419445 0.397801 0.422865 0.397542 0.422669 0.395106 0.420227 0.395106 0.416857 0.396843 0.414758 0.399102
13 0.400927 0.372083 0.412805 0.401620 0.414758 0.399102 0.416857 0.396843 0.420227 0.395106 0.422669 0.395106 0.422464 0.377903 0.421878 0.364532 0.419779 0.364356 0.418167 0.371389 0.416555 0.377727 0.414701 0.380764 0.412990 0.379116 0.406935 0.374514
10 0.414026 0.404139 0.415052 0.401620 0.416711 0.399361 0.419445 0.397801 0.422865 0.397542 0.423081 0.413611 0.420529 0.420227
1 0.477695 0.362343 0.474529 0.365958 0.472833 0.372787 0.472044 0.380023 0.473740 0.387958 0.477354 0.393782 0.481367 0.399009 0.484305 0.402926 0.487753 0.407444 0.489674 0.410056 0.493234 0.411866 0.496341 0.409958 0.499674 0.404431 0.503630 0.401019 0.502219 0.400014 0.499505 0.401819 0.497133 0.401620 0.498318 0.394185 0.498318 0.386852 0.497698 0.380523 0.496284 0.373491 0.493969 0.367366 0.491763 0.363750 0.489221 0.362241 0.486904 0.360130 0.483797 0.359731 0.479729 0.360833
2 0.463875 0.268458 0.463693 0.274560 0.463135 0.282356 0.462508 0.289935 0.460750 0.298755 0.460357 0.305028 0.460096 0.319676 0.461794 0.333273 0.465000 0.360588 0.463169 0.363028 0.465654 0.385926 0.464346 0.385694 0.463625 0.379648 0.456958 0.363259 0.456826 0.353032 0.454865 0.339667 0.453753 0.331995 0.453034 0.323977 0.452674 0.317194 0.452706 0.312782 0.453039 0.308065 0.453435 0.303185 0.453544 0.298199 0.453951 0.295157 0.455044 0.292690 0.455549 0.290352 0.456893 0.286782 0.458721 0.279111 0.460357 0.273532 0.462841 0.265745
1 0.464297 0.354583 0.466070 0.352644 0.468815 0.350167 0.472276 0.347093 0.475948 0.345815 0.479747 0.346565 0.483883 0.348894 0.487005 0.353694 0.488484 0.358120 0.488651 0.361648 0.487555 0.360671 0.487005 0.356773 0.485823 0.353694 0.483883 0.351519 0.481729 0.349866 0.478438 0.348593 0.475146 0.349042 0.472190 0.350468 0.468560 0.353245 0.464552 0.357069
1 0.458492 0.366940 0.457872 0.369991 0.457544 0.374333 0.457216 0.379199 0.458383 0.381986 0.458346 0.376736 0.458784 0.372194 0.459370 0.369148
1 0.460776 0.388648 0.461578 0.390204 0.464242 0.390269 0.466724 0.389037 0.469276 0.387093 0.472451 0.382292 0.472044 0.380023 0.470445 0.382745 0.468000 0.386185 0.464352 0.387935
1 0.522909 0.564347 0.519742 0.564421 0.517083 0.565250 0.513664 0.567347 0.510289 0.572153 0.507672 0.576579 0.506573 0.581157 0.505349 0.587986 0.505646 0.594815 0.506320 0.597213 0.505771 0.599616 0.508052 0.601940 0.509487 0.604569 0.510331 0.607944 0.511638 0.607644 0.510669 0.603593 0.509570 0.600968 0.510922 0.597213 0.514130 0.600065 0.517294 0.600968 0.520375 0.601116 0.523161 0.600065 0.525990 0.598565 0.529917 0.595190 0.532531 0.591662 0.533714 0.585657 0.532109 0.586407 0.531729 0.589486 0.529409 0.593537 0.525357 0.597366 0.521052 0.598866 0.517380 0.598940 0.515227 0.598116 0.512315 0.596162 0.509992 0.593389 0.508094 0.597588 0.507039 0.594889 0.506701 0.589634 0.506995 0.584306 0.508516 0.578454 0.511047 0.573727 0.513833 0.569523 0.515987 0.567949 0.518729 0.566000 0.523247 0.566000
1 0.529529 0.631681 0.530313 0.641208 0.535151 0.662130 0.536000 0.668407 0.536000 0.682588 0.539727 0.684565 0.543258 0.681889 0.543388 0.675731 0.564047 0.651556 0.553000 0.634120 0.540969 0.635745
1 0.549909 0.591602 0.549839 0.595491 0.550349 0.600292 0.551878 0.604440 0.554542 0.608981 0.557534 0.612093 0.560596 0.613718 0.563589 0.614171 0.569174 0.614042 0.567820 0.611833 0.564646 0.612093 0.560893 0.611769 0.557133 0.608981 0.554034 0.605676 0.552133 0.601588 0.551154 0.596787 0.551112 0.592444
9 0.585456 0.604903 0.586299 0.610667 0.590607 0.608486 0.589490 0.602236
9 0.587227 0.596713 0.586982 0.598069 0.587227 0.600444 0.588479 0.601125 0.589297 0.599866 0.589216 0.597588 0.588672 0.596134
9 0.589789 0.594000 0.589490 0.595213 0.589760 0.597250 0.590169 0.597977 0.591451 0.598069 0.592133 0.596958 0.592159 0.594778 0.591531 0.593662 0.590742 0.593662
9 0.577674 0.589194 0.576997 0.592296 0.577596 0.593176 0.580565 0.591231 0.580826 0.588454
1 0.542339 0.593713 0.542859 0.597602 0.544370 0.601769 0.546583 0.605472 0.548641 0.608204 0.552391 0.610889 0.551974 0.607972 0.549552 0.606352 0.546714 0.602833 0.544734 0.598713 0.544240 0.594269
2 0.527089 0.656773 0.527263 0.663037 0.531865 0.662537 0.531654 0.656218
9 0.522122 0.671370 0.523008 0.671093 0.523604 0.672250 0.523789 0.674889 0.523448 0.675769 0.522331 0.676185 0.521732 0.673685
9 0.516273 0.643588 0.515388 0.643912 0.514841 0.645486 0.514919 0.647662 0.515701 0.648727 0.516977 0.648403 0.516586 0.645949
9 0.516464 0.626370 0.516464 0.624750 0.516203 0.622852 0.515083 0.622852 0.514484 0.624287 0.514380 0.625907 0.515005 0.627389 0.515734 0.627759
9 0.514719 0.616602 0.514042 0.616694 0.513469 0.617620 0.513286 0.619565 0.513885 0.621231 0.514771 0.621185 0.515370 0.620398
1 0.521344 0.614963 0.521411 0.617630 0.522008 0.621843 0.523156 0.626181 0.524135 0.629218 0.525281 0.631264 0.526919 0.631204 0.525247 0.628537 0.523573 0.624259 0.522672 0.619056 0.522500 0.617731
1 0.534792 0.660602 0.533352 0.661764 0.531268 0.663940 0.529549 0.667690 0.528430 0.670884 0.527909 0.674264 0.527648 0.677134 0.527961 0.680329 0.529367 0.680792 0.529263 0.675977 0.529549 0.671116 0.530695 0.667181 0.532284 0.664264 0.535151 0.662130
1 0.536034 0.669681 0.534758 0.670699 0.533768 0.673616 0.532258 0.676856 0.531659 0.681394 0.533091 0.681671 0.533768 0.677597 0.535201 0.672551 0.535956 0.671903
1 0.465935 0.528472 0.466659 0.529866 0.467833 0.525310 0.469792 0.522792 0.471208 0.521241 0.473258 0.519903 0.476060 0.518935 0.478380 0.518935 0.480729 0.519366 0.482719 0.520810 0.484888 0.522685 0.486516 0.525685 0.487630 0.525153 0.486484 0.522634 0.484677 0.520171 0.482388 0.518454 0.479133 0.517329 0.475216 0.517222 0.472685 0.518403 0.470094 0.520759 0.467622 0.523810 0.466568 0.526060
2 0.446107 0.480426 0.448818 0.486801 0.462167 0.483912 0.462086 0.483079 0.460266 0.479181 0.460690 0.476944
1 0.461563 0.413153 0.463125 0.419125 0.463828 0.421208 0.468516 0.429958 0.469766 0.429125 0.464297 0.419403 0.462344 0.412273
1 0.437320 0.439588 0.457354 0.418347 0.459404 0.416685 0.462596 0.417005 0.463125 0.419125 0.458862 0.419097 0.438492 0.440417
1 0.464297 0.419403 0.469479 0.419769 0.469427 0.417593 0.463698 0.417315
1 0.443398 0.435301 0.450977 0.447940 0.452148 0.446736 0.444883 0.433727
1 0.449753 0.436134 0.449909 0.439190 0.452643 0.446227 0.453555 0.444931 0.451029 0.438403 0.450794 0.435671
10 0.423081 0.413611 0.423810 0.422106 0.437617 0.422542 0.433536 0.435000 0.433781 0.437231 0.425305 0.431375 0.420529 0.420227
10 0.436451 0.369190 0.438039 0.396653 0.439065 0.416236 0.445505 0.397236 0.448773 0.396412 0.450734 0.394829 0.451294 0.392014 0.450734 0.387120 0.449659 0.382134 0.447094 0.376824 0.444060 0.372926 0.440326 0.370269
9 0.560128 0.627014 0.559604 0.628005 0.559464 0.630486 0.560510 0.632032 0.561974 0.631787 0.562289 0.629431 0.561904 0.627449
10 0.459201 0.395889 0.455529 0.397972 0.452828 0.400694 0.449518 0.405069 0.447422 0.409875 0.445607 0.415611 0.445487 0.419699 0.446253 0.421991 0.447826 0.425722 0.450367 0.421278 0.452586 0.417764 0.454763 0.417116 0.459404 0.416685 0.462596 0.417005 0.461563 0.413153 0.462344 0.412273 0.463698 0.417315 0.469427 0.417593
10 0.497698 0.380523 0.502672 0.381866 0.502701 0.377903 0.501708 0.375440 0.496766 0.375972
1 0.494219 0.430481 0.495479 0.432898 0.497253 0.430542 0.499310 0.428435 0.503354 0.428250 0.506805 0.429306 0.508901 0.431537 0.510500 0.433644 0.511096 0.436991 0.509945 0.439653 0.508862 0.441019 0.504682 0.442630 0.500529 0.444861 0.501680 0.448023 0.504120 0.447093 0.505654 0.444116 0.507122 0.442630 0.509664 0.442259 0.510674 0.440954 0.511443 0.440148 0.512279 0.436370 0.512034 0.433023 0.510849 0.430046 0.509281 0.428125 0.506914 0.426454 0.506458 0.424347 0.499068 0.422921 0.496484 0.423787 0.496904 0.427009
1 0.498307 0.406722 0.500339 0.414731 0.503750 0.423806 0.501563 0.423389 0.499193 0.416028 0.499115 0.413435 0.497708 0.407648
2 0.511000 0.461148 0.514737 0.466292 0.516784 0.465005 0.519076 0.462491 0.520099 0.460667 0.520039 0.458097 0.519375 0.453426 0.517839 0.454213 0.515518 0.457023
1 0.501680 0.448023 0.502159 0.449574 0.503396 0.448986 0.502641 0.451074 0.503333 0.452199 0.504599 0.448880 0.506286 0.446306 0.506708 0.444861 0.509180 0.443630 0.510867 0.447111 0.513490 0.452255 0.515477 0.454236 0.516833 0.454662 0.517839 0.454213 0.519375 0.453426 0.521143 0.452199 0.521984 0.449736 0.521896 0.447005 0.520510 0.445236 0.518370 0.443681 0.516622 0.442449 0.514544 0.441537 0.511862 0.440898 0.510674 0.440954 0.509664 0.442259 0.507122 0.442630 0.505654 0.444116 0.504120 0.447093
1 0.505365 0.457444 0.506872 0.460083 0.508409 0.460500 0.511615 0.460546 0.515518 0.457023 0.517839 0.454213 0.516833 0.454662 0.516091 0.454389 0.513203 0.456713
2 0.569581 0.529796 0.569161 0.552199 0.569440 0.557676 0.570701 0.568713 0.571448 0.573440 0.572990 0.584144 0.575154 0.582741 0.573333 0.574278 0.570766 0.554699 0.570859 0.545819 0.571560 0.529722
9 0.555641 0.525648 0.554703 0.526898 0.553948 0.529444 0.553583 0.532315 0.554469 0.533843 0.556188 0.533750 0.557021 0.531852 0.557490 0.529722
1 0.538943 0.487204 0.538448 0.488542 0.540427 0.488958 0.541495 0.489565 0.543344 0.492847 0.545089 0.493731 0.545687 0.495120 0.546469 0.495394 0.553214 0.497060 0.553109 0.496412 0.548214 0.494426 0.545740 0.493356 0.544802 0.492296 0.543552 0.491782 0.541547 0.488449
2 0.488945 0.494380 0.488456 0.498843 0.488143 0.502685 0.500555 0.500704 0.500763 0.495991 0.499961 0.492213
1 0.470000 0.481759 0.471044 0.484144 0.470964 0.485000 0.473542 0.489491 0.475260 0.489769 0.473724 0.486250 0.476198 0.484306 0.476354 0.482593 0.474271 0.483565 0.473073 0.484259 0.472552 0.485278 0.470781 0.481528
1 0.473073 0.484259 0.473672 0.481713 0.475729 0.480231 0.478021 0.479120 0.480234 0.479213 0.482630 0.480880 0.486354 0.482685 0.485729 0.484306 0.483021 0.482407 0.480260 0.480648 0.478490 0.480278 0.475469 0.481620 0.474323 0.482778 0.474271 0.483565
10 0.447094 0.376824 0.448802 0.378009 0.454557 0.385231 0.459201 0.395889 0.455529 0.397972 0.452273 0.392583 0.451896 0.385579 0.450328 0.382310
1 0.524940 0.440644 0.524497 0.446014 0.523742 0.449764 0.523039 0.454856 0.524003 0.454347 0.527388 0.450227 0.531424 0.445782 0.534602 0.445042 0.538013 0.445458 0.540904 0.447310 0.543091 0.450181 0.544758 0.452727 0.546008 0.457403 0.547180 0.458005 0.546477 0.453884 0.545409 0.451106 0.542987 0.446847 0.541216 0.444995 0.538195 0.443884 0.535148 0.443236 0.531529 0.443792 0.529367 0.445458 0.526685 0.448560 0.525878 0.446569 0.525721 0.440505
1 0.514737 0.466292 0.514271 0.469537 0.512370 0.472824 0.514505 0.477315 0.515365 0.476852 0.515469 0.472685 0.516198 0.469583 0.516875 0.467546 0.517786 0.466157 0.519245 0.464630 0.519661 0.462870 0.518568 0.463704 0.516953 0.465741 0.515859 0.465648
1 0.524724 0.482019 0.522826 0.481750 0.522042 0.482500 0.520747 0.481699 0.518125 0.481431 0.518276 0.484000 0.522104 0.484912 0.525990 0.485231 0.527859 0.487431 0.529818 0.488662 0.532258 0.489306 0.534456 0.490162 0.537831 0.489625 0.538448 0.488542 0.535633 0.488338 0.531865 0.487856 0.528401 0.485343 0.526081 0.482074
1 0.536036 0.455903 0.537911 0.458958 0.540646 0.458352 0.544086 0.458352 0.546271 0.459653 0.548146 0.461505 0.548484 0.462245 0.550076 0.461639 0.548719 0.459606 0.547573 0.458264 0.547180 0.458005 0.546008 0.457403 0.543016 0.455389 0.540049 0.455069
1 0.543016 0.455389 0.541927 0.451157 0.542708 0.450185 0.545052 0.456759
1 0.550620 0.463356 0.551818 0.466782 0.552159 0.470389 0.551531 0.474051 0.550255 0.477380 0.548823 0.480806 0.546453 0.484699 0.545229 0.485995 0.544917 0.484421 0.547000 0.481875 0.548458 0.479051 0.549760 0.476366 0.549995 0.474931 0.551063 0.471875 0.551193 0.468352 0.549578 0.464417
1 0.550620 0.463356 0.552135 0.462778 0.553646 0.465556 0.554818 0.467963 0.555365 0.471852 0.553568 0.470787 0.552813 0.468750 0.551818 0.466782
1 0.554904 0.472829 0.551805 0.476995 0.553497 0.481208 0.551753 0.483569 0.551128 0.482782 0.548471 0.485375 0.548237 0.486486 0.550659 0.485977 0.553680 0.483986 0.555841 0.481671 0.554721 0.479079 0.555112 0.477921 0.554044 0.475792 0.555711 0.473245
1 0.552159 0.470389 0.553568 0.470787 0.555365 0.471852 0.556771 0.472731 0.558073 0.474213 0.559193 0.476667 0.559193 0.478287 0.558333 0.480509 0.556719 0.482685 0.554063 0.485463 0.551927 0.485185 0.553680 0.483986 0.555841 0.481671 0.556953 0.480278 0.558099 0.478056 0.557839 0.476713 0.556771 0.475185 0.555104 0.474120 0.555711 0.473245 0.554904 0.472829 0.554323 0.473472 0.551719 0.472870
1 0.556138 0.483231 0.558404 0.487255 0.556477 0.487764 0.554940 0.484574
1 0.561398 0.478648 0.561294 0.476565 0.562310 0.474065 0.563690 0.473787 0.564966 0.473787 0.567102 0.476287 0.569055 0.479111 0.571398 0.484343 0.572883 0.488139 0.574445 0.492444 0.576268 0.500269 0.573508 0.493185 0.570201 0.485037 0.567857 0.480130 0.565826 0.476981 0.564159 0.475500 0.562987 0.475315 0.562388 0.476056 0.562049 0.478000
9 0.582151 0.629338 0.581802 0.631134 0.582219 0.632685 0.583299 0.633986 0.584937 0.632870 0.585078 0.630889 0.584484 0.629028 0.583682 0.628407
9 0.588060 0.639079 0.587500 0.640940 0.587711 0.642611 0.588826 0.643727 0.589906 0.642801 0.590500 0.640815 0.590081 0.639079 0.589208 0.638523
9 0.586164 0.584278 0.585643 0.585528 0.585695 0.587287 0.586505 0.588167 0.587703 0.587704 0.587807 0.585806 0.587492 0.584463
9 0.586164 0.584278 0.586276 0.583148 0.585573 0.581435 0.584115 0.581528 0.583880 0.583704 0.584063 0.585417 0.585643 0.585528
9 0.579214 0.588875 0.579161 0.587583 0.579786 0.586606 0.580750 0.586657 0.581167 0.587398 0.581193 0.588829 0.580750 0.589523 0.580826 0.588454
9 0.579323 0.587269 0.579292 0.585866 0.579630 0.584662 0.580620 0.584245 0.581401 0.584806 0.581792 0.586426 0.581583 0.587583 0.581167 0.587398 0.580750 0.586657 0.579786 0.586606
9 0.580620 0.584245 0.580182 0.583750 0.580156 0.582546 0.580573 0.581528 0.581224 0.581343 0.582161 0.581991 0.582005 0.583796 0.581401 0.584806
9 0.582161 0.581991 0.582656 0.582269 0.583177 0.579398 0.582396 0.578704 0.581510 0.579074 0.580937 0.580231 0.581224 0.581343
1 0.573159 0.585829 0.575294 0.588884 0.576388 0.591384 0.576857 0.594255 0.577247 0.598375 0.575971 0.596060 0.575711 0.592032 0.574643 0.590088 0.572846 0.587727
10 0.578177 0.592870 0.577716 0.595921 0.578081 0.596940 0.577768 0.598514 0.577768 0.599579 0.581258 0.603838 0.581544 0.599208 0.582742 0.597727 0.582716 0.593792 0.582091 0.592727 0.583419 0.590644 0.583445 0.579625 0.583177 0.579398 0.582656 0.582269 0.582161 0.581991 0.582005 0.583796 0.581401 0.584806 0.581792 0.586426 0.581583 0.587583 0.581167 0.587398 0.581193 0.588829 0.580750 0.589523 0.580565 0.591231
3 0.425667 0.299009 0.420195 0.300801 0.419109 0.311338 0.424966 0.321236 0.431979 0.334731 0.438268 0.347968 0.454557 0.385231 0.459201 0.395889 0.469427 0.417593 0.469479 0.419769 0.472156 0.427764 0.475964 0.394583 0.479383 0.400153 0.476943 0.432796 0.476581 0.434204 0.497836 0.485736 0.519016 0.538944 0.519523 0.543440 0.518221 0.544981 0.517643 0.548324 0.522909 0.564347 0.523247 0.566000 0.528487 0.587523 0.532109 0.586407 0.533714 0.585657 0.542799 0.579810 0.542945 0.568630 0.537956 0.553468 0.536078 0.526347 0.519234 0.488435 0.514505 0.477315 0.512370 0.472824 0.506872 0.460083 0.505365 0.457444 0.503333 0.452199 0.502641 0.451074 0.502159 0.449574 0.501680 0.448023 0.500529 0.444861 0.495479 0.432898 0.494219 0.430481 0.481367 0.399009 0.477354 0.393782 0.473740 0.387958 0.472451 0.382292 0.469276 0.387093 0.466724 0.389037 0.464242 0.390269 0.461578 0.390204 0.460776 0.388648 0.464352 0.387935 0.468000 0.386185 0.470445 0.382745 0.472044 0.380023 0.465000 0.360588 0.463169 0.363028 0.465654 0.385926 0.464346 0.385694 0.463625 0.379648 0.459370 0.369148 0.458492 0.366940 0.456958 0.363259 0.456826 0.353032 0.454865 0.339667 0.453753 0.331995 0.453034 0.323977 0.452674 0.317194 0.451935 0.320759 0.451055 0.324519 0.434315 0.327366 0.430253 0.319588 0.427914 0.311523 0.426305 0.306301
10 0.441698 0.461588 0.439831 0.466481 0.446107 0.480426 0.448698 0.479926 0.450760 0.470431 0.447049 0.465417
2 0.435753 0.457167 0.439831 0.466481 0.441698 0.461588
1 0.466198 0.472981 0.475026 0.469185 0.475052 0.471176 0.466536 0.474463
9 0.464479 0.473537 0.465417 0.473352 0.465599 0.474741 0.464531 0.475065
1 0.465779 0.463944 0.468852 0.462139 0.470779 0.462282 0.471352 0.461588 0.474919 0.460102 0.474841 0.461676 0.471820 0.462977 0.471195 0.464176 0.469451 0.463713 0.465648 0.465708
1 0.466510 0.459306 0.474284 0.459287 0.473763 0.457204 0.471365 0.456648 0.467135 0.457176
1 0.469958 0.448560 0.468422 0.450273 0.466026 0.452218 0.463552 0.453745 0.460687 0.455319 0.458133 0.455023 0.459411 0.456801 0.461885 0.456523 0.464932 0.454995 0.468865 0.451338 0.471078 0.449486
2 0.450760 0.470431 0.448698 0.479926 0.460690 0.476944 0.460966 0.475162
1 0.541729 0.635694 0.542198 0.633056 0.543786 0.629583 0.546208 0.626759 0.549490 0.624167 0.553682 0.623380 0.557354 0.623935 0.560635 0.625231 0.563917 0.627917 0.567120 0.631806 0.568552 0.635370 0.569385 0.638519 0.569698 0.641019 0.569724 0.643889 0.568526 0.645278 0.568448 0.640463 0.567849 0.636944 0.567094 0.634630 0.565531 0.632361 0.564021 0.630509 0.562289 0.629431 0.561904 0.627449 0.560128 0.627014 0.557458 0.626111 0.554932 0.625648 0.550635 0.626250 0.548240 0.627083 0.545974 0.629259 0.543995 0.632130 0.542719 0.635509
1 0.549714 0.508657 0.547307 0.512009 0.546227 0.512505 0.545424 0.514792 0.539255 0.520250 0.541625 0.520616 0.545112 0.517398 0.546438 0.515231 0.546750 0.513370 0.547901 0.513125 0.550271 0.510019
9 0.537846 0.513167 0.537560 0.511639 0.537872 0.510111 0.538654 0.509602 0.539643 0.509741 0.540008 0.511130 0.539956 0.512935
9 0.533417 0.509000 0.534747 0.509509 0.535659 0.511593 0.535995 0.514370 0.534617 0.515111 0.533521 0.516454 0.532453 0.518120 0.531021 0.515019 0.531518 0.512519
10 0.420453 0.325861 0.421339 0.335486 0.421760 0.346273 0.419193 0.346273 0.416299 0.345028 0.418260 0.333912
2 0.453378 0.485764 0.452820 0.488681 0.451706 0.488866 0.451878 0.490602 0.452401 0.490972 0.452052 0.494755 0.453448 0.497852 0.454667 0.494815 0.456307 0.495620 0.457456 0.493639 0.460768 0.491778 0.463000 0.492148 0.464500 0.490477 0.462398 0.489231 0.462167 0.483912
10 0.496818 0.503866 0.495854 0.505116 0.496323 0.507199 0.499135 0.510625 0.500672 0.509514 0.500542 0.507338 0.498901 0.506875 0.497755 0.504977
1 0.502805 0.518458 0.500073 0.517060 0.497625 0.517292 0.492362 0.517255 0.492622 0.519292 0.493609 0.520218 0.495643 0.519384 0.499523 0.519940
10 0.449810 0.247907 0.450852 0.247231 0.452997 0.245218 0.454974 0.245088 0.458669 0.254602 0.458276 0.258889 0.458547 0.261301 0.459784 0.262102 0.460839 0.264514 0.460266 0.265852 0.453799 0.287361 0.449576 0.283023 0.448107 0.279782 0.447349 0.274523 0.447049 0.269065 0.449719 0.264894 0.449305 0.256148
10 0.447094 0.376824 0.449659 0.382134 0.450734 0.387120 0.451294 0.392014 0.450734 0.394829 0.448773 0.396412 0.445505 0.397236 0.439065 0.416236 0.439312 0.422440 0.437617 0.422542 0.433536 0.435000 0.433781 0.437231 0.437320 0.439588 0.447083 0.429167 0.447826 0.425722 0.446253 0.421991 0.445487 0.419699 0.445607 0.415611 0.447422 0.409875 0.449518 0.405069 0.452828 0.400694 0.455529 0.397972 0.452273 0.392583 0.451896 0.385579 0.450328 0.382310
1 0.473490 0.529764 0.474841 0.532037 0.480469 0.533611 0.483279 0.533611 0.485990 0.535366 0.486484 0.537083 0.485677 0.537218 0.484477 0.535597 0.479893 0.534903 0.473411 0.532685
1 0.482885 0.490648 0.478432 0.495833 0.479479 0.496759 0.483510 0.491620
1 0.559245 0.643981 0.568151 0.645838 0.566927 0.647319 0.560547 0.645972
1 0.561875 0.646208 0.562604 0.648338 0.565286 0.649727 0.566927 0.647319
10 0.434453 0.353657 0.445232 0.363829 0.454557 0.385231 0.448802 0.378009 0.447094 0.376824 0.444060 0.372926 0.440326 0.370269 0.436451 0.369190
1 0.488276 0.504236 0.487781 0.505301 0.489995 0.510208 0.492417 0.512986 0.494500 0.516690 0.495229 0.514931 0.492677 0.511551 0.489943 0.507477
10 0.497234 0.511551 0.497625 0.517292 0.500073 0.517060 0.500490 0.514653 0.499812 0.510949
1 0.472578 0.298935 0.473641 0.301389 0.474477 0.304796 0.475034 0.309259 0.475208 0.315579 0.473932 0.315787 0.473990 0.310625 0.473430 0.304921 0.471797 0.300463
1 0.460750 0.298755 0.462474 0.297176 0.462474 0.295463 0.461198 0.296620
2 0.469891 0.205824 0.474922 0.225667 0.475451 0.233926 0.476867 0.243074 0.478560 0.251407 0.479177 0.257352 0.479505 0.261421 0.483253 0.258537 0.487128 0.254648 0.491687 0.248981 0.489690 0.242653 0.488065 0.235431 0.487378 0.229324 0.485628 0.226102 0.481068 0.212218 0.472570 0.199778 0.469945 0.201556
2 0.489464 0.234074 0.494984 0.245880 0.492615 0.248241 0.490818 0.241852 0.489776 0.237269
2 0.492615 0.248241 0.494984 0.245880 0.496562 0.243056 0.498672 0.248843 0.500156 0.254444 0.504089 0.261667 0.503698 0.264074 0.501224 0.262083 0.498021 0.258148 0.493854 0.250880
2 0.491687 0.248981 0.487128 0.254648 0.483253 0.258537 0.479505 0.261421 0.479917 0.265486 0.479742 0.272509 0.479177 0.278847 0.477768 0.286282 0.473859 0.296023 0.472578 0.298935 0.473641 0.301389 0.474477 0.304796 0.475034 0.309259 0.475208 0.315579 0.479880 0.313741 0.483190 0.310852 0.486378 0.309963 0.490003 0.310074 0.490565 0.319736 0.491500 0.335287 0.491313 0.346727 0.496255 0.349727 0.499477 0.348148 0.500503 0.331968 0.499195 0.329481 0.498169 0.328403 0.498635 0.324171 0.499242 0.322097 0.498917 0.317449 0.501391 0.295713 0.502836 0.293722 0.502883 0.284926 0.502229 0.283185 0.502651 0.274968 0.503865 0.266421 0.501716 0.265343 0.499349 0.263565 0.496771 0.259370 0.493315 0.252981
2 0.471797 0.300463 0.473430 0.304921 0.473990 0.310625 0.473932 0.315787 0.470258 0.317296 0.468570 0.317296 0.468383 0.314407 0.465839 0.309000 0.468370 0.305921 0.471034 0.302250
1 0.517385 0.436759 0.518799 0.434773 0.521505 0.433361 0.523651 0.435519 0.524167 0.438005 0.524497 0.446014 0.523742 0.449764 0.523359 0.452407 0.522240 0.453102 0.519792 0.453102 0.521143 0.452199 0.521984 0.449736 0.523125 0.447361 0.522943 0.437269 0.521797 0.435231 0.520833 0.434769 0.519557 0.435509 0.517865 0.437778
1 0.505365 0.457444 0.506016 0.455949 0.512797 0.455894 0.513669 0.454986 0.513279 0.453269 0.513490 0.452255 0.513036 0.451394 0.511771 0.451986 0.509211 0.451556 0.508698 0.453111 0.507763 0.452255 0.507070 0.450644 0.505865 0.450968 0.504750 0.452468 0.503906 0.453755
2 0.562289 0.629431 0.564021 0.630509 0.565531 0.632361 0.565339 0.645231 0.561096 0.644343 0.561974 0.631787
2 0.548240 0.627083 0.547422 0.629630 0.554089 0.633472 0.561536 0.638148 0.561974 0.631787 0.560510 0.632032 0.559464 0.630486 0.550635 0.626250
5 0.425305 0.431375 0.437320 0.439588 0.446370 0.446477 0.458133 0.455023 0.464768 0.463940 0.464414 0.472681 0.464589 0.475778 0.468146 0.477574 0.471044 0.484144 0.470935 0.488116 0.470279 0.494875 0.465745 0.493935 0.465745 0.491278 0.462398 0.489231 0.462086 0.483079 0.460266 0.479181 0.460966 0.475162 0.450760 0.470431 0.447049 0.465417 0.435753 0.457167
8 0.388318 0.247861 0.393495 0.247519 0.397453 0.247019 0.403833 0.245412 0.402708 0.249352 0.397656 0.250185 0.392161 0.251435 0.388568 0.252037 0.354102 0.255111 0.354047 0.250986 0.376349 0.248870
5 0.543344 0.492847 0.545089 0.493731 0.545687 0.495120 0.546469 0.495394 0.548878 0.495968 0.552870 0.506296 0.552992 0.508306 0.554122 0.510454 0.556341 0.511102 0.556581 0.513468 0.558880 0.523435 0.560737 0.525944 0.568844 0.537347 0.566383 0.540144 0.563560 0.540861 0.559326 0.532829 0.558195 0.532042 0.557490 0.529722 0.555641 0.525648 0.551096 0.511532 0.545529 0.500847
5 0.541547 0.488449 0.543552 0.491782 0.544802 0.492296 0.545740 0.493356 0.548214 0.494426 0.545229 0.485995 0.544917 0.484421 0.543099 0.485880 0.542083 0.485833 0.541589 0.484907 0.541068 0.485139 0.540990 0.486713
5 0.540604 0.519088 0.539432 0.519088 0.537635 0.519505 0.535552 0.520338 0.533938 0.521542 0.536078 0.526347 0.537956 0.553468 0.538469 0.555014 0.539302 0.553347 0.541516 0.537653 0.543182 0.523255 0.544823 0.520338 0.542948 0.519319 0.541625 0.520616 0.539255 0.520250
5 0.539956 0.512935 0.537846 0.513167 0.535995 0.514370 0.534617 0.515111 0.533521 0.516454 0.532453 0.518120 0.533938 0.521542 0.535552 0.520338 0.537635 0.519505 0.539432 0.519088 0.540604 0.519088 0.545424 0.514792 0.543958 0.513565 0.541615 0.512917
5 0.552870 0.506296 0.552992 0.508306 0.554122 0.510454 0.556341 0.511102 0.556581 0.513468 0.558880 0.523435 0.560737 0.525944 0.565164 0.526602 0.567273 0.523551 0.567875 0.519477 0.567633 0.513157 0.566729 0.507051 0.564862 0.501051 0.564831 0.496338 0.563898 0.495000 0.562120 0.495588 0.558594 0.496981 0.555370 0.502125
5 0.550271 0.510019 0.551096 0.511532 0.555159 0.524139 0.551966 0.523602 0.546995 0.520227 0.546724 0.516958 0.547326 0.514120 0.547901 0.513125
5 0.535151 0.662130 0.532284 0.664264 0.530695 0.667181 0.530078 0.669259 0.532552 0.669444 0.535729 0.666481
5 0.578674 0.642194 0.579638 0.643398 0.584612 0.653074 0.590706 0.648491 0.588336 0.645574 0.585992 0.643491 0.582086 0.641778
5 0.569070 0.527199 0.585216 0.528356 0.583654 0.519653 0.580971 0.518495 0.576779 0.518218 0.573680 0.519468 0.570529 0.523681
5 0.524003 0.454347 0.523039 0.454856 0.520870 0.457718 0.520099 0.460667 0.519661 0.462870 0.519245 0.464630 0.518401 0.467574 0.517948 0.470787 0.518219 0.473356 0.519154 0.475769 0.520870 0.477162 0.524758 0.477000 0.525180 0.478769 0.526234 0.479519 0.529578 0.479569 0.533706 0.478606 0.537865 0.475287 0.541029 0.467843 0.540635 0.463769 0.539372 0.462481 0.537911 0.458958 0.536036 0.455903 0.533224 0.452144 0.531237 0.451931
5 0.525180 0.478769 0.526234 0.479519 0.529578 0.479569 0.533706 0.478606 0.537865 0.475287 0.541029 0.467843 0.540635 0.463769 0.539372 0.462481 0.537911 0.458958 0.540182 0.459028 0.542995 0.460000 0.544948 0.461574 0.546432 0.462731 0.548484 0.462245 0.550076 0.461639 0.553724 0.459074 0.554297 0.461528 0.552135 0.462778 0.550620 0.463356 0.549578 0.464417 0.549578 0.464417 0.548646 0.465231 0.549714 0.467454 0.550182 0.470139 0.550078 0.473056 0.549375 0.475833 0.547891 0.479074 0.546250 0.481759 0.544687 0.483472 0.542917 0.484954 0.541823 0.485370 0.541589 0.484907 0.541068 0.485139 0.539687 0.486019 0.539427 0.487407 0.538943 0.487204 0.536823 0.487639 0.532995 0.486991 0.529089 0.485231 0.526328 0.481759
5 0.560747 0.486255 0.562120 0.495588 0.563898 0.495000 0.564831 0.496338 0.564815 0.498792 0.566078 0.499398 0.568310 0.503093 0.570508 0.507056 0.571828 0.510519 0.573013 0.510019 0.574440 0.512250 0.574026 0.514792 0.575557 0.515593 0.576779 0.518218 0.578766 0.518329 0.577406 0.514856 0.578102 0.512375 0.577893 0.507227 0.576268 0.500269 0.573508 0.493185 0.568620 0.483861 0.565656 0.479218 0.563635 0.477481 0.562049 0.478000 0.561398 0.478648 0.560495 0.480519 0.560464 0.483681
5 0.564815 0.498792 0.566078 0.499398 0.568310 0.503093 0.570508 0.507056 0.571828 0.510519 0.573013 0.510019 0.574440 0.512250 0.574026 0.514792 0.575557 0.515593 0.576779 0.518218 0.573680 0.519468 0.570529 0.523681 0.569688 0.525741 0.567422 0.522315 0.567875 0.519477 0.567633 0.513157 0.566729 0.507051 0.564862 0.501051
5 0.572883 0.488139 0.574445 0.492444 0.576268 0.500269 0.577893 0.507227 0.578102 0.512375 0.577406 0.514856 0.578766 0.518329 0.580971 0.518495 0.583654 0.519653 0.576794 0.482931 0.575620 0.483199 0.573451 0.485718
5 0.465935 0.528472 0.466568 0.526060 0.467622 0.523810 0.470094 0.520759 0.472057 0.518935 0.470755 0.515139 0.468281 0.511574 0.465026 0.509861 0.462005 0.509722 0.458437 0.511065
5 0.469792 0.522792 0.471016 0.528009 0.472318 0.527917 0.473411 0.532685 0.473542 0.528519 0.473151 0.524398 0.472448 0.520417 0.471208 0.521241
5 0.467833 0.525310 0.469323 0.534120 0.468247 0.534060 0.466633 0.529847
5 0.459036 0.510787 0.462005 0.509722 0.465026 0.509861 0.468281 0.511574 0.470755 0.515139 0.472057 0.518935 0.472685 0.518403 0.475216 0.517222 0.479133 0.517329 0.480964 0.517917 0.480911 0.507778 0.479479 0.501528 0.477188 0.498333 0.475703 0.496898 0.471458 0.495833 0.467760 0.496713 0.464740 0.498611 0.461615 0.502269 0.459531 0.507639
5 0.457443 0.508565 0.458437 0.511065 0.459036 0.510787 0.459531 0.507639 0.461615 0.502269 0.464740 0.498611 0.467760 0.496713 0.471458 0.495833 0.475703 0.496898 0.477188 0.498333 0.479479 0.501528 0.480911 0.507778 0.480932 0.511019 0.482182 0.504722 0.481505 0.500509 0.479865 0.497222 0.477547 0.494907 0.474656 0.493750 0.472339 0.492778 0.470490 0.492639 0.470279 0.494875 0.465745 0.493935 0.463536 0.494907 0.460932 0.497870 0.458406 0.503009
5 0.470490 0.492639 0.472339 0.492778 0.474656 0.493750 0.477547 0.494907 0.478432 0.495833 0.480313 0.493611 0.478464 0.491759 0.476224 0.490278 0.475260 0.489769 0.473542 0.489491 0.470729 0.489861
5 0.479865 0.497222 0.481505 0.500509 0.482182 0.504722 0.480932 0.511019 0.480964 0.517917 0.483932 0.509074 0.484297 0.503611 0.483828 0.499954 0.482396 0.496481 0.481120 0.494676 0.479479 0.496759
5 0.469677 0.448060 0.467901 0.449718 0.465159 0.451218 0.461091 0.451648 0.457685 0.451861 0.454130 0.450843 0.452625 0.449986 0.452148 0.446736 0.452643 0.446227 0.453555 0.444931 0.456240 0.441310 0.458078 0.439861 0.462477 0.437130 0.465279 0.435472 0.468141 0.434398 0.470823 0.433972 0.469273 0.441481 0.468932 0.447556
5 0.446328 0.432176 0.446307 0.436329 0.452148 0.446736 0.452643 0.446227 0.449909 0.439190 0.449753 0.436134 0.450794 0.435671 0.451029 0.438403 0.453555 0.444931 0.456240 0.441310 0.458078 0.439861 0.462115 0.436125 0.461646 0.434921 0.468516 0.429958 0.463828 0.421208 0.463125 0.419125 0.458862 0.419097
5 0.447057 0.429213 0.447826 0.425722 0.450367 0.421278 0.452586 0.417764 0.454763 0.417116 0.459404 0.416685 0.457354 0.418347
5 0.464297 0.419403 0.468359 0.426667 0.467552 0.423056 0.465495 0.419444
5 0.462427 0.302537 0.463987 0.304949 0.465839 0.309000 0.468383 0.314407 0.468570 0.317296 0.470258 0.317296 0.473932 0.315787 0.475208 0.315579 0.479880 0.313741 0.483190 0.310852 0.486378 0.309963 0.490003 0.310074 0.490565 0.319736 0.491500 0.335287 0.491313 0.346727 0.490003 0.362611 0.489221 0.362241 0.488651 0.361648 0.488484 0.358120 0.487005 0.353694 0.483883 0.348894 0.479747 0.346565 0.475948 0.345815 0.472276 0.347093 0.468815 0.350167 0.466070 0.352644 0.464297 0.354583 0.461794 0.333273 0.460096 0.319676 0.460357 0.305028 0.461328 0.303611
5 0.464552 0.357069 0.468560 0.353245 0.472190 0.350468 0.475146 0.349042 0.478438 0.348593 0.481729 0.349866 0.483883 0.351519 0.485823 0.353694 0.487005 0.356773 0.487555 0.360671 0.486904 0.360130 0.483797 0.359731 0.479729 0.360833 0.477695 0.362343 0.474529 0.365958 0.472833 0.372787 0.472044 0.380023 0.465000 0.360588
5 0.432219 0.335208 0.438268 0.347968 0.445232 0.363829 0.445232 0.363829 0.434453 0.353657 0.431477 0.341097 0.430677 0.338056
5 0.526919 0.631204 0.529948 0.637176 0.530313 0.641208 0.534792 0.660602 0.534792 0.660602 0.533352 0.661764 0.531268 0.663940 0.529549 0.667690 0.528802 0.669819 0.527240 0.666778 0.526310 0.666778 0.520156 0.657838 0.517961 0.651759 0.516977 0.648403 0.516586 0.645949 0.516273 0.643588 0.516396 0.640037 0.517326 0.635699 0.519474 0.631616 0.521573 0.630750 0.525281 0.631264
5 0.408359 0.313319 0.405289 0.322032 0.403323 0.330065 0.401430 0.345287 0.400318 0.358653 0.400122 0.369468 0.400927 0.372083 0.406935 0.374514 0.412990 0.379116 0.414701 0.380764 0.416555 0.377727 0.418167 0.371389 0.419779 0.364356 0.421773 0.353394 0.421760 0.346273 0.419193 0.346273 0.416299 0.345028 0.418260 0.333912 0.420443 0.325880 0.421339 0.335486 0.421760 0.346273 0.421773 0.353394 0.421878 0.364532 0.422464 0.377903 0.422669 0.395106 0.422865 0.397542 0.423081 0.413611 0.423810 0.422106 0.437617 0.422542 0.439312 0.422440 0.439065 0.416236 0.438039 0.396653 0.436451 0.369190 0.434453 0.353657 0.431477 0.341097 0.428862 0.330972 0.427789 0.326579 0.424966 0.321236 0.419109 0.311338 0.417755 0.310148 0.416953 0.309583 0.416076 0.321153 0.409706 0.317569
5 0.432987 0.254218 0.427612 0.252167 0.423701 0.249861 0.415823 0.275028 0.415227 0.279694 0.415346 0.282769 0.417615 0.292079 0.417839 0.297514 0.423112 0.290440 0.427703 0.282375 0.431104 0.275176 0.433534 0.267208
5 0.391964 0.267199 0.395469 0.265792 0.399823 0.263093 0.398294 0.270509 0.397737 0.279370 0.398133 0.288296 0.399732 0.296023 0.402354 0.303690 0.406102 0.309435 0.407833 0.312042 0.404435 0.314019 0.395477 0.316454 0.389857 0.316926 0.379396 0.313671 0.373495 0.309282 0.367711 0.302856 0.362073 0.294505 0.356216 0.282037 0.354049 0.275227 0.353977 0.267773 0.352242 0.265843 0.350578 0.255690 0.348917 0.240528 0.357518 0.233713 0.357880 0.230500 0.359615 0.231014 0.360339 0.233458 0.360409 0.240653 0.362005 0.250231 0.354047 0.250986 0.354102 0.255111 0.364242 0.254148 0.367422 0.259292 0.371398 0.262889 0.374724 0.265329 0.379060 0.267644 0.384266 0.268801 0.388820 0.268417
5 0.503630 0.401019 0.499674 0.404431 0.498307 0.406722 0.500339 0.414731 0.503750 0.423806 0.506458 0.424347 0.506914 0.426454 0.509281 0.428125 0.510849 0.430046 0.512034 0.433023 0.512279 0.436370 0.511443 0.440148 0.510667 0.440926 0.511862 0.440898 0.514544 0.441537 0.516612 0.442444 0.518370 0.443681 0.520510 0.445236 0.521896 0.447005 0.521984 0.449736 0.523125 0.447361 0.522943 0.437269 0.521797 0.435231 0.520833 0.434769 0.519557 0.435509 0.517891 0.437731 0.517385 0.436759 0.518799 0.434773 0.521505 0.433361 0.523651 0.435519 0.524167 0.438005 0.528133 0.427056 0.529534 0.415852 0.529766 0.398514 0.524680 0.401500 0.524258 0.395690 0.522719 0.395940 0.519732 0.398181 0.515531 0.399093 0.508437 0.399343 0.505917 0.398264
5 0.491198 0.410880 0.487247 0.413426 0.494219 0.430481 0.496904 0.427009 0.496484 0.423787 0.499068 0.422921 0.501563 0.423389 0.499193 0.416028 0.499115 0.413435 0.497708 0.407648 0.496341 0.409958 0.493234 0.411866
5 0.495479 0.432898 0.497253 0.430542 0.499310 0.428435 0.503354 0.428250 0.506805 0.429306 0.508901 0.431537 0.510500 0.433644 0.511096 0.436991 0.509945 0.439653 0.508862 0.441019 0.504682 0.442630 0.500529 0.444861
5 0.502159 0.449574 0.503396 0.448986 0.502641 0.451074
5 0.503333 0.452199 0.504599 0.448880 0.506286 0.446306 0.506708 0.444861 0.509180 0.443630 0.510867 0.447111 0.513036 0.451394 0.511771 0.451986 0.509211 0.451556 0.508698 0.453111 0.507763 0.452255 0.507070 0.450644 0.505865 0.450968 0.504750 0.452468 0.503906 0.453755
5 0.505365 0.457444 0.506016 0.455949 0.512797 0.455894 0.513669 0.454986 0.513279 0.453269 0.513490 0.452255 0.515477 0.454236 0.516091 0.454389 0.513203 0.456713
5 0.486516 0.525685 0.486456 0.528426 0.491422 0.538218 0.503573 0.568745 0.507352 0.577866 0.507672 0.576579 0.510289 0.572153 0.513664 0.567347 0.517083 0.565250 0.519742 0.564421 0.522909 0.564347 0.517643 0.548324 0.518221 0.544981 0.519523 0.543440 0.519016 0.538944 0.509458 0.514792 0.502805 0.518458 0.499523 0.519940
5 0.508516 0.578454 0.511047 0.573727 0.513833 0.569523 0.515987 0.567949 0.518729 0.566000 0.522508 0.565958 0.522995 0.576556 0.523971 0.585917 0.528328 0.586847 0.528487 0.587523 0.530315 0.586968 0.530177 0.589759 0.531729 0.589486 0.529409 0.593537 0.525357 0.597366 0.521052 0.598866 0.517380 0.598940 0.515227 0.598116 0.508005 0.580338
5 0.517294 0.600968 0.520375 0.601116 0.523161 0.600065 0.525990 0.598565 0.529917 0.595190 0.532531 0.591662 0.532896 0.589884 0.534396 0.590875 0.538195 0.592051 0.542339 0.593713 0.542859 0.597602 0.544370 0.601769 0.546583 0.605472 0.548641 0.608204 0.552391 0.610889 0.552891 0.612870 0.554167 0.615880 0.556016 0.618981 0.559193 0.621991 0.562396 0.624167 0.566562 0.625231 0.565284 0.627815 0.563917 0.627917 0.560635 0.625231 0.557354 0.623935 0.553682 0.623380 0.549490 0.624167 0.546208 0.626759 0.543786 0.629583 0.542198 0.633056 0.541729 0.635694 0.540969 0.635745 0.529529 0.631681 0.529974 0.637176 0.526919 0.631204 0.522500 0.617731 0.521344 0.614963 0.516000 0.600472
5 0.552133 0.601588 0.554034 0.605676 0.557133 0.608981 0.560893 0.611769 0.564646 0.612093 0.567820 0.611833 0.565833 0.609074 0.561484 0.605139 0.569505 0.594398 0.571214 0.594278 0.572536 0.594347 0.574750 0.596523 0.573109 0.593282 0.570844 0.590736 0.568422 0.589486 0.566312 0.590273 0.561094 0.591574 0.556474 0.592134 0.555172 0.593847 0.554141 0.592824 0.553177 0.593056 0.552828 0.594218 0.554391 0.595144 0.553714 0.596069
5 0.297013 0.203889 0.288721 0.187306 0.294810 0.183389 0.308674 0.177398 0.311911 0.175097 0.316057 0.171644 0.321370 0.171644 0.331484 0.192037 0.343005 0.212407 0.357388 0.241662 0.371185 0.271329 0.373984 0.280079 0.374555 0.283259 0.376224 0.285444 0.376458 0.288046 0.372870 0.284847 0.369734 0.282472 0.366146 0.278491 0.361979 0.280648 0.359266 0.284731 0.335143 0.254995 0.306938 0.217222
5 0.357547 0.158755 0.356435 0.154731 0.355596 0.153046 0.355523 0.149398 0.359219 0.149204 0.362883 0.148806 0.362883 0.147792 0.358784 0.143718 0.358755 0.142060 0.361227 0.140282 0.364388 0.132481 0.363685 0.130005 0.362427 0.128514 0.362516 0.125519 0.365508 0.125852 0.372786 0.132907 0.378664 0.138218 0.384917 0.144190 0.389536 0.148009 0.395753 0.153481 0.403409 0.161954 0.415229 0.173750 0.423760 0.180292 0.433701 0.189894 0.442901 0.199713 0.447419 0.204171 0.447044 0.206278 0.448794 0.213167 0.449609 0.219051 0.456609 0.225056 0.455227 0.227278 0.454115 0.228287 0.453177 0.229907 0.451172 0.228051 0.449734 0.227046 0.447943 0.231296 0.446706 0.239412 0.439331 0.231185 0.439766 0.240181 0.440266 0.249509 0.434219 0.242505 0.424984 0.232806 0.411701 0.218213 0.396148 0.201894 0.379083 0.182597 0.362451 0.164551
5 0.384917 0.144190 0.377315 0.135782 0.371388 0.129644 0.368401 0.126907 0.368401 0.125662 0.370081 0.123171 0.374234 0.120435 0.375401 0.119190 0.376521 0.112801 0.377409 0.110560 0.381047 0.102597 0.383055 0.102264 0.383570 0.102500 0.384411 0.103250 0.410234 0.129417 0.441930 0.159255 0.468906 0.185454 0.466456 0.189551 0.466456 0.189551 0.465057 0.192620 0.463003 0.198014 0.461883 0.200171 0.461229 0.200088 0.460622 0.199009 0.459596 0.200333 0.460016 0.202412 0.458661 0.206560 0.456328 0.208051 0.456281 0.209546 0.454010 0.212546 0.447419 0.204171 0.442901 0.199713 0.433701 0.189894 0.423760 0.180292 0.415229 0.173750 0.403409 0.161954 0.395753 0.153481 0.389536 0.148009
5 0.464870 0.234852 0.462633 0.232213 0.459487 0.232356 0.457607 0.233384 0.456609 0.233602 0.453638 0.235727 0.452146 0.237019 0.450979 0.238903 0.451461 0.240102 0.462190 0.251861 0.474815 0.265917 0.494823 0.288435 0.498818 0.293671 0.507609 0.302417 0.525440 0.323931 0.533424 0.333111 0.534596 0.334616 0.535724 0.338417 0.535951 0.339593 0.531870 0.341514 0.530984 0.342181 0.531474 0.344005 0.539958 0.353324 0.541630 0.352431 0.541044 0.350500 0.541044 0.345296 0.543135 0.343958 0.546984 0.349014 0.548823 0.347676 0.548992 0.343065 0.552003 0.347676 0.554094 0.347227 0.554010 0.342917 0.556518 0.331167 0.559279 0.325815 0.562307 0.327806 0.563315 0.327157 0.562786 0.326019 0.559375 0.322639 0.557318 0.320694 0.553078 0.316412 0.551865 0.314755 0.550130 0.314398 0.547383 0.311681 0.544583 0.314171 0.542344 0.311602 0.540198 0.310602 0.538469 0.311185 0.536695 0.311269 0.514576 0.287454 0.489557 0.260986
5 0.451461 0.240102 0.449839 0.242657 0.446706 0.239412 0.439331 0.231185 0.439766 0.240181 0.440266 0.249509 0.440211 0.252102 0.437727 0.253926 0.434974 0.255463 0.433948 0.257000 0.436797 0.259120 0.445964 0.269815 0.464237 0.290875 0.480622 0.308231 0.488049 0.313931 0.500633 0.331287 0.511859 0.346162 0.517961 0.354032 0.521133 0.351491 0.526328 0.345542 0.531870 0.341514 0.535951 0.339593 0.535724 0.338417 0.534596 0.334616 0.533424 0.333111 0.525440 0.323931 0.507609 0.302417 0.498818 0.293671 0.494823 0.288435 0.474815 0.265917 0.462190 0.251861
