0 0.391875 0.689875 0.397318 0.682042 0.405997 0.684806 0.411310 0.685727 0.416750 0.705074 0.418565 0.714519 0.422969 0.714056 0.424396 0.716361 0.432297 0.714750 0.435536 0.725111 0.442143 0.748606 0.442805 0.759824 0.445331 0.772722 0.443971 0.791491 0.439086 0.806926 0.434487 0.815102 0.430057 0.821644 0.430872 0.837421 0.426779 0.849005 0.419745 0.853472 0.417826 0.857042 0.415234 0.861648 0.408497 0.855963 0.402732 0.858634 0.401891 0.865912 0.399974 0.868005 0.395711 0.875884 0.389271 0.879894 0.383078 0.878556 0.372508 0.875079 0.363385 0.871370 0.359383 0.859968 0.358799 0.847921 0.354693 0.844815 0.350263 0.841380 0.342982 0.832769 0.338977 0.824727 0.336372 0.813741 0.335182 0.797458 0.334857 0.792255 0.333341 0.791056 0.332344 0.762819 0.337357 0.759824 0.341271 0.752477 0.352680 0.746898 0.351674 0.734704 0.349919 0.722806 0.348831 0.721616 0.348664 0.717454 0.351091 0.715222
9 0.437500 0.299815 0.437604 0.298426 0.438776 0.297319 0.439609 0.297824 0.440026 0.299171 0.439974 0.300880 0.439349 0.301991 0.438646 0.302130 0.437812 0.301574
9 0.413607 0.311222 0.412880 0.311361 0.412333 0.308861 0.412620 0.307935 0.413922 0.307287 0.414727 0.308769
9 0.414727 0.308769 0.415417 0.308704 0.416120 0.309398 0.416302 0.311620 0.415990 0.312639 0.415026 0.313241 0.414167 0.312176 0.413607 0.311222
9 0.421706 0.306407 0.421289 0.305343 0.421237 0.304000 0.421758 0.303306 0.422096 0.302426 0.423034 0.302287 0.423893 0.303676 0.423919 0.306500 0.423424 0.307333 0.422487 0.307565
9 0.424701 0.316083 0.424440 0.314926 0.424883 0.313120 0.425924 0.312611 0.427122 0.312889 0.427096 0.315065 0.427253 0.316315 0.426797 0.317130 0.425299 0.316963
9 0.427643 0.312704 0.428112 0.311176 0.428997 0.310898 0.430039 0.311361 0.430221 0.312704 0.430039 0.314648 0.429518 0.315528 0.428268 0.315620 0.427539 0.314787
9 0.430560 0.306824 0.429102 0.307009 0.428581 0.308491 0.428789 0.309556 0.429414 0.310389 0.430573 0.310741 0.431068 0.310231 0.430820 0.309046
9 0.432878 0.309231 0.432747 0.307611 0.432799 0.305157 0.433711 0.304926 0.434570 0.305713 0.435404 0.306917 0.435091 0.307889 0.434870 0.309954 0.434479 0.310417
9 0.424284 0.315944 0.422799 0.315574 0.422018 0.316824 0.421914 0.318815 0.422826 0.320111 0.423971 0.320250 0.424505 0.318333
10 0.487406 0.272481 0.489513 0.271671 0.491284 0.271324 0.496461 0.271569 0.499594 0.272889 0.503523 0.275347 0.506039 0.280907 0.507716 0.286060 0.508250 0.301514 0.506953 0.308426 0.504437 0.313171 0.500242 0.316153 0.494753 0.317644 0.488042 0.318731 0.483797 0.314454 0.484586 0.311477 0.484737 0.305796 0.484909 0.302551 0.483919 0.300093 0.481115 0.296940 0.480685 0.294356 0.480341 0.289292 0.480969 0.281796 0.483646 0.275926
2 0.491284 0.271324 0.493159 0.265394 0.496234 0.258306 0.496063 0.255065 0.496633 0.254759 0.497487 0.258306 0.498229 0.266606 0.499594 0.272889 0.496461 0.271569
2 0.429456 0.235546 0.429620 0.225949 0.429716 0.221750 0.432229 0.222537 0.438432 0.223764 0.450049 0.225778 0.453445 0.228403 0.453052 0.238292 0.454776 0.249671 0.457385 0.257722 0.459797 0.262796 0.456008 0.262537 0.450344 0.262009 0.446258 0.263324 0.445128 0.264375 0.445669 0.266125 0.446307 0.266384 0.447341 0.273648 0.448966 0.281792 0.430375 0.255324 0.431193 0.254056 0.431396 0.251694 0.432112 0.251694 0.433336 0.250606 0.431497 0.242986 0.430172 0.237361 0.431193 0.236454 0.431294 0.234639 0.430581 0.234273
9 0.438661 0.377296 0.438701 0.376005 0.439750 0.375287 0.440833 0.376343 0.440919 0.378227 0.440234 0.379949 0.439346 0.379736 0.438500 0.379231
9 0.442380 0.366949 0.441958 0.364708 0.442846 0.363218 0.444479 0.364130 0.444760 0.366037 0.444620 0.367699 0.443172 0.368611
9 0.446206 0.354009 0.445974 0.351435 0.446346 0.349940 0.447654 0.349856 0.448445 0.350852 0.448354 0.353509 0.447701 0.354671
9 0.448958 0.351667 0.449659 0.350273 0.451107 0.350356 0.451948 0.351769 0.451247 0.354421 0.450313 0.355083 0.448773 0.353843
9 0.450034 0.355005 0.449193 0.354838 0.447839 0.356083 0.448120 0.358157 0.449193 0.359815 0.450500 0.358819 0.450688 0.356579 0.450313 0.355083
9 0.453021 0.359731 0.451992 0.359398 0.451016 0.360370 0.451823 0.364213 0.453021 0.364444 0.453393 0.363051
9 0.453021 0.359731 0.452898 0.358190 0.452898 0.356944 0.454159 0.356032 0.455372 0.357940 0.455326 0.360097 0.454346 0.361259
9 0.456521 0.354755 0.455495 0.354588 0.455539 0.353176 0.456432 0.351759 0.457781 0.352097 0.458247 0.353759 0.457966 0.355750 0.457081 0.355750
9 0.456521 0.354755 0.455326 0.356032 0.455372 0.357940 0.455698 0.359597 0.456305 0.360431 0.457286 0.359435 0.457753 0.358273 0.457659 0.357278 0.457081 0.355750
9 0.438581 0.387282 0.438112 0.386079 0.438372 0.384505 0.438919 0.383949 0.440326 0.383810 0.440508 0.384875 0.440326 0.387931
9 0.440508 0.384875 0.440938 0.384537 0.442214 0.384444 0.442917 0.385417 0.442422 0.387222 0.442292 0.388657 0.440326 0.387931
9 0.447096 0.388810 0.446810 0.386588 0.447617 0.385523 0.448529 0.385384 0.449466 0.386449 0.449492 0.388949 0.449049 0.389968 0.447669 0.390060
9 0.450716 0.389412 0.451107 0.388255 0.451680 0.387514 0.453138 0.387699 0.453372 0.390338 0.453034 0.391403 0.452018 0.391866 0.450898 0.391218
9 0.449180 0.381773 0.450065 0.381727 0.450872 0.379875 0.450951 0.377884 0.450091 0.377190 0.448971 0.377375 0.448190 0.379366
9 0.450815 0.374213 0.450581 0.372222 0.451232 0.371111 0.452794 0.371204 0.454201 0.371806 0.454383 0.373889 0.453159 0.373843 0.452898 0.375880 0.450737 0.375833
9 0.456148 0.364634 0.456383 0.365514 0.457737 0.365468 0.457971 0.363338 0.457919 0.360977 0.457268 0.360977 0.455914 0.361301 0.455367 0.362597 0.455471 0.363940
9 0.458440 0.366671 0.457815 0.367644 0.457789 0.369681 0.458258 0.370468 0.459117 0.370606 0.459924 0.369773 0.460159 0.368153 0.459326 0.366949
9 0.461174 0.369264 0.459924 0.369773 0.459117 0.370606 0.459195 0.372458 0.459326 0.373801 0.460211 0.373708 0.460966 0.373338 0.461721 0.373153 0.461539 0.370375
9 0.465932 0.387861 0.464969 0.386194 0.465151 0.385083 0.465568 0.383926 0.466062 0.383324 0.467000 0.383185 0.467938 0.385176 0.467755 0.386611 0.466896 0.387259
9 0.471115 0.377306 0.471792 0.375546 0.473172 0.375639 0.473849 0.377120 0.473745 0.379157 0.473094 0.380361 0.471401 0.380176
9 0.470828 0.374481 0.470672 0.373509 0.471245 0.372120 0.472547 0.371935 0.473094 0.372444 0.473276 0.374111 0.473172 0.375639 0.471792 0.375546 0.470984 0.375546
9 0.470672 0.373509 0.470651 0.371898 0.469427 0.372130 0.468750 0.372500 0.468802 0.375370 0.468542 0.377546 0.468151 0.378056 0.468385 0.379722 0.469609 0.379954 0.470521 0.379120 0.471115 0.377306 0.470984 0.375546 0.470828 0.374481
9 0.477885 0.385319 0.477094 0.386315 0.476523 0.385370 0.476263 0.383560 0.476495 0.382630 0.477172 0.381713 0.478161 0.381843 0.478969 0.383148 0.479073 0.385088
9 0.479073 0.385088 0.479635 0.385231 0.479948 0.386620 0.479974 0.388056 0.478359 0.388148 0.477734 0.387685 0.477552 0.387130 0.477448 0.385741 0.477885 0.385319
9 0.484333 0.392218 0.485063 0.390690 0.485687 0.390551 0.486703 0.390690 0.486964 0.392171 0.486833 0.394069 0.486365 0.395505 0.485089 0.395736 0.484255 0.394671 0.484073 0.394023
9 0.466557 0.439468 0.465581 0.440537 0.465703 0.442116 0.467719 0.441755 0.467836 0.441306 0.467935 0.439903
9 0.468818 0.405227 0.468938 0.408014 0.469268 0.409245 0.470503 0.408921 0.470865 0.408065 0.471167 0.406032 0.470987 0.404421 0.469057 0.403727
9 0.506227 0.389546 0.506331 0.387250 0.507341 0.386569 0.508805 0.386944 0.509224 0.388366 0.508979 0.390787 0.508214 0.392273 0.506854 0.391218
9 0.504307 0.392023 0.505005 0.390537 0.504273 0.389051 0.503612 0.388986 0.502253 0.390227 0.502984 0.392148
9 0.502984 0.392148 0.503646 0.394963 0.504169 0.396324 0.505388 0.396264 0.506156 0.395088 0.506297 0.392546 0.505982 0.391120 0.505005 0.390537 0.504307 0.392023
9 0.491227 0.376991 0.492372 0.375972 0.493367 0.376616 0.493758 0.378171 0.493669 0.380741 0.492826 0.380954 0.491711 0.380847 0.491318 0.379565
9 0.495055 0.374208 0.494693 0.373028 0.494784 0.370241 0.496229 0.369384 0.497315 0.370296 0.497375 0.372759 0.497044 0.374366
9 0.488646 0.374542 0.488687 0.373037 0.489492 0.371819 0.490422 0.371458 0.491469 0.372245 0.491630 0.374329 0.491107 0.375833 0.490260 0.376764 0.489292 0.376477
9 0.482677 0.369449 0.481909 0.368731 0.481750 0.366940 0.482596 0.365435 0.482839 0.364361 0.483885 0.364361 0.484815 0.365292 0.484573 0.367875 0.484089 0.369667
9 0.486711 0.367588 0.487195 0.366079 0.488000 0.365292 0.489010 0.365722 0.489414 0.367444 0.488969 0.370023 0.487839 0.370384 0.486953 0.369954
9 0.487154 0.365079 0.485904 0.364861 0.485742 0.363139 0.485862 0.361491 0.486750 0.360847 0.487995 0.361481 0.487961 0.362639
9 0.487995 0.361481 0.488857 0.361009 0.489823 0.360940 0.490430 0.362375 0.490234 0.365093 0.489503 0.363736 0.487961 0.362639
9 0.490234 0.365093 0.489414 0.367444 0.489010 0.365722 0.488000 0.365292 0.487195 0.366079 0.487195 0.366079 0.487154 0.365079 0.487154 0.365079 0.487961 0.362639 0.489503 0.363736
9 0.495729 0.409074 0.497474 0.407176 0.498021 0.408009 0.498073 0.409259 0.498177 0.410324 0.497422 0.411389 0.496589 0.410833 0.495984 0.409338
9 0.494422 0.410356 0.493953 0.410866 0.494031 0.411931 0.494734 0.412949 0.495333 0.413273 0.496089 0.413088 0.496297 0.411745 0.496089 0.410403 0.495984 0.409338 0.495729 0.409074
9 0.488776 0.422500 0.488021 0.422731 0.486385 0.422968 0.486422 0.421273 0.487081 0.420162 0.488151 0.420648
9 0.471328 0.434398 0.471430 0.435870 0.471768 0.437028 0.472706 0.437769 0.473565 0.437630 0.473956 0.437213 0.474060 0.435454 0.473878 0.434204 0.473383 0.433278 0.472497 0.433139
9 0.460185 0.339023 0.460216 0.337991 0.461385 0.336986 0.462154 0.337417 0.462638 0.339065 0.462557 0.340356 0.461669 0.340644 0.460904 0.341361 0.460258 0.341148
9 0.458289 0.338736 0.459258 0.338880 0.460185 0.339023 0.460305 0.342250 0.459096 0.342394 0.458732 0.341750 0.458370 0.340458
9 0.456352 0.341963 0.456344 0.338208 0.457432 0.337347 0.458201 0.337847 0.458370 0.340458 0.456797 0.340671
9 0.456352 0.341963 0.456797 0.340671 0.458370 0.340458 0.458732 0.341750 0.458328 0.343685 0.458370 0.344690 0.456674 0.344472
9 0.458328 0.345764 0.458328 0.343685 0.459177 0.342824 0.460266 0.343111 0.460628 0.345551 0.460224 0.347412 0.458490 0.347556
9 0.454013 0.345264 0.454247 0.343370 0.455378 0.342796 0.456263 0.343440 0.456505 0.345306 0.456263 0.347384 0.455021 0.347773 0.454859 0.345620
9 0.454013 0.345264 0.453167 0.345551 0.452883 0.347843 0.453206 0.349421 0.454094 0.349639 0.454982 0.349208 0.455021 0.347773 0.454859 0.345620
9 0.468432 0.355644 0.468385 0.352569 0.469318 0.351491 0.470438 0.352241 0.471185 0.354148 0.470297 0.356306 0.469271 0.356472
9 0.465826 0.360181 0.465594 0.358852 0.466013 0.357690 0.466992 0.357194 0.468255 0.358750 0.468299 0.360843 0.467508 0.361671 0.466201 0.361343
9 0.463776 0.363194 0.463914 0.361259 0.464427 0.359847 0.465826 0.360181 0.466201 0.361343 0.466526 0.362833 0.465677 0.363856 0.464930 0.362944
9 0.464930 0.362944 0.463776 0.363194 0.463438 0.364519 0.463578 0.366843 0.464370 0.366926 0.465443 0.366676 0.465677 0.363856
9 0.479539 0.344384 0.478979 0.342972 0.478792 0.341560 0.479211 0.340565 0.480753 0.340481 0.481312 0.341065 0.481312 0.343634 0.480518 0.344796
9 0.479352 0.354088 0.477766 0.354005 0.477719 0.349611 0.480005 0.349773
9 0.486680 0.357241 0.486633 0.355250 0.486867 0.354255 0.487846 0.353426 0.488872 0.354005 0.489247 0.355583 0.489013 0.357324 0.488500 0.357324 0.487286 0.356745
9 0.434263 0.376722 0.434424 0.375287 0.434628 0.374282 0.435716 0.374282 0.436604 0.375287 0.436966 0.376866 0.436643 0.378875 0.435474 0.379019 0.434708 0.378083
9 0.428414 0.369120 0.429141 0.367759 0.430310 0.367829 0.430875 0.368907 0.431036 0.371130 0.430271 0.371773 0.429464 0.371417
9 0.432328 0.366537 0.432167 0.365032 0.432286 0.363958 0.433174 0.363528 0.434547 0.363741 0.434344 0.365606 0.434547 0.367255 0.433701 0.367972 0.432448 0.368046
9 0.434344 0.365606 0.434547 0.363741 0.435273 0.363028 0.436443 0.363958 0.437169 0.365394 0.436724 0.367472 0.435635 0.368259 0.434547 0.367255
13 0.383063 0.256681 0.392810 0.280551 0.395258 0.278375 0.398424 0.278375 0.404549 0.271657 0.411286 0.265306 0.417716 0.263676 0.422005 0.261495 0.423026 0.262222 0.429456 0.256597 0.429354 0.253694 0.430375 0.255324 0.431193 0.254056 0.431396 0.251694 0.432112 0.251694 0.433336 0.250606 0.431497 0.242986 0.430172 0.237361 0.431193 0.236454 0.431294 0.234639 0.430581 0.234273 0.429456 0.235546 0.427008 0.231009 0.425987 0.231731 0.423229 0.229375 0.416901 0.229375 0.406081 0.231190 0.400568 0.233546 0.393320 0.238991 0.390359 0.243167 0.389440 0.242806 0.389542 0.244435 0.384589 0.251394 0.383292 0.251806 0.384130 0.254375
5 0.529708 0.373801 0.532289 0.379630 0.533474 0.381736 0.533891 0.385514 0.528836 0.382069 0.526643 0.381051 0.525721 0.378000 0.527083 0.378486 0.528125 0.377407 0.526466 0.376097 0.528523 0.374856
5 0.513724 0.390333 0.515417 0.393704 0.518760 0.392236 0.520383 0.394949 0.522544 0.399130 0.529219 0.392861 0.534716 0.386472 0.533891 0.385514 0.528836 0.382069 0.526643 0.381051 0.525721 0.378000 0.516568 0.375514 0.521305 0.381708 0.521172 0.382995 0.514583 0.389440
5 0.508302 0.364495 0.510430 0.367532 0.516568 0.375514 0.516568 0.375514 0.525721 0.378000 0.523271 0.375569 0.513831 0.368338
5 0.509125 0.361759 0.508617 0.362662 0.510299 0.363681 0.514052 0.366505 0.524190 0.374190 0.526466 0.376097 0.528523 0.374856 0.529708 0.373801 0.530305 0.373157 0.530445 0.371083 0.530122 0.369338 0.528766 0.367102 0.524284 0.368676 0.522745 0.366273 0.523076 0.361792 0.519435 0.360880 0.516776 0.364319 0.514823 0.364319
2 0.501102 0.354431 0.506872 0.362685 0.507292 0.361963 0.507292 0.361963 0.506247 0.360167 0.506406 0.358657 0.506961 0.354310 0.506961 0.354310 0.506328 0.353426 0.504695 0.354431 0.502826 0.355218
2 0.484427 0.330699 0.490932 0.330773 0.491448 0.332213 0.490974 0.335917 0.489742 0.338111 0.487758 0.335074 0.486901 0.334606
1 0.508143 0.360880 0.506872 0.362685 0.508302 0.364495 0.513831 0.368338 0.523271 0.375569 0.525721 0.378000 0.527083 0.378486 0.528125 0.377407 0.524190 0.374190 0.514052 0.366505 0.510299 0.363681 0.508617 0.362662 0.509125 0.361759 0.508935 0.361023
2 0.515000 0.336019 0.516870 0.337213 0.518344 0.339181 0.519927 0.342514 0.520698 0.345000 0.520589 0.347157 0.519557 0.347875 0.518786 0.348921 0.517536 0.344935 0.516948 0.343889
1 0.504036 0.324815 0.506380 0.326713 0.509034 0.329708 0.512724 0.335310 0.513857 0.339597 0.511396 0.335657 0.508786 0.331458 0.505128 0.326778 0.504062 0.325741
2 0.508250 0.301514 0.511146 0.303931 0.512130 0.310495 0.512031 0.316708 0.511932 0.322222 0.508682 0.309097 0.507648 0.304722
9 0.442977 0.355569 0.443500 0.353847 0.444711 0.353704 0.445680 0.354565 0.445680 0.357287 0.445076 0.358722 0.443865 0.358435 0.443419 0.357505
9 0.438055 0.354634 0.438135 0.352843 0.438742 0.351981 0.439911 0.352199 0.440557 0.353560 0.441081 0.353560 0.441122 0.355926 0.440112 0.356787 0.438701 0.356931 0.438055 0.355926
9 0.434789 0.354491 0.433740 0.354421 0.433255 0.356069 0.434547 0.357648 0.436039 0.356931 0.436240 0.355782 0.435997 0.354421
9 0.425391 0.360731 0.425714 0.358940 0.427003 0.359153 0.427609 0.360083 0.427568 0.362741 0.425794 0.362667
9 0.473596 0.330153 0.474698 0.329889 0.475263 0.331250 0.475302 0.333403 0.474859 0.335051 0.473406 0.334981 0.472641 0.332898 0.472560 0.331394 0.472547 0.330370
9 0.471539 0.329148 0.471419 0.327644 0.471581 0.325995 0.473112 0.325565 0.474000 0.327000 0.473919 0.328574 0.473596 0.330153 0.472547 0.330370 0.471862 0.330296
9 0.462344 0.327144 0.462182 0.325565 0.462664 0.324486 0.464036 0.324347 0.464763 0.325565 0.464763 0.328505 0.463190 0.329579 0.463148 0.327287
9 0.461456 0.330944 0.460891 0.330083 0.460849 0.328144 0.461656 0.327000 0.463148 0.327287 0.463190 0.329579 0.463190 0.330870 0.462383 0.331731
9 0.450026 0.342639 0.449815 0.340255 0.450357 0.338718 0.451706 0.338528 0.452570 0.339486 0.452409 0.341889 0.451589 0.343426
9 0.447643 0.333458 0.446367 0.331144 0.446497 0.329847 0.446862 0.328644 0.447799 0.328319 0.449102 0.329523 0.449336 0.330681 0.449102 0.331884 0.448320 0.333366
9 0.443828 0.338704 0.443867 0.334940 0.445195 0.334847 0.446107 0.335588 0.445951 0.337995 0.445742 0.339477 0.444596 0.339153
9 0.460906 0.307671 0.460424 0.305796 0.460516 0.304620 0.462414 0.304245 0.462534 0.304940 0.462594 0.308421 0.461479 0.308583
9 0.457232 0.306065 0.457656 0.305319 0.458951 0.305213 0.459615 0.306069 0.459615 0.308426 0.459193 0.309500 0.457958 0.309444 0.457385 0.308750 0.457081 0.307884
9 0.455453 0.308528 0.456810 0.308634 0.457081 0.307884 0.457232 0.306065 0.456026 0.306171 0.455242 0.307245 0.454820 0.307727 0.454880 0.308745
9 0.450091 0.312977 0.450937 0.310556 0.451927 0.310509 0.452982 0.311477 0.452982 0.313241 0.452320 0.314741 0.450602 0.314102
9 0.448221 0.316565 0.448945 0.316940 0.449729 0.316352 0.450091 0.315759 0.449818 0.312977 0.449036 0.312333 0.447711 0.312602 0.447560 0.313884
9 0.451628 0.300236 0.450716 0.299171 0.450664 0.298199 0.451185 0.297412 0.452799 0.297458 0.453581 0.297227 0.454674 0.298292 0.454727 0.299356 0.453971 0.301069 0.453398 0.300838 0.453060 0.300144
9 0.445286 0.300463 0.451445 0.300699 0.452461 0.302181 0.455065 0.302782 0.455247 0.303523 0.454987 0.304218 0.450482 0.303755 0.445638 0.303616 0.445221 0.302782
9 0.445417 0.322208 0.445417 0.320491 0.445956 0.319583 0.447555 0.319634 0.448310 0.320810 0.448068 0.322477 0.447854 0.323926 0.446169 0.324565 0.445688 0.323815
9 0.464352 0.369773 0.464586 0.368106 0.465628 0.367782 0.466617 0.368477 0.466773 0.370329 0.466513 0.372412 0.464534 0.372366
9 0.437758 0.311000 0.438357 0.309287 0.439841 0.308963 0.440805 0.311231 0.440414 0.312389 0.440570 0.313963 0.440023 0.314148 0.439763 0.313500 0.438904 0.313639 0.437966 0.312111
2 0.481016 0.325551 0.483935 0.329921 0.484253 0.326843 0.483359 0.325023 0.482443 0.324852
2 0.507648 0.304722 0.506953 0.308426 0.504437 0.313171 0.502875 0.314259 0.503464 0.316449 0.504060 0.324806 0.506380 0.326713 0.509034 0.329708 0.512724 0.335310 0.513857 0.339597 0.511396 0.335657 0.508786 0.331458 0.505143 0.326819 0.504094 0.325644 0.504167 0.328148 0.506565 0.334005 0.510654 0.340569 0.512135 0.341898 0.514005 0.344782 0.516513 0.345593 0.517536 0.344935 0.516948 0.343889 0.515000 0.336019 0.513266 0.327875 0.511932 0.322222 0.508682 0.309097
10 0.460190 0.297815 0.461078 0.295713 0.462062 0.294579 0.462703 0.291514 0.465016 0.289676 0.470135 0.290111 0.475453 0.292213 0.481115 0.296940 0.483919 0.300093 0.484909 0.302551 0.484737 0.305796 0.484586 0.311477 0.483797 0.314454 0.483284 0.314792 0.483237 0.310241 0.482602 0.310593 0.482646 0.318296 0.482010 0.319343 0.481711 0.323194 0.480185 0.324157 0.475565 0.317148 0.471612 0.312347 0.470953 0.312931 0.469568 0.308829 0.466997 0.305079 0.464031 0.301565 0.460539 0.298287 0.460539 0.298287
2 0.480307 0.265634 0.482227 0.263181 0.484786 0.257319 0.486461 0.251106 0.487003 0.247778 0.488138 0.246380 0.491482 0.247343 0.491826 0.249181 0.490159 0.260468 0.492273 0.261870 0.491531 0.267907 0.491284 0.271324 0.489513 0.271671 0.489320 0.269486 0.485721 0.267208
2 0.462448 0.263056 0.463591 0.256403 0.464143 0.255500 0.464313 0.253681 0.465505 0.254134 0.465164 0.258519 0.464143 0.262681
1 0.480185 0.324157 0.481711 0.323194 0.486641 0.323472 0.491156 0.326250 0.494505 0.331412 0.495833 0.334565 0.496432 0.340787 0.495490 0.346556 0.494799 0.345505 0.494849 0.340255 0.494714 0.335880 0.493029 0.331852 0.490518 0.327565 0.486924 0.325463 0.482443 0.324852 0.481016 0.325551
5 0.488555 0.330773 0.490341 0.329185 0.491187 0.328657 0.493029 0.331852 0.494714 0.335880 0.494849 0.340255 0.494799 0.345505 0.493690 0.343981 0.489742 0.338111 0.489742 0.338111 0.490974 0.335917 0.491448 0.332213 0.490932 0.330773
2 0.600417 0.587315 0.598523 0.584241 0.598576 0.583407 0.601440 0.580861 0.603938 0.578824 0.604797 0.580306 0.605945 0.581694 0.606151 0.583130
2 0.381049 0.252194 0.385021 0.241685 0.392167 0.225843 0.399401 0.210315 0.411727 0.184528 0.423930 0.159023 0.427547 0.154005 0.429135 0.156514 0.413430 0.189296 0.393966 0.230380 0.387492 0.243255 0.384589 0.251394 0.383292 0.251806 0.384130 0.254375 0.383063 0.256681
6 0.504167 0.328148 0.506565 0.334005 0.510654 0.340569 0.512135 0.341898 0.515625 0.347306 0.518333 0.350106 0.519810 0.350898 0.520055 0.355796 0.517250 0.355972 0.512424 0.349060 0.510849 0.347569 0.506023 0.342755
6 0.506667 0.351250 0.514344 0.352736 0.515328 0.359125 0.513458 0.360875 0.506406 0.358657 0.506961 0.354310 0.506328 0.353426
9 0.432682 0.324769 0.433359 0.323796 0.434036 0.324028 0.434792 0.325231 0.434792 0.326898 0.434193 0.328194 0.433646 0.329213 0.432865 0.328843 0.432500 0.328426 0.432266 0.326667
9 0.459995 0.394991 0.460443 0.393102 0.461714 0.393046 0.462339 0.393139 0.462521 0.394481 0.462078 0.395870
9 0.483927 0.361394 0.482758 0.360810 0.482245 0.359153 0.483273 0.356912 0.484346 0.356412 0.485279 0.356995 0.485372 0.358319 0.485000 0.360727
9 0.486214 0.359398 0.486214 0.357741 0.487286 0.356745 0.488500 0.357324 0.488641 0.359153 0.488406 0.360315 0.487995 0.361481 0.486750 0.360847
5 0.466557 0.439468 0.467935 0.439903 0.467836 0.441306 0.473005 0.440606 0.481669 0.431417 0.480440 0.428875 0.482359 0.426338 0.486385 0.422968 0.486422 0.421273 0.487081 0.420162 0.488151 0.420648 0.488776 0.422500 0.494771 0.415259 0.499437 0.408458 0.507596 0.399699 0.512867 0.394472 0.515417 0.393704 0.513724 0.390333 0.492372 0.412523 0.492372 0.412523 0.468281 0.437500
5 0.392810 0.280551 0.395909 0.288222 0.400010 0.283519 0.411784 0.271519 0.423016 0.262199 0.423016 0.262199 0.422005 0.261495 0.417716 0.263676 0.411286 0.265306 0.404549 0.271657 0.398424 0.278375 0.395258 0.278375
5 0.409000 0.320898 0.426401 0.365537 0.436089 0.388736 0.435867 0.386361 0.459562 0.394870 0.470156 0.399023 0.477107 0.404792 0.476594 0.410361 0.475513 0.414412 0.473859 0.411074 0.471810 0.404792 0.455633 0.398718 0.444013 0.394667 0.438203 0.392236 0.460211 0.445565 0.468250 0.437949 0.492372 0.412523 0.514583 0.389440 0.521172 0.382995 0.521305 0.381708 0.510430 0.367532 0.493690 0.343981 0.487758 0.335074 0.486901 0.334606 0.483935 0.329921 0.475565 0.317148 0.471612 0.312347 0.470953 0.312931 0.469568 0.308829 0.466997 0.305079 0.464031 0.301565 0.460539 0.298287 0.452302 0.286685 0.430375 0.255324 0.429354 0.253694 0.429456 0.256597 0.423016 0.262199 0.411784 0.271519 0.400010 0.283519 0.395909 0.288222
5 0.435867 0.386361 0.459562 0.394870 0.470156 0.399023 0.477107 0.404792 0.476594 0.410361 0.475513 0.414412 0.473859 0.411074 0.471810 0.404792 0.455633 0.398718 0.444013 0.394667 0.438203 0.392236 0.436323 0.390921
5 0.446258 0.263324 0.445128 0.264375 0.445669 0.266125 0.446307 0.266384 0.447341 0.273648 0.448966 0.281792 0.452302 0.286685 0.460190 0.297815 0.461078 0.295713 0.462062 0.294579 0.462703 0.291514 0.465016 0.289676 0.470135 0.290111 0.475453 0.292213 0.481115 0.296940 0.480685 0.294356 0.480341 0.289292 0.480969 0.281796 0.483646 0.275926 0.487406 0.272481 0.489513 0.271671 0.489320 0.269486 0.485721 0.267208 0.480307 0.265634 0.476297 0.263269 0.471341 0.262051 0.464143 0.262681 0.462448 0.263056 0.459797 0.262796 0.456008 0.262537 0.450344 0.262009
5 0.483359 0.325023 0.484253 0.326843 0.483935 0.329921 0.484427 0.330699 0.484427 0.330699 0.488555 0.330773 0.490341 0.329185 0.491187 0.328657 0.490518 0.327565 0.486924 0.325463
5 0.483797 0.314454 0.483284 0.314792 0.483284 0.314792 0.483237 0.310241 0.482602 0.310593 0.482646 0.318296 0.482010 0.319343 0.481711 0.323194 0.486641 0.323472 0.491156 0.326250 0.492461 0.328208 0.492885 0.327074 0.495354 0.325792 0.498758 0.320870 0.501224 0.315579 0.500242 0.316153 0.494753 0.317644 0.488042 0.318731
5 0.501224 0.315579 0.502875 0.314259 0.503464 0.316449 0.504060 0.324806 0.504167 0.328148 0.504167 0.328148 0.506023 0.342755 0.506565 0.348130 0.506667 0.351250 0.506328 0.353426 0.504695 0.354431 0.502826 0.355218 0.501102 0.354431 0.495490 0.346556 0.496432 0.340787 0.495833 0.334565 0.494505 0.331412 0.492461 0.328208 0.492885 0.327074 0.495354 0.325792 0.498758 0.320870
5 0.545419 0.366833 0.546013 0.362417 0.545635 0.356750 0.543693 0.345810 0.542612 0.337264 0.540182 0.330542 0.535214 0.329870 0.534081 0.331407 0.528302 0.332847 0.525224 0.333519 0.523117 0.340815 0.520698 0.345000 0.520589 0.347157 0.519557 0.347875 0.518786 0.348921 0.518333 0.350106 0.519810 0.350898 0.519932 0.353968 0.524469 0.355023 0.524284 0.356398 0.519435 0.360880 0.523076 0.361792 0.522745 0.366273 0.524284 0.368676 0.528766 0.367102 0.530122 0.369338 0.530445 0.371083 0.530305 0.373157 0.534646 0.379051 0.537070 0.382500 0.540057 0.375454 0.544021 0.369222
5 0.506406 0.358657 0.506247 0.360167 0.507292 0.361963 0.508143 0.360880 0.508935 0.361023 0.509125 0.361759 0.514823 0.364319 0.516776 0.364319 0.519435 0.360880 0.524284 0.356398 0.524469 0.355023 0.519932 0.353968 0.520055 0.355796 0.517250 0.355972 0.514615 0.352171 0.514344 0.352736 0.515328 0.359125 0.513458 0.360875
5 0.543685 0.626833 0.533380 0.633769 0.518852 0.630657 0.517276 0.628944 0.517013 0.628009 0.517276 0.627856 0.518414 0.628477 0.520076 0.628319 0.520508 0.627542 0.521326 0.620801 0.521453 0.620315
2 0.564156 0.429694 0.566333 0.437440 0.570872 0.437764 0.595372 0.506486 0.601180 0.526167 0.604083 0.557144 0.608622 0.561014 0.610073 0.564884 0.608802 0.581019 0.543685 0.626833 0.521453 0.620315 0.521326 0.620801 0.520508 0.627542 0.505044 0.617898 0.484445 0.511875 0.503685 0.489935 0.513721 0.479579 0.526841 0.472319 0.530490 0.468444 0.533758 0.464120 0.539492 0.455926 0.540763 0.451088 0.541852 0.447861 0.546570 0.440764 0.551289 0.437537
9 0.421482 0.350245 0.421602 0.348477 0.422174 0.347139 0.423378 0.346495 0.424193 0.348102 0.424253 0.351370 0.423740 0.351583 0.422083 0.351694
9 0.433971 0.334481 0.433940 0.332769 0.434784 0.331806 0.436049 0.331912 0.436711 0.333037 0.436591 0.335769 0.436109 0.336625 0.434302 0.336625
9 0.438544 0.322310 0.438544 0.320972 0.438664 0.318935 0.440143 0.319319 0.441169 0.319954 0.441380 0.321292 0.440563 0.323120 0.440234 0.324616 0.438815 0.323759
9 0.441828 0.321079 0.441437 0.319583 0.442310 0.318083 0.443695 0.317921 0.444089 0.318935 0.444271 0.321185 0.443789 0.322741 0.442133 0.322528
9 0.431664 0.316486 0.432133 0.315838 0.432992 0.315792 0.433643 0.316856 0.433721 0.318940 0.432784 0.319866 0.431560 0.319356 0.431612 0.318477 0.429971 0.318014 0.429841 0.317227 0.430102 0.316579
9 0.431380 0.319815 0.430180 0.319958 0.429112 0.321764 0.429685 0.322505 0.430180 0.323708 0.431299 0.322829 0.431977 0.322690 0.432107 0.321671 0.432003 0.320514
9 0.430180 0.323708 0.430078 0.324954 0.430859 0.326852 0.431563 0.327083 0.432266 0.326667 0.432682 0.324769 0.432760 0.323056 0.431977 0.322690 0.431299 0.322829
9 0.402784 0.306227 0.404836 0.306384 0.405164 0.307671 0.404956 0.309333 0.404531 0.309977
9 0.414326 0.287639 0.413875 0.286083 0.414297 0.284801 0.414750 0.283995 0.416315 0.284426 0.416526 0.285926 0.416495 0.287907 0.416044 0.288657 0.414870 0.288602
9 0.416255 0.283458 0.416076 0.281583 0.416615 0.280083 0.417609 0.280083 0.418576 0.281426 0.418667 0.283139 0.418336 0.284583 0.417703 0.285120 0.416315 0.284426
9 0.435495 0.278472 0.435286 0.276991 0.435937 0.276157 0.436771 0.276296 0.437500 0.277222 0.437630 0.278935 0.437422 0.279583 0.435729 0.279398
9 0.423568 0.293565 0.423568 0.291764 0.423854 0.290606 0.424792 0.290509 0.425807 0.291435 0.426198 0.292921 0.426068 0.294213 0.425365 0.295005 0.424583 0.295185
9 0.435651 0.291111 0.435052 0.289583 0.434974 0.287731 0.435573 0.286903 0.436953 0.286903 0.437396 0.287500 0.437500 0.289861 0.437422 0.290972
5 0.297013 0.203889 0.288721 0.187306 0.294810 0.183389 0.308674 0.177398 0.311911 0.175097 0.316057 0.171644 0.321370 0.171644 0.331484 0.192037 0.343005 0.212407 0.357388 0.241662 0.371185 0.271329 0.373984 0.280079 0.374555 0.283259 0.376224 0.285444 0.376458 0.288046 0.372870 0.284847 0.369734 0.282472 0.366146 0.278491 0.361979 0.280648 0.359266 0.284731 0.335143 0.254995 0.306938 0.217222
5 0.357547 0.158755 0.356435 0.154731 0.355596 0.153046 0.355523 0.149398 0.359219 0.149204 0.362883 0.148806 0.362883 0.147792 0.358784 0.143718 0.358755 0.142060 0.361227 0.140282 0.364388 0.132481 0.363685 0.130005 0.362427 0.128514 0.362516 0.125519 0.365508 0.125852 0.372786 0.132907 0.378664 0.138218 0.384917 0.144190 0.389536 0.148009 0.395753 0.153481 0.403409 0.161954 0.415229 0.173750 0.423760 0.180292 0.433701 0.189894 0.442901 0.199713 0.447419 0.204171 0.447044 0.206278 0.448794 0.213167 0.449609 0.219051 0.456609 0.225056 0.455227 0.227278 0.454115 0.228287 0.453177 0.229907 0.451172 0.228051 0.449734 0.227046 0.447943 0.231296 0.446706 0.239412 0.439331 0.231185 0.439766 0.240181 0.440266 0.249509 0.434219 0.242505 0.424984 0.232806 0.411701 0.218213 0.396148 0.201894 0.379083 0.182597 0.362451 0.164551
5 0.384917 0.144190 0.377315 0.135782 0.371388 0.129644 0.368401 0.126907 0.368401 0.125662 0.370081 0.123171 0.374234 0.120435 0.375401 0.119190 0.376521 0.112801 0.377409 0.110560 0.381047 0.102597 0.383055 0.102264 0.383570 0.102500 0.384411 0.103250 0.410234 0.129417 0.441930 0.159255 0.468906 0.185454 0.466456 0.189551 0.466456 0.189551 0.465057 0.192620 0.463003 0.198014 0.461883 0.200171 0.461229 0.200088 0.460622 0.199009 0.459596 0.200333 0.460016 0.202412 0.458661 0.206560 0.456328 0.208051 0.456281 0.209546 0.454010 0.212546 0.447419 0.204171 0.442901 0.199713 0.433701 0.189894 0.423760 0.180292 0.415229 0.173750 0.403409 0.161954 0.395753 0.153481 0.389536 0.148009
5 0.464870 0.234852 0.462633 0.232213 0.459487 0.232356 0.457607 0.233384 0.456609 0.233602 0.453638 0.235727 0.452146 0.237019 0.450979 0.238903 0.451461 0.240102 0.462190 0.251861 0.474815 0.265917 0.494823 0.288435 0.498818 0.293671 0.507609 0.302417 0.525440 0.323931 0.533424 0.333111 0.534596 0.334616 0.535724 0.338417 0.535951 0.339593 0.531870 0.341514 0.530984 0.342181 0.531474 0.344005 0.539958 0.353324 0.541630 0.352431 0.541044 0.350500 0.541044 0.345296 0.543135 0.343958 0.546984 0.349014 0.548823 0.347676 0.548992 0.343065 0.552003 0.347676 0.554094 0.347227 0.554010 0.342917 0.556518 0.331167 0.559279 0.325815 0.562307 0.327806 0.563315 0.327157 0.562786 0.326019 0.559375 0.322639 0.557318 0.320694 0.553078 0.316412 0.551865 0.314755 0.550130 0.314398 0.547383 0.311681 0.544583 0.314171 0.542344 0.311602 0.540198 0.310602 0.538469 0.311185 0.536695 0.311269 0.514576 0.287454 0.489557 0.260986
5 0.451461 0.240102 0.449839 0.242657 0.446706 0.239412 0.439331 0.231185 0.439766 0.240181 0.440266 0.249509 0.440211 0.252102 0.437727 0.253926 0.434974 0.255463 0.433948 0.257000 0.436797 0.259120 0.445964 0.269815 0.464237 0.290875 0.480622 0.308231 0.488049 0.313931 0.500633 0.331287 0.511859 0.346162 0.517961 0.354032 0.521133 0.351491 0.526328 0.345542 0.531870 0.341514 0.535951 0.339593 0.535724 0.338417 0.534596 0.334616 0.533424 0.333111 0.525440 0.323931 0.507609 0.302417 0.498818 0.293671 0.494823 0.288435 0.474815 0.265917 0.462190 0.251861
