0 0.454852 0.405213 0.450578 0.404569 0.447995 0.402417 0.446099 0.402704 0.445172 0.400338 0.444083 0.398259 0.443234 0.397468 0.440615 0.397898 0.430974 0.401060 0.427799 0.402889 0.426693 0.404537 0.423784 0.410356 0.422990 0.416495 0.422224 0.420250 0.420781 0.424000 0.420115 0.427968 0.420099 0.432528 0.420542 0.435324 0.426370 0.449931 0.431065 0.451468 0.432255 0.450505 0.431503 0.443500 0.429339 0.433991 0.432094 0.428806 0.434849 0.425255 0.438521 0.426505 0.442570 0.427847 0.446737 0.422870 0.449773 0.423380 0.451508 0.424282 0.450641 0.426083 0.447604 0.428907 0.448833 0.432380 0.447896 0.432894 0.444208 0.432250 0.442182 0.433921 0.438786 0.444843 0.434302 0.454736 0.431628 0.461032 0.445667 0.492944 0.447919 0.484611 0.447104 0.468843 0.454708 0.452157 0.457383 0.446806 0.457216 0.444273 0.458221 0.443236 0.462570 0.445907 0.465747 0.444426 0.469339 0.470792 0.464255 0.485208 0.467430 0.499361 0.469643 0.505986 0.471641 0.509630 0.475042 0.513569 0.476664 0.514722 0.478854 0.518185 0.486320 0.515282 0.487255 0.511796 0.487065 0.506986 0.490523 0.501426 0.491221 0.493375 0.491526 0.482236 0.490607 0.472542 0.481805 0.465051 0.476549 0.438551 0.481654 0.431569 0.484242 0.430074 0.487755 0.434838 0.495453 0.440042 0.497794 0.441528 0.499885 0.450306 0.501310 0.455806 0.504154 0.459963 0.510341 0.465616 0.511174 0.472458 0.513938 0.471264 0.516448 0.467704 0.516531 0.458630 0.518372 0.454907 0.518706 0.443315 0.515862 0.432606 0.509336 0.420708 0.506997 0.419227 0.505583 0.418171 0.506909 0.413218 0.507258 0.407824 0.506560 0.403917 0.506977 0.400630 0.507013 0.395241 0.506036 0.390713 0.504104 0.385787 0.501677 0.383301 0.500091 0.382634 0.499344 0.380648 0.497570 0.379069 0.495190 0.376579 0.491409 0.375167 0.485714 0.376579 0.482169 0.377819 0.479930 0.384208
1 0.486698 0.548208 0.485812 0.548903 0.485630 0.553440 0.486281 0.556588 0.487078 0.559556 0.488240 0.562384 0.489083 0.563940 0.490711 0.565977 0.492096 0.567958 0.495466 0.569736 0.499234 0.570162 0.499203 0.568769 0.496341 0.567593 0.493990 0.566306 0.492714 0.565199 0.491448 0.564287 0.490393 0.562787 0.489641 0.561880 0.487904 0.559023 0.486669 0.555218
9 0.547549 0.561921 0.545336 0.564468 0.543044 0.567338 0.545961 0.570671 0.550076 0.565023
1 0.545984 0.574630 0.545984 0.578056 0.546583 0.581435 0.547391 0.584537 0.548432 0.586574 0.550151 0.589074 0.553729 0.592556 0.556333 0.593898 0.559458 0.594778 0.563232 0.594593 0.566036 0.593310 0.568388 0.590491 0.569716 0.587620 0.570719 0.585500 0.571443 0.582500 0.571865 0.579500 0.571924 0.575218 0.569805 0.567782 0.568641 0.568931 0.571195 0.575898 0.571195 0.575898 0.571099 0.578870 0.570438 0.582833 0.568930 0.586852 0.567648 0.589287 0.565766 0.591579 0.564273 0.592319 0.563128 0.592736 0.560500 0.592944 0.557294 0.592449 0.554365 0.590898 0.552411 0.589352 0.550703 0.587491 0.549206 0.585509 0.548159 0.583153 0.547531 0.581046 0.546833 0.577514 0.546766 0.575343
2 0.548711 0.576713 0.547253 0.577269 0.547773 0.580278 0.548503 0.582963 0.549492 0.584954 0.550638 0.586620 0.552617 0.589213 0.554180 0.589259 0.552617 0.586991 0.551081 0.583935
1 0.521727 0.490338 0.522521 0.493741 0.522286 0.497060 0.523128 0.499551 0.520958 0.501852 0.521458 0.506074 0.522393 0.503606 0.524354 0.507093 0.523857 0.515162 0.524596 0.523069 0.528096 0.520912 0.528826 0.523579 0.530971 0.508981 0.530289 0.508736 0.529495 0.508477 0.528628 0.502435 0.525664 0.495111 0.522698 0.490227
9 0.549945 0.558380 0.548904 0.557546 0.548305 0.557685 0.548070 0.558056 0.548070 0.559491 0.548904 0.560324 0.549711 0.559259
9 0.547969 0.560032 0.543307 0.559060 0.542448 0.559662 0.541823 0.561236 0.543854 0.564801 0.547708 0.561282
9 0.541807 0.545569 0.543344 0.543995 0.546000 0.545569 0.546859 0.548718
9 0.551813 0.547940 0.549990 0.549468 0.548193 0.548125 0.547560 0.549301 0.547984 0.550208 0.549885 0.552014 0.552438 0.548773
9 0.552185 0.546190 0.550961 0.544986 0.549945 0.545866 0.551664 0.547625
9 0.550102 0.546282 0.548878 0.544569 0.546560 0.545912 0.546924 0.546745 0.548695 0.547995 0.549997 0.548042
1 0.553180 0.542014 0.552060 0.542106 0.552185 0.546190 0.551813 0.547940 0.552438 0.548773 0.550289 0.551736 0.550914 0.553032 0.551409 0.551875 0.552424 0.551690 0.552810 0.552644 0.553049 0.552894 0.552971 0.554005 0.554013 0.554051 0.554195 0.553403 0.554195 0.551181 0.553466 0.549329
9 0.560529 0.556120 0.560555 0.553898 0.558234 0.552833 0.554279 0.550657 0.554461 0.555565 0.556622 0.555472 0.557924 0.555935
9 0.553638 0.555366 0.552518 0.558375 0.553951 0.558653 0.556190 0.556755 0.555956 0.555597 0.554461 0.555565
10 0.391552 0.348894 0.394201 0.346815 0.398581 0.344190 0.401891 0.343736 0.404641 0.344190 0.406880 0.344551 0.406187 0.346528 0.404552 0.349028 0.402651 0.351194 0.400633 0.352139 0.399302 0.352412 0.397628 0.352412 0.395195 0.351463 0.393826 0.350722
10 0.476549 0.438551 0.477740 0.436981 0.490810 0.436981 0.481654 0.431569 0.484242 0.430074 0.487755 0.434838 0.495453 0.440042 0.497794 0.441528 0.499885 0.450306 0.501310 0.455806 0.502023 0.456847 0.502023 0.460218 0.501458 0.464375 0.501016 0.467889 0.499643 0.470042 0.495891 0.471329 0.493956 0.471329 0.492180 0.465810 0.487945 0.465306 0.481805 0.465051
10 0.454708 0.452157 0.457383 0.446806 0.457216 0.444273 0.458221 0.443236 0.462570 0.445907 0.465747 0.444426 0.468070 0.461579 0.466695 0.459912 0.462635 0.454912 0.460760 0.452694 0.458510 0.452250
2 0.472156 0.549278 0.470927 0.551028 0.476651 0.566773 0.479961 0.574384 0.481958 0.571310
2 0.470927 0.551028 0.476651 0.566773 0.469846 0.570801 0.466083 0.553065 0.468370 0.553907 0.469711 0.552361
10 0.504341 0.501384 0.508263 0.503917 0.511471 0.511796 0.512846 0.521301 0.512443 0.533884 0.508828 0.525736 0.507555 0.522838 0.508880 0.519037 0.510151 0.517500 0.509948 0.515870 0.508573 0.516051 0.506536 0.521389 0.505263 0.518676 0.503635 0.517227 0.502719 0.513787 0.504346 0.506454 0.503888 0.502741
10 0.499047 0.500213 0.494997 0.501074 0.490245 0.503898 0.487516 0.508505 0.487255 0.511796 0.486320 0.515282 0.485526 0.528819 0.507518 0.548282 0.510622 0.546657 0.511810 0.539199 0.510898 0.533685 0.505424 0.522653 0.502044 0.519074
13 0.409117 0.279458 0.406875 0.271944 0.401987 0.267602 0.391294 0.264884 0.381159 0.269773 0.368964 0.282847 0.365078 0.289995 0.363307 0.297991 0.380044 0.339935 0.385641 0.353759 0.387469 0.353759 0.390596 0.349745 0.389409 0.347935 0.388125 0.344903 0.387240 0.342153 0.386451 0.339111 0.386206 0.335218 0.386281 0.329269 0.386622 0.325611 0.387500 0.321755 0.389930 0.316250 0.393443 0.313171 0.395734 0.312088 0.399503 0.312449 0.396294 0.308917 0.400276 0.298218 0.395505 0.297278 0.392026 0.293292 0.390612 0.289625 0.389669 0.285861 0.390260 0.282403 0.392195 0.281088 0.395846 0.281634 0.406849 0.284139
13 0.417143 0.311417 0.421326 0.327375 0.422039 0.336532 0.421630 0.344324 0.420102 0.351838 0.418984 0.355551 0.415049 0.360579 0.413568 0.352736 0.412159 0.349491 0.410219 0.347125 0.408128 0.344894 0.409914 0.339074 0.410398 0.332343 0.410260 0.330278 0.411010 0.329069 0.409443 0.324218 0.410604 0.324463
13 0.399956 0.313949 0.397510 0.313319 0.397510 0.313319 0.395422 0.313500 0.392419 0.316032 0.389771 0.319292 0.388141 0.324361 0.387174 0.329523 0.387021 0.335407 0.388039 0.341565 0.389771 0.346269 0.391552 0.348894 0.394201 0.346815 0.398581 0.344190 0.401891 0.343736 0.404641 0.344190 0.406880 0.344551 0.408510 0.340204 0.409122 0.332963 0.409427 0.327801 0.408714 0.323185
10 0.390596 0.349745 0.387469 0.353759 0.385641 0.353759 0.406453 0.403537 0.413263 0.418481 0.414633 0.416653 0.416648 0.415167 0.417180 0.412259 0.418094 0.407727 0.418703 0.402722 0.419044 0.398394 0.417674 0.377569 0.417294 0.370806 0.416115 0.363231 0.415049 0.360579 0.413568 0.352736 0.412159 0.349491 0.410219 0.347125 0.408128 0.344894 0.407023 0.347542 0.404818 0.350787 0.402536 0.353019 0.398581 0.353694 0.395195 0.353426 0.391885 0.350921
10 0.416115 0.363231 0.417294 0.370806 0.417674 0.377569 0.418240 0.387065 0.419164 0.385032 0.420354 0.377676 0.420750 0.371181 0.419737 0.365940 0.418328 0.363750
10 0.434586 0.304287 0.436695 0.303963 0.439065 0.303685 0.441982 0.303824 0.442768 0.308130 0.442456 0.315569 0.443143 0.328565 0.444393 0.334676 0.446143 0.339338 0.448518 0.341005 0.448643 0.343227 0.445977 0.345440 0.443055 0.348463 0.440266 0.352366 0.438906 0.355653 0.437823 0.361167 0.436534 0.361667 0.436081 0.357574 0.434477 0.354787 0.433570 0.354292 0.432490 0.354292 0.430573 0.356213 0.429396 0.347227 0.427396 0.342227 0.425318 0.337421 0.425805 0.335120 0.429583 0.340685 0.433742 0.341264 0.436766 0.340301 0.440224 0.335509 0.441482 0.329486 0.441094 0.319167 0.439352 0.312625 0.436255 0.306088
10 0.448643 0.343227 0.445977 0.345440 0.443055 0.348463 0.440266 0.352366 0.438906 0.355653 0.437823 0.361167 0.437758 0.367495 0.438768 0.374306 0.440359 0.378546 0.443034 0.383685 0.448602 0.383431 0.452070 0.386130 0.450771 0.381505 0.449758 0.372764 0.449974 0.353102
10 0.469333 0.344255 0.472602 0.346407 0.475167 0.350310 0.476193 0.353296 0.476708 0.357861 0.475820 0.359852 0.474375 0.360681 0.465552 0.359685 0.464620 0.353713 0.464854 0.349398
10 0.470661 0.369435 0.471849 0.366556 0.473740 0.362523 0.475820 0.359852 0.479357 0.358968 0.482542 0.360315 0.491453 0.366843 0.495190 0.376579 0.491409 0.375167 0.485714 0.376579 0.482169 0.377819 0.479930 0.384208 0.475253 0.387769 0.474659 0.385657 0.476711 0.382778 0.476279 0.372407 0.473578 0.369722 0.471581 0.370296
10 0.452070 0.386130 0.448602 0.383431 0.443034 0.383685 0.440823 0.383347 0.437927 0.384509 0.434008 0.387083 0.431862 0.390153 0.430974 0.393968 0.430180 0.397949 0.430974 0.401060 0.440615 0.397898 0.443234 0.397468 0.444083 0.398259 0.445172 0.400338 0.446099 0.402704 0.447995 0.402417 0.450578 0.404569 0.454852 0.405213 0.453143 0.402681 0.451648 0.398782 0.451836 0.393222
2 0.540049 0.524440 0.540771 0.534208 0.538604 0.536134 0.536797 0.539606 0.536289 0.542431 0.534555 0.543458 0.534555 0.539093 0.538026 0.519042 0.539615 0.518782
2 0.545891 0.517398 0.543070 0.521380 0.551312 0.541815 0.554927 0.536931
2 0.541951 0.553870 0.542263 0.560588 0.538539 0.560032 0.537289 0.553315 0.536948 0.551546 0.536779 0.545079 0.537062 0.543060 0.541154 0.541648 0.541409 0.545537 0.539081 0.544273 0.538086 0.550083
2 0.547560 0.549301 0.541409 0.545537 0.539081 0.544273 0.538086 0.550083 0.541951 0.553870 0.551169 0.557907 0.551169 0.553370 0.548005 0.551181
2 0.567102 0.564551 0.563008 0.567366 0.566484 0.578088 0.567013 0.572690 0.567849 0.566819
2 0.568641 0.568931 0.571195 0.575898 0.567146 0.579338
2 0.473659 0.547690 0.476315 0.546255 0.484701 0.569167 0.484633 0.574190 0.484404 0.578986 0.482497 0.579569 0.480951 0.576412 0.484240 0.571213
2 0.485953 0.571787 0.491635 0.581657 0.490487 0.586093 0.490974 0.590889 0.494896 0.585819 0.497594 0.589667 0.504122 0.601417 0.501206 0.610509 0.493451 0.600778 0.483047 0.581079 0.484060 0.581079 0.484971 0.579963 0.485466 0.578435
2 0.420781 0.294181 0.425750 0.280644 0.428753 0.283435 0.420443 0.302847 0.421698 0.295412
10 0.406849 0.284139 0.395846 0.281634 0.392195 0.281088 0.390260 0.282403 0.389669 0.285861 0.390612 0.289625 0.392026 0.293292 0.395505 0.297278 0.400276 0.298218
2 0.409117 0.279458 0.406849 0.284139 0.400276 0.298218 0.396294 0.308917 0.399503 0.312449 0.399956 0.313949 0.408714 0.323185 0.409443 0.324218 0.410604 0.324463 0.417143 0.311417 0.420443 0.302847 0.421698 0.295412
2 0.551076 0.528083 0.555242 0.531370 0.556440 0.534241 0.555659 0.535861 0.553341 0.533176
2 0.540951 0.516745 0.539615 0.518782 0.540378 0.524384 0.542513 0.527440 0.545195 0.527208 0.543070 0.521380 0.543581 0.520171
2 0.492714 0.565199 0.495245 0.557111 0.493047 0.555181 0.489641 0.561880 0.490393 0.562787 0.491448 0.564287
2 0.492096 0.567958 0.489625 0.577278 0.485953 0.571787 0.487034 0.565977 0.488240 0.562384 0.489083 0.563940 0.490711 0.565977
1 0.556622 0.555472 0.557784 0.558162 0.558599 0.563301 0.558539 0.567426 0.558297 0.569944 0.557372 0.572778 0.555625 0.575884 0.551497 0.576958 0.547148 0.575889 0.544135 0.573213 0.541875 0.570750 0.539633 0.566968 0.538643 0.564329 0.537628 0.561588 0.537055 0.559648 0.536247 0.554324 0.535518 0.551681 0.535247 0.547019 0.535698 0.546375 0.536198 0.543500 0.536289 0.542431 0.536797 0.539606 0.538604 0.536134 0.540771 0.534208 0.542026 0.534912 0.542388 0.535769 0.542026 0.536894 0.541242 0.536144 0.539828 0.536625 0.538802 0.538019 0.537930 0.539625 0.537062 0.543060 0.536779 0.545079 0.536948 0.551546 0.537289 0.553315 0.538539 0.560032 0.539495 0.563032 0.541453 0.567907 0.543594 0.570588 0.546818 0.573375 0.549589 0.574606 0.551156 0.574926 0.553779 0.574657 0.555164 0.574014 0.555164 0.574014 0.556036 0.572944 0.556974 0.570912 0.557443 0.568505 0.557521 0.566421 0.557635 0.564481 0.557427 0.561370 0.556820 0.558750 0.556190 0.556755 0.555956 0.555597
10 0.469010 0.468338 0.467065 0.468236 0.465534 0.468444 0.461763 0.469912 0.459169 0.472005 0.457523 0.473449 0.455956 0.479269 0.459052 0.485412 0.462057 0.487403 0.465062 0.488972 0.464255 0.485208 0.469339 0.470792
2 0.567534 0.560759 0.561807 0.543907 0.558258 0.546560 0.562250 0.559829
2 0.552732 0.540634 0.556951 0.535171 0.559451 0.537954 0.554661 0.544278
9 0.506852 0.598787 0.506219 0.599801 0.506641 0.601944 0.508297 0.601944 0.508599 0.599269
9 0.509284 0.622898 0.507820 0.624759 0.508656 0.627301 0.510401 0.626556
9 0.489693 0.609986 0.489510 0.613551 0.489979 0.613644 0.491672 0.611931 0.491672 0.610588 0.490969 0.609940
9 0.496109 0.645750 0.496891 0.645148 0.497229 0.645704 0.497802 0.648111 0.496995 0.649361 0.496318 0.649685
10 0.485690 0.532847 0.485690 0.542542 0.489440 0.548968 0.495576 0.553088 0.501029 0.552843 0.505529 0.551389
9 0.550625 0.558435 0.548607 0.561968 0.549029 0.563148 0.549813 0.564218 0.550477 0.562343 0.551198 0.559292
9 0.547706 0.569301 0.545492 0.571894 0.546742 0.573005 0.547888 0.570181
1 0.542094 0.571032 0.541310 0.571458 0.539320 0.571514 0.537935 0.571032 0.537935 0.571782 0.539141 0.572639 0.540828 0.572639 0.542273 0.572208 0.542815 0.571889
1 0.552810 0.552644 0.551846 0.553153 0.551482 0.556579 0.551198 0.559292 0.550477 0.562343 0.549813 0.564218 0.550414 0.563773 0.551352 0.561347 0.551951 0.559588
9 0.561122 0.557292 0.558180 0.556968 0.558284 0.559694 0.561201 0.559421
9 0.554562 0.560537 0.554094 0.559241 0.553052 0.559472 0.551385 0.562806 0.551646 0.563454
1 0.557010 0.560120 0.554979 0.560954 0.551958 0.563639 0.552375 0.564056 0.554380 0.562296 0.557427 0.561370
9 0.555906 0.562718 0.557521 0.566421 0.557443 0.568505 0.556974 0.570912 0.553693 0.564431 0.554318 0.563227
9 0.558779 0.549144 0.557659 0.548403 0.556799 0.548727 0.556513 0.550810 0.556826 0.551782 0.558648 0.551921
9 0.556643 0.547014 0.555602 0.546731 0.554872 0.547847 0.554846 0.549144 0.555445 0.550069 0.556643 0.550069 0.556799 0.548727
9 0.557320 0.545718 0.556383 0.543588 0.556018 0.543403 0.554716 0.545162 0.555602 0.546731 0.556643 0.547014
1 0.551768 0.542995 0.548773 0.542394 0.544581 0.540912 0.544086 0.540449 0.542523 0.539894 0.540440 0.539894 0.537862 0.541005 0.537992 0.542255 0.539867 0.541606 0.541154 0.541648 0.542836 0.542486 0.547003 0.543412 0.548982 0.544292 0.551898 0.544431
9 0.545701 0.543227 0.544867 0.544245 0.545831 0.545634 0.546560 0.544801
9 0.542878 0.539829 0.542357 0.537977 0.541784 0.536958 0.541055 0.537514 0.541263 0.539829
9 0.544385 0.532269 0.543552 0.534120 0.545818 0.536898 0.546417 0.535417 0.545271 0.532778
10 0.438521 0.426505 0.434849 0.425255 0.434016 0.431889 0.434096 0.436912 0.436716 0.437912 0.438435 0.438000 0.440422 0.430005
2 0.484221 0.639907 0.486284 0.652542 0.485771 0.654042 0.486104 0.655704 0.487068 0.654685 0.488151 0.654847 0.494539 0.658597 0.495505 0.655222 0.496167 0.649866 0.495896 0.645366 0.495172 0.644185 0.493969 0.643653 0.492581 0.642421
1 0.399503 0.312449 0.395734 0.312088 0.393443 0.313171 0.389930 0.316250 0.387500 0.321755 0.386622 0.325611 0.386281 0.329269 0.386206 0.335218 0.386451 0.339111 0.387240 0.342153 0.388125 0.344903 0.389409 0.347935 0.390596 0.349745 0.391885 0.350921 0.395195 0.353426 0.398581 0.353694 0.402536 0.353019 0.404818 0.350787 0.407023 0.347542 0.408128 0.344894 0.409914 0.339074 0.410398 0.332343 0.410260 0.330278 0.411010 0.329069 0.409443 0.324218 0.408714 0.323185 0.409427 0.327801 0.409122 0.332963 0.408510 0.340204 0.406880 0.344551 0.406187 0.346528 0.404552 0.349028 0.402651 0.351194 0.400633 0.352139 0.399302 0.352412 0.397628 0.352412 0.395195 0.351463 0.393826 0.350722 0.391552 0.348894 0.389771 0.346269 0.388039 0.341565 0.387021 0.335407 0.387174 0.329523 0.388141 0.324361 0.389771 0.319292 0.392419 0.316032 0.395422 0.313500 0.397510 0.313319 0.397510 0.313319 0.399956 0.313949
1 0.444477 0.291565 0.442964 0.290366 0.440698 0.289069 0.439318 0.288653 0.437992 0.288792 0.436430 0.289440 0.436245 0.290407 0.436299 0.291384 0.436766 0.293329 0.437732 0.295505 0.439372 0.298185 0.439945 0.296241 0.438904 0.295315 0.438122 0.294157 0.437628 0.292958 0.437130 0.291565 0.437417 0.290130 0.438852 0.289440 0.440776 0.290690 0.443747 0.292583
17 0.420443 0.302847 0.422049 0.299171 0.423583 0.297500 0.425221 0.297065 0.426859 0.296569 0.427906 0.295144 0.428776 0.294958 0.429997 0.295389 0.431112 0.298426 0.431461 0.302644 0.429299 0.302083 0.427068 0.303694 0.424279 0.306796 0.422815 0.311319 0.421490 0.318139 0.421839 0.324519 0.423687 0.330903 0.425805 0.335120 0.425318 0.337421 0.424211 0.336667 0.422039 0.336532 0.421326 0.327375 0.417143 0.311417
1 0.431461 0.302644 0.429299 0.302083 0.427068 0.303694 0.424279 0.306796 0.422815 0.311319 0.421490 0.318139 0.421839 0.324519 0.423687 0.330903 0.425805 0.335120 0.429583 0.340685 0.433742 0.341264 0.436766 0.340301 0.440224 0.335509 0.441482 0.329486 0.441094 0.319167 0.439352 0.312625 0.436255 0.306088 0.434586 0.304287 0.433073 0.303292
10 0.422039 0.336532 0.421630 0.344324 0.420102 0.351838 0.418984 0.355551 0.415049 0.360579 0.416115 0.363231 0.418328 0.363750 0.419737 0.365940 0.425107 0.364537 0.426336 0.361713 0.430573 0.356213 0.429396 0.347227 0.427396 0.342227 0.425318 0.337421 0.424211 0.336667
16 0.426693 0.404537 0.423784 0.410356 0.422990 0.416495 0.422224 0.420250 0.420781 0.424000 0.420115 0.427968 0.420099 0.432528 0.420542 0.435324 0.413263 0.418481 0.414633 0.416653 0.416648 0.415167 0.417180 0.412259 0.418648 0.410704 0.420148 0.408264 0.423771 0.404042 0.426396 0.403375
9 0.543839 0.534954 0.542458 0.536713 0.543708 0.538380 0.544854 0.536343
10 0.419737 0.365940 0.420750 0.371181 0.420354 0.377676 0.419164 0.385032 0.418240 0.387065 0.419044 0.398394 0.418703 0.402722 0.418094 0.407727 0.417180 0.412259 0.418648 0.410704 0.420148 0.408264 0.421648 0.405264 0.422836 0.402264 0.424021 0.368718 0.425107 0.364537
16 0.430573 0.356213 0.426336 0.361713 0.425107 0.364537 0.424021 0.368718 0.422836 0.402264 0.421648 0.405264 0.420148 0.408264 0.423771 0.404042 0.426396 0.403375 0.426693 0.404537 0.427799 0.402889 0.430974 0.401060 0.430180 0.397949 0.430974 0.393968 0.431862 0.390153 0.434008 0.387083 0.437927 0.384509 0.440823 0.383347 0.443034 0.383685 0.440359 0.378546 0.438768 0.374306 0.437758 0.367495 0.437823 0.361167 0.436534 0.361667 0.436081 0.357574 0.434477 0.354787 0.433570 0.354292 0.432490 0.354292
16 0.434849 0.425255 0.432094 0.428806 0.429339 0.433991 0.431503 0.443500 0.432073 0.448315 0.435534 0.447977 0.435508 0.443509 0.436716 0.437912 0.434096 0.436912 0.434016 0.431889
1 0.438521 0.426505 0.442570 0.427847 0.446737 0.422870 0.449773 0.423380 0.451508 0.424282 0.450641 0.426083 0.447604 0.428907 0.448833 0.432380 0.447896 0.432894 0.444208 0.432250 0.442182 0.433921 0.438786 0.444843 0.434302 0.454736 0.434964 0.451694 0.435534 0.447977 0.435508 0.443509 0.436716 0.437912 0.438435 0.438000 0.440422 0.430005
10 0.468070 0.461579 0.466695 0.459912 0.462635 0.454912 0.460760 0.452694 0.458510 0.452250 0.454708 0.452157 0.447104 0.468843 0.447570 0.474903 0.449273 0.473449 0.451591 0.472236
1 0.475167 0.350310 0.476193 0.353296 0.476708 0.357861 0.475820 0.359852 0.479357 0.358968 0.482542 0.360315 0.482919 0.359602 0.479049 0.349435 0.478281 0.348505 0.476852 0.348940
1 0.485596 0.362519 0.486081 0.361370 0.487734 0.359361 0.489107 0.359005 0.491568 0.359792 0.493948 0.363523 0.495883 0.369153 0.496755 0.372810 0.496964 0.376463 0.496964 0.378565 0.495190 0.376579 0.491453 0.366843
10 0.487734 0.359361 0.489107 0.359005 0.491568 0.359792 0.493948 0.363523 0.495883 0.369153 0.496755 0.372810 0.496964 0.376463 0.496964 0.378565 0.497570 0.379069 0.499344 0.380648 0.500091 0.382634 0.501677 0.383301 0.504104 0.385787 0.506036 0.390713 0.507013 0.395241 0.506977 0.400630 0.507227 0.401917 0.508195 0.401917 0.509727 0.397972 0.509565 0.395894 0.507630 0.389866 0.498878 0.366130 0.498393 0.363120 0.492826 0.347486 0.491576 0.343185 0.490445 0.337806 0.489398 0.336014 0.488227 0.338236 0.485445 0.347130
16 0.505583 0.418171 0.506997 0.419227 0.509336 0.420708 0.515862 0.432606 0.518706 0.443315 0.521484 0.442921 0.521734 0.438162 0.521401 0.430875 0.519643 0.423440 0.515294 0.417046 0.511865 0.415708 0.509940 0.415856
2 0.476128 0.575542 0.471125 0.577259 0.472174 0.582208 0.476367 0.578551
1 0.476315 0.546255 0.477094 0.545801 0.477094 0.545801 0.479193 0.544833 0.480846 0.544907 0.481854 0.545694 0.483992 0.547847 0.485323 0.553940 0.485727 0.563981 0.485953 0.571787 0.485466 0.578435 0.484971 0.579963 0.484060 0.581079 0.483047 0.581079 0.480159 0.581551 0.477174 0.582051 0.478104 0.580616 0.482497 0.579569 0.484404 0.578986 0.484633 0.574190 0.484701 0.569167 0.484477 0.560181 0.483872 0.550713 0.482378 0.547273 0.480724 0.546699 0.476651 0.547130
1 0.489823 0.593796 0.486464 0.600838 0.481130 0.607296 0.478135 0.611000 0.478786 0.613500 0.480922 0.611648 0.485375 0.605537 0.488005 0.602620 0.490687 0.595444
2 0.479055 0.614611 0.481008 0.612250 0.482747 0.614611 0.485211 0.615065 0.488354 0.617782 0.489372 0.619597 0.490646 0.627750 0.491667 0.634093 0.489151 0.633644 0.489151 0.633644 0.487589 0.628657 0.489151 0.633644 0.488214 0.635468 0.485307 0.636389 0.484703 0.638042 0.484221 0.639907 0.482255 0.631838
2 0.539555 0.597829 0.536221 0.607088 0.539346 0.610606 0.542862 0.602736
10 0.481805 0.465051 0.487945 0.465306 0.492180 0.465810 0.493956 0.471329 0.495891 0.471329 0.499643 0.470042 0.499674 0.474616 0.499115 0.478019 0.499115 0.483991 0.499068 0.489551 0.498508 0.491130 0.497901 0.490463 0.497573 0.490463 0.497060 0.495028 0.497388 0.500505 0.494997 0.501074 0.490245 0.503898 0.490523 0.501426 0.491221 0.493375 0.491526 0.482236 0.490607 0.472542
1 0.512586 0.557778 0.508612 0.564472 0.504708 0.570481 0.503497 0.573778 0.502435 0.578398 0.503445 0.579833 0.504576 0.579111 0.505784 0.573949 0.510260 0.566065 0.511594 0.563199 0.514055 0.559542
1 0.499643 0.470042 0.499674 0.474616 0.499115 0.478019 0.499115 0.483991 0.499068 0.489551 0.498508 0.491130 0.497901 0.490463 0.497573 0.490463 0.497060 0.495028 0.497388 0.500505 0.499047 0.500213 0.502044 0.519074 0.505424 0.522653 0.510898 0.533685 0.511810 0.539199 0.514682 0.550958 0.514898 0.555278 0.515818 0.556338 0.516034 0.555278 0.515818 0.550958 0.512443 0.533884 0.508828 0.525736 0.507555 0.522838 0.508880 0.519037 0.510151 0.517500 0.509948 0.515870 0.508573 0.516051 0.506536 0.521389 0.505263 0.518676 0.503635 0.517227 0.502719 0.513787 0.504346 0.506454 0.503888 0.502741 0.504341 0.501384 0.504638 0.494514 0.502641 0.486736 0.502755 0.484079 0.501049 0.477171 0.500846 0.471718 0.501664 0.466870 0.501016 0.467889
2 0.516724 0.579620 0.505182 0.583634 0.494896 0.585819 0.490974 0.590889 0.490487 0.586093 0.491635 0.581657 0.490461 0.577685 0.503497 0.573778 0.502435 0.578398 0.503445 0.579833 0.504576 0.579111 0.505784 0.573949 0.509867 0.571292 0.509029 0.575306 0.507357 0.575306 0.505852 0.577241 0.507021 0.580065 0.508695 0.581255 0.510451 0.579620 0.511456 0.572481 0.517060 0.573523
1 0.508563 0.559028 0.504734 0.563380 0.499969 0.565880 0.499865 0.567222 0.502495 0.566481 0.505307 0.564722 0.508016 0.561898 0.509448 0.559676
1 0.501029 0.552843 0.498750 0.558056 0.499479 0.559074 0.501771 0.553426
9 0.503615 0.553981 0.502964 0.553472 0.502104 0.554120 0.501609 0.555694 0.501766 0.557083 0.502443 0.557685 0.503172 0.557269 0.503484 0.555787
1 0.510260 0.566065 0.509867 0.571292 0.509029 0.575306 0.507357 0.575306 0.505852 0.577241 0.507021 0.580065 0.508695 0.581255 0.510451 0.579620 0.511456 0.572481 0.511693 0.564954
1 0.513547 0.581333 0.505182 0.583634 0.504875 0.586009 0.511578 0.596273 0.512307 0.595532 0.512099 0.593171 0.513010 0.593079 0.514286 0.591412 0.513427 0.584375
1 0.551091 0.564097 0.550414 0.563773 0.549060 0.568264 0.549789 0.574190 0.550518 0.573819 0.550388 0.568912
2 0.534542 0.568796 0.538786 0.572593 0.541130 0.575139 0.541885 0.581713 0.541104 0.583287 0.534698 0.583704 0.534036 0.582361 0.529021 0.579907 0.530974 0.577685 0.532745 0.573148
2 0.528826 0.523579 0.533065 0.495431 0.540419 0.497847 0.538026 0.519042 0.534555 0.539093 0.534555 0.543458 0.532297 0.545671 0.529076 0.544255 0.529497 0.536625 0.531737 0.530898 0.531552 0.528574 0.530289 0.527833
2 0.538117 0.485824 0.540732 0.489477 0.546518 0.490222 0.548758 0.489060 0.551232 0.496032 0.551773 0.511463 0.550961 0.513963 0.551557 0.523852 0.549398 0.524333 0.545891 0.517398 0.543727 0.519148 0.541945 0.508394 0.539247 0.510981 0.540419 0.497847 0.537841 0.496588
9 0.553250 0.523843 0.551531 0.525880 0.552260 0.528565 0.554031 0.526435 0.554031 0.525139
9 0.555503 0.531454 0.556596 0.530435 0.557195 0.531176 0.558003 0.532750 0.556674 0.534000
9 0.554253 0.527611 0.553419 0.528583 0.554227 0.529602 0.554956 0.528583
2 0.528826 0.523579 0.530289 0.527833 0.531552 0.528574 0.531737 0.530898 0.530617 0.533690 0.529031 0.534190 0.526276 0.532694 0.523336 0.532199 0.522776 0.527884 0.524596 0.523069 0.528096 0.520912
1 0.529076 0.544255 0.532018 0.546884 0.533792 0.549954 0.535378 0.558833 0.535099 0.564889 0.534542 0.568796 0.531643 0.575509 0.529263 0.578000 0.527677 0.578912 0.527677 0.577667 0.528609 0.574347 0.528609 0.570532 0.527677 0.566051 0.527490 0.562398 0.526883 0.557421 0.526836 0.550204 0.528424 0.549208 0.528049 0.558583 0.529357 0.569204 0.529125 0.576588 0.531971 0.572606 0.533604 0.567380 0.534305 0.564144 0.534258 0.558667 0.533977 0.554019 0.532997 0.550616 0.528750 0.546139
1 0.531115 0.550194 0.530070 0.555588 0.529792 0.560296 0.530906 0.564324 0.532755 0.567921 0.533138 0.567051 0.531289 0.563954 0.530768 0.559551 0.531081 0.555398 0.531742 0.550630
9 0.533604 0.567380 0.533138 0.567051 0.532755 0.567921 0.532292 0.567037 0.531042 0.568056 0.531146 0.572963 0.531971 0.572606
9 0.533651 0.560593 0.532635 0.560407 0.531984 0.560870 0.531698 0.562074 0.532271 0.563741 0.533391 0.564204 0.533964 0.563139 0.534016 0.561426
1 0.532005 0.549653 0.531823 0.551134 0.531224 0.554977 0.531432 0.555856 0.532500 0.555486 0.533333 0.555347 0.533906 0.554560 0.533620 0.553727 0.532474 0.554282 0.532786 0.550856
9 0.530807 0.552139 0.530130 0.551769 0.529349 0.552231 0.529062 0.553713 0.530391 0.553898
1 0.532240 0.547111 0.533594 0.544889 0.534555 0.543458 0.536289 0.542431 0.536198 0.543500 0.535729 0.543870 0.532917 0.547944
1 0.504651 0.497444 0.514901 0.500356 0.515841 0.502278 0.515690 0.531389 0.513755 0.532111 0.514138 0.504597 0.513573 0.502736 0.504659 0.499366
2 0.523531 0.459069 0.525547 0.456130 0.527523 0.455116 0.532323 0.473556 0.528977 0.478287
9 0.552245 0.567065 0.550943 0.568546 0.551544 0.571190 0.552195 0.571046 0.553026 0.569426
1 0.523133 0.440866 0.521727 0.442069 0.521484 0.442921 0.521648 0.443644 0.522612 0.447347 0.522867 0.449412 0.522547 0.459736 0.521297 0.468315 0.522859 0.469657 0.523531 0.459069 0.523755 0.453356 0.524773 0.452602 0.524807 0.451241 0.523971 0.450000 0.524109 0.446838 0.523901 0.445042
1 0.518661 0.449134 0.519130 0.449597 0.519443 0.451264 0.519547 0.452468 0.520432 0.453069 0.521318 0.454505 0.522151 0.457190 0.521604 0.457375 0.520927 0.455338 0.519781 0.454181 0.520016 0.455801 0.520042 0.457282 0.519339 0.460245 0.518193 0.461542 0.516630 0.461356 0.516891 0.459134 0.518372 0.454907
1 0.546180 0.489167 0.547107 0.488662 0.547349 0.487370 0.545776 0.484861 0.541984 0.480991 0.538396 0.478120 0.535724 0.476759 0.531456 0.474907 0.530727 0.476014 0.534737 0.477500 0.540854 0.482222 0.544109 0.484856 0.545982 0.487588
1 0.534047 0.475884 0.534383 0.467264 0.534714 0.464157 0.535438 0.462657 0.535979 0.463083 0.535315 0.476477
1 0.533966 0.477338 0.533732 0.483449 0.533294 0.488162 0.532729 0.495366 0.533979 0.495644 0.534682 0.486986 0.534995 0.482912 0.534917 0.477866
1 0.516393 0.465690 0.517799 0.466338 0.519909 0.467727 0.521914 0.469116 0.523841 0.471616 0.525586 0.474856 0.527039 0.479741 0.527883 0.482472 0.528203 0.479954 0.529323 0.478148 0.530000 0.478889 0.532500 0.477407 0.532891 0.478194 0.531198 0.480139 0.530417 0.482880 0.529578 0.494532 0.528917 0.494718 0.528846 0.486227 0.529964 0.481329 0.528289 0.484366 0.528289 0.491556 0.528010 0.496389 0.525987 0.492301 0.525849 0.488583 0.526477 0.483870 0.525570 0.479287 0.524107 0.475690 0.522083 0.471352 0.519531 0.469556 0.516448 0.467704
1 0.522070 0.472509 0.519635 0.472065 0.515760 0.475731 0.514698 0.471731 0.513948 0.472176 0.514510 0.476505 0.509826 0.482171 0.502641 0.486736 0.503328 0.488394 0.507326 0.485949 0.512513 0.481949 0.513510 0.485060 0.517260 0.486505 0.520135 0.485616 0.517823 0.481838 0.516948 0.477949 0.520010 0.479171 0.521195 0.480838 0.521133 0.487616 0.522570 0.487949 0.523508 0.487727 0.524133 0.485727 0.524320 0.481727 0.522195 0.477949
5 0.514815 0.488958 0.512792 0.487472 0.510875 0.486792 0.508573 0.487657 0.505958 0.489764 0.503937 0.491625 0.504638 0.494514 0.504651 0.497444 0.508331 0.498134 0.510003 0.494972 0.512479 0.490880
9 0.545635 0.533380 0.546833 0.531991 0.547667 0.533796 0.546234 0.534954
9 0.548005 0.535324 0.547328 0.535231 0.546729 0.535741 0.546417 0.536528 0.546495 0.537454 0.546885 0.538056 0.547510 0.538333 0.548344 0.537870 0.548604 0.537083 0.548604 0.535972
9 0.546065 0.537792 0.546352 0.539875 0.545727 0.540894 0.545102 0.540986 0.544763 0.540292 0.544737 0.537745
9 0.548643 0.539782 0.548096 0.539042 0.547810 0.538764 0.546898 0.538671 0.546898 0.540245 0.546299 0.540338 0.545935 0.541218 0.548539 0.542097
9 0.548643 0.539782 0.548698 0.538935 0.549271 0.538333 0.550156 0.539028 0.550417 0.542454 0.548773 0.542394 0.548539 0.542097
9 0.559685 0.563056 0.560232 0.562778 0.561117 0.562778 0.561638 0.563194 0.561794 0.564259 0.561742 0.565185 0.561534 0.566481 0.560857 0.566806 0.560023 0.566759 0.559659 0.565602 0.559398 0.563843
9 0.562484 0.568625 0.558031 0.571125 0.559698 0.573856 0.563578 0.571171 0.563578 0.569644
9 0.563375 0.572315 0.561891 0.573611 0.562359 0.576204 0.563453 0.577222 0.564208 0.576574 0.564417 0.575417 0.564443 0.574259
9 0.565253 0.576718 0.563794 0.578519 0.564419 0.580468 0.565617 0.579819 0.565930 0.578519 0.565826 0.577319
9 0.566419 0.582458 0.565794 0.585282 0.566680 0.586301 0.568398 0.586810 0.568815 0.586069 0.568320 0.583616
9 0.565682 0.586634 0.564458 0.588718 0.565318 0.590569 0.566776 0.589227
9 0.559701 0.584690 0.554128 0.579176 0.553344 0.579282 0.552891 0.580620 0.552922 0.582120 0.554068 0.584532 0.555966 0.584532 0.559341 0.586782
1 0.567073 0.564074 0.565198 0.561157 0.562958 0.560139 0.562250 0.559829 0.559286 0.559769 0.558284 0.559694 0.558427 0.561157 0.560615 0.561435 0.563193 0.562176 0.566057 0.564537
1 0.564797 0.552653 0.565578 0.552792 0.566750 0.554319 0.567948 0.557236 0.568521 0.559921 0.568781 0.564273 0.568755 0.566032 0.568641 0.568931 0.567146 0.579338 0.566419 0.582458 0.565794 0.585282 0.564922 0.587421 0.563792 0.588856 0.561211 0.590722 0.558630 0.591435 0.556896 0.590722 0.554193 0.588569 0.552255 0.585556 0.550805 0.582259 0.549755 0.576880 0.550844 0.576593 0.551852 0.580611 0.553344 0.584125 0.554839 0.587134 0.556208 0.588713 0.557419 0.590005 0.558185 0.590005 0.560242 0.589144 0.562018 0.588065 0.562977 0.587134 0.564664 0.583597 0.565729 0.581255 0.566484 0.578088 0.567013 0.572690 0.567849 0.566819 0.567797 0.563755 0.567534 0.560759 0.567151 0.559097 0.566789 0.556296 0.565781 0.554361
2 0.517060 0.573523 0.516724 0.579620 0.513547 0.581333 0.524185 0.588417 0.531563 0.592032 0.534036 0.582361
1 0.483609 0.530713 0.482312 0.541426 0.481378 0.543782 0.480846 0.544907 0.481854 0.545694 0.482945 0.546838 0.483698 0.541426 0.484482 0.531782
1 0.483273 0.544236 0.487232 0.544745 0.487466 0.546597 0.484992 0.546412 0.483065 0.545574
1 0.481430 0.547310 0.480943 0.552148 0.479826 0.550597 0.478919 0.551958 0.481570 0.560079 0.482544 0.557292 0.483661 0.554625 0.483313 0.553199 0.482823 0.553449 0.482719 0.550472 0.482378 0.547273
9 0.487552 0.553667 0.490052 0.553852 0.489427 0.560796 0.488333 0.559269 0.487083 0.555380
2 0.489625 0.577278 0.491648 0.569889 0.497945 0.570907 0.497042 0.573264 0.496708 0.575838 0.490461 0.577685
2 0.483995 0.583431 0.483091 0.585199 0.484174 0.590130 0.486768 0.589162
2 0.520813 0.564894 0.518633 0.562310 0.511937 0.564463 0.511898 0.568403 0.519562 0.570343 0.521620 0.568546
1 0.514404 0.549810 0.512841 0.553282 0.513466 0.553699 0.514456 0.550875
2 0.514010 0.523528 0.512721 0.526324 0.512443 0.533884 0.513755 0.532111
2 0.515672 0.518875 0.522393 0.503606 0.524354 0.507093 0.519734 0.519704 0.515719 0.528000
5 0.504659 0.499366 0.513573 0.502736 0.514138 0.504597 0.514010 0.523528 0.512721 0.526324 0.512846 0.521301 0.511471 0.511796 0.508263 0.503917 0.504341 0.501384
5 0.516086 0.489745 0.519146 0.495523 0.520958 0.501852 0.521458 0.506074 0.515672 0.518875 0.515841 0.502278 0.514901 0.500356 0.508331 0.498134 0.510003 0.494972 0.512479 0.490880 0.514815 0.488958
1 0.514815 0.488958 0.516339 0.487787 0.519229 0.487144 0.521133 0.487616 0.522570 0.487949 0.524000 0.489069 0.525987 0.492301 0.528010 0.496389 0.529422 0.499995 0.530216 0.505523 0.530289 0.508736 0.529495 0.508477 0.528628 0.502435 0.525664 0.495111 0.522698 0.490227 0.520023 0.488944 0.516086 0.489745
9 0.553185 0.564222 0.551622 0.565056 0.553497 0.570194 0.554669 0.569454 0.554487 0.567370
1 0.524596 0.523069 0.523857 0.515162 0.524354 0.507093 0.519734 0.519704 0.515719 0.528000 0.515690 0.531389 0.513755 0.532111 0.512443 0.533884 0.515818 0.550958 0.516034 0.555278 0.515818 0.556338 0.519089 0.559620 0.518286 0.561162 0.512940 0.557056 0.512586 0.557778 0.514055 0.559542 0.511594 0.563199 0.510260 0.566065 0.511693 0.564954 0.511937 0.564463 0.518633 0.562310 0.520813 0.564894 0.521620 0.568546 0.519562 0.570343 0.511898 0.568403 0.511456 0.572481 0.517060 0.573523 0.527677 0.578912 0.527677 0.577667 0.528609 0.574347 0.528609 0.570532 0.527677 0.566051 0.527490 0.562398 0.526883 0.557421 0.526836 0.550204 0.528424 0.549208 0.528266 0.552944 0.529062 0.553713 0.529349 0.552231 0.530130 0.551769 0.530807 0.552139 0.531115 0.550194 0.531742 0.550630 0.532005 0.549653 0.528750 0.546139 0.529076 0.544255 0.529497 0.536625 0.530617 0.533690 0.529031 0.534190 0.526276 0.532694 0.523336 0.532199 0.522776 0.527884
9 0.538745 0.586861 0.537052 0.586537 0.536583 0.590981 0.538562 0.591352 0.538927 0.588481
9 0.541885 0.581713 0.542182 0.581167 0.542833 0.581352 0.543406 0.582463 0.543667 0.583065 0.543406 0.584778 0.542833 0.585426 0.541740 0.585426 0.541323 0.584870
9 0.550945 0.590412 0.549773 0.589532 0.548758 0.590921 0.548836 0.592681 0.550659 0.594718 0.551388 0.592819
9 0.555969 0.594602 0.554484 0.593537 0.553443 0.593630 0.553521 0.596870 0.554432 0.597148 0.555734 0.596222
9 0.571714 0.597440 0.572729 0.598968 0.572911 0.600634 0.572417 0.600866 0.571427 0.600727 0.570542 0.600079 0.570464 0.598782 0.570542 0.597995
9 0.574240 0.595634 0.572026 0.595264 0.571635 0.596792 0.572990 0.598644 0.573536 0.599384 0.573875 0.598273
9 0.575750 0.593690 0.574318 0.593690 0.574578 0.595264 0.575281 0.596699 0.576010 0.595773
9 0.573719 0.592949 0.572625 0.592764 0.571688 0.593875 0.571922 0.594569 0.573719 0.595310 0.573875 0.594477
9 0.573622 0.584213 0.572596 0.584106 0.571964 0.584375 0.572026 0.586412 0.572628 0.587213 0.574164 0.585606
9 0.574768 0.588231 0.574044 0.588125 0.574073 0.589894 0.575187 0.590750
9 0.573862 0.587750 0.573169 0.587375 0.572055 0.587537 0.571935 0.588338 0.573440 0.589412 0.573651 0.589625
9 0.564456 0.590699 0.563206 0.589773 0.562190 0.591255 0.563128 0.592736 0.564273 0.592319
2 0.564664 0.583597 0.561531 0.577597 0.557372 0.572778 0.555625 0.575884 0.551497 0.576958 0.558427 0.582741 0.562977 0.587134
9 0.535107 0.568546 0.535758 0.566046 0.536565 0.566463 0.537607 0.567343 0.537711 0.568593 0.537268 0.570352
2 0.536247 0.554324 0.535701 0.554556 0.536013 0.559833 0.537055 0.559648
9 0.538643 0.564329 0.537940 0.564931 0.537966 0.567477 0.539034 0.567755 0.539633 0.566968
9 0.537258 0.564431 0.536659 0.564569 0.536372 0.565634 0.536685 0.565912 0.537622 0.565866
9 0.543081 0.563671 0.541411 0.563532 0.541281 0.567051 0.542898 0.567097
5 0.455734 0.515903 0.456266 0.514125 0.463924 0.531931 0.462570 0.532870
5 0.458482 0.513287 0.459586 0.512005 0.460687 0.511394 0.465307 0.517995 0.466753 0.515153 0.471070 0.519449 0.474953 0.522968 0.476044 0.528181 0.476044 0.532296 0.475159 0.543083 0.473659 0.547690
5 0.465531 0.535398 0.463479 0.537778 0.466083 0.553065 0.468370 0.553907 0.469711 0.552361 0.472156 0.549278
5 0.465104 0.509764 0.468654 0.509343 0.471641 0.509630 0.475042 0.513569 0.476664 0.514722 0.478854 0.518185 0.479698 0.521681 0.480091 0.523222
5 0.480091 0.527431 0.480487 0.531917 0.479698 0.538931 0.478513 0.542995 0.477094 0.545801 0.473659 0.547690 0.475159 0.543083 0.476044 0.532296 0.476044 0.528181 0.474953 0.522968
5 0.447570 0.474903 0.447979 0.481690 0.449615 0.484722 0.451388 0.485931 0.453023 0.478903 0.454182 0.477449 0.455956 0.479269 0.457523 0.473449 0.454797 0.472843 0.451591 0.472236 0.449273 0.473449
5 0.435534 0.447977 0.434964 0.451694 0.434302 0.454736 0.432305 0.459407 0.430779 0.459880 0.426370 0.449931 0.431065 0.451468 0.432255 0.450505 0.432073 0.448315
5 0.550180 0.618898 0.549167 0.616236 0.548464 0.612250 0.549167 0.607551 0.550310 0.604111 0.552336 0.600120 0.555901 0.596833 0.558409 0.596051 0.561086 0.595764 0.563812 0.595824 0.566508 0.596583 0.569633 0.599097 0.572427 0.602602 0.573742 0.605347 0.574992 0.610847 0.571362 0.620856 0.569117 0.622074 0.564174 0.610176 0.563682 0.609361 0.563643 0.607935 0.564099 0.604759 0.563529 0.600972 0.562273 0.597866 0.560448 0.597255 0.558544 0.598407 0.557367 0.601380 0.557063 0.603611 0.557516 0.606653 0.558659 0.608282 0.560448 0.609361
5 0.501664 0.466870 0.500846 0.471718 0.501049 0.477171 0.502755 0.484079 0.506503 0.483472 0.510185 0.479838 0.511208 0.477051 0.511174 0.472458 0.510341 0.465616 0.507185 0.464444 0.505482 0.466384
2 0.449404 0.498634 0.458482 0.513287 0.473659 0.547690 0.484240 0.571213 0.480951 0.576412 0.473451 0.586227 0.472586 0.583352 0.479961 0.574384 0.481958 0.571310 0.472156 0.549278 0.465531 0.535398 0.463479 0.537778 0.462570 0.532870 0.463924 0.531931 0.456266 0.514125 0.455734 0.515903 0.453997 0.513171 0.454721 0.510218 0.448578 0.500194
8 0.458937 0.504940 0.466753 0.515153 0.471070 0.519449 0.474953 0.522968 0.480091 0.527431 0.485690 0.532847 0.505529 0.551389 0.518286 0.561162 0.519089 0.559620 0.507518 0.548282 0.485526 0.528819 0.480091 0.523222 0.465104 0.509764
8 0.446102 0.491940 0.460687 0.511394 0.465307 0.517995 0.466753 0.515153 0.446893 0.489120
5 0.449589 0.492722 0.451388 0.485931 0.453023 0.478903 0.454182 0.477449 0.455956 0.479269 0.459052 0.485412 0.462057 0.487403 0.465062 0.488972 0.467430 0.499361 0.469643 0.505986 0.471641 0.509630 0.468654 0.509343 0.465104 0.509764 0.458937 0.504940
5 0.489151 0.633644 0.506396 0.638199 0.526844 0.644509 0.526531 0.651870 0.484221 0.639907 0.484703 0.638042 0.485307 0.636389 0.488214 0.635468
5 0.297013 0.203889 0.288721 0.187306 0.294810 0.183389 0.308674 0.177398 0.311911 0.175097 0.316057 0.171644 0.321370 0.171644 0.331484 0.192037 0.343005 0.212407 0.357388 0.241662 0.371185 0.271329 0.373984 0.280079 0.374555 0.283259 0.376224 0.285444 0.376458 0.288046 0.372870 0.284847 0.369734 0.282472 0.366146 0.278491 0.361979 0.280648 0.359266 0.284731 0.335143 0.254995 0.306938 0.217222
5 0.357547 0.158755 0.356435 0.154731 0.355596 0.153046 0.355523 0.149398 0.359219 0.149204 0.362883 0.148806 0.362883 0.147792 0.358784 0.143718 0.358755 0.142060 0.361227 0.140282 0.364388 0.132481 0.363685 0.130005 0.362427 0.128514 0.362516 0.125519 0.365508 0.125852 0.372786 0.132907 0.378664 0.138218 0.384917 0.144190 0.389536 0.148009 0.395753 0.153481 0.403409 0.161954 0.415229 0.173750 0.423760 0.180292 0.433701 0.189894 0.442901 0.199713 0.447419 0.204171 0.447044 0.206278 0.448794 0.213167 0.449609 0.219051 0.456609 0.225056 0.455227 0.227278 0.454115 0.228287 0.453177 0.229907 0.451172 0.228051 0.449734 0.227046 0.447943 0.231296 0.446706 0.239412 0.439331 0.231185 0.439766 0.240181 0.440266 0.249509 0.434219 0.242505 0.424984 0.232806 0.411701 0.218213 0.396148 0.201894 0.379083 0.182597 0.362451 0.164551
5 0.384917 0.144190 0.377315 0.135782 0.371388 0.129644 0.368401 0.126907 0.368401 0.125662 0.370081 0.123171 0.374234 0.120435 0.375401 0.119190 0.376521 0.112801 0.377409 0.110560 0.381047 0.102597 0.383055 0.102264 0.383570 0.102500 0.384411 0.103250 0.410234 0.129417 0.441930 0.159255 0.468906 0.185454 0.466456 0.189551 0.466456 0.189551 0.465057 0.192620 0.463003 0.198014 0.461883 0.200171 0.461229 0.200088 0.460622 0.199009 0.459596 0.200333 0.460016 0.202412 0.458661 0.206560 0.456328 0.208051 0.456281 0.209546 0.454010 0.212546 0.447419 0.204171 0.442901 0.199713 0.433701 0.189894 0.423760 0.180292 0.415229 0.173750 0.403409 0.161954 0.395753 0.153481 0.389536 0.148009
5 0.464870 0.234852 0.462633 0.232213 0.459487 0.232356 0.457607 0.233384 0.456609 0.233602 0.453638 0.235727 0.452146 0.237019 0.450979 0.238903 0.451461 0.240102 0.462190 0.251861 0.474815 0.265917 0.494823 0.288435 0.498818 0.293671 0.507609 0.302417 0.525440 0.323931 0.533424 0.333111 0.534596 0.334616 0.535724 0.338417 0.535951 0.339593 0.531870 0.341514 0.530984 0.342181 0.531474 0.344005 0.539958 0.353324 0.541630 0.352431 0.541044 0.350500 0.541044 0.345296 0.543135 0.343958 0.546984 0.349014 0.548823 0.347676 0.548992 0.343065 0.552003 0.347676 0.554094 0.347227 0.554010 0.342917 0.556518 0.331167 0.559279 0.325815 0.562307 0.327806 0.563315 0.327157 0.562786 0.326019 0.559375 0.322639 0.557318 0.320694 0.553078 0.316412 0.551865 0.314755 0.550130 0.314398 0.547383 0.311681 0.544583 0.314171 0.542344 0.311602 0.540198 0.310602 0.538469 0.311185 0.536695 0.311269 0.514576 0.287454 0.489557 0.260986
5 0.451461 0.240102 0.449839 0.242657 0.446706 0.239412 0.439331 0.231185 0.439766 0.240181 0.440266 0.249509 0.440211 0.252102 0.437727 0.253926 0.434974 0.255463 0.433948 0.257000 0.436797 0.259120 0.445964 0.269815 0.464237 0.290875 0.480622 0.308231 0.488049 0.313931 0.500633 0.331287 0.511859 0.346162 0.517961 0.354032 0.521133 0.351491 0.526328 0.345542 0.531870 0.341514 0.535951 0.339593 0.535724 0.338417 0.534596 0.334616 0.533424 0.333111 0.525440 0.323931 0.507609 0.302417 0.498818 0.293671 0.494823 0.288435 0.474815 0.265917 0.462190 0.251861
