0 0.456164 0.498505 0.454596 0.500486 0.453096 0.503648 0.452852 0.507616 0.453096 0.513565 0.461620 0.533764 0.470112 0.575519 0.483703 0.639463 0.488885 0.640606 0.491370 0.641662 0.492451 0.644259 0.494339 0.644829 0.497581 0.644449 0.500440 0.640801 0.501469 0.637343 0.501414 0.632542 0.502711 0.627264 0.503576 0.620736 0.503302 0.611806 0.502375 0.602037 0.501812 0.597884 0.500779 0.594495 0.499240 0.593472 0.490805 0.590856 0.484206 0.564907 0.485654 0.560431 0.487633 0.555213 0.489130 0.554991 0.495005 0.561324 0.501128 0.566542 0.503437 0.570653 0.503690 0.577097 0.505250 0.589315 0.507437 0.592870 0.511000 0.592648 0.515062 0.585093 0.516000 0.575431 0.515685 0.573764 0.516750 0.568324 0.516997 0.564213 0.516622 0.559213 0.515188 0.555773 0.512492 0.549000 0.506503 0.541009 0.505924 0.537153 0.505565 0.533806 0.504839 0.526481 0.504401 0.521866 0.503464 0.518315 0.500479 0.513130 0.499357 0.511639 0.497068 0.511056 0.495482 0.510894 0.493424 0.508088 0.490969 0.505130 0.486125 0.502819 0.483958 0.506542
2 0.515427 0.534037 0.513578 0.538019 0.514219 0.540282 0.514333 0.542556 0.517380 0.545519 0.518188 0.541810 0.517276 0.539449 0.517927 0.538106 0.517068 0.537088
9 0.554987 0.547032 0.554362 0.548514 0.555352 0.550366 0.556367 0.550921 0.556315 0.550181 0.555664 0.547912
1 0.557013 0.558662 0.552898 0.560745 0.552039 0.561718 0.551518 0.563384 0.551909 0.563667 0.553784 0.562134 0.557586 0.560329
1 0.555242 0.556162 0.553471 0.557273 0.552534 0.558662 0.552534 0.559269 0.554096 0.557921 0.555971 0.556625
9 0.551833 0.567190 0.550583 0.568023 0.550844 0.570153 0.551521 0.570431 0.552458 0.569690 0.552250 0.568579
9 0.518182 0.555389 0.517479 0.555528 0.515969 0.557426 0.516385 0.558352 0.517974 0.557657 0.518312 0.556593
9 0.525630 0.554440 0.522375 0.551014 0.521906 0.551384 0.521464 0.553236 0.521924 0.554329 0.521664 0.555856 0.523365 0.557125 0.524615 0.556940 0.525240 0.556106
1 0.519646 0.547333 0.516573 0.549324 0.516859 0.550991 0.519958 0.549093
9 0.520227 0.549431 0.517049 0.552162 0.514836 0.554106 0.515188 0.555773 0.515669 0.556699 0.516659 0.554847 0.518669 0.552569 0.519086 0.551736 0.520648 0.551551 0.521581 0.550819
1 0.515406 0.512681 0.512865 0.512894 0.510607 0.515690 0.508227 0.520639 0.506773 0.524653 0.507339 0.524940 0.509195 0.522218 0.510484 0.518273 0.512945 0.514472 0.515406 0.514042
10 0.444461 0.303931 0.444904 0.302171 0.445867 0.300134 0.447169 0.299208 0.448940 0.299301 0.450607 0.299486 0.453315 0.302264 0.455044 0.305815 0.456711 0.310028 0.457471 0.313569 0.455937 0.311991 0.453799 0.308977 0.450492 0.305463 0.447346 0.304676
2 0.515685 0.518745 0.510602 0.521616 0.509716 0.521329 0.508143 0.525773 0.510763 0.527065 0.513669 0.522759 0.515443 0.521472
1 0.406846 0.345532 0.407497 0.343917 0.407862 0.344333 0.408747 0.344333 0.408974 0.342824 0.409130 0.339074 0.409820 0.336579 0.411206 0.331917 0.410393 0.330630 0.408706 0.336847 0.407109 0.339310 0.408495 0.335130 0.409159 0.331273 0.409370 0.326806 0.409370 0.322407 0.408812 0.319435 0.407521 0.316037 0.406349 0.313810 0.404477 0.311079 0.402013 0.309102 0.399513 0.308514 0.397133 0.308727 0.395174 0.309426 0.392878 0.311171 0.390638 0.313806 0.388948 0.316472 0.388013 0.319019 0.386919 0.323028 0.386893 0.327241 0.386867 0.330620 0.387076 0.334648 0.388013 0.339463 0.389255 0.343222 0.390823 0.346218 0.392391 0.348148 0.395331 0.349782 0.397026 0.350500 0.398719 0.350856 0.400695 0.350644 0.402591 0.349926 0.404164 0.348565 0.405859 0.346769
17 0.422091 0.298514 0.423003 0.297310 0.424357 0.297218 0.425659 0.296755 0.426883 0.295227 0.427977 0.294903 0.429487 0.295273 0.430216 0.297264 0.430555 0.300088 0.430945 0.302681 0.430581 0.304718 0.428445 0.304625 0.426440 0.305736 0.424721 0.306847 0.423341 0.308546 0.421883 0.311278 0.421023 0.314194 0.420120 0.317352 0.419919 0.321491 0.419831 0.324972 0.419250 0.322157 0.416776 0.311505
17 0.430383 0.306218 0.428445 0.324213 0.425872 0.322991 0.425333 0.324167 0.425154 0.326801 0.426234 0.326579 0.426346 0.327657 0.425664 0.328722 0.425195 0.329833 0.426109 0.330153 0.427445 0.332708 0.427133 0.334565 0.426172 0.334287 0.425258 0.333319 0.424740 0.336375 0.423151 0.333704 0.422083 0.329537 0.421120 0.325972 0.420833 0.323009 0.420911 0.319583 0.421849 0.315417 0.422917 0.311713 0.424792 0.308657 0.426719 0.306713 0.428568 0.306065
10 0.421247 0.334380 0.423023 0.336861 0.424383 0.338718 0.425849 0.341014 0.427279 0.342468 0.429122 0.348718 0.430328 0.355306 0.427247 0.359204 0.425565 0.361690 0.423885 0.364426 0.419391 0.365981 0.418839 0.365056 0.416893 0.363426 0.415438 0.363519 0.414818 0.360551 0.417115 0.357019 0.419138 0.352556 0.420872 0.346593 0.421310 0.340264
1 0.421122 0.330819 0.421711 0.333648 0.423023 0.336861 0.424383 0.338718 0.425849 0.341014 0.427279 0.342468 0.428878 0.343537 0.430503 0.344074 0.432253 0.343968 0.434125 0.343380 0.434411 0.342037 0.432156 0.342537 0.429857 0.342250 0.427682 0.341097 0.425990 0.339472 0.424740 0.336375 0.423151 0.333704 0.422083 0.329537 0.421120 0.325972 0.420833 0.323009 0.420911 0.319583 0.421849 0.315417 0.422917 0.311713 0.424792 0.308657 0.426719 0.306713 0.428568 0.306065 0.430383 0.306218 0.432568 0.306662 0.435255 0.308551 0.438380 0.313546 0.440628 0.321991 0.441328 0.321023 0.441148 0.318560 0.439852 0.314542 0.438557 0.310523 0.436388 0.307310 0.433344 0.305167 0.432039 0.304750 0.430581 0.304718 0.428445 0.304625 0.426440 0.305736 0.424721 0.306847 0.423341 0.308546 0.421883 0.311278 0.421023 0.314194 0.420120 0.317352 0.419919 0.321491 0.419831 0.324972
1 0.443724 0.303847 0.441667 0.301389 0.438721 0.297097 0.437336 0.295171 0.436372 0.292759 0.436464 0.290296 0.437245 0.288958 0.439417 0.288583 0.442430 0.290352 0.444747 0.292227 0.446979 0.294741 0.448940 0.297810 0.449721 0.299292 0.448940 0.299301 0.447427 0.297301 0.445448 0.294852 0.443966 0.293324 0.442323 0.291977 0.439826 0.290542 0.438599 0.290032 0.437505 0.290403 0.437352 0.291051 0.437352 0.292440 0.437690 0.293833 0.438810 0.295500 0.440500 0.297625 0.442401 0.300403 0.444409 0.303366
16 0.437555 0.381134 0.436474 0.374032 0.435448 0.365199 0.435341 0.359537 0.434531 0.355889 0.432469 0.354046 0.430779 0.354713 0.430328 0.355306 0.427247 0.359204 0.425565 0.361690 0.423885 0.364426 0.423591 0.367292 0.423008 0.374713 0.422687 0.381528 0.422154 0.399292 0.421922 0.401852 0.421086 0.404426 0.423276 0.401852 0.426312 0.401116 0.428083 0.401278 0.430289 0.402755 0.429846 0.397894 0.430367 0.394282 0.431354 0.389458 0.433438 0.386310 0.435521 0.384227 0.437552 0.383023
10 0.419391 0.365981 0.420781 0.369278 0.420297 0.376769 0.419487 0.385889 0.418081 0.398903 0.417315 0.405500 0.415984 0.412315 0.417839 0.408519 0.419427 0.406204 0.420964 0.405046 0.421086 0.404426 0.421922 0.401852 0.422154 0.399292 0.422687 0.381528 0.423008 0.374713 0.423591 0.367292 0.423885 0.364426
10 0.417638 0.418551 0.416185 0.419630 0.414654 0.423569 0.414451 0.425653 0.416669 0.431245 0.417557 0.429741 0.418646 0.425866 0.418081 0.424648
10 0.416669 0.431245 0.418214 0.430750 0.419888 0.431741 0.422466 0.434347 0.424349 0.436949 0.425953 0.439551 0.426510 0.441227 0.426406 0.445565 0.424906 0.450458
2 0.425953 0.439551 0.426510 0.441227 0.426406 0.445565 0.424906 0.450458 0.429229 0.460810 0.430937 0.461676 0.430937 0.455602 0.428880 0.451639 0.428987 0.443454 0.429161 0.439986
2 0.493523 0.404833 0.491294 0.405634 0.488552 0.409384 0.486143 0.413190 0.490029 0.417472 0.492289 0.419940
10 0.488146 0.398667 0.486208 0.400750 0.485646 0.404694 0.484352 0.406917 0.484839 0.411431 0.486143 0.413190 0.488552 0.409384 0.491294 0.405634 0.491979 0.403194
2 0.498734 0.411801 0.501432 0.418704 0.500547 0.420278 0.501875 0.422870 0.501146 0.424722 0.499714 0.421389 0.498344 0.423319
1 0.502076 0.422569 0.502727 0.422245 0.503091 0.422431 0.503195 0.424236 0.502701 0.426181 0.502128 0.427986 0.500930 0.429745 0.500401 0.428366 0.501156 0.427023 0.501867 0.425347
1 0.499776 0.430426 0.499099 0.431583 0.497563 0.433528 0.497563 0.434731 0.498917 0.433620 0.499750 0.432787 0.500401 0.431583
1 0.503091 0.422431 0.503195 0.424236 0.502701 0.426181 0.503229 0.428380 0.506042 0.433519 0.507344 0.435046 0.507839 0.434676 0.507578 0.433241
10 0.496779 0.446306 0.497990 0.448241 0.498513 0.451898 0.498542 0.454398 0.500130 0.452315 0.498932 0.444630 0.497656 0.444722
2 0.463096 0.465667 0.461667 0.470648 0.463229 0.472269 0.465026 0.472407 0.465547 0.475463 0.467464 0.481481 0.468701 0.479764 0.471292 0.477889 0.474182 0.476657 0.475599 0.477963 0.480417 0.475833 0.476198 0.472500 0.474219 0.472685 0.472422 0.475139 0.471979 0.474120 0.473424 0.471042
1 0.473424 0.471042 0.471979 0.474120 0.472422 0.475139 0.474219 0.472685 0.476198 0.472500 0.480417 0.475833 0.485625 0.480093 0.489128 0.483412 0.490948 0.484491 0.491367 0.487144 0.491461 0.490546 0.491786 0.491458 0.492487 0.490630 0.492440 0.487810 0.491937 0.485097 0.490971 0.482875 0.485768 0.478356 0.475521 0.470185
1 0.494727 0.482588 0.493841 0.483468 0.494883 0.485458 0.495456 0.488514 0.495742 0.492542 0.496289 0.493838 0.496862 0.492542 0.496784 0.488653 0.495951 0.486153
1 0.494130 0.490361 0.493557 0.493148 0.489852 0.498343 0.490305 0.499949 0.491141 0.499282 0.494612 0.497116 0.495742 0.492542 0.495396 0.490574
1 0.485641 0.481231 0.488922 0.493685 0.488922 0.494981 0.489339 0.496185 0.490042 0.496648 0.490745 0.496046 0.490901 0.494981 0.490172 0.494657 0.489417 0.493315 0.486344 0.480907
1 0.493487 0.491542 0.492523 0.491356 0.491586 0.492560 0.491378 0.494921 0.491898 0.495199 0.492784 0.493208 0.493565 0.492838
2 0.487469 0.576356 0.489195 0.574199 0.490784 0.575028 0.493388 0.591713 0.490805 0.590856
2 0.485654 0.560431 0.487633 0.555213 0.489130 0.554991 0.495005 0.561324 0.501128 0.566542 0.503437 0.570653 0.500935 0.577319 0.496698 0.570792
2 0.485654 0.560431 0.486695 0.564338 0.487219 0.567208 0.486857 0.571940 0.487469 0.576356 0.489195 0.574199 0.490784 0.575028 0.491818 0.580616 0.500328 0.591157 0.504161 0.594528 0.508477 0.594602 0.507437 0.592870 0.505250 0.589315 0.503690 0.577097 0.503437 0.570653 0.500935 0.577319 0.496698 0.570792
9 0.509411 0.623102 0.508839 0.623426 0.508161 0.625093 0.509073 0.627731 0.510427 0.626435 0.510062 0.624676
2 0.516698 0.560310 0.519068 0.560449 0.521203 0.561005 0.521880 0.562255 0.522010 0.563782 0.521906 0.564894 0.521229 0.567023 0.519302 0.567671 0.516906 0.567440 0.516997 0.564213
2 0.550615 0.584991 0.551422 0.583185 0.550875 0.580546 0.549599 0.580222 0.549000 0.580315 0.548349 0.581009 0.546422 0.583741 0.545276 0.585917 0.545276 0.587769 0.545979 0.588972
1 0.502089 0.631495 0.503102 0.635014 0.504042 0.638718 0.504307 0.641912 0.504057 0.646394 0.503464 0.648810 0.502594 0.651167 0.501216 0.652144 0.498716 0.653718 0.495174 0.653023 0.490893 0.650574 0.487547 0.647722 0.483435 0.642019 0.483190 0.640903 0.483703 0.639463 0.485177 0.642519 0.487396 0.645370 0.491667 0.648796 0.494135 0.650699 0.496404 0.651130 0.499193 0.651130 0.501042 0.650324 0.503021 0.648102 0.503177 0.641759 0.502784 0.638176 0.501982 0.634523 0.501414 0.632542
9 0.502784 0.638176 0.501510 0.638426 0.501016 0.639074 0.500440 0.640801 0.501354 0.640694 0.502135 0.640509 0.503177 0.641759
2 0.495174 0.653023 0.490893 0.650574 0.487547 0.647722 0.485018 0.645097 0.486164 0.654685 0.488182 0.654903 0.493667 0.658542 0.494510 0.657472
2 0.538927 0.598343 0.536349 0.605796 0.538693 0.606120 0.540464 0.606907 0.543120 0.601815
1 0.516000 0.575431 0.517760 0.577593 0.522188 0.579954 0.522656 0.578611 0.518698 0.576389 0.516250 0.574306
1 0.516102 0.580889 0.515477 0.581676 0.515062 0.585093 0.513471 0.588435 0.513497 0.590565 0.517990 0.599190 0.518742 0.598921 0.518742 0.596241 0.518232 0.596296 0.516573 0.593190 0.515247 0.589546 0.515005 0.587940 0.515549 0.587296 0.517435 0.589282 0.517799 0.588773 0.519596 0.590764 0.521523 0.593171 0.522331 0.594375 0.524648 0.600958 0.525977 0.603042 0.526549 0.604292 0.525615 0.605542 0.525977 0.607486 0.526758 0.607440 0.527732 0.609745 0.530232 0.608620 0.532312 0.607708 0.536617 0.610505 0.536581 0.608333 0.535154 0.606972 0.533654 0.606292 0.536651 0.604431 0.536234 0.601889 0.535117 0.602264 0.535258 0.601269 0.536755 0.597986 0.538255 0.596310 0.537906 0.595380 0.536094 0.596685 0.534385 0.600773 0.534125 0.594491 0.533669 0.592384 0.532659 0.590028 0.529049 0.591606 0.526365 0.592287 0.522911 0.592162 0.520867 0.589894 0.520893 0.588227 0.520424 0.585310 0.519799 0.585449 0.517872 0.583227 0.518732 0.582764 0.518706 0.581421
1 0.536349 0.605796 0.538693 0.606120 0.540464 0.606907 0.541589 0.606296 0.546380 0.601759 0.548125 0.599537 0.548854 0.600185 0.547266 0.602407 0.544896 0.604907 0.542292 0.607176 0.540833 0.608287 0.540026 0.608333 0.538646 0.607963 0.537109 0.608194 0.536432 0.607593
9 0.538732 0.608421 0.538159 0.608745 0.538185 0.609532 0.538393 0.610042 0.538836 0.610181 0.539409 0.610181 0.539487 0.609069
9 0.554844 0.592977 0.553490 0.592745 0.552839 0.594875 0.553880 0.596866 0.555026 0.596542 0.555911 0.594505
9 0.549375 0.589644 0.550365 0.589968 0.551068 0.591171 0.550859 0.593116 0.550156 0.593255 0.548828 0.591542
2 0.541659 0.597287 0.546451 0.596917 0.548117 0.596176 0.550357 0.599694 0.548854 0.600185 0.548125 0.599537 0.546380 0.601759 0.544576 0.600806 0.543326 0.599833
9 0.541659 0.597287 0.540729 0.595880 0.539479 0.597130 0.539557 0.598796 0.541771 0.600648 0.542500 0.600139 0.542943 0.599167
9 0.544828 0.590509 0.542849 0.589769 0.540635 0.591806 0.540766 0.592731 0.540141 0.594491 0.540193 0.595324 0.540729 0.595880 0.541659 0.597287 0.543891 0.596806 0.542172 0.594815 0.542380 0.592917 0.543422 0.592778 0.545766 0.593009
9 0.549281 0.588056 0.547589 0.590324 0.545427 0.590602 0.545766 0.591991 0.547068 0.592639 0.547901 0.592639 0.549620 0.589028
9 0.571956 0.595167 0.570940 0.597296 0.570393 0.598824 0.570836 0.600028 0.571878 0.601185 0.572268 0.600074 0.573362 0.598685
9 0.562768 0.589704 0.563672 0.589491 0.564216 0.590722 0.564034 0.592384 0.563401 0.592384 0.562529 0.591634
2 0.539297 0.573935 0.530130 0.576296 0.524354 0.577597 0.522656 0.578611 0.522188 0.579954 0.522094 0.583838 0.523667 0.586847 0.530526 0.585130 0.535526 0.585199 0.539602 0.583190
2 0.530167 0.570032 0.526820 0.568917 0.523299 0.568792 0.521695 0.570403 0.521695 0.573009 0.523719 0.574310 0.528076 0.575671 0.529714 0.574370 0.530167 0.572884
9 0.533305 0.568296 0.532224 0.567060 0.530831 0.567306 0.530620 0.570468 0.530690 0.571894 0.531180 0.572574
1 0.549094 0.586250 0.550448 0.588380 0.551828 0.590046 0.553573 0.591713 0.555839 0.593148 0.558156 0.593750 0.560292 0.594181 0.562974 0.593759 0.565216 0.592833 0.567503 0.590759 0.569794 0.587611 0.569326 0.586176 0.567034 0.589417 0.565159 0.591315 0.564034 0.592384 0.563401 0.592384 0.562008 0.592935 0.555628 0.591546 0.553125 0.589750 0.549844 0.585676
9 0.566331 0.582366 0.565563 0.583856 0.565737 0.584968 0.567096 0.586333 0.568492 0.586458 0.568003 0.583111
9 0.565826 0.576991 0.564810 0.576204 0.563872 0.576806 0.563404 0.578380 0.564003 0.579815 0.565122 0.580139 0.565695 0.579769
9 0.565609 0.586505 0.564385 0.589282 0.566052 0.590023 0.566833 0.587431
2 0.562099 0.590565 0.561714 0.588644 0.559901 0.587343 0.559518 0.585796 0.557893 0.583431 0.557294 0.583162 0.555081 0.581537 0.554013 0.580190 0.552685 0.581907 0.553909 0.584593 0.556227 0.587648 0.557789 0.589542 0.561146 0.591444
2 0.564448 0.583264 0.561427 0.579375 0.560984 0.577523 0.559995 0.576690 0.559135 0.575903 0.558042 0.573542 0.556297 0.576181 0.555229 0.576319 0.553823 0.576597 0.552625 0.578819 0.554734 0.579838 0.559214 0.583032 0.562937 0.587616
1 0.566924 0.578236 0.566299 0.577958 0.565570 0.581199 0.563956 0.580458 0.563695 0.581060 0.565102 0.582449 0.564448 0.583264 0.562937 0.587616 0.562549 0.588329 0.560466 0.585505 0.559919 0.586153 0.559901 0.587343 0.561714 0.588644 0.562099 0.590565 0.562768 0.589704 0.564346 0.587403 0.565128 0.585644 0.565563 0.583856 0.566378 0.581245
1 0.550828 0.575847 0.549786 0.575940 0.549995 0.577977 0.550875 0.580546 0.551422 0.583185 0.552599 0.586032 0.554732 0.589097 0.557909 0.591227 0.559576 0.590856 0.557789 0.589542 0.556685 0.588819 0.555253 0.587106 0.553768 0.585162 0.552388 0.582153 0.551034 0.578449
9 0.561906 0.568324 0.562036 0.570593 0.563547 0.569759 0.563547 0.569250 0.562609 0.567954
9 0.561099 0.569250 0.560266 0.569111 0.559380 0.569713 0.558417 0.570778 0.558417 0.571935 0.559432 0.573833 0.560292 0.573278 0.560422 0.571889 0.561880 0.571380 0.561698 0.570083
9 0.560823 0.561880 0.559911 0.562204 0.559625 0.562898 0.559729 0.564565 0.560094 0.566417 0.561161 0.566324 0.561604 0.564333
9 0.557083 0.551736 0.555729 0.551042 0.555130 0.551366 0.554974 0.554005 0.555052 0.555625 0.555703 0.556273 0.557839 0.555255 0.558333 0.554653
1 0.557839 0.555255 0.558724 0.558287 0.559193 0.560972 0.559245 0.564954 0.559089 0.568657 0.558417 0.570778 0.558417 0.571935 0.557734 0.573472 0.555990 0.575602 0.552969 0.576435 0.552786 0.574444 0.554583 0.573889 0.556901 0.572361 0.557786 0.571250 0.558307 0.569259 0.558568 0.566111 0.558411 0.561852 0.557240 0.558009 0.556953 0.555694
9 0.562789 0.571468 0.561695 0.572486 0.562815 0.573551 0.564273 0.572537 0.564065 0.571699
9 0.563102 0.573926 0.562555 0.574662 0.563805 0.576148 0.564273 0.574940 0.563961 0.574338
1 0.560292 0.573278 0.559432 0.573833 0.560495 0.576065 0.561797 0.578796 0.562891 0.580417 0.563099 0.579630 0.562083 0.578056 0.561146 0.575926
2 0.558375 0.568083 0.556240 0.563500 0.555148 0.562574 0.553245 0.563963 0.557281 0.571509 0.557786 0.571250 0.558307 0.569259
9 0.552406 0.564319 0.551417 0.565106 0.551833 0.567190 0.552250 0.568579 0.552458 0.569690 0.553526 0.569968 0.554151 0.569319 0.554255 0.567606 0.553344 0.565292
2 0.543633 0.519509 0.542799 0.519880 0.540794 0.516731 0.539674 0.519463 0.540794 0.522287 0.542747 0.524139 0.545508 0.528028 0.551865 0.542199 0.552750 0.540903
2 0.554841 0.552671 0.554299 0.550579 0.553695 0.548384 0.552130 0.547315 0.549026 0.550685 0.550352 0.552935 0.551586 0.552509 0.551677 0.552028 0.552732 0.552296 0.553547 0.553153 0.553214 0.554597 0.554180 0.554171
1 0.552484 0.547500 0.552536 0.541856 0.553396 0.542407 0.553240 0.548014
1 0.552732 0.552296 0.551849 0.553657 0.551120 0.560046 0.551953 0.561204 0.552534 0.559269 0.552534 0.558662 0.553214 0.554597 0.553547 0.553153
9 0.550706 0.565278 0.549560 0.563981 0.548805 0.564861 0.548753 0.566852 0.549875 0.568056 0.550583 0.568023
9 0.553023 0.571347 0.549648 0.573491 0.549951 0.574079 0.552904 0.573759
9 0.551953 0.561204 0.551120 0.560046 0.550281 0.558856 0.548807 0.559394 0.548083 0.562069 0.549560 0.563981 0.550674 0.564213
1 0.551766 0.579565 0.552458 0.579671 0.552518 0.576139 0.552969 0.576435 0.552786 0.574444 0.550982 0.574315 0.549294 0.573995 0.547878 0.573778 0.547937 0.575602 0.549786 0.575940 0.550828 0.575847 0.551495 0.576190
9 0.545276 0.587769 0.544505 0.587176 0.543281 0.587778 0.542578 0.588565 0.542109 0.589907 0.542849 0.589769 0.543464 0.589861 0.544505 0.589120 0.545677 0.590046 0.545979 0.588972
9 0.546161 0.581560 0.545172 0.581236 0.544130 0.582208 0.543688 0.583968 0.543010 0.586606 0.543714 0.586838 0.544547 0.586236 0.545484 0.584060 0.546422 0.583741 0.546786 0.583042
1 0.545586 0.576454 0.544198 0.579773 0.542964 0.582505 0.542151 0.586042 0.543010 0.586606 0.543688 0.583968 0.544130 0.582208 0.544802 0.580472 0.545706 0.578542
9 0.546813 0.576144 0.546240 0.575727 0.544937 0.574431 0.544885 0.576236 0.545224 0.577069 0.545586 0.576454 0.545706 0.578542 0.546083 0.580449 0.546500 0.581375 0.547021 0.582116 0.547776 0.581884 0.548063 0.581421
9 0.553422 0.543213 0.554326 0.544125 0.554445 0.546806 0.553240 0.548014
2 0.552536 0.541856 0.551865 0.542199 0.550703 0.542463 0.549078 0.544449 0.548896 0.546213 0.548927 0.549213 0.549026 0.550685 0.552130 0.547315 0.552484 0.547500 0.552484 0.547500
9 0.540352 0.585676 0.539154 0.585120 0.538633 0.585537 0.538164 0.588593 0.538607 0.590630 0.539362 0.590306
1 0.545000 0.573056 0.544076 0.572477 0.543346 0.573495 0.543398 0.575023 0.541810 0.581088 0.540586 0.586366 0.539508 0.590676 0.538438 0.596278 0.539352 0.596736 0.539896 0.592898 0.540523 0.589843 0.542240 0.584102
2 0.530130 0.576296 0.534375 0.569213 0.544076 0.572477 0.543346 0.573495 0.543398 0.575023 0.541810 0.581088 0.540937 0.584815 0.539602 0.583190 0.539297 0.573935
9 0.538948 0.563968 0.538062 0.563782 0.537724 0.564292 0.536398 0.564199 0.536292 0.565495 0.537490 0.565588 0.538010 0.567810 0.538635 0.570032 0.539156 0.569569 0.540146 0.567440
9 0.546479 0.567278 0.544076 0.572477 0.545000 0.573056 0.545000 0.573056 0.545724 0.574593 0.546240 0.575727 0.546813 0.576144 0.547104 0.577046 0.547937 0.575602 0.547878 0.573778 0.547495 0.572833 0.546401 0.571630 0.546635 0.569593
9 0.549021 0.563176 0.548526 0.562713 0.547250 0.562894 0.546885 0.563176 0.546781 0.564657 0.547016 0.567019 0.547094 0.570069 0.547198 0.572343 0.548474 0.571324 0.548604 0.568315 0.548266 0.566741
9 0.549552 0.567875 0.549344 0.569310 0.549474 0.573106 0.550229 0.572644 0.550073 0.570653 0.550672 0.569218 0.550583 0.568023 0.549875 0.568056
9 0.548635 0.535588 0.548193 0.534894 0.547203 0.534523 0.546682 0.534940 0.546370 0.536051 0.546370 0.536606 0.546865 0.537440 0.547359 0.537764 0.548010 0.537949 0.548557 0.537116
9 0.544789 0.538019 0.545935 0.537926 0.547680 0.538157 0.548383 0.538991 0.548591 0.540426 0.547758 0.541676 0.546352 0.541306 0.544398 0.540565
9 0.548747 0.542463 0.548591 0.540426 0.548383 0.538991 0.548904 0.538157 0.549659 0.538019 0.550206 0.539176 0.550336 0.541352 0.550727 0.541954 0.550703 0.542463 0.550049 0.542602
9 0.549935 0.543588 0.548320 0.542384 0.545794 0.541412 0.545742 0.542338 0.547747 0.544421 0.549078 0.544449
9 0.547341 0.532940 0.546221 0.531736 0.545440 0.533171 0.544581 0.533079 0.544633 0.534144 0.544997 0.534884 0.545154 0.536551 0.545779 0.537014
2 0.544297 0.533588 0.541901 0.530579 0.537708 0.525718 0.532492 0.521051 0.527281 0.518583 0.526255 0.517139 0.524992 0.518102 0.521052 0.515139 0.516659 0.512657 0.515997 0.514764 0.518437 0.517556 0.519901 0.517801 0.524573 0.520593 0.525341 0.520903 0.527641 0.520903 0.529943 0.521644 0.531057 0.523875 0.534404 0.527718 0.539352 0.532606 0.543047 0.535755
9 0.544997 0.534884 0.544375 0.536713 0.543880 0.540324 0.543516 0.540046 0.543021 0.538287 0.543047 0.535755 0.544297 0.533588 0.544633 0.534144
2 0.547747 0.544421 0.549078 0.544449 0.548896 0.546213 0.548927 0.549213 0.549026 0.550685 0.549026 0.550685 0.549784 0.552102 0.549750 0.555449 0.549995 0.557245 0.549888 0.558611 0.549193 0.558921 0.548250 0.558051 0.548250 0.554333 0.548042 0.549315 0.547344 0.547764 0.546961 0.546648 0.547065 0.544977
9 0.545365 0.542606 0.544687 0.542282 0.543906 0.542468 0.543750 0.544829 0.544687 0.547468 0.545781 0.547329 0.546484 0.549134 0.547214 0.551912 0.548151 0.552282 0.548042 0.549315 0.547344 0.547764 0.546961 0.546648 0.547065 0.544977
9 0.547214 0.551912 0.548151 0.552282 0.548250 0.554333 0.548250 0.558051 0.548174 0.559500 0.547630 0.561319 0.546698 0.560519 0.545943 0.558106 0.546245 0.553444
1 0.546885 0.560866 0.544596 0.565046 0.544628 0.567079 0.542669 0.572005 0.543661 0.572222 0.545833 0.567134 0.546781 0.564657 0.546885 0.563176 0.547630 0.561319
1 0.545781 0.547329 0.544974 0.550046 0.544531 0.552500 0.544063 0.554907 0.544115 0.557407 0.544740 0.559074 0.545990 0.562454 0.546745 0.561204 0.546042 0.559167 0.545547 0.557778 0.545208 0.556389 0.545156 0.555185 0.545547 0.552731 0.546484 0.549134
1 0.543964 0.547069 0.543495 0.546144 0.542609 0.547023 0.542208 0.555236 0.542443 0.561579 0.542721 0.570083 0.543839 0.569171 0.544628 0.567079 0.544596 0.565046 0.544078 0.561833 0.543776 0.559796 0.543234 0.559315 0.543206 0.552727 0.543839 0.551227
1 0.541451 0.548005 0.540148 0.548843 0.541336 0.571412 0.542669 0.572005 0.542195 0.565023 0.541427 0.552963
9 0.543388 0.540708 0.542633 0.539458 0.541279 0.538856 0.539508 0.540153 0.539273 0.540894 0.539794 0.541310 0.539846 0.546449 0.540523 0.547144 0.541096 0.546542 0.542919 0.546449 0.543180 0.545708 0.543258 0.544505 0.543750 0.544829 0.543906 0.542468
1 0.541042 0.534546 0.539445 0.535190 0.537667 0.537495 0.536732 0.541458 0.535888 0.546384 0.536432 0.550833 0.537276 0.556602 0.538570 0.561852 0.540469 0.566778 0.540771 0.565171 0.539234 0.561208 0.538240 0.555690 0.537245 0.549958 0.537003 0.546796 0.537305 0.543852 0.538427 0.538519 0.540276 0.536287 0.541810 0.535792
2 0.541042 0.534546 0.536852 0.532579 0.534724 0.542870 0.536732 0.541458 0.537667 0.537495 0.539445 0.535190
2 0.537898 0.559292 0.537276 0.556602 0.536432 0.550833 0.535888 0.546384 0.536388 0.543134 0.534513 0.544940 0.535008 0.552394 0.535503 0.559616
2 0.543906 0.542468 0.543880 0.540324 0.543516 0.540046 0.543021 0.538287 0.543047 0.535755 0.541042 0.534546 0.541810 0.535792 0.540276 0.536287 0.538427 0.538519 0.537305 0.543852 0.537003 0.546796 0.537245 0.549958 0.538240 0.555690 0.538906 0.559537 0.540625 0.559120 0.540148 0.548843 0.541451 0.548005 0.541427 0.552963 0.541797 0.559259 0.542292 0.559259 0.542208 0.555236 0.542609 0.547023 0.542919 0.546449 0.541096 0.546542 0.540523 0.547144 0.539846 0.546449 0.539794 0.541310 0.539273 0.540894 0.539508 0.540153 0.541279 0.538856 0.542633 0.539458 0.543388 0.540708
7 0.528927 0.519231 0.532943 0.493426 0.539708 0.509935 0.537096 0.525120 0.532492 0.521051
7 0.528620 0.521079 0.524326 0.540829 0.527406 0.541157 0.529740 0.542903 0.532539 0.546139 0.533615 0.544227 0.536180 0.529542 0.534404 0.527718 0.531057 0.523875 0.529943 0.521644
9 0.518357 0.557986 0.517680 0.559051 0.518279 0.560116 0.519164 0.559606 0.519268 0.559236
2 0.514219 0.540282 0.512273 0.537694 0.509143 0.535870 0.505565 0.533806 0.505924 0.537153 0.507576 0.539611 0.509034 0.541148 0.513299 0.543259
1 0.521232 0.542440 0.523128 0.541292 0.524326 0.540829 0.527406 0.541157 0.529740 0.542903 0.532539 0.546139 0.533674 0.548361 0.535008 0.552394 0.535503 0.559616 0.535255 0.562616 0.534685 0.566046 0.533719 0.569690 0.530130 0.576296 0.529461 0.575583 0.529714 0.574370 0.531180 0.572574 0.533305 0.568296 0.534099 0.565301 0.534430 0.562676 0.534612 0.558977 0.534612 0.555495 0.534070 0.552713 0.533109 0.549810 0.531695 0.546690 0.530279 0.544921 0.528711 0.543634 0.526815 0.542616 0.524401 0.542088 0.521779 0.543204
1 0.532539 0.546139 0.533615 0.544227 0.534724 0.542870 0.536732 0.541458 0.536388 0.543134 0.534513 0.544940 0.533229 0.547222
1 0.531638 0.548477 0.530961 0.550329 0.530128 0.553986 0.529607 0.556671 0.530466 0.556995 0.531247 0.555699 0.531612 0.551810 0.532628 0.549773 0.532185 0.548847
9 0.534388 0.561259 0.533867 0.560194 0.533294 0.560194 0.531992 0.559130 0.531419 0.560194 0.531940 0.561491 0.531755 0.562694 0.532536 0.564083 0.533633 0.564269 0.534430 0.562676
9 0.534070 0.552713 0.532396 0.553287 0.531247 0.555699 0.530466 0.556995 0.530130 0.557500 0.530599 0.558565 0.533516 0.555741 0.534612 0.555495
2 0.523755 0.557227 0.527823 0.557227 0.528906 0.560440 0.528065 0.564620 0.523182 0.562477
9 0.519086 0.551736 0.520648 0.551551 0.521924 0.554329 0.521664 0.555856 0.520753 0.557384 0.518930 0.554606 0.518669 0.552569
1 0.518518 0.542644 0.517789 0.544171 0.517815 0.546069 0.519646 0.547333 0.523701 0.551440 0.528534 0.557056 0.529341 0.559046 0.529680 0.560389 0.530331 0.562981 0.531490 0.565565 0.533305 0.568296 0.533677 0.567000 0.532974 0.566398 0.531802 0.564269 0.531255 0.562556 0.530786 0.559546 0.530130 0.557500 0.529607 0.556671 0.529607 0.556671 0.529302 0.555287 0.525987 0.551958 0.522083 0.547431 0.522042 0.546245 0.522005 0.544880 0.521378 0.543949 0.520159 0.543764 0.519776 0.544384
9 0.531341 0.549134 0.530318 0.549134 0.528992 0.549616 0.527818 0.548921 0.526943 0.549194 0.526159 0.550208 0.525919 0.551657 0.526612 0.552347 0.527667 0.552347 0.528872 0.551870 0.530318 0.552560 0.530961 0.550329
9 0.525591 0.543269 0.524810 0.542574 0.524107 0.542944 0.523898 0.544519 0.524107 0.545676 0.525070 0.545722 0.525487 0.544565
9 0.527753 0.543315 0.527180 0.543870 0.527154 0.545069 0.527701 0.545861 0.529706 0.546093 0.530148 0.545722 0.530279 0.544921 0.528711 0.543634
1 0.522362 0.544125 0.524107 0.545676 0.526320 0.546301 0.529133 0.546764 0.531529 0.546532 0.531685 0.548199 0.529940 0.548199 0.526529 0.548431 0.524289 0.547875 0.522042 0.546245 0.522005 0.544880
1 0.524031 0.520759 0.524578 0.520991 0.525490 0.522241 0.526375 0.523861 0.526896 0.526731 0.527000 0.528630 0.526323 0.531593 0.525932 0.528259 0.525125 0.524787 0.524708 0.522981
1 0.525003 0.524144 0.523206 0.524051 0.521409 0.524375 0.519456 0.525301 0.516826 0.527431 0.514508 0.530486 0.511846 0.537343 0.512273 0.537694 0.512732 0.538130 0.514060 0.534472 0.515128 0.532157 0.516638 0.530028 0.518826 0.527528 0.520857 0.525907 0.522549 0.525815 0.525388 0.525954 0.525125 0.524787
9 0.519141 0.527986 0.518594 0.529144 0.520026 0.530949 0.520081 0.530023
9 0.518982 0.530565 0.518721 0.529917 0.518227 0.530194 0.517940 0.530611 0.517732 0.531676 0.517836 0.532370 0.518461 0.533065 0.519138 0.532324
9 0.523695 0.537301 0.522185 0.535310 0.520544 0.535032 0.519971 0.537718 0.520701 0.538181 0.521247 0.537903 0.523044 0.539106
9 0.519932 0.538986 0.518760 0.537366 0.517927 0.538106 0.517276 0.539449 0.518188 0.541810 0.519437 0.540884 0.519958 0.540236
9 0.518969 0.534403 0.517563 0.534171 0.516781 0.534773 0.517068 0.537088 0.518370 0.537181 0.519021 0.535977
9 0.517016 0.530329 0.516339 0.530421 0.515375 0.531903 0.515505 0.533106 0.516391 0.534264 0.517823 0.533292 0.517836 0.532370 0.517510 0.531671
1 0.525047 0.537204 0.523044 0.539106 0.521193 0.540491 0.519437 0.540884 0.518823 0.541370 0.518745 0.542713 0.520099 0.542667 0.521766 0.541741 0.523198 0.540815 0.524604 0.539333
9 0.537516 0.567394 0.536500 0.565866 0.535617 0.566144 0.534937 0.568366 0.537099 0.569477
2 0.512654 0.543000 0.509034 0.541148 0.508044 0.542074 0.507914 0.543000 0.512055 0.548231 0.512836 0.546148
2 0.517430 0.518514 0.516232 0.520829 0.512378 0.525551 0.509253 0.530412 0.506961 0.534440 0.509143 0.535870 0.511096 0.537060 0.513076 0.533542 0.514508 0.530486 0.516826 0.527431 0.519456 0.525301 0.521878 0.520301 0.519901 0.517801 0.518437 0.517556
1 0.506818 0.522556 0.506557 0.521630 0.506062 0.521352 0.505698 0.522278 0.505750 0.526120 0.505099 0.529500 0.505516 0.532926 0.506193 0.531815 0.506870 0.528389 0.506773 0.524653
1 0.504742 0.513782 0.504052 0.514690 0.505135 0.518764 0.504474 0.519458 0.505107 0.521764 0.506432 0.520528 0.506674 0.518977 0.505435 0.515333
1 0.507065 0.523528 0.506852 0.518653 0.507367 0.518065 0.508180 0.518921 0.508227 0.520639
1 0.511076 0.514981 0.506883 0.511972 0.506466 0.513176 0.509773 0.515954 0.510607 0.515690
1 0.509930 0.467458 0.510815 0.466764 0.514487 0.466671 0.516518 0.467181 0.521383 0.471403 0.523414 0.474782 0.525495 0.478588 0.526406 0.481736 0.526745 0.486921 0.526508 0.487579 0.526302 0.489005 0.525885 0.489005 0.525703 0.485625 0.525495 0.482755 0.525052 0.482477 0.523802 0.479190 0.522865 0.476782 0.522865 0.475903 0.520833 0.473310 0.519323 0.471366 0.516586 0.468935 0.514810 0.468935 0.510576 0.469153
1 0.522320 0.472653 0.522591 0.469815 0.523284 0.470403 0.522953 0.473884
1 0.513349 0.469315 0.514365 0.473806 0.515094 0.478389 0.515823 0.481907 0.516969 0.480704 0.516604 0.477833 0.515615 0.473019 0.514156 0.469315
1 0.518753 0.478023 0.515859 0.482731 0.516138 0.483907 0.518299 0.480870 0.519451 0.478949
1 0.522102 0.477028 0.522833 0.477338 0.522901 0.480500 0.521927 0.480500
1 0.518789 0.475792 0.519870 0.475912 0.521927 0.480500 0.522763 0.481306 0.522484 0.482481 0.519591 0.477648 0.518823 0.477028
1 0.516878 0.483532 0.518336 0.482977 0.521122 0.484181 0.522320 0.485384 0.523492 0.487468 0.522294 0.489366 0.521279 0.486032 0.517034 0.484829
1 0.518206 0.486866 0.519612 0.491079 0.520341 0.490894 0.519013 0.486634
1 0.506203 0.491273 0.508182 0.490347 0.510474 0.488356 0.512896 0.486505 0.514172 0.485162 0.514563 0.485440 0.514615 0.487153 0.515370 0.489190 0.516359 0.490394 0.518755 0.491875 0.520135 0.492431 0.520839 0.493495 0.520135 0.493819 0.518625 0.493032 0.516464 0.491968 0.515109 0.491042 0.514380 0.489560 0.513651 0.487153 0.511620 0.489560 0.509536 0.490949 0.507167 0.491875 0.505995 0.492477
1 0.518789 0.511843 0.519729 0.507940 0.520078 0.502792 0.520602 0.502111 0.523982 0.500130 0.524089 0.501741 0.521089 0.503227 0.521367 0.504963 0.521367 0.507009 0.520706 0.506884 0.519591 0.512833
1 0.519201 0.513931 0.520768 0.512069 0.523836 0.509343 0.527984 0.508227 0.528229 0.509963 0.525474 0.511264 0.525336 0.513065 0.524672 0.515667 0.523836 0.516412 0.522581 0.515977 0.524115 0.512505 0.523661 0.512009 0.521570 0.515296
1 0.511065 0.490569 0.513594 0.491213 0.515404 0.492125 0.517451 0.494426 0.519049 0.497856 0.519531 0.500588 0.519560 0.503319 0.519138 0.506319 0.519018 0.509319 0.518779 0.510338 0.518055 0.510338 0.517813 0.509426 0.518083 0.507014 0.517573 0.502889 0.516156 0.498338 0.515312 0.496569 0.515312 0.495606 0.513836 0.494481 0.510763 0.492551
10 0.415438 0.363519 0.416893 0.363426 0.418839 0.365056 0.420781 0.369278 0.420297 0.376769 0.419487 0.385889 0.418081 0.398903 0.416549 0.380903 0.416388 0.368569
10 0.466971 0.437259 0.483573 0.446366 0.490648 0.450319 0.491937 0.448023 0.494076 0.446019 0.495609 0.445944 0.496779 0.446306 0.497990 0.448241 0.498513 0.451898 0.498513 0.455194 0.498513 0.462153 0.497747 0.468176 0.496779 0.472648 0.495781 0.475755 0.495206 0.478718 0.493833 0.481944 0.491937 0.485097 0.490971 0.482875 0.485768 0.478356 0.475521 0.470185 0.473424 0.471042 0.463096 0.465667 0.463703 0.459356 0.462938 0.458708
13 0.409599 0.285486 0.407638 0.277343 0.406977 0.275204 0.405409 0.272417 0.402560 0.269065 0.399997 0.266704 0.395779 0.265315 0.390596 0.265153 0.383276 0.267894 0.378836 0.271769 0.372182 0.279301 0.367755 0.285218 0.365576 0.290023 0.364286 0.293102 0.363237 0.297551 0.362513 0.302787 0.378396 0.341255 0.383833 0.353708 0.386203 0.354639 0.388956 0.351093 0.392391 0.348148 0.390823 0.346218 0.389255 0.343222 0.388013 0.339463 0.387076 0.334648 0.386867 0.330620 0.386893 0.327241 0.386919 0.323028 0.388013 0.319019 0.388948 0.316472 0.390638 0.313806 0.392878 0.311171 0.395174 0.309426 0.397133 0.308727 0.399513 0.308514 0.402013 0.309102 0.404477 0.311079 0.406349 0.313810 0.407521 0.316037 0.408812 0.319435 0.409370 0.322407 0.409370 0.326806 0.409159 0.331273 0.408495 0.335130 0.407109 0.339310 0.408706 0.336847 0.410393 0.330630 0.411206 0.331917 0.409820 0.336579 0.409130 0.339074 0.408974 0.342824 0.408747 0.344333 0.407862 0.344333 0.407497 0.343917 0.406846 0.345532 0.410159 0.348157 0.411510 0.349727 0.413422 0.354106 0.414536 0.358444 0.414818 0.360551 0.417115 0.357019 0.419138 0.352556 0.420872 0.346593 0.421310 0.340264 0.421122 0.330819 0.419250 0.322157 0.416776 0.311505 0.414919 0.307417 0.414799 0.305051 0.411409 0.302537 0.406768 0.301681 0.398016 0.300028 0.391578 0.301426 0.388352 0.299778 0.386294 0.296403 0.385729 0.292676 0.386453 0.288806 0.388555 0.285509 0.390286 0.282491 0.392831 0.281778
10 0.409599 0.285486 0.392831 0.281778 0.390286 0.282491 0.388555 0.285509 0.386453 0.288806 0.385729 0.292676 0.386294 0.296403 0.388352 0.299778 0.391578 0.301426 0.398016 0.300028 0.406768 0.301681 0.411409 0.302537 0.414799 0.305051 0.416388 0.303028 0.416992 0.300157 0.417234 0.296431 0.416589 0.293417 0.415299 0.290046 0.412797 0.286750
10 0.434125 0.343380 0.432253 0.343968 0.430503 0.344074 0.428878 0.343537 0.427279 0.342468 0.429122 0.348718 0.430328 0.355306 0.430779 0.354713
1 0.468310 0.430741 0.469357 0.431301 0.472008 0.431176 0.476747 0.429690 0.481107 0.428824 0.482674 0.424606 0.483305 0.421139 0.485862 0.422745 0.483573 0.446366 0.466971 0.437259
2 0.473307 0.400718 0.468310 0.430741 0.469357 0.431301 0.472008 0.431176 0.476747 0.429690 0.481107 0.428824 0.482674 0.424606 0.483305 0.421139 0.483443 0.416676 0.483581 0.413449
2 0.487430 0.389079 0.481703 0.388060 0.477276 0.387579 0.475438 0.391435 0.474323 0.394648 0.473810 0.398347 0.484839 0.411431 0.484352 0.406917 0.485646 0.404694 0.486208 0.400750 0.488146 0.398667
10 0.437552 0.383023 0.435521 0.384227 0.433438 0.386310 0.431354 0.389458 0.430367 0.394282 0.429846 0.397894 0.430289 0.402755 0.432638 0.405037 0.434591 0.408278 0.436130 0.385514 0.437951 0.385347
10 0.440628 0.321991 0.438380 0.313546 0.435255 0.308551 0.432568 0.306662 0.430383 0.306218 0.428445 0.324213 0.425872 0.322991 0.425333 0.324167 0.425154 0.326801 0.426234 0.326579 0.426346 0.327657 0.425664 0.328722 0.425195 0.329833 0.426109 0.330153 0.427445 0.332708 0.427133 0.334565 0.426172 0.334287 0.425258 0.333319 0.424740 0.336375 0.425990 0.339472 0.427682 0.341097 0.429857 0.342250 0.432156 0.342537 0.434411 0.342037 0.437036 0.332644
10 0.455937 0.311991 0.453799 0.308977 0.450492 0.305463 0.447346 0.304676 0.444461 0.303931 0.442474 0.303986 0.439581 0.303722 0.437172 0.304042 0.433344 0.305167 0.436388 0.307310 0.438557 0.310523 0.439852 0.314542 0.441148 0.318560 0.441328 0.321023 0.445849 0.308167 0.453893 0.316310 0.454224 0.313843 0.454948 0.312292
10 0.392391 0.348148 0.388956 0.351093 0.386203 0.354639 0.383833 0.353708 0.404487 0.402778 0.414451 0.425653 0.414654 0.423569 0.416185 0.419630 0.417638 0.418551 0.416992 0.416042 0.415984 0.412315 0.417315 0.405500 0.418081 0.398903 0.416549 0.380903 0.416388 0.368569 0.414818 0.360551 0.414536 0.358444 0.413422 0.354106 0.411510 0.349727 0.410159 0.348157 0.406846 0.345532 0.405859 0.346769 0.404164 0.348565 0.402591 0.349926 0.400695 0.350644 0.398719 0.350856 0.397026 0.350500 0.395331 0.349782
10 0.393638 0.347102 0.395622 0.345944 0.397289 0.345528 0.399294 0.345250 0.402341 0.344602 0.403435 0.344787 0.405206 0.345204 0.404026 0.346625 0.402581 0.347806 0.401284 0.348662 0.399357 0.348981 0.397729 0.348931 0.395740 0.348394
13 0.393638 0.347102 0.391607 0.344880 0.389992 0.341685 0.388820 0.338306 0.388117 0.334741 0.387622 0.328954 0.387857 0.323009 0.389076 0.319662 0.391099 0.315819 0.393609 0.312843 0.395534 0.311542 0.398190 0.310940 0.400951 0.311634 0.403451 0.313394 0.405648 0.315532 0.407109 0.317940 0.408401 0.321792 0.408521 0.324736 0.408461 0.329181 0.408159 0.332398 0.407406 0.335398 0.405839 0.339949 0.406865 0.341343 0.408310 0.339736 0.408070 0.342037 0.407888 0.342037 0.407016 0.342361 0.406411 0.343755 0.405206 0.345204 0.403435 0.344787 0.402341 0.344602 0.399294 0.345250 0.397289 0.345528 0.395622 0.345944
2 0.414919 0.307417 0.425419 0.280259 0.427318 0.281435 0.428102 0.283792 0.416776 0.311505
10 0.457471 0.313569 0.455937 0.311991 0.454948 0.312292 0.454224 0.313843 0.453893 0.316310 0.445849 0.308167 0.441328 0.321023 0.440628 0.321991 0.437036 0.332644 0.434411 0.342037 0.434125 0.343380 0.430779 0.354713 0.432469 0.354046 0.434531 0.355889 0.435341 0.359537 0.435448 0.365199 0.436474 0.374032 0.437555 0.381134 0.438539 0.374972 0.438714 0.367782 0.439026 0.359722 0.441258 0.352782 0.443211 0.349190 0.446557 0.346028 0.450112 0.343856
5 0.467464 0.481481 0.468701 0.479764 0.471292 0.477889 0.474182 0.476657 0.477318 0.479389 0.479727 0.481856 0.482508 0.487833 0.484005 0.493227 0.484357 0.497125 0.484396 0.501782 0.483958 0.506542 0.476771 0.504509 0.476492 0.499056 0.472935 0.496755 0.468729 0.490968 0.467651 0.490292 0.468406 0.485972
5 0.508018 0.464773 0.504914 0.465093 0.503167 0.465042 0.501299 0.466060 0.499581 0.467505 0.498372 0.469111 0.496779 0.472648 0.495781 0.475755 0.495542 0.477898 0.495721 0.481380 0.496628 0.485718 0.498586 0.489144 0.500302 0.485347 0.500891 0.484847 0.502531 0.486028 0.503719 0.487764 0.504065 0.490301 0.506646 0.489745 0.508354 0.487454 0.510620 0.483736 0.511247 0.480884 0.511456 0.476671 0.511281 0.472644 0.510620 0.469852 0.509714 0.466815
5 0.555096 0.625741 0.552466 0.622412 0.550070 0.618060 0.548768 0.612546 0.549419 0.606671 0.550932 0.602208 0.553276 0.598273 0.556693 0.595940 0.559589 0.594699 0.563979 0.595380 0.566211 0.596000 0.569594 0.598417 0.573115 0.603375 0.575060 0.608106 0.575432 0.614167 0.574081 0.620634 0.572492 0.624537 0.568898 0.627190 0.564138 0.619394 0.565727 0.612588 0.564745 0.609269 0.563719 0.606199 0.561898 0.605454 0.559193 0.607111 0.558211 0.612255 0.558164 0.615741 0.558633 0.617731 0.559984 0.618560
5 0.508448 0.500991 0.507844 0.496903 0.506633 0.494106 0.505182 0.493315 0.504065 0.490301 0.503719 0.487764 0.502531 0.486028 0.500891 0.484847 0.500302 0.485347 0.498586 0.489144 0.494612 0.497116 0.491141 0.499282 0.489245 0.501435 0.488557 0.504088 0.490969 0.505130 0.493424 0.508088 0.495482 0.510894 0.497068 0.511056 0.499357 0.511639 0.500479 0.513130 0.502070 0.515778 0.503482 0.514699 0.505620 0.512694 0.507516 0.509681 0.508445 0.506741
5 0.483581 0.413449 0.483443 0.416676 0.483305 0.421139 0.485862 0.422745 0.483573 0.446366 0.490648 0.450319 0.491937 0.448023 0.494076 0.446019 0.495609 0.445944 0.496940 0.438417 0.498151 0.427588
5 0.493883 0.402375 0.493523 0.404833 0.492289 0.419940 0.497378 0.424657 0.497982 0.424977 0.498344 0.423319 0.498734 0.411801
8 0.496661 0.592523 0.494151 0.585708 0.494849 0.585213 0.496242 0.586824 0.498229 0.593019
5 0.504307 0.641912 0.517159 0.644537 0.537266 0.648977 0.533594 0.654764 0.531641 0.654954 0.503464 0.648810 0.504057 0.646394
5 0.528404 0.483347 0.526508 0.487579 0.525781 0.491884 0.525701 0.496903 0.526266 0.499486 0.527112 0.503500 0.528604 0.506657 0.530299 0.509523 0.532943 0.493426
5 0.507271 0.493398 0.509604 0.493148 0.512813 0.495444 0.514766 0.497241 0.516771 0.500972 0.517370 0.502634 0.517763 0.505417 0.518083 0.507014 0.517813 0.509426 0.518185 0.513505 0.516659 0.512657 0.515997 0.514764 0.518437 0.517556 0.517430 0.518514 0.516417 0.518250 0.514729 0.517606 0.513102 0.516000 0.512945 0.514472 0.515406 0.514042 0.515406 0.512681 0.512865 0.512894 0.511927 0.513963 0.510753 0.512889 0.508674 0.511074 0.507516 0.509681 0.508445 0.506741 0.508448 0.500991 0.507844 0.496903 0.506633 0.494106
5 0.488885 0.640606 0.491370 0.641662 0.492451 0.644259 0.494339 0.644829 0.497581 0.644449 0.500440 0.640801 0.503177 0.641759 0.503021 0.648102 0.487396 0.645370 0.487552 0.640324
5 0.446169 0.479032 0.442992 0.481486 0.446638 0.489310 0.450021 0.499870 0.451799 0.506875 0.452539 0.512745 0.453096 0.513565 0.452852 0.507616 0.453096 0.503648 0.454596 0.500486 0.456164 0.498505 0.454289 0.492926
8 0.500036 0.422810 0.498995 0.422995 0.499125 0.425866 0.500401 0.428366 0.501156 0.427023
8 0.502721 0.433792 0.502956 0.436569 0.504102 0.442449 0.504687 0.445556 0.504948 0.447593 0.504609 0.449213 0.503828 0.449722 0.502786 0.449491 0.502188 0.448148 0.500401 0.431583
8 0.503148 0.609977 0.509036 0.621162 0.513878 0.628259 0.514885 0.625750 0.502664 0.605458
8 0.498917 0.433620 0.502839 0.451389 0.503099 0.453056 0.502682 0.454398 0.501745 0.454907 0.501094 0.454907 0.500547 0.454306 0.497563 0.434731
16 0.434591 0.408278 0.432638 0.405037 0.430289 0.402755 0.428083 0.401278 0.426312 0.401116 0.423276 0.401852 0.421086 0.404426 0.420964 0.405046 0.419427 0.406204 0.417839 0.408519 0.415984 0.412315 0.416992 0.416042 0.417638 0.418551 0.418081 0.424648 0.418646 0.425866 0.417557 0.429741 0.416669 0.431245 0.418214 0.430750 0.419888 0.431741 0.422466 0.434347 0.424349 0.436949 0.425953 0.439551 0.429161 0.439986 0.430482 0.438653 0.431536 0.427352 0.433555 0.425796 0.434760 0.419421 0.434430 0.416477 0.433555 0.415245
16 0.509940 0.438843 0.515375 0.451333 0.516966 0.455644 0.514122 0.459509 0.511529 0.460852 0.509604 0.462190 0.508018 0.464773 0.504914 0.465093 0.503167 0.465042 0.501299 0.466060 0.498513 0.462153 0.498513 0.455194 0.498542 0.454398 0.500130 0.452315 0.500547 0.454306 0.501094 0.454907 0.501745 0.454907 0.502682 0.454398 0.503099 0.453056 0.502839 0.451389 0.502188 0.448148 0.502786 0.449491 0.503828 0.449722 0.504609 0.449213 0.504948 0.447593 0.504687 0.445556 0.504102 0.442449 0.502956 0.436569 0.502721 0.433792 0.506008 0.436315 0.507891 0.440537 0.508693 0.440852 0.509286 0.440537 0.509320 0.439421
5 0.297013 0.203889 0.288721 0.187306 0.294810 0.183389 0.308674 0.177398 0.311911 0.175097 0.316057 0.171644 0.321370 0.171644 0.331484 0.192037 0.343005 0.212407 0.357388 0.241662 0.371185 0.271329 0.373984 0.280079 0.374555 0.283259 0.376224 0.285444 0.376458 0.288046 0.372870 0.284847 0.369734 0.282472 0.366146 0.278491 0.361979 0.280648 0.359266 0.284731 0.335143 0.254995 0.306938 0.217222
5 0.357547 0.158755 0.356435 0.154731 0.355596 0.153046 0.355523 0.149398 0.359219 0.149204 0.362883 0.148806 0.362883 0.147792 0.358784 0.143718 0.358755 0.142060 0.361227 0.140282 0.364388 0.132481 0.363685 0.130005 0.362427 0.128514 0.362516 0.125519 0.365508 0.125852 0.372786 0.132907 0.378664 0.138218 0.384917 0.144190 0.389536 0.148009 0.395753 0.153481 0.403409 0.161954 0.415229 0.173750 0.423760 0.180292 0.433701 0.189894 0.442901 0.199713 0.447419 0.204171 0.447044 0.206278 0.448794 0.213167 0.449609 0.219051 0.456609 0.225056 0.455227 0.227278 0.454115 0.228287 0.453177 0.229907 0.451172 0.228051 0.449734 0.227046 0.447943 0.231296 0.446706 0.239412 0.439331 0.231185 0.439766 0.240181 0.440266 0.249509 0.434219 0.242505 0.424984 0.232806 0.411701 0.218213 0.396148 0.201894 0.379083 0.182597 0.362451 0.164551
5 0.384917 0.144190 0.377315 0.135782 0.371388 0.129644 0.368401 0.126907 0.368401 0.125662 0.370081 0.123171 0.374234 0.120435 0.375401 0.119190 0.376521 0.112801 0.377409 0.110560 0.381047 0.102597 0.383055 0.102264 0.383570 0.102500 0.384411 0.103250 0.410234 0.129417 0.441930 0.159255 0.468906 0.185454 0.466456 0.189551 0.466456 0.189551 0.465057 0.192620 0.463003 0.198014 0.461883 0.200171 0.461229 0.200088 0.460622 0.199009 0.459596 0.200333 0.460016 0.202412 0.458661 0.206560 0.456328 0.208051 0.456281 0.209546 0.454010 0.212546 0.447419 0.204171 0.442901 0.199713 0.433701 0.189894 0.423760 0.180292 0.415229 0.173750 0.403409 0.161954 0.395753 0.153481 0.389536 0.148009
5 0.464870 0.234852 0.462633 0.232213 0.459487 0.232356 0.457607 0.233384 0.456609 0.233602 0.453638 0.235727 0.452146 0.237019 0.450979 0.238903 0.451461 0.240102 0.462190 0.251861 0.474815 0.265917 0.494823 0.288435 0.498818 0.293671 0.507609 0.302417 0.525440 0.323931 0.533424 0.333111 0.534596 0.334616 0.535724 0.338417 0.535951 0.339593 0.531870 0.341514 0.530984 0.342181 0.531474 0.344005 0.539958 0.353324 0.541630 0.352431 0.541044 0.350500 0.541044 0.345296 0.543135 0.343958 0.546984 0.349014 0.548823 0.347676 0.548992 0.343065 0.552003 0.347676 0.554094 0.347227 0.554010 0.342917 0.556518 0.331167 0.559279 0.325815 0.562307 0.327806 0.563315 0.327157 0.562786 0.326019 0.559375 0.322639 0.557318 0.320694 0.553078 0.316412 0.551865 0.314755 0.550130 0.314398 0.547383 0.311681 0.544583 0.314171 0.542344 0.311602 0.540198 0.310602 0.538469 0.311185 0.536695 0.311269 0.514576 0.287454 0.489557 0.260986
5 0.451461 0.240102 0.449839 0.242657 0.446706 0.239412 0.439331 0.231185 0.439766 0.240181 0.440266 0.249509 0.440211 0.252102 0.437727 0.253926 0.434974 0.255463 0.433948 0.257000 0.436797 0.259120 0.445964 0.269815 0.464237 0.290875 0.480622 0.308231 0.488049 0.313931 0.500633 0.331287 0.511859 0.346162 0.517961 0.354032 0.521133 0.351491 0.526328 0.345542 0.531870 0.341514 0.535951 0.339593 0.535724 0.338417 0.534596 0.334616 0.533424 0.333111 0.525440 0.323931 0.507609 0.302417 0.498818 0.293671 0.494823 0.288435 0.474815 0.265917 0.462190 0.251861
