0 0.478987 0.239144 0.475549 0.239810 0.475070 0.241310 0.471023 0.238227 0.469359 0.235528 0.466469 0.232699 0.464734 0.233213 0.462404 0.237444 0.458906 0.240162 0.453227 0.248324 0.449471 0.257319 0.448844 0.262407 0.448740 0.264824 0.448052 0.269153 0.448734 0.274088 0.450060 0.280954 0.450708 0.286023 0.452911 0.291088 0.451484 0.298000 0.450573 0.304861 0.450708 0.318269 0.452781 0.324255 0.456409 0.328861 0.458612 0.335542 0.462734 0.338843 0.465833 0.338611 0.468458 0.336694 0.466513 0.335310 0.464440 0.332088 0.466643 0.322412 0.468198 0.317574 0.466773 0.309745 0.466385 0.303528 0.466995 0.300250 0.468750 0.294750 0.471380 0.290046 0.472831 0.286907 0.473906 0.286991 0.474279 0.285250 0.473672 0.284088 0.474844 0.281991 0.476930 0.278718 0.481198 0.281546 0.484458 0.282736 0.485128 0.297602 0.484878 0.305931 0.485812 0.309620 0.481130 0.317944 0.477617 0.322407 0.478563 0.331394 0.481154 0.343833 0.482190 0.344523 0.482708 0.346829 0.482440 0.347935 0.485578 0.349421 0.487250 0.350287 0.487320 0.353699 0.488576 0.352519 0.489516 0.354009 0.489656 0.350597 0.493073 0.350412 0.495617 0.351778 0.496315 0.348551 0.497349 0.348241 0.498474 0.347574 0.501630 0.342005 0.502943 0.337782 0.503714 0.335491 0.505437 0.327477 0.505294 0.320148 0.500526 0.315134 0.496979 0.310509 0.496068 0.288264 0.496253 0.281546 0.500185 0.278421 0.500979 0.276995 0.501992 0.276375 0.503141 0.276625 0.504883 0.274704 0.506138 0.275009 0.506279 0.277866 0.506000 0.279722 0.507596 0.284815 0.509221 0.286593 0.512594 0.292481 0.511656 0.295926 0.514969 0.296699 0.515031 0.301921 0.515240 0.313810 0.516995 0.317681 0.518193 0.322051 0.518193 0.325130 0.513859 0.332324 0.516102 0.333736 0.521305 0.333097 0.523253 0.330273 0.525706 0.323903 0.526456 0.321236 0.529328 0.316014 0.529964 0.312958 0.531214 0.307500 0.530427 0.292370 0.526727 0.274065 0.527208 0.265810 0.526727 0.255481 0.523534 0.245852 0.519760 0.241718 0.517148 0.242065 0.515018 0.237421 0.510951 0.228810 0.509401 0.228644 0.505534 0.234843 0.500599 0.238963 0.499049 0.236898
9 0.485195 0.390319 0.486190 0.388713 0.487214 0.388981 0.487997 0.390319 0.487396 0.393532 0.485557 0.393532
5 0.407307 0.316426 0.435417 0.385139 0.448273 0.389019 0.462875 0.394028 0.471552 0.397111 0.478201 0.401995 0.477552 0.407009 0.476682 0.411120 0.475672 0.409065 0.473719 0.403412 0.471117 0.401611 0.452320 0.395444 0.437935 0.391074 0.458099 0.438194 0.461979 0.443565 0.484523 0.418690 0.505885 0.398009 0.520708 0.381810 0.518745 0.377843 0.506029 0.351894 0.495664 0.354199 0.486724 0.351435 0.482451 0.347977 0.482708 0.346829 0.482190 0.344523 0.481154 0.343833 0.478563 0.331394 0.471568 0.314583 0.466385 0.303528 0.466773 0.309745 0.468198 0.317574 0.466643 0.322412 0.464440 0.332088 0.466513 0.335310 0.468458 0.336694 0.465867 0.339458 0.462758 0.340148 0.458612 0.335542 0.456409 0.328861 0.452781 0.324255 0.450708 0.318269 0.450190 0.304676 0.451484 0.298000 0.452911 0.291088 0.450708 0.286023 0.450060 0.280954 0.440378 0.266764 0.433589 0.257171 0.432188 0.254074 0.429630 0.255815 0.429247 0.257102 0.423289 0.262690 0.415594 0.268171 0.402432 0.281199 0.396086 0.288255
2 0.458906 0.240162 0.458406 0.235278 0.456719 0.214060 0.451034 0.216949 0.445596 0.219171 0.445284 0.216727 0.444724 0.211394 0.451846 0.208954 0.454719 0.207398 0.456219 0.207398 0.456219 0.204287 0.454044 0.197255 0.451195 0.192190 0.447698 0.187958 0.443622 0.186704 0.441281 0.184694 0.442049 0.180106 0.443135 0.179528 0.449391 0.179671 0.452857 0.180315 0.454552 0.183551 0.458180 0.194014 0.459792 0.199819 0.460362 0.205421 0.467672 0.202699 0.471263 0.202620 0.474695 0.203199 0.475456 0.204921 0.474812 0.207431 0.474276 0.211106 0.475464 0.217551 0.477961 0.223546 0.476880 0.227014 0.476380 0.231454 0.473695 0.226792 0.471508 0.221458 0.470508 0.214241 0.470703 0.212153 0.469164 0.210917 0.465279 0.211296 0.461424 0.212796 0.462117 0.221981 0.461987 0.230144 0.462549 0.235366 0.462404 0.237444
2 0.474844 0.281991 0.484878 0.305931 0.485128 0.297602 0.484458 0.282736 0.481198 0.281546 0.476930 0.278718
9 0.485130 0.352569 0.485000 0.350833 0.485365 0.350023 0.485578 0.349421 0.487250 0.350287 0.487318 0.352477 0.486589 0.352060
2 0.435417 0.385139 0.448273 0.389019 0.462875 0.394028 0.471552 0.397111 0.478201 0.401995 0.477552 0.407009 0.476682 0.411120 0.475672 0.409065 0.473719 0.403412 0.471117 0.401611 0.452320 0.395444 0.437935 0.391074 0.436417 0.389144
5 0.448844 0.262407 0.434531 0.240741 0.431630 0.236370 0.431292 0.235458 0.426536 0.229426 0.423174 0.223954 0.432651 0.221204 0.445388 0.217977 0.445596 0.219171 0.451034 0.216949 0.456719 0.214060 0.458406 0.235278 0.458906 0.240162 0.453227 0.248324 0.449471 0.257319
5 0.462404 0.237444 0.464734 0.233213 0.466469 0.232699 0.469359 0.235528 0.471023 0.238227 0.475070 0.241310 0.475794 0.238870 0.475289 0.233343 0.475359 0.231546 0.476380 0.231454 0.473695 0.226792 0.471508 0.221458 0.470508 0.214241 0.470703 0.212153 0.469164 0.210917 0.465279 0.211296 0.461424 0.212796 0.462117 0.221981 0.461987 0.230144 0.462549 0.235366
5 0.471380 0.290046 0.468750 0.294750 0.466995 0.300250 0.466385 0.303528 0.478563 0.331394 0.477617 0.322407 0.481130 0.317944 0.485812 0.309620 0.484878 0.305931 0.477544 0.288486
5 0.501143 0.280653 0.502677 0.280727 0.506000 0.279722 0.506279 0.277866 0.506138 0.275009 0.504883 0.274704 0.503141 0.276625 0.501992 0.276375 0.500979 0.276995 0.500185 0.278421
5 0.501143 0.280653 0.509969 0.301917 0.515240 0.313810 0.515031 0.301921 0.514969 0.296699 0.511656 0.295926 0.512594 0.292481 0.509221 0.286593 0.507596 0.284815 0.506000 0.279722 0.502677 0.280727
5 0.431630 0.236370 0.435245 0.247940 0.445242 0.264157 0.448052 0.269153 0.448740 0.264824 0.448844 0.262407
5 0.529964 0.312958 0.531617 0.314824 0.532380 0.314394 0.533229 0.315398 0.533594 0.317046 0.535729 0.319486 0.535487 0.320704 0.530367 0.322139 0.535875 0.331787 0.540378 0.341111 0.541036 0.342671 0.536417 0.344995 0.531375 0.346324 0.523253 0.330273 0.525706 0.323903 0.526456 0.321236 0.529328 0.316014
5 0.462406 0.449093 0.466672 0.448616 0.472180 0.445736 0.476068 0.441222 0.478065 0.436421 0.478391 0.432486 0.478227 0.429509 0.478820 0.429509 0.479307 0.435269 0.478151 0.440417 0.474609 0.445639 0.470339 0.448843 0.466458 0.450417 0.462945 0.451014 0.464997 0.455333 0.466672 0.455431 0.467372 0.456583 0.477633 0.449861 0.499935 0.433542 0.504526 0.429704 0.507711 0.427208 0.502474 0.416167 0.499990 0.410694 0.500776 0.409324 0.499932 0.406810 0.498125 0.407398 0.497643 0.405954 0.484523 0.418690 0.461979 0.443565 0.458099 0.438194
5 0.393310 0.280866 0.396086 0.288255 0.402432 0.281199 0.415594 0.268171 0.423289 0.262690 0.421081 0.262921 0.411919 0.265769 0.409607 0.267329 0.402333 0.273472 0.398904 0.277921 0.396000 0.278060
2 0.496253 0.281546 0.500185 0.278421 0.509969 0.301917 0.515240 0.313810 0.516995 0.317681 0.518193 0.322051 0.518193 0.325130 0.513859 0.332324 0.516102 0.333736 0.521305 0.333097 0.523253 0.330273 0.532654 0.348815 0.546029 0.375046 0.551951 0.387597 0.553331 0.397486 0.553690 0.405204 0.553036 0.410468 0.551932 0.417352 0.545023 0.421204 0.530982 0.428593 0.511594 0.438449 0.505060 0.444639 0.495206 0.452593 0.488482 0.459356 0.488599 0.452398 0.497331 0.443833 0.512320 0.430884 0.521823 0.420222 0.526682 0.413130 0.527409 0.409694 0.527250 0.396204 0.525419 0.391537 0.518745 0.377843 0.504016 0.347894 0.501630 0.342005 0.502943 0.337782 0.503714 0.335491 0.505437 0.327477 0.505294 0.320148 0.500526 0.315134 0.496979 0.310509 0.496068 0.288264
5 0.471380 0.290046 0.477544 0.288486 0.474844 0.281991 0.473672 0.284088 0.474279 0.285250 0.473906 0.286991 0.472831 0.286907
2 0.572260 0.415472 0.564620 0.418819 0.563638 0.416801 0.562505 0.416398 0.561594 0.417477 0.561216 0.418282 0.560536 0.418282 0.559518 0.415241 0.558643 0.414653 0.551932 0.417352 0.545023 0.421204 0.530982 0.428593 0.511594 0.438449 0.505060 0.444639 0.495206 0.452593 0.488482 0.459356 0.488599 0.452398 0.497331 0.443833 0.494729 0.445514 0.493281 0.445694 0.487727 0.448426 0.477919 0.453204 0.467672 0.458093 0.465836 0.458681 0.481826 0.495083 0.492945 0.556056 0.505148 0.615727 0.519854 0.625088 0.520398 0.625407 0.521669 0.621537 0.543083 0.626375 0.544174 0.625731 0.543992 0.608301 0.543628 0.600880 0.543992 0.595394 0.544529 0.590875 0.578115 0.569949 0.577646 0.567648 0.576708 0.565366 0.576589 0.562444 0.577057 0.559324 0.578698 0.554741 0.581513 0.553704 0.583154 0.555991 0.584091 0.561412 0.584206 0.563694 0.583388 0.567449 0.584326 0.569319 0.585732 0.572653 0.586549 0.574954 0.588661 0.578273 0.591589 0.576204 0.593229 0.572653 0.594750 0.570569 0.596391 0.568282 0.597685 0.566199 0.597451 0.564528 0.596982 0.561611 0.597799 0.560361 0.593464 0.528074 0.585703 0.483356 0.580505 0.454486
2 0.624292 0.512977 0.640482 0.549074 0.639695 0.552032 0.638995 0.554833 0.638646 0.556856 0.638031 0.558565 0.632255 0.563389 0.628229 0.543787 0.625516 0.527912 0.624641 0.519824
9 0.496422 0.407176 0.497229 0.407222 0.498219 0.407870 0.498401 0.408981 0.498010 0.410972 0.497672 0.411991 0.496786 0.411481 0.495849 0.411343 0.496135 0.408519 0.496109 0.407454
9 0.472724 0.303458 0.472292 0.302361 0.472422 0.300139 0.473635 0.299801 0.474469 0.299986 0.474729 0.301282 0.474547 0.302810 0.474052 0.304014 0.473427 0.304014
9 0.532380 0.314394 0.532708 0.313704 0.532474 0.312407 0.531667 0.311759 0.530937 0.311435 0.530260 0.311713 0.529964 0.312958 0.531617 0.314824
9 0.525263 0.325116 0.526148 0.325162 0.526904 0.325856 0.526956 0.327245 0.526643 0.328222 0.525784 0.328264 0.524690 0.327991 0.524430 0.327106
9 0.466396 0.442454 0.465146 0.442639 0.464755 0.444213 0.465380 0.446667 0.466318 0.447130 0.467464 0.446481 0.467828 0.445556 0.467750 0.443657 0.467229 0.442500
9 0.465693 0.442500 0.465510 0.441204 0.465536 0.439537 0.466370 0.438611 0.467385 0.439028 0.468115 0.439491 0.468089 0.441898 0.467750 0.443657 0.467229 0.442500 0.466396 0.442454
9 0.471771 0.437269 0.470823 0.436296 0.470615 0.434769 0.471031 0.433565 0.471813 0.432731 0.473323 0.433287 0.473740 0.434352 0.473870 0.436296 0.473245 0.437500
9 0.479182 0.434028 0.479911 0.433009 0.480771 0.432500 0.481891 0.433287 0.482125 0.435556 0.481604 0.437361 0.480615 0.437361 0.479807 0.437222 0.479312 0.435556 0.479307 0.435269
9 0.478820 0.429509 0.479036 0.428935 0.480286 0.428889 0.481641 0.429491 0.481719 0.431157 0.481484 0.432500 0.481250 0.432778 0.480771 0.432500 0.479911 0.433009 0.479182 0.434028
9 0.489521 0.427269 0.489469 0.425185 0.490354 0.423981 0.491240 0.424028 0.491917 0.424676 0.492047 0.426204 0.491891 0.428102 0.491292 0.428889 0.490406 0.429352
9 0.485198 0.426065 0.485563 0.426944 0.487490 0.427037 0.487854 0.426759 0.487932 0.424306 0.486760 0.424352 0.485260 0.425231
9 0.486760 0.424352 0.486406 0.422500 0.486432 0.421111 0.486823 0.419907 0.488229 0.419907 0.488932 0.421667 0.488958 0.423194 0.488437 0.424306 0.487932 0.424306
9 0.493115 0.418009 0.492672 0.416898 0.492542 0.414722 0.493245 0.413657 0.494625 0.413611 0.495172 0.414815 0.495250 0.417963 0.494625 0.418750 0.493688 0.418843
9 0.496109 0.407454 0.496135 0.408519 0.495823 0.411898 0.495120 0.411481 0.494260 0.410648 0.494052 0.409398
9 0.415401 0.286250 0.415297 0.284769 0.415505 0.283380 0.416599 0.282593 0.417745 0.283565 0.417823 0.285833 0.417823 0.287176 0.417120 0.287639 0.416000 0.287778
9 0.416563 0.282454 0.416599 0.280509 0.416938 0.279213 0.418135 0.278889 0.419516 0.279676 0.419594 0.281944 0.418891 0.283565 0.417745 0.283565
9 0.424312 0.291056 0.424573 0.289713 0.425563 0.288972 0.427203 0.290222 0.427203 0.292167 0.427125 0.293787 0.426240 0.294389 0.425354 0.294157 0.424443 0.292630
9 0.437151 0.289602 0.436362 0.289718 0.435898 0.288426 0.436362 0.286319 0.437383 0.285852 0.438469 0.286731 0.438865 0.288662 0.438734 0.289773
9 0.436656 0.277824 0.436492 0.275542 0.437250 0.275190 0.438734 0.275833 0.438701 0.278060
9 0.439583 0.300481 0.438628 0.299898 0.438365 0.297611 0.439122 0.296324 0.440341 0.295917 0.441065 0.297556 0.441232 0.299606 0.440242 0.300894
9 0.451276 0.299722 0.450516 0.298991 0.446398 0.299264 0.446208 0.300144 0.446667 0.302111 0.449526 0.302111 0.450211 0.302921 0.450859 0.302856
9 0.422703 0.305444 0.422307 0.303394 0.422438 0.302634 0.423065 0.301171 0.423789 0.301171 0.424977 0.302810 0.425076 0.305741 0.423690 0.306208
9 0.415091 0.308315 0.415685 0.307380 0.416771 0.307264 0.417266 0.308667 0.417396 0.310894 0.416542 0.311773 0.415651 0.311537 0.415221 0.310833 0.415419 0.309546
9 0.416078 0.307380 0.415617 0.306264 0.414464 0.305912 0.413279 0.306792 0.413180 0.308551 0.413904 0.310366 0.415221 0.310833 0.415419 0.309546 0.415091 0.308315 0.415685 0.307380
9 0.425536 0.315204 0.424833 0.314694 0.423453 0.314648 0.422984 0.316269 0.423375 0.318352 0.423922 0.318907 0.424938 0.318815 0.425641 0.318074
9 0.425771 0.314417 0.425875 0.312102 0.426370 0.311454 0.427516 0.311361 0.428167 0.312148 0.428193 0.314370 0.427828 0.315944 0.426734 0.315944
9 0.428635 0.313074 0.428427 0.311824 0.428609 0.310944 0.429651 0.310343 0.430354 0.310435 0.430979 0.311269 0.431188 0.313120 0.430703 0.314213 0.429312 0.314463
9 0.434531 0.308519 0.433792 0.307750 0.433609 0.305898 0.433948 0.305481 0.433922 0.303954 0.434859 0.303537 0.435797 0.304833 0.436188 0.306222 0.435693 0.308444
9 0.440456 0.312157 0.439779 0.312019 0.438867 0.310583 0.438682 0.309380 0.438763 0.307620 0.439909 0.307620 0.441052 0.307713 0.441784 0.309565 0.441562 0.310880 0.440716 0.310954
9 0.432034 0.321532 0.431018 0.322181 0.430471 0.321023 0.430471 0.320051 0.431174 0.318616 0.431695 0.318199 0.432477 0.318245 0.433440 0.319264 0.433180 0.320468 0.433102 0.321069
9 0.431018 0.322181 0.431250 0.323565 0.431901 0.325139 0.432318 0.325602 0.432786 0.324537 0.433958 0.322685 0.433594 0.322037 0.433385 0.321204 0.433102 0.321069 0.432034 0.321532
9 0.432318 0.325602 0.433333 0.326944 0.434401 0.327037 0.435469 0.325556 0.435677 0.323750 0.435495 0.322917 0.434635 0.322315 0.433958 0.322685 0.432786 0.324537
9 0.439393 0.321583 0.439211 0.320333 0.439393 0.318852 0.439966 0.318250 0.441060 0.318343 0.441737 0.318944 0.441815 0.320426 0.441685 0.321954 0.441034 0.322787 0.439914 0.322787
9 0.428203 0.366852 0.431885 0.366722 0.432156 0.368435 0.432216 0.369884 0.431763 0.370954 0.429805 0.370528
9 0.442648 0.318389 0.442987 0.317139 0.443247 0.316398 0.444367 0.316537 0.445044 0.317926 0.445201 0.319546 0.444862 0.320796 0.443482 0.321259 0.442779 0.320611
9 0.446477 0.320009 0.446763 0.318389 0.448794 0.318296 0.449107 0.319130 0.449237 0.321259 0.448898 0.322463 0.448143 0.323111 0.446919 0.322648 0.446607 0.321537
9 0.450635 0.311000 0.448370 0.310907 0.447979 0.312620 0.448396 0.314889 0.450688 0.314935
9 0.435320 0.334181 0.434930 0.332190 0.435581 0.330708 0.437039 0.330431 0.437638 0.331310 0.437768 0.333162 0.437456 0.334505 0.436961 0.335199 0.435451 0.335014
9 0.447013 0.331634 0.446779 0.331032 0.446753 0.329042 0.447273 0.327792 0.448237 0.327560 0.449643 0.329227 0.449279 0.331171 0.448784 0.332190 0.447898 0.333023
9 0.444844 0.335000 0.444930 0.337097 0.445372 0.339366 0.446544 0.339366 0.446909 0.338579 0.446797 0.335000
9 0.451443 0.341176 0.450888 0.339505 0.450919 0.337333 0.452211 0.336778 0.453328 0.337644 0.453919 0.338574 0.453604 0.339940 0.453190 0.341551
9 0.459323 0.339134 0.457372 0.339255 0.457125 0.338944 0.457060 0.337213 0.457648 0.335972 0.458612 0.335542 0.459500 0.337273
9 0.459323 0.339134 0.460104 0.340856 0.460799 0.340731 0.461289 0.339926 0.462125 0.339741 0.462091 0.338315 0.460172 0.336764 0.459500 0.337273
9 0.457372 0.339255 0.457208 0.340236 0.457453 0.342653 0.458396 0.342778 0.459057 0.342528 0.459370 0.341537 0.460104 0.340856 0.459323 0.339134
9 0.459370 0.341537 0.460729 0.341477 0.461568 0.341662 0.461810 0.343148 0.461602 0.345134 0.460940 0.346125 0.459685 0.345875 0.459128 0.344944 0.459057 0.342528
9 0.461659 0.344278 0.463367 0.343903 0.463997 0.344278 0.464242 0.346324 0.463615 0.348306 0.462638 0.348741 0.461799 0.348491 0.460940 0.346125 0.461602 0.345134
9 0.455562 0.344481 0.455250 0.343417 0.455094 0.341935 0.455510 0.340731 0.456969 0.341009 0.457333 0.341380 0.457453 0.342653 0.457698 0.343509 0.457490 0.345454 0.456917 0.345917 0.456161 0.345824
9 0.455250 0.343417 0.454036 0.343519 0.453802 0.344954 0.453828 0.346991 0.454531 0.348194 0.455833 0.347778 0.455911 0.346713 0.456161 0.345824 0.455562 0.344481
9 0.424333 0.349380 0.423279 0.349593 0.422557 0.348148 0.422828 0.346218 0.423732 0.345417 0.424695 0.345574 0.425237 0.346273 0.425299 0.349218
9 0.423279 0.349593 0.423096 0.350690 0.423156 0.352889 0.424513 0.353690 0.425565 0.352995 0.425867 0.351870 0.425596 0.350421 0.425299 0.349218 0.424333 0.349380
9 0.426404 0.363153 0.426885 0.361384 0.428573 0.361384 0.428724 0.362991 0.428784 0.364917 0.428573 0.365773 0.427612 0.365722
9 0.424445 0.359778 0.425953 0.362292 0.427036 0.360579 0.428664 0.360903 0.428755 0.358704 0.428063 0.357847 0.427008 0.357634 0.426227 0.358704 0.424354 0.358542
9 0.435531 0.352208 0.434503 0.352958 0.434417 0.354616 0.435016 0.355741 0.436495 0.355903 0.437219 0.355421 0.437370 0.353866 0.437128 0.352852
9 0.439177 0.353009 0.439599 0.350866 0.440654 0.350759 0.441346 0.350759 0.441677 0.352315 0.441346 0.354616 0.440805 0.355259 0.439448 0.355315 0.439177 0.354722
9 0.435560 0.364954 0.435109 0.366241 0.434536 0.366940 0.433724 0.366454 0.433180 0.364796 0.433211 0.363028 0.433904 0.361954 0.435201 0.362440
9 0.435380 0.363509 0.435831 0.362222 0.437188 0.361690 0.437940 0.363134 0.437701 0.364741 0.437370 0.366028 0.436586 0.366347 0.435888 0.365866 0.435560 0.364954
9 0.444380 0.355699 0.443927 0.355218 0.443898 0.352968 0.445164 0.352056 0.446247 0.352431 0.446641 0.353287 0.446518 0.356074 0.446128 0.357361 0.444742 0.357255 0.444711 0.356611
9 0.446880 0.351630 0.446760 0.349431 0.447906 0.348042 0.448750 0.348417 0.449594 0.349431 0.450016 0.350130 0.449865 0.351148 0.448628 0.353287 0.447755 0.353074 0.446911 0.353181
9 0.450016 0.350130 0.450635 0.348495 0.451630 0.348602 0.452263 0.349190 0.452503 0.350907 0.452081 0.352778 0.451328 0.353046 0.449911 0.352565 0.449865 0.351148
9 0.450617 0.357681 0.449682 0.357037 0.448779 0.355273 0.449172 0.353824 0.449911 0.352565 0.451328 0.353046 0.451823 0.355218 0.451672 0.356074
9 0.454263 0.357894 0.453906 0.357407 0.452786 0.357407 0.451852 0.357949 0.452214 0.359556 0.452273 0.361861 0.453328 0.361861 0.453570 0.362556 0.454474 0.361644
9 0.453906 0.357407 0.453828 0.356477 0.453919 0.355403 0.455156 0.354546 0.455578 0.355245 0.456419 0.357014 0.456299 0.357921 0.455094 0.359583 0.454263 0.357894
9 0.455831 0.355648 0.456193 0.354574 0.456643 0.353986 0.457367 0.354037 0.458362 0.355755 0.458240 0.358537 0.456974 0.358968 0.456419 0.357014
9 0.456974 0.358968 0.456240 0.359421 0.456299 0.361509 0.456841 0.362634 0.458229 0.363065 0.458982 0.362370 0.458922 0.360495 0.458680 0.359102 0.458240 0.358537
9 0.442932 0.364778 0.443247 0.363042 0.443979 0.362116 0.445130 0.362051 0.445896 0.362981 0.445792 0.365338 0.445339 0.366764 0.444258 0.366949 0.443526 0.366454
9 0.451474 0.373269 0.451370 0.370046 0.452068 0.369306 0.453531 0.369611 0.453672 0.371412 0.453531 0.373579 0.453219 0.374509 0.452138 0.374449
9 0.435297 0.376306 0.435055 0.374759 0.435229 0.373704 0.436484 0.373208 0.437703 0.374449 0.437703 0.376801 0.437180 0.377917 0.436380 0.378042 0.435299 0.377421
9 0.439411 0.377296 0.439378 0.375315 0.440284 0.373889 0.441503 0.373954 0.441956 0.374634 0.442167 0.376926 0.441469 0.378412 0.440109 0.378477
9 0.439727 0.385912 0.439029 0.384301 0.439552 0.382505 0.440354 0.382194 0.441398 0.382319 0.441573 0.383745 0.441469 0.385481 0.441016 0.386347
9 0.441573 0.383745 0.441799 0.382940 0.442917 0.383185 0.443857 0.383185 0.443753 0.385292 0.443719 0.387093 0.442393 0.386843 0.441469 0.385481
9 0.450104 0.380278 0.449143 0.379005 0.449185 0.376347 0.450031 0.375273 0.451201 0.375847 0.451846 0.376778 0.451969 0.378718 0.451565 0.379861
9 0.448273 0.389019 0.447633 0.387472 0.447794 0.385681 0.448276 0.384028 0.449690 0.384028 0.450456 0.384963 0.450698 0.387111 0.450172 0.388764 0.449529 0.389481
9 0.452331 0.390477 0.452008 0.388685 0.452654 0.386889 0.453945 0.385958 0.454992 0.386889 0.455154 0.389116 0.455115 0.391338
9 0.460458 0.367620 0.461484 0.367454 0.462214 0.367917 0.462344 0.369769 0.462161 0.372083 0.461016 0.372546 0.460052 0.371713 0.459818 0.369954 0.459766 0.368935
9 0.465052 0.369954 0.465057 0.367204 0.465734 0.366046 0.467375 0.366000 0.467557 0.367944 0.467375 0.370167 0.467089 0.371185 0.465604 0.371139
9 0.456643 0.353986 0.456328 0.353056 0.456276 0.351620 0.456667 0.350278 0.457578 0.350093 0.458542 0.350509 0.459062 0.351991 0.458750 0.353796 0.457813 0.354907 0.457367 0.354037
9 0.466146 0.362407 0.464979 0.361185 0.464797 0.359380 0.465161 0.358315 0.466281 0.358315 0.466776 0.359333 0.467083 0.361065
9 0.466281 0.358315 0.466172 0.356574 0.467031 0.355278 0.468177 0.355370 0.468906 0.355370 0.469271 0.356528 0.468750 0.359074 0.468073 0.360139 0.466776 0.359333
9 0.469753 0.354074 0.469258 0.353056 0.469281 0.351389 0.469672 0.349722 0.471625 0.349722 0.471966 0.350602 0.472096 0.352412 0.471380 0.354444 0.470013 0.354861
9 0.465648 0.383778 0.467036 0.381421 0.467969 0.381315 0.468633 0.382495 0.468784 0.383671 0.468362 0.384958 0.466914 0.386403 0.465680 0.384958
9 0.471495 0.373333 0.470742 0.373602 0.469958 0.374727 0.470109 0.377458 0.470531 0.378634 0.471104 0.377727 0.471646 0.377565 0.472219 0.375796 0.472068 0.374190
9 0.471495 0.373333 0.471547 0.371741 0.471878 0.370940 0.472841 0.370083 0.473716 0.370352 0.474138 0.371903 0.473987 0.373671 0.473174 0.374315 0.472068 0.374190
9 0.473174 0.374315 0.474229 0.374847 0.474651 0.376296 0.474167 0.377958 0.473385 0.378653 0.472180 0.377903 0.472029 0.376347 0.472219 0.375796 0.472510 0.374847
9 0.471547 0.371741 0.470651 0.370741 0.469844 0.370648 0.469141 0.371667 0.469167 0.373704 0.469958 0.374727 0.470742 0.373602 0.471495 0.373333
9 0.474724 0.328199 0.473505 0.328264 0.473016 0.327269 0.472807 0.325532 0.473609 0.324606 0.474133 0.323736 0.475318 0.323986 0.475734 0.325907 0.475596 0.327333
9 0.474586 0.328509 0.473435 0.329255 0.473818 0.331606 0.474201 0.333282 0.475107 0.333407 0.476294 0.331856 0.476187 0.329810 0.475771 0.329069
9 0.477409 0.337000 0.477966 0.335264 0.478802 0.335139 0.479604 0.336255 0.479466 0.338921 0.478734 0.339602 0.477932 0.339417 0.477443 0.338611
9 0.481154 0.343833 0.480115 0.345750 0.480568 0.347551 0.481229 0.348912 0.481893 0.349097 0.482451 0.347977 0.482708 0.346829 0.482190 0.344523
9 0.485130 0.352569 0.484870 0.353704 0.484844 0.355463 0.485443 0.355694 0.486198 0.356481 0.486797 0.355139 0.487320 0.353699 0.487318 0.352477 0.486589 0.352060
9 0.487320 0.353699 0.487034 0.355403 0.487094 0.357440 0.488359 0.357495 0.489052 0.357495 0.489534 0.356153 0.489516 0.354009 0.488576 0.352519
9 0.487612 0.362208 0.486797 0.362370 0.486042 0.361565 0.485896 0.358940 0.486529 0.358083 0.487703 0.357708 0.488487 0.358296 0.488487 0.361884
5 0.521669 0.621537 0.520398 0.625407 0.519891 0.626380 0.516141 0.626171 0.518719 0.630963 0.533130 0.633875 0.543083 0.626375
9 0.488487 0.361884 0.489505 0.362528 0.489625 0.364671 0.489172 0.366653 0.488180 0.367134 0.487424 0.367296 0.486612 0.366009 0.486581 0.364190 0.487034 0.363065 0.487612 0.362208
9 0.492195 0.375287 0.493279 0.374329 0.494607 0.375134 0.494786 0.377060 0.494635 0.378722 0.493250 0.379093 0.492224 0.379042 0.491924 0.378287 0.491924 0.376903
9 0.496172 0.372611 0.495810 0.370310 0.496143 0.367361 0.497529 0.366565 0.498401 0.368162 0.498552 0.370796 0.498042 0.372454
9 0.500078 0.383380 0.500180 0.380968 0.500602 0.379306 0.501294 0.378662 0.502409 0.379153 0.503284 0.380597 0.502831 0.382148 0.502742 0.384134 0.502005 0.384815
9 0.502742 0.384134 0.504177 0.384278 0.504510 0.385565 0.504570 0.387759 0.504268 0.388935 0.503062 0.389310 0.502130 0.388935 0.501677 0.387866 0.502005 0.384815
9 0.508979 0.386537 0.509370 0.384019 0.510544 0.383806 0.511810 0.384500 0.512052 0.386486 0.511419 0.388366 0.510635 0.389273 0.509339 0.389005 0.508768 0.388731
5 0.505885 0.398009 0.515289 0.406708 0.520495 0.411509 0.520211 0.414236 0.521461 0.415167 0.523398 0.414306 0.525052 0.415528 0.526682 0.413130 0.527409 0.409694 0.527250 0.396204 0.525419 0.391537 0.520708 0.381810
2 0.381943 0.251958 0.385471 0.241921 0.395352 0.219333 0.408057 0.192981 0.421266 0.165269 0.425615 0.156486 0.426604 0.157079 0.427529 0.154384 0.429435 0.157079 0.411049 0.195509 0.388409 0.242755 0.385286 0.251569 0.383609 0.251977 0.383229 0.254815
5 0.552549 0.391718 0.553424 0.391986 0.554190 0.392699 0.557870 0.394704 0.563284 0.399514 0.565432 0.402421 0.568513 0.408060 0.569414 0.411171 0.568898 0.412417 0.569086 0.415486 0.566099 0.416981 0.562505 0.416398 0.559518 0.415241 0.555224 0.412833 0.553036 0.410468 0.553690 0.405204 0.553331 0.397486
5 0.501312 0.413681 0.503258 0.413102 0.505677 0.413519 0.506646 0.413532 0.511034 0.415792 0.514435 0.419537 0.517081 0.425486 0.512320 0.430884 0.504219 0.437870 0.501544 0.437551 0.497810 0.439792 0.495750 0.441810 0.494508 0.437583 0.499935 0.433542 0.504526 0.429704 0.507711 0.427208 0.507711 0.427208 0.502474 0.416167
5 0.501312 0.413681 0.499990 0.410694 0.500776 0.409324 0.499932 0.406810 0.498125 0.407398 0.497643 0.405954 0.503581 0.400194 0.505435 0.404426 0.505758 0.408153 0.505677 0.413519 0.503258 0.413102
5 0.506646 0.413532 0.508792 0.414583 0.510779 0.412602 0.512383 0.410060 0.512799 0.407704 0.513010 0.404606 0.505885 0.398009 0.504508 0.399333 0.506284 0.403782 0.506927 0.408440
1 0.512214 0.417116 0.514974 0.414537 0.517346 0.414208 0.520211 0.414236 0.521461 0.415167 0.522247 0.415704 0.522294 0.417032 0.518000 0.416120 0.515620 0.416120 0.512958 0.418111
9 0.403961 0.306968 0.403857 0.305542 0.404273 0.304856 0.406052 0.305292 0.406471 0.306903 0.406227 0.309569 0.405076 0.309319
1 0.462406 0.449093 0.462945 0.451014 0.466458 0.450417 0.470339 0.448843 0.474609 0.445639 0.478151 0.440417 0.479307 0.435269 0.478820 0.429509 0.478227 0.429509 0.478391 0.432486 0.478065 0.436421 0.476068 0.441222 0.472180 0.445736 0.466672 0.448616
1 0.493281 0.445694 0.494917 0.442611 0.497810 0.439792 0.501544 0.437551 0.504219 0.437870 0.502057 0.439792 0.500563 0.439875 0.496083 0.443106 0.494729 0.445514
1 0.505677 0.413519 0.505758 0.408153 0.505435 0.404426 0.503581 0.400194 0.504508 0.399333 0.506284 0.403782 0.506927 0.408440 0.506646 0.413532
13 0.385286 0.251569 0.389456 0.245454 0.389398 0.243431 0.390195 0.242620 0.391107 0.243023 0.395891 0.237454 0.402669 0.232796 0.406031 0.232190 0.407682 0.231481 0.416000 0.229861 0.421865 0.230162 0.425932 0.232361 0.426906 0.231755 0.429208 0.235995 0.431292 0.235458 0.431630 0.236370 0.429716 0.237810 0.431799 0.244310 0.432826 0.250366 0.433417 0.250282 0.433719 0.251569 0.433333 0.252551 0.433589 0.257171 0.432188 0.254074 0.429630 0.255815 0.429247 0.257102 0.423289 0.262690 0.421081 0.262921 0.411919 0.265769 0.409607 0.267329 0.402333 0.273472 0.398904 0.277921 0.396000 0.278060 0.393310 0.280866 0.388018 0.268389 0.383594 0.257250 0.383229 0.254815 0.383609 0.251977
2 0.535875 0.331787 0.539281 0.331537 0.541102 0.335023 0.542174 0.337843 0.543203 0.341991 0.542969 0.348130 0.545143 0.363000 0.546125 0.370801 0.546029 0.375046 0.532654 0.348815 0.531375 0.346324 0.536417 0.344995 0.541036 0.342671 0.540378 0.341111
2 0.446503 0.266278 0.446677 0.270986 0.447375 0.277125 0.450060 0.280954 0.448734 0.274088 0.448052 0.269153
2 0.513010 0.404606 0.515289 0.406708 0.520495 0.411509 0.520211 0.414236 0.517346 0.414208 0.514974 0.414537 0.512214 0.417116 0.511034 0.415792 0.511034 0.415792 0.508792 0.414583 0.510779 0.412602 0.512383 0.410060 0.512799 0.407704
2 0.512958 0.418111 0.514435 0.419537 0.517081 0.425486 0.521823 0.420222 0.525052 0.415528 0.523398 0.414306 0.521461 0.415167 0.522247 0.415704 0.522294 0.417032 0.518000 0.416120 0.515620 0.416120
9 0.458427 0.369704 0.457359 0.368593 0.457229 0.366556 0.458375 0.364750 0.459391 0.364889 0.460198 0.366139 0.460458 0.367620 0.459495 0.369611
9 0.491510 0.358981 0.491797 0.361944 0.492885 0.362421 0.493490 0.361481 0.493411 0.358519
9 0.478911 0.383356 0.477734 0.384106 0.477013 0.383194 0.477161 0.381532 0.477917 0.379819 0.479182 0.379875 0.479482 0.381269 0.479604 0.382981
9 0.477734 0.384106 0.478779 0.385509 0.479049 0.386366 0.480193 0.386421 0.480857 0.386153 0.480586 0.383579 0.479604 0.382981 0.478911 0.383356
9 0.471117 0.401611 0.469818 0.402917 0.469714 0.406528 0.470313 0.407315 0.471250 0.407685 0.471771 0.406852 0.471979 0.404907 0.473411 0.403194
9 0.492013 0.374056 0.492195 0.371755 0.491714 0.370523 0.490687 0.370148 0.489724 0.371009 0.489633 0.373259 0.490177 0.374491
2 0.467672 0.458093 0.467372 0.456583 0.477633 0.449861 0.484984 0.444481 0.486516 0.445843 0.487484 0.446991 0.487727 0.448426 0.477919 0.453204
2 0.488638 0.441833 0.492188 0.444917 0.493883 0.443486 0.494917 0.442611 0.495294 0.440116 0.494508 0.437583
7 0.549352 0.382231 0.552133 0.381301 0.554151 0.380796 0.554917 0.377713 0.560081 0.377713 0.560565 0.381944 0.559596 0.385389 0.558760 0.385773 0.557380 0.388597 0.554190 0.392699 0.553424 0.391986 0.552549 0.391718 0.552120 0.388644 0.551951 0.387597
5 0.297013 0.203889 0.288721 0.187306 0.294810 0.183389 0.308674 0.177398 0.311911 0.175097 0.316057 0.171644 0.321370 0.171644 0.331484 0.192037 0.343005 0.212407 0.357388 0.241662 0.371185 0.271329 0.373984 0.280079 0.374555 0.283259 0.376224 0.285444 0.376458 0.288046 0.372870 0.284847 0.369734 0.282472 0.366146 0.278491 0.361979 0.280648 0.359266 0.284731 0.335143 0.254995 0.306938 0.217222
5 0.357547 0.158755 0.356435 0.154731 0.355596 0.153046 0.355523 0.149398 0.359219 0.149204 0.362883 0.148806 0.362883 0.147792 0.358784 0.143718 0.358755 0.142060 0.361227 0.140282 0.364388 0.132481 0.363685 0.130005 0.362427 0.128514 0.362516 0.125519 0.365508 0.125852 0.372786 0.132907 0.378664 0.138218 0.384917 0.144190 0.389536 0.148009 0.395753 0.153481 0.403409 0.161954 0.415229 0.173750 0.423760 0.180292 0.433701 0.189894 0.442901 0.199713 0.447419 0.204171 0.447044 0.206278 0.448794 0.213167 0.449609 0.219051 0.456609 0.225056 0.455227 0.227278 0.454115 0.228287 0.453177 0.229907 0.451172 0.228051 0.449734 0.227046 0.447943 0.231296 0.446706 0.239412 0.439331 0.231185 0.439766 0.240181 0.440266 0.249509 0.434219 0.242505 0.424984 0.232806 0.411701 0.218213 0.396148 0.201894 0.379083 0.182597 0.362451 0.164551
5 0.384917 0.144190 0.377315 0.135782 0.371388 0.129644 0.368401 0.126907 0.368401 0.125662 0.370081 0.123171 0.374234 0.120435 0.375401 0.119190 0.376521 0.112801 0.377409 0.110560 0.381047 0.102597 0.383055 0.102264 0.383570 0.102500 0.384411 0.103250 0.410234 0.129417 0.441930 0.159255 0.468906 0.185454 0.466456 0.189551 0.466456 0.189551 0.465057 0.192620 0.463003 0.198014 0.461883 0.200171 0.461229 0.200088 0.460622 0.199009 0.459596 0.200333 0.460016 0.202412 0.458661 0.206560 0.456328 0.208051 0.456281 0.209546 0.454010 0.212546 0.447419 0.204171 0.442901 0.199713 0.433701 0.189894 0.423760 0.180292 0.415229 0.173750 0.403409 0.161954 0.395753 0.153481 0.389536 0.148009
5 0.464870 0.234852 0.462633 0.232213 0.459487 0.232356 0.457607 0.233384 0.456609 0.233602 0.453638 0.235727 0.452146 0.237019 0.450979 0.238903 0.451461 0.240102 0.462190 0.251861 0.474815 0.265917 0.494823 0.288435 0.498818 0.293671 0.507609 0.302417 0.525440 0.323931 0.533424 0.333111 0.534596 0.334616 0.535724 0.338417 0.535951 0.339593 0.531870 0.341514 0.530984 0.342181 0.531474 0.344005 0.539958 0.353324 0.541630 0.352431 0.541044 0.350500 0.541044 0.345296 0.543135 0.343958 0.546984 0.349014 0.548823 0.347676 0.548992 0.343065 0.552003 0.347676 0.554094 0.347227 0.554010 0.342917 0.556518 0.331167 0.559279 0.325815 0.562307 0.327806 0.563315 0.327157 0.562786 0.326019 0.559375 0.322639 0.557318 0.320694 0.553078 0.316412 0.551865 0.314755 0.550130 0.314398 0.547383 0.311681 0.544583 0.314171 0.542344 0.311602 0.540198 0.310602 0.538469 0.311185 0.536695 0.311269 0.514576 0.287454 0.489557 0.260986
5 0.451461 0.240102 0.449839 0.242657 0.446706 0.239412 0.439331 0.231185 0.439766 0.240181 0.440266 0.249509 0.440211 0.252102 0.437727 0.253926 0.434974 0.255463 0.433948 0.257000 0.436797 0.259120 0.445964 0.269815 0.464237 0.290875 0.480622 0.308231 0.488049 0.313931 0.500633 0.331287 0.511859 0.346162 0.517961 0.354032 0.521133 0.351491 0.526328 0.345542 0.531870 0.341514 0.535951 0.339593 0.535724 0.338417 0.534596 0.334616 0.533424 0.333111 0.525440 0.323931 0.507609 0.302417 0.498818 0.293671 0.494823 0.288435 0.474815 0.265917 0.462190 0.251861
