0 0.472583 0.046829 0.468151 0.058278 0.465057 0.055306 0.459870 0.046236 0.446990 0.051440 0.445148 0.057236 0.443896 0.063185 0.441049 0.068685 0.442807 0.072704 0.456440 0.090694 0.454602 0.094412 0.450836 0.094856 0.449497 0.089060 0.438122 0.086236 0.428336 0.086236 0.419219 0.090991 0.413784 0.099319 0.411440 0.108685 0.411107 0.118949 0.412586 0.136449 0.414753 0.135810 0.415255 0.130278 0.419453 0.127958 0.427477 0.126426 0.433622 0.114606 0.448370 0.117296 0.451690 0.125653 0.446203 0.134264 0.442372 0.141329 0.438969 0.148139 0.432753 0.148019 0.431021 0.151736 0.428411 0.161000 0.427333 0.169995 0.426974 0.180912 0.427768 0.195690 0.429859 0.205981 0.432753 0.212657 0.435354 0.211884 0.444755 0.198903 0.455813 0.178606 0.455529 0.173847 0.453714 0.161894 0.458414 0.152255 0.463768 0.141329 0.474758 0.146218 0.478440 0.160731 0.480539 0.169477 0.479167 0.173329 0.474031 0.183870 0.476992 0.197370 0.480755 0.209833 0.485380 0.223319 0.489648 0.228597 0.495794 0.223319 0.498104 0.218190 0.500128 0.205981 0.502661 0.194023 0.503164 0.184509 0.502370 0.172301 0.500487 0.170116 0.495862 0.166782 0.493552 0.155468 0.490878 0.144032 0.488341 0.135157 0.508224 0.138889 0.491898 0.082500
5 0.551708 0.475514 0.552544 0.480597 0.554497 0.484500 0.556380 0.486606 0.558331 0.488065 0.563354 0.488208 0.563536 0.490722 0.565646 0.491315 0.568237 0.491426 0.570617 0.490940 0.572818 0.489653 0.575349 0.487032 0.577490 0.483653 0.578617 0.479704 0.578659 0.474190 0.577286 0.468231 0.575755 0.463713 0.573333 0.459630 0.570552 0.456829 0.567445 0.454750 0.564219 0.453963 0.560992 0.454032 0.557927 0.455681 0.555706 0.458481 0.553690 0.461565 0.552359 0.466657 0.551672 0.470602
5 0.524695 0.594398 0.523161 0.588759 0.521315 0.584856 0.518490 0.582005 0.516336 0.581324 0.513805 0.580894 0.512630 0.579875 0.508922 0.579282 0.506060 0.580782 0.503799 0.582769 0.501841 0.585236 0.500307 0.588231 0.499250 0.591769 0.522510 0.608056 0.525810 0.605208 0.520638 0.602801 0.517391 0.603134 0.518242 0.597644 0.518148 0.592486
5 0.433438 0.377407 0.439492 0.391250 0.441346 0.388384 0.443161 0.384296 0.444654 0.378986 0.444815 0.374329 0.444557 0.371944 0.442812 0.370185 0.439208 0.372102 0.435862 0.375046
5 0.495497 0.397505 0.494039 0.398292 0.492060 0.401532 0.491070 0.405931 0.491096 0.411579 0.491956 0.416116 0.493049 0.419542 0.494508 0.422181 0.496695 0.425884 0.499404 0.422597 0.493466 0.402181 0.496174 0.400144
5 0.514516 0.523944 0.515318 0.528157 0.516503 0.531630 0.518422 0.534727 0.522047 0.538449 0.525813 0.540676 0.528951 0.540866 0.532609 0.540181 0.535469 0.538819 0.537560 0.536773 0.539862 0.533116 0.538117 0.531134 0.535224 0.528903 0.532646 0.527292 0.529995 0.525741 0.527729 0.524500 0.526125 0.526546 0.523336 0.527352 0.520792 0.527352 0.516781 0.525556
5 0.494792 0.556574 0.494651 0.559551 0.495034 0.562153 0.495943 0.562648 0.496812 0.565005 0.498451 0.566306 0.501414 0.572940 0.503471 0.575477 0.507341 0.577588 0.512221 0.577213 0.515221 0.575602 0.517417 0.573620 0.519370 0.570023 0.521112 0.565560 0.521602 0.558375 0.518568 0.563829 0.515464 0.567546 0.511768 0.569403 0.508214 0.569838 0.504589 0.568907 0.500440 0.566060 0.496464 0.560481
5 0.494807 0.442944 0.492789 0.444764 0.490859 0.448083 0.489987 0.452208 0.490016 0.455690 0.490560 0.457782 0.494177 0.453991 0.497430 0.449264 0.495531 0.446472
5 0.500232 0.425694 0.504781 0.438440 0.497430 0.449264 0.495531 0.446472 0.494628 0.442088 0.494146 0.437528 0.494688 0.433676 0.495922 0.430782 0.497880 0.427727
5 0.510677 0.454028 0.508047 0.455231 0.505547 0.455139 0.502865 0.454444 0.501503 0.453287 0.492909 0.463606 0.494747 0.465856 0.497641 0.467731 0.501375 0.468588 0.504479 0.468588 0.508698 0.467412 0.512674 0.464843 0.515026 0.461894 0.511862 0.457343
5 0.505211 0.447782 0.501503 0.453287 0.502865 0.454444 0.505547 0.455139 0.508047 0.455231 0.510677 0.454028 0.508516 0.448472 0.507742 0.450111 0.506138 0.449884
5 0.465328 0.445699 0.471674 0.457537 0.473661 0.459148 0.475927 0.458093 0.478159 0.455801 0.480284 0.452764 0.476172 0.447866 0.481643 0.442847 0.480529 0.439625 0.478646 0.437208 0.476346 0.436648 0.472826 0.437269 0.468849 0.439625 0.466271 0.443157
5 0.531315 0.380292 0.527310 0.385213 0.532549 0.388653 0.537070 0.389875 0.539245 0.389875 0.536479 0.387250 0.532888 0.383736
5 0.522469 0.384495 0.521859 0.385787 0.522065 0.388509 0.523880 0.392097 0.527753 0.394750 0.531706 0.396185 0.538000 0.397477 0.542112 0.397259 0.545055 0.396472 0.546711 0.394894 0.547474 0.393171 0.543727 0.392597 0.540781 0.390736 0.539245 0.389875 0.537070 0.389875 0.532549 0.388653 0.527310 0.385213
5 0.438932 0.230833 0.438799 0.228421 0.439547 0.222861 0.440039 0.219426 0.444078 0.203995 0.466247 0.219759 0.463961 0.237102 0.463120 0.243741 0.463120 0.250292 0.463914 0.254940 0.466060 0.248301 0.467927 0.241250 0.469281 0.234032 0.473948 0.233366 0.477122 0.233532 0.481695 0.235440 0.481250 0.236894 0.479792 0.242940 0.477036 0.245819 0.472771 0.245245 0.473073 0.257176 0.473258 0.262426 0.471419 0.263426 0.470234 0.263986 0.468042 0.263917 0.465581 0.261403 0.464893 0.261745 0.465096 0.266139 0.464857 0.272449 0.465661 0.277181 0.460151 0.279616 0.452708 0.281074 0.449586 0.282903 0.447112 0.282153 0.444732 0.281157 0.442539 0.279167 0.441716 0.278431 0.441716 0.274894 0.442198 0.274144 0.442109 0.272431 0.443193 0.272644 0.443615 0.273662 0.443164 0.274093 0.443344 0.275861 0.445362 0.274949 0.445422 0.272912 0.444669 0.272912 0.444427 0.272056 0.445266 0.271639 0.448339 0.270806 0.451411 0.268491 0.453547 0.265204 0.455109 0.262611 0.456125 0.258676 0.456229 0.255019 0.455448 0.251639 0.453964 0.249556 0.452010 0.247981 0.449536 0.247194 0.447232 0.244843 0.444578 0.244685 0.442328 0.245019 0.443271 0.241148 0.443352 0.237949 0.442727 0.232764 0.441969 0.230361 0.440148 0.229708
5 0.446891 0.300250 0.447099 0.302796 0.448089 0.305852 0.448766 0.308074 0.449599 0.307657 0.449937 0.301546 0.448740 0.300343
5 0.467362 0.387477 0.469487 0.390083 0.472208 0.392130 0.475555 0.393241 0.480854 0.392866 0.484792 0.390824 0.486362 0.388528 0.487826 0.384750 0.488331 0.379611 0.484500 0.382310 0.480430 0.384292 0.475698 0.385685 0.471091 0.386866
5 0.460010 0.411444 0.458891 0.412991 0.457536 0.416630 0.455578 0.418829 0.455578 0.426060 0.462130 0.418403 0.460099 0.418731
5 0.451419 0.419472 0.453859 0.425417 0.453859 0.419310
5 0.454677 0.411069 0.453552 0.411458 0.450659 0.417074 0.453648 0.416523 0.454315 0.416157 0.454224 0.414444
2 0.437500 0.216421 0.426529 0.243306 0.428021 0.249185 0.440039 0.219426 0.438911 0.216486
1 0.441901 0.307546 0.443081 0.308931 0.443805 0.310593 0.442750 0.311181 0.442268 0.309843 0.441484 0.308986
10 0.416227 0.336069 0.420464 0.346407 0.422888 0.348481 0.422409 0.346176 0.421661 0.339120 0.423247 0.339954 0.424089 0.348417 0.424695 0.341361 0.424229 0.339620 0.423529 0.334722 0.425068 0.333810 0.425302 0.337713 0.426049 0.339370 0.425302 0.349412 0.428542 0.335046 0.428099 0.333347 0.428008 0.332583 0.421680 0.331676 0.419750 0.332532 0.417461 0.333977
10 0.424497 0.299287 0.424638 0.294884 0.426206 0.290426 0.428297 0.287699 0.431156 0.286148 0.434922 0.286519 0.438826 0.288815 0.441651 0.291852 0.443672 0.294764 0.444615 0.296870 0.439419 0.295958 0.433307 0.295880 0.426305 0.297787
1 0.481086 0.395380 0.491128 0.410630 0.491057 0.406782 0.483039 0.394639
1 0.454232 0.314537 0.454805 0.315417 0.455299 0.315324 0.456654 0.316019 0.457747 0.317639 0.458424 0.319630 0.462018 0.323287 0.461714 0.320606 0.454656 0.312273
1 0.463841 0.406157 0.464932 0.409866 0.467198 0.412463 0.471521 0.414310 0.476701 0.414403 0.480427 0.413296 0.484047 0.411028 0.486185 0.408796 0.487930 0.405838 0.487044 0.404398 0.485430 0.406995 0.483268 0.409259 0.480091 0.411208 0.476654 0.412222 0.473372 0.412500 0.469779 0.411856 0.467974 0.410745 0.464596 0.406157
1 0.489034 0.403593 0.489867 0.401278 0.490518 0.398222 0.490206 0.394889 0.488878 0.390398 0.488227 0.390537 0.488930 0.393546 0.489320 0.396509 0.489242 0.399565 0.488122 0.402435
5 0.452828 0.382630 0.456203 0.385204 0.456630 0.388347 0.456451 0.391991 0.455578 0.395685 0.453708 0.399329 0.452685 0.401097 0.449581 0.404204 0.448044 0.404792 0.445693 0.405542 0.442258 0.398042 0.445000 0.396653 0.447622 0.394028 0.449581 0.391509 0.451089 0.388454 0.452503 0.385134
5 0.444086 0.369338 0.446299 0.368875 0.448409 0.369106 0.450727 0.370310 0.453253 0.371699 0.454451 0.373597 0.455570 0.376421 0.455857 0.378551 0.455831 0.383181 0.452487 0.380806 0.452495 0.379532 0.451948 0.378144 0.450411 0.376199 0.448875 0.375042 0.447313 0.374671 0.445068 0.371042
5 0.444557 0.371944 0.444815 0.374329 0.444792 0.375463 0.446276 0.374861
1 0.453708 0.399329 0.454893 0.400523 0.459008 0.400449 0.464130 0.398444 0.468122 0.395431 0.472208 0.392130 0.470664 0.390986 0.468203 0.392204 0.465500 0.394787 0.461427 0.397222 0.457273 0.398514 0.454651 0.397653
1 0.474495 0.392856 0.464703 0.401005 0.457151 0.407532 0.457229 0.405310 0.461135 0.401560 0.472724 0.392301
1 0.464703 0.401005 0.466099 0.401718 0.467562 0.401037 0.467911 0.399611 0.469146 0.399819 0.473990 0.397227 0.479823 0.395792 0.481086 0.395380 0.483039 0.394639 0.484820 0.394157 0.486844 0.392667 0.487401 0.389384 0.487156 0.388019 0.486362 0.388528 0.485935 0.389259 0.486042 0.391366 0.482763 0.392977 0.480854 0.392866 0.478789 0.392977 0.475651 0.394032 0.471083 0.396389 0.468539 0.397875
1 0.448310 0.411718 0.448943 0.413593 0.451323 0.408560 0.453883 0.405505 0.453401 0.404380 0.451745 0.405454 0.451232 0.404917 0.449786 0.407005 0.450148 0.408292
10 0.448943 0.413593 0.450659 0.417074 0.453552 0.411458 0.455602 0.410759 0.457589 0.408611 0.457589 0.407380 0.457151 0.407532 0.457167 0.406468 0.453883 0.405505 0.451323 0.408560
10 0.429740 0.332130 0.429479 0.333056 0.429167 0.334120 0.429586 0.335755 0.431576 0.341644 0.433862 0.347750 0.436997 0.354819 0.440677 0.362963 0.441797 0.361296 0.443828 0.358796 0.446693 0.355602 0.450182 0.352454 0.451536 0.350370 0.453542 0.345648 0.454349 0.339630 0.455156 0.337731 0.455208 0.335602 0.454635 0.333935 0.453203 0.332500 0.452370 0.332222 0.452161 0.330556 0.453646 0.330556 0.451380 0.322130 0.450286 0.326620 0.447167 0.320190 0.444227 0.318116 0.443047 0.317778 0.441734 0.318468 0.439625 0.318731 0.438203 0.319213 0.437734 0.320231 0.436667 0.319491 0.433906 0.315741 0.431328 0.323194
1 0.458526 0.340852 0.457503 0.341870 0.456990 0.343796 0.454307 0.347921 0.452711 0.350977 0.450784 0.351616 0.450182 0.352454 0.446693 0.355602 0.443828 0.358796 0.441797 0.361296 0.440677 0.362963 0.441263 0.364236 0.443612 0.368491 0.447951 0.366028 0.452862 0.361903 0.456146 0.358741 0.457682 0.356898 0.459427 0.354398 0.460964 0.353102 0.461279 0.350005 0.460687 0.347218 0.460820 0.345273 0.460479 0.344722 0.457432 0.346065 0.458190 0.343935 0.458997 0.342083
1 0.453646 0.330556 0.455365 0.332315 0.456172 0.334491 0.456563 0.336852 0.456328 0.340185 0.455833 0.343333 0.454307 0.347921 0.452711 0.350977 0.450784 0.351616 0.451536 0.350370 0.453542 0.345648 0.454010 0.342222 0.454635 0.340694 0.455365 0.340417 0.455208 0.335602 0.454635 0.333935 0.453203 0.332500 0.452370 0.332222 0.452161 0.330556
1 0.454023 0.315741 0.453784 0.317347 0.455195 0.316852 0.456289 0.317454 0.457266 0.319306 0.457591 0.321759 0.458008 0.323241 0.458268 0.327361 0.458164 0.332546 0.458555 0.333611 0.459154 0.333380 0.459284 0.327639 0.459206 0.323426 0.458424 0.319630 0.457747 0.317639 0.456654 0.316019 0.455299 0.315324
2 0.451380 0.322130 0.453281 0.329259 0.458229 0.330509 0.458268 0.327361 0.458008 0.323241 0.457135 0.322917 0.455104 0.322546
1 0.459159 0.331296 0.460122 0.331481 0.460826 0.332037 0.461216 0.333750 0.462154 0.335509 0.464107 0.337454 0.464107 0.339630 0.463430 0.339074 0.461971 0.337315 0.460956 0.336111 0.460591 0.334861 0.460122 0.335139 0.458794 0.336852 0.458195 0.337083 0.456763 0.340602 0.456328 0.340185 0.456477 0.337824 0.457232 0.335833 0.458326 0.335278 0.459732 0.334213 0.459810 0.333148 0.459107 0.332824
1 0.460479 0.344722 0.460820 0.345273 0.461354 0.346019 0.464792 0.344444 0.469664 0.341546 0.469557 0.340046 0.467891 0.340231 0.463333 0.342824
2 0.459206 0.323426 0.459284 0.327639 0.459219 0.330741 0.466250 0.332639 0.466917 0.332120 0.467505 0.329523 0.464297 0.328981 0.464401 0.326736 0.463529 0.326278 0.462065 0.323921
1 0.464401 0.326736 0.464297 0.328981 0.467505 0.329523 0.468062 0.327704 0.465552 0.327394 0.465552 0.327394
1 0.465719 0.333185 0.465771 0.335269 0.467932 0.333880 0.468453 0.331843 0.469234 0.328602 0.469781 0.326935 0.470510 0.325546 0.471266 0.325500 0.471917 0.327120 0.472177 0.329898 0.474052 0.330546 0.474859 0.331056 0.474922 0.333472 0.473904 0.334713 0.472607 0.336694 0.472094 0.338463 0.473240 0.338944 0.474505 0.336801 0.475529 0.334819 0.477065 0.334389 0.479326 0.335889 0.483003 0.335889 0.478120 0.332514 0.476794 0.332731 0.476120 0.333287 0.475755 0.330060 0.472839 0.327644 0.472734 0.325102 0.471409 0.323676 0.470120 0.323736 0.469073 0.325412 0.468062 0.327704 0.467516 0.329528 0.466917 0.332120
1 0.468958 0.329792 0.470938 0.330532 0.473099 0.332245 0.474922 0.331736 0.474859 0.331056 0.474052 0.330546 0.472177 0.329898 0.472031 0.327986 0.470807 0.327292 0.469781 0.326935 0.469234 0.328602
1 0.450727 0.370310 0.451096 0.369375 0.452372 0.368727 0.453987 0.369282 0.456487 0.367847 0.457112 0.367940 0.457477 0.369190 0.454560 0.370532 0.453253 0.371699
1 0.448409 0.369106 0.449740 0.368056 0.451745 0.366806 0.454115 0.366806 0.455417 0.364769 0.452005 0.364722 0.449766 0.364491 0.447951 0.366028 0.443612 0.368491 0.444086 0.369338 0.446299 0.368875
1 0.450547 0.363889 0.456331 0.364329 0.456331 0.362477 0.452294 0.362292
1 0.454948 0.359856 0.456823 0.360042 0.457344 0.358190 0.456745 0.358097 0.456146 0.358741
1 0.464427 0.344532 0.464427 0.350551 0.461279 0.350005 0.460964 0.353102 0.463307 0.351944 0.465206 0.351546 0.465729 0.351060 0.465521 0.344069 0.464792 0.344444
1 0.466693 0.346106 0.466276 0.346477 0.466250 0.347681 0.465651 0.347449 0.465729 0.351060 0.466594 0.350208 0.467526 0.348389 0.467396 0.346940
1 0.460964 0.348514 0.464453 0.346940 0.464427 0.349208 0.462161 0.350181 0.461279 0.350005
1 0.465573 0.345921 0.470677 0.342264 0.471354 0.342819 0.470388 0.344157 0.468612 0.345921 0.467396 0.346940 0.466693 0.346106 0.466276 0.346477 0.466250 0.347681 0.465651 0.347449
1 0.455573 0.344023 0.456990 0.343796 0.457503 0.341870 0.458526 0.340852 0.458997 0.342083 0.458190 0.343935 0.460479 0.344722 0.463333 0.342824 0.467891 0.340231 0.469557 0.340046 0.469336 0.337727 0.469193 0.336292 0.467422 0.335551 0.465000 0.335782 0.464870 0.337773 0.465651 0.339440 0.465104 0.340505 0.464193 0.340690 0.464107 0.339630 0.457161 0.339625 0.456763 0.340602 0.456328 0.340185 0.455833 0.343333
1 0.457865 0.338005 0.459219 0.338144 0.460956 0.336111 0.460591 0.334861 0.460122 0.335139 0.458794 0.336852 0.458195 0.337083
1 0.461216 0.333750 0.461849 0.333241 0.462917 0.332454 0.464349 0.332917 0.461745 0.334815
2 0.488924 0.314231 0.490354 0.316213 0.490667 0.320676 0.498393 0.326907 0.500021 0.329157 0.502039 0.329157 0.502612 0.328407 0.503802 0.328843 0.503635 0.323093 0.497195 0.318769 0.495380 0.316593 0.495310 0.314306
1 0.507552 0.310417 0.508578 0.312361 0.510023 0.316699 0.509346 0.318630 0.508638 0.315250 0.506862 0.312037
5 0.487477 0.385653 0.488141 0.388750 0.492323 0.395755 0.493997 0.397120 0.495497 0.397505 0.496174 0.400144 0.498982 0.397097 0.510034 0.390301 0.509789 0.387079 0.513451 0.381625 0.509859 0.376296 0.507174 0.375301 0.507070 0.376977 0.505466 0.374620 0.504107 0.374310 0.500690 0.375736 0.500341 0.370097 0.498703 0.370097 0.497414 0.372204 0.497414 0.369912 0.498180 0.365884 0.497021 0.364551 0.495581 0.369060 0.493648 0.373292 0.491016 0.376648 0.488331 0.379611 0.487826 0.384750
1 0.489656 0.404681 0.491281 0.404625 0.491826 0.402750 0.489172 0.403019 0.489034 0.403593
1 0.480182 0.399259 0.482833 0.397935 0.481974 0.396731 0.479995 0.397426
1 0.472602 0.408162 0.476307 0.407625 0.480315 0.404681 0.486370 0.405218 0.487044 0.404398 0.486341 0.403236 0.480552 0.403431
1 0.484292 0.396546 0.487573 0.395481 0.488380 0.396269 0.489109 0.395296 0.488930 0.393546 0.488227 0.390537 0.487339 0.390019 0.486844 0.392667 0.487807 0.392796 0.487911 0.394046 0.483589 0.395481
2 0.523870 0.354046 0.525018 0.356477 0.528305 0.363083 0.528708 0.368176 0.532982 0.366977 0.533062 0.365218 0.533622 0.364037 0.535016 0.364106 0.535482 0.365870 0.537073 0.365449 0.537854 0.364250 0.539128 0.364292 0.534146 0.358227 0.533549 0.359005 0.531935 0.356060 0.530078 0.354074 0.526854 0.355847 0.525552 0.354704
1 0.522471 0.376556 0.523628 0.380875 0.527310 0.385213 0.531315 0.380292 0.532380 0.378579 0.535516 0.378278 0.539583 0.379028 0.541029 0.375116 0.542276 0.375829 0.544672 0.373745 0.543951 0.372972 0.541661 0.371583 0.541359 0.370509 0.540365 0.370727 0.539310 0.370134 0.538922 0.368324 0.537669 0.368185 0.536914 0.366935 0.537073 0.365449 0.535482 0.365870 0.535169 0.367995 0.533714 0.367764 0.532982 0.366977 0.528708 0.368176 0.528589 0.366602 0.525563 0.365958 0.524112 0.367606 0.525977 0.368324 0.527021 0.369565 0.526951 0.370991 0.522211 0.372972 0.522497 0.373917 0.523099 0.374014 0.525122 0.373704 0.525365 0.375995
2 0.480263 0.322806 0.498393 0.326907 0.500021 0.329157 0.502039 0.329157 0.502612 0.328407 0.506794 0.329806 0.500703 0.335894 0.498766 0.337329 0.498065 0.338477 0.497247 0.339440 0.495682 0.339176 0.490560 0.336657 0.483003 0.335889 0.478120 0.332514 0.476794 0.332731 0.476005 0.331944 0.475755 0.330060 0.484065 0.331782 0.489672 0.333861 0.494591 0.335653 0.496609 0.334218 0.495682 0.328912 0.483742 0.324968 0.478216 0.324250
10 0.427943 0.299907 0.424742 0.302199 0.425997 0.305796 0.420000 0.326389 0.415599 0.334806 0.417552 0.332477 0.421620 0.330338 0.423185 0.330282 0.425206 0.330602 0.427885 0.331407 0.427352 0.328120 0.427211 0.323306 0.427896 0.323273 0.428078 0.327662 0.428531 0.331847 0.429740 0.332130 0.431328 0.323194 0.433906 0.315741 0.433375 0.312139 0.435120 0.311907 0.437891 0.313241 0.442750 0.311181 0.442268 0.309843 0.441484 0.308986 0.441901 0.307546 0.443081 0.308931 0.443805 0.310593 0.447471 0.309093 0.447510 0.306079 0.447099 0.302796 0.446018 0.299986 0.443807 0.299528 0.440214 0.298699 0.432885 0.298699
2 0.513299 0.304139 0.512857 0.309880 0.509346 0.318630 0.509776 0.319398 0.513008 0.322412 0.513893 0.324352 0.513487 0.326792 0.513609 0.336403 0.512964 0.338838 0.515615 0.340208 0.519664 0.343949 0.523823 0.347889 0.526846 0.351917 0.525552 0.354704 0.526854 0.355847 0.530000 0.354056 0.531935 0.356060 0.533549 0.359005 0.536253 0.354343 0.535687 0.346236 0.530339 0.305324 0.528870 0.301347 0.524031 0.300486 0.515706 0.302671
1 0.454677 0.411069 0.454224 0.414444 0.454315 0.416157 0.455943 0.415407 0.456273 0.412356 0.456242 0.410213 0.455602 0.410759
1 0.415599 0.334806 0.416227 0.336069 0.417461 0.333977 0.419750 0.332532 0.421680 0.331676 0.428008 0.332583 0.427885 0.331407 0.425206 0.330602 0.423185 0.330282 0.421620 0.330338 0.417552 0.332477
1 0.427211 0.323306 0.427352 0.328120 0.428099 0.333347 0.430010 0.340398 0.432206 0.346542 0.435706 0.354755 0.438552 0.360810 0.440885 0.365954 0.442812 0.370185 0.444557 0.371944 0.447737 0.377273 0.450419 0.380116 0.452828 0.382630 0.456203 0.385204 0.460031 0.386921 0.463737 0.387343 0.466029 0.387403 0.471091 0.386866 0.475698 0.385685 0.480430 0.384292 0.484500 0.382310 0.488331 0.379611 0.491016 0.376648 0.493648 0.373292 0.495581 0.369060 0.497021 0.364551 0.497805 0.359093 0.498500 0.353417 0.498893 0.349019 0.499464 0.341903 0.498500 0.341843 0.498469 0.344630 0.498138 0.349097 0.497568 0.354421 0.496914 0.359144 0.496578 0.362611 0.495169 0.368120 0.492620 0.372981 0.490250 0.375944 0.488193 0.378491 0.485273 0.380250 0.481029 0.382472 0.476654 0.383907 0.473424 0.384648 0.468659 0.385528 0.466367 0.386083 0.462279 0.385759 0.459573 0.384972 0.456422 0.383634 0.452487 0.380806 0.448844 0.377056 0.445068 0.371042 0.441263 0.364236 0.436997 0.354819 0.433862 0.347750 0.431576 0.341644 0.429586 0.335755 0.428531 0.331847 0.428078 0.327662 0.427896 0.323273
2 0.451883 0.284907 0.450034 0.285972 0.450164 0.288380 0.451935 0.291667 0.453698 0.291250 0.456023 0.291991 0.457143 0.292639
1 0.531315 0.380292 0.532888 0.383736 0.536479 0.387250 0.539245 0.389875 0.540781 0.390736 0.543727 0.392597 0.547474 0.393171 0.550773 0.393782 0.553638 0.393278 0.555776 0.391847 0.556219 0.389338 0.555776 0.385824 0.554927 0.383884 0.552911 0.381449 0.550531 0.379514 0.549563 0.380801 0.551378 0.382167 0.552992 0.384028 0.554161 0.386468 0.554888 0.388046 0.554969 0.390481 0.553234 0.391417 0.550935 0.392060 0.548232 0.391630 0.545409 0.390699 0.542060 0.389120 0.537745 0.385606 0.533792 0.381306 0.532380 0.378579
2 0.458948 0.294630 0.451500 0.297083 0.452828 0.300093 0.455641 0.299259 0.459260 0.298380 0.458896 0.296157
1 0.514818 0.376204 0.514755 0.379569 0.515510 0.382537 0.516943 0.386745 0.517828 0.386838 0.515849 0.380032 0.515979 0.376236
5 0.487091 0.371407 0.487505 0.372588 0.488271 0.375500 0.488193 0.378491 0.490250 0.375944 0.492620 0.372981 0.495169 0.368120 0.496362 0.363491 0.495424 0.363306 0.494826 0.364741 0.488680 0.370250
1 0.440055 0.364269 0.438867 0.366565 0.438419 0.368375 0.438732 0.370231 0.440302 0.370296 0.442289 0.369056 0.440885 0.365954
10 0.424742 0.302199 0.422440 0.303880 0.418885 0.308588 0.419271 0.315000 0.420471 0.318014 0.421044 0.322889 0.425997 0.305796
2 0.470234 0.263986 0.468042 0.263917 0.465581 0.261403 0.464893 0.261745 0.465096 0.266139 0.464857 0.272449 0.465661 0.277181 0.468680 0.277329 0.469445 0.276458 0.470284 0.276708 0.470805 0.278444 0.474859 0.276537 0.473258 0.262426 0.471419 0.263426 0.471943 0.266278 0.472117 0.268944 0.471523 0.273157 0.470339 0.275884 0.468979 0.274894 0.470026 0.271917 0.470651 0.267704
1 0.438867 0.366565 0.436271 0.367250 0.433656 0.368162 0.429737 0.369426 0.430922 0.371597 0.438487 0.369056 0.438419 0.368375
2 0.422091 0.301338 0.418745 0.306667 0.418885 0.308588 0.422440 0.303880 0.427987 0.299861 0.432885 0.298699 0.440214 0.298699 0.443807 0.299528 0.446891 0.300250 0.448740 0.300343 0.449937 0.301546 0.449599 0.307657 0.448766 0.308074 0.444227 0.318116 0.447167 0.320190 0.451461 0.311727 0.451484 0.310093 0.451797 0.303796 0.451927 0.300463 0.450130 0.298519 0.447630 0.297917 0.446406 0.297296 0.439419 0.295958 0.433307 0.295880 0.426305 0.297787
10 0.418161 0.265972 0.425667 0.291699 0.424638 0.294884 0.424497 0.299287 0.421719 0.301759 0.418776 0.306667 0.417885 0.291995 0.406078 0.293903 0.407198 0.314148 0.392888 0.278259 0.394294 0.274227 0.397857 0.268852 0.401583 0.264338 0.406875 0.260884 0.411141 0.259731 0.412760 0.258384 0.414797 0.258407 0.416654 0.259912
1 0.419271 0.315000 0.420471 0.318014 0.421044 0.322889 0.419940 0.326593
2 0.412234 0.206292 0.406586 0.229773 0.404021 0.246949 0.418721 0.261968 0.420029 0.258069 0.421708 0.248194 0.424229 0.239231 0.426516 0.219653 0.416995 0.209778
1 0.466807 0.285991 0.466693 0.283463 0.466693 0.281046 0.467146 0.279495 0.468401 0.279065 0.468680 0.277329 0.469445 0.276458 0.470284 0.276708 0.470805 0.278444 0.470956 0.283884
5 0.442018 0.246667 0.441591 0.249005 0.444763 0.247083 0.448406 0.247148 0.446477 0.245917 0.444490 0.246074
2 0.406674 0.249731 0.406432 0.252671 0.409497 0.260056 0.411141 0.259731 0.412604 0.257546 0.412685 0.255824
13 0.418398 0.211074 0.417607 0.207755 0.415786 0.205181 0.412984 0.202111 0.413172 0.199870 0.411771 0.198792 0.411211 0.200866 0.410138 0.199870 0.407010 0.198708 0.404539 0.197963 0.404023 0.196884 0.402766 0.196968 0.402766 0.198130 0.400151 0.197880 0.396138 0.199375 0.392497 0.201532 0.389182 0.203856 0.386943 0.206509 0.385497 0.205181 0.384563 0.206843 0.385542 0.208333 0.382182 0.212815 0.378964 0.216713 0.377841 0.215634 0.376815 0.217546 0.377794 0.218625 0.375461 0.223685 0.374203 0.227417 0.373503 0.231648 0.392888 0.278259 0.394294 0.274227 0.397857 0.268852 0.401583 0.264338 0.406875 0.260884 0.409497 0.260056 0.406432 0.252671 0.406674 0.249731 0.404021 0.246949 0.406586 0.229773 0.404143 0.229657 0.400878 0.227292 0.398294 0.222130 0.397690 0.218116 0.398698 0.214884 0.401078 0.213954 0.402974 0.214458 0.410034 0.215315 0.412234 0.206292 0.416995 0.209778
13 0.424953 0.236125 0.426529 0.243306 0.428021 0.249185 0.430755 0.260301 0.431339 0.269644 0.431573 0.276269 0.431393 0.280481 0.427948 0.279491 0.429117 0.282708 0.431497 0.285505 0.431156 0.286148 0.428297 0.287699 0.426206 0.290426 0.425667 0.291699 0.418161 0.265972 0.416654 0.259912 0.418721 0.261968 0.420029 0.258069 0.421708 0.248194 0.424229 0.239231 0.424516 0.236542
10 0.464164 0.235917 0.466013 0.238954 0.468242 0.239759 0.467927 0.241250 0.466060 0.248301 0.464547 0.253144 0.463956 0.250046 0.463083 0.247940 0.463120 0.243741 0.463961 0.237102
1 0.470234 0.263986 0.471419 0.263426 0.471943 0.266278 0.472117 0.268944 0.471523 0.273157 0.470339 0.275884 0.468979 0.274894 0.470026 0.271917 0.470651 0.267704
10 0.470956 0.283884 0.466807 0.285991 0.464089 0.287852 0.461125 0.290829 0.458948 0.294630 0.458896 0.296157 0.459260 0.298380 0.459401 0.300463 0.458724 0.302824 0.458880 0.305139 0.459635 0.306620 0.460938 0.307685 0.460911 0.309722 0.461857 0.315556 0.461367 0.317912 0.462065 0.323921 0.463529 0.326278 0.465552 0.327394 0.468062 0.327704 0.469073 0.325412 0.470120 0.323736 0.471409 0.323676 0.472734 0.325102 0.472839 0.327644 0.475419 0.326032 0.480263 0.322806 0.483193 0.320514 0.485354 0.317231 0.486435 0.314315 0.486086 0.312083 0.486609 0.308306 0.485458 0.303037 0.484099 0.301981 0.483471 0.297023 0.483854 0.295227 0.483820 0.292315 0.483052 0.287852 0.481729 0.286366 0.481276 0.284069 0.479635 0.282273 0.475453 0.282148
1 0.525552 0.354704 0.526846 0.351917 0.523823 0.347889 0.519664 0.343949 0.515615 0.340208 0.512964 0.338838 0.508891 0.337472 0.504938 0.336759 0.500703 0.335894 0.498766 0.337329 0.498065 0.338477 0.501305 0.338477 0.504487 0.339051 0.507229 0.338694 0.511102 0.340056 0.514086 0.342352 0.517828 0.344625 0.522852 0.350093
1 0.469336 0.337727 0.469664 0.341546 0.473229 0.344190 0.476888 0.345741 0.481456 0.346977 0.485815 0.347167 0.490312 0.346546 0.490898 0.344616 0.489779 0.340384 0.488891 0.341875 0.486185 0.342375 0.480305 0.342208 0.474049 0.339718
1 0.499365 0.342852 0.501583 0.344144 0.501820 0.342639 0.499242 0.341134 0.496380 0.340847 0.494081 0.341134 0.492143 0.342208 0.490898 0.344616 0.490312 0.346546 0.490242 0.350324 0.491497 0.354852 0.493693 0.359065 0.495367 0.361481 0.496362 0.363491 0.496578 0.362611 0.496727 0.361019 0.494224 0.357222 0.492367 0.353218 0.490805 0.350347 0.490648 0.348079 0.491482 0.346273 0.491958 0.345505 0.492221 0.344028 0.493289 0.342597 0.496440 0.342454 0.498469 0.342500 0.498500 0.341843 0.499464 0.341903
1 0.556029 0.388009 0.556961 0.388866 0.557143 0.390958 0.556599 0.392991 0.554401 0.394972 0.551026 0.396153 0.548828 0.397069 0.546352 0.397690 0.543854 0.397759 0.542112 0.397259 0.545055 0.396472 0.545964 0.395671 0.548224 0.395403 0.552081 0.394222 0.553638 0.393278 0.555776 0.391847 0.556219 0.389338
2 0.478216 0.324250 0.483742 0.324968 0.495682 0.328912 0.496609 0.334218 0.494591 0.335653 0.489672 0.333861 0.484065 0.331782 0.475755 0.330060 0.472839 0.327644 0.475419 0.326032
2 0.454656 0.312273 0.461714 0.320606 0.461367 0.317912 0.461857 0.315556 0.461505 0.313477 0.458328 0.310375 0.456016 0.310880 0.453359 0.310648
2 0.444505 0.283657 0.442698 0.288940 0.446406 0.297296 0.447630 0.297917 0.448620 0.295139 0.449690 0.293491
2 0.445919 0.284074 0.445714 0.285926 0.449690 0.293491 0.450651 0.292083 0.451935 0.291667 0.448549 0.285509
1 0.453859 0.419310 0.453859 0.425417 0.454659 0.427014 0.455578 0.426060 0.455578 0.418829
1 0.450659 0.417074 0.451419 0.419472 0.453859 0.419310 0.455578 0.418829 0.457536 0.416630 0.458891 0.412991 0.460010 0.411444 0.460943 0.409037 0.459917 0.408222 0.458891 0.409398 0.457747 0.411755 0.456299 0.415236 0.453648 0.416523
2 0.436862 0.272708 0.438104 0.274972 0.439464 0.277574 0.440266 0.281542 0.438208 0.281542 0.437234 0.278259 0.436188 0.276769 0.436185 0.273903
17 0.434799 0.232264 0.438297 0.231653 0.440148 0.229708 0.441969 0.230361 0.442727 0.232764 0.443352 0.237949 0.443271 0.241148 0.442328 0.245019 0.441234 0.251181 0.441104 0.258255 0.439594 0.270528 0.436862 0.272708 0.436185 0.273903 0.436365 0.279972 0.435898 0.281403 0.431393 0.280481 0.431573 0.276269 0.431339 0.269644 0.430755 0.260301 0.428021 0.249185
1 0.442328 0.245019 0.444578 0.244685 0.447232 0.244843 0.449536 0.247194 0.451021 0.251037 0.451359 0.254324 0.451359 0.257796 0.450891 0.260620 0.450083 0.263630 0.448911 0.266130 0.447635 0.267981 0.445266 0.271639 0.444427 0.272056 0.444669 0.272912 0.445422 0.272912 0.445362 0.274949 0.443344 0.275861 0.443164 0.274093 0.443615 0.273662 0.443193 0.272644 0.442109 0.272431 0.442198 0.274144 0.441716 0.274894 0.441716 0.278431 0.442198 0.282343 0.441326 0.282662 0.440570 0.278699 0.440661 0.274894 0.440000 0.272431 0.438190 0.271625 0.439594 0.270528 0.439638 0.269861 0.440271 0.269912 0.440391 0.268574 0.444578 0.268361 0.444789 0.269269 0.446417 0.267986 0.448406 0.265144 0.449760 0.261398 0.450484 0.257755 0.450786 0.254648 0.450182 0.250306 0.448406 0.247148 0.446477 0.245917 0.444490 0.246074 0.442018 0.246667
1 0.549349 0.387222 0.554893 0.389306 0.554888 0.388046 0.554161 0.386468 0.551638 0.385602 0.550336 0.385648
1 0.547641 0.390412 0.548232 0.391630 0.549385 0.391755 0.549073 0.391153 0.549542 0.390088 0.548734 0.388560 0.548083 0.389069
1 0.548630 0.393421 0.549281 0.394995 0.550766 0.394579 0.550219 0.393699
2 0.513669 0.367704 0.511229 0.369690 0.522211 0.372972 0.526951 0.370991 0.527021 0.369565 0.525977 0.368324 0.520292 0.366444 0.518182 0.367144 0.516021 0.366116 0.516081 0.368315 0.514755 0.369708 0.513701 0.369065
1 0.497021 0.364551 0.501799 0.370171 0.504622 0.372338 0.508284 0.374509 0.512956 0.376120 0.518427 0.376370 0.522471 0.376556 0.525365 0.375995 0.525122 0.373704 0.523099 0.374014 0.519299 0.374139 0.513581 0.373704 0.509503 0.372528 0.507482 0.371782 0.506888 0.368190 0.505982 0.368125 0.504656 0.369551 0.501555 0.367194 0.497440 0.361866
10 0.491682 0.268324 0.487578 0.271588 0.485094 0.276384 0.483258 0.281185 0.482125 0.286944 0.483052 0.287852 0.483820 0.292315 0.483854 0.295227 0.483471 0.297023 0.484099 0.301981 0.485458 0.303037 0.486609 0.308306 0.486086 0.312083 0.486435 0.314315 0.495310 0.314306 0.495380 0.316593 0.497195 0.318769 0.502516 0.318106 0.500836 0.316032 0.500414 0.313875 0.503635 0.307069 0.504414 0.308431 0.506570 0.312819 0.508141 0.308843 0.509810 0.303264 0.510474 0.299120 0.511031 0.289579 0.512148 0.302708 0.513299 0.304139 0.515706 0.302671 0.514977 0.286532 0.514172 0.281875 0.513245 0.281731 0.509417 0.281514 0.508729 0.278574 0.507477 0.275991 0.505781 0.273699 0.503487 0.271903 0.498362 0.268532 0.494771 0.267745
2 0.474172 0.252833 0.479635 0.282273 0.481276 0.284069 0.481729 0.286366 0.482125 0.286944 0.482667 0.284194 0.477065 0.251921
2 0.487708 0.226343 0.487612 0.229847 0.495641 0.267931 0.498362 0.268532 0.489648 0.228597
1 0.421661 0.339120 0.422409 0.346176 0.423948 0.353227 0.426143 0.358954 0.428990 0.364014 0.431977 0.367167 0.433656 0.368162 0.436271 0.367250 0.434310 0.366338 0.431417 0.364264 0.428055 0.359366 0.424977 0.351486 0.425302 0.349412 0.426049 0.339370 0.425302 0.337713 0.425068 0.333810 0.423529 0.334722 0.424229 0.339620 0.424695 0.341361 0.424089 0.348417 0.423247 0.339954
10 0.426008 0.224426 0.427016 0.227222 0.427339 0.232310 0.425724 0.235611 0.424516 0.236542
1 0.428531 0.331847 0.429740 0.332130 0.429479 0.333056 0.428776 0.332963
10 0.428542 0.335046 0.425302 0.349412 0.424977 0.351486 0.428055 0.359366 0.431417 0.364264 0.434310 0.366338 0.436271 0.367250 0.438867 0.366565 0.440055 0.364269 0.438552 0.360810 0.435706 0.354755 0.432206 0.346542 0.430010 0.340398
2 0.450268 0.314106 0.454068 0.311421 0.454656 0.312273 0.453784 0.317347 0.450893 0.318505 0.448911 0.318458 0.447167 0.320190
2 0.448911 0.318458 0.447167 0.320190 0.450286 0.326620 0.451380 0.322130 0.451953 0.319815 0.452917 0.319074 0.455104 0.320694 0.455104 0.322546 0.457135 0.322917 0.457266 0.319306 0.455182 0.317454 0.453784 0.317347 0.450893 0.318505
10 0.410034 0.215315 0.402974 0.214458 0.401078 0.213954 0.398698 0.214884 0.397690 0.218116 0.398294 0.222130 0.400878 0.227292 0.404143 0.229657 0.406586 0.229773
2 0.427948 0.279491 0.429117 0.282708 0.431497 0.285505 0.440250 0.286662 0.445292 0.297269 0.446406 0.297296 0.442698 0.288940 0.444505 0.283657 0.444042 0.282278 0.442198 0.282343 0.441326 0.282662 0.440633 0.281625 0.435898 0.281403 0.431393 0.280481
2 0.406078 0.293903 0.407198 0.314148 0.415599 0.334806 0.419940 0.326593 0.417885 0.291995
2 0.454659 0.427014 0.456380 0.430500 0.464128 0.420625 0.465807 0.419630 0.483409 0.422366 0.494508 0.422181 0.493049 0.419542 0.483792 0.418477 0.468221 0.415819 0.467049 0.413963 0.462211 0.415681 0.462130 0.418403
2 0.538443 0.548667 0.541258 0.553157 0.556984 0.542231 0.554745 0.538111
2 0.526255 0.557926 0.521112 0.565560 0.519370 0.570023 0.517417 0.573620 0.515867 0.575056 0.514224 0.580889 0.516336 0.581324 0.518130 0.581769 0.529120 0.562051
2 0.522349 0.553157 0.525031 0.557926 0.521206 0.564454 0.521602 0.558375
2 0.522018 0.544792 0.523542 0.545185 0.530703 0.549167 0.531953 0.546759 0.532083 0.543750 0.527292 0.540787 0.525813 0.540676 0.522047 0.538449 0.520013 0.537819 0.520945 0.540644
2 0.469146 0.399819 0.467948 0.406810 0.467974 0.410745 0.480552 0.403431 0.479823 0.395792 0.473990 0.397227
2 0.461818 0.407319 0.463841 0.406157 0.464932 0.409866 0.465268 0.412644 0.465164 0.414639 0.462211 0.415681 0.462130 0.418403 0.460099 0.418731 0.460010 0.411444 0.460943 0.409037
1 0.484047 0.411028 0.486208 0.414361 0.489573 0.417412 0.492839 0.418750 0.492240 0.416852 0.488672 0.414120 0.485078 0.409954
5 0.490065 0.409190 0.489857 0.415116 0.488672 0.414120 0.485078 0.409954 0.486185 0.408796 0.487930 0.405838
10 0.470510 0.325546 0.469781 0.326935 0.470807 0.327292 0.472031 0.327986 0.471917 0.327120 0.471266 0.325500
1 0.512221 0.577213 0.511510 0.577685 0.512031 0.579815 0.512630 0.579875 0.513805 0.580894 0.514224 0.580889 0.515867 0.575056 0.515221 0.575602
10 0.456203 0.385204 0.456630 0.388347 0.456451 0.391991 0.455578 0.395685 0.454651 0.397653 0.457273 0.398514 0.461427 0.397222 0.465500 0.394787 0.468203 0.392204 0.470664 0.390986 0.469487 0.390083 0.467362 0.387477 0.466029 0.387403 0.463737 0.387343 0.460031 0.386921
10 0.453253 0.371699 0.454451 0.373597 0.455570 0.376421 0.455857 0.378551 0.455831 0.383181 0.456422 0.383634 0.459573 0.384972 0.462279 0.385759 0.466367 0.386083 0.464112 0.382009 0.462927 0.377546 0.459531 0.373194 0.457656 0.370000 0.455789 0.370296
9 0.572818 0.489653 0.572734 0.491111 0.573750 0.491991 0.574297 0.491435 0.574513 0.490667 0.573940 0.488491
1 0.536102 0.496204 0.536622 0.496852 0.537943 0.499306 0.538151 0.502269 0.538984 0.504861 0.538672 0.506528 0.537682 0.504491 0.537083 0.500509 0.535286 0.497361
9 0.540073 0.496440 0.539448 0.497551 0.539682 0.498894 0.540620 0.499542 0.541557 0.498338 0.541167 0.496625
9 0.546820 0.498569 0.546531 0.497366 0.546690 0.496208 0.547286 0.495514 0.548122 0.495514 0.548719 0.496301 0.549083 0.497551 0.548953 0.498431
9 0.551349 0.493894 0.550958 0.495653 0.551271 0.497829 0.552885 0.497968 0.553042 0.495931 0.552911 0.494079 0.552208 0.493801
9 0.545724 0.490514 0.545542 0.492968 0.545932 0.494310 0.546661 0.495051 0.547625 0.494773 0.548146 0.492921 0.548042 0.490653 0.547130 0.490144
9 0.550490 0.486856 0.549839 0.487782 0.549630 0.489495 0.549917 0.491208 0.550857 0.492366 0.551974 0.491764 0.552391 0.489727 0.552130 0.487088
9 0.543979 0.479921 0.543302 0.480940 0.543068 0.482838 0.543458 0.484273 0.544708 0.485060 0.545646 0.484505 0.546089 0.482606 0.545964 0.480648 0.545047 0.479458
9 0.543068 0.482838 0.542370 0.483287 0.541146 0.483056 0.540599 0.481435 0.540729 0.479676 0.541667 0.478287 0.542630 0.478333 0.543516 0.479537 0.543302 0.480940
9 0.541615 0.477222 0.543745 0.476634 0.544135 0.477977 0.543979 0.479921 0.543302 0.480940 0.543516 0.479537 0.542630 0.478333 0.541667 0.478287
9 0.527339 0.484366 0.526323 0.486403 0.526740 0.488440 0.527518 0.488792 0.528510 0.489505 0.528979 0.488023 0.529057 0.485847 0.528536 0.484412
9 0.529742 0.479208 0.528674 0.479579 0.528203 0.480829 0.528464 0.482495 0.529326 0.483282 0.530523 0.482958 0.530703 0.481245 0.530417 0.480181
9 0.528674 0.479579 0.528203 0.480829 0.528464 0.482495 0.527083 0.482315 0.526042 0.481435 0.526042 0.479444 0.526536 0.477917 0.527708 0.477685 0.528490 0.478333
9 0.526201 0.478838 0.525836 0.477727 0.524818 0.477079 0.523987 0.477727 0.523672 0.479023 0.523857 0.480921 0.524583 0.481755 0.526042 0.481435 0.526042 0.479444
9 0.533724 0.481894 0.534169 0.480736 0.534169 0.479023 0.533388 0.477681 0.532320 0.477681 0.531771 0.478977 0.531799 0.480782 0.532526 0.481940
9 0.525836 0.477727 0.525964 0.475880 0.526745 0.474537 0.527734 0.475000 0.528333 0.476111 0.528281 0.478009 0.527708 0.477685 0.526536 0.477917 0.526201 0.478838
9 0.532865 0.477310 0.533021 0.475412 0.532604 0.474069 0.532057 0.473144 0.530807 0.473699 0.530260 0.475412 0.530651 0.477681 0.531328 0.478097 0.532320 0.477681
9 0.540732 0.466171 0.540107 0.465894 0.538727 0.466819 0.538466 0.469088 0.539482 0.471449
9 0.538727 0.466819 0.538229 0.465278 0.538411 0.463843 0.539271 0.462731 0.540339 0.462824 0.540885 0.463843 0.541174 0.464736 0.540732 0.466171 0.540107 0.465894
9 0.551846 0.478028 0.549997 0.477750 0.549451 0.480528 0.549581 0.482287 0.551586 0.482704 0.551924 0.480667
9 0.549451 0.472843 0.548305 0.473630 0.548253 0.477241 0.549138 0.477935 0.549997 0.477704 0.550701 0.476546 0.551013 0.474694
9 0.551708 0.475514 0.551013 0.474694 0.550701 0.476546 0.549997 0.477704 0.551846 0.478028 0.551924 0.480667 0.552544 0.480597
9 0.548227 0.476222 0.547628 0.476546 0.547289 0.478352 0.547471 0.479741 0.548357 0.480389 0.549451 0.480528 0.549997 0.477750 0.549138 0.477935 0.548253 0.477241
1 0.514620 0.520458 0.517268 0.522134 0.520266 0.522755 0.523404 0.522736 0.525724 0.523699 0.527729 0.524500 0.526125 0.526546 0.523336 0.527352 0.520792 0.527352 0.516781 0.525556 0.514516 0.523944 0.513721 0.523069
1 0.579573 0.460560 0.580057 0.463287 0.578523 0.464648 0.576362 0.465269 0.575755 0.463713 0.577688 0.462792
1 0.573133 0.424852 0.571266 0.423782 0.568281 0.423676 0.564846 0.423944 0.562315 0.425227 0.560781 0.427370 0.559758 0.429032 0.559156 0.429037 0.558070 0.431931 0.554695 0.433324 0.554786 0.435088 0.557227 0.434125 0.558672 0.434500 0.560029 0.434181 0.560570 0.436750 0.561745 0.437597 0.561464 0.433222 0.560656 0.430569 0.562029 0.428060 0.564005 0.426412 0.567555 0.425477 0.570216 0.425407 0.573604 0.426699
1 0.488125 0.516898 0.491508 0.517380 0.495378 0.518185 0.500328 0.517009 0.504789 0.513537 0.506917 0.510500 0.508919 0.507042 0.510372 0.502741 0.511099 0.498435 0.511219 0.494921 0.511135 0.491847 0.509984 0.488745 0.508833 0.487074 0.503927 0.485106 0.499917 0.482931 0.495690 0.483912 0.491891 0.485833 0.488370 0.489306 0.486104 0.493889 0.484570 0.498972 0.483977 0.503769 0.484818 0.504801 0.485445 0.500787 0.486826 0.496065 0.488544 0.492546 0.490966 0.489727 0.493023 0.487917 0.496253 0.486019 0.499380 0.485370 0.501750 0.485005 0.503964 0.486111 0.505810 0.487130 0.508521 0.489306 0.509820 0.492269 0.510029 0.494907 0.509924 0.498523 0.508987 0.502551 0.507844 0.505972 0.505654 0.509213 0.503469 0.512130 0.500760 0.514537 0.496565 0.516204 0.493466 0.516019 0.490214 0.514907 0.487896 0.514537
2 0.563536 0.490722 0.563354 0.488208 0.558331 0.488065 0.553674 0.487620 0.553604 0.498838 0.562250 0.500093 0.563021 0.499019 0.563714 0.498963
2 0.561448 0.476880 0.560432 0.480537 0.562958 0.482019 0.569391 0.485074 0.570328 0.482528 0.564365 0.477713
2 0.523880 0.392097 0.523143 0.394139 0.523714 0.396616 0.530536 0.414556 0.540193 0.397449 0.538000 0.397477 0.531706 0.396185 0.527753 0.394750
2 0.524393 0.570644 0.530742 0.589815 0.532841 0.597194 0.526820 0.595370 0.521547 0.575954
2 0.543128 0.459736 0.541174 0.464736 0.539482 0.471449 0.542372 0.474412 0.542789 0.472560 0.544716 0.468903 0.545992 0.464921 0.545586 0.463699 0.544120 0.461926
9 0.543880 0.529259 0.543833 0.532000 0.544948 0.530093
2 0.581818 0.486606 0.571964 0.495551 0.574857 0.502676 0.576242 0.502889 0.583083 0.497745 0.584016 0.494745 0.584919 0.493407 0.584648 0.491051
1 0.528333 0.476111 0.530130 0.478843 0.531380 0.481435 0.532318 0.484074 0.532760 0.486481 0.532734 0.489537 0.532031 0.492870 0.530911 0.491620 0.531667 0.489537 0.531693 0.486991 0.531484 0.484398 0.530625 0.482083 0.530703 0.481245 0.530417 0.480181 0.529742 0.479208 0.528674 0.479579 0.528490 0.478333 0.528281 0.478009
9 0.530552 0.469181 0.529354 0.469319 0.528807 0.470569 0.528859 0.472931 0.530396 0.474782 0.530807 0.473699 0.532057 0.473144 0.532604 0.474069 0.533021 0.475412 0.533026 0.474505 0.536359 0.473856 0.537141 0.473162 0.536776 0.471218 0.533156 0.470199 0.532323 0.471032
1 0.466719 0.455106 0.467714 0.457731 0.469612 0.458319 0.472143 0.460412 0.475518 0.464481 0.476573 0.467694 0.477083 0.471551 0.476935 0.475463 0.476331 0.478944 0.474492 0.481088 0.475005 0.483764 0.476661 0.480606 0.477779 0.476856 0.478109 0.471926 0.477747 0.468125 0.476573 0.463838 0.475216 0.461375 0.473661 0.459148 0.471674 0.457537 0.469370 0.456125
1 0.480714 0.453472 0.479073 0.455509 0.477875 0.458611 0.476885 0.461435 0.476573 0.463838 0.478422 0.463009 0.479307 0.460139 0.480349 0.457963 0.481964 0.455370
1 0.481070 0.466060 0.480859 0.471954 0.481172 0.476574 0.481510 0.480278 0.482789 0.486204 0.483753 0.491611 0.484747 0.491398 0.482607 0.478704 0.482216 0.465741
1 0.506083 0.490440 0.506990 0.493722 0.509151 0.496884 0.508453 0.497940 0.508107 0.499894 0.507445 0.502037 0.507112 0.504662 0.507294 0.506750 0.507844 0.505972 0.508987 0.502551 0.509924 0.498523 0.510029 0.494907 0.507896 0.491681
1 0.504609 0.486528 0.504060 0.488764 0.505036 0.490255 0.506083 0.490440 0.507896 0.491681 0.510029 0.494907 0.509820 0.492269 0.508521 0.489306 0.505810 0.487130
2 0.535380 0.590102 0.530904 0.586519 0.530742 0.589815 0.535622 0.594551
1 0.508919 0.507042 0.507674 0.509171 0.508034 0.513296 0.509240 0.516991 0.510747 0.519727 0.512435 0.521546 0.513328 0.519282 0.512307 0.518588 0.510776 0.515718 0.509565 0.511773
1 0.510625 0.490370 0.512018 0.490903 0.513190 0.492616 0.511219 0.494921 0.511135 0.491847
9 0.474302 0.468773 0.473521 0.469560 0.473315 0.471366 0.473755 0.472940 0.474901 0.473264 0.475552 0.471875 0.475682 0.470486 0.475318 0.469329
9 0.573940 0.488491 0.574513 0.490667 0.575529 0.491454 0.576570 0.490389 0.576622 0.488583 0.576232 0.487194 0.575349 0.487032
10 0.537474 0.486944 0.534044 0.487639 0.534357 0.490046 0.532846 0.491852 0.532534 0.493333 0.532852 0.493745 0.534872 0.497898 0.536102 0.496204 0.536622 0.496852 0.539724 0.495463 0.540320 0.493565 0.540451 0.491852 0.554307 0.483981 0.553266 0.482130 0.540320 0.488981 0.538620 0.487500
9 0.535445 0.487352 0.534794 0.486380 0.534742 0.484713 0.535159 0.483509 0.536279 0.483139 0.536982 0.483648 0.537503 0.485130 0.537474 0.486944
9 0.542081 0.457296 0.540414 0.457528 0.538930 0.458037 0.538591 0.460722 0.539271 0.462731 0.540339 0.462824 0.540885 0.463843 0.541174 0.464736 0.543128 0.459736 0.542372 0.458282
2 0.540367 0.501083 0.542359 0.502931 0.544169 0.505843 0.542464 0.512356 0.542164 0.513630 0.540641 0.512449 0.539716 0.511778 0.538310 0.508120 0.539612 0.502102
9 0.550003 0.532375 0.549794 0.533995 0.549794 0.536403 0.549586 0.537097 0.550602 0.537375 0.551435 0.536403 0.551904 0.534644 0.551747 0.532889 0.551070 0.532375
9 0.548414 0.532514 0.547242 0.534278 0.547008 0.535435 0.547268 0.537421 0.548544 0.538444 0.549404 0.537519 0.549794 0.536403 0.549794 0.533995 0.549352 0.533069
9 0.538128 0.540528 0.537503 0.542514 0.537581 0.543769 0.538023 0.544829 0.539456 0.545106 0.540133 0.543769 0.540315 0.542148 0.539768 0.540616
9 0.514328 0.365292 0.513760 0.366278 0.513701 0.369065 0.514755 0.369708 0.516081 0.368315 0.516021 0.366116
9 0.533633 0.364106 0.533062 0.365218 0.532982 0.366977 0.533714 0.367764 0.535169 0.367995 0.535482 0.365870 0.535016 0.364106
9 0.537854 0.364250 0.537073 0.365449 0.536914 0.366935 0.537669 0.368185 0.538922 0.368324 0.539573 0.367398 0.539779 0.365588 0.539128 0.364292
2 0.558094 0.392019 0.557885 0.394435 0.560951 0.403236 0.561797 0.403949 0.563086 0.407542 0.564937 0.413231 0.567263 0.414889 0.563219 0.395116 0.562555 0.395611 0.562937 0.402926 0.561333 0.395991
7 0.569008 0.395042 0.564995 0.403921 0.567263 0.414889 0.567682 0.415213 0.570211 0.418426 0.571987 0.421370 0.573133 0.424852
2 0.535393 0.598148 0.518148 0.592486 0.518242 0.597644 0.517391 0.603134 0.520638 0.602801 0.525810 0.605208
9 0.549534 0.548861 0.548831 0.549597 0.548544 0.551542 0.548831 0.553116 0.549820 0.553625 0.550992 0.553301 0.551253 0.551032 0.550914 0.549644
1 0.490375 0.561606 0.490951 0.564565 0.496812 0.565005 0.495943 0.562648 0.493164 0.562440
9 0.538922 0.368324 0.539310 0.370134 0.540365 0.370727 0.541359 0.370509 0.541661 0.371583 0.543951 0.372972 0.544766 0.371315 0.544312 0.369708 0.544284 0.368315 0.543922 0.367190 0.542716 0.366977 0.541964 0.368208 0.542203 0.369278 0.541510 0.368583 0.540576 0.369009 0.539573 0.367398
9 0.544284 0.368315 0.544312 0.369708 0.544766 0.371315 0.545911 0.371620 0.546641 0.370139 0.546510 0.368519 0.545521 0.367315 0.544896 0.367593
9 0.551378 0.382167 0.551953 0.383056 0.551875 0.385556 0.551638 0.385602 0.550336 0.385648 0.550286 0.382546
9 0.546253 0.373755 0.546133 0.375366 0.548091 0.377185 0.548453 0.375204 0.547849 0.373542
9 0.555721 0.393907 0.556346 0.394926 0.556841 0.396315 0.556633 0.397565 0.555826 0.397889 0.553794 0.396315 0.553508 0.395296 0.554401 0.394972
2 0.542276 0.375829 0.544672 0.373745 0.546133 0.375366 0.548091 0.377185 0.550531 0.379514 0.549563 0.380801 0.550297 0.381523 0.550286 0.382546 0.550336 0.385648 0.549349 0.387222 0.548865 0.387681 0.548161 0.387171 0.548531 0.385616 0.548229 0.382671 0.547234 0.380315 0.544734 0.377421
1 0.492055 0.569394 0.492596 0.572444 0.496151 0.572551 0.497266 0.571639 0.500128 0.575176 0.503685 0.580319 0.504799 0.581926 0.506060 0.580782 0.503471 0.575477 0.501414 0.572940 0.498714 0.568319 0.497297 0.567944 0.495729 0.569713
9 0.490057 0.479838 0.489536 0.481412 0.489641 0.482894 0.490448 0.483912 0.491518 0.484051 0.492065 0.483218 0.492195 0.481412 0.491805 0.479977 0.491229 0.479468
1 0.493505 0.576495 0.495719 0.579551 0.498661 0.582426 0.500198 0.582375 0.501500 0.585940 0.500307 0.588231 0.498245 0.586958 0.496891 0.588907 0.496448 0.587056 0.497750 0.584829 0.496109 0.583208 0.494026 0.581037
9 0.543833 0.532000 0.543516 0.533704 0.543854 0.535231 0.545078 0.535972 0.546016 0.534722 0.546667 0.532917 0.546224 0.531389 0.544948 0.530093
1 0.497404 0.496750 0.496862 0.504463 0.496622 0.511963 0.497826 0.511801 0.498490 0.495412
9 0.571492 0.503120 0.571232 0.505019 0.571674 0.506824 0.572612 0.507333 0.573628 0.506639 0.574018 0.504694 0.573992 0.502935 0.572768 0.502102
9 0.569122 0.506500 0.568549 0.507657 0.568523 0.509648 0.569409 0.511037 0.570685 0.510759 0.571049 0.509694 0.570971 0.507704 0.570711 0.506454
9 0.586258 0.505528 0.586518 0.508537 0.585581 0.509648 0.584591 0.509417 0.583940 0.507889 0.583940 0.506361 0.584409 0.504833 0.585424 0.504833
9 0.577221 0.516778 0.576388 0.517935 0.576258 0.519694 0.576779 0.521083 0.577534 0.521639 0.578654 0.520667 0.579018 0.518954 0.578471 0.517102
9 0.582091 0.476620 0.580479 0.476574 0.580398 0.478565 0.581310 0.480972 0.582924 0.480093 0.582716 0.477639
9 0.545370 0.523912 0.546091 0.523435 0.546995 0.524347 0.547234 0.526009 0.547385 0.528417 0.547930 0.530616 0.547508 0.531792 0.546667 0.532917 0.546224 0.531389 0.544948 0.530046 0.543880 0.529259 0.543953 0.526699
9 0.553336 0.528505 0.552008 0.529616 0.552086 0.531190 0.552685 0.531977 0.554143 0.531236 0.554143 0.528968
5 0.525773 0.409884 0.529388 0.415440 0.525383 0.420912 0.518888 0.429074 0.509706 0.441227 0.501503 0.453287 0.489927 0.467185 0.485581 0.463801 0.486070 0.462671 0.494177 0.453991 0.506190 0.436366 0.515781 0.423981
5 0.514620 0.520458 0.515281 0.515375 0.514268 0.515185 0.513328 0.519282 0.512031 0.522722 0.510630 0.524380 0.509745 0.526787 0.507130 0.526620 0.503630 0.528611 0.499943 0.531347 0.497331 0.534917 0.495089 0.539565 0.494297 0.543713 0.493828 0.549273 0.494109 0.553088 0.494792 0.556574 0.496464 0.560481 0.500440 0.566060 0.504589 0.568907 0.508214 0.569838 0.511768 0.569403 0.515464 0.567546 0.518568 0.563829 0.521602 0.558375 0.522484 0.551676 0.522018 0.544792 0.520945 0.540644 0.520013 0.537819 0.518422 0.534727 0.516138 0.532181 0.514458 0.530602 0.512826 0.529773 0.513245 0.526620 0.513385 0.524046
8 0.505211 0.447782 0.506138 0.449884 0.507742 0.450111 0.511583 0.440806 0.515680 0.437056 0.519055 0.432852 0.531760 0.419269 0.532477 0.414694 0.522768 0.424139 0.518888 0.429074 0.509706 0.441227
5 0.437880 0.313204 0.435120 0.311907 0.433375 0.312139 0.433906 0.315741 0.436667 0.319491 0.437734 0.320231 0.438203 0.319213 0.439609 0.318704 0.441734 0.318468 0.444628 0.317125 0.448424 0.308824
5 0.547453 0.469227 0.543703 0.470755 0.542789 0.472560 0.542372 0.474412 0.539979 0.472005 0.537141 0.473162 0.536359 0.473856 0.533026 0.474505 0.533021 0.475412 0.534169 0.479023 0.539406 0.478023 0.541615 0.477222 0.543745 0.476634 0.548286 0.475153 0.548286 0.473671 0.549458 0.472838
5 0.523404 0.522736 0.525724 0.523699 0.527729 0.524500 0.529995 0.525741 0.532646 0.527292 0.535224 0.528903 0.538117 0.531134 0.539862 0.533116 0.543021 0.536500 0.543833 0.532000 0.543953 0.526699 0.545370 0.523912 0.546695 0.518662 0.546107 0.518301 0.543125 0.514398 0.540641 0.512449 0.538138 0.510681 0.535909 0.509718 0.535049 0.512593 0.532328 0.517481 0.528529 0.520894 0.524276 0.522444
5 0.520781 0.482870 0.522826 0.484486 0.523687 0.484255 0.525484 0.485968 0.526323 0.486403 0.527339 0.484366 0.528536 0.484412 0.529057 0.485847 0.528979 0.488023 0.530068 0.488421 0.531484 0.484398 0.530625 0.482083 0.530523 0.482958 0.529326 0.483282 0.528464 0.482495 0.527083 0.482315 0.526042 0.481435 0.524583 0.481755 0.523857 0.480921 0.523672 0.479023 0.523141 0.478606
5 0.497109 0.500856 0.494971 0.501981 0.492560 0.504231 0.490721 0.507019 0.489245 0.510662 0.487896 0.514537 0.490214 0.514907 0.493466 0.516019 0.496565 0.516204 0.500760 0.514537 0.503469 0.512130 0.505654 0.509213 0.507294 0.506750 0.507112 0.504662 0.507445 0.502037 0.508107 0.499894 0.505969 0.498500 0.503107 0.498500 0.498333 0.500278 0.497826 0.511801 0.496622 0.511963 0.496862 0.504463
5 0.488125 0.516898 0.488328 0.519644 0.488901 0.522833 0.489534 0.525347 0.490859 0.525556 0.493526 0.525972 0.497120 0.529458 0.498846 0.532694 0.499943 0.531347 0.503630 0.528611 0.507130 0.526620 0.509745 0.526787 0.510630 0.524380 0.512031 0.522722 0.512435 0.521546 0.510747 0.519727 0.509240 0.516991 0.508034 0.513296 0.507674 0.509171 0.506917 0.510500 0.504789 0.513537 0.500328 0.517009 0.495378 0.518185 0.491508 0.517380
5 0.486945 0.524977 0.485909 0.526671 0.484049 0.528606 0.490375 0.561606 0.492078 0.560241 0.493339 0.558083 0.494414 0.555097 0.494109 0.553088 0.493828 0.549273 0.494297 0.543713 0.495089 0.539565 0.497331 0.534917 0.498846 0.532694 0.497120 0.529458 0.493526 0.525972 0.490859 0.525556
5 0.514516 0.491023 0.511122 0.488296 0.510286 0.487546 0.508833 0.487074 0.509984 0.488745 0.510625 0.490370 0.512018 0.490903 0.513190 0.492616
5 0.554307 0.483981 0.540451 0.491852 0.540320 0.493565 0.539724 0.495463 0.536622 0.496852 0.537943 0.499306 0.538151 0.502269 0.538984 0.504861 0.539612 0.502102 0.540367 0.501083 0.542359 0.502931 0.542638 0.499648 0.543497 0.497440 0.546120 0.498657 0.546820 0.498569 0.546531 0.497366 0.546690 0.496208 0.547286 0.495514 0.548122 0.495514 0.548719 0.496301 0.549083 0.497551 0.548953 0.498431 0.549865 0.498370 0.553604 0.498838 0.553674 0.487620 0.558331 0.488065 0.556380 0.486606 0.554497 0.484500
5 0.535286 0.497361 0.534872 0.497898 0.536130 0.503106 0.536094 0.508870 0.535909 0.509718 0.538138 0.510681 0.539716 0.511778 0.538310 0.508120 0.538672 0.506528 0.537682 0.504491 0.537083 0.500509
5 0.545992 0.464921 0.544716 0.468903 0.543703 0.470755 0.547453 0.469227 0.547039 0.468435
5 0.541240 0.457394 0.540414 0.457528 0.538930 0.458037 0.538591 0.460722 0.539271 0.462731 0.538411 0.463843 0.538229 0.465278 0.538727 0.466819 0.538466 0.469088 0.539482 0.471449 0.539979 0.472005 0.537141 0.473162 0.536776 0.471218 0.533156 0.470199 0.532323 0.471032 0.530552 0.469181 0.529354 0.469319 0.528807 0.470569 0.528859 0.472931 0.530396 0.474782 0.530260 0.475412 0.530651 0.477681 0.531328 0.478097 0.532320 0.477681 0.531771 0.478977 0.531799 0.480782 0.532526 0.481940 0.533724 0.481894 0.534169 0.480736 0.534169 0.479023 0.539406 0.478023 0.541615 0.477222 0.541667 0.478287 0.540729 0.479676 0.540599 0.481435 0.541146 0.483056 0.542370 0.483287 0.543068 0.482838 0.543458 0.484273 0.544708 0.485060 0.545646 0.484505 0.546089 0.482606 0.545964 0.480648 0.545047 0.479458 0.543979 0.479921 0.544135 0.477977 0.543745 0.476634 0.548286 0.475153 0.548227 0.476222 0.547628 0.476546 0.547289 0.478352 0.547471 0.479741 0.548357 0.480389 0.549451 0.480528 0.549581 0.482287 0.551586 0.482704 0.551924 0.480667 0.552544 0.480597 0.553266 0.482130 0.540320 0.488981 0.538620 0.487500 0.537474 0.486944 0.537503 0.485130 0.536982 0.483648 0.536279 0.483139 0.535159 0.483509 0.534742 0.484713 0.534794 0.486380 0.535445 0.487352 0.534044 0.487639 0.534357 0.490046 0.532846 0.491852 0.532534 0.493333 0.532031 0.492870 0.532734 0.489537 0.532760 0.486481 0.532318 0.484074 0.531380 0.481435 0.530130 0.478843 0.528333 0.476111 0.527734 0.475000 0.526745 0.474537 0.525964 0.475880 0.525836 0.477727 0.524818 0.477079 0.523987 0.477727 0.523672 0.479023 0.523141 0.478606 0.526047 0.473310 0.531586 0.462319 0.534948 0.456343 0.537419 0.455347 0.537745 0.454074
5 0.528979 0.488023 0.528510 0.489505 0.529992 0.490583 0.530911 0.491620 0.531667 0.489537 0.531693 0.486991 0.531484 0.484398 0.530068 0.488421
5 0.520781 0.482870 0.519794 0.484426 0.514516 0.491023 0.518307 0.487917 0.520896 0.487736 0.524555 0.487736 0.526740 0.488440 0.526323 0.486403 0.525484 0.485968 0.523687 0.484255 0.522826 0.484486
5 0.498880 0.485556 0.503107 0.498500 0.505969 0.498500 0.508107 0.499894 0.508453 0.497940 0.509151 0.496884 0.506990 0.493722 0.506083 0.490440 0.505036 0.490255 0.504060 0.488764 0.504609 0.486528 0.503964 0.486111 0.501750 0.485005 0.499380 0.485370
5 0.496883 0.479769 0.499917 0.482931 0.497932 0.483421
5 0.578659 0.474190 0.578617 0.479704 0.577490 0.483653 0.575349 0.487032 0.576232 0.487194 0.576622 0.488583 0.576570 0.490389 0.575529 0.491454 0.574513 0.490667 0.574297 0.491435 0.573750 0.491991 0.572734 0.491111 0.572818 0.489653 0.570617 0.490940 0.568237 0.491426 0.565646 0.491315 0.563536 0.490722 0.563714 0.498963 0.564792 0.499019 0.565669 0.501019 0.565630 0.503167 0.566073 0.505537 0.565992 0.511343 0.564661 0.515648 0.564461 0.518370 0.561151 0.521097 0.555706 0.521597 0.549818 0.520810 0.546695 0.518662 0.545370 0.523912 0.546091 0.523435 0.546995 0.524347 0.547234 0.526009 0.547385 0.528417 0.547930 0.530616 0.547508 0.531792 0.546667 0.532917 0.546016 0.534722 0.545078 0.535972 0.543854 0.535231 0.543516 0.533704 0.543021 0.536500 0.539862 0.533116 0.537560 0.536773 0.535469 0.538819 0.532609 0.540181 0.528951 0.540866 0.527292 0.540787 0.532083 0.543750 0.531953 0.546759 0.530703 0.549167 0.523542 0.545185 0.522018 0.544792 0.522253 0.547116 0.526255 0.557926 0.529120 0.562051 0.528133 0.563875 0.535086 0.582458 0.535414 0.566528 0.539846 0.563542 0.540781 0.561218 0.541948 0.561718 0.569484 0.543130 0.569250 0.541806 0.567430 0.539315 0.567289 0.535829 0.568271 0.532759 0.570557 0.529111 0.572891 0.529356 0.574852 0.536824 0.574292 0.540227 0.574336 0.542884 0.578630 0.553255 0.581292 0.551264 0.582737 0.547778 0.584372 0.545204 0.586891 0.543380 0.587451 0.540806 0.588945 0.540310 0.591138 0.543463 0.592258 0.544125 0.591466 0.539648 0.589552 0.538731 0.588339 0.533921 0.589831 0.531514 0.586518 0.508537 0.585581 0.509648 0.584591 0.509417 0.583940 0.507889 0.583940 0.506361 0.584409 0.504833 0.585424 0.504833 0.586258 0.505528 0.584919 0.493407 0.584016 0.494745 0.583083 0.497745 0.576242 0.502889 0.574857 0.502676 0.571964 0.495551 0.581818 0.486606 0.584648 0.491051 0.583859 0.486130
5 0.479823 0.395792 0.479995 0.397426 0.481974 0.396731 0.481086 0.395380
5 0.487911 0.394046 0.487807 0.392796 0.486844 0.392667 0.484820 0.394157 0.483039 0.394639 0.483589 0.395481
5 0.489242 0.399565 0.488750 0.396009 0.488380 0.396269 0.487573 0.395481 0.484292 0.396546 0.488122 0.402435
5 0.480182 0.399259 0.480552 0.403431 0.486341 0.403236 0.482833 0.397935
5 0.467974 0.410745 0.469779 0.411856 0.473372 0.412500 0.476654 0.412222 0.480091 0.411208 0.483268 0.409259 0.485430 0.406995 0.486370 0.405218 0.480315 0.404681 0.476307 0.407625 0.472602 0.408162
5 0.467974 0.410745 0.467948 0.406810 0.469146 0.399819 0.467911 0.399611 0.467562 0.401037 0.466099 0.401718 0.464703 0.401005 0.457589 0.407380 0.457589 0.408611 0.456242 0.410213 0.456273 0.412356 0.455943 0.415407 0.456299 0.415236 0.457747 0.411755 0.458891 0.409398 0.459917 0.408222 0.460943 0.409037 0.461818 0.407319 0.463841 0.406157 0.464596 0.406157
5 0.472771 0.245245 0.473258 0.262426 0.475453 0.282148 0.479635 0.282273 0.474172 0.252833 0.477065 0.251921 0.482667 0.284194 0.483258 0.281185 0.485094 0.276384 0.487578 0.271588 0.491682 0.268324 0.494771 0.267745 0.495641 0.267931 0.487612 0.229847 0.487708 0.226343 0.485380 0.223319 0.483841 0.228347 0.481250 0.236894 0.479792 0.242940 0.477036 0.245819
5 0.489573 0.417412 0.489536 0.419083 0.483792 0.418477 0.468221 0.415819 0.467049 0.413963 0.465164 0.414639 0.465268 0.412644 0.464932 0.409866 0.467198 0.412463 0.471521 0.414310 0.476701 0.414403 0.480427 0.413296 0.484047 0.411028 0.486208 0.414361
5 0.456380 0.430500 0.456911 0.431699 0.467833 0.427384 0.472781 0.430125 0.477029 0.431782 0.486456 0.433028 0.487341 0.431616 0.487435 0.430208 0.489583 0.430620 0.489674 0.422241 0.483409 0.422366 0.465807 0.419630 0.464128 0.420625
5 0.495391 0.486537 0.498177 0.495741 0.498490 0.495412 0.498333 0.500278 0.503107 0.498500 0.498880 0.485556 0.496253 0.486019
5 0.492688 0.476213 0.494268 0.477417 0.495073 0.476671 0.496396 0.477662 0.496883 0.479769 0.497932 0.483421 0.495690 0.483912 0.495023 0.484171
5 0.471427 0.465671 0.472440 0.469329 0.474492 0.481088 0.476331 0.478944 0.476935 0.475463 0.477083 0.471551 0.476573 0.467694 0.475518 0.464481 0.474977 0.463880
5 0.492688 0.476213 0.495023 0.484171 0.491891 0.485833 0.488370 0.489306 0.486104 0.493889 0.484570 0.498972 0.483977 0.503769 0.481391 0.500491 0.477880 0.498148 0.475005 0.483764 0.476661 0.480606 0.477779 0.476856 0.478109 0.471926 0.477747 0.468125 0.476573 0.463838 0.478422 0.463009 0.481878 0.461583 0.483685 0.463486 0.488042 0.469579 0.491711 0.475676
5 0.495391 0.486537 0.498177 0.495741 0.497404 0.496750 0.497109 0.500856 0.494971 0.501981 0.492560 0.504231 0.490721 0.507019 0.489245 0.510662 0.487896 0.514537 0.487763 0.513116 0.486271 0.507810 0.484818 0.504801 0.485445 0.500787 0.486826 0.496065 0.488544 0.492546 0.490966 0.489727 0.493023 0.487917
5 0.494414 0.555097 0.493339 0.558083 0.492078 0.560241 0.490375 0.561606 0.493164 0.562440 0.495943 0.562648 0.495034 0.562153 0.494651 0.559551 0.494792 0.556574
5 0.490951 0.564565 0.492055 0.569394 0.495729 0.569713 0.497297 0.567944 0.498714 0.568319 0.501414 0.572940 0.498451 0.566306 0.496812 0.565005
5 0.503471 0.575477 0.506060 0.580782 0.508922 0.579282 0.512031 0.579815 0.511510 0.577685 0.512221 0.577213 0.507341 0.577588
5 0.492596 0.572444 0.493505 0.576495 0.495719 0.579551 0.498661 0.582426 0.500198 0.582375 0.501500 0.585940 0.501841 0.585236 0.503799 0.582769 0.504799 0.581926 0.503685 0.580319 0.500128 0.575176 0.497266 0.571639 0.496151 0.572551
5 0.494026 0.581037 0.495836 0.589014 0.495208 0.591306 0.498104 0.590875 0.499250 0.591769 0.500307 0.588231 0.498245 0.586958 0.496891 0.588907 0.496448 0.587056 0.497750 0.584829 0.496109 0.583208
5 0.521547 0.575954 0.526820 0.595370 0.524695 0.594398 0.523161 0.588759 0.521315 0.584856 0.518490 0.582005 0.518130 0.581769
5 0.503635 0.307069 0.500414 0.313875 0.500836 0.316032 0.502516 0.318106 0.497195 0.318769 0.503635 0.323093 0.503802 0.328843 0.506773 0.329787 0.500703 0.335894 0.504938 0.336759 0.508891 0.337472 0.512964 0.338838 0.513609 0.336403 0.513487 0.326792 0.513893 0.324352 0.513008 0.322412 0.509776 0.319398 0.504414 0.308431
5 0.476125 0.340676 0.480380 0.338880 0.482924 0.338694 0.488117 0.339560 0.489779 0.340384 0.488891 0.341875 0.486185 0.342375 0.480305 0.342208
5 0.448406 0.247148 0.450182 0.250306 0.450786 0.254648 0.450484 0.257755 0.449760 0.261398 0.448406 0.265144 0.446417 0.267986 0.444789 0.269269 0.444578 0.268361 0.440391 0.268574 0.440271 0.269912 0.439638 0.269861 0.441104 0.258255 0.441234 0.251181 0.441591 0.249005 0.444763 0.247083
5 0.501299 0.346505 0.499164 0.345579 0.498893 0.349019 0.498500 0.353417 0.497805 0.359093 0.499477 0.361366 0.502680 0.363542 0.506586 0.366042 0.509685 0.366644 0.512549 0.366458 0.513721 0.364977 0.511411 0.363620 0.507245 0.358944 0.503471 0.352741 0.501437 0.347556
5 0.498409 0.345273 0.496716 0.344625 0.494242 0.344301 0.492654 0.344718 0.491482 0.346273 0.490648 0.348079 0.490805 0.350347 0.492367 0.353218 0.495023 0.356597 0.496979 0.358750 0.497568 0.354421 0.498138 0.349097
5 0.501583 0.344144 0.501099 0.345056 0.501437 0.347556 0.503471 0.352741 0.507245 0.358944 0.511411 0.363620 0.514328 0.365292 0.518182 0.367144 0.520292 0.366444 0.522867 0.364875 0.523651 0.363204 0.523573 0.362093 0.522760 0.362644 0.516911 0.362000 0.511667 0.358699 0.506503 0.354542 0.502591 0.348519
5 0.520339 0.349306 0.517516 0.346222 0.514086 0.342352 0.511102 0.340056 0.507229 0.338694 0.504487 0.339051 0.502148 0.341204 0.501583 0.344144 0.502591 0.348519 0.506503 0.354542 0.511667 0.358699 0.516911 0.362000 0.522760 0.362644 0.524776 0.360926 0.525018 0.356477 0.523042 0.352532
5 0.482878 0.456958 0.480620 0.458606 0.480378 0.459829 0.483685 0.463486 0.488042 0.469579 0.491711 0.475676 0.494268 0.477417 0.495073 0.476671 0.496396 0.477662 0.496883 0.479769 0.499917 0.482931 0.503927 0.485106 0.510286 0.487546 0.508661 0.486074 0.507169 0.482773 0.505635 0.480838 0.503539 0.480120 0.498820 0.476250 0.496682 0.473236 0.493979 0.471514 0.493010 0.472088 0.491641 0.471801 0.487727 0.465491 0.485581 0.463801 0.486070 0.462671 0.486362 0.462236
5 0.550833 0.426250 0.549177 0.425579 0.547818 0.424093 0.545935 0.421921 0.544435 0.419319 0.544539 0.425208 0.544146 0.433384 0.545404 0.431528 0.547914 0.428736 0.550354 0.427370 0.550870 0.427264
5 0.540565 0.439153 0.538961 0.448708 0.537745 0.454074 0.541240 0.457394 0.542081 0.457296 0.541286 0.454375 0.540534 0.449769 0.540534 0.445375 0.541076 0.441306 0.541648 0.439431
5 0.542214 0.411019 0.544680 0.411014 0.543844 0.415912 0.544435 0.419319 0.545935 0.421921 0.547818 0.424093 0.549177 0.425579 0.550833 0.426250 0.550839 0.424852 0.551047 0.420838 0.552010 0.417032 0.553458 0.413819 0.555568 0.411463 0.558852 0.410657 0.562169 0.411301 0.564937 0.413231 0.563086 0.407542 0.561797 0.403949 0.559008 0.401037 0.555974 0.398620 0.554057 0.397505 0.551477 0.396759 0.548828 0.397069 0.546352 0.397690 0.544365 0.399051 0.542240 0.402338 0.541646 0.407046
5 0.540193 0.397449 0.530536 0.414556 0.531060 0.416199 0.532477 0.414694 0.532060 0.417398 0.533802 0.416097 0.542214 0.411019 0.541646 0.407046 0.542240 0.402338 0.542737 0.401477
5 0.532380 0.378579 0.533792 0.381306 0.537745 0.385606 0.542060 0.389120 0.543440 0.389741 0.545909 0.389741 0.547839 0.388347 0.548531 0.385616 0.548229 0.382671 0.547234 0.380315 0.544734 0.377421 0.541029 0.375116 0.539583 0.379028 0.535516 0.378278
5 0.575227 0.435699 0.574896 0.437736 0.574354 0.440792 0.573359 0.443093 0.571341 0.445236 0.568909 0.446343 0.570060 0.450120 0.570583 0.452727 0.570372 0.455204 0.570193 0.456546 0.570552 0.456829 0.572878 0.459218 0.574414 0.458250 0.576401 0.455894 0.578271 0.452093
5 0.573604 0.426699 0.570216 0.425407 0.567555 0.425477 0.564005 0.426412 0.562029 0.428060 0.560656 0.430569 0.563122 0.433389 0.567026 0.441755 0.568909 0.446343 0.571341 0.445236 0.573359 0.443093 0.574354 0.440792 0.574896 0.437736 0.575227 0.435699 0.574323 0.428949
5 0.560656 0.430569 0.563122 0.433389 0.567026 0.441755 0.568909 0.446343 0.570060 0.450120 0.570583 0.452727 0.570372 0.455204 0.570193 0.456546 0.569651 0.453065 0.568596 0.449051 0.566878 0.446639 0.562086 0.437852 0.561745 0.437597 0.561464 0.433222
5 0.490880 0.434005 0.480245 0.438611 0.480529 0.439625 0.481643 0.442847
5 0.496695 0.425884 0.499404 0.422597 0.500232 0.425694 0.497880 0.427727 0.495922 0.430782 0.494688 0.433676 0.494146 0.437528 0.494628 0.442088 0.494807 0.442944 0.492789 0.444764 0.490859 0.448083 0.489987 0.452208 0.490016 0.455690 0.490560 0.457782 0.486362 0.462236 0.480284 0.452764 0.476172 0.447866 0.481643 0.442847 0.491076 0.434023
5 0.531586 0.462319 0.528180 0.466051 0.525706 0.466713 0.521924 0.466301 0.518471 0.466468 0.515026 0.461894 0.512674 0.464843 0.508698 0.467412 0.504479 0.468588 0.501375 0.468588 0.497641 0.467731 0.494747 0.465856 0.492909 0.463606 0.489927 0.467185 0.487727 0.465491 0.491641 0.471801 0.493010 0.472088 0.493979 0.471514 0.496682 0.473236 0.498820 0.476250 0.503539 0.480120 0.505635 0.480838 0.507169 0.482773 0.508661 0.486074 0.511122 0.488296 0.514516 0.491023 0.519794 0.484426 0.526047 0.473310
5 0.531760 0.419269 0.540844 0.434134 0.540565 0.439153 0.538961 0.448708 0.537419 0.455347 0.534948 0.456343 0.531586 0.462319 0.528180 0.466051 0.525706 0.466713 0.521924 0.466301 0.518471 0.466468 0.515026 0.461894 0.511862 0.457343 0.510677 0.454028 0.508516 0.448472 0.511583 0.440806 0.515680 0.437056 0.519055 0.432852
5 0.504781 0.438440 0.500232 0.425694 0.499404 0.422597 0.493466 0.402181 0.496174 0.400144 0.498982 0.397097 0.516586 0.386634 0.521232 0.387306 0.523714 0.396616 0.531060 0.416199 0.522768 0.424139 0.525383 0.420912 0.529388 0.415440 0.525773 0.409884 0.515781 0.423981 0.506190 0.436366
5 0.458948 0.294630 0.457500 0.293009 0.456068 0.292037 0.453698 0.291250 0.450651 0.292083 0.448620 0.295139 0.447630 0.297917 0.450130 0.298519 0.451927 0.300463 0.451797 0.303796 0.451484 0.310093 0.453359 0.310648 0.456016 0.310880 0.459089 0.310139 0.460911 0.309722 0.460938 0.307685 0.459635 0.306620 0.458880 0.305139 0.458724 0.302824 0.459401 0.300463 0.459260 0.298380 0.455641 0.299259 0.452828 0.300093 0.451500 0.297083
5 0.449536 0.247194 0.451021 0.251037 0.451359 0.254324 0.451359 0.257796 0.450891 0.260620 0.450083 0.263630 0.448911 0.266130 0.447635 0.267981 0.445266 0.271639 0.448339 0.270806 0.451411 0.268491 0.453547 0.265204 0.455109 0.262611 0.456125 0.258676 0.456229 0.255019 0.455448 0.251639 0.453964 0.249556 0.452010 0.247981
5 0.447313 0.374671 0.448875 0.375042 0.450411 0.376199 0.451948 0.378144 0.452495 0.379532 0.452487 0.380806 0.448844 0.377056
5 0.444792 0.375463 0.444654 0.378986 0.443161 0.384296 0.441346 0.388384 0.439492 0.391250 0.442258 0.398042 0.445000 0.396653 0.447622 0.394028 0.449581 0.391509 0.451089 0.388454 0.452503 0.385134 0.452828 0.382630 0.450419 0.380116 0.447737 0.377273 0.446276 0.374861
5 0.465206 0.351546 0.463307 0.351944 0.460964 0.353102 0.459427 0.354398 0.457682 0.356898 0.456354 0.361759 0.456406 0.365185 0.457656 0.370000 0.459531 0.373194 0.462927 0.377546 0.463172 0.372773 0.464042 0.368685 0.465716 0.365153 0.466260 0.364296 0.464935 0.362315 0.464242 0.359903 0.464003 0.357708 0.464242 0.354815
5 0.484542 0.365338 0.486146 0.368685 0.486927 0.370880 0.487760 0.369444 0.488307 0.367778 0.488255 0.366190
5 0.473042 0.344583 0.470388 0.344157 0.468612 0.345921 0.467526 0.348389 0.466594 0.350208 0.465206 0.351546 0.464242 0.354815 0.464003 0.357708 0.464242 0.359903 0.464935 0.362315 0.466260 0.364296 0.467669 0.362546 0.470841 0.360380 0.473805 0.359634 0.476070 0.360005 0.477622 0.360306 0.475461 0.358134 0.473474 0.354292 0.472323 0.351440 0.472044 0.348713 0.472148 0.346236
5 0.473229 0.344190 0.476888 0.345741 0.481456 0.346977 0.485815 0.347167 0.490312 0.346546 0.490242 0.350324 0.491497 0.354852 0.493693 0.359065 0.495367 0.361481 0.493240 0.363343 0.492055 0.363032 0.489648 0.365574 0.488255 0.366190 0.484542 0.365338 0.482414 0.362981 0.479766 0.361120 0.477622 0.360306 0.475461 0.358134 0.473474 0.354292 0.472323 0.351440 0.472044 0.348713 0.472148 0.346236
5 0.466367 0.386083 0.464112 0.382009 0.462927 0.377546 0.463172 0.372773 0.464042 0.368685 0.465716 0.365153 0.467669 0.362546 0.470841 0.360380 0.473805 0.359634 0.476070 0.360005 0.479766 0.361120 0.482414 0.362981 0.484542 0.365338 0.486146 0.368685 0.487505 0.372588 0.488271 0.375500 0.488193 0.378491 0.485273 0.380250 0.481029 0.382472 0.476654 0.383907 0.473424 0.384648 0.468659 0.385528
5 0.550870 0.427264 0.550839 0.424852 0.551047 0.420838 0.552010 0.417032 0.553458 0.413819 0.555568 0.411463 0.558852 0.410657 0.562169 0.411301 0.564937 0.413231 0.567682 0.415213 0.570211 0.418426 0.571987 0.421370 0.573133 0.424852 0.571266 0.423782 0.568281 0.423676 0.564846 0.423944 0.562315 0.425227 0.560781 0.427370 0.559758 0.429032 0.559156 0.429037 0.556768 0.427370 0.553490 0.427125
5 0.477880 0.498148 0.484049 0.528606 0.485909 0.526671 0.487641 0.523444 0.488328 0.519644 0.487763 0.513116 0.486271 0.507810 0.484818 0.504801 0.481391 0.500491
5 0.511219 0.494921 0.511099 0.498435 0.510372 0.502741 0.508919 0.507042 0.509565 0.511773 0.510776 0.515718 0.512307 0.518588 0.513328 0.519282 0.514268 0.515185 0.515281 0.515375 0.514620 0.520458 0.517268 0.522134 0.520266 0.522755 0.524276 0.522444 0.528529 0.520894 0.532328 0.517481 0.535049 0.512593 0.536094 0.508870 0.536130 0.503106 0.534872 0.497898 0.532852 0.493745 0.529992 0.490583 0.527518 0.488792 0.524555 0.487736 0.520896 0.487736 0.518307 0.487917 0.514516 0.491023
5 0.559156 0.429037 0.558070 0.431931 0.554695 0.433324 0.554786 0.435088 0.557227 0.434125 0.558672 0.434500 0.560029 0.434181 0.560570 0.436750 0.559555 0.435977 0.557529 0.437023 0.554422 0.437167 0.551234 0.439032 0.548128 0.442185 0.546073 0.447208 0.545102 0.452301 0.544982 0.457602 0.545586 0.463699 0.544120 0.461926 0.542372 0.458282 0.541286 0.454375 0.540534 0.449769 0.540534 0.445375 0.541076 0.441306 0.541648 0.439431 0.543276 0.437662 0.544060 0.435519 0.544146 0.433384 0.545404 0.431528 0.547914 0.428736 0.550354 0.427370 0.553490 0.427125 0.556768 0.427370
5 0.551708 0.475514 0.549177 0.472449 0.547039 0.468435 0.545586 0.463699 0.544982 0.457602 0.545102 0.452301 0.546073 0.447208 0.548128 0.442185 0.551234 0.439032 0.554422 0.437167 0.557529 0.437023 0.559555 0.435977 0.562086 0.437852 0.566878 0.446639 0.568596 0.449051 0.569651 0.453065 0.570193 0.456546 0.567445 0.454750 0.564219 0.453963 0.560992 0.454032 0.557927 0.455681 0.555706 0.458481 0.553690 0.461565 0.552359 0.466657 0.551672 0.470602
5 0.531760 0.419269 0.540844 0.434134 0.540565 0.439153 0.541648 0.439431 0.543276 0.437662 0.544060 0.435519 0.544146 0.433384 0.544539 0.425208 0.544435 0.419319 0.543844 0.415912 0.544680 0.411014 0.542797 0.410954 0.533802 0.416097 0.532060 0.417398
5 0.543497 0.497440 0.546120 0.498657 0.549865 0.498370 0.562250 0.500093 0.563021 0.499019 0.564792 0.499019 0.565669 0.501019 0.565630 0.503167 0.566073 0.505537 0.565992 0.511343 0.564661 0.515648 0.564461 0.518370 0.561151 0.521097 0.555706 0.521597 0.549818 0.520810 0.546107 0.518301 0.543125 0.514398 0.542464 0.512356 0.544169 0.505843 0.542359 0.502931 0.542638 0.499648
5 0.297013 0.203889 0.288721 0.187306 0.294810 0.183389 0.308674 0.177398 0.311911 0.175097 0.316057 0.171644 0.321370 0.171644 0.331484 0.192037 0.343005 0.212407 0.357388 0.241662 0.371185 0.271329 0.373984 0.280079 0.374555 0.283259 0.376224 0.285444 0.376458 0.288046 0.372870 0.284847 0.369734 0.282472 0.366146 0.278491 0.361979 0.280648 0.359266 0.284731 0.335143 0.254995 0.306938 0.217222
5 0.357547 0.158755 0.356435 0.154731 0.355596 0.153046 0.355523 0.149398 0.359219 0.149204 0.362883 0.148806 0.362883 0.147792 0.358784 0.143718 0.358755 0.142060 0.361227 0.140282 0.364388 0.132481 0.363685 0.130005 0.362427 0.128514 0.362516 0.125519 0.365508 0.125852 0.372786 0.132907 0.378664 0.138218 0.384917 0.144190 0.389536 0.148009 0.395753 0.153481 0.403409 0.161954 0.415229 0.173750 0.423760 0.180292 0.433701 0.189894 0.442901 0.199713 0.447419 0.204171 0.447044 0.206278 0.448794 0.213167 0.449609 0.219051 0.456609 0.225056 0.455227 0.227278 0.454115 0.228287 0.453177 0.229907 0.451172 0.228051 0.449734 0.227046 0.447943 0.231296 0.446706 0.239412 0.439331 0.231185 0.439766 0.240181 0.440266 0.249509 0.434219 0.242505 0.424984 0.232806 0.411701 0.218213 0.396148 0.201894 0.379083 0.182597 0.362451 0.164551
5 0.384917 0.144190 0.377315 0.135782 0.371388 0.129644 0.368401 0.126907 0.368401 0.125662 0.370081 0.123171 0.374234 0.120435 0.375401 0.119190 0.376521 0.112801 0.377409 0.110560 0.381047 0.102597 0.383055 0.102264 0.383570 0.102500 0.384411 0.103250 0.410234 0.129417 0.441930 0.159255 0.468906 0.185454 0.466456 0.189551 0.466456 0.189551 0.465057 0.192620 0.463003 0.198014 0.461883 0.200171 0.461229 0.200088 0.460622 0.199009 0.459596 0.200333 0.460016 0.202412 0.458661 0.206560 0.456328 0.208051 0.456281 0.209546 0.454010 0.212546 0.447419 0.204171 0.442901 0.199713 0.433701 0.189894 0.423760 0.180292 0.415229 0.173750 0.403409 0.161954 0.395753 0.153481 0.389536 0.148009
5 0.464870 0.234852 0.462633 0.232213 0.459487 0.232356 0.457607 0.233384 0.456609 0.233602 0.453638 0.235727 0.452146 0.237019 0.450979 0.238903 0.451461 0.240102 0.462190 0.251861 0.474815 0.265917 0.494823 0.288435 0.498818 0.293671 0.507609 0.302417 0.525440 0.323931 0.533424 0.333111 0.534596 0.334616 0.535724 0.338417 0.535951 0.339593 0.531870 0.341514 0.530984 0.342181 0.531474 0.344005 0.539958 0.353324 0.541630 0.352431 0.541044 0.350500 0.541044 0.345296 0.543135 0.343958 0.546984 0.349014 0.548823 0.347676 0.548992 0.343065 0.552003 0.347676 0.554094 0.347227 0.554010 0.342917 0.556518 0.331167 0.559279 0.325815 0.562307 0.327806 0.563315 0.327157 0.562786 0.326019 0.559375 0.322639 0.557318 0.320694 0.553078 0.316412 0.551865 0.314755 0.550130 0.314398 0.547383 0.311681 0.544583 0.314171 0.542344 0.311602 0.540198 0.310602 0.538469 0.311185 0.536695 0.311269 0.514576 0.287454 0.489557 0.260986
5 0.451461 0.240102 0.449839 0.242657 0.446706 0.239412 0.439331 0.231185 0.439766 0.240181 0.440266 0.249509 0.440211 0.252102 0.437727 0.253926 0.434974 0.255463 0.433948 0.257000 0.436797 0.259120 0.445964 0.269815 0.464237 0.290875 0.480622 0.308231 0.488049 0.313931 0.500633 0.331287 0.511859 0.346162 0.517961 0.354032 0.521133 0.351491 0.526328 0.345542 0.531870 0.341514 0.535951 0.339593 0.535724 0.338417 0.534596 0.334616 0.533424 0.333111 0.525440 0.323931 0.507609 0.302417 0.498818 0.293671 0.494823 0.288435 0.474815 0.265917 0.462190 0.251861
