0 0.499909 0.410218 0.498906 0.409773 0.492799 0.405310 0.490961 0.404269 0.488451 0.404269 0.485607 0.404713 0.482930 0.410069 0.480339 0.415569 0.479919 0.426130 0.479836 0.429694 0.480169 0.437130 0.481174 0.441148 0.480003 0.442931 0.479250 0.446796 0.478995 0.449111 0.478563 0.454167 0.478391 0.455157 0.477651 0.461546 0.477510 0.469130 0.478305 0.474412 0.481633 0.482736 0.482971 0.484968 0.484729 0.490620 0.487656 0.494037 0.489161 0.495676 0.491086 0.497014 0.495602 0.497458 0.495167 0.494917 0.494807 0.491958 0.494523 0.488356 0.492065 0.479630 0.491555 0.473963 0.492130 0.470884 0.494591 0.470366 0.497919 0.469977 0.499727 0.471394 0.502328 0.473579 0.504352 0.473324 0.504352 0.476148 0.503917 0.481801 0.501674 0.483602 0.500018 0.486306 0.497995 0.488356 0.496255 0.490157 0.497409 0.497102 0.497995 0.500449 0.498789 0.500315 0.499651 0.501472 0.499867 0.502500 0.499867 0.503657 0.499867 0.505963 0.501667 0.508940 0.502169 0.508685 0.502820 0.506884 0.503690 0.505472 0.504268 0.504449 0.505422 0.504579 0.505422 0.505606 0.505422 0.506634 0.504844 0.510231 0.510047 0.511005 0.513302 0.510352 0.515156 0.509259 0.515365 0.508009 0.515339 0.506204 0.516437 0.505486 0.518938 0.505486 0.521315 0.505486 0.521875 0.499273 0.523565 0.494824 0.524810 0.494278 0.527279 0.495005 0.530599 0.493593 0.533852 0.491019 0.536245 0.485620 0.536948 0.482097 0.538870 0.477338 0.540961 0.460685 0.541297 0.455630 0.541547 0.445222 0.542008 0.429412 0.541138 0.415301 0.537557 0.405829 0.536328 0.399958 0.533734 0.396981 0.529971 0.395199 0.528966 0.392968 0.527880 0.392968 0.526206 0.393412 0.512240 0.409773
10 0.440188 0.354014 0.439299 0.351792 0.437768 0.349856 0.436435 0.348634 0.437565 0.342111 0.438492 0.340819 0.440026 0.338167 0.441195 0.334727 0.441961 0.331500 0.442245 0.327338 0.443495 0.329060 0.444180 0.328056 0.444706 0.327051 0.445029 0.325833 0.446924 0.320528 0.447070 0.321856 0.447818 0.322435 0.448750 0.323514 0.448656 0.324181 0.441375 0.347907 0.440023 0.348074 0.439742 0.349153 0.439742 0.351644
10 0.433797 0.305019 0.436529 0.303537 0.441904 0.303648 0.443651 0.304315 0.444651 0.303870 0.446214 0.300319 0.448276 0.299319 0.450023 0.299319 0.451898 0.300764 0.453648 0.302537 0.455398 0.305870 0.456836 0.309426 0.457336 0.311426 0.458083 0.316093 0.458333 0.319532 0.457836 0.321421 0.457273 0.322421 0.456523 0.321199 0.456336 0.316199 0.456273 0.313204 0.455523 0.312315 0.454898 0.312648 0.454648 0.314204 0.454523 0.315315 0.454336 0.316093 0.453523 0.316421 0.452586 0.315870 0.452336 0.315870 0.451023 0.315315 0.450273 0.315315 0.449714 0.314093 0.448964 0.312759 0.448589 0.312759 0.447448 0.312708 0.447247 0.311991 0.446560 0.311991 0.447211 0.309162 0.446276 0.308417 0.441982 0.320861 0.440979 0.316347 0.438979 0.311162 0.436659 0.307611
10 0.424995 0.336083 0.426474 0.339315 0.428651 0.341537 0.431312 0.341968 0.433654 0.341968 0.435076 0.341602 0.437083 0.334884 0.441422 0.322190 0.440065 0.316870 0.438453 0.312352 0.436758 0.309412 0.433935 0.306903 0.430987 0.306051 0.430737 0.309935 0.429987 0.314491 0.429799 0.317602 0.429299 0.320935 0.428862 0.323819 0.427924 0.323708 0.426865 0.323375 0.426365 0.323375 0.425990 0.324264 0.425927 0.325708 0.425927 0.326708 0.426625 0.327032 0.426906 0.327454 0.426677 0.328120 0.426021 0.328773 0.425977 0.329199 0.426437 0.330019 0.426812 0.330773 0.427469 0.332764 0.427750 0.334171 0.427607 0.334750 0.426531 0.335083
10 0.424779 0.342171 0.426628 0.345917 0.428167 0.352222 0.428167 0.354630 0.427591 0.357338 0.429935 0.355259 0.431943 0.352880 0.434469 0.343431 0.432323 0.344176 0.429427 0.343509 0.426487 0.340856 0.424669 0.338426
10 0.427008 0.445667 0.427406 0.451713 0.417891 0.431986 0.419812 0.430648 0.420734 0.430648 0.422406 0.431986 0.424831 0.436449 0.426253 0.440167
10 0.418391 0.411167 0.418839 0.403898 0.419378 0.403898 0.420836 0.405338 0.421323 0.405051 0.421862 0.400056 0.423578 0.366264 0.422156 0.366412 0.421318 0.366708 0.420818 0.374144 0.420232 0.378454 0.419812 0.382620 0.419396 0.385593 0.419060 0.388417 0.418307 0.397639 0.418057 0.402394 0.417891 0.406412 0.417721 0.409532 0.417138 0.412505 0.417805 0.412954
10 0.385982 0.356009 0.405844 0.401949 0.409609 0.410574 0.412286 0.407301 0.414042 0.405815 0.414628 0.407153 0.414794 0.410130 0.413151 0.419583 0.413516 0.420463 0.415630 0.420389 0.416469 0.418903 0.417388 0.417713 0.420818 0.419199 0.420315 0.416375 0.419143 0.412356 0.418391 0.411167 0.417805 0.412954 0.417138 0.412505 0.417721 0.409532 0.417891 0.406412 0.418057 0.402394 0.418307 0.397639 0.419060 0.388417 0.419396 0.385593 0.419812 0.382620 0.420232 0.378454 0.420818 0.374144 0.421318 0.366708 0.422156 0.366412 0.423578 0.366264 0.424161 0.365222 0.423828 0.364625 0.422490 0.364329 0.422490 0.363139 0.421904 0.362694 0.421068 0.362694 0.420901 0.363435 0.420901 0.364181 0.420818 0.365074 0.420482 0.365222 0.419646 0.365222 0.419227 0.365074 0.418643 0.364477 0.417805 0.363435 0.417221 0.362991 0.415966 0.362694 0.415380 0.362097 0.415167 0.360389 0.413742 0.354287 0.411906 0.348792 0.407003 0.344713 0.406232 0.346417 0.403758 0.349153 0.401518 0.349981 0.398438 0.349981 0.395638 0.349403 0.392648 0.347495 0.389557 0.350435
10 0.394516 0.346537 0.397130 0.344875 0.400445 0.343880 0.403805 0.344042 0.405862 0.344463 0.404505 0.346250 0.402219 0.348157 0.399372 0.348574 0.396057 0.347579
2 0.463487 0.524583 0.462370 0.528380 0.464375 0.529352 0.465544 0.525574
2 0.414961 0.306125 0.426021 0.280134 0.427521 0.281801 0.428143 0.283356 0.423083 0.296907 0.416898 0.311458
13 0.385982 0.356009 0.382484 0.345903 0.362872 0.298875 0.363552 0.295542 0.368307 0.284546 0.367995 0.282880 0.368432 0.282102 0.369427 0.282880 0.376312 0.274491 0.375880 0.273824 0.376206 0.272671 0.376742 0.272384 0.377768 0.273347 0.379547 0.270662 0.385221 0.267394 0.387865 0.266241 0.391107 0.265852 0.391214 0.264417 0.391643 0.264130 0.393862 0.264509 0.394292 0.263653 0.394667 0.264028 0.394943 0.265083 0.398135 0.265630 0.399815 0.266130 0.401685 0.268116 0.402435 0.266130 0.402990 0.265796 0.403552 0.266296 0.403552 0.267375 0.402852 0.268704 0.406164 0.272181 0.407844 0.276505 0.409539 0.282301 0.410669 0.281514 0.411357 0.281301 0.411880 0.281514 0.411919 0.282301 0.411557 0.282588 0.409781 0.283667 0.410263 0.284954 0.413169 0.286532 0.415430 0.289477 0.417203 0.293208 0.417766 0.296583 0.417443 0.299162 0.416880 0.300463 0.416435 0.301319 0.414961 0.306125 0.416898 0.311458 0.420435 0.324843 0.421690 0.331241 0.421602 0.341060 0.421190 0.348190 0.418180 0.355778 0.415167 0.360389 0.413742 0.354287 0.411906 0.348792 0.407003 0.344713 0.407542 0.343944 0.409161 0.343657 0.409268 0.342023 0.409378 0.340009 0.409539 0.338667 0.411320 0.338954 0.411862 0.338569 0.411862 0.337514 0.411536 0.337032 0.410349 0.336843 0.411862 0.330889 0.411268 0.329931 0.410349 0.330218 0.409917 0.329644 0.410081 0.323690 0.408880 0.317440 0.406542 0.312958 0.406029 0.314204 0.408130 0.318764 0.408880 0.323412 0.408784 0.328306 0.408180 0.333042 0.406823 0.337847 0.406029 0.339009 0.406310 0.340009 0.407154 0.341171 0.407211 0.342056 0.405862 0.344463 0.403805 0.344042 0.400445 0.343880 0.397130 0.344875 0.394516 0.346537 0.394656 0.345125 0.394237 0.343218 0.394052 0.342880 0.393820 0.341718 0.393680 0.340806 0.393398 0.340065 0.393258 0.339231 0.393117 0.338481 0.392654 0.337907 0.392372 0.337907 0.391622 0.338231 0.390133 0.340481 0.388734 0.335995 0.388221 0.331264 0.388312 0.322394 0.387286 0.322306 0.387141 0.327750 0.387190 0.333560 0.388404 0.339032 0.390034 0.343352 0.391813 0.346750 0.392648 0.347495 0.389557 0.350435
10 0.474047 0.564199 0.472956 0.567343 0.472456 0.572560 0.472831 0.577338 0.473518 0.580671 0.474828 0.583560 0.476453 0.583894 0.479016 0.584449 0.482763 0.582782 0.483951 0.581449 0.484638 0.577449 0.480016 0.570676 0.480828 0.570120 0.482013 0.572338 0.483951 0.574671 0.485013 0.573671 0.486326 0.572009 0.486701 0.570120 0.486701 0.568565 0.486576 0.566898 0.486701 0.565565 0.486513 0.564676 0.485451 0.564454 0.484951 0.562898 0.488701 0.564676 0.490885 0.560454 0.488451 0.557458 0.486513 0.556569 0.485638 0.556458 0.485013 0.556458 0.484201 0.556458 0.483326 0.555903 0.482888 0.555014 0.481516 0.555125 0.480266 0.555125 0.479016 0.554903 0.478203 0.554569 0.476122 0.554245 0.475685 0.556023 0.474997 0.557579 0.474872 0.559356 0.474872 0.562579
10 0.462794 0.418583 0.464432 0.424940 0.468523 0.430431 0.469542 0.430991 0.469977 0.432148 0.472146 0.433560 0.474820 0.434333 0.477711 0.432921 0.479880 0.431764 0.479836 0.429694 0.479836 0.429694 0.479919 0.426130 0.480339 0.415569 0.482930 0.410069 0.484284 0.407259 0.484187 0.397106 0.489318 0.394699 0.488638 0.385921 0.478187 0.387986 0.470521 0.390083 0.468786 0.390301 0.467294 0.389940 0.464945 0.390060 0.462331 0.390556 0.460326 0.391301 0.457977 0.390801 0.456000 0.397972 0.456734 0.398481 0.457221 0.400500 0.461109 0.400500 0.461758 0.404819 0.461703 0.408852 0.461930 0.412245 0.462049 0.414106
2 0.568365 0.567801 0.570417 0.575102 0.566591 0.578088 0.566263 0.577259
2 0.571479 0.593690 0.572229 0.590690 0.572781 0.587625 0.573333 0.586491 0.573901 0.585218 0.575937 0.581204 0.577391 0.578458 0.577852 0.577472 0.577164 0.576472 0.576352 0.576472 0.574542 0.577694 0.572292 0.580028 0.569854 0.586468 0.568917 0.588912 0.568417 0.589690 0.567604 0.590245 0.567542 0.590912 0.567667 0.591912 0.568354 0.592690
2 0.464638 0.523528 0.465128 0.522667 0.465510 0.521676 0.465719 0.520995 0.469724 0.512657 0.469794 0.511606 0.469935 0.510861 0.470771 0.510551 0.471154 0.515259 0.471401 0.517273 0.470357 0.517338 0.469206 0.518389 0.467635 0.521306 0.466172 0.524644
10 0.475203 0.454269 0.470354 0.448347 0.469490 0.447384 0.469599 0.442875 0.469057 0.437977 0.468031 0.436634 0.466359 0.435384 0.464953 0.435287 0.463714 0.435481 0.461013 0.438556 0.459458 0.440606 0.458021 0.443384 0.454523 0.453380 0.452586 0.461486 0.452760 0.469722 0.453464 0.472532 0.453698 0.475185 0.455003 0.476847 0.456823 0.476014 0.458036 0.473940 0.458831 0.473278 0.460792 0.474273 0.461818 0.474273 0.462471 0.474023 0.475260 0.489125 0.478154 0.492861 0.478852 0.490787 0.479505 0.490787 0.480299 0.491282 0.480206 0.492361 0.479227 0.493773 0.485107 0.501569 0.485154 0.507463 0.485388 0.509870 0.485901 0.511361 0.487581 0.511361 0.491594 0.509620 0.494346 0.507380 0.496820 0.504227 0.495568 0.497403 0.491086 0.497014 0.489161 0.495676 0.487656 0.494037 0.484729 0.490620 0.482971 0.484968 0.481633 0.482736 0.478305 0.474412 0.477828 0.471708 0.476453 0.472704 0.474328 0.473704 0.472331 0.474148 0.469706 0.472486 0.467456 0.469375 0.466831 0.469486 0.466893 0.471375 0.468393 0.476593 0.468331 0.477704 0.467643 0.478370 0.467143 0.477481 0.465646 0.471819 0.464958 0.472486 0.464396 0.473037 0.463208 0.473704 0.462896 0.472704 0.462896 0.469931 0.463146 0.467486 0.463771 0.464042 0.465583 0.460153 0.468143 0.457046 0.472206 0.455157
2 0.471401 0.518329 0.471581 0.519431 0.468302 0.526583 0.466898 0.524759 0.468612 0.521676 0.470424 0.518699
1 0.477510 0.469130 0.475641 0.470819 0.473268 0.472486 0.470393 0.470819 0.468331 0.468708 0.465458 0.464931 0.466143 0.462153 0.467331 0.459597 0.471518 0.457380 0.475891 0.455713 0.478391 0.455157 0.478596 0.454231 0.476703 0.453713 0.475203 0.454269 0.472206 0.455157 0.468143 0.457046 0.465583 0.460153 0.463771 0.464042 0.463146 0.467486 0.462896 0.469931 0.462896 0.472704 0.463208 0.473704 0.464396 0.473037 0.464958 0.472486 0.465646 0.471819 0.467143 0.477481 0.467643 0.478370 0.468331 0.477704 0.468393 0.476593 0.466893 0.471375 0.466831 0.469486 0.467456 0.469375 0.469706 0.472486 0.472331 0.474148 0.474328 0.473704 0.476453 0.472704 0.477828 0.471708
2 0.541638 0.518116 0.540182 0.518468 0.539057 0.520245 0.540870 0.525134 0.542120 0.527912 0.541932 0.531463 0.544307 0.530130 0.548578 0.527495 0.546555 0.520685 0.545977 0.521069 0.545036 0.521583 0.544096 0.521583 0.542143 0.519657
2 0.545151 0.498787 0.548505 0.498194 0.551469 0.498324 0.552120 0.496778 0.553565 0.496523 0.554721 0.499222 0.555734 0.504875 0.556023 0.510019 0.556529 0.513356 0.556818 0.516185 0.556891 0.520042 0.556818 0.524542 0.556747 0.529167 0.554794 0.529681 0.554000 0.529681 0.553203 0.529681 0.551904 0.530324 0.550964 0.530194 0.550312 0.529037 0.549229 0.529037 0.548578 0.527495 0.546555 0.520685 0.545977 0.521069 0.545036 0.521583 0.544096 0.521583 0.542143 0.519657 0.541638 0.518116 0.539802 0.516648 0.542693 0.511509 0.544500 0.504440
9 0.535818 0.541394 0.535339 0.542083 0.534766 0.542500 0.533984 0.542500 0.533776 0.542176 0.533776 0.541620 0.533385 0.541065 0.532891 0.540880 0.532214 0.541065 0.532214 0.541620 0.532448 0.542269 0.532760 0.542546 0.533047 0.543102 0.533177 0.543472 0.533229 0.544213 0.535698 0.545296 0.537471 0.544634 0.537385 0.541551
1 0.519409 0.512208 0.519021 0.515139 0.518115 0.517741 0.517346 0.519227 0.516232 0.520528 0.515659 0.518662 0.516182 0.518588 0.517109 0.517227 0.517635 0.515648 0.518279 0.513931 0.518805 0.513069
1 0.505497 0.510347 0.506299 0.513699 0.507380 0.516486 0.509122 0.518278 0.510818 0.519093 0.511260 0.519306 0.511867 0.519306 0.512430 0.519162 0.513076 0.518949 0.513193 0.520782 0.511232 0.520727 0.509727 0.520356 0.508039 0.519444 0.507076 0.518315 0.506557 0.517838 0.506349 0.516727 0.506138 0.515176 0.505896 0.514741 0.505599 0.514625 0.504846 0.512801 0.504635 0.511944 0.504482 0.510769 0.504844 0.510231
2 0.510047 0.511005 0.509849 0.512995 0.509768 0.514287 0.510091 0.516366 0.510414 0.517731 0.510818 0.519093 0.511260 0.519306 0.511867 0.519306 0.512430 0.519162 0.513076 0.518949 0.514529 0.516509 0.514971 0.516653 0.515375 0.517944 0.515659 0.518662 0.516182 0.518588 0.517109 0.517227 0.517635 0.515648 0.518279 0.513931 0.518805 0.513069 0.519409 0.512208 0.519732 0.511347 0.520135 0.510486 0.520336 0.509412 0.520055 0.508190 0.519409 0.507259 0.518682 0.506472 0.517958 0.505898 0.516437 0.505486 0.515339 0.506204 0.515365 0.508009 0.515156 0.509259 0.513302 0.510352
2 0.500641 0.523532 0.500398 0.521523 0.500760 0.519657 0.501375 0.515347 0.501656 0.512625 0.502021 0.510759 0.502169 0.508685 0.502820 0.506884 0.503690 0.505472 0.504268 0.504449 0.505422 0.504579 0.505422 0.505606 0.505422 0.506634 0.504844 0.510231 0.504221 0.509287 0.503594 0.509222 0.503036 0.513005 0.503909 0.514245 0.504711 0.514495 0.505268 0.514616 0.505896 0.514741 0.506138 0.515176 0.506349 0.516727 0.506557 0.517838 0.507047 0.520065 0.507359 0.521801 0.507326 0.522426 0.506732 0.522426 0.506000 0.522176 0.505339 0.522176 0.504536 0.522176 0.503875 0.522546 0.503315 0.522801 0.502690 0.522921 0.502060 0.522921 0.501781 0.522921
2 0.494609 0.531375 0.495888 0.532519 0.496773 0.532435 0.497661 0.531856 0.497987 0.530444 0.498034 0.529532 0.499109 0.529032 0.497802 0.539819 0.497474 0.540653 0.496820 0.540731 0.496029 0.541065 0.495469 0.541648 0.495234 0.542477 0.495188 0.544384 0.494953 0.545463 0.494393 0.545880 0.494068 0.545630 0.493648 0.544384 0.493367 0.543306 0.492482 0.543306 0.491453 0.543306 0.490708 0.542806 0.490380 0.541648 0.489586 0.540236 0.489214 0.539407 0.488979 0.538245 0.489214 0.537417 0.489542 0.536500 0.489727 0.535755 0.490008 0.533847 0.490568 0.533185 0.491221 0.533019 0.491641 0.531856 0.491734 0.531440 0.492107 0.530361 0.492714 0.530731
1 0.468497 0.494597 0.468164 0.491616 0.468164 0.490120 0.468539 0.488958 0.468958 0.487880 0.469286 0.486472 0.469893 0.485639 0.470313 0.485144 0.470544 0.485144 0.470779 0.485477 0.471385 0.486801 0.471432 0.487963 0.471711 0.490037 0.471711 0.491116 0.471852 0.491866 0.471898 0.494102 0.472365 0.496097 0.473112 0.497255 0.474513 0.498255 0.475633 0.498005 0.478154 0.492861 0.478852 0.490787 0.479505 0.490787 0.480299 0.491282 0.480206 0.492361 0.479227 0.493773 0.476753 0.498917 0.477406 0.499829 0.479552 0.500407 0.481654 0.500407 0.484034 0.500079 0.485107 0.501569 0.485154 0.505222 0.483380 0.505472 0.481747 0.505556 0.481747 0.505968 0.484312 0.507796 0.485388 0.509870 0.485901 0.511361 0.487581 0.511361 0.491594 0.509620 0.494346 0.507380 0.496820 0.504227 0.497148 0.505968 0.496167 0.507875 0.494255 0.509620 0.492482 0.511111 0.492341 0.511944 0.494768 0.511694 0.495747 0.511278 0.496542 0.511278 0.497242 0.511944 0.497242 0.512690 0.493786 0.514102 0.490286 0.514019 0.488607 0.513185 0.485901 0.513185 0.483659 0.513023 0.481187 0.512523 0.478573 0.510532 0.476846 0.508375 0.476612 0.509537 0.475958 0.510616 0.475260 0.511194 0.474792 0.512106 0.474560 0.513769 0.474466 0.514847 0.473953 0.516588 0.472693 0.518995 0.472878 0.522231 0.474279 0.526958 0.475398 0.530032 0.476799 0.531440 0.477732 0.532602 0.479414 0.533264 0.481372 0.533681 0.483706 0.532685 0.486273 0.530444 0.488513 0.526546 0.490380 0.523889 0.491221 0.521731 0.491687 0.520074 0.492620 0.518912 0.493508 0.518495 0.493742 0.519491 0.493320 0.520157 0.492807 0.521236 0.492573 0.522727 0.491922 0.524306 0.489448 0.528204 0.486927 0.532106 0.483193 0.535343 0.479833 0.535588 0.477172 0.534264 0.476005 0.532519 0.473906 0.528454 0.472458 0.524639 0.471581 0.519431 0.471401 0.518329 0.471401 0.517273 0.471154 0.515259 0.470771 0.510551 0.470544 0.504144 0.470172 0.505389 0.469612 0.505884 0.468820 0.505060 0.469359 0.503620 0.470602 0.500551 0.470602 0.498917 0.470440 0.496806 0.470117 0.495079 0.469414 0.494694
9 0.465510 0.521676 0.465719 0.520995 0.465859 0.519694 0.465789 0.518514 0.465510 0.518019 0.465091 0.517958 0.464674 0.517958 0.464289 0.518144 0.463836 0.518144 0.463312 0.517352 0.462719 0.518597 0.462406 0.519630 0.462477 0.520310 0.462792 0.521181 0.463034 0.521736 0.463349 0.522356 0.463802 0.522917 0.464359 0.523102 0.465128 0.522667
2 0.462685 0.535926 0.463906 0.530843 0.465544 0.525574 0.466172 0.524644 0.467635 0.521306 0.469206 0.518389 0.470357 0.517338 0.471401 0.517273 0.471401 0.518329 0.470424 0.518699 0.468612 0.521676 0.466898 0.524759 0.466466 0.526491 0.468302 0.528602 0.468299 0.529292 0.467253 0.528926 0.466695 0.528926 0.466034 0.532648 0.465581 0.534009 0.465128 0.535806 0.464708 0.537356 0.464615 0.539574 0.463479 0.539958
1 0.466172 0.524644 0.464638 0.523528 0.462268 0.522722 0.460070 0.522907 0.458294 0.523468 0.458956 0.524954 0.460909 0.524213 0.463487 0.524583 0.465544 0.525574
1 0.466276 0.552037 0.466466 0.554042 0.468031 0.552986 0.469815 0.547995 0.471219 0.540407 0.470948 0.533880 0.469815 0.529560 0.468302 0.526583 0.466898 0.524759 0.466466 0.526491 0.468302 0.528602 0.469490 0.532921 0.469599 0.536569 0.469583 0.539861 0.469852 0.541208 0.469583 0.543509 0.467854 0.549847
2 0.466276 0.552037 0.467854 0.549847 0.469583 0.543509 0.469852 0.541208 0.469583 0.539861 0.468719 0.539574 0.468070 0.539574 0.467422 0.540245 0.466721 0.540440 0.465370 0.539287 0.464615 0.539574 0.463479 0.539958 0.465099 0.548792
2 0.453831 0.512667 0.454789 0.515148 0.455435 0.515074 0.456281 0.514931 0.457047 0.514718 0.457815 0.514718 0.458581 0.514861 0.458904 0.514861 0.459469 0.514144 0.460115 0.513426 0.460396 0.513213 0.460760 0.512495 0.461081 0.511634 0.461445 0.510630 0.462414 0.509481 0.467536 0.504606 0.467956 0.505060 0.469523 0.501222 0.469523 0.500069 0.469523 0.498148 0.469685 0.496231 0.469685 0.496231 0.467904 0.495463 0.468060 0.497148 0.467133 0.499875 0.466568 0.501162 0.465560 0.502815 0.464672 0.504032 0.463987 0.504250 0.463341 0.504319 0.462576 0.504319 0.462130 0.504319 0.461000 0.504819 0.460154 0.506042 0.458299 0.507046 0.457128 0.507546 0.456201 0.507477 0.455234 0.506616 0.455180 0.509977 0.455018 0.511319
10 0.455341 0.499898 0.456404 0.498940 0.458138 0.498727 0.459589 0.499014 0.460760 0.501093 0.461203 0.502884 0.461000 0.504819 0.460154 0.506042 0.458299 0.507046 0.457128 0.507546 0.456201 0.507477 0.455234 0.506616
1 0.457104 0.488130 0.460180 0.490852 0.463258 0.492389 0.466497 0.493542 0.468497 0.494597 0.469414 0.494694 0.470117 0.495079 0.470440 0.496806 0.470602 0.498917 0.470602 0.500551 0.469359 0.503620 0.468820 0.505060 0.466284 0.511972 0.464016 0.515528 0.463312 0.517352 0.462719 0.518597 0.462232 0.518597 0.461909 0.518213 0.461799 0.517352 0.463906 0.512356 0.465419 0.511301 0.467956 0.505060 0.469523 0.501222 0.469523 0.500069 0.469523 0.498148 0.469685 0.496231 0.469685 0.496231 0.467904 0.495463 0.464122 0.494597 0.461206 0.493542 0.458831 0.491815 0.456823 0.490620
1 0.427203 0.449088 0.427971 0.447477 0.428458 0.445801 0.428771 0.444750 0.430268 0.444032 0.431422 0.443880 0.432885 0.444875 0.433654 0.445801 0.434141 0.446546 0.434141 0.447602 0.433721 0.447787 0.433094 0.447292 0.432536 0.446606 0.432188 0.446361 0.431422 0.446111 0.431143 0.445926 0.429688 0.445287 0.429083 0.447009 0.428667 0.449153 0.428042 0.451074 0.427406 0.451713
2 0.457060 0.481894 0.462932 0.479005 0.462370 0.476894 0.461818 0.474273 0.460792 0.474273 0.458831 0.473278 0.458036 0.473940 0.456823 0.476014 0.455003 0.476847 0.456497 0.479750
2 0.469542 0.430991 0.469977 0.432148 0.472146 0.433560 0.474820 0.434333 0.477711 0.432921 0.479880 0.431764 0.480169 0.437130 0.476482 0.437162 0.472651 0.436648 0.469758 0.435620 0.467518 0.435361 0.465133 0.433819 0.462458 0.430991 0.460651 0.427009 0.460289 0.425722 0.459747 0.423745 0.458937 0.422394 0.458937 0.421815 0.458937 0.420764 0.460232 0.418653 0.462794 0.418583 0.464432 0.424940 0.468552 0.430463
10 0.454547 0.407222 0.453289 0.408218 0.453182 0.409083 0.452966 0.411769 0.453076 0.414361 0.453505 0.417241 0.455018 0.418491 0.456583 0.418778 0.462794 0.418583 0.462049 0.414106 0.459953 0.414106 0.458703 0.413319 0.456161 0.410236
10 0.461109 0.400500 0.461758 0.404819 0.461703 0.408852 0.461930 0.412245 0.460115 0.411815 0.458219 0.410162 0.456484 0.407583 0.455635 0.405718 0.455193 0.404139 0.455193 0.401704 0.456000 0.397972 0.456734 0.398481 0.457221 0.400500
2 0.456768 0.365694 0.448383 0.355542 0.444984 0.368134 0.449974 0.374301 0.453177 0.373736 0.454305 0.372875 0.456081 0.371370 0.458904 0.368718 0.457451 0.367569
1 0.474505 0.362315 0.474490 0.360505 0.473323 0.358495 0.471299 0.356954 0.469057 0.357338 0.465370 0.359653 0.462406 0.363250 0.459443 0.367491 0.458576 0.366463 0.456768 0.365694 0.457451 0.367569 0.458904 0.368718 0.456081 0.371370 0.454305 0.372875 0.453177 0.373736 0.449974 0.374301 0.449466 0.375074 0.449755 0.375972 0.450552 0.377000 0.451635 0.377130 0.452937 0.377130 0.454167 0.376875 0.455177 0.375972 0.460167 0.379699 0.457130 0.387926 0.455177 0.394866 0.454427 0.400556 0.454266 0.404713 0.454547 0.407222 0.456161 0.410236 0.458703 0.413319 0.459953 0.414106 0.462049 0.414106 0.461930 0.412245 0.460115 0.411815 0.458219 0.410162 0.456484 0.407583 0.455635 0.405718 0.455193 0.404139 0.455193 0.401704 0.456000 0.397972 0.457977 0.390801 0.460919 0.379829 0.465276 0.380620 0.466687 0.380333 0.467979 0.380116 0.467859 0.383773 0.467536 0.387505 0.467294 0.389940 0.468786 0.390301 0.470521 0.390083 0.470883 0.381694 0.470036 0.380333 0.471813 0.370509 0.474232 0.364986 0.476815 0.361829 0.478109 0.359352 0.476380 0.360218
1 0.474057 0.349370 0.475031 0.348505 0.476219 0.347644 0.477732 0.347352 0.479297 0.348315 0.480323 0.349755 0.484805 0.363194 0.484156 0.362523 0.481672 0.360023 0.478109 0.359352 0.476380 0.360218 0.474490 0.362329 0.474490 0.360505 0.475516 0.358968 0.476596 0.357819 0.475354 0.353208 0.474383 0.350523
10 0.465159 0.331977 0.466734 0.334056 0.467620 0.336352 0.468146 0.338431 0.467904 0.340370 0.467135 0.343884 0.466128 0.343810 0.462940 0.342375 0.461167 0.341588 0.459391 0.341227 0.458458 0.341602 0.459297 0.338037 0.459719 0.335213 0.460417 0.331815 0.461398 0.332477 0.463451 0.332972 0.464664 0.332644
10 0.451409 0.342931 0.452677 0.341907 0.454526 0.341042 0.455953 0.341042 0.457245 0.341519 0.458318 0.336208 0.457852 0.335296 0.457805 0.334468 0.457898 0.333639 0.457898 0.333222 0.456776 0.333222 0.455984 0.333222 0.455284 0.333222 0.455143 0.331977 0.455049 0.331231 0.454677 0.331481 0.454305 0.332144 0.453930 0.332727 0.452063 0.339944
9 0.447583 0.345171 0.448250 0.344699 0.448878 0.343458 0.449917 0.343509 0.449917 0.342764 0.450010 0.341190 0.450242 0.339116 0.451036 0.335213 0.450523 0.334718 0.448797 0.340194
2 0.440188 0.354014 0.439742 0.351644 0.439742 0.349153 0.440023 0.348074 0.441375 0.347907 0.448656 0.324181 0.448750 0.323514 0.447818 0.322435 0.447070 0.321856 0.446924 0.320528 0.447367 0.318014 0.447367 0.315792 0.447328 0.314144 0.447448 0.312708 0.448589 0.312759 0.448964 0.312759 0.449714 0.314093 0.450273 0.315315 0.451023 0.315315 0.452336 0.315870 0.452586 0.315870 0.453523 0.316421 0.454336 0.316093 0.454523 0.315315 0.454648 0.314204 0.454898 0.312648 0.455523 0.312315 0.456273 0.313204 0.456336 0.316199 0.456523 0.321199 0.457273 0.322421 0.458036 0.324759 0.458737 0.327167 0.459344 0.327083 0.459625 0.327995 0.460138 0.330069 0.460417 0.331815 0.459719 0.335213 0.459297 0.338037 0.458458 0.341602 0.457245 0.341519 0.458318 0.336208 0.457852 0.335296 0.457805 0.334468 0.457898 0.333639 0.457898 0.333222 0.456776 0.333222 0.455984 0.333222 0.455284 0.333222 0.455143 0.331977 0.455049 0.331231 0.454677 0.331481 0.454305 0.332144 0.453930 0.332727 0.452063 0.339944 0.451409 0.342931 0.451177 0.343926 0.450383 0.344343 0.449917 0.343509 0.449917 0.342764 0.450010 0.341190 0.450242 0.339116 0.451036 0.335213 0.450523 0.334718 0.448797 0.340194 0.447583 0.345171 0.445763 0.346083 0.442870 0.349319
1 0.456836 0.309426 0.459297 0.310736 0.462471 0.315218 0.465411 0.321523 0.466344 0.323931 0.466578 0.324676 0.466625 0.325921 0.466206 0.329324 0.465693 0.331481 0.464664 0.332644 0.463451 0.332972 0.461398 0.332477 0.460417 0.331815 0.460138 0.330069 0.461305 0.330319 0.462378 0.331148 0.463732 0.331148 0.465130 0.330319 0.465784 0.328079 0.465784 0.325426 0.463591 0.319866 0.460977 0.314556 0.458224 0.311898 0.457336 0.311426
1 0.444651 0.303870 0.442029 0.299454 0.439648 0.296218 0.438341 0.294394 0.437690 0.293148 0.437503 0.292153 0.437781 0.290824 0.439089 0.290741 0.441516 0.291491 0.444875 0.294144 0.447677 0.297380 0.448276 0.299319 0.450023 0.299319 0.447443 0.295222 0.444690 0.291986 0.441469 0.289495 0.438810 0.288667 0.437409 0.289167 0.436568 0.289829 0.436195 0.291241 0.436477 0.293648 0.438857 0.296963 0.443651 0.304315
10 0.488641 0.359444 0.485315 0.348139 0.488714 0.335801 0.490305 0.337727 0.494497 0.351736 0.500135 0.370630 0.499992 0.376644 0.499724 0.385190 0.499940 0.389995 0.500534 0.394597 0.499565 0.394403 0.498539 0.394403 0.497346 0.394019 0.497995 0.385190 0.497669 0.375884 0.496536 0.370218 0.494539 0.364458 0.492263 0.360644 0.491396 0.360255 0.490961 0.358236 0.490370 0.355745 0.489885 0.355644
1 0.441982 0.320861 0.440979 0.316347 0.438979 0.311162 0.436659 0.307611 0.433797 0.305019 0.431109 0.304384 0.430362 0.304574 0.428122 0.304657 0.424901 0.306731 0.422568 0.310134 0.421167 0.314199 0.420187 0.320421 0.420435 0.324843 0.421690 0.331241 0.423320 0.335931 0.424669 0.338426 0.426487 0.340856 0.429427 0.343509 0.432323 0.344176 0.434469 0.343431 0.435076 0.341602 0.433654 0.341968 0.431312 0.341968 0.428651 0.341537 0.426474 0.339315 0.424995 0.336083 0.423547 0.333917 0.422333 0.329773 0.421445 0.326542 0.421310 0.322389 0.421591 0.317745 0.423690 0.311769 0.426352 0.307870 0.428964 0.306218 0.430987 0.306051 0.433935 0.306903 0.436758 0.309412 0.438453 0.312352 0.440065 0.316870 0.441422 0.322190
17 0.431109 0.304384 0.430969 0.301894 0.430734 0.299819 0.430362 0.297745 0.429802 0.295421 0.429195 0.294593 0.428214 0.294426 0.427747 0.294676 0.427516 0.294926 0.426581 0.296417 0.424573 0.296750 0.423083 0.296907 0.416898 0.311458 0.420435 0.324843 0.420187 0.320421 0.421167 0.314199 0.422568 0.310134 0.424901 0.306731 0.428122 0.304657 0.430362 0.304574
17 0.430987 0.306051 0.430737 0.309935 0.429987 0.314491 0.429799 0.317602 0.429299 0.320935 0.428862 0.323819 0.427924 0.323708 0.426865 0.323375 0.426365 0.323375 0.425990 0.324264 0.425927 0.325708 0.425927 0.326708 0.426625 0.327032 0.426906 0.327454 0.426677 0.328120 0.426021 0.328773 0.425977 0.329199 0.426437 0.330019 0.426812 0.330773 0.427469 0.332764 0.427750 0.334171 0.427607 0.334750 0.426531 0.335083 0.424995 0.336083 0.423547 0.333917 0.422333 0.329773 0.421445 0.326542 0.421310 0.322389 0.421591 0.317745 0.423690 0.311769 0.426352 0.307870 0.428964 0.306218
2 0.488099 0.527208 0.486003 0.525273 0.484268 0.522907 0.483099 0.521185 0.481888 0.520898 0.481807 0.519894 0.482615 0.517671 0.483461 0.517671 0.483581 0.515949 0.483865 0.514662 0.484388 0.513009 0.485901 0.513185 0.487333 0.514806 0.488583 0.516236 0.491529 0.516741 0.493721 0.516102 0.496063 0.516171 0.497031 0.516889 0.499490 0.521264 0.499490 0.523056 0.498805 0.525708 0.498523 0.526139 0.497958 0.525352 0.497674 0.524060 0.497232 0.522625 0.496143 0.522056 0.495378 0.521194 0.494852 0.520403 0.494206 0.520403 0.493763 0.521051 0.493964 0.521838 0.494490 0.522056 0.494974 0.522556 0.495297 0.522986 0.495497 0.523199 0.495779 0.523991 0.495779 0.525426 0.495901 0.526426 0.496466 0.527505 0.495779 0.529009 0.494609 0.531375 0.492714 0.530731 0.491422 0.529972 0.489448 0.528204 0.491922 0.524306 0.492573 0.522727 0.492807 0.521236 0.493320 0.520157 0.493742 0.519491 0.493508 0.518495 0.492620 0.518912 0.491687 0.520074 0.491221 0.521731 0.490380 0.523889 0.488513 0.526546
17 0.415966 0.362694 0.418839 0.359644 0.421755 0.356088 0.422943 0.353880 0.423753 0.353306 0.424724 0.353208 0.425589 0.351866 0.425966 0.350810 0.426076 0.349944 0.425911 0.349944 0.425589 0.349944 0.425156 0.350523 0.424669 0.350810 0.424185 0.350523 0.424185 0.349370 0.424292 0.349273 0.424185 0.348023 0.424185 0.347162 0.424508 0.346009 0.424779 0.345051 0.424779 0.343704 0.424661 0.342546 0.424669 0.338426 0.423320 0.335931 0.421690 0.331241 0.421602 0.341060 0.421190 0.348190 0.418180 0.355778 0.415167 0.360389 0.415380 0.362097
2 0.437294 0.362843 0.440188 0.354014 0.439299 0.351792 0.437768 0.349856 0.436435 0.348634 0.437565 0.342111 0.438492 0.340819 0.440026 0.338167 0.441195 0.334727 0.441961 0.331500 0.442245 0.327338 0.443495 0.329060 0.444180 0.328056 0.444706 0.327051 0.445029 0.325833 0.446924 0.320528 0.447367 0.318014 0.447367 0.315792 0.447328 0.314144 0.447448 0.312708 0.447247 0.311991 0.446560 0.311991 0.441115 0.327912 0.441357 0.330352 0.440227 0.334870 0.438937 0.338241 0.437526 0.339028 0.433531 0.354088 0.434701 0.354963 0.435456 0.356449 0.435706 0.360019 0.435789 0.363435
5 0.413151 0.419583 0.409609 0.410574 0.412286 0.407301 0.414042 0.405815 0.414628 0.407153 0.414794 0.410130
2 0.476799 0.531440 0.476753 0.526463 0.475773 0.521153 0.474513 0.518662 0.473484 0.517500 0.473112 0.518250 0.473953 0.519162 0.475120 0.523310 0.475352 0.527458 0.475398 0.530032
1 0.500346 0.516917 0.498393 0.512935 0.495602 0.497458 0.495167 0.494917 0.494807 0.491958 0.494523 0.488356 0.492065 0.479630 0.491555 0.473963 0.491844 0.472093 0.493281 0.480972 0.495279 0.487644 0.496255 0.490157 0.497409 0.497102 0.497995 0.500449 0.500216 0.512074 0.500901 0.516519
1 0.497995 0.488356 0.498974 0.481944 0.502052 0.475898 0.504352 0.473324 0.504352 0.476148 0.502052 0.479065 0.500271 0.483384 0.500018 0.486306
10 0.470354 0.448347 0.475539 0.449403 0.478995 0.449111 0.478596 0.454231 0.476703 0.453713 0.475203 0.454269
2 0.536698 0.606884 0.535263 0.603481 0.533859 0.603097 0.530617 0.604347 0.532586 0.612083
1 0.556747 0.529167 0.557052 0.530796 0.558365 0.531352 0.559115 0.531907 0.558990 0.532685 0.558552 0.533019 0.558302 0.533796 0.558490 0.535130 0.558802 0.536019 0.559052 0.537241 0.559927 0.537352 0.560177 0.537907 0.560490 0.539019 0.560365 0.540574 0.560740 0.541574 0.561302 0.542241 0.561802 0.542685 0.562271 0.543917 0.562328 0.545051 0.562794 0.547014 0.564245 0.547634 0.566742 0.550315 0.568253 0.555069 0.568544 0.559403 0.568531 0.563023 0.568591 0.566074 0.568365 0.567801 0.566263 0.577259 0.566591 0.578088 0.570417 0.575102 0.571031 0.575870 0.571083 0.577505 0.571005 0.578338 0.570641 0.579079 0.569911 0.580931 0.569078 0.582736 0.567409 0.585356 0.567060 0.585356 0.566818 0.585542 0.566607 0.586102 0.566435 0.586722 0.566435 0.587463 0.566539 0.588519 0.567167 0.589199 0.566112 0.589667 0.564862 0.590444 0.564549 0.590444 0.563612 0.589444 0.562737 0.589111 0.561865 0.588889 0.560302 0.589333 0.559302 0.589667 0.555990 0.588556 0.553992 0.586556 0.552646 0.589051 0.551799 0.587444 0.551052 0.587361 0.550307 0.587282 0.550167 0.586037 0.549885 0.585370 0.549617 0.584449 0.549430 0.583338 0.548992 0.582560 0.548367 0.581671 0.548055 0.580782 0.547367 0.580338 0.546930 0.579671 0.546680 0.578782 0.546367 0.578005 0.545807 0.577227 0.545182 0.576671 0.544807 0.577005 0.544620 0.577560 0.544495 0.578782 0.544432 0.579449 0.544432 0.580560 0.544682 0.581005 0.545245 0.581782 0.545307 0.582338 0.545307 0.583005 0.545266 0.585125 0.543633 0.584792 0.543307 0.583560 0.543182 0.582671 0.542995 0.581560 0.542932 0.580894 0.542557 0.580227 0.542182 0.579671 0.541932 0.578782 0.541870 0.577894 0.541620 0.576449 0.541120 0.576005 0.540682 0.575671 0.540370 0.575338 0.540370 0.574560 0.540807 0.573338 0.540745 0.572231 0.540932 0.571676 0.541307 0.570787 0.541495 0.570120 0.541682 0.569009 0.541432 0.568120 0.540682 0.567898 0.539807 0.567898 0.539245 0.567898 0.538557 0.567898 0.538120 0.567787 0.537810 0.567454 0.537747 0.567231 0.537622 0.566120 0.538125 0.566060 0.540870 0.566120 0.541682 0.566120 0.541870 0.565898 0.541870 0.565343 0.541870 0.564454 0.541682 0.563231 0.542320 0.562259 0.541594 0.560829 0.541245 0.559787 0.540745 0.559009 0.540620 0.558565 0.540367 0.557426 0.540159 0.556310 0.539320 0.554014 0.539182 0.552528 0.538682 0.551347 0.537872 0.549569 0.537622 0.548681 0.537622 0.547792 0.537518 0.545963 0.537385 0.541551 0.537656 0.539194 0.537747 0.537685 0.538495 0.535352 0.539497 0.533361 0.539872 0.532421 0.540784 0.531681 0.541253 0.531440 0.541932 0.531463 0.543120 0.530796 0.543557 0.532796 0.543807 0.534019 0.544057 0.534352 0.544495 0.534130 0.544307 0.533241 0.544307 0.532574 0.544432 0.531796 0.544557 0.531241 0.544870 0.530574 0.545182 0.530463 0.545807 0.530574 0.546367 0.531796 0.546430 0.532463 0.546430 0.533019 0.546305 0.534241 0.546305 0.534463 0.546930 0.534463 0.547305 0.534463 0.547680 0.534352 0.547867 0.533796 0.548305 0.533463 0.548805 0.533130 0.549180 0.533019 0.549242 0.532685 0.549242 0.531685 0.549117 0.530907 0.549117 0.530463 0.549229 0.529037 0.550312 0.529037 0.550964 0.530194 0.551904 0.530324 0.553203 0.529681 0.554000 0.529681 0.554794 0.529681
1 0.392648 0.347495 0.395638 0.349403 0.398438 0.349981 0.401518 0.349981 0.403758 0.349153 0.406232 0.346417 0.407003 0.344713 0.407542 0.343944 0.409161 0.343657 0.409268 0.342023 0.409378 0.340009 0.409539 0.338667 0.411320 0.338954 0.411862 0.338569 0.411862 0.337514 0.411536 0.337032 0.410349 0.336843 0.411862 0.330889 0.411268 0.329931 0.410349 0.330218 0.409917 0.329644 0.410081 0.323690 0.408880 0.317440 0.406542 0.312958 0.406029 0.314204 0.408130 0.318764 0.408880 0.323412 0.408784 0.328306 0.408180 0.333042 0.406823 0.337847 0.406029 0.339009 0.406310 0.340009 0.407154 0.341171 0.407211 0.342056 0.405862 0.344463 0.404505 0.346250 0.402219 0.348157 0.399372 0.348574 0.396057 0.347579 0.394516 0.346537 0.394656 0.345125 0.394237 0.343218 0.394052 0.342880 0.393820 0.341718 0.393680 0.340806 0.393398 0.340065 0.393258 0.339231 0.393117 0.338481 0.392654 0.337907 0.392372 0.337907 0.391622 0.338231 0.390133 0.340481 0.388734 0.335995 0.388221 0.331264 0.388312 0.322394 0.387286 0.322306 0.387141 0.327750 0.387190 0.333560 0.388404 0.339032 0.390034 0.343352 0.391813 0.346750
10 0.492643 0.560843 0.490206 0.565731 0.507638 0.576727 0.508701 0.575282 0.509076 0.572065 0.497453 0.564398
2 0.469174 0.565199 0.470737 0.563199 0.471862 0.564532 0.472924 0.564644 0.474047 0.564199 0.474872 0.562579 0.474872 0.559356 0.474997 0.557579 0.475685 0.556023 0.476122 0.554245 0.476810 0.551569 0.477560 0.547583 0.477747 0.546014 0.478060 0.544028 0.478372 0.542907 0.478497 0.541806 0.478310 0.540694 0.477997 0.540463 0.477185 0.540028 0.477172 0.534264 0.476005 0.532519 0.475747 0.539796 0.474497 0.540028 0.473810 0.540361 0.473372 0.542139 0.472747 0.542574 0.472497 0.542574 0.471219 0.540407 0.469815 0.547995 0.468031 0.552986 0.466466 0.554042
10 0.483951 0.581449 0.485388 0.595444 0.484138 0.597222 0.482013 0.598889 0.479328 0.599444 0.477578 0.599000 0.475953 0.597111 0.475266 0.593889 0.474828 0.590778 0.474891 0.588333 0.475141 0.586227 0.474828 0.583560 0.476453 0.583894 0.479016 0.584449 0.482763 0.582782
2 0.562271 0.543917 0.563732 0.541736 0.573060 0.561023 0.571185 0.564361 0.571003 0.563236 0.570521 0.561736 0.570279 0.560667 0.569557 0.559810 0.569104 0.559542 0.568563 0.559435 0.568253 0.555069 0.566742 0.550315 0.564245 0.547634 0.562794 0.547014 0.562328 0.545051
2 0.487323 0.556870 0.487789 0.555046 0.488865 0.555296 0.492365 0.557866 0.490885 0.560454 0.488451 0.557458
2 0.493651 0.558338 0.496732 0.559088 0.497714 0.559005 0.499065 0.561329 0.500047 0.562324 0.501073 0.562569 0.502893 0.562074 0.503966 0.560083 0.504667 0.556347 0.504992 0.555185 0.507466 0.551870 0.508167 0.553611 0.508026 0.555023 0.506628 0.557509 0.506299 0.559088 0.506021 0.561245 0.505552 0.564727 0.497453 0.564398 0.492643 0.560843
10 0.502328 0.473579 0.499727 0.471394 0.497919 0.469977 0.494591 0.470366 0.492130 0.470884 0.491844 0.472093 0.493281 0.480972 0.495279 0.487644 0.496255 0.490157 0.497995 0.488356 0.498974 0.481944 0.502052 0.475898 0.504352 0.473324
1 0.532245 0.583880 0.532151 0.583051 0.532432 0.582218 0.533086 0.581806 0.533737 0.581806 0.534672 0.581806 0.535745 0.581806 0.537193 0.582301 0.537659 0.582718 0.537659 0.583463 0.536911 0.584708 0.536164 0.585620 0.535326 0.586366 0.534112 0.587944 0.533365 0.589769 0.532805 0.591014 0.532711 0.591347 0.533318 0.591843 0.533552 0.592426 0.533646 0.593421 0.533784 0.594583 0.534206 0.594912 0.535138 0.595079 0.535745 0.593255 0.536633 0.591514 0.537424 0.590514 0.537659 0.589602 0.537846 0.588606 0.538406 0.588111 0.539198 0.587361 0.539805 0.586699 0.540693 0.585870 0.541346 0.585620 0.543633 0.584792 0.545266 0.585125 0.546385 0.586699 0.546945 0.587778 0.547880 0.588606 0.548018 0.587116 0.548581 0.585870 0.549141 0.585370 0.549419 0.585370 0.549885 0.585370 0.550167 0.586037 0.550307 0.587282 0.551052 0.587361 0.551799 0.587444 0.552646 0.589051 0.552104 0.590014 0.551240 0.590681 0.551240 0.591347 0.551940 0.591676 0.552500 0.592009 0.553385 0.593338 0.553807 0.594745 0.553760 0.596157 0.553461 0.598106 0.550005 0.602810 0.548169 0.604056 0.547258 0.605991 0.544383 0.605097 0.542372 0.604287 0.541719 0.603625 0.540833 0.602296 0.540086 0.601301 0.538826 0.599477 0.537937 0.598731 0.537052 0.597819 0.535885 0.596741 0.534951 0.596903 0.534159 0.597153 0.533505 0.597981 0.532898 0.598898 0.532339 0.599560 0.531451 0.599894 0.529818 0.599644 0.528417 0.598977 0.527672 0.599394 0.527344 0.600139 0.526130 0.600639 0.525852 0.601551 0.525477 0.601718 0.525057 0.601718 0.524964 0.601301 0.524776 0.600306 0.524685 0.599560 0.522258 0.599977 0.520156 0.599977 0.518711 0.599977 0.515677 0.599810 0.513763 0.599810 0.512268 0.599810 0.510357 0.600306 0.509237 0.600056 0.508208 0.599477 0.507695 0.599144 0.507648 0.598231 0.507648 0.596741 0.507417 0.595162 0.506857 0.594000 0.506529 0.593005 0.506203 0.591676 0.506669 0.590597 0.507042 0.590352 0.507370 0.590764 0.507648 0.591264 0.507883 0.591759 0.508161 0.592509 0.508490 0.593171 0.508815 0.593171 0.508956 0.592009 0.509096 0.590931 0.509516 0.590185 0.510169 0.590352 0.510589 0.591181 0.510682 0.592009 0.510823 0.592343 0.511617 0.592343 0.512409 0.592009 0.512875 0.591593 0.513482 0.591181 0.513810 0.590931 0.514133 0.588852 0.514497 0.587847 0.515221 0.587417 0.515909 0.587634 0.516422 0.589273 0.516937 0.590597 0.520531 0.591097 0.523563 0.585620 0.524638 0.585125 0.525292 0.584458 0.526271 0.584292 0.526924 0.584292 0.527810 0.585042 0.528885 0.586449 0.529911 0.588856 0.530659 0.590102 0.531357 0.587361 0.531685 0.585787 0.533130 0.586037 0.533505 0.585620 0.533552 0.584375
9 0.570729 0.584120 0.570458 0.583523 0.570042 0.583153 0.569078 0.582736 0.569911 0.580931 0.570641 0.579079 0.571005 0.578338 0.571083 0.577505 0.571031 0.575870 0.572000 0.577523 0.572323 0.578523 0.573169 0.579171 0.572292 0.580028
2 0.576141 0.572278 0.575990 0.571421 0.575568 0.570833 0.575266 0.570190 0.575115 0.569227 0.574844 0.568528 0.574302 0.568102 0.573701 0.567833 0.572945 0.567134 0.572253 0.566602 0.571862 0.566384 0.571185 0.564361 0.571003 0.563236 0.570521 0.561736 0.570279 0.560667 0.569557 0.559810 0.569104 0.559542 0.568563 0.559435 0.568531 0.563023 0.568591 0.566074 0.568365 0.567801 0.568977 0.570065 0.571799 0.570065 0.573734 0.570782 0.575268 0.571639
9 0.577164 0.576472 0.576979 0.575556 0.576953 0.575093 0.576953 0.574444 0.576518 0.574009 0.575914 0.573722 0.574745 0.573435 0.574260 0.575009 0.574703 0.575727 0.575388 0.577162 0.576352 0.576472
9 0.577852 0.577472 0.578359 0.577361 0.578854 0.577685 0.579193 0.578241 0.579375 0.578843 0.579401 0.579120 0.579401 0.579676 0.579323 0.580139 0.578932 0.580880 0.578359 0.581574 0.577943 0.581667 0.577344 0.581204 0.577161 0.580648 0.577083 0.580278 0.576953 0.579259 0.577391 0.578458
9 0.578854 0.583287 0.578594 0.583009 0.578464 0.582824 0.577839 0.582593 0.577630 0.582593 0.577344 0.582593 0.577161 0.582176 0.576901 0.581667 0.576536 0.581389 0.575937 0.581204 0.573917 0.585245 0.577167 0.586968 0.578677 0.586778 0.579115 0.586111 0.579245 0.585694 0.579323 0.585185 0.579219 0.584352
9 0.580839 0.585093 0.581068 0.584491 0.581146 0.583935 0.581198 0.583380 0.581198 0.582639 0.581094 0.582083 0.580625 0.581157 0.580417 0.580972 0.580156 0.580833 0.579792 0.580787 0.579141 0.581204 0.578932 0.581713 0.578828 0.582130 0.578828 0.582824 0.578854 0.583287 0.579010 0.583889 0.579219 0.584352 0.579661 0.585000 0.579922 0.585231 0.580419 0.585463
9 0.568315 0.585667 0.567828 0.585356 0.567409 0.585356 0.567060 0.585356 0.566818 0.585542 0.566607 0.586102 0.566435 0.586722 0.566435 0.587463 0.566539 0.588519 0.567167 0.589199 0.567620 0.589139 0.568247 0.588273 0.568247 0.587773 0.568247 0.586907 0.568247 0.586352
9 0.568917 0.588912 0.568385 0.588829 0.568247 0.588273 0.568247 0.587773 0.568247 0.586907 0.568247 0.586352 0.568315 0.585667 0.568664 0.585356 0.568943 0.585236 0.569328 0.585236 0.569570 0.585421 0.569854 0.586468
1 0.568977 0.570065 0.571799 0.570065 0.573734 0.570782 0.575268 0.571639 0.576961 0.572861 0.578857 0.574153 0.579544 0.575440 0.579099 0.575727 0.578414 0.575727 0.577370 0.574968 0.576953 0.574444 0.576510 0.573995 0.575914 0.573722 0.574745 0.573435 0.573654 0.573435 0.572688 0.573435 0.573734 0.574296 0.574260 0.575009 0.574703 0.575727 0.575388 0.577162 0.574542 0.577694 0.573169 0.579171 0.572323 0.578523 0.572000 0.577523 0.571031 0.575870 0.570417 0.575102
9 0.586719 0.616912 0.586341 0.611519 0.584451 0.610190 0.583479 0.610481 0.582344 0.612208 0.583370 0.615472 0.583534 0.618926
1 0.581482 0.606620 0.586503 0.609884 0.586341 0.611519 0.581643 0.608255
2 0.516997 0.586556 0.516755 0.585194 0.516875 0.583977 0.517198 0.582542 0.517279 0.581394 0.517440 0.579889 0.517724 0.578523 0.517724 0.577306 0.517240 0.576231 0.516471 0.575370 0.515990 0.574653 0.514656 0.573722 0.514174 0.573722 0.513690 0.573935 0.513609 0.575009 0.513164 0.576014 0.513003 0.576731 0.512479 0.577449 0.511875 0.577523 0.511349 0.577954 0.510664 0.578884 0.509737 0.579815 0.508768 0.580389 0.508406 0.581181 0.508203 0.582181 0.508326 0.583259 0.508768 0.584333 0.509211 0.585694 0.509898 0.586843 0.510503 0.587417 0.511268 0.587417 0.511794 0.587417 0.512479 0.587921 0.512883 0.588852 0.513568 0.589208 0.514133 0.588852 0.514497 0.587847 0.515221 0.587417 0.515909 0.587634 0.516755 0.587778
5 0.524451 0.515259 0.525784 0.518051 0.527005 0.519292 0.528852 0.519227 0.530490 0.518981 0.531503 0.518981 0.532198 0.519042 0.533773 0.519644 0.534164 0.518486 0.534815 0.518208 0.535979 0.518083 0.535091 0.516176 0.533505 0.514514 0.530612 0.512440 0.528745 0.511528 0.527112 0.512106 0.525945 0.513269
5 0.528638 0.621681 0.531086 0.614611 0.531919 0.613269 0.532586 0.612083 0.536698 0.606884 0.540513 0.604769 0.544383 0.605097 0.547258 0.605991 0.549823 0.608106 0.550818 0.609551
5 0.547258 0.605991 0.548169 0.604056 0.550005 0.602810 0.553461 0.598106 0.554648 0.597722 0.556323 0.597144 0.557888 0.596856 0.558643 0.598778 0.559185 0.599546 0.560589 0.601273 0.559508 0.603194 0.554487 0.607611 0.550818 0.609551 0.549823 0.608106
8 0.573917 0.585245 0.577167 0.586968 0.578677 0.586778 0.583755 0.588602 0.583917 0.589944 0.583214 0.590329 0.573333 0.586491
8 0.431943 0.352880 0.434469 0.343431 0.435076 0.341602 0.437083 0.334884 0.441422 0.322190 0.441982 0.320861 0.446276 0.308417 0.447211 0.309162 0.446560 0.311991 0.441115 0.327912 0.437526 0.339028 0.433531 0.354088
5 0.429526 0.458051 0.432510 0.456116 0.430091 0.447583 0.429688 0.445287 0.429083 0.447009 0.428667 0.449153 0.428042 0.451074 0.427406 0.451713
5 0.436417 0.452116 0.437544 0.450606 0.438216 0.449157 0.436654 0.446491 0.435622 0.440014 0.433948 0.442097 0.431690 0.442991 0.430268 0.444032 0.431422 0.443880 0.432885 0.444875 0.433654 0.445801 0.434141 0.446546
5 0.450156 0.469352 0.452016 0.472199 0.453698 0.475185 0.455003 0.476847 0.456497 0.479750 0.457339 0.483403 0.457430 0.486056 0.457104 0.488130 0.456823 0.490620 0.456172 0.491944 0.454958 0.492861 0.453698 0.487713 0.450896 0.482074 0.447818 0.479333 0.445391 0.478755 0.443148 0.478755 0.441656 0.478755 0.439323 0.479750 0.435729 0.471370 0.436289 0.469630 0.437242 0.468463 0.438130 0.466745 0.440065 0.465380 0.441195 0.464736 0.442026 0.464708 0.446589 0.465931
5 0.537490 0.480921 0.539586 0.481051 0.542693 0.484903 0.544427 0.490815 0.544862 0.493514 0.545151 0.498787 0.544500 0.504440 0.542693 0.511509 0.539802 0.516648 0.537633 0.518190 0.535609 0.515106 0.532862 0.511509 0.530115 0.509968 0.527656 0.509579 0.525344 0.511764 0.523680 0.514333 0.522958 0.510866 0.521945 0.506880 0.521315 0.505486 0.521875 0.499273 0.523565 0.494824 0.524810 0.494278 0.527279 0.495005 0.530599 0.493593 0.533852 0.491019 0.536245 0.485620 0.536948 0.482097
1 0.565875 0.595579 0.571706 0.599708 0.571490 0.600764 0.565552 0.596926
1 0.552646 0.589051 0.559070 0.591931 0.558586 0.593370 0.552104 0.590014
9 0.529943 0.557546 0.530034 0.556657 0.530758 0.556282 0.533081 0.556000 0.533115 0.557176 0.533115 0.557921 0.531932 0.558375 0.530745 0.558417
2 0.540159 0.556310 0.539320 0.554014 0.539182 0.552528 0.538589 0.552157 0.537961 0.551662 0.537195 0.550546 0.536880 0.550481 0.536357 0.550606 0.536044 0.551042 0.535940 0.551597 0.535799 0.552838 0.535591 0.553644 0.535276 0.553954 0.534755 0.553954 0.533846 0.554079 0.533221 0.554759 0.533081 0.556000 0.533115 0.557176 0.533115 0.557921 0.532872 0.558602 0.532279 0.559037 0.531859 0.559282 0.531302 0.559097 0.530745 0.558417 0.529943 0.557546 0.529534 0.556829 0.529047 0.557694 0.528521 0.558296 0.528221 0.558426 0.527734 0.558227 0.527396 0.557630 0.526279 0.556847 0.526016 0.556847 0.525229 0.556713 0.524573 0.556884 0.525701 0.559824 0.526750 0.561329 0.528888 0.563120 0.533674 0.560833 0.534964 0.560213 0.535974 0.560213 0.536776 0.559968 0.537648 0.559903 0.538659 0.559407 0.539424 0.558852 0.540367 0.557426
9 0.529047 0.557694 0.529534 0.556829 0.529685 0.556028 0.529797 0.555227 0.529234 0.554162 0.528633 0.554162 0.528070 0.554162 0.527620 0.554694 0.527432 0.555495 0.527359 0.556426 0.527396 0.557630 0.527734 0.558227 0.528221 0.558426 0.528521 0.558296
9 0.583203 0.588380 0.582513 0.587199 0.582513 0.586579 0.582339 0.585713 0.581990 0.584968 0.581711 0.584718 0.581221 0.584718 0.580839 0.585093 0.580419 0.585463 0.580107 0.585773 0.580073 0.587324
9 0.515906 0.568731 0.515125 0.566880 0.514474 0.566139 0.513953 0.566231 0.513354 0.566694 0.512990 0.567111 0.512755 0.567806 0.512573 0.568500 0.512417 0.569380 0.512443 0.570491 0.512755 0.571509 0.513042 0.571926 0.513875 0.572157 0.514682 0.571972 0.515151 0.571787 0.515542 0.571278 0.515724 0.570583 0.515750 0.570213
9 0.526482 0.574481 0.526620 0.574171 0.526516 0.572560 0.526133 0.571755 0.525643 0.570824 0.525052 0.569769 0.524529 0.569213 0.523831 0.569583 0.522820 0.571009 0.522089 0.572000 0.521602 0.572685 0.521008 0.573056 0.520625 0.573491 0.520625 0.573986 0.521042 0.575162 0.521320 0.575968 0.521844 0.577023 0.522471 0.577269 0.522995 0.576463 0.523552 0.575287 0.524250 0.575037 0.525227 0.575162 0.525818 0.575412 0.526237 0.575412
9 0.529188 0.578685 0.528555 0.578148 0.528284 0.577616 0.528253 0.577347 0.528253 0.576810 0.528253 0.576167 0.528253 0.575523 0.528253 0.575042 0.528253 0.574560 0.528161 0.574079 0.528073 0.573597 0.528133 0.573167 0.528344 0.573009 0.528794 0.573009 0.529068 0.573167 0.529247 0.573810 0.529549 0.574134 0.529880 0.574347 0.530211 0.574773 0.530513 0.575204 0.530604 0.576060 0.530633 0.576648 0.530542 0.577560 0.530393 0.578204 0.529940 0.578523
9 0.525523 0.583296 0.525365 0.582259 0.525435 0.581269 0.525505 0.580338 0.525643 0.579657 0.525854 0.579222 0.526237 0.579037 0.527109 0.578972 0.527422 0.579282 0.527979 0.580338 0.527979 0.580894 0.527979 0.581579 0.527719 0.583213 0.526458 0.583546
1 0.517198 0.582542 0.525523 0.583296 0.526458 0.583546 0.527719 0.583213 0.532245 0.583880 0.533552 0.584375 0.533505 0.585620 0.533130 0.586037 0.527810 0.585042 0.526924 0.584292 0.526271 0.584292 0.525292 0.584458 0.524638 0.585125 0.516875 0.583977
1 0.532586 0.612083 0.530372 0.603329 0.529687 0.603329 0.528813 0.604440 0.526750 0.606218 0.527188 0.607329 0.528438 0.607218 0.530060 0.606218 0.530622 0.608995 0.531919 0.613269
2 0.523404 0.524199 0.524159 0.523875 0.527865 0.522593 0.530607 0.521412 0.532083 0.520181 0.532198 0.519042 0.533773 0.519644 0.533826 0.521125 0.534763 0.523856 0.533607 0.525042 0.529695 0.527769 0.528000 0.528843 0.525424 0.529769
1 0.487122 0.571722 0.488914 0.568213 0.490206 0.565731 0.492643 0.560843 0.493651 0.558338 0.496727 0.552597 0.497940 0.548199 0.498362 0.544963 0.498734 0.544051 0.498828 0.540981 0.498935 0.539940 0.498935 0.537931 0.499677 0.532366 0.500531 0.526046 0.500641 0.523532 0.500398 0.521523 0.500760 0.519657 0.500047 0.518806 0.499401 0.518731 0.498878 0.519019 0.499490 0.521264 0.499490 0.523056 0.498805 0.525708 0.499109 0.529032 0.497802 0.539819 0.497474 0.540653 0.496917 0.543694 0.496393 0.548287 0.495385 0.551801 0.493852 0.554741 0.492365 0.557866 0.490885 0.560454 0.488701 0.564676 0.486656 0.569574 0.486701 0.570120 0.486458 0.571227
16 0.430352 0.402394 0.430268 0.395704 0.431773 0.388713 0.435203 0.384106 0.440055 0.381727 0.443234 0.381727 0.440807 0.379644 0.438969 0.375481 0.437461 0.367602 0.437294 0.362843 0.435789 0.363435 0.435706 0.360019 0.435456 0.356449 0.434701 0.354963 0.431943 0.352880 0.429935 0.355259 0.427591 0.357338 0.425753 0.360611 0.423828 0.364625 0.424161 0.365222 0.423578 0.366264 0.421862 0.400056 0.421323 0.405051 0.420836 0.405338 0.419378 0.403898 0.418839 0.403898 0.418391 0.411167 0.419143 0.412356 0.420315 0.416375 0.420818 0.419199 0.423159 0.420389 0.424664 0.418903 0.424917 0.416968 0.425000 0.414588 0.424247 0.411912 0.423661 0.409384 0.423326 0.407153 0.423828 0.404329 0.425000 0.403884 0.426003 0.403435 0.428094 0.403139
2 0.521651 0.523722 0.521990 0.525324 0.524279 0.531000 0.525003 0.530838 0.525424 0.529769 0.523404 0.524199 0.524159 0.523875 0.527865 0.522593 0.530607 0.521412 0.532083 0.520181 0.532198 0.519042 0.531503 0.518981 0.530490 0.518981 0.528852 0.519227 0.527005 0.519292 0.525784 0.518051 0.524451 0.515259 0.523844 0.516009 0.522258 0.519491
2 0.525424 0.529769 0.528000 0.528843 0.529695 0.527769 0.533607 0.525042 0.534763 0.523856 0.538518 0.530014 0.539872 0.532421 0.539497 0.533361 0.532034 0.537880 0.531026 0.538167 0.529130 0.538667 0.528242 0.538884 0.527531 0.539653 0.523891 0.533264 0.523424 0.531606 0.524279 0.531000 0.525003 0.530838
1 0.532034 0.537880 0.534734 0.538500 0.537656 0.539194 0.537385 0.541551 0.535818 0.541394 0.533859 0.540375 0.530878 0.539894 0.529552 0.539944 0.528510 0.540653 0.527531 0.539653 0.528242 0.538884 0.529130 0.538667 0.531026 0.538167
1 0.526505 0.540403 0.524854 0.542255 0.523484 0.545981 0.523039 0.549569 0.522716 0.552579 0.523565 0.557315 0.525419 0.561185 0.528607 0.564630 0.530826 0.565991 0.534656 0.566634 0.536674 0.566278 0.538125 0.566060 0.541151 0.563981 0.542320 0.562259 0.541594 0.560829 0.539497 0.563120 0.536391 0.565130 0.533687 0.565417 0.531148 0.564843 0.528888 0.563120 0.526750 0.561329 0.525701 0.559824 0.524573 0.556884 0.523846 0.554088 0.523805 0.552796 0.524089 0.549065 0.524250 0.546630 0.525862 0.543403 0.527297 0.541398
2 0.507466 0.551870 0.508586 0.550968 0.509289 0.549144 0.510367 0.548282 0.511393 0.547898 0.513393 0.547704 0.514581 0.547898 0.515768 0.548569 0.516794 0.549338 0.517065 0.549435 0.517172 0.549912 0.517172 0.550583 0.517982 0.550968 0.519333 0.550199 0.519656 0.550394 0.519763 0.550968 0.519927 0.552505 0.519979 0.554426 0.519818 0.555963 0.518792 0.557495 0.514688 0.561912 0.513177 0.562681 0.511664 0.562681 0.511177 0.562491 0.510531 0.561819 0.509828 0.561722 0.509073 0.561051 0.508695 0.560759 0.507669 0.560185 0.507182 0.560185 0.506911 0.561051 0.506750 0.561912 0.506695 0.563644 0.506911 0.565083 0.506589 0.566042 0.506049 0.566713 0.505617 0.567287 0.505346 0.567769 0.504807 0.567866 0.504427 0.566810 0.504159 0.566329 0.503833 0.565944 0.503727 0.564699 0.505552 0.564727 0.506021 0.561245 0.506299 0.559088 0.506628 0.557509 0.508026 0.555023 0.508167 0.553611
9 0.509073 0.561051 0.509167 0.562222 0.508854 0.563704 0.508464 0.564769 0.508125 0.565139 0.507812 0.565139 0.506911 0.565083 0.506695 0.563644 0.506750 0.561912 0.506911 0.561051 0.507182 0.560185 0.507669 0.560185 0.508695 0.560759
9 0.509167 0.562222 0.509828 0.561722 0.510531 0.561819 0.511177 0.562491 0.511068 0.564213 0.510807 0.565694 0.510417 0.566204 0.509818 0.566435 0.509167 0.566204 0.508802 0.565880 0.508464 0.564769 0.508854 0.563704
2 0.499677 0.532366 0.500323 0.533583 0.500885 0.533801 0.501612 0.533944 0.502539 0.533009 0.502943 0.532579 0.503169 0.535347 0.503169 0.536065 0.503693 0.536782 0.504016 0.536926 0.504419 0.537856 0.504542 0.538505 0.504742 0.539509 0.504784 0.540796 0.504380 0.541588 0.503977 0.541801 0.503008 0.541444 0.502201 0.541444 0.501154 0.541444 0.500427 0.540940 0.499862 0.540514 0.499055 0.540296 0.498935 0.539940 0.498935 0.537931
2 0.496917 0.543694 0.495188 0.544384 0.494953 0.545463 0.494393 0.545880 0.493609 0.547208 0.493125 0.547639 0.492398 0.547856 0.491917 0.548069 0.491310 0.548356 0.490422 0.548431 0.490383 0.547569 0.490583 0.546491 0.490826 0.545486 0.491453 0.543306 0.490708 0.542806 0.489698 0.543051 0.489253 0.544269 0.488930 0.545204 0.488568 0.546565 0.488326 0.547856 0.488326 0.548644 0.488326 0.550940 0.488206 0.552301 0.488044 0.553449 0.487789 0.555046 0.488865 0.555296 0.492365 0.557866 0.493852 0.554741 0.495385 0.551801 0.496393 0.548287
2 0.513193 0.520782 0.514005 0.522463 0.514891 0.524829 0.515013 0.526838 0.515456 0.528125 0.516263 0.528125 0.516586 0.528056 0.516828 0.528843 0.517029 0.529921 0.517594 0.531069 0.517997 0.531495 0.518482 0.532356 0.519208 0.532931 0.519490 0.533435 0.522583 0.532435 0.521323 0.529449 0.520484 0.523722 0.520669 0.519741 0.519854 0.520597 0.518763 0.521102 0.517997 0.521528 0.517151 0.521815 0.516828 0.521602 0.516232 0.520528 0.515659 0.518662 0.515375 0.517944 0.514971 0.516653 0.514529 0.516509 0.513076 0.518949
2 0.502943 0.532579 0.503216 0.531273 0.508630 0.530778 0.509049 0.529366 0.514891 0.524829 0.515013 0.526838 0.515456 0.528125 0.516263 0.528125 0.516586 0.528056 0.516828 0.528843 0.517029 0.529921 0.517594 0.531069 0.517997 0.531495 0.518482 0.532356 0.519208 0.532931 0.519490 0.533435 0.522583 0.532435 0.525898 0.539324 0.526505 0.540403 0.524854 0.542255 0.515768 0.548569 0.514581 0.547898 0.513393 0.547704 0.511393 0.547898 0.510367 0.548282 0.509289 0.549144 0.508586 0.550968 0.507466 0.551870 0.504992 0.555185 0.504667 0.556347 0.503966 0.560083 0.502893 0.562074 0.501073 0.562569 0.500047 0.562324 0.499065 0.561329 0.497714 0.559005 0.496732 0.559088 0.493651 0.558338 0.496727 0.552597 0.497940 0.548199 0.498362 0.544963 0.498734 0.544051 0.499854 0.544051 0.499995 0.543306 0.499901 0.542144 0.499576 0.541398 0.498828 0.540981 0.498935 0.539940 0.499055 0.540296 0.499862 0.540514 0.500427 0.540940 0.501154 0.541444 0.502201 0.541444 0.503008 0.541444 0.503977 0.541801 0.504380 0.541588 0.504784 0.540796 0.504742 0.539509 0.504542 0.538505 0.504419 0.537856 0.504016 0.536926 0.503693 0.536782 0.503169 0.536065 0.503169 0.535347
9 0.486458 0.571227 0.487122 0.571722 0.487401 0.573829 0.487414 0.575361 0.490062 0.574185 0.490690 0.574185 0.490935 0.574926 0.490901 0.575671 0.490344 0.576227 0.489367 0.576912 0.487484 0.577778 0.483951 0.574671 0.485013 0.573671 0.486326 0.572009
2 0.487753 0.580028 0.488833 0.587903 0.489104 0.586750 0.490346 0.586750 0.490992 0.586750 0.491586 0.587324 0.491641 0.588477 0.490940 0.588861 0.490182 0.589435 0.489698 0.590204 0.489534 0.591356 0.489750 0.592894 0.490831 0.592796 0.491263 0.593083 0.491802 0.594236 0.492612 0.595676 0.493208 0.596347 0.493208 0.597597 0.492667 0.598653 0.492148 0.599644 0.491138 0.598903 0.490615 0.598472 0.489849 0.597722 0.489638 0.597722 0.489010 0.598347 0.488628 0.599458 0.488276 0.600264 0.487893 0.600824 0.486953 0.601810 0.486469 0.602435 0.485771 0.603366 0.485388 0.595444 0.483951 0.581449 0.484638 0.577449
1 0.492667 0.598653 0.492464 0.600338 0.492786 0.601486 0.493271 0.602278 0.493714 0.602634 0.494240 0.603352 0.494117 0.604282 0.493714 0.604713 0.492424 0.604787 0.491859 0.604787 0.491294 0.604931 0.490810 0.605361 0.490487 0.605792 0.490326 0.606435 0.490448 0.607009 0.490810 0.607079 0.491456 0.607509 0.491456 0.608227 0.491294 0.608944 0.490003 0.609949 0.487583 0.614250 0.484195 0.619486 0.482865 0.620130 0.481695 0.619199 0.481453 0.618194 0.481453 0.616977 0.481492 0.615759 0.481695 0.615759 0.481854 0.616185 0.482016 0.618051 0.482461 0.618986 0.483065 0.619199 0.483711 0.618843 0.487583 0.612671 0.489518 0.607009 0.489641 0.604569 0.489964 0.603134 0.490003 0.601991 0.490003 0.600912 0.490044 0.600125 0.490406 0.599694 0.490609 0.599407 0.490615 0.598472 0.491138 0.598903 0.492148 0.599644
1 0.508203 0.582181 0.504008 0.582551 0.496542 0.581806 0.491406 0.580144 0.487505 0.577796 0.483951 0.574671 0.482013 0.572338 0.480828 0.570120 0.480016 0.570676 0.484638 0.577449 0.487753 0.580028 0.492107 0.582218 0.496914 0.583880 0.503169 0.584542 0.508768 0.584333 0.508326 0.583259
1 0.535979 0.518083 0.534815 0.518208 0.534164 0.518486 0.533773 0.519644 0.533826 0.521125 0.534763 0.523856 0.538518 0.530014 0.539872 0.532421 0.540784 0.531681 0.539378 0.529273 0.536096 0.524273 0.535680 0.523764 0.535523 0.522838 0.535445 0.521912 0.535237 0.520662 0.535237 0.520477 0.535680 0.519921 0.536586 0.518912
1 0.523680 0.514333 0.521464 0.517500 0.520669 0.519741 0.520484 0.523722 0.521323 0.529449 0.522583 0.532435 0.525898 0.539324 0.526505 0.540403 0.527297 0.541398 0.531357 0.545296 0.534951 0.547287 0.537518 0.545963 0.537471 0.544634 0.535698 0.545296 0.532010 0.543639 0.528510 0.540653 0.527531 0.539653 0.523891 0.533264 0.523424 0.531606 0.522490 0.528704 0.521604 0.525718 0.521651 0.523722 0.522258 0.519491 0.523844 0.516009 0.524451 0.515259 0.525945 0.513269 0.527112 0.512106 0.528745 0.511528 0.530612 0.512440 0.533505 0.514514 0.535091 0.516176 0.535979 0.518083 0.536586 0.518912 0.537612 0.520491 0.538125 0.521403 0.540227 0.525301 0.540227 0.525301 0.541393 0.528037 0.541253 0.531440 0.541932 0.531463 0.542120 0.527912 0.540870 0.525134 0.539057 0.520245 0.537633 0.518190 0.535609 0.515106 0.532862 0.511509 0.530115 0.509968 0.527656 0.509579 0.525344 0.511764
9 0.524573 0.556884 0.525229 0.556713 0.526016 0.556847 0.526279 0.556847 0.526654 0.555782 0.526617 0.554648 0.526315 0.553514 0.525904 0.552116 0.525680 0.551981 0.525190 0.551912 0.524404 0.552315 0.523805 0.552796 0.523846 0.554088
16 0.420818 0.419199 0.423159 0.420389 0.424664 0.418903 0.424917 0.416968 0.425000 0.414588 0.424247 0.411912 0.423661 0.409384 0.423326 0.407153 0.423828 0.404329 0.425000 0.403884 0.426003 0.403435 0.428094 0.403139 0.430352 0.402394 0.432026 0.402394 0.434701 0.403884 0.437964 0.407449 0.440138 0.413694 0.440557 0.421875 0.438716 0.425148 0.436708 0.431241 0.435706 0.436597 0.435622 0.440014 0.433948 0.442097 0.431690 0.442991 0.430268 0.444032 0.427008 0.445667 0.426253 0.440167 0.424831 0.436449 0.422406 0.431986 0.420734 0.430648 0.419812 0.430648 0.417891 0.431986 0.417052 0.430056 0.413516 0.420463 0.415630 0.420389 0.416469 0.418903 0.417388 0.417713
2 0.537878 0.520958 0.537094 0.521815 0.536310 0.522190 0.536008 0.522671 0.535680 0.523764 0.536096 0.524273 0.539378 0.529273 0.540784 0.531681 0.541253 0.531440 0.541393 0.528037 0.540227 0.525301
10 0.478391 0.455157 0.477651 0.461546 0.477510 0.469130 0.475641 0.470819 0.473268 0.472486 0.470393 0.470819 0.468331 0.468708 0.465458 0.464931 0.466143 0.462153 0.467331 0.459597 0.471518 0.457380 0.475891 0.455713
10 0.454958 0.492861 0.455341 0.499898 0.455234 0.506616 0.455180 0.509977 0.455018 0.511319 0.453831 0.512667 0.446109 0.496440 0.447242 0.493755 0.447458 0.491449 0.446755 0.488380 0.444974 0.486556 0.443570 0.486458 0.442057 0.486843 0.439323 0.479750 0.441656 0.478755 0.443148 0.478755 0.445391 0.478755 0.447818 0.479333 0.450896 0.482074 0.453698 0.487713
2 0.436417 0.452116 0.441195 0.464736 0.440065 0.465380 0.438130 0.466745 0.437242 0.468463 0.436112 0.466745 0.435346 0.464949 0.435023 0.463875 0.434057 0.462727 0.433693 0.462370 0.433492 0.461866 0.433289 0.461005 0.433573 0.459861 0.432510 0.456116 0.430091 0.447583 0.429688 0.445287 0.431143 0.445926 0.431422 0.446111 0.432188 0.446361 0.432536 0.446606 0.433094 0.447292 0.433721 0.447787 0.434141 0.447602 0.434141 0.446546
10 0.435622 0.440014 0.436654 0.446491 0.438216 0.449157 0.439029 0.454602 0.440529 0.461042 0.442026 0.464708 0.446589 0.465931 0.450156 0.469352 0.452760 0.469722 0.452586 0.461486 0.454523 0.453380 0.458021 0.443384 0.459458 0.440606 0.461013 0.438556 0.460635 0.437977 0.460849 0.433370 0.460419 0.429528 0.459609 0.425880 0.458529 0.423384 0.458208 0.421722 0.457211 0.420389 0.456583 0.418778 0.455018 0.418491 0.453505 0.417241 0.450333 0.416329 0.447370 0.416329 0.443323 0.418644 0.440557 0.421875 0.438716 0.425148 0.436708 0.431241 0.435706 0.436597
10 0.480169 0.437130 0.481174 0.441148 0.480003 0.442931 0.479250 0.446796 0.478995 0.449111 0.475539 0.449403 0.470354 0.448347 0.469490 0.447384 0.469599 0.442875 0.469057 0.437977 0.468031 0.436634 0.466359 0.435384 0.464953 0.435287 0.463714 0.435481 0.461013 0.438556 0.460635 0.437977 0.460849 0.433370 0.460419 0.429528 0.459609 0.425880 0.458529 0.423384 0.458937 0.422394 0.459747 0.423745 0.460289 0.425722 0.460651 0.427009 0.462458 0.430991 0.465133 0.433819 0.467518 0.435361 0.469758 0.435620 0.472651 0.436648 0.476482 0.437162
10 0.440557 0.421875 0.443323 0.418644 0.447370 0.416329 0.450333 0.416329 0.453505 0.417241 0.453076 0.414361 0.452966 0.411769 0.453182 0.409083 0.453289 0.408218 0.454547 0.407222 0.454266 0.404713 0.454427 0.400556 0.455177 0.394866 0.453805 0.387926 0.451997 0.385611 0.447732 0.382144 0.443234 0.381727 0.440055 0.381727 0.435203 0.384106 0.431773 0.388713 0.430268 0.395704 0.430352 0.402394 0.432026 0.402394 0.434701 0.403884 0.437964 0.407449 0.440138 0.413694
9 0.511375 0.564981 0.511818 0.564657 0.512312 0.564657 0.512521 0.565028 0.512547 0.565630 0.512521 0.566093 0.512156 0.566741 0.511844 0.567343 0.511531 0.567759 0.511115 0.567759 0.510880 0.567574 0.510750 0.567250 0.510776 0.566880 0.510958 0.566417 0.511010 0.566139
2 0.499565 0.394403 0.498354 0.397935 0.498104 0.400167 0.495260 0.399421 0.496596 0.406412 0.497435 0.407005 0.498018 0.404625 0.498437 0.404773 0.498906 0.409773 0.492799 0.405310 0.490961 0.404269 0.491737 0.402097 0.492995 0.399000 0.494156 0.396593 0.496091 0.393838 0.497346 0.394019 0.498539 0.394403
10 0.484805 0.363194 0.485833 0.360977 0.488641 0.359444 0.489885 0.355644 0.490370 0.355745 0.490961 0.358236 0.491396 0.360255 0.492263 0.360644 0.494539 0.364458 0.496536 0.370218 0.497669 0.375884 0.497995 0.385190 0.497346 0.394019 0.496091 0.393838 0.494156 0.396593 0.492995 0.399000 0.491737 0.402097 0.490961 0.404269 0.488451 0.404269 0.485607 0.404713 0.484284 0.407259 0.484187 0.397106 0.489318 0.394699 0.488638 0.385921 0.478187 0.387986 0.470521 0.390083 0.470883 0.381694 0.470036 0.380333 0.471813 0.370509 0.474232 0.364986 0.476815 0.361829 0.478109 0.359352 0.481672 0.360023 0.484156 0.362523
10 0.467294 0.389940 0.464945 0.390060 0.462331 0.390556 0.460326 0.391301 0.457977 0.390801 0.460919 0.379829 0.465276 0.380620 0.466687 0.380333 0.467979 0.380116 0.467859 0.383773 0.467536 0.387505
10 0.474057 0.349370 0.471516 0.346157 0.469346 0.344102 0.467135 0.343884 0.466128 0.343810 0.462940 0.342375 0.461167 0.341588 0.459391 0.341227 0.458458 0.341602 0.457245 0.341519 0.455953 0.341042 0.454526 0.341042 0.452677 0.341907 0.451409 0.342931 0.451177 0.343926 0.450383 0.344343 0.449917 0.343509 0.448878 0.343458 0.448250 0.344699 0.447583 0.345171 0.445763 0.346083 0.442870 0.349319 0.440188 0.354014 0.437294 0.362843 0.437461 0.367602 0.438969 0.375481 0.440807 0.379644 0.443234 0.381727 0.447732 0.382144 0.451997 0.385611 0.453805 0.387926 0.455177 0.394866 0.457130 0.387926 0.460167 0.379699 0.455177 0.375972 0.454167 0.376875 0.452937 0.377130 0.451635 0.377130 0.450552 0.377000 0.449755 0.375972 0.449466 0.375074 0.449974 0.374301 0.444984 0.368134 0.448383 0.355542 0.456768 0.365694 0.458576 0.366463 0.459443 0.367491 0.462406 0.363250 0.465370 0.359653 0.469057 0.357338 0.471299 0.356954 0.473323 0.358495 0.474490 0.360505 0.475516 0.358968 0.476596 0.357819 0.475354 0.353208 0.474383 0.350523
5 0.297013 0.203889 0.288721 0.187306 0.294810 0.183389 0.308674 0.177398 0.311911 0.175097 0.316057 0.171644 0.321370 0.171644 0.331484 0.192037 0.343005 0.212407 0.357388 0.241662 0.371185 0.271329 0.373984 0.280079 0.374555 0.283259 0.376224 0.285444 0.376458 0.288046 0.372870 0.284847 0.369734 0.282472 0.366146 0.278491 0.361979 0.280648 0.359266 0.284731 0.335143 0.254995 0.306938 0.217222
5 0.357547 0.158755 0.356435 0.154731 0.355596 0.153046 0.355523 0.149398 0.359219 0.149204 0.362883 0.148806 0.362883 0.147792 0.358784 0.143718 0.358755 0.142060 0.361227 0.140282 0.364388 0.132481 0.363685 0.130005 0.362427 0.128514 0.362516 0.125519 0.365508 0.125852 0.372786 0.132907 0.378664 0.138218 0.384917 0.144190 0.389536 0.148009 0.395753 0.153481 0.403409 0.161954 0.415229 0.173750 0.423760 0.180292 0.433701 0.189894 0.442901 0.199713 0.447419 0.204171 0.447044 0.206278 0.448794 0.213167 0.449609 0.219051 0.456609 0.225056 0.455227 0.227278 0.454115 0.228287 0.453177 0.229907 0.451172 0.228051 0.449734 0.227046 0.447943 0.231296 0.446706 0.239412 0.439331 0.231185 0.439766 0.240181 0.440266 0.249509 0.434219 0.242505 0.424984 0.232806 0.411701 0.218213 0.396148 0.201894 0.379083 0.182597 0.362451 0.164551
5 0.384917 0.144190 0.377315 0.135782 0.371388 0.129644 0.368401 0.126907 0.368401 0.125662 0.370081 0.123171 0.374234 0.120435 0.375401 0.119190 0.376521 0.112801 0.377409 0.110560 0.381047 0.102597 0.383055 0.102264 0.383570 0.102500 0.384411 0.103250 0.410234 0.129417 0.441930 0.159255 0.468906 0.185454 0.466456 0.189551 0.466456 0.189551 0.465057 0.192620 0.463003 0.198014 0.461883 0.200171 0.461229 0.200088 0.460622 0.199009 0.459596 0.200333 0.460016 0.202412 0.458661 0.206560 0.456328 0.208051 0.456281 0.209546 0.454010 0.212546 0.447419 0.204171 0.442901 0.199713 0.433701 0.189894 0.423760 0.180292 0.415229 0.173750 0.403409 0.161954 0.395753 0.153481 0.389536 0.148009
5 0.464870 0.234852 0.462633 0.232213 0.459487 0.232356 0.457607 0.233384 0.456609 0.233602 0.453638 0.235727 0.452146 0.237019 0.450979 0.238903 0.451461 0.240102 0.462190 0.251861 0.474815 0.265917 0.494823 0.288435 0.498818 0.293671 0.507609 0.302417 0.525440 0.323931 0.533424 0.333111 0.534596 0.334616 0.535724 0.338417 0.535951 0.339593 0.531870 0.341514 0.530984 0.342181 0.531474 0.344005 0.539958 0.353324 0.541630 0.352431 0.541044 0.350500 0.541044 0.345296 0.543135 0.343958 0.546984 0.349014 0.548823 0.347676 0.548992 0.343065 0.552003 0.347676 0.554094 0.347227 0.554010 0.342917 0.556518 0.331167 0.559279 0.325815 0.562307 0.327806 0.563315 0.327157 0.562786 0.326019 0.559375 0.322639 0.557318 0.320694 0.553078 0.316412 0.551865 0.314755 0.550130 0.314398 0.547383 0.311681 0.544583 0.314171 0.542344 0.311602 0.540198 0.310602 0.538469 0.311185 0.536695 0.311269 0.514576 0.287454 0.489557 0.260986
5 0.451461 0.240102 0.449839 0.242657 0.446706 0.239412 0.439331 0.231185 0.439766 0.240181 0.440266 0.249509 0.440211 0.252102 0.437727 0.253926 0.434974 0.255463 0.433948 0.257000 0.436797 0.259120 0.445964 0.269815 0.464237 0.290875 0.480622 0.308231 0.488049 0.313931 0.500633 0.331287 0.511859 0.346162 0.517961 0.354032 0.521133 0.351491 0.526328 0.345542 0.531870 0.341514 0.535951 0.339593 0.535724 0.338417 0.534596 0.334616 0.533424 0.333111 0.525440 0.323931 0.507609 0.302417 0.498818 0.293671 0.494823 0.288435 0.474815 0.265917 0.462190 0.251861
