0 0.344443 0.310194 0.343318 0.308639 0.341193 0.309750 0.336693 0.314194 0.334070 0.317745 0.331203 0.329620 0.330552 0.337917 0.330971 0.346472 0.328909 0.350148 0.328029 0.352468 0.322654 0.354958 0.322518 0.360602 0.323206 0.379569 0.324823 0.387046 0.324755 0.395921 0.326773 0.404273 0.329453 0.410574 0.333208 0.415838 0.334008 0.416093 0.336107 0.418069 0.339023 0.429644 0.342060 0.433241 0.343260 0.442264 0.344667 0.444662 0.348552 0.446194 0.355625 0.447250 0.357406 0.449838 0.358706 0.450037 0.360380 0.449259 0.361674 0.446773 0.363023 0.442741 0.366385 0.442306 0.367977 0.435019 0.364773 0.424458 0.360375 0.417736 0.359219 0.412981 0.359438 0.405653 0.359943 0.398708 0.359362 0.388815 0.359799 0.387014 0.360229 0.383157 0.369846 0.381106 0.372232 0.386245 0.373607 0.392412 0.374831 0.399352 0.375464 0.404931 0.375357 0.409829 0.373518 0.415306 0.372333 0.420491 0.377031 0.426056 0.380487 0.430454 0.381372 0.433366 0.384872 0.433032 0.388003 0.431866 0.390383 0.430375 0.392526 0.428301 0.393557 0.425810 0.394299 0.422157 0.394299 0.415681 0.394464 0.406463 0.394063 0.397079 0.395937 0.392412 0.398055 0.387213 0.399497 0.381560 0.400797 0.373852 0.400943 0.364079 0.400961 0.358014 0.401542 0.355259 0.400961 0.349236 0.399023 0.335644 0.397188 0.334606 0.395349 0.334606 0.393026 0.329801 0.388203 0.329676 0.383180 0.330611 0.383104 0.323412 0.382672 0.314792 0.381154 0.309019 0.373276 0.305796
1 0.526875 0.559269 0.526479 0.560708 0.526844 0.561356 0.528281 0.563620 0.530000 0.565287 0.531990 0.566778 0.535703 0.567417 0.538958 0.567324 0.543758 0.566065 0.545060 0.565417 0.546336 0.563657 0.547872 0.560509 0.549297 0.558315 0.549602 0.554852 0.549977 0.550208 0.549734 0.548282 0.548438 0.548819 0.548047 0.551014 0.548289 0.552032 0.548198 0.554389 0.547745 0.557282 0.546964 0.559532 0.546240 0.561245 0.545094 0.563546 0.543016 0.564671 0.540091 0.565958 0.538586 0.566171 0.536055 0.566278 0.532318 0.565153 0.530391 0.563708 0.529536 0.563014
1 0.529536 0.563014 0.530729 0.558843 0.531745 0.554861 0.532266 0.549306 0.532995 0.548935 0.533099 0.550741 0.532995 0.552454 0.532578 0.555093 0.532005 0.558102 0.531016 0.561620 0.530391 0.563708
9 0.527609 0.543954 0.526672 0.545620 0.526516 0.547704 0.527193 0.547796 0.527635 0.547333 0.528130 0.544231
9 0.529693 0.545019 0.529224 0.546130 0.531203 0.546454 0.531099 0.545759
9 0.528104 0.547009 0.527844 0.547657 0.527687 0.550343 0.527661 0.556778 0.528443 0.556407
9 0.529016 0.550713 0.529563 0.550759 0.530318 0.549278 0.531646 0.549278 0.531255 0.550944 0.530526 0.552611 0.529771 0.553259 0.528755 0.553444 0.528521 0.552750 0.528495 0.551778
9 0.529401 0.554495 0.529375 0.555329 0.529401 0.556208 0.531068 0.556116 0.531146 0.554356
9 0.527031 0.553106 0.527578 0.553662 0.527578 0.555560 0.526589 0.555282 0.526406 0.553755
9 0.528643 0.548606 0.528721 0.549949 0.529581 0.549764 0.529763 0.549208 0.530883 0.548792 0.530674 0.547356 0.530049 0.547356 0.529477 0.548282
9 0.531560 0.547542 0.531534 0.548838 0.532706 0.548653 0.532471 0.547634
9 0.527706 0.547819 0.526820 0.548329 0.526247 0.548745 0.526326 0.550134 0.527497 0.550042
9 0.530844 0.556977 0.530427 0.556977 0.530167 0.556190 0.529401 0.556208 0.528443 0.556407 0.527661 0.556778 0.528266 0.558088 0.529411 0.558829 0.530687 0.558227
9 0.529177 0.559616 0.528786 0.558505 0.528266 0.558088 0.527823 0.558227 0.527172 0.558782 0.527510 0.559847 0.528109 0.559199 0.528656 0.560310
2 0.535438 0.544620 0.535672 0.543880 0.536224 0.542824 0.537578 0.540787 0.538542 0.540648 0.538880 0.538750 0.539714 0.536759 0.540651 0.534954 0.541615 0.534028 0.542214 0.534648 0.542492 0.535579 0.543294 0.537019 0.543201 0.540833 0.542641 0.546806 0.541661 0.552366 0.542268 0.557343 0.542453 0.565144 0.540091 0.565958 0.539094 0.566139 0.539141 0.558421 0.539141 0.554356 0.538628 0.551870 0.538440 0.548634 0.538440 0.541745 0.536201 0.545231
9 0.538628 0.551870 0.539141 0.554356 0.539141 0.558421 0.539052 0.559176 0.537680 0.559532 0.537560 0.557167 0.537841 0.553583
9 0.538706 0.561856 0.537898 0.561579 0.536779 0.562412 0.535945 0.564495 0.538914 0.565468
2 0.538229 0.549815 0.537891 0.549167 0.536961 0.551125 0.536797 0.551852 0.536250 0.555602 0.535547 0.558056 0.533828 0.561343 0.534167 0.561944 0.535651 0.563704 0.536458 0.561991 0.536693 0.561019 0.537292 0.559954 0.537560 0.557167 0.537841 0.553583 0.537839 0.552037
2 0.545094 0.563546 0.544427 0.560185 0.543568 0.556019 0.542813 0.553472 0.542474 0.553704 0.542292 0.554352 0.542268 0.557343 0.542578 0.564815
2 0.547078 0.550565 0.545708 0.547264 0.544701 0.545972 0.543570 0.545972 0.542924 0.547194 0.542602 0.548625 0.542602 0.551852 0.542813 0.553472 0.543568 0.556019 0.544427 0.560185 0.545094 0.563546 0.546240 0.561245 0.546964 0.559532 0.547745 0.557282 0.547805 0.554866
2 0.547326 0.538745 0.545839 0.537440 0.545734 0.538866 0.545141 0.539111 0.543294 0.537019 0.543201 0.540833 0.542641 0.546806 0.542924 0.547194 0.543570 0.545972 0.544701 0.545972 0.545708 0.547264 0.547078 0.550565 0.548047 0.551014 0.548438 0.548819 0.548758 0.547917
2 0.543159 0.568704 0.542039 0.566435 0.538958 0.567324 0.537742 0.567639 0.536518 0.568981 0.536727 0.573611 0.537716 0.573611 0.537742 0.575000 0.538471 0.575926 0.539383 0.576528 0.539870 0.576213 0.540130 0.574963 0.540286 0.573106 0.541854 0.570213
9 0.555253 0.542213 0.554549 0.541009 0.552638 0.540296 0.552018 0.540579 0.552091 0.541898 0.552779 0.544806 0.553560 0.544852 0.554211 0.546287 0.554846 0.546056 0.555268 0.546056
9 0.552273 0.550616 0.551961 0.549736 0.551414 0.549042 0.550841 0.549273 0.550424 0.549782 0.550294 0.550847 0.550659 0.550894 0.551180 0.551542 0.551831 0.551542
9 0.549503 0.557514 0.550206 0.556074 0.550727 0.553579 0.550701 0.552787 0.550596 0.551630 0.550596 0.551630 0.550023 0.552190 0.549971 0.553903 0.549602 0.554852
2 0.545677 0.489259 0.547102 0.489278 0.547102 0.488157 0.547857 0.487245 0.549299 0.487569 0.550294 0.490995 0.550807 0.495815 0.550659 0.501116 0.550961 0.503208 0.551531 0.505671 0.551242 0.507880 0.551737 0.509042 0.551344 0.511356 0.551242 0.516028 0.551125 0.523829 0.549565 0.524241 0.546474 0.516486 0.543638 0.519819 0.542023 0.516718 0.540680 0.514750 0.541828 0.513870 0.543990 0.511694 0.546229 0.508458 0.547854 0.502171 0.548221 0.497907 0.548125 0.493750 0.547721 0.491981
2 0.543419 0.488870 0.537393 0.489301 0.534586 0.495741 0.541901 0.501185 0.540156 0.512759 0.541620 0.511954 0.544060 0.509782 0.545628 0.506560 0.546779 0.503088 0.547477 0.499250 0.546917 0.495588 0.546151 0.491806
1 0.540680 0.514750 0.541828 0.513870 0.543990 0.511694 0.546229 0.508458 0.547854 0.502171 0.548221 0.497907 0.548125 0.493750 0.547721 0.491981 0.545677 0.489259 0.543932 0.487500 0.540365 0.484537 0.536042 0.480880 0.533997 0.480315 0.532539 0.480037 0.530422 0.479676 0.530422 0.479676 0.528698 0.480741 0.527396 0.483889 0.526951 0.487981 0.526055 0.488838 0.525599 0.493796 0.525885 0.498750 0.527240 0.504120 0.528906 0.507917 0.529583 0.507407 0.528125 0.503935 0.527448 0.499306 0.526927 0.494074 0.527578 0.489583 0.528932 0.486759 0.531198 0.484352 0.531068 0.481806 0.535182 0.483194 0.537578 0.485046 0.543419 0.488870 0.546151 0.491806 0.546917 0.495588 0.547477 0.499250 0.546779 0.503088 0.545628 0.506560 0.544060 0.509782 0.541620 0.511954 0.540156 0.512759
2 0.539648 0.488940 0.538203 0.486958 0.537578 0.485046 0.535182 0.483194 0.534104 0.484977 0.533534 0.492102 0.533339 0.502000 0.534586 0.495741 0.537393 0.489301
2 0.533732 0.482681 0.531068 0.481806 0.531198 0.484352 0.528932 0.486759 0.527578 0.489583 0.526927 0.494074 0.527448 0.499306 0.528125 0.503935 0.529583 0.507407 0.531529 0.508347 0.533339 0.502000 0.533534 0.492102 0.534104 0.484977
10 0.434734 0.455398 0.435073 0.457574 0.435229 0.463083 0.438823 0.464565 0.439917 0.462856 0.439969 0.458222
9 0.554474 0.567380 0.553979 0.566315 0.552911 0.566778 0.552078 0.568259 0.552234 0.569463 0.552755 0.570343 0.553771 0.570574 0.554526 0.569787
9 0.560385 0.562148 0.559578 0.563074 0.559708 0.566130 0.560411 0.566546
9 0.560203 0.568444 0.557703 0.569926 0.558953 0.571407 0.559370 0.570713 0.559891 0.569648
10 0.428971 0.456968 0.430508 0.454931 0.431471 0.455301 0.432643 0.456088 0.433424 0.457060 0.434023 0.458171 0.434154 0.460486 0.434023 0.462616 0.433406 0.464282 0.432654 0.465352
10 0.427148 0.451218 0.426953 0.451852 0.428099 0.455509 0.429349 0.455000 0.430755 0.453148
1 0.506971 0.524713 0.509029 0.526287 0.510773 0.528370 0.512266 0.530083 0.512404 0.531755 0.513068 0.532005 0.512964 0.532560 0.512021 0.533120 0.511346 0.531796 0.510409 0.531009 0.509758 0.529898 0.506919 0.527398 0.506201 0.525852
2 0.517146 0.521653 0.512266 0.530083 0.512404 0.531755 0.513068 0.532005 0.512964 0.532560 0.512021 0.533120 0.513346 0.534051 0.514096 0.531745 0.520076 0.522954 0.519237 0.522583
9 0.491680 0.562065 0.494573 0.556278 0.497104 0.556708 0.498490 0.558421 0.497021 0.559005 0.495953 0.560255 0.496292 0.560903 0.494359 0.562986 0.492797 0.561319
2 0.542010 0.533449 0.540581 0.533324 0.538594 0.532704 0.537786 0.533519 0.536745 0.536574 0.536146 0.539907 0.536224 0.542824 0.537578 0.540787 0.538542 0.540648 0.538880 0.538750 0.539714 0.536759 0.540651 0.534954 0.541615 0.534028 0.542813 0.534190
2 0.514096 0.531745 0.515805 0.532116 0.520198 0.532486 0.521208 0.533727 0.524310 0.534782 0.526612 0.536949 0.527578 0.536981 0.528479 0.538181 0.531747 0.540329 0.533240 0.542481 0.534893 0.544060 0.538148 0.548708 0.536961 0.551125 0.532464 0.547097 0.529292 0.543995 0.527516 0.541579 0.525005 0.538417 0.522565 0.536745 0.520471 0.536375 0.516320 0.535213 0.515107 0.534218
1 0.543711 0.533843 0.542776 0.533074 0.541685 0.532301 0.539888 0.531375 0.537464 0.530398 0.535211 0.530176 0.532026 0.531181 0.529464 0.534065 0.527578 0.536981 0.528479 0.538181 0.529609 0.536171 0.531143 0.534162 0.532352 0.533157 0.535055 0.532157 0.536831 0.532583 0.538594 0.532704 0.540581 0.533324 0.542010 0.533449 0.542813 0.534190
9 0.545839 0.537440 0.543711 0.533843 0.542214 0.534648 0.542492 0.535579 0.545141 0.539111 0.545734 0.538866
7 0.536831 0.532583 0.534893 0.544060 0.533240 0.542481 0.531747 0.540329 0.528479 0.538181 0.529609 0.536171 0.531143 0.534162 0.532352 0.533157 0.535055 0.532157
7 0.527154 0.536421 0.534586 0.495741 0.541901 0.501185 0.537464 0.530398 0.535211 0.530176 0.532026 0.531181 0.529464 0.534065
2 0.547326 0.538745 0.548758 0.547917 0.553159 0.546713 0.552091 0.541898 0.550060 0.538148
2 0.539888 0.531375 0.539341 0.526463 0.540018 0.524843 0.540904 0.524704 0.541685 0.532301
2 0.538109 0.576981 0.522781 0.573968 0.521167 0.581856 0.538391 0.584440
9 0.504615 0.603227 0.501854 0.601282 0.502036 0.608366 0.504823 0.607810
9 0.509354 0.622898 0.508156 0.624565 0.508885 0.627528 0.510031 0.626833 0.510135 0.625306
9 0.532026 0.612037 0.529784 0.605324 0.531375 0.604213 0.533091 0.604630 0.535773 0.607685
2 0.494990 0.542593 0.491815 0.539523 0.489328 0.537315 0.486401 0.534338 0.481870 0.532046 0.482685 0.534120 0.482854 0.536537 0.485560 0.538032 0.489096 0.541204 0.496172 0.549662 0.495299 0.546194
10 0.483185 0.544630 0.487065 0.541065 0.489096 0.541204 0.490659 0.544861 0.490659 0.545833 0.488810 0.547269 0.482560 0.551620 0.481076 0.551759 0.480112 0.551065 0.479721 0.549213 0.480138 0.547917 0.481102 0.546019 0.482326 0.545231 0.483310 0.546116
10 0.491367 0.550278 0.483479 0.561977 0.484227 0.565792 0.486279 0.567949 0.494307 0.555588 0.493979 0.551690 0.493141 0.550111
2 0.487849 0.572616 0.488656 0.565301 0.492797 0.561319 0.494359 0.562986 0.495036 0.564838 0.494828 0.566273 0.492094 0.568912 0.491786 0.570486 0.488477 0.572708
2 0.487589 0.575301 0.487979 0.576551 0.491677 0.574468 0.491703 0.572384 0.491029 0.572986 0.488320 0.574560
2 0.489849 0.588866 0.491687 0.585060 0.496539 0.593472 0.495456 0.594648 0.493815 0.593630 0.491471 0.591269
9 0.486089 0.581019 0.487112 0.578657 0.488891 0.579838 0.488047 0.585889 0.486208 0.582676
2 0.481076 0.577532 0.482586 0.581144 0.484591 0.583921 0.488133 0.590032 0.493971 0.596130 0.495456 0.594648 0.493815 0.593630 0.491471 0.591269 0.488815 0.587935 0.486133 0.583398 0.484049 0.578537
1 0.482643 0.575782 0.480315 0.572264 0.479195 0.570505 0.479440 0.572958 0.480872 0.575319 0.482096 0.575731
9 0.480914 0.566523 0.479195 0.570505 0.480315 0.572264 0.481435 0.571801 0.482659 0.570134
1 0.497021 0.559005 0.495953 0.560255 0.496292 0.560903 0.496292 0.562199 0.495615 0.564792 0.494651 0.567199 0.491786 0.570486 0.488477 0.572708 0.484570 0.574282 0.484883 0.575394 0.485846 0.575949 0.488320 0.574560 0.491029 0.572986 0.493398 0.570903 0.495456 0.568310 0.496497 0.566134 0.497148 0.563727 0.497357 0.561782
1 0.495609 0.552074 0.494724 0.553185 0.497771 0.556704 0.500714 0.560083 0.500896 0.558000 0.498865 0.556241
10 0.421250 0.329537 0.421888 0.336588 0.421234 0.346532 0.420211 0.351787 0.418102 0.355852 0.415026 0.360144 0.415281 0.362653 0.416815 0.363014 0.418589 0.364162 0.420203 0.365523 0.421740 0.364736 0.424083 0.364829 0.425357 0.361389 0.426680 0.359579 0.428411 0.357315 0.430073 0.355269 0.429836 0.351565 0.429237 0.348417 0.428612 0.345407 0.427622 0.342213 0.426221 0.341019 0.425000 0.339301 0.423370 0.335769 0.422299 0.333236 0.421589 0.329611
17 0.430724 0.307954 0.428771 0.323648 0.426073 0.322843 0.425552 0.327102 0.426802 0.326639 0.426750 0.327565 0.425578 0.329046 0.425604 0.329602 0.426547 0.330486 0.426599 0.331921 0.425583 0.331644 0.425427 0.334236 0.425010 0.334792 0.424854 0.336319 0.423523 0.334051 0.422555 0.330157 0.421484 0.327620 0.421281 0.325810 0.421180 0.320287 0.421841 0.316032 0.422810 0.313139 0.424185 0.310421 0.425815 0.308250 0.427750 0.306528 0.429479 0.306167
17 0.422948 0.296894 0.424719 0.297426 0.429013 0.304819 0.426969 0.305185 0.425263 0.306880 0.423354 0.308940 0.421924 0.312213 0.420766 0.316333 0.420286 0.319847 0.420029 0.323532 0.417336 0.311968
1 0.387359 0.329824 0.387206 0.325972 0.387630 0.322167 0.388354 0.318741 0.389685 0.314829 0.391602 0.312477 0.393693 0.309954 0.396190 0.308468 0.398646 0.307764 0.400469 0.307852 0.402029 0.308407 0.403672 0.309611 0.405156 0.310815 0.406794 0.313171 0.408914 0.317727 0.409758 0.321644 0.409948 0.326329 0.409711 0.329847 0.408820 0.334514 0.408096 0.337944 0.411000 0.330347 0.411685 0.331352 0.409628 0.338380 0.409651 0.340102 0.409234 0.344088 0.408195 0.343764 0.407932 0.343440 0.407125 0.345056 0.405711 0.346866 0.404198 0.348398 0.402417 0.349551 0.400961 0.349236 0.400859 0.348565 0.402891 0.347546 0.404714 0.346065 0.405807 0.344444 0.407760 0.341898 0.408516 0.341898 0.408307 0.339028 0.407943 0.340556 0.407292 0.341296 0.406510 0.340000 0.406562 0.338565 0.408333 0.332639 0.409036 0.327176 0.408932 0.322685 0.408464 0.319954 0.407109 0.316481 0.403802 0.312407 0.400495 0.310509 0.396797 0.310556 0.393802 0.312222 0.391042 0.315509 0.389661 0.318565 0.388437 0.321852 0.388099 0.325880 0.388203 0.329676
9 0.581190 0.597894 0.580487 0.598866 0.579628 0.601227 0.580305 0.601458 0.582492 0.600903 0.582961 0.600394
1 0.580622 0.622380 0.581378 0.622333 0.581482 0.621083 0.579737 0.617241 0.584685 0.612148 0.586534 0.614833 0.586872 0.613120 0.585362 0.610898 0.583956 0.610528 0.578643 0.615898 0.578487 0.618167
10 0.480247 0.542454 0.478880 0.543148 0.476745 0.545463 0.476094 0.547361 0.475698 0.550032 0.475849 0.554458 0.475945 0.556255 0.477063 0.556875 0.477758 0.558241 0.478281 0.561019 0.479271 0.563426 0.482057 0.563519 0.483479 0.561977 0.488385 0.554630 0.488359 0.552639 0.488047 0.549954 0.487552 0.548148 0.482560 0.551620 0.481076 0.551759 0.480112 0.551065 0.479721 0.549213 0.480138 0.547917 0.481102 0.546019 0.482326 0.545231
1 0.440984 0.315884 0.440424 0.313560 0.438557 0.310491 0.436599 0.307921 0.434451 0.305514 0.431464 0.304269 0.431885 0.306093 0.433797 0.307005 0.436831 0.309995 0.439635 0.314630
1 0.515224 0.518898 0.518138 0.517745 0.519542 0.513519 0.520622 0.508625 0.520406 0.500944 0.517654 0.495278 0.520029 0.494991 0.519922 0.494319 0.516951 0.492014 0.513711 0.485681 0.511768 0.483375 0.510865 0.482551 0.511437 0.479657 0.511437 0.475644 0.510625 0.471463 0.509505 0.469676 0.511693 0.468796 0.513021 0.468843 0.514174 0.469685 0.513576 0.469963 0.514539 0.473620 0.515242 0.474963 0.515763 0.479083 0.516128 0.481630 0.516961 0.481815 0.516237 0.482889 0.515539 0.483213 0.515086 0.485199 0.516133 0.485630 0.516516 0.485319 0.516307 0.486190 0.517771 0.486560 0.519227 0.486995 0.518635 0.487181 0.518669 0.488421 0.520029 0.491894 0.521005 0.490898 0.519229 0.486907 0.520315 0.486935 0.521083 0.486935 0.521362 0.485755 0.518956 0.485199 0.516474 0.485310 0.516279 0.484324 0.517690 0.484037 0.518901 0.481315 0.518497 0.479662 0.517013 0.481690 0.516805 0.479037 0.515971 0.474454 0.515398 0.472463 0.515990 0.469491 0.518073 0.470648 0.520299 0.472634 0.522852 0.476523 0.522409 0.476866 0.521401 0.476653 0.520997 0.482745 0.522005 0.484542 0.522693 0.482532 0.522404 0.477005 0.524310 0.479208 0.524831 0.481986 0.525560 0.486060 0.526055 0.488838 0.525599 0.493796 0.525885 0.498750 0.527240 0.504120 0.528906 0.507917 0.529583 0.507407 0.531529 0.508347 0.533339 0.502000 0.527081 0.536014 0.526924 0.533051 0.526508 0.531245 0.525049 0.527403 0.523826 0.525088 0.522013 0.522769 0.520216 0.521472 0.518628 0.520454 0.517273 0.520083 0.515841 0.520222
2 0.552638 0.540296 0.557299 0.535296 0.559487 0.538954 0.557378 0.541824
2 0.554760 0.537269 0.546474 0.516486 0.542948 0.520556 0.552018 0.540579
10 0.415281 0.362653 0.416815 0.363014 0.418589 0.364162 0.420203 0.365523 0.421292 0.366815 0.420849 0.372981 0.419315 0.385745 0.418346 0.397648 0.416943 0.384880
10 0.414956 0.305167 0.411521 0.302218 0.399878 0.299806 0.394128 0.300269 0.391201 0.300269 0.388914 0.299407 0.387286 0.298181 0.386380 0.296306 0.386021 0.293356 0.386510 0.290486 0.387719 0.287194 0.389292 0.284606 0.390286 0.283574 0.417563 0.295181 0.417273 0.299481
10 0.490964 0.488241 0.490708 0.485991 0.489661 0.484500 0.487745 0.482394 0.486146 0.481389 0.486510 0.483333 0.487500 0.486667 0.488177 0.488981 0.489401 0.488935
10 0.460609 0.425745 0.460797 0.430806 0.461263 0.433963 0.483013 0.447319 0.490437 0.451218 0.491948 0.448431 0.493138 0.447185 0.494594 0.446606 0.496161 0.447278 0.497294 0.449778 0.498104 0.452944 0.498214 0.458417 0.498320 0.463694 0.498159 0.466769 0.497456 0.470417 0.496755 0.472657 0.495542 0.477144 0.494648 0.481454 0.493245 0.484144 0.491625 0.487120 0.491354 0.485009 0.488440 0.481745 0.485469 0.479153 0.484714 0.477810 0.482445 0.470514 0.448154 0.455153 0.448086 0.453977 0.448630 0.445958 0.450305 0.437032 0.452078 0.431319 0.454383 0.426296 0.455930 0.424528 0.457443 0.424338 0.458901 0.424625
10 0.438982 0.479620 0.443523 0.478583 0.446143 0.478741 0.448495 0.479921 0.450935 0.481796 0.452562 0.484796 0.453466 0.486833 0.454544 0.492454 0.454122 0.502991 0.453003 0.511370
10 0.485714 0.423903 0.484495 0.423282 0.483169 0.427370 0.481880 0.430782 0.481461 0.433134 0.481461 0.434935 0.481984 0.437537 0.482961 0.439023 0.483693 0.440139
1 0.462664 0.419162 0.461404 0.422509 0.460609 0.425745 0.460797 0.430806 0.461263 0.433963 0.483013 0.447319 0.483667 0.442259 0.481987 0.439935 0.480911 0.437528 0.480633 0.434875 0.481099 0.432134 0.482081 0.429014 0.477516 0.430069 0.471203 0.430690 0.469391 0.430690 0.467823 0.428954 0.465591 0.426847 0.464336 0.425171
10 0.454154 0.389769 0.453917 0.388699 0.452831 0.386662 0.451565 0.385106 0.447862 0.382963 0.443852 0.381662 0.440961 0.382282 0.435706 0.383380 0.433081 0.385824 0.431081 0.390935 0.430146 0.395157 0.430458 0.401486 0.432643 0.403931 0.435268 0.408708 0.436206 0.411259 0.435831 0.413259 0.435206 0.414926 0.435393 0.420593 0.436331 0.426144 0.438206 0.426366 0.440591 0.427102 0.441888 0.423782 0.443815 0.420190 0.447039 0.418287 0.449435 0.418287 0.451492 0.420000 0.452076 0.420926 0.453076 0.419704 0.454138 0.417704 0.454513 0.399708
10 0.469456 0.390292 0.486021 0.386639 0.488542 0.386139 0.489078 0.394829 0.484323 0.396653 0.485302 0.411347 0.485010 0.417361 0.483755 0.420338 0.483440 0.423685 0.482081 0.429014 0.477516 0.430069 0.471203 0.430690 0.469391 0.430690 0.467823 0.428954 0.465591 0.426847 0.464336 0.425171 0.462664 0.419162 0.462245 0.415505 0.461930 0.410671 0.461930 0.405153 0.461268 0.399759 0.457992 0.399329 0.455760 0.398213 0.458159 0.390171 0.459695 0.390403 0.461362 0.390264 0.463966 0.389569 0.465320 0.389569 0.467378 0.389616 0.468555 0.389782
10 0.489805 0.365079 0.486359 0.364468 0.483469 0.362102 0.480133 0.360667 0.476271 0.361093 0.473971 0.362792 0.471779 0.365940 0.470753 0.369093 0.469958 0.372329 0.469349 0.375648 0.469164 0.379384 0.469305 0.382949 0.469456 0.390292 0.486021 0.386639 0.488542 0.386139 0.489078 0.394829 0.484323 0.396653 0.485302 0.411347 0.488708 0.410398 0.490805 0.408324 0.492721 0.403097 0.492531 0.398866 0.494073 0.395296 0.494737 0.386713 0.494992 0.379722 0.494323 0.373778 0.493214 0.370648 0.491313 0.367167
10 0.461284 0.379755 0.458159 0.390171 0.459695 0.390403 0.461362 0.390264 0.463966 0.389569 0.465320 0.389569 0.467378 0.389616 0.467820 0.387023 0.468133 0.383968 0.468237 0.381606 0.468029 0.379847 0.467273 0.380773 0.464799 0.380819
10 0.476484 0.357907 0.475518 0.351597 0.474188 0.349231 0.471927 0.345931 0.469466 0.343995 0.467773 0.343134 0.466924 0.344352 0.465635 0.342347 0.463779 0.341699 0.460552 0.340912 0.458133 0.340981 0.454716 0.341227 0.451174 0.342616 0.447135 0.344977 0.443440 0.348764 0.440927 0.352176 0.438380 0.358120 0.437302 0.365630 0.438219 0.370907 0.439948 0.376667 0.440961 0.382282 0.443852 0.381662 0.447862 0.382963 0.451565 0.385106 0.452831 0.386662 0.453917 0.388699 0.454154 0.389769 0.456357 0.390148 0.460047 0.379370 0.457258 0.377514 0.454628 0.375417 0.453844 0.373648 0.454599 0.371991 0.458367 0.369787 0.461990 0.363981 0.467792 0.358069 0.469331 0.357324 0.470721 0.357074 0.471979 0.357579 0.473023 0.358444 0.474453 0.360287
10 0.441193 0.322583 0.440281 0.318648 0.438328 0.317213 0.435464 0.313926 0.433432 0.311611 0.430724 0.307954 0.428771 0.323648 0.426073 0.322843 0.425552 0.327102 0.426802 0.326639 0.426750 0.327565 0.425578 0.329046 0.425604 0.329602 0.426547 0.330486 0.426599 0.331921 0.425583 0.331644 0.425427 0.334236 0.425010 0.334792 0.424854 0.336319 0.425870 0.338588 0.427198 0.340440 0.428760 0.341736 0.431065 0.342991 0.433214 0.342991 0.434961 0.341972
10 0.427622 0.342213 0.428612 0.345407 0.429237 0.348417 0.429836 0.351565 0.430073 0.355269 0.431581 0.353231 0.434500 0.343741 0.432938 0.343972 0.431086 0.344157 0.429315 0.343602
10 0.400260 0.344444 0.404297 0.344306 0.405807 0.344444 0.404714 0.346065 0.402891 0.347546 0.400859 0.348565
13 0.388203 0.329676 0.388099 0.325880 0.388437 0.321852 0.389661 0.318565 0.391042 0.315509 0.393802 0.312222 0.396797 0.310556 0.400495 0.310509 0.403802 0.312407 0.407109 0.316481 0.408464 0.319954 0.408932 0.322685 0.409036 0.327176 0.408333 0.332639 0.406562 0.338565 0.406510 0.340000 0.407292 0.341296 0.407943 0.340556 0.408307 0.339028 0.408516 0.341898 0.407760 0.341898 0.405807 0.344444 0.404297 0.344306 0.400260 0.344444 0.399023 0.335644 0.397188 0.334606 0.395349 0.334606 0.393026 0.329801
10 0.415026 0.360144 0.414065 0.355319 0.412497 0.351412 0.410458 0.347745 0.408893 0.346079 0.407125 0.345056 0.405711 0.346866 0.404198 0.348398 0.402417 0.349551 0.400961 0.349236 0.401542 0.355259 0.400961 0.358014 0.400943 0.364079 0.400797 0.373852 0.399497 0.381560 0.398055 0.387213 0.415161 0.423954 0.416294 0.419153 0.417914 0.418287 0.417536 0.414926 0.416404 0.414352 0.416404 0.410130 0.418346 0.397648 0.416943 0.384880
13 0.390286 0.283574 0.383846 0.280755 0.382445 0.281333 0.379831 0.280009 0.373484 0.278102 0.370591 0.281917 0.365971 0.280588 0.364990 0.283574 0.370602 0.287366 0.372224 0.291593 0.372599 0.297259 0.371474 0.298370 0.368536 0.306477 0.373276 0.305796 0.381154 0.309019 0.382672 0.314792 0.383104 0.323412 0.383180 0.330611 0.387359 0.329824 0.387206 0.325972 0.387630 0.322167 0.388354 0.318741 0.389685 0.314829 0.391602 0.312477 0.393693 0.309954 0.396190 0.308468 0.398646 0.307764 0.400469 0.307852 0.402029 0.308407 0.403672 0.309611 0.405156 0.310815 0.406794 0.313171 0.408914 0.317727 0.409758 0.321644 0.409948 0.326329 0.409711 0.329847 0.408820 0.334514 0.408096 0.337944 0.411000 0.330347 0.411685 0.331352 0.409628 0.338380 0.409651 0.340102 0.409234 0.344088 0.408195 0.343764 0.407932 0.343440 0.407125 0.345056 0.408893 0.346079 0.410458 0.347745 0.412497 0.351412 0.414065 0.355319 0.415026 0.360144 0.418102 0.355852 0.420211 0.351787 0.421234 0.346532 0.421888 0.336588 0.421250 0.329537 0.420029 0.323532 0.417336 0.311968 0.415289 0.307472 0.414956 0.305167 0.411521 0.302218 0.399878 0.299806 0.394128 0.300269 0.391201 0.300269 0.388914 0.299407 0.387286 0.298181 0.386380 0.296306 0.386021 0.293356 0.386510 0.290486 0.387719 0.287194 0.389292 0.284606
2 0.415289 0.307472 0.419727 0.295731 0.422948 0.296894 0.417336 0.311968
2 0.567612 0.563514 0.565104 0.564875 0.564266 0.569588 0.566010 0.578574 0.570401 0.575847
1 0.429013 0.304819 0.426969 0.305185 0.425263 0.306880 0.423354 0.308940 0.421924 0.312213 0.420766 0.316333 0.420286 0.319847 0.420029 0.323532 0.421250 0.329537 0.421589 0.329611 0.422299 0.333236 0.423370 0.335769 0.425000 0.339301 0.426221 0.341019 0.427622 0.342213 0.429315 0.343602 0.431086 0.344157 0.432938 0.343972 0.434500 0.343741 0.434961 0.341972 0.433214 0.342991 0.431065 0.342991 0.428760 0.341736 0.427198 0.340440 0.425870 0.338588 0.424854 0.336319 0.423523 0.334051 0.422555 0.330157 0.421484 0.327620 0.421281 0.325810 0.421180 0.320287 0.421841 0.316032 0.422810 0.313139 0.424185 0.310421 0.425815 0.308250 0.427750 0.306528 0.429479 0.306167
10 0.420203 0.365523 0.421292 0.366815 0.420849 0.372981 0.419315 0.385745 0.418346 0.397648 0.416404 0.410130 0.418143 0.407199 0.421211 0.403296 0.421594 0.399699 0.422536 0.383773 0.424083 0.364829 0.421740 0.364736
16 0.421211 0.403296 0.421594 0.399699 0.422536 0.383773 0.424083 0.364829 0.425357 0.361389 0.426680 0.359579 0.428411 0.357315 0.430073 0.355269 0.431581 0.353231 0.432935 0.352898 0.434661 0.355222 0.435315 0.356134 0.435456 0.365259 0.437302 0.365630 0.438219 0.370907 0.439948 0.376667 0.440961 0.382282 0.435706 0.383380 0.433081 0.385824 0.431081 0.390935 0.430146 0.395157 0.430458 0.401486 0.428128 0.400440 0.426214 0.400523 0.423974 0.400273 0.422388 0.401602
10 0.467773 0.343134 0.466924 0.344352 0.465635 0.342347 0.463779 0.341699 0.460552 0.340912 0.458133 0.340981 0.454716 0.341227 0.451174 0.342616 0.447135 0.344977 0.443440 0.348764 0.440927 0.352176 0.438380 0.358120 0.437302 0.365630 0.435456 0.365259 0.435315 0.356134 0.434661 0.355222 0.432935 0.352898 0.431581 0.353231 0.434500 0.343741 0.434961 0.341972 0.441193 0.322583 0.444099 0.313639 0.451562 0.318801 0.457289 0.322389 0.458620 0.326977 0.459589 0.327407 0.460354 0.330852 0.463016 0.331569 0.465315 0.329991 0.466042 0.326333 0.466687 0.326546 0.466568 0.328630 0.465799 0.331282 0.465396 0.332500 0.466406 0.333505 0.467615 0.334940 0.468341 0.338880
1 0.436451 0.435120 0.435669 0.435028 0.435513 0.437852 0.435253 0.441046 0.435052 0.442093 0.433508 0.447620 0.434471 0.448222 0.435461 0.445120 0.436190 0.441231 0.436294 0.438593
2 0.417914 0.418287 0.416294 0.419153 0.415161 0.423954 0.417354 0.429310 0.419411 0.429667 0.420057 0.428088 0.419857 0.423931
2 0.418461 0.431903 0.419992 0.431259 0.421164 0.431759 0.423464 0.434773 0.426609 0.439148 0.427174 0.441083 0.426555 0.444208 0.422818 0.441870
10 0.439393 0.434102 0.438117 0.433130 0.437023 0.433778 0.436711 0.436046 0.436138 0.446370 0.435253 0.448546 0.440331 0.451046 0.439711 0.441046 0.439378 0.437190
1 0.435867 0.425046 0.435477 0.425926 0.438029 0.432407 0.438289 0.431204 0.436331 0.426144
1 0.476484 0.357907 0.475518 0.351597 0.474188 0.349231 0.475857 0.347153 0.478232 0.347056 0.480609 0.348306 0.484930 0.362319 0.483471 0.360398 0.479745 0.358097
1 0.474453 0.360287 0.473023 0.358444 0.471979 0.357579 0.470721 0.357074 0.469331 0.357324 0.467792 0.358069 0.461990 0.363981 0.458367 0.369787 0.454599 0.371991 0.453844 0.373648 0.454628 0.375417 0.457258 0.377514 0.460047 0.379370 0.456357 0.390148 0.454513 0.399708 0.454365 0.404560 0.455284 0.408495 0.457227 0.411856 0.460034 0.414162 0.460576 0.411088 0.458362 0.409361 0.455823 0.406190 0.455068 0.402449 0.455760 0.398213 0.458159 0.390171 0.461284 0.379755 0.464799 0.380819 0.467273 0.380773 0.468029 0.379847 0.468237 0.381606 0.468133 0.383968 0.467820 0.387023 0.467378 0.389616 0.468555 0.389782 0.469000 0.385935 0.469164 0.379384 0.469349 0.375648 0.469958 0.372329 0.470753 0.369093 0.471779 0.365940 0.473971 0.362792 0.476271 0.361093 0.480133 0.360667 0.483469 0.362102 0.484930 0.362319 0.483471 0.360398 0.479745 0.358097 0.476484 0.357907
10 0.452776 0.422157 0.453227 0.420120 0.454464 0.419907 0.455698 0.419796 0.456362 0.420546 0.457023 0.421995 0.457023 0.424458 0.455930 0.424528 0.454383 0.426296 0.453289 0.423472
10 0.461404 0.422509 0.459844 0.422315 0.459271 0.421343 0.458359 0.421019 0.458333 0.422593 0.457943 0.422917 0.457734 0.424213 0.458901 0.424625 0.460609 0.425745
10 0.455760 0.398213 0.455068 0.402449 0.455823 0.406190 0.458362 0.409361 0.460576 0.411088 0.460034 0.414162 0.457227 0.411856 0.455284 0.408495 0.454365 0.404560 0.454138 0.417704 0.453227 0.420120 0.454464 0.419907 0.455698 0.419796 0.456362 0.420546 0.457023 0.421995 0.457943 0.422917 0.458333 0.422593 0.458359 0.421019 0.459271 0.421343 0.459844 0.422315 0.461404 0.422509 0.462664 0.419162 0.462245 0.415505 0.461930 0.410671 0.461930 0.405153 0.461268 0.399759 0.457992 0.399329
1 0.501737 0.584866 0.501076 0.585051 0.500203 0.586167 0.500969 0.589264 0.500516 0.591745 0.505359 0.598056 0.513253 0.601653 0.517852 0.602093 0.519747 0.601736 0.522609 0.605315 0.523091 0.605157 0.525258 0.606704 0.526674 0.605597 0.527128 0.603736 0.529010 0.604106 0.529987 0.602310 0.529359 0.601880 0.530474 0.600824 0.532357 0.602806 0.532776 0.602125 0.531417 0.600019 0.533089 0.598282 0.532706 0.596856 0.530753 0.598407 0.529846 0.596421 0.528958 0.596028 0.528294 0.595843 0.528294 0.594352 0.528609 0.592741 0.528992 0.591690 0.529096 0.589458 0.529201 0.585926 0.528435 0.585056 0.524867 0.587819 0.523406 0.588398 0.522490 0.591662 0.521086 0.591662 0.518789 0.592208 0.517667 0.593046 0.515846 0.595171 0.512167 0.592204 0.510859 0.589958 0.509320 0.589713 0.506659 0.590292 0.502320 0.587472
9 0.507599 0.599042 0.506635 0.599968 0.506635 0.600894 0.507182 0.601819 0.508120 0.602005 0.508901 0.601634 0.508823 0.599644
9 0.510367 0.581204 0.509534 0.584537 0.510159 0.585787 0.511018 0.585648 0.511643 0.585139 0.511878 0.583981 0.512372 0.582454 0.511878 0.580926 0.511044 0.580370
1 0.538000 0.593588 0.537128 0.595731 0.536797 0.597444 0.536375 0.600125 0.535109 0.602106 0.534417 0.602644 0.532909 0.601944 0.532245 0.603394 0.532216 0.604356 0.533299 0.603819 0.533995 0.604407 0.534628 0.604250 0.535982 0.603176 0.537219 0.601407 0.537458 0.599375 0.537641 0.597926 0.538755 0.594287
2 0.539844 0.592870 0.538620 0.593148 0.538755 0.594287 0.539036 0.595602 0.540391 0.597870 0.542943 0.601417 0.543854 0.601977 0.544505 0.601694 0.546612 0.600500 0.546544 0.598889 0.544487 0.596968 0.542185 0.596718
1 0.546612 0.600500 0.545443 0.601667 0.543620 0.602963 0.541641 0.604306 0.543177 0.604398 0.544167 0.604167 0.545182 0.603704 0.547422 0.601944
9 0.541779 0.600926 0.540529 0.599167 0.539253 0.600556 0.539279 0.602222 0.539904 0.603380 0.540945 0.603565 0.541883 0.603241
1 0.499299 0.497144 0.498857 0.496634 0.496826 0.494412 0.496591 0.495662 0.498753 0.498301 0.499195 0.498255
1 0.498961 0.494412 0.498674 0.492606 0.497477 0.490153 0.496721 0.490338 0.497008 0.493023 0.497997 0.494551
8 0.476927 0.575602 0.479815 0.599764 0.480687 0.601190 0.481768 0.600880 0.482708 0.599824 0.482779 0.597968 0.479635 0.576713
1 0.500315 0.494505 0.500440 0.492463 0.499299 0.491171 0.499299 0.494227 0.499508 0.496495 0.499779 0.495306
10 0.490904 0.510310 0.492771 0.511329 0.494219 0.511380 0.496688 0.511273 0.495000 0.516523 0.493917 0.515986 0.492289 0.515505
10 0.489625 0.496403 0.490115 0.495162 0.490708 0.493736 0.491091 0.491009 0.490964 0.488241 0.489401 0.488935 0.488177 0.488981
1 0.482104 0.477333 0.483552 0.477657 0.485469 0.479153 0.488440 0.481745 0.491354 0.485009 0.491625 0.487120 0.492034 0.491236 0.491383 0.495880 0.490185 0.497894 0.489625 0.496403 0.490115 0.495162 0.490708 0.493736 0.491091 0.491009 0.490964 0.488241 0.490708 0.485991 0.489661 0.484500 0.487745 0.482394 0.485164 0.480782 0.483073 0.478801
1 0.544734 0.570106 0.542234 0.574606 0.540456 0.579588 0.538951 0.583764 0.537505 0.586870 0.537086 0.587741 0.536565 0.590931 0.535419 0.594870 0.535914 0.596116 0.536615 0.595704 0.537708 0.589685 0.538073 0.588106 0.539375 0.585606 0.540315 0.583111 0.543135 0.575579 0.543943 0.574718 0.545357 0.573144 0.546404 0.571417 0.545799 0.570130
9 0.542758 0.578338 0.540883 0.581856 0.540883 0.583060 0.542810 0.584171 0.543852 0.583801 0.544034 0.582134 0.543331 0.581579 0.543747 0.580745 0.544242 0.580745 0.544477 0.579681 0.544164 0.578662
2 0.470898 0.485625 0.470508 0.485069 0.470273 0.484144 0.469727 0.483588 0.469440 0.483912 0.469154 0.486921 0.468268 0.487245 0.467747 0.487708 0.468268 0.489236 0.468424 0.491597 0.468841 0.492662 0.468859 0.496505 0.468922 0.497023 0.469000 0.498505 0.469104 0.499722 0.468820 0.502014 0.468620 0.502616 0.468794 0.503917 0.469091 0.505639 0.470289 0.507722 0.471513 0.505824 0.473039 0.503833 0.472854 0.500579 0.471948 0.497912 0.471529 0.497727 0.471388 0.494630 0.470518 0.494630 0.470273 0.492088 0.470831 0.488616
2 0.468922 0.497023 0.463766 0.495356 0.462854 0.497162 0.464859 0.500681 0.466500 0.500310 0.467552 0.498819 0.468453 0.499199 0.469000 0.498505
2 0.468620 0.502616 0.468794 0.503917 0.467784 0.507384 0.464786 0.513769 0.460487 0.522250 0.459516 0.526190 0.458643 0.524329 0.457596 0.521417 0.457911 0.519310 0.459237 0.515903 0.461536 0.511500 0.463141 0.508463 0.464948 0.505028 0.466924 0.504667 0.468016 0.503306
2 0.461620 0.506301 0.460521 0.507231 0.459401 0.508574 0.458263 0.510051 0.457062 0.511671 0.454849 0.512968 0.454669 0.514356 0.455943 0.514912 0.457714 0.514912 0.458654 0.514079 0.460292 0.511625 0.462193 0.509264
2 0.459714 0.504130 0.457630 0.505333 0.455052 0.507926 0.455182 0.508944 0.455937 0.510889 0.457708 0.509361 0.459401 0.508574 0.460521 0.507231 0.460807 0.506028 0.460469 0.504500
2 0.467552 0.498819 0.464646 0.502833 0.464948 0.505028 0.466924 0.504667 0.468016 0.503306 0.468820 0.502014 0.469104 0.499722
1 0.468510 0.494519 0.464013 0.493343 0.461013 0.491546 0.455784 0.488569 0.455156 0.489500 0.457250 0.491171 0.460909 0.493588 0.464430 0.495139 0.468859 0.496505
2 0.577807 0.577190 0.574552 0.583671 0.572565 0.588870 0.571240 0.593315 0.568466 0.592245 0.568948 0.589889 0.570607 0.584958 0.574914 0.576870
10 0.454813 0.465611 0.456615 0.468083 0.457865 0.471782 0.459927 0.472431 0.462518 0.472528 0.464786 0.471954 0.464732 0.470194
1 0.516167 0.483463 0.515539 0.483213 0.515086 0.485199 0.516133 0.485630 0.516279 0.484324
1 0.516516 0.485319 0.518956 0.485199 0.521362 0.485755 0.521083 0.486935 0.520315 0.486935 0.517771 0.486560 0.516307 0.486190
1 0.521633 0.487801 0.520727 0.487801 0.520797 0.488917 0.522505 0.490898 0.523203 0.491023 0.523482 0.490218 0.522854 0.488917
1 0.519227 0.486995 0.518635 0.487181 0.518669 0.488421 0.520029 0.491894 0.521005 0.490898
1 0.518497 0.479662 0.516237 0.482889 0.516279 0.484324 0.517690 0.484037 0.518901 0.481315
9 0.537432 0.592583 0.538305 0.592690 0.540203 0.591991 0.541318 0.591347 0.542010 0.589208 0.541440 0.588296 0.539872 0.587491 0.538786 0.587815 0.538065 0.589477
9 0.546318 0.587690 0.545354 0.587505 0.544521 0.589032 0.544677 0.590468 0.545042 0.591440 0.545875 0.591718 0.546630 0.590977 0.546786 0.589449
9 0.547021 0.588894 0.547802 0.588940 0.548714 0.587273 0.548323 0.586347 0.547620 0.586023 0.546656 0.586162 0.546370 0.587134 0.546734 0.588384
1 0.521401 0.476653 0.520997 0.482745 0.522005 0.484542 0.522693 0.482532 0.522409 0.476866
2 0.530422 0.479676 0.527664 0.471963 0.524633 0.465074 0.525799 0.463995 0.527016 0.465028 0.530419 0.467278 0.532474 0.472458 0.532539 0.480037
9 0.544323 0.575319 0.544922 0.575134 0.545911 0.576894 0.545964 0.580134 0.545391 0.579625 0.544164 0.578662 0.543359 0.577356 0.543568 0.576477
5 0.551294 0.610389 0.549667 0.607977 0.546745 0.605620 0.544003 0.604657 0.539880 0.605079 0.536151 0.607250 0.531409 0.612764 0.529130 0.617435 0.527961 0.624463 0.528000 0.629806 0.529945 0.634120 0.534047 0.639694 0.540099 0.641898 0.543930 0.641134 0.547224 0.639403 0.549385 0.636620 0.551922 0.632398 0.553057 0.628653 0.554029 0.624426 0.554299 0.620778 0.554029 0.615593 0.553490 0.613389
5 0.545354 0.604963 0.546448 0.603343 0.549677 0.600935 0.552802 0.599685 0.557214 0.598639 0.560510 0.598426 0.562802 0.599537 0.566344 0.603009 0.571349 0.611958 0.573406 0.615370 0.574206 0.617972 0.574068 0.621319 0.572495 0.625514 0.570581 0.627838 0.568107 0.630162 0.562089 0.626014 0.561299 0.633255 0.557940 0.632792 0.555440 0.631958 0.553513 0.630292 0.553057 0.628653 0.554029 0.624426 0.554299 0.620778 0.554029 0.615593 0.553490 0.613389 0.551294 0.610389 0.549667 0.607977 0.546745 0.605620
5 0.511034 0.532306 0.508352 0.530778 0.504367 0.529944 0.500930 0.530593 0.497883 0.533370 0.495878 0.536657 0.495044 0.539343 0.495299 0.546194 0.496172 0.549662 0.498122 0.554435 0.501992 0.557537 0.505862 0.558574 0.509117 0.558343 0.511747 0.557417 0.514885 0.556000 0.517672 0.553083 0.519602 0.549620 0.520227 0.546796 0.520156 0.542486 0.518951 0.539273 0.515576 0.536060
5 0.502763 0.494125 0.502130 0.493750 0.501107 0.493750 0.499779 0.495306 0.497159 0.509981 0.493930 0.519968 0.493786 0.522694 0.494380 0.525551 0.495531 0.526852 0.497797 0.527963 0.500344 0.528588 0.502711 0.527963 0.506201 0.525852 0.508081 0.523315 0.509370 0.521023 0.510521 0.517986 0.511953 0.513153 0.511779 0.508750 0.511185 0.503667 0.509781 0.500282 0.505995 0.495403
5 0.473039 0.503833 0.474273 0.502120 0.475961 0.501208 0.478010 0.502227 0.479878 0.504102 0.480872 0.505602 0.481958 0.507958 0.482922 0.511440 0.483615 0.516366 0.483208 0.522727 0.481531 0.531847 0.479263 0.528676 0.477211 0.526565 0.473146 0.524676 0.468016 0.525185 0.461479 0.527269 0.460487 0.522250
5 0.507068 0.465898 0.505193 0.465806 0.502745 0.466083 0.500427 0.467287 0.498135 0.469926 0.496755 0.472657 0.495542 0.477144 0.495117 0.483745 0.495612 0.486292 0.497669 0.489579 0.500440 0.492463 0.503214 0.492676 0.505682 0.491014 0.508122 0.488764 0.509661 0.486250 0.510865 0.482551 0.511437 0.479657 0.511437 0.475644 0.510625 0.471463
5 0.438982 0.479620 0.437052 0.474963 0.436753 0.471907 0.437203 0.468106 0.438349 0.465370 0.439917 0.462856 0.441302 0.461514 0.443742 0.460282 0.447388 0.460606 0.453388 0.463588 0.456615 0.468083 0.457865 0.471782 0.458049 0.474375 0.457813 0.478963 0.456591 0.482250 0.455154 0.484903 0.454461 0.486403 0.453466 0.486833 0.452562 0.484796 0.450935 0.481796 0.448495 0.479921 0.446143 0.478741 0.443523 0.478583
5 0.454383 0.426296 0.453289 0.423472 0.451492 0.420000 0.449435 0.418287 0.447039 0.418287 0.443815 0.420190 0.441888 0.423782 0.440591 0.427102 0.439740 0.431509 0.439378 0.437190 0.439711 0.441046 0.440794 0.445514 0.442661 0.449583 0.444167 0.451620 0.445643 0.452796 0.448086 0.453977 0.448630 0.445958 0.450305 0.437032 0.452078 0.431319
2 0.546740 0.578949 0.545964 0.580134 0.542104 0.586171 0.543563 0.588162 0.544500 0.587792 0.546635 0.585106 0.549188 0.582051
9 0.578776 0.577824 0.578073 0.577870 0.577552 0.578750 0.577240 0.579954 0.577240 0.581157 0.577734 0.581806 0.578594 0.581620 0.578984 0.580880 0.579323 0.579537 0.579245 0.578472
1 0.579917 0.570259 0.575940 0.569134 0.572594 0.568116 0.572172 0.569671 0.572294 0.571278 0.574763 0.571227 0.579857 0.572134
9 0.576109 0.573134 0.576083 0.571653 0.574755 0.571606 0.573453 0.572116 0.574365 0.574245
9 0.577177 0.574106 0.576057 0.573505 0.575042 0.574199 0.575120 0.575773 0.576031 0.576560 0.577177 0.575912
9 0.574693 0.575843 0.572914 0.573218 0.572130 0.573273 0.572161 0.575787 0.572974 0.576218 0.573305 0.575843 0.574359 0.576537
9 0.573724 0.578130 0.573203 0.577296 0.571484 0.577157 0.570990 0.578685 0.571354 0.579426 0.572836 0.579843
9 0.569786 0.585398 0.568521 0.585028 0.565086 0.588185 0.565477 0.589523 0.568341 0.587648 0.569094 0.588343 0.569727 0.586898
9 0.564245 0.588898 0.564034 0.591148 0.564065 0.592806 0.562076 0.592324 0.562378 0.591412 0.562859 0.590824 0.562979 0.589005
9 0.580693 0.581653 0.580013 0.581051 0.579284 0.581282 0.578971 0.582116 0.578870 0.583227 0.579284 0.584708 0.580065 0.585264 0.580742 0.584662 0.581055 0.583597 0.581003 0.582394
2 0.509380 0.559375 0.517690 0.567912 0.522615 0.572894 0.523701 0.572787 0.524878 0.570005 0.524664 0.569250 0.523701 0.567162 0.523219 0.567000 0.521893 0.569194 0.512792 0.558912 0.511680 0.560037
1 0.532539 0.480037 0.532461 0.468926 0.532826 0.462722 0.533529 0.461750 0.534076 0.461981 0.533997 0.480315
2 0.536510 0.568491 0.531990 0.566778 0.530273 0.565546 0.525602 0.568653 0.524878 0.570005 0.523701 0.572787 0.526294 0.573741 0.530724 0.574972 0.536690 0.574708
6 0.484714 0.477810 0.482445 0.470514 0.448154 0.455153 0.426555 0.444208 0.418240 0.439602 0.405711 0.437009 0.404307 0.440750 0.404146 0.445167 0.421966 0.449394 0.427148 0.451218 0.443742 0.460282 0.447388 0.460606 0.453388 0.463588 0.454813 0.465611 0.479333 0.476912
5 0.464732 0.470194 0.464786 0.471954 0.465333 0.474690 0.466143 0.478574 0.467443 0.480282 0.469005 0.482282 0.471094 0.485352 0.471904 0.478824 0.479333 0.476912
1 0.550208 0.557157 0.549297 0.558315 0.547526 0.561926 0.544266 0.567375 0.541854 0.570213 0.540286 0.573106 0.540130 0.574963 0.539870 0.576213 0.539062 0.577370 0.538229 0.579037 0.538391 0.584440 0.538951 0.583764 0.539505 0.582278 0.539635 0.580102 0.540651 0.577093 0.542005 0.573898 0.544039 0.569722 0.545003 0.568435 0.545125 0.569347 0.546602 0.567847 0.546841 0.566778 0.547956 0.565222 0.548258 0.563347 0.549370 0.559935 0.550521 0.558569
9 0.567096 0.583495 0.565794 0.581875 0.565169 0.582292 0.564518 0.583079 0.564492 0.585162 0.565039 0.585856 0.566370 0.585116
9 0.564714 0.575088 0.563776 0.575319 0.562786 0.577356 0.565130 0.579718 0.565833 0.577727
2 0.527016 0.465028 0.525779 0.456940 0.527617 0.455333 0.528099 0.455870 0.530419 0.467278
1 0.522016 0.472884 0.522172 0.470523 0.522563 0.467560 0.523708 0.466310 0.524307 0.467190 0.523630 0.467931 0.523240 0.469782 0.523003 0.474259
1 0.513576 0.469963 0.514174 0.469685 0.515398 0.472463 0.515971 0.474454 0.516805 0.479037 0.516961 0.481815 0.516128 0.481630 0.515763 0.479083 0.515242 0.474963 0.514539 0.473620
1 0.507799 0.467042 0.507982 0.465792 0.509284 0.465884 0.509362 0.468338 0.510742 0.466903 0.513242 0.466764 0.515951 0.466856 0.519536 0.469977 0.523003 0.474259 0.524901 0.478106 0.526104 0.482769 0.526951 0.487981 0.526055 0.488838 0.525560 0.486060 0.524831 0.481986 0.524310 0.479208 0.522852 0.476523 0.520299 0.472634 0.518073 0.470648 0.515990 0.469491 0.513021 0.468843 0.511693 0.468796 0.509505 0.469676
1 0.517922 0.460343 0.516281 0.460944 0.512820 0.460852 0.512872 0.462657 0.516047 0.462565 0.517299 0.463769 0.517560 0.463028 0.516779 0.462102 0.517768 0.461731
1 0.520284 0.453102 0.522875 0.457384 0.522635 0.459102 0.519862 0.454602
1 0.525646 0.458157 0.525591 0.454824 0.526219 0.454361 0.526740 0.446259 0.525958 0.445843 0.525943 0.439139 0.525768 0.432319 0.525000 0.428231 0.524305 0.427796 0.523466 0.428727 0.522135 0.432685 0.520885 0.438148 0.519844 0.444444 0.518646 0.451389 0.518177 0.455556 0.518016 0.459315 0.518086 0.463532 0.518909 0.464042 0.519534 0.455431 0.520497 0.448995 0.521760 0.440676 0.523115 0.432958 0.524000 0.430884 0.524654 0.433542 0.524982 0.440843 0.524375 0.452292 0.523487 0.457106 0.519240 0.468639 0.519799 0.468972 0.522508 0.464574 0.523721 0.460343 0.524560 0.457685
16 0.497708 0.439352 0.495836 0.442616 0.495367 0.446375 0.496161 0.447278 0.497294 0.449778 0.498104 0.452944 0.498216 0.455741 0.499714 0.454769 0.498672 0.446759
10 0.499130 0.409926 0.500047 0.409898 0.501682 0.410894 0.502568 0.414046 0.503034 0.417032 0.500570 0.421204 0.501682 0.425995 0.500974 0.427875 0.499320 0.422495 0.497948 0.424218
10 0.488229 0.358889 0.491172 0.358745 0.492503 0.360537 0.494359 0.363907 0.495810 0.367208 0.496659 0.370292 0.497102 0.373731 0.497586 0.377819 0.497706 0.383412 0.497706 0.388505 0.497544 0.392736 0.498854 0.393241 0.501062 0.391278 0.499021 0.408819 0.500701 0.408653 0.502568 0.409898 0.503828 0.413718 0.504294 0.418194 0.504107 0.420023 0.505367 0.418444 0.508122 0.417199 0.509474 0.416787 0.509055 0.414463 0.507935 0.413384 0.505508 0.405583 0.508961 0.399694 0.509289 0.397370 0.502802 0.378120 0.498461 0.364514 0.496500 0.359120 0.493560 0.349579 0.488659 0.340620 0.487820 0.340699 0.485393 0.348250
9 0.573565 0.568097 0.573305 0.567079 0.572133 0.566384 0.571091 0.566708 0.570596 0.568144 0.571039 0.569162 0.572172 0.569671 0.572594 0.568116
9 0.570518 0.565551 0.569659 0.564764 0.568878 0.565412 0.568773 0.566153 0.569346 0.568190 0.569971 0.568699 0.570596 0.568144 0.570779 0.566569
1 0.566180 0.556431 0.565727 0.556806 0.565937 0.559106 0.568469 0.564356 0.569734 0.563713
9 0.572008 0.569991 0.571070 0.569898 0.570289 0.570454 0.569872 0.569343 0.569039 0.569157 0.569924 0.572491 0.571487 0.574157 0.571956 0.573694 0.572130 0.573273 0.572294 0.571278
2 0.494479 0.402278 0.492612 0.400991 0.492531 0.398866 0.494073 0.395296 0.495286 0.392523 0.497544 0.392736 0.498854 0.393241 0.500339 0.393426 0.499427 0.397269 0.496224 0.403241
10 0.494479 0.402278 0.492612 0.400991 0.492721 0.403097 0.490805 0.408324 0.488708 0.410398 0.485302 0.411347 0.485010 0.417361 0.483755 0.420338 0.484495 0.423282 0.485714 0.423903 0.491667 0.422431 0.492117 0.421806 0.492362 0.421060 0.492721 0.416204 0.492487 0.414880 0.492849 0.414306 0.493549 0.408051
1 0.571161 0.575009 0.570510 0.574870 0.570401 0.575847 0.570695 0.577338 0.569966 0.579190 0.567987 0.582894 0.566477 0.584926 0.564654 0.586315 0.561268 0.587241 0.556885 0.586394 0.553844 0.584093 0.550167 0.579912 0.549143 0.581093 0.551612 0.584412 0.554898 0.587306 0.558271 0.589343 0.562461 0.588968 0.566195 0.586769 0.568005 0.584736 0.569099 0.582750 0.570375 0.580343 0.570990 0.578685 0.571365 0.576824
16 0.504107 0.420023 0.505367 0.418444 0.508122 0.417199 0.509474 0.416787 0.510755 0.416481 0.513177 0.416713 0.517135 0.420463 0.518828 0.422824 0.519948 0.425324 0.522135 0.432685 0.520885 0.438148 0.519844 0.444444 0.518646 0.451389 0.518646 0.451389 0.518289 0.454449 0.515344 0.458537 0.512820 0.460852 0.510182 0.461472 0.508930 0.462481 0.506833 0.462838 0.505193 0.465806 0.503849 0.463046 0.503487 0.464269 0.501792 0.464343 0.498281 0.462625 0.498214 0.458417 0.498216 0.455741 0.499714 0.454769 0.500677 0.456343 0.501328 0.456759 0.501797 0.456111 0.502188 0.455602 0.502318 0.454167 0.501693 0.449556 0.502448 0.451269 0.503594 0.451130 0.504219 0.450019 0.504219 0.448907 0.503935 0.447477 0.502865 0.440019 0.502370 0.435852 0.502083 0.430481 0.501771 0.429926 0.503081 0.425995 0.503922 0.422676
8 0.501771 0.429926 0.502083 0.430481 0.502370 0.435852 0.502865 0.440019 0.503958 0.447519 0.504219 0.448907 0.504219 0.450019 0.503594 0.451130 0.502448 0.451269 0.501693 0.449556 0.499974 0.432796 0.501448 0.430644
8 0.499068 0.434125 0.499661 0.438750 0.500911 0.447685 0.501693 0.449556 0.502318 0.454167 0.502188 0.455602 0.501797 0.456111 0.501328 0.456759 0.500677 0.456343 0.499714 0.454769 0.498672 0.446759 0.497708 0.439352 0.497500 0.436343
16 0.416404 0.410130 0.416404 0.414352 0.417536 0.414926 0.417914 0.418287 0.419857 0.423931 0.420057 0.428088 0.421164 0.431759 0.423464 0.434773 0.426609 0.439148 0.435052 0.442093 0.435435 0.437194 0.435156 0.433727 0.434529 0.432301 0.434565 0.428273 0.434948 0.427773 0.435393 0.420593 0.435206 0.414926 0.435831 0.413259 0.436206 0.411259 0.435268 0.408708 0.432643 0.403931 0.430458 0.401486 0.428128 0.400440 0.426214 0.400523 0.423974 0.400273 0.422388 0.401602 0.421211 0.403296 0.418143 0.407199
9 0.572505 0.580074 0.571208 0.579699 0.570997 0.581037 0.571781 0.582111
1 0.483755 0.420338 0.483440 0.423685 0.482081 0.429014 0.481099 0.432134 0.480633 0.434875 0.480911 0.437528 0.481987 0.439935 0.483667 0.442259 0.486000 0.443255 0.488940 0.442755 0.491927 0.441759 0.495193 0.438690 0.496688 0.437444 0.499068 0.434125 0.501448 0.430644 0.503081 0.425995 0.503922 0.422676 0.504294 0.418194 0.503828 0.413718 0.502568 0.409898 0.500701 0.408653 0.499021 0.408819 0.497714 0.408903 0.494820 0.411806 0.492487 0.414880 0.492721 0.416204 0.494026 0.414713 0.495893 0.412389 0.498133 0.409815 0.500047 0.409898 0.501682 0.410894 0.502568 0.414046 0.503034 0.417032 0.502987 0.420852 0.501682 0.425995 0.500094 0.429810 0.497154 0.434625 0.494542 0.437116 0.491927 0.439935 0.488380 0.441181 0.486141 0.441264 0.483693 0.440139 0.482961 0.439023 0.481984 0.437537 0.481461 0.434935 0.481461 0.433134 0.481880 0.430782 0.483169 0.427370 0.484495 0.423282
9 0.509490 0.526690 0.510609 0.523218 0.511156 0.522106 0.512354 0.522847 0.512484 0.523403 0.511911 0.525671 0.510773 0.528370
5 0.503214 0.492676 0.505682 0.491014 0.508122 0.488764 0.509661 0.486250 0.510865 0.482551 0.511768 0.483375 0.513711 0.485681 0.516951 0.492014 0.519922 0.494319 0.520029 0.494991 0.517654 0.495278 0.520406 0.500944 0.520622 0.508625 0.519542 0.513519 0.518138 0.517745 0.515224 0.518898 0.513062 0.518130 0.511953 0.513153 0.511779 0.508750 0.511185 0.503667 0.509781 0.500282 0.505995 0.495403
5 0.550799 0.527074 0.556711 0.532861 0.555878 0.536144 0.553299 0.533417
5 0.494128 0.482551 0.495117 0.483745 0.495612 0.486292 0.496562 0.489750 0.496937 0.493315 0.496003 0.500120 0.494229 0.503759 0.492974 0.505120 0.490010 0.507662 0.489349 0.504565 0.489349 0.502644 0.489628 0.500352 0.490185 0.497894 0.491383 0.495880 0.492034 0.491236 0.491625 0.487120 0.493245 0.484144
5 0.501062 0.391278 0.498854 0.393241 0.500339 0.393426 0.499427 0.397269 0.496224 0.403241 0.494479 0.402278 0.493549 0.408051 0.492849 0.414306 0.494820 0.411806 0.497714 0.408903 0.499021 0.408819
5 0.485714 0.423903 0.491667 0.422431 0.492117 0.421806 0.492362 0.421060 0.492721 0.416204 0.494026 0.414713 0.495893 0.412389 0.498133 0.409815 0.499130 0.409926 0.497154 0.434625 0.494542 0.437116 0.491927 0.439935 0.488380 0.441181 0.486141 0.441264 0.483693 0.440139
5 0.496688 0.437444 0.495193 0.438690 0.491927 0.441759 0.488940 0.442755 0.486000 0.443255 0.483667 0.442259 0.483013 0.447319 0.486492 0.449245 0.493138 0.447185 0.494594 0.446606 0.495367 0.446375
8 0.499320 0.422495 0.500974 0.427875 0.500094 0.429810 0.499766 0.430324 0.499167 0.424074
8 0.479534 0.574870 0.478526 0.565736 0.477758 0.558241 0.477063 0.556875 0.475945 0.556255 0.474831 0.557741 0.475596 0.564315 0.478247 0.571250 0.476643 0.571500 0.476914 0.573963
1 0.496331 0.498301 0.497268 0.498116 0.498206 0.499181 0.498023 0.500338 0.496201 0.499690
2 0.479333 0.476912 0.471904 0.478824 0.471094 0.485352 0.470898 0.485625 0.470831 0.488616 0.470273 0.492088 0.470518 0.494630 0.471388 0.494630 0.471529 0.497727 0.471948 0.497912 0.472854 0.500579 0.473039 0.503833 0.474273 0.502120 0.475961 0.501208 0.478010 0.502227 0.479878 0.504102 0.480872 0.505602 0.481958 0.507958 0.482922 0.511440 0.483615 0.516366 0.483542 0.518824 0.485703 0.518699 0.487969 0.518949 0.489677 0.516843 0.490898 0.515852 0.492289 0.515505 0.490904 0.510310 0.490010 0.507662 0.489349 0.504565 0.489349 0.502644 0.489628 0.500352 0.490185 0.497894 0.489625 0.496403 0.488177 0.488981 0.487500 0.486667 0.486510 0.483333 0.486146 0.481389 0.485164 0.480782 0.483073 0.478801 0.482104 0.477333
2 0.483310 0.546116 0.482685 0.541898 0.482685 0.534120 0.481531 0.531847 0.479263 0.528676 0.477211 0.526565 0.473146 0.524676 0.468016 0.525185 0.461479 0.527269 0.460128 0.528236 0.463190 0.538565 0.469250 0.537676 0.473062 0.538787 0.475688 0.539231 0.480247 0.542454
10 0.486958 0.522505 0.487760 0.523616 0.488771 0.525352 0.489643 0.527958 0.489888 0.530435 0.489784 0.532727 0.489328 0.537315 0.486401 0.534338 0.481870 0.532046 0.483612 0.527458
1 0.493930 0.519968 0.495000 0.516523 0.493917 0.515986 0.492289 0.515505 0.490898 0.515852 0.489677 0.516843 0.487969 0.518949 0.485703 0.518699 0.483542 0.518824 0.483208 0.522727 0.481531 0.531847 0.481870 0.532046 0.483612 0.527458 0.486958 0.522505 0.488565 0.520556 0.490831 0.518699 0.492888 0.518449
1 0.473820 0.544477 0.472753 0.544014 0.471945 0.546051 0.471138 0.546005 0.469315 0.547069 0.467362 0.547764 0.465018 0.547903 0.465122 0.549199 0.465799 0.549662 0.467987 0.549384 0.469758 0.548736 0.471086 0.547764 0.471685 0.547718 0.471997 0.548181 0.472518 0.548458 0.472943 0.547269
1 0.476839 0.539986 0.476318 0.541097 0.474964 0.541468 0.472672 0.540866 0.472776 0.543042 0.475354 0.543458 0.476552 0.543227 0.478089 0.541699 0.478401 0.541144
2 0.475698 0.550032 0.474161 0.549245 0.472518 0.548458 0.471997 0.548181 0.471685 0.547718 0.471086 0.547764 0.469758 0.548736 0.467987 0.549384 0.465799 0.549662 0.465854 0.552208 0.467964 0.552394 0.470958 0.553088 0.472260 0.554199 0.474026 0.555153 0.475849 0.554458
2 0.471417 0.538245 0.470815 0.545259 0.464758 0.545370 0.463190 0.538565 0.469250 0.537676
1 0.474026 0.555153 0.473419 0.555801 0.472365 0.557519 0.471701 0.559926 0.471339 0.562819 0.471490 0.566088 0.472305 0.568657 0.473659 0.571764 0.476927 0.575602 0.479635 0.576713 0.481977 0.577657 0.486224 0.578731 0.487581 0.577120 0.486284 0.576801 0.483964 0.576106 0.482096 0.575731 0.479534 0.574870 0.476914 0.573963 0.475438 0.572463 0.474383 0.570694 0.473237 0.568125 0.472516 0.565231 0.472182 0.562125 0.472695 0.558963 0.473508 0.556662 0.474896 0.555000
2 0.473193 0.557801 0.478247 0.571250 0.475214 0.571620 0.473237 0.568125 0.472516 0.565231 0.472182 0.562125
9 0.488763 0.602222 0.488138 0.601065 0.487201 0.601019 0.486680 0.601481 0.486523 0.602917 0.486836 0.604167 0.487331 0.605139 0.488034 0.605370 0.488451 0.604769 0.488711 0.604213
9 0.487201 0.601019 0.486589 0.600417 0.485391 0.599907 0.485208 0.601852 0.486432 0.602176
1 0.488888 0.601792 0.490711 0.602579 0.493497 0.604801 0.493107 0.605870 0.492326 0.605407 0.490893 0.604292 0.488810 0.603366
9 0.488138 0.601065 0.488125 0.600046 0.490495 0.599306 0.490711 0.602579 0.488888 0.601792 0.488763 0.602222
9 0.489620 0.592523 0.489409 0.595255 0.489862 0.596273 0.491367 0.598306 0.494260 0.598468 0.494049 0.596486
1 0.584073 0.588458 0.579052 0.586662 0.574625 0.584431 0.574589 0.585486 0.584211 0.590255
9 0.580013 0.586097 0.581497 0.585125 0.582227 0.585356 0.582982 0.587903 0.580742 0.586745
9 0.577279 0.583227 0.576888 0.581375 0.576471 0.581468 0.575456 0.583875 0.576367 0.585032 0.576758 0.584801
9 0.579023 0.583782 0.578372 0.582764 0.577828 0.582903 0.577148 0.583875 0.577148 0.585171 0.577852 0.585819 0.578349 0.585912 0.579076 0.585681
9 0.570154 0.581037 0.571029 0.581787 0.570456 0.583449 0.569099 0.582750
1 0.571510 0.566431 0.571479 0.564769 0.570755 0.561769 0.569732 0.559306 0.567471 0.556037 0.566539 0.555074 0.565937 0.555398 0.566180 0.556431 0.567352 0.557644 0.569281 0.560806 0.570336 0.562949 0.570937 0.566162
2 0.551141 0.579421 0.552104 0.578727 0.553198 0.580301 0.554760 0.580532 0.557339 0.581921 0.559891 0.584051 0.562234 0.586551 0.561688 0.587014 0.559656 0.585625 0.557807 0.584329 0.557104 0.584792 0.555568 0.584931 0.554734 0.583264 0.552885 0.581968
2 0.561458 0.578398 0.563237 0.580593 0.564292 0.581556 0.564518 0.583079 0.564492 0.585162 0.564292 0.585843 0.562904 0.586005 0.562151 0.585306 0.560073 0.583324 0.558776 0.581292 0.559740 0.580593 0.560523 0.579574
2 0.557060 0.579972 0.555365 0.579324 0.553549 0.577963 0.553026 0.575741 0.553307 0.574736 0.555003 0.574593 0.557865 0.574162 0.558995 0.574954 0.560568 0.577750 0.559680 0.578681
9 0.549724 0.578917 0.549750 0.577667 0.550531 0.573870 0.551339 0.574241 0.551599 0.574750 0.550375 0.578963
1 0.551266 0.576426 0.552073 0.577630 0.553687 0.579528 0.555953 0.580778 0.557359 0.581102 0.558776 0.581292 0.559740 0.580593 0.560523 0.579574 0.561458 0.578398 0.562438 0.576981 0.563193 0.574898 0.564266 0.569588 0.565104 0.564875 0.565331 0.560921 0.565401 0.556333 0.565583 0.552574 0.565161 0.548236 0.564466 0.545069 0.563581 0.543542 0.562773 0.542523 0.561654 0.542333 0.560612 0.543079 0.560924 0.544051 0.561680 0.543681 0.563320 0.544468 0.564076 0.546875 0.564570 0.549884 0.564854 0.554588 0.564724 0.558338 0.564516 0.561440 0.563984 0.566829 0.563203 0.572106 0.561859 0.576005 0.560568 0.577750 0.559680 0.578681 0.557060 0.579972 0.555365 0.579324 0.553549 0.577963 0.552536 0.576653 0.551521 0.575449
9 0.555451 0.531662 0.556570 0.530597 0.557299 0.530875 0.557898 0.533051 0.557247 0.534347 0.556310 0.534810 0.556711 0.532861
9 0.553023 0.528620 0.553935 0.527509 0.554638 0.527694 0.555810 0.530009 0.555133 0.531028
9 0.551018 0.525333 0.551852 0.524176 0.552919 0.523759 0.553935 0.524315 0.554195 0.525287 0.554195 0.526167 0.553805 0.527046 0.553258 0.527509 0.552008 0.527417
2 0.557602 0.549949 0.560648 0.545227 0.562706 0.548560 0.564398 0.553005 0.564854 0.554588 0.564724 0.558338 0.564516 0.561440 0.561672 0.562704 0.561430 0.559704 0.561190 0.557667 0.560255 0.554773
9 0.549359 0.578824 0.548448 0.575954 0.547849 0.574102 0.546859 0.574935 0.547432 0.577065 0.548318 0.579426
9 0.555536 0.555741 0.556344 0.555694 0.557385 0.555880 0.558297 0.556713 0.559052 0.559167 0.558922 0.560509 0.556917 0.560833 0.554599 0.560833 0.555198 0.558380
9 0.551977 0.565185 0.548305 0.569167 0.548982 0.570509 0.549971 0.570880 0.552078 0.568259 0.552784 0.566944
1 0.555737 0.550986 0.554852 0.551495 0.554591 0.554597 0.553914 0.558208 0.552091 0.561681 0.550737 0.563764 0.549695 0.563579 0.549122 0.564412 0.548393 0.565986 0.548029 0.567884 0.549357 0.567653 0.549643 0.566727 0.551362 0.565523 0.552716 0.564273 0.552820 0.563579 0.552820 0.562931 0.553628 0.561588 0.554227 0.560153 0.554956 0.558208 0.555424 0.555153
9 0.554852 0.551495 0.553021 0.551620 0.552578 0.552778 0.554661 0.553657
2 0.555862 0.552676 0.556747 0.552630 0.557190 0.552306 0.557320 0.550454 0.556826 0.547907 0.556253 0.546333 0.554846 0.546056 0.551773 0.548787 0.553805 0.550870 0.554586 0.550361 0.555263 0.550269 0.555940 0.550917 0.556253 0.551565
1 0.555268 0.546056 0.555268 0.541148 0.556206 0.541472 0.556253 0.546333
9 0.559464 0.543880 0.557354 0.546241 0.557224 0.547861 0.558031 0.548046 0.558318 0.546935 0.559750 0.545407 0.560115 0.544667
9 0.559594 0.539343 0.558865 0.541287 0.558917 0.542306 0.560219 0.542398 0.560818 0.542398 0.560792 0.541009
1 0.560896 0.545593 0.561417 0.544806 0.562302 0.544435 0.562510 0.545361 0.561859 0.545731 0.561417 0.546472
9 0.556495 0.544296 0.556625 0.542815 0.557068 0.542259 0.557589 0.542306 0.557875 0.543602 0.557615 0.544713 0.556964 0.545870
9 0.561510 0.568435 0.563698 0.565981 0.563437 0.568713 0.561146 0.570287
9 0.557711 0.550866 0.557711 0.552486 0.556227 0.554019 0.556344 0.555694 0.557385 0.555880 0.558596 0.555870 0.559039 0.556472 0.559430 0.558324 0.560471 0.558690 0.560992 0.558134 0.561190 0.557667 0.560255 0.554773
1 0.561211 0.558694 0.560716 0.559157 0.560742 0.563000 0.560742 0.566565 0.560203 0.568444 0.559891 0.569648 0.559370 0.570713 0.558953 0.571407 0.558555 0.571935 0.556159 0.572583 0.552435 0.572398 0.550221 0.571565 0.548659 0.570593 0.546602 0.567847 0.545924 0.568787 0.548711 0.571750 0.549596 0.572352 0.544872 0.573745 0.544768 0.574764 0.546859 0.574935 0.547849 0.574102 0.548961 0.574023 0.550531 0.573870 0.552034 0.573838 0.553544 0.574301 0.555133 0.574486 0.557685 0.574069 0.558935 0.573884 0.560810 0.571292 0.561253 0.568468 0.561487 0.565690 0.561672 0.562704 0.561430 0.559704
2 0.558810 0.562968 0.553680 0.562134 0.553315 0.564819 0.557378 0.570329 0.558107 0.568153
9 0.546727 0.530361 0.545607 0.530454 0.544122 0.533324 0.544279 0.534157 0.545633 0.536565 0.547560 0.533694
9 0.548836 0.535083 0.548003 0.534667 0.547247 0.534759 0.546987 0.536287 0.547143 0.537213 0.547534 0.537815 0.548133 0.538231 0.548602 0.537954 0.549148 0.536935
2 0.543638 0.519819 0.542023 0.516718 0.541529 0.517829 0.541190 0.520051 0.541346 0.521995 0.542831 0.522366 0.544081 0.523940 0.544289 0.523755 0.542948 0.520556
9 0.534167 0.561944 0.533073 0.560370 0.532682 0.560231 0.532135 0.560926 0.531927 0.564167 0.532240 0.564630 0.532786 0.564398
1 0.494073 0.395296 0.494737 0.386713 0.494992 0.379722 0.494323 0.373778 0.493214 0.370648 0.491313 0.367167 0.489805 0.365079 0.486359 0.364468 0.484758 0.363046 0.484930 0.362319 0.485687 0.360824 0.486453 0.360324 0.487341 0.359894 0.488229 0.358889 0.491172 0.358745 0.492503 0.360537 0.494359 0.363907 0.495810 0.367208 0.496659 0.370292 0.497102 0.373731 0.497586 0.377819 0.497706 0.383412 0.497706 0.388505 0.497544 0.392736 0.495286 0.392523
9 0.512891 0.526819 0.512448 0.526819 0.511901 0.527606 0.511901 0.528995 0.512292 0.529505 0.512969 0.528579 0.513203 0.527236
1 0.513055 0.526009 0.512404 0.525778 0.512326 0.524528 0.512484 0.523403 0.513107 0.522306 0.514305 0.520963 0.515841 0.520222 0.517273 0.520083 0.518628 0.520454 0.520216 0.521472 0.522013 0.522769 0.523826 0.525088 0.525049 0.527403 0.526508 0.531245 0.526924 0.533051 0.527081 0.536014 0.526378 0.536245 0.525961 0.533329 0.524841 0.529856 0.523487 0.526755 0.521742 0.524301 0.520076 0.522954 0.519237 0.522583 0.517146 0.521653 0.515867 0.521796 0.514982 0.522074 0.513680 0.523324 0.513523 0.524944
9 0.519091 0.525356 0.517607 0.528366 0.520419 0.530171 0.520784 0.529014
9 0.518831 0.529384 0.517034 0.528505 0.516174 0.529894 0.516357 0.531329 0.518883 0.531606
9 0.516823 0.535343 0.516224 0.536454 0.516771 0.537009 0.517422 0.536361 0.517813 0.536454 0.518125 0.537796 0.518854 0.538306 0.519922 0.537843 0.519792 0.536176
9 0.520471 0.536375 0.522565 0.536745 0.525005 0.538417 0.525339 0.539028 0.525443 0.540417 0.525312 0.541944 0.524635 0.540741 0.523750 0.539213 0.522630 0.538102 0.520729 0.538565
9 0.519753 0.540921 0.521680 0.539394 0.522721 0.538838 0.523190 0.539069 0.523216 0.540366 0.521211 0.542495 0.520482 0.543560 0.520156 0.542486
2 0.523716 0.546847 0.524107 0.543366 0.524138 0.541060 0.523216 0.540366 0.521211 0.542495 0.520227 0.546796 0.520281 0.547648
9 0.523297 0.549301 0.522073 0.552310 0.520068 0.552171 0.520328 0.551014
1 0.525094 0.544995 0.524365 0.546153 0.523716 0.546847 0.519602 0.549620 0.518974 0.551477 0.520328 0.551014 0.523297 0.549301 0.524130 0.548329 0.525146 0.546431
1 0.521841 0.562796 0.520513 0.560667 0.519888 0.559694 0.519055 0.557426 0.518273 0.555528 0.517831 0.555667 0.517492 0.556963 0.517805 0.558722 0.519211 0.561315 0.520904 0.563583
9 0.523273 0.557796 0.521659 0.556454 0.520878 0.556500 0.519367 0.556685 0.519419 0.557611 0.520018 0.558444 0.522414 0.559926
9 0.525068 0.554676 0.524000 0.552731 0.522698 0.553287 0.522307 0.554676 0.523271 0.556667 0.524156 0.556852
9 0.525120 0.549815 0.524391 0.549861 0.524052 0.551944 0.524547 0.553102 0.525042 0.552176
1 0.528302 0.564523 0.527156 0.565824 0.525620 0.566056 0.524188 0.565171 0.523042 0.564245 0.520437 0.566005 0.520750 0.566981 0.522182 0.567676 0.523016 0.566792 0.523458 0.566287 0.523901 0.566468 0.523701 0.567162 0.524005 0.567907 0.524734 0.567069 0.525594 0.567255 0.525602 0.568653 0.526375 0.567856 0.526219 0.566931 0.527391 0.567069 0.529057 0.566194 0.529083 0.564986
1 0.526479 0.560708 0.524786 0.560986 0.523568 0.561620 0.521841 0.562796 0.520904 0.563583 0.519344 0.564875 0.519344 0.565755 0.520177 0.565847 0.521922 0.564227 0.524109 0.562884 0.525698 0.562699 0.526844 0.561356
1 0.533802 0.548657 0.533307 0.552176 0.532630 0.555833 0.532396 0.558056 0.532656 0.559722 0.533177 0.560046 0.533698 0.559630 0.533542 0.558704 0.533385 0.558102 0.533333 0.556343 0.534401 0.548981
1 0.523568 0.561620 0.524687 0.559028 0.525911 0.557176 0.525391 0.554630 0.525234 0.553380 0.525120 0.549815 0.525146 0.546431 0.525599 0.543657 0.525990 0.541806 0.526484 0.540417 0.527188 0.541250 0.526849 0.542176 0.526406 0.544769 0.526146 0.547176 0.526016 0.549213 0.526094 0.552269 0.526615 0.556343 0.526901 0.557269 0.526823 0.558287 0.526198 0.558657 0.525443 0.559907 0.524786 0.560986
5 0.297013 0.203889 0.288721 0.187306 0.294810 0.183389 0.308674 0.177398 0.311911 0.175097 0.316057 0.171644 0.321370 0.171644 0.331484 0.192037 0.343005 0.212407 0.357388 0.241662 0.371185 0.271329 0.373984 0.280079 0.374555 0.283259 0.376224 0.285444 0.376458 0.288046 0.372870 0.284847 0.369734 0.282472 0.366146 0.278491 0.361979 0.280648 0.359266 0.284731 0.335143 0.254995 0.306938 0.217222
5 0.357547 0.158755 0.356435 0.154731 0.355596 0.153046 0.355523 0.149398 0.359219 0.149204 0.362883 0.148806 0.362883 0.147792 0.358784 0.143718 0.358755 0.142060 0.361227 0.140282 0.364388 0.132481 0.363685 0.130005 0.362427 0.128514 0.362516 0.125519 0.365508 0.125852 0.372786 0.132907 0.378664 0.138218 0.384917 0.144190 0.389536 0.148009 0.395753 0.153481 0.403409 0.161954 0.415229 0.173750 0.423760 0.180292 0.433701 0.189894 0.442901 0.199713 0.447419 0.204171 0.447044 0.206278 0.448794 0.213167 0.449609 0.219051 0.456609 0.225056 0.455227 0.227278 0.454115 0.228287 0.453177 0.229907 0.451172 0.228051 0.449734 0.227046 0.447943 0.231296 0.446706 0.239412 0.439331 0.231185 0.439766 0.240181 0.440266 0.249509 0.434219 0.242505 0.424984 0.232806 0.411701 0.218213 0.396148 0.201894 0.379083 0.182597 0.362451 0.164551
5 0.384917 0.144190 0.377315 0.135782 0.371388 0.129644 0.368401 0.126907 0.368401 0.125662 0.370081 0.123171 0.374234 0.120435 0.375401 0.119190 0.376521 0.112801 0.377409 0.110560 0.381047 0.102597 0.383055 0.102264 0.383570 0.102500 0.384411 0.103250 0.410234 0.129417 0.441930 0.159255 0.468906 0.185454 0.466456 0.189551 0.466456 0.189551 0.465057 0.192620 0.463003 0.198014 0.461883 0.200171 0.461229 0.200088 0.460622 0.199009 0.459596 0.200333 0.460016 0.202412 0.458661 0.206560 0.456328 0.208051 0.456281 0.209546 0.454010 0.212546 0.447419 0.204171 0.442901 0.199713 0.433701 0.189894 0.423760 0.180292 0.415229 0.173750 0.403409 0.161954 0.395753 0.153481 0.389536 0.148009
5 0.464870 0.234852 0.462633 0.232213 0.459487 0.232356 0.457607 0.233384 0.456609 0.233602 0.453638 0.235727 0.452146 0.237019 0.450979 0.238903 0.451461 0.240102 0.462190 0.251861 0.474815 0.265917 0.494823 0.288435 0.498818 0.293671 0.507609 0.302417 0.525440 0.323931 0.533424 0.333111 0.534596 0.334616 0.535724 0.338417 0.535951 0.339593 0.531870 0.341514 0.530984 0.342181 0.531474 0.344005 0.539958 0.353324 0.541630 0.352431 0.541044 0.350500 0.541044 0.345296 0.543135 0.343958 0.546984 0.349014 0.548823 0.347676 0.548992 0.343065 0.552003 0.347676 0.554094 0.347227 0.554010 0.342917 0.556518 0.331167 0.559279 0.325815 0.562307 0.327806 0.563315 0.327157 0.562786 0.326019 0.559375 0.322639 0.557318 0.320694 0.553078 0.316412 0.551865 0.314755 0.550130 0.314398 0.547383 0.311681 0.544583 0.314171 0.542344 0.311602 0.540198 0.310602 0.538469 0.311185 0.536695 0.311269 0.514576 0.287454 0.489557 0.260986
5 0.451461 0.240102 0.449839 0.242657 0.446706 0.239412 0.439331 0.231185 0.439766 0.240181 0.440266 0.249509 0.440211 0.252102 0.437727 0.253926 0.434974 0.255463 0.433948 0.257000 0.436797 0.259120 0.445964 0.269815 0.464237 0.290875 0.480622 0.308231 0.488049 0.313931 0.500633 0.331287 0.511859 0.346162 0.517961 0.354032 0.521133 0.351491 0.526328 0.345542 0.531870 0.341514 0.535951 0.339593 0.535724 0.338417 0.534596 0.334616 0.533424 0.333111 0.525440 0.323931 0.507609 0.302417 0.498818 0.293671 0.494823 0.288435 0.474815 0.265917 0.462190 0.251861
