0 0.481154 0.293319 0.478091 0.300477 0.478266 0.307324 0.479492 0.315412 0.470125 0.310278 0.466276 0.311681 0.460237 0.322884 0.459719 0.350750 0.459589 0.370264 0.460307 0.378074 0.461320 0.382569 0.463771 0.386181 0.466258 0.391579 0.468961 0.399236 0.472883 0.401477 0.479719 0.401769 0.483781 0.399903 0.486221 0.407264 0.495893 0.406065 0.496865 0.401412 0.496820 0.398333 0.498081 0.397292 0.500112 0.401940 0.504120 0.404181 0.509057 0.401630 0.513958 0.397509 0.517547 0.391954 0.519701 0.384375 0.520706 0.383704 0.521810 0.383472 0.522648 0.371491 0.521458 0.348741 0.522125 0.347778 0.521773 0.338537 0.520646 0.319551 0.515464 0.309565 0.511156 0.309236 0.498284 0.317218 0.498284 0.315662 0.501818 0.311181 0.502693 0.306903 0.502737 0.301269
5 0.467534 0.524042 0.469138 0.527398 0.469815 0.529898 0.471690 0.532259 0.474633 0.533648 0.476898 0.535130 0.479685 0.535315 0.483201 0.534898 0.486091 0.533556 0.486313 0.533968 0.484174 0.536324 0.482456 0.538843 0.481492 0.541093 0.481042 0.543505 0.479872 0.542250 0.476768 0.539884 0.472612 0.538523 0.470273 0.538236 0.467279 0.530852
10 0.400365 0.370556 0.409802 0.393852 0.408672 0.379074 0.420763 0.376667 0.422815 0.404412 0.431771 0.384083 0.431003 0.380986 0.430549 0.377514 0.425521 0.353634 0.422534 0.351810 0.417495 0.350815 0.413620 0.350731 0.409794 0.352056 0.406479 0.354880 0.404146 0.358361 0.401346 0.365745
10 0.460729 0.379815 0.459068 0.380458 0.457414 0.382324 0.455396 0.384977 0.453299 0.388273 0.452487 0.393676 0.451695 0.399153 0.451443 0.403190 0.453094 0.415829 0.454401 0.417403 0.456888 0.419755 0.458141 0.416815 0.459995 0.413588 0.461487 0.410579 0.462779 0.409356 0.464836 0.408426 0.466570 0.409787 0.466529 0.413949 0.471562 0.409523 0.474029 0.407736 0.477055 0.407523 0.479635 0.407810 0.480724 0.401356 0.479719 0.401769 0.472883 0.401477 0.468961 0.399236 0.466258 0.391579 0.463771 0.386181 0.461320 0.382569
2 0.446307 0.373778 0.446388 0.372278 0.447893 0.372009 0.451089 0.377245 0.452721 0.379319 0.452721 0.382394 0.451711 0.388403 0.450214 0.381648 0.448747 0.377560
2 0.450281 0.398569 0.448156 0.400741 0.446203 0.401056 0.445052 0.400551 0.439964 0.410097 0.432109 0.427769 0.430586 0.433611 0.433292 0.433824 0.434315 0.434162 0.438219 0.425361 0.442195 0.424931 0.443797 0.430630 0.445576 0.431176 0.447466 0.428491 0.448331 0.424843 0.450060 0.425130 0.450922 0.426569 0.451409 0.426759 0.452380 0.416583 0.451836 0.415329 0.450060 0.411097 0.449781 0.405292
10 0.434315 0.434162 0.438219 0.425361 0.442195 0.424931 0.443797 0.430630 0.447143 0.431560 0.448992 0.433171 0.450456 0.435287 0.454047 0.446935 0.454221 0.451273 0.453943 0.454181 0.452896 0.457468 0.451187 0.460940 0.431016 0.441125 0.432909 0.439981 0.434404 0.438116 0.436677 0.438056 0.439943 0.444222 0.441198 0.443148 0.441677 0.442000 0.438370 0.437338 0.437201 0.435190
2 0.440896 0.356380 0.442711 0.359963 0.444365 0.363981 0.445333 0.367778 0.445695 0.373014 0.443901 0.370500 0.443073 0.366130 0.441784 0.363333 0.440729 0.361250 0.440701 0.358560
1 0.451927 0.375588 0.453609 0.378491 0.453888 0.381315 0.453516 0.386954 0.452487 0.393676 0.451695 0.399153 0.450807 0.405292 0.451135 0.410352 0.453094 0.415829 0.454401 0.417403 0.453141 0.418565 0.451836 0.415329 0.450060 0.411097 0.449781 0.405292 0.450281 0.398569 0.451711 0.388403 0.452721 0.382394 0.452721 0.379319 0.451089 0.377245
1 0.430586 0.433611 0.433292 0.433824 0.437201 0.435190 0.438370 0.437338 0.441677 0.442000 0.441198 0.443148 0.439943 0.444222 0.436677 0.438056 0.434404 0.438116 0.434362 0.436324 0.432508 0.436032 0.431174 0.437250 0.430367 0.434745
2 0.442190 0.300977 0.431339 0.328727 0.432393 0.333602 0.439128 0.317037 0.444771 0.302981 0.443359 0.300759
1 0.426167 0.433880 0.426953 0.433926 0.427706 0.436843 0.428357 0.434199 0.429451 0.431889 0.430128 0.427722 0.432109 0.427769 0.430367 0.434745 0.431174 0.437250 0.432508 0.436032 0.434362 0.436324 0.434404 0.438116 0.432909 0.439981 0.431016 0.441125 0.428794 0.440838
10 0.430549 0.377514 0.431003 0.380986 0.431771 0.384083 0.422815 0.404412 0.418062 0.414014 0.426167 0.433880 0.426953 0.433926 0.427706 0.436843 0.428357 0.434199 0.429451 0.431889 0.430128 0.427722 0.432109 0.427769 0.439964 0.410097 0.445052 0.400551 0.446203 0.401056 0.448156 0.400741 0.450281 0.398569 0.451711 0.388403 0.450214 0.381648 0.448747 0.377560 0.446307 0.373778 0.443901 0.370500 0.441461 0.368819 0.439299 0.367463 0.437349 0.367403 0.434768 0.367708 0.432711 0.369565 0.431281 0.372731
1 0.446469 0.321699 0.448076 0.321426 0.449771 0.322356 0.451141 0.324509 0.451383 0.327449 0.451344 0.332972 0.450737 0.336630 0.449164 0.341074 0.447310 0.345093 0.446219 0.346310 0.450536 0.348750 0.449849 0.349394 0.445656 0.348319 0.444849 0.347528 0.444003 0.350181 0.442799 0.350384 0.442669 0.349319 0.443477 0.348532 0.444161 0.346597 0.444284 0.345593 0.445495 0.344088 0.446057 0.344444 0.448398 0.340356 0.449930 0.335481 0.450456 0.331824 0.450414 0.328310 0.450133 0.325301 0.449164 0.323435 0.447794 0.323148 0.446260 0.323792
17 0.439128 0.317037 0.432393 0.333602 0.435620 0.347731 0.435943 0.354042 0.436104 0.360495 0.435859 0.367454 0.439609 0.367546 0.440661 0.363792 0.440701 0.358560 0.441065 0.354542 0.442799 0.350384 0.441750 0.343856 0.443607 0.338694 0.445018 0.333819 0.446469 0.321699 0.446187 0.318472 0.445018 0.314528 0.442961 0.313667 0.441221 0.315745
10 0.416518 0.301481 0.412404 0.301667 0.408987 0.300801 0.405956 0.299931 0.403583 0.301481 0.402781 0.304704 0.403445 0.309477 0.404805 0.311954 0.407245 0.315116 0.410734 0.316282
2 0.410344 0.333926 0.410315 0.339176 0.413898 0.345815 0.417169 0.344162
2 0.419919 0.292958 0.410734 0.316282 0.407234 0.329611 0.417169 0.344162 0.418169 0.348718 0.419107 0.348829 0.421094 0.346019 0.429789 0.324838 0.433102 0.310287
13 0.423464 0.297731 0.422604 0.293750 0.420857 0.290750 0.418128 0.288144 0.418302 0.284856 0.416594 0.284856 0.416281 0.286532 0.414604 0.284921 0.411818 0.284611 0.409654 0.283866 0.408888 0.283000 0.408331 0.283120 0.407737 0.283801 0.405576 0.283347 0.405237 0.284972 0.401453 0.285713 0.398464 0.287375 0.395060 0.289449 0.393052 0.291523 0.391932 0.292519 0.391138 0.291356 0.390112 0.292935 0.390672 0.294343 0.388852 0.296671 0.386471 0.299903 0.384417 0.302556 0.383388 0.301231 0.382315 0.303222 0.383156 0.304134 0.381711 0.306708 0.380448 0.310111 0.379375 0.313676 0.378677 0.316912 0.397753 0.363755 0.400365 0.370556 0.401346 0.365745 0.404146 0.358361 0.406479 0.354880 0.409794 0.352056 0.413620 0.350731 0.417495 0.350815 0.422534 0.351810 0.425521 0.353634 0.430549 0.377514 0.431281 0.372731 0.432711 0.369565 0.434768 0.367708 0.435859 0.367454 0.436104 0.360495 0.435943 0.354042 0.435620 0.347731 0.432393 0.333602 0.431339 0.328727 0.430091 0.323333 0.429789 0.324838 0.421094 0.346019 0.419107 0.348829 0.418169 0.348718 0.417169 0.344162 0.413828 0.345787 0.410315 0.339176 0.410344 0.333926 0.407234 0.329611 0.410734 0.316282 0.407245 0.315116 0.404805 0.311954 0.403445 0.309477 0.402781 0.304704 0.403583 0.301481 0.405956 0.299931 0.408987 0.300801 0.412404 0.301667 0.416466 0.301394 0.419919 0.292958
1 0.452328 0.441204 0.454464 0.441704 0.455594 0.444431 0.456078 0.448519 0.455555 0.452676 0.454625 0.456838 0.453375 0.460495 0.452568 0.462287 0.457354 0.467213 0.458505 0.461435 0.459865 0.456722 0.460388 0.452944 0.460945 0.448602 0.462237 0.444454 0.462667 0.442227 0.463872 0.439120 0.465771 0.435745 0.466914 0.434403 0.466615 0.433009 0.465289 0.433171 0.464354 0.434565 0.461401 0.435315 0.461643 0.433384 0.464414 0.432852 0.465047 0.431245 0.466945 0.431083 0.468661 0.431245 0.471044 0.429477 0.472685 0.429255 0.470526 0.429255 0.468203 0.430310 0.468042 0.429833 0.472198 0.418023 0.473495 0.415912 0.475924 0.415431 0.478841 0.413514 0.481648 0.413991 0.486833 0.416394 0.486516 0.413745 0.484888 0.407657 0.481594 0.409769 0.480784 0.408231 0.479635 0.407810 0.477055 0.407523 0.474029 0.407736 0.471562 0.409523 0.466529 0.413949 0.466570 0.409787 0.464836 0.408426 0.462779 0.409356 0.461487 0.410579 0.459995 0.413588 0.458141 0.416815 0.456888 0.419755 0.452706 0.425130 0.451680 0.423880 0.451409 0.426759 0.450922 0.426569 0.450060 0.425130 0.448331 0.424843 0.447466 0.428491 0.445576 0.431176 0.447143 0.431560 0.448992 0.433171 0.450456 0.435287
1 0.514130 0.573662 0.515060 0.576671 0.515260 0.580616 0.514333 0.585134 0.512841 0.589435 0.510380 0.593236 0.508081 0.596394 0.505984 0.597898 0.503927 0.599259 0.502513 0.599690 0.501344 0.599620 0.498521 0.599190 0.494406 0.597898 0.493641 0.599977 0.496182 0.600912 0.498563 0.601412 0.502432 0.601699 0.506385 0.599690 0.509857 0.596894 0.512234 0.593884 0.514253 0.590009 0.515583 0.585778 0.516510 0.580259 0.516148 0.576097 0.515544 0.573875
9 0.480016 0.553431 0.479729 0.555236 0.480432 0.557042 0.481552 0.557181 0.482646 0.555977 0.482802 0.553755 0.481786 0.552551 0.480901 0.552505
9 0.480484 0.559125 0.479859 0.561394 0.480562 0.563153 0.481865 0.563523 0.482672 0.561949 0.482906 0.559542 0.481734 0.558616
9 0.493477 0.562852 0.493201 0.565046 0.493534 0.567134 0.494651 0.567671 0.495461 0.567083 0.495823 0.565259 0.495133 0.562634
9 0.503646 0.587606 0.502865 0.589227 0.502891 0.590662 0.503620 0.591588 0.504505 0.591403 0.505026 0.590431 0.505026 0.588579 0.504505 0.587653
1 0.508982 0.574148 0.508617 0.576509 0.509607 0.577389 0.510102 0.576787 0.513122 0.579194 0.514971 0.582111 0.515260 0.580616 0.515128 0.577481 0.512992 0.576880 0.511117 0.575398
1 0.496016 0.653255 0.496354 0.654968 0.498516 0.654134 0.500729 0.655569 0.502005 0.653486 0.503750 0.656542 0.505781 0.658023 0.507500 0.660014 0.508880 0.663301 0.509896 0.662560 0.509010 0.659644 0.508255 0.657931 0.507161 0.657468 0.505599 0.654181 0.503516 0.651125 0.502135 0.650755 0.499714 0.652282
1 0.496354 0.654968 0.497266 0.658889 0.498516 0.661713 0.500130 0.663704 0.502682 0.666435 0.501406 0.668426 0.502214 0.671389 0.502865 0.674537 0.504531 0.675231 0.504792 0.673472 0.505547 0.671296 0.506979 0.668796 0.505417 0.664676 0.504531 0.664769 0.502812 0.663889 0.500313 0.661343 0.498568 0.659352 0.497812 0.657176 0.497422 0.654491
1 0.495911 0.645801 0.495677 0.648625 0.496016 0.653255 0.497266 0.653023 0.496875 0.650338 0.497057 0.646264
1 0.493646 0.642051 0.493984 0.644968 0.495911 0.645801 0.497057 0.646264 0.499115 0.646681 0.501432 0.646495 0.500365 0.644412 0.498802 0.644366 0.497083 0.644227 0.495677 0.643162
9 0.543839 0.624606 0.543352 0.626042 0.543630 0.628264 0.544536 0.629009 0.545547 0.628824 0.546104 0.627028 0.546000 0.625477 0.545060 0.623991
9 0.554333 0.631366 0.553635 0.633843 0.554193 0.635208 0.555414 0.636204 0.556495 0.634833 0.556565 0.633287 0.556146 0.630931 0.555414 0.630806
9 0.552135 0.617417 0.551615 0.619093 0.551719 0.621449 0.553148 0.622625 0.554159 0.622130 0.554333 0.620083 0.554229 0.617542
9 0.555135 0.616181 0.554750 0.618046 0.555203 0.620644 0.556458 0.621139 0.557539 0.620023 0.557750 0.617917 0.557646 0.615870 0.556284 0.615560
9 0.549635 0.614815 0.549628 0.612708 0.550185 0.610477 0.551125 0.608741 0.551997 0.608926 0.553286 0.609856 0.553706 0.612218 0.553706 0.614259 0.554367 0.615745 0.554229 0.617542 0.552135 0.617417 0.551615 0.619093 0.550807 0.618889 0.551544 0.616986 0.550987 0.614630
2 0.545617 0.585569 0.549443 0.589588 0.548419 0.595954 0.547336 0.598685 0.543357 0.594185 0.543659 0.589046 0.544534 0.586264
2 0.560026 0.570787 0.559031 0.575778 0.559031 0.582847 0.568552 0.584991 0.569518 0.573579
2 0.566836 0.562116 0.565781 0.566079 0.574971 0.571491 0.575844 0.567796
9 0.535365 0.565218 0.535703 0.566977 0.536979 0.567162 0.537630 0.566097 0.537552 0.564060 0.536302 0.564060
9 0.535729 0.572856 0.535573 0.574245 0.536797 0.576653 0.537839 0.576190 0.538333 0.574801 0.537891 0.571745 0.536797 0.571977
1 0.538490 0.564014 0.539479 0.567347 0.539974 0.570449 0.540052 0.573273 0.539271 0.575866 0.538099 0.578412 0.536797 0.579940 0.535937 0.579060 0.537422 0.577301 0.537839 0.576190 0.538333 0.574801 0.539010 0.572625 0.538880 0.569245 0.538438 0.567069 0.537552 0.564060
9 0.552424 0.574833 0.551826 0.576917 0.552164 0.578444 0.553180 0.579648 0.554534 0.579324 0.554768 0.577102 0.554742 0.575111 0.553648 0.574093
9 0.557216 0.571731 0.556852 0.573213 0.556930 0.575481 0.557451 0.576315 0.559031 0.575778 0.559586 0.572981 0.558987 0.571500 0.558310 0.571361
9 0.552945 0.584185 0.552789 0.583028 0.553258 0.581130 0.554352 0.581130 0.555445 0.581685 0.555732 0.583167 0.555602 0.584556
9 0.557008 0.581130 0.556878 0.583491 0.557060 0.584926 0.558727 0.585065 0.559117 0.583722 0.559031 0.582847 0.559013 0.580944 0.558049 0.580852
9 0.557294 0.578444 0.556982 0.579417 0.557008 0.581130 0.558049 0.580852 0.559013 0.580944 0.559013 0.578722
9 0.557451 0.576315 0.557112 0.577426 0.557294 0.578444 0.559013 0.578722 0.559031 0.575778 0.559031 0.575778
10 0.540542 0.575898 0.539031 0.576407 0.538099 0.578412 0.538198 0.581546 0.539682 0.583676 0.540854 0.583398 0.542208 0.581778 0.542625 0.582935 0.545984 0.580991 0.546531 0.577889 0.552424 0.574833 0.553648 0.574093 0.557052 0.572472 0.557216 0.571731 0.558310 0.571361 0.558987 0.571500 0.559240 0.572102 0.559865 0.571593 0.560026 0.570787 0.559292 0.569046 0.546297 0.575528 0.545698 0.573444 0.544344 0.571731 0.539995 0.574324
9 0.541661 0.573306 0.541245 0.571407 0.541505 0.569463 0.542104 0.568444 0.543068 0.568583 0.544005 0.569185 0.544057 0.571222 0.543927 0.571963
9 0.556323 0.562981 0.555203 0.564278 0.554708 0.565852 0.554891 0.568676 0.555750 0.569000 0.557182 0.568213 0.557312 0.564833 0.557130 0.563028
9 0.552599 0.564741 0.551974 0.565944 0.551974 0.567935 0.552365 0.569046 0.553562 0.568954 0.554344 0.568167 0.554344 0.566037 0.553797 0.564463 0.553120 0.564417
9 0.549839 0.564787 0.549396 0.566083 0.549682 0.568306 0.550255 0.568815 0.551323 0.568907 0.551974 0.567935 0.551974 0.565944 0.551505 0.564602
9 0.547859 0.561130 0.547729 0.562796 0.546818 0.563769 0.546740 0.566407 0.547391 0.566917 0.547547 0.569046 0.548250 0.569972 0.549682 0.569833 0.549682 0.568306 0.549396 0.566083 0.549318 0.563907 0.549917 0.562565 0.549839 0.561269 0.549031 0.560852
9 0.543823 0.562704 0.544734 0.564370 0.544995 0.565667 0.545516 0.566917 0.546375 0.566917 0.546740 0.566407 0.546818 0.563769 0.547729 0.562796 0.547859 0.561130 0.547443 0.560528 0.546036 0.559926 0.544917 0.560806
9 0.553120 0.564417 0.552917 0.562361 0.553385 0.561250 0.554245 0.560694 0.556323 0.562981 0.555203 0.564278 0.554708 0.565852 0.554344 0.566037 0.553797 0.564463
9 0.582703 0.603037 0.582078 0.604148 0.582104 0.605306 0.582391 0.606556 0.583380 0.607481 0.584474 0.607157 0.584995 0.605167 0.584865 0.603685 0.584344 0.602667
9 0.589401 0.590000 0.587990 0.589935 0.587365 0.591509 0.587365 0.593639 0.588068 0.594704 0.589135 0.594981 0.589891 0.594426
9 0.577339 0.590954 0.576688 0.592528 0.576948 0.594241 0.577365 0.595630 0.578510 0.595815 0.579292 0.595630 0.579526 0.593731 0.579370 0.590815
9 0.573406 0.590769 0.572937 0.592435 0.573302 0.594796 0.574630 0.595306 0.575594 0.594519 0.575984 0.592435 0.575568 0.591093 0.574734 0.590120
9 0.576688 0.587204 0.576271 0.589241 0.576740 0.590907 0.577339 0.590954 0.578849 0.590861 0.579240 0.589194 0.579031 0.587065 0.577807 0.586509
9 0.578094 0.575815 0.577677 0.576694 0.577833 0.578037 0.578719 0.578593 0.579318 0.578130 0.579891 0.577065 0.579552 0.575352 0.578901 0.575306
9 0.579552 0.575352 0.579453 0.574352 0.580000 0.573148 0.580755 0.572454 0.581302 0.572778 0.581875 0.573889 0.581979 0.575370 0.581797 0.576296 0.580964 0.577222 0.580286 0.577315 0.579891 0.577065
1 0.486313 0.533968 0.484174 0.536324 0.482456 0.538843 0.481492 0.541093 0.481042 0.543505 0.482333 0.544833 0.483602 0.541949 0.484625 0.539968 0.487458 0.536056
1 0.480557 0.545537 0.479625 0.549236 0.481823 0.548162 0.481945 0.546505
2 0.497664 0.487519 0.497586 0.489139 0.502221 0.488861 0.502195 0.486870 0.503576 0.486685 0.505294 0.484787 0.508732 0.483861 0.508440 0.481259 0.508393 0.480315 0.500060 0.485870
2 0.498211 0.489093 0.497794 0.491037 0.499305 0.492241 0.500294 0.493722 0.501049 0.495435 0.501753 0.497657 0.504201 0.493491 0.504357 0.490667 0.506023 0.487426 0.506128 0.484556 0.505294 0.484787 0.503576 0.486685 0.502195 0.486870 0.502221 0.488861
10 0.450555 0.490796 0.453497 0.498296 0.455148 0.497389 0.455120 0.491648 0.454870 0.486481 0.454435 0.487370 0.454018 0.488852
10 0.456180 0.496769 0.457586 0.496259 0.458029 0.494130 0.457768 0.489593 0.457112 0.488940 0.455898 0.486870 0.456107 0.493208 0.456107 0.493208
1 0.504211 0.492759 0.506112 0.492065 0.508273 0.490810 0.509341 0.489931 0.509185 0.488639 0.507154 0.489565 0.505617 0.490491 0.504357 0.490667
2 0.498516 0.654134 0.498568 0.659352 0.500313 0.661343 0.501927 0.662083 0.502604 0.654491 0.502005 0.653486 0.500729 0.655569
2 0.458029 0.494130 0.457768 0.489593 0.458604 0.490593 0.460904 0.492241 0.460581 0.495472 0.458497 0.495889
1 0.515083 0.661931 0.515388 0.660306 0.515935 0.660204 0.518654 0.659829 0.521443 0.658097 0.519456 0.662444 0.517526 0.662181 0.517526 0.662181
9 0.538383 0.585227 0.537732 0.586940 0.537784 0.588792 0.538956 0.589810 0.539893 0.589625 0.540258 0.588144 0.540180 0.586384 0.539607 0.585227
1 0.567107 0.525958 0.565859 0.523704 0.565078 0.521111 0.562057 0.520278 0.559089 0.520278 0.559063 0.518472 0.560339 0.517870 0.563464 0.517963 0.564531 0.515509 0.565599 0.513194 0.567370 0.511019 0.569219 0.510000 0.571667 0.509537 0.574115 0.509630 0.576016 0.510093 0.576354 0.511898 0.574167 0.511296 0.571563 0.511481 0.569323 0.512222 0.567344 0.513611 0.565911 0.515185 0.565417 0.517454 0.565859 0.519815 0.567266 0.524028 0.568672 0.526204 0.570365 0.530046 0.569607 0.528963
1 0.501568 0.567815 0.498646 0.569676 0.495104 0.572639 0.492409 0.576134 0.490029 0.580079 0.490836 0.581083 0.492693 0.577782 0.494628 0.574773 0.495958 0.573551 0.498339 0.571546 0.503018 0.568532
2 0.531740 0.656657 0.539362 0.678315 0.539443 0.683190 0.534789 0.681755 0.527891 0.660389
1 0.512885 0.592611 0.512815 0.594963 0.512990 0.597505 0.513477 0.599181 0.514453 0.602648 0.515638 0.604509 0.516060 0.603625 0.516260 0.602398 0.515177 0.598917 0.514482 0.595116 0.514253 0.590009
1 0.516651 0.607250 0.518174 0.609120 0.520169 0.610833 0.523245 0.612495 0.526828 0.613514 0.530112 0.613676 0.532854 0.612495 0.534154 0.610833 0.531914 0.609333 0.529427 0.609843 0.525813 0.610167 0.522047 0.608667 0.519424 0.606954 0.517164 0.604222
1 0.516271 0.577815 0.517182 0.577769 0.517885 0.578556 0.519917 0.577398 0.522052 0.577491 0.519966 0.578829 0.517214 0.582130 0.515583 0.585778 0.516510 0.580259
2 0.485008 0.488787 0.484620 0.490792 0.483914 0.492861 0.486193 0.492458 0.487612 0.491898 0.488914 0.493417 0.494591 0.489713 0.500060 0.485870 0.508393 0.480315 0.508151 0.477083 0.497141 0.484625 0.495070 0.486079 0.490919 0.488676 0.489112 0.489694 0.486432 0.490500 0.485911 0.488935
9 0.526130 0.504361 0.525576 0.506088 0.527143 0.509185 0.529026 0.508069 0.527523 0.504051
9 0.525919 0.500394 0.525432 0.502625 0.526130 0.504361 0.527523 0.504051 0.528221 0.502315 0.528117 0.500519 0.527104 0.499588
1 0.507500 0.469028 0.508440 0.481259 0.509760 0.494708 0.510565 0.498116 0.511716 0.496880 0.510146 0.488014 0.509396 0.480444 0.508401 0.468866
1 0.509398 0.432273 0.510919 0.431431 0.512414 0.429639 0.514391 0.430139 0.515922 0.430639 0.517294 0.432218 0.519232 0.434153 0.519773 0.435880 0.520521 0.440894 0.520721 0.444407 0.520440 0.447421 0.519099 0.450824 0.517714 0.449699 0.516286 0.451292 0.515156 0.453014 0.514510 0.455523 0.513461 0.456958 0.513703 0.454662 0.514630 0.451509 0.515721 0.449931 0.516930 0.448569 0.518021 0.447995 0.519271 0.445843 0.519229 0.439676 0.518021 0.436019 0.516849 0.433583 0.513865 0.432074 0.511526 0.433940 0.512010 0.435731 0.511242 0.436523 0.510966 0.435495
1 0.510724 0.463301 0.512289 0.469088 0.511385 0.471176 0.509969 0.473426 0.509518 0.475301 0.509396 0.480444 0.510331 0.483069 0.511776 0.485639 0.514609 0.486870 0.517471 0.486657 0.519430 0.484514 0.520576 0.481514 0.520305 0.474657 0.519490 0.467912 0.520154 0.462556 0.520154 0.458000 0.519792 0.453931 0.519099 0.450824 0.517714 0.449699 0.517594 0.451574 0.515544 0.453981 0.512318 0.458657 0.513323 0.462028
1 0.504510 0.426718 0.505870 0.429139 0.508073 0.431963 0.509643 0.435370 0.511315 0.441444 0.511630 0.445412 0.511560 0.449255 0.511315 0.452662 0.510966 0.453963 0.511734 0.456690 0.512221 0.453347 0.512607 0.447889 0.512607 0.443741 0.511909 0.439153 0.510966 0.435495 0.509398 0.432273 0.508534 0.430602 0.506365 0.427778
1 0.502279 0.424921 0.503326 0.428394 0.504859 0.430250 0.506672 0.433722 0.507997 0.438245 0.508521 0.441162 0.508904 0.443889 0.508833 0.446616 0.509810 0.449898 0.509914 0.444940 0.509565 0.439921 0.508555 0.435708 0.507370 0.432296 0.505870 0.429139 0.504510 0.426718
2 0.521810 0.383472 0.520706 0.383704 0.519701 0.384375 0.517547 0.391954 0.513958 0.397509 0.514461 0.411069 0.515237 0.417639 0.519232 0.426667 0.519232 0.434153 0.519773 0.435880 0.522365 0.434537 0.523500 0.435306 0.523445 0.437032 0.522904 0.439046 0.525549 0.444426 0.527711 0.448264 0.530411 0.445000 0.532464 0.441833 0.534352 0.439912 0.536297 0.439046 0.539862 0.438472 0.540672 0.435690 0.537323 0.401898 0.533974 0.382792 0.530951 0.381931
1 0.513958 0.397509 0.514461 0.411069 0.513089 0.413509 0.511424 0.416338 0.509836 0.421606 0.508534 0.430602 0.506365 0.427778 0.507883 0.427389 0.508318 0.423407 0.509690 0.418264 0.511281 0.414023 0.512943 0.411069 0.512294 0.398861
1 0.492466 0.406347 0.501195 0.439366 0.500120 0.440282 0.499000 0.440282 0.495742 0.425065 0.492430 0.414028 0.491263 0.406560
10 0.485969 0.482250 0.485375 0.487338 0.486432 0.490500 0.489112 0.489694 0.490919 0.488676 0.489927 0.485569 0.487969 0.483213
17 0.492125 0.473898 0.491193 0.477213 0.489987 0.480000 0.487969 0.483213 0.485969 0.482250 0.486076 0.477639 0.486995 0.476870 0.488776 0.472843
17 0.467419 0.460412 0.468094 0.459690 0.470526 0.458343 0.472846 0.458343 0.475818 0.459306 0.478299 0.460264 0.480461 0.461704 0.482297 0.464394 0.481013 0.465736 0.478487 0.467264 0.475102 0.466894 0.472263 0.465782 0.469841 0.463653
17 0.483518 0.434245 0.487086 0.438097 0.490086 0.442435 0.492526 0.448509 0.493815 0.453532 0.494409 0.459977 0.494268 0.464750 0.493674 0.468963 0.492664 0.472551 0.486456 0.469097 0.485536 0.469097 0.484565 0.466505 0.483909 0.464991 0.485776 0.461028 0.486742 0.458079 0.487315 0.454329 0.487646 0.450583 0.487435 0.446833 0.486862 0.441259 0.485505 0.437509
17 0.469266 0.434778 0.470693 0.433435 0.473378 0.432556 0.476529 0.432231 0.480414 0.432745 0.482643 0.434671 0.484271 0.436870 0.485354 0.439278 0.486440 0.443833 0.486922 0.449134 0.486862 0.452884 0.486109 0.457491 0.484753 0.461241 0.483427 0.463810 0.482404 0.461319 0.480245 0.459208 0.477276 0.457194 0.474359 0.456329 0.471065 0.456329 0.467177 0.458056 0.466583 0.458829 0.465198 0.455940 0.464112 0.452722 0.463331 0.448440 0.463208 0.444958 0.463901 0.441796 0.465529 0.438796 0.467336 0.436495
17 0.460846 0.458231 0.461208 0.467176 0.461932 0.469907 0.462479 0.466407 0.464370 0.462185 0.465711 0.460329 0.464143 0.456847 0.462909 0.453421 0.462547 0.449565 0.462359 0.447241 0.461810 0.451079 0.461315 0.456542
17 0.462695 0.473801 0.466099 0.483593 0.469505 0.488657 0.472266 0.491157 0.474792 0.492315 0.477422 0.492731 0.480417 0.491713 0.482448 0.490185 0.484133 0.488106 0.485049 0.482727 0.484997 0.476296 0.487643 0.471880 0.485862 0.471208 0.484620 0.471880 0.483594 0.467273 0.482969 0.466019 0.480102 0.468190 0.477497 0.468468 0.474216 0.468421 0.470961 0.466801 0.467992 0.464255 0.466534 0.461477 0.466206 0.461898 0.464477 0.465065 0.463396 0.469866
1 0.465784 0.492384 0.464615 0.490306 0.463323 0.487222 0.462154 0.482199 0.461669 0.477255 0.461708 0.471731 0.462479 0.466407 0.464370 0.462185 0.467177 0.458056 0.471065 0.456329 0.474359 0.456329 0.477276 0.457194 0.480245 0.459208 0.482404 0.461319 0.484565 0.466505 0.485536 0.469097 0.486456 0.469097 0.492664 0.472551 0.492125 0.473898 0.488776 0.472843 0.486995 0.476870 0.486076 0.477639 0.485969 0.482250 0.485375 0.487338 0.484620 0.490792 0.483594 0.493866 0.481055 0.497606 0.479164 0.499815 0.475924 0.501255 0.473333 0.501255 0.471010 0.499912 0.469534 0.497907 0.469661 0.496648 0.471120 0.498088 0.473818 0.500009 0.476357 0.499912 0.479057 0.497898 0.481000 0.495208 0.482674 0.491944 0.484133 0.488106 0.485049 0.482727 0.484997 0.476296 0.487643 0.471880 0.485862 0.471208 0.484620 0.471880 0.483594 0.467273 0.482297 0.464394 0.480461 0.461704 0.478299 0.460264 0.475818 0.459306 0.472846 0.458343 0.470526 0.458343 0.468094 0.459690 0.466206 0.461898 0.464477 0.465065 0.463396 0.469866 0.462695 0.473801 0.463234 0.480231 0.464154 0.485032 0.467122 0.492519
1 0.465711 0.460329 0.464143 0.456847 0.462909 0.453421 0.462547 0.449565 0.462359 0.447241 0.462237 0.444454 0.462667 0.442227 0.463872 0.439120 0.465771 0.435745 0.466914 0.434403 0.466615 0.433009 0.465289 0.433171 0.464354 0.434565 0.461401 0.435315 0.461643 0.433384 0.464414 0.432852 0.465047 0.431245 0.466945 0.431083 0.468661 0.431245 0.471044 0.429477 0.473724 0.429153 0.476828 0.429264 0.479539 0.430014 0.481469 0.431620 0.483518 0.434245 0.485505 0.437509 0.486862 0.441259 0.487435 0.446833 0.487646 0.450583 0.487315 0.454329 0.486742 0.458079 0.485776 0.461028 0.483909 0.464991 0.483427 0.463810 0.484753 0.461241 0.486109 0.457491 0.486862 0.452884 0.486922 0.449134 0.486440 0.443833 0.485354 0.439278 0.484271 0.436870 0.482643 0.434671 0.480414 0.432745 0.478336 0.431565 0.475622 0.430333 0.473242 0.430440 0.471044 0.431403 0.469385 0.433009 0.469266 0.434778 0.467336 0.436495 0.465529 0.438796 0.463901 0.441796 0.463208 0.444958 0.463331 0.448440 0.464112 0.452722 0.465198 0.455940 0.466583 0.458829
1 0.466534 0.461477 0.467992 0.464255 0.470961 0.466801 0.474216 0.468421 0.477497 0.468468 0.480102 0.468190 0.482969 0.466019 0.482297 0.464394 0.481013 0.465736 0.478487 0.467264 0.475102 0.466894 0.472263 0.465782 0.469841 0.463653 0.467419 0.460412
2 0.527703 0.629338 0.529839 0.629926 0.537141 0.634727 0.538833 0.630352 0.534799 0.626269 0.533487 0.626157 0.530203 0.625083 0.527190 0.623370 0.525000 0.620236 0.526818 0.624468
2 0.544182 0.632542 0.546805 0.636699 0.554333 0.631366 0.555414 0.630806 0.562536 0.625870 0.559711 0.622000
2 0.539443 0.683190 0.534789 0.681755 0.531505 0.681083 0.522510 0.677736 0.522615 0.682755 0.521255 0.688519 0.525753 0.688704 0.529344 0.690505 0.529273 0.691245 0.534406 0.687495
1 0.466997 0.501213 0.468794 0.503620 0.472492 0.506861 0.472419 0.507815 0.470753 0.509176 0.467276 0.503644 0.466477 0.502741
1 0.469534 0.497907 0.472807 0.505056 0.471901 0.505093 0.469271 0.501019
10 0.487969 0.483213 0.489927 0.485569 0.490919 0.488676 0.495070 0.486079 0.491500 0.482736
2 0.497305 0.479778 0.497141 0.484625 0.508151 0.477083 0.507995 0.474537 0.506016 0.473287 0.505052 0.473426 0.501172 0.477222 0.501240 0.479477
1 0.501094 0.475884 0.502552 0.474495 0.505182 0.472366 0.504714 0.471347 0.502266 0.472782 0.501094 0.473986 0.501078 0.474815
2 0.498661 0.511106 0.500648 0.512597 0.501745 0.512310 0.504284 0.509542 0.506549 0.505014 0.510565 0.498116 0.509760 0.494708 0.506563 0.493148 0.504201 0.493491 0.501753 0.497657 0.501938 0.498773 0.502146 0.501315 0.501310 0.506028 0.499672 0.509620
2 0.527531 0.638690 0.530315 0.644514 0.525786 0.650278 0.526393 0.648181 0.527018 0.642106
2 0.521443 0.658097 0.519755 0.662551 0.519406 0.665403 0.522336 0.666394 0.523557 0.663852 0.527891 0.652963 0.531589 0.645370 0.531068 0.643796 0.529974 0.643750 0.530315 0.644514 0.525786 0.650278 0.525523 0.651218 0.524023 0.654870
1 0.501789 0.582338 0.501182 0.596894 0.501344 0.599620 0.502513 0.599690 0.502151 0.595171 0.502474 0.582120
9 0.549104 0.614880 0.548615 0.616921 0.549172 0.619218 0.550497 0.619713 0.551544 0.616986 0.550987 0.614630
8 0.474422 0.501259 0.475255 0.503481 0.474604 0.504963 0.472807 0.505056 0.469534 0.497907 0.471010 0.499912 0.473333 0.501255
8 0.470583 0.493602 0.473307 0.499630 0.471120 0.498088 0.469661 0.496648 0.469938 0.494681
8 0.468125 0.487824 0.470099 0.492528 0.467122 0.492519 0.466656 0.491278 0.466797 0.488856 0.466029 0.486565 0.466667 0.487731
2 0.466029 0.486565 0.466667 0.487731 0.468125 0.487824 0.468672 0.487407 0.466099 0.483593
2 0.527891 0.652963 0.532984 0.647778 0.536172 0.645125 0.537745 0.650718 0.535203 0.653231 0.531740 0.656657 0.527891 0.660389 0.526156 0.661606 0.523557 0.663852
2 0.499615 0.628366 0.496750 0.634421 0.494883 0.639296 0.493406 0.640741 0.493646 0.642051 0.495677 0.643162 0.497083 0.644227 0.498880 0.639574 0.499424 0.636083 0.499224 0.632995
1 0.462237 0.444454 0.460945 0.448602 0.460388 0.452944 0.459865 0.456722 0.458505 0.461435 0.457354 0.467213 0.455779 0.475602 0.454870 0.486481 0.455120 0.491648 0.455148 0.497389 0.455146 0.502282 0.456393 0.504551 0.456107 0.493208 0.455898 0.486870 0.456471 0.477704 0.457956 0.468162 0.461315 0.456542 0.461810 0.451079 0.462359 0.447241
9 0.528221 0.502315 0.530526 0.502370 0.531536 0.505778 0.530664 0.507389 0.529794 0.507949 0.529026 0.508069 0.527523 0.504051
1 0.553544 0.471347 0.549977 0.477227 0.551773 0.480190 0.548466 0.485236 0.550497 0.484773 0.552268 0.481394 0.554013 0.485005 0.556487 0.485144 0.552685 0.478477 0.553258 0.477551 0.552008 0.475329 0.553935 0.472412
7 0.571398 0.482949 0.566060 0.493968 0.567518 0.498227 0.569602 0.499431 0.572049 0.501097 0.574628 0.503921
1 0.555708 0.465245 0.555729 0.470046 0.554766 0.475926 0.553464 0.475880 0.554401 0.470694 0.554115 0.464352
1 0.554193 0.458333 0.555286 0.462963 0.553651 0.462329 0.552839 0.459074
2 0.460602 0.514704 0.467279 0.530852 0.467534 0.524042 0.466987 0.522681 0.466839 0.518657 0.463750 0.517023
10 0.492664 0.472551 0.493789 0.471884 0.495151 0.471931 0.495888 0.473630 0.496406 0.478278 0.497305 0.479778 0.497141 0.484625 0.495070 0.486079 0.491500 0.482736 0.491193 0.477213 0.492125 0.473898
9 0.501417 0.525648 0.500599 0.527630 0.500763 0.529130 0.501745 0.530347 0.503052 0.529713 0.503432 0.527773 0.503188 0.525986 0.502453 0.525352
2 0.486193 0.492458 0.485594 0.495148 0.484081 0.499014 0.482221 0.501759 0.485247 0.504116 0.487044 0.501931 0.489346 0.493856 0.487612 0.491898
2 0.465411 0.503801 0.458898 0.507676 0.458898 0.509370 0.463750 0.517023 0.468219 0.513051 0.470753 0.509176 0.467276 0.503644 0.466753 0.504792
1 0.452328 0.441204 0.454464 0.441704 0.455594 0.444431 0.456078 0.448519 0.455555 0.452676 0.454625 0.456838 0.453375 0.460495 0.452568 0.462287 0.451187 0.460940 0.452896 0.457468 0.453943 0.454181 0.455029 0.449236 0.454948 0.446079 0.454424 0.444218 0.453617 0.442926 0.452810 0.442995
17 0.460846 0.458231 0.457956 0.468162 0.461708 0.471731 0.461932 0.469907 0.461208 0.467176
1 0.523719 0.469278 0.523086 0.465046 0.523417 0.459796 0.524109 0.456259 0.525495 0.452083 0.527711 0.448264 0.530411 0.445000 0.532667 0.443616 0.536945 0.442708 0.539958 0.443458 0.542521 0.445116 0.544719 0.447583 0.546828 0.451546 0.548154 0.455134 0.548846 0.459204 0.547883 0.459097 0.547010 0.455079 0.544870 0.450366 0.542701 0.447259 0.540049 0.444903 0.538182 0.444583 0.535078 0.444366 0.532607 0.445065 0.529805 0.447583 0.527604 0.450046 0.525917 0.453579 0.524503 0.457653 0.524109 0.461616 0.524292 0.466597
1 0.525495 0.452083 0.523240 0.454958 0.521461 0.458736 0.520310 0.463449 0.519857 0.467662 0.520068 0.471069 0.520867 0.470329 0.520799 0.466671 0.521391 0.462269 0.522716 0.458366 0.524109 0.456259
1 0.519896 0.471250 0.520867 0.470329 0.521292 0.469338 0.522076 0.467894 0.523341 0.466931 0.523719 0.469278 0.522680 0.470144 0.521865 0.471537 0.520148 0.473463
1 0.520148 0.473463 0.520305 0.474657 0.520932 0.477750 0.522227 0.481662 0.523794 0.485731 0.522708 0.486481 0.521443 0.488037 0.517797 0.489588 0.517828 0.491569 0.521773 0.490069 0.522227 0.488944 0.523401 0.489750 0.526625 0.488625 0.524849 0.484551 0.522437 0.478713 0.521503 0.475713 0.521143 0.472287
1 0.524258 0.459694 0.524883 0.457843 0.526263 0.454833 0.528581 0.452287 0.530924 0.450528 0.533008 0.449694 0.536315 0.449509 0.539102 0.450343 0.541029 0.451407 0.543164 0.453491 0.545221 0.455944 0.546211 0.459370 0.545534 0.459787 0.543346 0.455620 0.539909 0.452426 0.536419 0.451222 0.533737 0.450852 0.531107 0.451778 0.528867 0.453306 0.526966 0.455713 0.525716 0.458398 0.525013 0.461500 0.524674 0.464972 0.524292 0.466597 0.524109 0.461616
1 0.545534 0.459787 0.547422 0.463611 0.549583 0.460926 0.554193 0.458333 0.554063 0.456481 0.550130 0.458565 0.549740 0.459306 0.548846 0.459204 0.547883 0.459097 0.546211 0.459370
1 0.523346 0.440083 0.522799 0.441472 0.524964 0.446241 0.525380 0.447491 0.526266 0.450824 0.527711 0.448264 0.525549 0.444426
1 0.539862 0.438472 0.536297 0.439046 0.534352 0.439912 0.532464 0.441833 0.530411 0.445000 0.532667 0.443616 0.534193 0.442037 0.536068 0.441157 0.539219 0.440324 0.541953 0.440602 0.544740 0.442037 0.546536 0.444074 0.548125 0.448380 0.550859 0.452639 0.551016 0.451574 0.549479 0.446481 0.547526 0.443241 0.545781 0.441111 0.542839 0.439074
1 0.548859 0.461824 0.549146 0.465245 0.548937 0.468579 0.548182 0.466264 0.548234 0.462606
1 0.549068 0.464042 0.550807 0.463750 0.553182 0.463810 0.555708 0.465245 0.558000 0.467977 0.559510 0.470245 0.560318 0.473718 0.560344 0.477005 0.559562 0.480153 0.558521 0.484366 0.557297 0.486218 0.558625 0.487236 0.560057 0.484509 0.561438 0.478810 0.561542 0.474736 0.560734 0.470106 0.559771 0.467468 0.557974 0.465296 0.556281 0.463347 0.553651 0.462329 0.551828 0.461681 0.548859 0.461824
1 0.528130 0.454796 0.527766 0.457014 0.527818 0.459009 0.528859 0.457574 0.530422 0.456319 0.533000 0.454699 0.533130 0.452801 0.532505 0.452616 0.531620 0.453958 0.531594 0.454884 0.530995 0.455074 0.530786 0.454236 0.530161 0.454565 0.530031 0.455491 0.529563 0.456319 0.529276 0.456000 0.529771 0.454699 0.529667 0.453727 0.528937 0.453819
1 0.530924 0.450528 0.532396 0.448611 0.533932 0.447130 0.535755 0.445880 0.538182 0.444583 0.540049 0.444903 0.541042 0.445833 0.539583 0.445926 0.537161 0.446296 0.534766 0.448009 0.533008 0.449694
1 0.542521 0.445116 0.544687 0.445324 0.546406 0.446620 0.547760 0.447222 0.548125 0.448380 0.550859 0.452639 0.551797 0.452639 0.552865 0.454583 0.553542 0.456806 0.552422 0.457407 0.550781 0.454398 0.548828 0.451250 0.546484 0.449259 0.544719 0.447583
1 0.552180 0.463764 0.551919 0.468023 0.551161 0.471495 0.550250 0.474227 0.549367 0.475431 0.549393 0.473301 0.550331 0.470755 0.550826 0.467097 0.551016 0.463704
1 0.552102 0.459551 0.552180 0.461773 0.551828 0.461681 0.550990 0.461713 0.550964 0.460093
1 0.560729 0.481852 0.563732 0.486343 0.566060 0.493968 0.567518 0.498227 0.566076 0.497731 0.565451 0.494491 0.563419 0.489306 0.563081 0.489815 0.560477 0.482778
1 0.470273 0.538236 0.471523 0.541463 0.474185 0.541463 0.476768 0.542824 0.479430 0.544690 0.482214 0.546769 0.483906 0.550356 0.484794 0.552648 0.486167 0.557454 0.486367 0.561542 0.486005 0.565343 0.485198 0.568782 0.483664 0.571722 0.480721 0.574806 0.482737 0.574949 0.484794 0.572440 0.486409 0.568569 0.487255 0.564694 0.487336 0.561111 0.487133 0.557597 0.486771 0.555231 0.485924 0.552361 0.484190 0.548060 0.482333 0.544833 0.479872 0.542250 0.476768 0.539884 0.472612 0.538523
1 0.486846 0.548463 0.486771 0.555231 0.487133 0.557597 0.487336 0.561111 0.487255 0.564694 0.486695 0.567431 0.488018 0.576269 0.489013 0.576000 0.487779 0.565718 0.487721 0.562074 0.487690 0.556556 0.488083 0.549218
1 0.510146 0.488014 0.511776 0.485639 0.513047 0.486250 0.513333 0.488102 0.512214 0.489861 0.510729 0.491343
1 0.513047 0.486250 0.513333 0.488102 0.515417 0.493704 0.516510 0.492685 0.514870 0.488889 0.514609 0.486870
9 0.558586 0.615620 0.558063 0.616736 0.558482 0.618102 0.559284 0.618227 0.560120 0.617111 0.559945 0.615310
2 0.408672 0.379074 0.409802 0.393852 0.418062 0.414014 0.422815 0.404412 0.420763 0.376667
5 0.502474 0.582120 0.502432 0.584833 0.503185 0.584403
5 0.486112 0.602889 0.488573 0.603176 0.490914 0.602745 0.492810 0.601097 0.493641 0.599977 0.493292 0.603454 0.493570 0.606306 0.493867 0.607829 0.491182 0.607370 0.487490 0.609380
5 0.519755 0.662551 0.517526 0.662181 0.515083 0.661931 0.511878 0.663046 0.509576 0.665278 0.508042 0.667199 0.506979 0.668796 0.505547 0.671296 0.504792 0.673472 0.504531 0.675231 0.504451 0.677736 0.526414 0.693106 0.529273 0.691245 0.529344 0.690505 0.525753 0.688704 0.521255 0.688519 0.522615 0.682755 0.522510 0.677736 0.531505 0.681083 0.531401 0.678417 0.530737 0.675134 0.528786 0.670051 0.527286 0.666023 0.525612 0.664412 0.523557 0.663852 0.522336 0.666394 0.519406 0.665403
5 0.500039 0.638449 0.499865 0.641546 0.500365 0.644412 0.501432 0.646495 0.503523 0.649296 0.505599 0.654181 0.507161 0.657468 0.508255 0.657931 0.509010 0.659644 0.511857 0.660449 0.515935 0.660204 0.518654 0.659829 0.521443 0.658097 0.524023 0.654870 0.525523 0.651218 0.526393 0.648181 0.527018 0.642106 0.525000 0.646403 0.520284 0.651208 0.515401 0.653000 0.511526 0.652431 0.508503 0.651426 0.505721 0.649352 0.502654 0.645120 0.500596 0.640454
5 0.480721 0.574806 0.486112 0.602889 0.488573 0.603176 0.490914 0.602745 0.492810 0.601097 0.493641 0.599977 0.494406 0.597898 0.494867 0.595144 0.494745 0.591486 0.493776 0.587111 0.492406 0.583310 0.490836 0.581083 0.490029 0.580079 0.488372 0.578148 0.485307 0.576000 0.482737 0.574949
5 0.493641 0.599977 0.493292 0.603454 0.493570 0.606306 0.493867 0.607829 0.496367 0.608431 0.499206 0.608898 0.500638 0.611403 0.503060 0.613574 0.504151 0.615838 0.506523 0.613491 0.509310 0.611773 0.511284 0.610912 0.513609 0.610519 0.513609 0.608162 0.515638 0.604509 0.514453 0.602648 0.513477 0.599181 0.512990 0.597505 0.512815 0.594963 0.512885 0.592611 0.512234 0.593884 0.509857 0.596894 0.506385 0.599690 0.502432 0.601699 0.498563 0.601412 0.496182 0.600912
5 0.494406 0.597898 0.498521 0.599190 0.501344 0.599620 0.501182 0.596894 0.501667 0.585185 0.499792 0.586343 0.497891 0.588148 0.495807 0.591481 0.494867 0.595144
5 0.502432 0.584833 0.502151 0.595171 0.502513 0.599690 0.503927 0.599259 0.505984 0.597898 0.508081 0.596394 0.510380 0.593236 0.512841 0.589435 0.514333 0.585134 0.512615 0.583537 0.509724 0.582657 0.505245 0.583491
5 0.515583 0.585778 0.514253 0.590009 0.514482 0.595116 0.515177 0.598917 0.516260 0.602398 0.516852 0.598463 0.517859 0.598722 0.517781 0.600944 0.517164 0.604222 0.519424 0.606954 0.522047 0.608667 0.525813 0.610167 0.529427 0.609843 0.533044 0.609204 0.536961 0.606792 0.540365 0.602292 0.541992 0.597898 0.542294 0.592491 0.541570 0.588366 0.540969 0.585954 0.539682 0.583676 0.538198 0.581546 0.536797 0.579940 0.535937 0.579060 0.534008 0.577597 0.532169 0.576741 0.529609 0.576046 0.527862 0.578616 0.526354 0.577329 0.526052 0.576366 0.522951 0.576903 0.519966 0.578829 0.517214 0.582130
5 0.520169 0.610833 0.521693 0.615282 0.523065 0.616718 0.525000 0.620236 0.527190 0.623370 0.530203 0.625083 0.533487 0.626157 0.536956 0.626157 0.540057 0.625352 0.542560 0.623208 0.544940 0.620745 0.546172 0.617958 0.544185 0.615977 0.541685 0.613458 0.538974 0.611907 0.536138 0.610833 0.534154 0.610833 0.532854 0.612495 0.530112 0.613676 0.526828 0.613514 0.523245 0.612495
5 0.548203 0.588185 0.549034 0.583741 0.552945 0.584185 0.555602 0.584556 0.557060 0.584926 0.558727 0.585065 0.568552 0.584991 0.569729 0.583838 0.571927 0.585769 0.571596 0.589088 0.572078 0.592676 0.571536 0.599370 0.570573 0.603764 0.567648 0.605801 0.563672 0.606764 0.560177 0.606870 0.556893 0.606602 0.553336 0.604838 0.549630 0.601245 0.547682 0.597917 0.548419 0.595954 0.549443 0.589588
5 0.560026 0.570787 0.559292 0.569046 0.558203 0.567269 0.557312 0.564833 0.557130 0.563028 0.556758 0.560403 0.557299 0.555796 0.558023 0.550977 0.559409 0.546583 0.562362 0.542620 0.565224 0.539671 0.568688 0.539671 0.571581 0.539671 0.574294 0.541333 0.577607 0.544977 0.579505 0.547921 0.581766 0.552208 0.583060 0.556440 0.583664 0.560458 0.583453 0.562815 0.583362 0.567903 0.582398 0.570579 0.580755 0.572454 0.580000 0.573148 0.579453 0.574352 0.578299 0.575241 0.576763 0.575991 0.574565 0.576954 0.572333 0.577009 0.570255 0.577009 0.569260 0.576685 0.569518 0.573579
5 0.549857 0.549986 0.550706 0.554361 0.552117 0.557444 0.554245 0.560694 0.556323 0.562981 0.557130 0.563028 0.556758 0.560403 0.557299 0.555796 0.558023 0.550977 0.559409 0.546583 0.562362 0.542620 0.565224 0.539671 0.568688 0.539671 0.571581 0.539671 0.574294 0.541333 0.575875 0.542995 0.573404 0.536083 0.571805 0.532440 0.569607 0.528963 0.567107 0.525958 0.565240 0.524833 0.563068 0.524519 0.560148 0.524569 0.557042 0.525907 0.554932 0.527458 0.553307 0.529171 0.552398 0.548032 0.550625 0.548468
5 0.550583 0.526722 0.553307 0.529171 0.554932 0.527458 0.557042 0.525907 0.560148 0.524569 0.563068 0.524519 0.565240 0.524833 0.567107 0.525958 0.565859 0.523704 0.565078 0.521111 0.562057 0.520278 0.559089 0.520278 0.559063 0.518472 0.560339 0.517870 0.563464 0.517963 0.564531 0.515509 0.561008 0.515259 0.558208 0.516648 0.554745 0.519329 0.552544 0.522329
5 0.565417 0.517454 0.565859 0.519815 0.567266 0.524028 0.568672 0.526204 0.570365 0.530046 0.571805 0.532440 0.573404 0.536083 0.575875 0.542995 0.576763 0.542028 0.577034 0.537903 0.576492 0.532602 0.575076 0.527833 0.573388 0.524032 0.571883 0.520926 0.570557 0.519102 0.568539 0.517602 0.565737 0.515995
5 0.537104 0.509917 0.540727 0.515245 0.543000 0.512375 0.544448 0.512657 0.544859 0.514338 0.544292 0.516245 0.542807 0.518032 0.547958 0.524676 0.550430 0.520657 0.551003 0.518407 0.551091 0.512301 0.550458 0.507588 0.549013 0.502764 0.547628 0.499444 0.547628 0.496069 0.546302 0.493875 0.544854 0.494194 0.541872 0.496014 0.538708 0.499819
5 0.555596 0.518699 0.558208 0.516648 0.561008 0.515259 0.564531 0.515509 0.565599 0.513194 0.567370 0.511019 0.569219 0.510000 0.571667 0.509537 0.574115 0.509630 0.576016 0.510093 0.574628 0.503921 0.572049 0.501097 0.569602 0.499431 0.567518 0.498227 0.566076 0.497731 0.563065 0.497329 0.560328 0.498134 0.557948 0.499741 0.555927 0.503273 0.554995 0.506810 0.554508 0.513986
5 0.544854 0.494194 0.546302 0.493875 0.547628 0.496069 0.547628 0.499444 0.549013 0.502764 0.550458 0.507588 0.550698 0.509574 0.553065 0.512259 0.554576 0.512995 0.554995 0.506810 0.555927 0.503273 0.557948 0.499741 0.560328 0.498134 0.563065 0.497329 0.566076 0.497731 0.565451 0.494491 0.563419 0.489306 0.563081 0.489815 0.562365 0.490639 0.561503 0.489250 0.560253 0.487954 0.558625 0.487236 0.557297 0.486218 0.556487 0.485144 0.554013 0.485005 0.550497 0.484773 0.548466 0.485236 0.546268 0.486838 0.545073 0.488366 0.544422 0.491884
5 0.576354 0.511898 0.574167 0.511296 0.571563 0.511481 0.569323 0.512222 0.567344 0.513611 0.565911 0.515185 0.565737 0.515995 0.568539 0.517602 0.570557 0.519102 0.571883 0.520926 0.573388 0.524032 0.575076 0.527833 0.575833 0.530278 0.577656 0.528796 0.578776 0.526481
5 0.575875 0.542995 0.577607 0.544977 0.579083 0.544065 0.581555 0.541227 0.578776 0.526481 0.577656 0.528796 0.575833 0.530278 0.576492 0.532602 0.577034 0.537903 0.576763 0.542028
5 0.527805 0.487894 0.525906 0.483931 0.525367 0.481472 0.524924 0.476889 0.525448 0.472083 0.526174 0.468208 0.528232 0.463551 0.530167 0.460319 0.533961 0.457454 0.536336 0.456880 0.540211 0.457097 0.543195 0.458097 0.545247 0.460213 0.547422 0.463611 0.548182 0.466264 0.548937 0.468579 0.549393 0.473301 0.549367 0.475431 0.549005 0.479074 0.548349 0.483560 0.546268 0.486838 0.545073 0.488366 0.544810 0.489583 0.540148 0.488657 0.540388 0.485338 0.538635 0.485338 0.536266 0.484171 0.535852 0.486523
5 0.527805 0.487894 0.525906 0.483931 0.525367 0.481472 0.524924 0.476889 0.525448 0.472083 0.526174 0.468208 0.528232 0.463551 0.530167 0.460319 0.533961 0.457454 0.536336 0.456880 0.540211 0.457097 0.543195 0.458097 0.545247 0.460213 0.547422 0.463611 0.545534 0.459787 0.543346 0.455620 0.540305 0.453644 0.537773 0.453056 0.534641 0.453324 0.533000 0.454699 0.530422 0.456319 0.528859 0.457574 0.527818 0.459009 0.526596 0.460662 0.525482 0.463181 0.524674 0.464972 0.524292 0.466597 0.523719 0.469278 0.523130 0.474588 0.523130 0.478444 0.523281 0.480806 0.524849 0.484551 0.526625 0.488625
5 0.479164 0.499815 0.478057 0.504042 0.477742 0.507079 0.478023 0.510491 0.479138 0.514764 0.481195 0.517491 0.483914 0.518361 0.487680 0.518671 0.490992 0.517801 0.494688 0.515819 0.497128 0.513028 0.499672 0.509620 0.501310 0.506028 0.502146 0.501315 0.501938 0.498773 0.501753 0.497657 0.501049 0.495435 0.500294 0.493722 0.499305 0.492241 0.497794 0.491037 0.496326 0.490407 0.493328 0.490532 0.488914 0.493417 0.489346 0.493856 0.487044 0.501931 0.485247 0.504116 0.482221 0.501759 0.484081 0.499014 0.485594 0.495148 0.486193 0.492458 0.483914 0.492861 0.483594 0.493866 0.481055 0.497606
5 0.477836 0.506287 0.476326 0.506241 0.474451 0.506843 0.472419 0.507815 0.470753 0.509176 0.468219 0.513051 0.467445 0.514852 0.466924 0.516704 0.466839 0.518657 0.466987 0.522681 0.467534 0.524042 0.469138 0.527398 0.469815 0.529898 0.471690 0.532259 0.474633 0.533648 0.476898 0.535130 0.479685 0.535315 0.483201 0.534898 0.486091 0.533556 0.484451 0.529759 0.492497 0.525685 0.492758 0.523046 0.492445 0.520454 0.491872 0.517352 0.490992 0.517801 0.487680 0.518671 0.483914 0.518361 0.481195 0.517491 0.479138 0.514764 0.478023 0.510491 0.477742 0.507079
5 0.442799 0.350384 0.441065 0.354542 0.440896 0.356380 0.442711 0.359963 0.443159 0.361120 0.446333 0.360565 0.450411 0.357713 0.453724 0.352694 0.455641 0.348602 0.456966 0.342468 0.457141 0.336269 0.456547 0.333667 0.454872 0.330630 0.452992 0.328954 0.451352 0.328458 0.451344 0.332972 0.450737 0.336630 0.449164 0.341074 0.447310 0.345093 0.446219 0.346310 0.450536 0.348750 0.449849 0.349394 0.445656 0.348319 0.444849 0.347528 0.444003 0.350181
5 0.450414 0.328310 0.450456 0.331824 0.449930 0.335481 0.448398 0.340356 0.446057 0.344444 0.445495 0.344088 0.444284 0.345593 0.444161 0.346597 0.443477 0.348532 0.442669 0.349319 0.441750 0.343856 0.443607 0.338694 0.445018 0.333819 0.445417 0.330278 0.447813 0.328565
5 0.509747 0.442611 0.511206 0.440944 0.511315 0.441444 0.511630 0.445412 0.511560 0.449255 0.511315 0.452662 0.510711 0.452981 0.509810 0.449898 0.509914 0.444940
5 0.512039 0.440296 0.512607 0.443741 0.512607 0.447889 0.512273 0.452611 0.514565 0.450065 0.517273 0.446963 0.519305 0.444741 0.519229 0.439676 0.518021 0.436019 0.515112 0.437472
5 0.519773 0.435880 0.522365 0.434537 0.523500 0.435306 0.523445 0.437032 0.522904 0.439046 0.522005 0.441065 0.520625 0.443148 0.520521 0.440894
5 0.497266 0.658889 0.498544 0.667213 0.500865 0.675144 0.504451 0.677736 0.504531 0.675231 0.502865 0.674537 0.502214 0.671389 0.501406 0.668426 0.502682 0.666435 0.500130 0.663704 0.498516 0.661713
5 0.497422 0.654491 0.497812 0.657176 0.498568 0.659352 0.498516 0.654134
5 0.499849 0.520620 0.494716 0.530991 0.490982 0.537296 0.484589 0.545431 0.486846 0.548463 0.488083 0.549218 0.497656 0.559204 0.499289 0.562190 0.500549 0.564597 0.503070 0.565676 0.505216 0.564926 0.507271 0.565426 0.510305 0.567833 0.515297 0.569324 0.519359 0.571315 0.520898 0.574301 0.524078 0.575889 0.525247 0.574269 0.526052 0.576366 0.526354 0.577329 0.527862 0.578616 0.529609 0.576046 0.532880 0.568347 0.533534 0.563949 0.531003 0.562046 0.528427 0.560704 0.525570 0.556597 0.521245 0.551509 0.517828 0.545560 0.516542 0.547556 0.515250 0.545704 0.516643 0.543829 0.515737 0.542468 0.514310 0.545630 0.504833 0.530227 0.503432 0.527773 0.503052 0.529713 0.501745 0.530347 0.500763 0.529130 0.500599 0.527630 0.501417 0.525648 0.502453 0.525352
5 0.501745 0.512310 0.503156 0.516042 0.506948 0.513819 0.510294 0.510449 0.513281 0.506935 0.517273 0.501986 0.518927 0.506000 0.515620 0.510662 0.510820 0.515611 0.508318 0.517907 0.504849 0.519986 0.507674 0.526796 0.515737 0.542468 0.516643 0.543829 0.521208 0.537352 0.529534 0.529565 0.529734 0.528468 0.530062 0.520426 0.533091 0.502977 0.529214 0.496106 0.528891 0.492880 0.527641 0.491731 0.523083 0.492662 0.518685 0.495889 0.514245 0.500000 0.510617 0.502847
5 0.537104 0.509917 0.534659 0.522954 0.540727 0.515245
5 0.517828 0.545560 0.521245 0.551509 0.525570 0.556597 0.528427 0.560704 0.531003 0.562046 0.533534 0.563949 0.535365 0.565218 0.536302 0.564060 0.537552 0.564060 0.538490 0.564014 0.539641 0.563306 0.543229 0.563231 0.543823 0.562704 0.544917 0.560806 0.547143 0.557713 0.549281 0.553051 0.549857 0.549986 0.550625 0.548468 0.552398 0.548032 0.553307 0.529171 0.550583 0.526722 0.547958 0.524676 0.542807 0.518032 0.534138 0.528069 0.534039 0.529051 0.530794 0.547532 0.528641 0.548958 0.525721 0.548958 0.528349 0.534366 0.524930 0.538417 0.520768 0.540940
5 0.504284 0.509542 0.506549 0.505014 0.510565 0.498116 0.511716 0.496880 0.515417 0.493704 0.516510 0.492685 0.517828 0.491569 0.522133 0.490884 0.522518 0.489894 0.523401 0.489750 0.526625 0.488625 0.527805 0.487894 0.535852 0.486523 0.533987 0.497764 0.530641 0.498569 0.529214 0.496106 0.528891 0.492880 0.527641 0.491731 0.523083 0.492662 0.518685 0.495889 0.514245 0.500000 0.510617 0.502847
5 0.530641 0.498569 0.533091 0.502977 0.533987 0.497764
5 0.540148 0.488657 0.539805 0.492926 0.538708 0.499819 0.541872 0.496014 0.544854 0.494194 0.544422 0.491884 0.544810 0.489583
5 0.490661 0.551884 0.489396 0.554991 0.492831 0.557565 0.495633 0.560616 0.498617 0.564315 0.501568 0.567815 0.503018 0.568532 0.505365 0.569134 0.505909 0.568009 0.507234 0.568546 0.508167 0.570847 0.511602 0.572722 0.514130 0.573662 0.515544 0.573875 0.518984 0.575347 0.524078 0.575889 0.520898 0.574301 0.519359 0.571315 0.515297 0.569324 0.510305 0.567833 0.507271 0.565426 0.505216 0.564926 0.503070 0.565676 0.500549 0.564597 0.499289 0.562190 0.497656 0.559204
5 0.492497 0.525685 0.484451 0.529759 0.486091 0.533556 0.486313 0.533968 0.487458 0.536056 0.489354 0.539403 0.490982 0.537296 0.494716 0.530991 0.498815 0.522745
5 0.488362 0.537671 0.486706 0.538634 0.487490 0.541685 0.489354 0.539403
5 0.471523 0.541463 0.476641 0.550833 0.479625 0.549236 0.480557 0.545537 0.479430 0.544690 0.476768 0.542824 0.474185 0.541463
5 0.499177 0.571060 0.502474 0.582120 0.503185 0.584403 0.505245 0.583491 0.507693 0.582940 0.501615 0.569444
5 0.487458 0.536056 0.484625 0.539968 0.483602 0.541949 0.482333 0.544833 0.483854 0.547454 0.485729 0.547037 0.484589 0.545431 0.487490 0.541685 0.486706 0.538634 0.488362 0.537671
5 0.481469 0.431620 0.483518 0.434245 0.487086 0.438097 0.490086 0.442435 0.492526 0.448509 0.493815 0.453532 0.494409 0.459977 0.494268 0.464750 0.493674 0.468963 0.492664 0.472551 0.493789 0.471884 0.495151 0.471931 0.495888 0.473630 0.496406 0.478278 0.497305 0.479778 0.501240 0.479477 0.501078 0.474815 0.501482 0.467574 0.500391 0.468102 0.490430 0.431213
5 0.451076 0.278685 0.448266 0.289569 0.445641 0.300231 0.442961 0.313667 0.445018 0.314528 0.446187 0.318472 0.446469 0.321699 0.448076 0.321426 0.449771 0.322356 0.451141 0.324509 0.451383 0.327449 0.451352 0.328458 0.452992 0.328954 0.454872 0.330630 0.456547 0.333667 0.457141 0.336269 0.456966 0.342468 0.455641 0.348602 0.453724 0.352694 0.450411 0.357713 0.446333 0.360565 0.443159 0.361120 0.446604 0.367231 0.450794 0.371032 0.454182 0.372463 0.457612 0.371176 0.459589 0.370264 0.459719 0.350750 0.460237 0.322884 0.466276 0.311681 0.467253 0.307352 0.469070 0.302764 0.469227 0.298245 0.465760 0.293157 0.457211 0.284694
5 0.496102 0.405194 0.500878 0.420500 0.509036 0.420741 0.509690 0.418264 0.511281 0.414023 0.512943 0.411069 0.512294 0.398861 0.509057 0.401630 0.504120 0.404181 0.500112 0.401940 0.498081 0.397292 0.496820 0.398333 0.496865 0.401412
5 0.475997 0.551199 0.480721 0.574806 0.483664 0.571722 0.485198 0.568782 0.486005 0.565343 0.486367 0.561542 0.486167 0.557454 0.484794 0.552648 0.483906 0.550356 0.482750 0.547856 0.481823 0.548162 0.479625 0.549236 0.476641 0.550833
5 0.483854 0.547454 0.484190 0.548060 0.485924 0.552361 0.486771 0.555231 0.486846 0.548463 0.485729 0.547037
5 0.488083 0.549218 0.487690 0.556556 0.487721 0.562074 0.487779 0.565718 0.489013 0.576000 0.488018 0.576269 0.486695 0.567431 0.486409 0.568569 0.484794 0.572440 0.482737 0.574949 0.485307 0.576000 0.488372 0.578148 0.490029 0.580079 0.492409 0.576134 0.495104 0.572639 0.498646 0.569583 0.496198 0.561296 0.495633 0.560616 0.492831 0.557565 0.489396 0.554991 0.490661 0.551884
5 0.502474 0.582120 0.499177 0.571060 0.498339 0.571546 0.495958 0.573551 0.494628 0.574773 0.492693 0.577782 0.490836 0.581083 0.492406 0.583310 0.493776 0.587111 0.494745 0.591486 0.494867 0.595144 0.495807 0.591481 0.497891 0.588148 0.499792 0.586343 0.501667 0.585185 0.501789 0.582338
5 0.501615 0.569444 0.507693 0.582940 0.509724 0.582657 0.512615 0.583537 0.514333 0.585134 0.514971 0.582111 0.513122 0.579194 0.510102 0.576787 0.509607 0.577389 0.508617 0.576509 0.508982 0.574148 0.511117 0.575398 0.512992 0.576880 0.515128 0.577481 0.515060 0.576671 0.514130 0.573662 0.511602 0.572722 0.508167 0.570847 0.507234 0.568546 0.505909 0.568009 0.505365 0.569134 0.503018 0.568532
5 0.496198 0.561296 0.498620 0.569676 0.501568 0.567815 0.498617 0.564315
5 0.497057 0.646264 0.496875 0.650338 0.497266 0.653023 0.499714 0.652282 0.502135 0.650755 0.503516 0.651125 0.505599 0.654181 0.503523 0.649296 0.501432 0.646495 0.499115 0.646681
5 0.499424 0.636083 0.498880 0.639574 0.497083 0.644227 0.498802 0.644366 0.500365 0.644412 0.499865 0.641546 0.500039 0.638449
5 0.502604 0.654491 0.501927 0.662083 0.500313 0.661343 0.502812 0.663889 0.504531 0.664769 0.505417 0.664676 0.506979 0.668796 0.508042 0.667199 0.509576 0.665278 0.511878 0.663046 0.515083 0.661931 0.515388 0.660306 0.511857 0.660449 0.509010 0.659644 0.509896 0.662560 0.508880 0.663301 0.507500 0.660014 0.505781 0.658023 0.503750 0.656542
5 0.491872 0.517352 0.492445 0.520454 0.492758 0.523046 0.492497 0.525685 0.498815 0.522745 0.499849 0.520620 0.497997 0.518856 0.495312 0.515139 0.494688 0.515819
5 0.527891 0.660389 0.526156 0.661606 0.523557 0.663852 0.525612 0.664412 0.527286 0.666023 0.528786 0.670051 0.530737 0.675134 0.531401 0.678417 0.531505 0.681083 0.534789 0.681755
5 0.515544 0.573875 0.516148 0.576097 0.516271 0.577815 0.517182 0.577769 0.517885 0.578556 0.519917 0.577398 0.522052 0.577491 0.522951 0.576903 0.526052 0.576366 0.525247 0.574269 0.524078 0.575889 0.518984 0.575347 0.518984 0.575347
5 0.533534 0.563949 0.532880 0.568347 0.529609 0.576046 0.532169 0.576741 0.534008 0.577597 0.535937 0.579060 0.537422 0.577301 0.537839 0.576190 0.536797 0.576653 0.535573 0.574245 0.535729 0.572856 0.536797 0.571977 0.537891 0.571745 0.538333 0.574801 0.539010 0.572625 0.538880 0.569245 0.538438 0.567069 0.537552 0.564060 0.537630 0.566097 0.536979 0.567162 0.535703 0.566977 0.535365 0.565218
5 0.538099 0.578412 0.536797 0.579940 0.538198 0.581546
5 0.542161 0.593968 0.543357 0.594185 0.543659 0.589046 0.544534 0.586264 0.545617 0.585569 0.548203 0.588185 0.549034 0.583741 0.552945 0.584185 0.552789 0.583028 0.553258 0.581130 0.554352 0.581130 0.555445 0.581685 0.555732 0.583167 0.555602 0.584556 0.557060 0.584926 0.556878 0.583491 0.557008 0.581130 0.556982 0.579417 0.557294 0.578444 0.557112 0.577426 0.557451 0.576315 0.556930 0.575481 0.556852 0.573213 0.557052 0.572472 0.553648 0.574093 0.554742 0.575111 0.554768 0.577102 0.554534 0.579324 0.553180 0.579648 0.552164 0.578444 0.551826 0.576917 0.552424 0.574833 0.546531 0.577889 0.545984 0.580991 0.542625 0.582935 0.542208 0.581778 0.540854 0.583398 0.539682 0.583676 0.540969 0.585954 0.541570 0.588366 0.542294 0.592491
5 0.538490 0.564014 0.539479 0.567347 0.539974 0.570449 0.540052 0.573273 0.539271 0.575866 0.539031 0.576407 0.540542 0.575898 0.539995 0.574324 0.541661 0.573306 0.541245 0.571407 0.541505 0.569463 0.542104 0.568444 0.543068 0.568583 0.544005 0.569185 0.544057 0.571222 0.543927 0.571963 0.544344 0.571731 0.545698 0.573444 0.546297 0.575528 0.559292 0.569046 0.558203 0.567269 0.557312 0.564833 0.557182 0.568213 0.555750 0.569000 0.554891 0.568676 0.554708 0.565852 0.554344 0.566037 0.554344 0.568167 0.553562 0.568954 0.552365 0.569046 0.551974 0.567935 0.551323 0.568907 0.550255 0.568815 0.549682 0.568306 0.549682 0.569833 0.548250 0.569972 0.547547 0.569046 0.547391 0.566917 0.546740 0.566407 0.546375 0.566917 0.545516 0.566917 0.544995 0.565667 0.544734 0.564370 0.543823 0.562704 0.543229 0.563231 0.539641 0.563306
5 0.549857 0.549986 0.549281 0.553051 0.547143 0.557713 0.544917 0.560806 0.546036 0.559926 0.547443 0.560528 0.547859 0.561130 0.549031 0.560852 0.549839 0.561269 0.549917 0.562565 0.549318 0.563907 0.549396 0.566083 0.549839 0.564787 0.551505 0.564602 0.551974 0.565944 0.552599 0.564741 0.553120 0.564417 0.552917 0.562361 0.553385 0.561250 0.554245 0.560694 0.552117 0.557444 0.550706 0.554361
5 0.527904 0.635653 0.532984 0.647778 0.536172 0.645125 0.537745 0.650718 0.535203 0.653231 0.539036 0.661764 0.539237 0.648426 0.543352 0.646130 0.544320 0.644194 0.545448 0.644981 0.575057 0.626338 0.575016 0.625046 0.573281 0.625120 0.571909 0.623185 0.571747 0.620315 0.572435 0.616731 0.574370 0.614218 0.576469 0.613144 0.578122 0.613931 0.579091 0.621102 0.578484 0.625190 0.582357 0.637310 0.583930 0.635014 0.585021 0.631644 0.586271 0.629278 0.588044 0.627773 0.589094 0.626843 0.589417 0.625190 0.590789 0.624759 0.592763 0.626912 0.595508 0.628417 0.594820 0.625046 0.592685 0.624546 0.591674 0.619097 0.592844 0.616370 0.589891 0.594426 0.589135 0.594981 0.588068 0.594704 0.587365 0.593639 0.587365 0.591509 0.587990 0.589935 0.589401 0.590000 0.588536 0.583685 0.581896 0.589519 0.580438 0.588870 0.579448 0.587157 0.577260 0.581741 0.586927 0.573148 0.585867 0.566389 0.583453 0.562815 0.583362 0.567903 0.582398 0.570579 0.580755 0.572454 0.581302 0.572778 0.581875 0.573889 0.581979 0.575370 0.581797 0.576296 0.580964 0.577222 0.580286 0.577315 0.579891 0.577065 0.579318 0.578130 0.578719 0.578593 0.577833 0.578037 0.577677 0.576694 0.578094 0.575815 0.578901 0.575306 0.579552 0.575352 0.579453 0.574352 0.578299 0.575241 0.576763 0.575991 0.574565 0.576954 0.572333 0.577009 0.570255 0.577009 0.569260 0.576685 0.568552 0.584991 0.569729 0.583838 0.571927 0.585769 0.571596 0.589088 0.572078 0.592676 0.571536 0.599370 0.570573 0.603764 0.567648 0.605801 0.563672 0.606764 0.560177 0.606870 0.556893 0.606602 0.553336 0.604838 0.551896 0.603454 0.551125 0.608741 0.551997 0.608926 0.553286 0.609856 0.553706 0.612218 0.553706 0.614259 0.554367 0.615745 0.554229 0.617542 0.554333 0.620083 0.554159 0.622130 0.553148 0.622625 0.551719 0.621449 0.551615 0.619093 0.550807 0.618889 0.550497 0.619713 0.549172 0.619218 0.548828 0.620995 0.546172 0.617958 0.544940 0.620745 0.542560 0.623208 0.540057 0.625352 0.536956 0.626157 0.534799 0.626269 0.538833 0.630352 0.537141 0.634727 0.529839 0.629926 0.527703 0.629338
5 0.446260 0.323792 0.447794 0.323148 0.449164 0.323435 0.450133 0.325301 0.450414 0.328310 0.447813 0.328565 0.445417 0.330278
5 0.487490 0.609380 0.491182 0.607370 0.493867 0.607829 0.496367 0.608431 0.499206 0.608898 0.500638 0.611403 0.503060 0.613574 0.504151 0.615838 0.503784 0.616222 0.501805 0.619662 0.500396 0.623171 0.499747 0.626972 0.499615 0.628366 0.496750 0.634421 0.494883 0.639296 0.493406 0.640741
5 0.550698 0.509574 0.553065 0.512259 0.554576 0.512995 0.554508 0.513986 0.555596 0.518699 0.554745 0.519329 0.552544 0.522329 0.550583 0.526722 0.547958 0.524676 0.550430 0.520657 0.551003 0.518407 0.551091 0.512301
6 0.486221 0.407264 0.487482 0.413449 0.489161 0.423819 0.499990 0.460574 0.502698 0.459495 0.502464 0.454352 0.495836 0.430208 0.495312 0.425231 0.493784 0.421662 0.492477 0.419005 0.492430 0.414028 0.491263 0.406560
5 0.484807 0.403088 0.484633 0.406745 0.486516 0.413745 0.487036 0.418769 0.500391 0.468102 0.513323 0.462028 0.506771 0.439468 0.496102 0.405194 0.495893 0.406065 0.492466 0.406347 0.501195 0.439366 0.500120 0.440282 0.499000 0.440282 0.495742 0.425065 0.492430 0.414028 0.492477 0.419005 0.493776 0.421667 0.495312 0.425231 0.495833 0.430139 0.502464 0.454352 0.502698 0.459495 0.499990 0.460574 0.489161 0.423819 0.487482 0.413449 0.486221 0.407264
5 0.536266 0.484171 0.533091 0.502977 0.530062 0.520426 0.529734 0.528468 0.529367 0.531449 0.528349 0.534366 0.525721 0.548958 0.528641 0.548958 0.530794 0.547532 0.534039 0.529051 0.534659 0.522954 0.537104 0.509917 0.539805 0.492926 0.540388 0.485338 0.538635 0.485338
8 0.529534 0.529565 0.521208 0.537352 0.515250 0.545704 0.516542 0.547556 0.520768 0.540940 0.524930 0.538417 0.528349 0.534366 0.529367 0.531449
8 0.534659 0.522954 0.543000 0.512375 0.544448 0.512657 0.544859 0.514338 0.544292 0.516245 0.534138 0.528069
5 0.516852 0.598463 0.516060 0.603625 0.513609 0.608162 0.513609 0.610519 0.511284 0.610912 0.509310 0.611773 0.506523 0.613491 0.503784 0.616222 0.501805 0.619662 0.500396 0.623171 0.499747 0.626972 0.499224 0.632995 0.499424 0.636083 0.500596 0.640454 0.502654 0.645120 0.505721 0.649352 0.508503 0.651426 0.511526 0.652431 0.515401 0.653000 0.520284 0.651208 0.525000 0.646403 0.527018 0.642106 0.527904 0.635653 0.527703 0.629338 0.526818 0.624468 0.525000 0.620236 0.523065 0.616718 0.521693 0.615282 0.519154 0.612843 0.516609 0.611343 0.516651 0.607250 0.517781 0.600944 0.517859 0.598722
5 0.586927 0.573148 0.577260 0.581741 0.579448 0.587157 0.580438 0.588870 0.581896 0.589519 0.588536 0.583685
5 0.541992 0.597898 0.540365 0.602292 0.536961 0.606792 0.533044 0.609204 0.531914 0.609333 0.534154 0.610833 0.536138 0.610833 0.538974 0.611907 0.541685 0.613458 0.544185 0.615977 0.546172 0.617958 0.548828 0.620995 0.549172 0.619218 0.548615 0.616921 0.549104 0.614880 0.549635 0.614815 0.549628 0.612708 0.550185 0.610477 0.551125 0.608741 0.551896 0.603454 0.549630 0.601245 0.547682 0.597917 0.547336 0.598685 0.543357 0.594185 0.542161 0.593968
5 0.503156 0.516042 0.506948 0.513819 0.510294 0.510449 0.513281 0.506935 0.517273 0.501986 0.518927 0.506000 0.515620 0.510662 0.510820 0.515611 0.508318 0.517907 0.504849 0.519986 0.503193 0.520778 0.501867 0.516750
5 0.495312 0.515231 0.497997 0.518856 0.499849 0.520620 0.502453 0.525352 0.503188 0.525986 0.503432 0.527773 0.504831 0.530204 0.514310 0.545630 0.515737 0.542468 0.507674 0.526796 0.507674 0.526796 0.504849 0.519986 0.503193 0.520778 0.501867 0.516750 0.503156 0.516042 0.500648 0.512597 0.498661 0.511106 0.497128 0.513028
5 0.457956 0.468162 0.461708 0.471731 0.461669 0.477255 0.462154 0.482199 0.463323 0.487222 0.464615 0.490306 0.465784 0.492384 0.470099 0.492528 0.470583 0.493602 0.469938 0.494681 0.469534 0.497907 0.469237 0.501718 0.468794 0.503620 0.466971 0.501213 0.466477 0.502741 0.467258 0.503620 0.466753 0.504792 0.464372 0.503213 0.461911 0.500630 0.460500 0.496398 0.460904 0.492241 0.458604 0.490593 0.457112 0.488940 0.455898 0.486870 0.456471 0.477704
5 0.428794 0.440838 0.431016 0.441125 0.451187 0.460940 0.457354 0.467213 0.455779 0.475602 0.454870 0.486481 0.451826 0.482560 0.447026 0.476250 0.442227 0.471588
5 0.462695 0.473801 0.466099 0.483593 0.466029 0.486565 0.466797 0.488856 0.466656 0.491278 0.464154 0.485032 0.463234 0.480231
5 0.297013 0.203889 0.288721 0.187306 0.294810 0.183389 0.308674 0.177398 0.311911 0.175097 0.316057 0.171644 0.321370 0.171644 0.331484 0.192037 0.343005 0.212407 0.357388 0.241662 0.371185 0.271329 0.373984 0.280079 0.374555 0.283259 0.376224 0.285444 0.376458 0.288046 0.372870 0.284847 0.369734 0.282472 0.366146 0.278491 0.361979 0.280648 0.359266 0.284731 0.335143 0.254995 0.306938 0.217222
5 0.357547 0.158755 0.356435 0.154731 0.355596 0.153046 0.355523 0.149398 0.359219 0.149204 0.362883 0.148806 0.362883 0.147792 0.358784 0.143718 0.358755 0.142060 0.361227 0.140282 0.364388 0.132481 0.363685 0.130005 0.362427 0.128514 0.362516 0.125519 0.365508 0.125852 0.372786 0.132907 0.378664 0.138218 0.384917 0.144190 0.389536 0.148009 0.395753 0.153481 0.403409 0.161954 0.415229 0.173750 0.423760 0.180292 0.433701 0.189894 0.442901 0.199713 0.447419 0.204171 0.447044 0.206278 0.448794 0.213167 0.449609 0.219051 0.456609 0.225056 0.455227 0.227278 0.454115 0.228287 0.453177 0.229907 0.451172 0.228051 0.449734 0.227046 0.447943 0.231296 0.446706 0.239412 0.439331 0.231185 0.439766 0.240181 0.440266 0.249509 0.434219 0.242505 0.424984 0.232806 0.411701 0.218213 0.396148 0.201894 0.379083 0.182597 0.362451 0.164551
5 0.384917 0.144190 0.377315 0.135782 0.371388 0.129644 0.368401 0.126907 0.368401 0.125662 0.370081 0.123171 0.374234 0.120435 0.375401 0.119190 0.376521 0.112801 0.377409 0.110560 0.381047 0.102597 0.383055 0.102264 0.383570 0.102500 0.384411 0.103250 0.410234 0.129417 0.441930 0.159255 0.468906 0.185454 0.466456 0.189551 0.466456 0.189551 0.465057 0.192620 0.463003 0.198014 0.461883 0.200171 0.461229 0.200088 0.460622 0.199009 0.459596 0.200333 0.460016 0.202412 0.458661 0.206560 0.456328 0.208051 0.456281 0.209546 0.454010 0.212546 0.447419 0.204171 0.442901 0.199713 0.433701 0.189894 0.423760 0.180292 0.415229 0.173750 0.403409 0.161954 0.395753 0.153481 0.389536 0.148009
5 0.464870 0.234852 0.462633 0.232213 0.459487 0.232356 0.457607 0.233384 0.456609 0.233602 0.453638 0.235727 0.452146 0.237019 0.450979 0.238903 0.451461 0.240102 0.462190 0.251861 0.474815 0.265917 0.494823 0.288435 0.498818 0.293671 0.507609 0.302417 0.525440 0.323931 0.533424 0.333111 0.534596 0.334616 0.535724 0.338417 0.535951 0.339593 0.531870 0.341514 0.530984 0.342181 0.531474 0.344005 0.539958 0.353324 0.541630 0.352431 0.541044 0.350500 0.541044 0.345296 0.543135 0.343958 0.546984 0.349014 0.548823 0.347676 0.548992 0.343065 0.552003 0.347676 0.554094 0.347227 0.554010 0.342917 0.556518 0.331167 0.559279 0.325815 0.562307 0.327806 0.563315 0.327157 0.562786 0.326019 0.559375 0.322639 0.557318 0.320694 0.553078 0.316412 0.551865 0.314755 0.550130 0.314398 0.547383 0.311681 0.544583 0.314171 0.542344 0.311602 0.540198 0.310602 0.538469 0.311185 0.536695 0.311269 0.514576 0.287454 0.489557 0.260986
5 0.451461 0.240102 0.449839 0.242657 0.446706 0.239412 0.439331 0.231185 0.439766 0.240181 0.440266 0.249509 0.440211 0.252102 0.437727 0.253926 0.434974 0.255463 0.433948 0.257000 0.436797 0.259120 0.445964 0.269815 0.464237 0.290875 0.480622 0.308231 0.488049 0.313931 0.500633 0.331287 0.511859 0.346162 0.517961 0.354032 0.521133 0.351491 0.526328 0.345542 0.531870 0.341514 0.535951 0.339593 0.535724 0.338417 0.534596 0.334616 0.533424 0.333111 0.525440 0.323931 0.507609 0.302417 0.498818 0.293671 0.494823 0.288435 0.474815 0.265917 0.462190 0.251861
