0 0.543854 0.483394 0.543542 0.497060 0.538208 0.505704 0.529424 0.502356 0.525031 0.520764 0.519385 0.518532 0.514318 0.530213 0.520875 0.549542 0.520201 0.571486 0.515448 0.571486 0.515729 0.550741 0.513016 0.540616 0.510711 0.556065 0.509628 0.569787 0.492734 0.575782 0.489096 0.604782 0.487872 0.623324 0.488484 0.633227 0.490302 0.642931 0.492641 0.623324 0.496169 0.621681 0.504372 0.625639 0.507323 0.623579 0.512922 0.621764 0.517549 0.622069 0.521909 0.622963 0.512750 0.637741 0.506458 0.670759 0.496060 0.675889 0.495401 0.687968 0.496719 0.697838 0.500766 0.708769 0.501487 0.717972 0.504044 0.724801 0.513000 0.731551 0.516279 0.726755 0.517518 0.732333 0.523729 0.731745 0.532294 0.733139 0.535510 0.719894 0.536089 0.703750 0.533737 0.698505 0.529549 0.683977 0.534583 0.663426 0.539557 0.637380 0.546818 0.638579 0.555445 0.638718 0.560841 0.670037 0.562740 0.684898 0.562349 0.691199 0.557187 0.704894 0.554766 0.710463 0.553784 0.715824 0.555414 0.733727 0.561109 0.738968 0.569406 0.742315 0.587648 0.727088 0.589924 0.716829 0.590615 0.709579 0.592151 0.707319 0.595711 0.684537 0.594896 0.681551 0.587805 0.677204 0.583839 0.643208 0.576151 0.631579 0.574677 0.627231 0.573234 0.627065 0.571885 0.622042 0.574081 0.617245 0.575727 0.610333 0.577125 0.608907 0.579445 0.609356 0.582615 0.618894 0.585060 0.618583 0.588607 0.624523 0.591352 0.627231 0.596716 0.636514 0.598034 0.642569 0.599898 0.648255 0.601076 0.652551 0.601500 0.657486 0.601469 0.663426 0.599430 0.673185 0.605719 0.664708 0.608763 0.657042 0.610786 0.648648 0.611383 0.638218 0.610786 0.612843 0.609391 0.596944 0.606693 0.593125 0.604982 0.588944 0.602974 0.577759 0.593703 0.578375 0.587036 0.576394 0.580888 0.575139 0.582268 0.555593 0.581547 0.534454 0.568732 0.524806 0.568529 0.515741 0.558992 0.499347 0.561078 0.486213
2 0.460865 0.419301 0.454492 0.422954 0.454401 0.424829 0.459706 0.432593 0.463440 0.429593 0.463953 0.427718 0.464646 0.426593 0.465385 0.425727 0.462914 0.424389 0.460625 0.423745
1 0.503333 0.383407 0.505391 0.407356 0.505391 0.409579 0.505956 0.411731 0.507245 0.411657 0.506359 0.409079 0.506440 0.405565 0.505521 0.396944 0.505339 0.394259 0.504221 0.383046
2 0.480615 0.403829 0.480177 0.406125 0.479609 0.407454 0.482474 0.407778 0.485312 0.408194 0.488880 0.405417 0.496068 0.400463 0.504297 0.394630 0.503932 0.390602 0.497760 0.396111 0.494505 0.396574 0.493984 0.398657 0.487969 0.403611 0.486094 0.404213 0.484622 0.405116 0.481971 0.404898
1 0.482474 0.407778 0.481536 0.411157 0.480417 0.413519 0.480234 0.414583 0.478880 0.416296 0.480755 0.419769 0.482031 0.419398 0.483229 0.416620 0.484141 0.413333 0.485182 0.409583 0.485312 0.408194
2 0.493474 0.402231 0.494135 0.403731 0.496969 0.403731 0.498776 0.402500 0.498896 0.401056 0.500193 0.400894 0.504531 0.397250 0.504297 0.394630 0.496068 0.400463
2 0.488406 0.405792 0.488432 0.410375 0.484474 0.411995 0.485182 0.409583 0.485312 0.408194
2 0.494135 0.403731 0.493516 0.405324 0.493516 0.406157 0.495703 0.407963 0.496745 0.409537 0.497604 0.412685 0.499245 0.409861 0.500026 0.407778 0.500286 0.405139 0.502214 0.401574 0.501719 0.399676 0.500193 0.400894 0.498896 0.401056 0.498776 0.402500 0.496969 0.403731
1 0.500086 0.407319 0.501336 0.406995 0.503107 0.406208 0.505164 0.404727 0.505086 0.403060 0.502977 0.404449 0.501414 0.405097 0.500286 0.405139
10 0.489784 0.386111 0.488750 0.389134 0.488568 0.391403 0.488539 0.397241 0.489534 0.398741 0.490469 0.399653 0.493271 0.399222 0.493984 0.398657 0.494505 0.396574 0.494505 0.393810 0.492216 0.386153 0.490799 0.385296
10 0.465740 0.325213 0.467414 0.330606 0.469435 0.330106 0.474107 0.326389
2 0.448177 0.302963 0.448484 0.304139 0.451029 0.309593 0.453818 0.314551 0.458349 0.319324 0.460859 0.321431 0.464659 0.322731 0.470445 0.323477 0.476966 0.325148 0.480487 0.327069 0.481044 0.322921 0.481122 0.318991 0.466602 0.316264 0.463029 0.315356 0.461276 0.313088 0.458578 0.311662 0.457299 0.311792 0.455987 0.310037 0.454565 0.306667 0.452945 0.303769 0.451536 0.300375
2 0.444497 0.282486 0.445190 0.288486 0.446125 0.293736 0.447148 0.298074 0.448289 0.297912 0.451128 0.298019 0.450253 0.294699 0.450372 0.289931 0.449018 0.281412 0.447271 0.278630 0.445794 0.280449
1 0.470646 0.263315 0.470594 0.265074 0.471010 0.266185 0.470828 0.269472 0.469943 0.270815 0.470021 0.272343 0.471297 0.272898 0.471844 0.271880 0.471974 0.269380 0.471844 0.264056 0.471349 0.262991
10 0.470646 0.263824 0.466766 0.263083 0.463745 0.265259 0.463641 0.271648 0.465177 0.272111 0.465854 0.273685 0.467495 0.274472 0.470099 0.274889 0.472703 0.275722 0.475125 0.275815 0.475099 0.272759 0.475490 0.270398 0.475151 0.267852 0.474005 0.266000 0.471844 0.264889 0.471974 0.269380 0.471844 0.271880 0.471297 0.272898 0.470021 0.272343 0.469943 0.270815 0.470828 0.269472 0.471010 0.266185 0.470594 0.265074
1 0.489714 0.558245 0.490195 0.560921 0.492242 0.561833 0.494773 0.562417 0.497396 0.562046 0.496341 0.560065 0.494081 0.560065 0.491099 0.558083
1 0.492083 0.568889 0.496190 0.568046 0.497969 0.566222 0.499565 0.565421 0.501161 0.569384 0.502969 0.572171 0.500982 0.572866 0.498812 0.569815 0.496552 0.570403 0.492273 0.570403
1 0.509531 0.403380 0.510076 0.406074 0.511352 0.408764 0.512445 0.407694 0.511456 0.405426 0.511013 0.403949 0.510182 0.403796
2 0.437289 0.277630 0.438857 0.282963 0.439635 0.291111 0.441927 0.293611 0.442831 0.295046 0.444435 0.292755 0.443250 0.283644 0.440565 0.281847 0.439659 0.279056
10 0.446276 0.406444 0.449102 0.413139 0.451750 0.411963 0.452268 0.413019 0.453878 0.412894 0.453047 0.403796 0.451258 0.402727 0.450982 0.404833
2 0.456625 0.431968 0.463214 0.446690 0.463448 0.439792 0.462589 0.437755 0.462484 0.434282
10 0.501401 0.407546 0.499109 0.411065 0.498253 0.413750 0.498302 0.416944 0.497807 0.420185 0.497286 0.422361 0.496505 0.425093 0.495909 0.426204 0.496560 0.427176 0.497862 0.427037 0.499839 0.426065 0.505776 0.414583 0.506870 0.412500 0.507417 0.412083 0.507245 0.411657 0.505956 0.411731 0.505177 0.411481 0.503823 0.411898 0.504318 0.409722 0.502703 0.408241
10 0.503802 0.388870 0.502474 0.387435 0.501406 0.387250 0.497135 0.392481 0.498516 0.393639 0.500104 0.393917 0.503932 0.390602
10 0.494505 0.393810 0.495495 0.392593 0.497135 0.392481 0.498516 0.393639 0.500104 0.393917 0.497760 0.396111 0.494505 0.396574
1 0.524583 0.367685 0.523698 0.370463 0.524026 0.372625 0.526125 0.370301 0.529167 0.367778 0.529193 0.366667 0.527943 0.366713 0.527578 0.368472 0.526224 0.368843 0.525807 0.370000 0.525312 0.370000 0.525776 0.367986
1 0.519742 0.380097 0.518258 0.381579 0.517503 0.383060 0.517487 0.384426 0.517555 0.385606 0.518440 0.383801 0.520091 0.382259
1 0.517997 0.384727 0.518674 0.387227 0.519508 0.387273 0.519591 0.386148 0.518961 0.384171 0.518440 0.383801
1 0.506068 0.402083 0.506331 0.401167 0.506930 0.400750 0.507737 0.401676 0.507086 0.402694 0.506354 0.404491
10 0.506380 0.407546 0.507503 0.407324 0.508388 0.408204 0.508622 0.410843 0.507971 0.411352 0.507245 0.411657 0.506359 0.409079
1 0.509065 0.403111 0.508440 0.404454 0.507581 0.405056 0.507503 0.407324 0.506406 0.407500 0.506440 0.405565 0.506354 0.404491 0.506852 0.403157 0.507294 0.403620 0.508128 0.402185 0.508411 0.402454
1 0.429940 0.350856 0.430286 0.353148 0.428664 0.360644 0.427883 0.360032 0.429034 0.356685 0.429870 0.353028
2 0.419617 0.311139 0.422753 0.310102 0.426219 0.306667 0.433880 0.303815 0.439388 0.302190 0.446065 0.301153 0.451536 0.300375 0.455294 0.301412 0.455440 0.299208 0.454565 0.298236 0.448289 0.297912 0.441104 0.299144 0.433479 0.301088 0.427021 0.303491 0.422461 0.307315
2 0.475674 0.326546 0.474372 0.326870 0.474685 0.329602 0.477445 0.329324 0.479138 0.328306
1 0.433299 0.377389 0.434107 0.379468 0.433945 0.375810 0.433380 0.369574 0.432857 0.364051 0.432013 0.358250 0.431503 0.353259 0.431357 0.348394 0.432466 0.341148 0.434159 0.334981 0.435812 0.330102 0.438839 0.322574 0.441057 0.317194 0.442792 0.312032 0.444003 0.308806 0.445534 0.306583 0.446604 0.305273 0.448177 0.302963 0.451536 0.300375 0.448802 0.300704 0.446341 0.303069 0.445372 0.304861 0.444003 0.306870 0.442388 0.310884 0.439000 0.319347 0.436578 0.324653 0.434401 0.330102 0.432305 0.337060 0.431094 0.342653 0.430286 0.347815 0.429940 0.350856 0.430286 0.353148 0.432091 0.363333 0.432654 0.368065 0.433138 0.373806
2 0.437414 0.215560 0.429013 0.236139 0.426328 0.242708 0.427771 0.248310 0.434865 0.231634 0.440099 0.218597 0.438740 0.215995
1 0.465474 0.413935 0.466190 0.414731 0.469010 0.420833 0.467083 0.420046 0.465302 0.418514
1 0.496641 0.388611 0.499349 0.386759 0.499661 0.388426 0.496901 0.390833
10 0.488539 0.397241 0.485346 0.398847 0.485406 0.403454 0.484622 0.405116 0.486094 0.404213 0.487969 0.403611 0.493271 0.399222 0.490469 0.399653 0.489534 0.398741
1 0.458872 0.379019 0.459857 0.381093 0.460622 0.378694 0.462448 0.375449 0.464380 0.373699 0.467482 0.372468 0.470000 0.372208 0.473391 0.373764 0.476492 0.376356 0.478937 0.380574 0.480286 0.385634 0.480870 0.388421 0.482328 0.387319 0.483242 0.388162 0.481818 0.391403 0.480979 0.391986 0.481016 0.395426 0.480505 0.398991 0.479776 0.402431 0.478573 0.405931 0.477221 0.408981 0.475833 0.410556 0.476745 0.412269 0.478500 0.410019 0.480177 0.406125 0.481052 0.401847 0.482073 0.396593 0.482219 0.393806 0.484591 0.389199 0.488568 0.391403 0.488750 0.389134 0.484956 0.387319 0.482841 0.384852 0.481526 0.385046 0.480432 0.381287 0.478937 0.377852 0.477404 0.375449 0.475581 0.373440 0.472953 0.371106 0.469891 0.370523 0.466935 0.370653 0.464490 0.371236 0.462521 0.373116 0.459857 0.376681
1 0.493484 0.570324 0.493971 0.572801 0.494773 0.575093 0.493344 0.575468 0.492273 0.570403
1 0.493240 0.562079 0.493102 0.564745 0.493281 0.568704 0.492083 0.568889 0.491602 0.564620 0.491810 0.561644 0.492242 0.561833
10 0.394531 0.283102 0.405906 0.311120 0.405034 0.293394 0.416818 0.291782 0.418760 0.314056 0.420245 0.317343 0.420740 0.319519 0.421172 0.323218 0.426219 0.306667 0.422753 0.310102 0.419617 0.311139 0.422461 0.307315 0.426068 0.304259 0.425625 0.302593 0.425156 0.299630 0.425208 0.296019 0.425990 0.293519 0.421195 0.268977 0.418117 0.265519 0.413690 0.264366 0.409477 0.264463 0.405805 0.265616 0.402133 0.268593 0.399164 0.272241 0.396789 0.276653
9 0.535232 0.486426 0.535232 0.489644 0.534581 0.491782 0.533604 0.494301 0.532880 0.495213 0.530674 0.493278
9 0.539555 0.497463 0.539581 0.503528 0.538208 0.505704 0.537641 0.501157 0.536328 0.499282 0.538195 0.497088 0.538740 0.497838
2 0.453047 0.403796 0.453516 0.409352 0.454714 0.410278 0.456510 0.409352 0.456656 0.407866 0.457341 0.406287
2 0.451836 0.352884 0.454781 0.350292 0.454302 0.347574 0.453430 0.345269 0.452102 0.343019 0.449648 0.345523 0.451094 0.345963 0.451854 0.348713
2 0.453036 0.341630 0.457857 0.336486 0.461484 0.334213 0.461901 0.336898 0.460958 0.338745 0.460281 0.341569 0.460073 0.344440 0.458948 0.344597 0.455964 0.348287 0.454453 0.343875
10 0.419378 0.344597 0.424628 0.357384 0.425094 0.354269 0.425164 0.350611 0.423909 0.348630
2 0.482474 0.326574 0.486745 0.327546 0.500495 0.319583 0.499844 0.317685 0.498281 0.317500
1 0.448177 0.302963 0.448484 0.304139 0.451029 0.309593 0.453818 0.314551 0.458349 0.319324 0.460859 0.321431 0.464659 0.322731 0.470445 0.323477 0.476966 0.325148 0.480487 0.327069 0.482474 0.326574 0.486745 0.327546 0.489573 0.328231 0.489747 0.329472 0.481219 0.328194 0.479982 0.329157 0.479138 0.328306 0.475674 0.326546 0.474372 0.326870 0.474107 0.326389 0.465740 0.325213 0.458380 0.321764 0.455487 0.318819 0.452625 0.316301 0.450055 0.310912 0.446604 0.305273
1 0.445885 0.301204 0.446341 0.303069 0.448802 0.300704
2 0.405034 0.293394 0.405906 0.311120 0.416492 0.337060 0.419635 0.327731 0.418891 0.316694 0.418760 0.314056 0.416818 0.291782
1 0.435005 0.274444 0.435948 0.277236 0.437289 0.277630 0.439659 0.279056 0.442786 0.280509 0.443250 0.283644 0.444435 0.292755 0.444974 0.296157 0.445521 0.298380 0.447148 0.298074 0.446125 0.293736 0.445190 0.288486 0.444497 0.282486 0.445057 0.281606 0.444357 0.280694 0.444172 0.279199 0.443471 0.278704 0.442422 0.278829 0.441328 0.278829 0.441328 0.277731 0.438203 0.275324 0.436930 0.272250
2 0.455513 0.372815 0.452680 0.377500 0.466109 0.402417 0.479784 0.426903 0.483935 0.429769 0.484862 0.432023 0.485352 0.437843 0.487109 0.447394 0.492727 0.468227 0.501956 0.503477 0.513016 0.540616 0.515729 0.550741 0.515448 0.571486 0.520201 0.571486 0.520875 0.549542 0.514318 0.530213 0.513560 0.524273 0.510161 0.523343 0.508984 0.519852 0.510357 0.517065 0.507479 0.509736 0.500422 0.484171 0.492706 0.455231 0.488979 0.441981 0.487607 0.433616 0.485948 0.427866 0.483359 0.424565
2 0.481044 0.322921 0.480487 0.327069 0.482474 0.326574 0.498281 0.317500 0.499844 0.317685 0.501797 0.318611 0.504375 0.320046 0.506797 0.322037 0.510521 0.326759 0.510581 0.325509 0.511154 0.322560 0.510641 0.321171 0.508698 0.319444 0.506495 0.318278 0.499872 0.315435 0.499453 0.314630 0.491492 0.318306
2 0.512760 0.329306 0.515109 0.332977 0.516154 0.335333 0.517604 0.336991 0.518672 0.339259 0.520156 0.343056 0.521839 0.347481 0.523372 0.353741 0.524000 0.357088 0.524164 0.361236 0.524398 0.362023 0.526188 0.359417 0.522484 0.344843 0.520885 0.339917 0.519437 0.336926 0.516635 0.332259 0.515221 0.328292 0.512813 0.324282 0.512602 0.325194
1 0.527359 0.360463 0.525901 0.364537 0.525148 0.364597 0.525070 0.362884 0.526268 0.361153
10 0.425911 0.224444 0.426852 0.226315 0.427216 0.231824 0.426156 0.233704 0.424297 0.235458
2 0.406576 0.249227 0.406070 0.251917 0.409570 0.260491 0.411458 0.259866 0.411771 0.258889 0.414354 0.258528 0.414958 0.260755 0.416331 0.261611 0.417219 0.260102 0.412500 0.255370
9 0.522089 0.415111 0.522062 0.416917 0.522818 0.418213 0.523703 0.418306 0.524458 0.417148 0.524406 0.415111 0.523495 0.414324
9 0.524458 0.417148 0.525312 0.416620 0.526693 0.416389 0.528125 0.419769 0.527839 0.421019 0.526901 0.422407 0.525755 0.422176 0.524896 0.421204 0.524349 0.419861 0.523984 0.417870
9 0.523984 0.417870 0.523703 0.418306 0.522370 0.419676 0.522370 0.421481 0.523229 0.423102 0.524349 0.422685 0.525755 0.422176 0.524896 0.421204 0.524349 0.419861
9 0.476482 0.475347 0.475997 0.477495 0.476844 0.479505 0.478055 0.478787 0.478594 0.476991 0.478135 0.475130
9 0.475992 0.468745 0.475445 0.470597 0.475940 0.472079 0.476669 0.473190 0.477867 0.472773 0.478622 0.470273 0.477763 0.468282
1 0.466078 0.454602 0.466810 0.457083 0.468901 0.457269 0.471237 0.458199 0.473435 0.459500 0.475805 0.461421 0.477656 0.462597 0.478768 0.464769 0.480406 0.468796 0.481628 0.472144 0.482081 0.476296 0.482185 0.480324 0.481349 0.483917 0.480167 0.486769 0.478802 0.488815 0.476711 0.490551 0.478456 0.490861 0.480789 0.488380 0.482359 0.483981 0.483161 0.480324 0.483195 0.475181 0.482638 0.470718 0.480755 0.466009 0.478628 0.461792 0.476922 0.459190 0.473469 0.456463 0.469115 0.454787
1 0.482635 0.464366 0.482271 0.469875 0.482638 0.470718 0.483195 0.475181 0.483161 0.480324 0.482557 0.483204 0.483885 0.492231 0.484979 0.491866 0.484042 0.484130 0.483573 0.477514 0.483521 0.472046 0.483729 0.464685
1 0.485753 0.496236 0.486771 0.497486 0.487917 0.494755 0.490130 0.491745 0.492419 0.489431 0.495258 0.487255 0.497266 0.485681 0.496901 0.484153 0.493672 0.486236 0.489609 0.489894 0.486901 0.493644
10 0.406435 0.230356 0.403135 0.229426 0.399826 0.226009 0.397807 0.221301 0.397870 0.217153 0.398911 0.214741 0.400898 0.213620 0.403862 0.214796 0.407078 0.216255 0.409977 0.215806
2 0.412443 0.205611 0.406435 0.230356 0.404091 0.246681 0.419036 0.262046 0.423724 0.239384 0.426557 0.220287
5 0.582750 0.488569 0.574133 0.496009 0.573682 0.498690 0.576273 0.503514 0.577810 0.504213 0.584437 0.499014 0.585042 0.496389 0.586367 0.494569
8 0.525979 0.444394 0.522891 0.447333 0.517565 0.452134 0.511401 0.460694 0.512312 0.462574 0.516581 0.456218 0.520266 0.452847 0.524862 0.449278
8 0.531516 0.437162 0.539422 0.427218 0.540443 0.427153 0.541573 0.427671 0.541536 0.429681 0.540844 0.430977 0.530849 0.442588
1 0.489859 0.515912 0.492211 0.516981 0.495404 0.517519 0.498628 0.517306 0.501818 0.516069 0.504982 0.513556 0.504349 0.511681 0.502003 0.513875 0.499622 0.515375 0.496846 0.516069 0.493266 0.515319 0.490734 0.513713
1 0.497841 0.498181 0.497318 0.515972 0.498354 0.515750 0.498417 0.498556
1 0.510440 0.489449 0.511674 0.489556 0.512273 0.491912 0.512427 0.496306 0.512003 0.499843 0.511344 0.502787 0.510469 0.505731 0.509352 0.508306 0.507755 0.510338 0.507479 0.509736 0.507185 0.508412 0.508599 0.506588 0.509685 0.503106 0.510951 0.498875 0.511464 0.493468
5 0.482474 0.407778 0.481536 0.411157 0.480417 0.413519 0.480234 0.414583 0.478880 0.416296 0.476771 0.412269 0.478500 0.410019 0.480182 0.408889
1 0.508690 0.509144 0.508844 0.511787 0.509523 0.514931 0.510357 0.517065 0.511633 0.515213 0.510956 0.512481 0.510591 0.509241 0.510469 0.505731 0.509352 0.508306
1 0.509263 0.504380 0.509419 0.501787 0.510096 0.499421 0.510487 0.497755 0.507672 0.493917 0.504628 0.492111 0.505357 0.489838 0.508974 0.493171 0.511464 0.493468 0.510951 0.498875 0.509685 0.503106
5 0.500625 0.533056 0.498427 0.537421 0.497406 0.540523 0.497406 0.540523 0.500190 0.535986 0.501805 0.536681 0.502396 0.535972 0.502109 0.534907
5 0.493484 0.570324 0.493971 0.572801 0.494773 0.575093 0.500982 0.572866 0.498812 0.569815 0.496552 0.570403
5 0.493240 0.562079 0.493102 0.564745 0.493281 0.568704 0.496190 0.568046 0.497969 0.566222 0.499565 0.565421 0.497396 0.562046 0.494773 0.562417 0.494773 0.562417
5 0.483539 0.525833 0.485753 0.523912 0.488508 0.523431 0.489896 0.523750 0.491370 0.524106 0.493852 0.524556 0.495807 0.525231 0.496714 0.527273 0.499036 0.529287 0.500062 0.531782 0.498831 0.533282 0.495969 0.540481 0.495312 0.545509 0.493536 0.548667 0.491654 0.553875 0.489458 0.556167 0.486130 0.540315
5 0.492839 0.559213 0.494081 0.560065 0.496341 0.560065 0.495841 0.557324 0.496083 0.554412 0.495646 0.553347 0.494651 0.556537
1 0.512305 0.493431 0.512427 0.496306 0.512003 0.499843 0.513372 0.497875 0.514701 0.496023 0.518555 0.493292 0.513529 0.494218
1 0.476224 0.461667 0.475643 0.465866 0.477779 0.464801 0.478013 0.463134 0.477656 0.462597
10 0.536599 0.491569 0.534581 0.491782 0.534581 0.496764 0.536328 0.499282 0.538195 0.497088 0.538740 0.497838 0.542263 0.496014 0.542474 0.493338 0.543651 0.492694 0.543680 0.490069 0.542263 0.490394 0.540667 0.486801 0.536297 0.488088
2 0.562839 0.477593 0.562003 0.480875 0.570620 0.486338 0.571674 0.482801
5 0.499839 0.426065 0.500396 0.426181 0.500760 0.425750 0.508060 0.415926 0.510198 0.415282 0.514836 0.410403 0.518185 0.408685 0.521654 0.406676 0.525326 0.407463 0.527188 0.412685 0.529167 0.413042 0.531250 0.409755 0.531521 0.405843 0.531875 0.401468 0.530573 0.401190 0.523776 0.403120 0.522422 0.403222 0.521771 0.403505 0.519557 0.404940 0.517888 0.405866 0.514302 0.405972 0.512445 0.407694 0.511352 0.408764 0.508622 0.410843 0.507971 0.411352 0.507245 0.411657 0.507417 0.412083 0.506870 0.412500 0.505776 0.414583
9 0.578667 0.518435 0.578354 0.519981 0.578633 0.521597 0.579539 0.522523 0.580583 0.521718 0.581211 0.520292 0.580862 0.518310 0.579922 0.517505
9 0.584096 0.505065 0.583263 0.507102 0.583706 0.508815 0.584487 0.509741 0.585633 0.509139 0.585867 0.507889 0.585945 0.506315 0.585216 0.505157
5 0.499839 0.426065 0.497862 0.427037 0.499758 0.431204 0.502182 0.429875 0.506245 0.426227 0.513852 0.416764 0.515253 0.420583 0.514318 0.422657 0.509091 0.428630 0.504938 0.432944 0.501344 0.434773 0.501763 0.437093 0.512779 0.458750 0.517565 0.452134 0.522891 0.447333 0.525979 0.444394 0.526034 0.442282 0.527279 0.432741 0.530047 0.418259 0.527188 0.412685 0.525326 0.407463 0.521654 0.406676 0.518185 0.408685 0.514836 0.410403 0.510198 0.415282 0.508060 0.415926 0.500760 0.425750 0.500396 0.426181
9 0.573422 0.506356 0.572797 0.507653 0.572875 0.509366 0.573500 0.510569 0.574750 0.510523 0.575375 0.509042 0.575401 0.507560 0.575036 0.506356
9 0.569724 0.505384 0.568891 0.506727 0.568865 0.508718 0.569568 0.509875 0.570870 0.510292 0.571781 0.509227 0.571859 0.507468 0.571234 0.505477
9 0.573057 0.502005 0.572536 0.504042 0.572797 0.506310 0.573422 0.506356 0.575036 0.506356 0.575141 0.504551 0.574984 0.502606 0.574281 0.501727
9 0.575844 0.487977 0.575375 0.489829 0.575714 0.491171 0.576599 0.491912 0.577615 0.491171 0.577901 0.489597 0.577693 0.488301 0.576807 0.487792
7 0.580362 0.478921 0.596677 0.509727 0.597966 0.489708 0.586078 0.471856 0.583568 0.476259
1 0.578086 0.429843 0.580667 0.434792 0.582159 0.439815 0.583409 0.446843 0.583490 0.452005 0.583208 0.458241 0.581513 0.463120 0.577883 0.467352 0.577117 0.465486 0.579497 0.463046 0.581635 0.458958 0.582362 0.452579 0.582320 0.447125 0.581232 0.441032 0.579698 0.436514 0.576997 0.432139
2 0.579935 0.450884 0.581365 0.452000 0.581156 0.459870 0.579497 0.463046 0.577117 0.465486 0.576172 0.463653 0.574951 0.461421 0.573766 0.459935 0.576135 0.458259 0.578750 0.453981
2 0.581513 0.463120 0.584875 0.473921 0.583568 0.476259 0.580362 0.478921 0.579508 0.477519 0.579542 0.473796 0.578914 0.471069 0.577883 0.467352
7 0.576997 0.432139 0.576341 0.433824 0.578331 0.436343 0.579445 0.439667 0.580109 0.443255 0.580289 0.447648 0.579935 0.450884 0.581365 0.452000 0.582367 0.450755 0.582320 0.447125 0.581232 0.441032 0.579698 0.436514
1 0.457414 0.386287 0.457362 0.390227 0.457466 0.394019 0.458115 0.398653 0.459706 0.403556 0.461318 0.406847 0.462370 0.406801 0.459964 0.401162 0.458708 0.395333 0.458430 0.391616 0.458430 0.388208
1 0.465474 0.413935 0.467430 0.415838 0.469922 0.416454 0.472253 0.416065 0.473547 0.415449 0.472917 0.414662 0.470930 0.415056 0.467492 0.414324 0.465508 0.411972
1 0.456357 0.361625 0.455844 0.357287 0.454852 0.355194 0.453404 0.353801 0.451898 0.353750 0.452380 0.355301 0.453495 0.355463 0.454490 0.357444 0.454940 0.359213 0.455122 0.362644 0.455875 0.361894
17 0.482073 0.396593 0.485365 0.397361 0.486979 0.394537 0.488568 0.391403 0.484591 0.389199 0.482219 0.393806
1 0.462956 0.374866 0.464622 0.378153 0.467487 0.380745 0.470716 0.382319 0.473711 0.382644 0.476940 0.381949 0.478937 0.380574 0.478268 0.379449 0.475612 0.380884 0.472305 0.381069 0.468815 0.379773 0.465586 0.377366 0.463893 0.374171
1 0.462229 0.373625 0.460406 0.369597 0.459078 0.364176 0.458740 0.360611 0.458740 0.357329 0.459729 0.353625 0.461552 0.349824 0.463323 0.347787 0.464469 0.345472 0.463219 0.345241 0.459104 0.346542 0.458948 0.344597 0.461630 0.344315 0.462438 0.343389 0.464000 0.342926 0.465615 0.344037 0.466760 0.343301 0.469000 0.341537 0.471214 0.340523 0.472880 0.340755 0.476214 0.342463 0.479339 0.345060 0.480979 0.346583 0.480510 0.348111 0.481760 0.350153 0.483063 0.353023 0.484052 0.356907 0.484365 0.363579 0.484182 0.367977 0.483219 0.372468 0.482464 0.375477 0.481109 0.377931 0.479781 0.379731 0.479182 0.378486 0.480589 0.376403 0.481995 0.372880 0.483089 0.368389 0.483401 0.364222 0.483375 0.360704 0.482906 0.357046 0.482229 0.353806 0.480849 0.350708 0.479078 0.348574 0.479260 0.346861 0.476865 0.345241 0.474156 0.343389 0.472281 0.342787 0.470328 0.343250 0.468427 0.343713 0.466943 0.345384 0.466760 0.347093 0.465589 0.347699 0.463922 0.348856 0.461839 0.351815 0.460589 0.354644 0.459651 0.357329 0.459833 0.361032 0.460901 0.366630 0.463010 0.372606 0.462521 0.373116
17 0.462956 0.374866 0.462448 0.375449 0.460622 0.378694 0.459857 0.381093 0.474141 0.407361 0.476146 0.406713 0.478984 0.404815 0.479776 0.402431 0.480505 0.398991 0.481016 0.395426 0.480979 0.391986 0.481818 0.391403 0.483242 0.388162 0.482328 0.387319 0.480870 0.388421 0.480286 0.385634 0.478937 0.380574 0.476940 0.381949 0.473711 0.382644 0.470716 0.382319 0.467487 0.380745 0.464622 0.378153
17 0.481760 0.350153 0.483063 0.353023 0.484052 0.356907 0.484365 0.363579 0.484182 0.367977 0.483219 0.372468 0.482464 0.375477 0.481109 0.377931 0.479781 0.379731 0.480432 0.381287 0.481526 0.385046 0.482841 0.384852 0.484956 0.387319 0.488750 0.389134 0.489784 0.386111 0.490510 0.381306 0.490995 0.375926 0.490591 0.369259 0.489219 0.363088 0.488008 0.359074 0.486477 0.355417 0.484258 0.352120
17 0.459651 0.357329 0.459833 0.361032 0.460901 0.366630 0.463010 0.372606 0.464490 0.371236 0.466935 0.370653 0.469891 0.370523 0.472953 0.371106 0.475581 0.373440 0.477404 0.375449 0.478937 0.377852 0.479182 0.378486 0.480589 0.376403 0.481995 0.372880 0.483089 0.368389 0.483401 0.364222 0.483375 0.360704 0.482906 0.357046 0.482229 0.353806 0.480849 0.350708 0.479078 0.348574 0.479260 0.346861 0.474292 0.345505 0.471503 0.345319 0.468784 0.346125 0.466482 0.347796 0.464193 0.349769 0.461589 0.353333
17 0.458740 0.360611 0.457927 0.364296 0.457354 0.371046 0.457536 0.376509 0.458872 0.379019 0.459857 0.376681 0.462229 0.373625 0.460406 0.369597 0.459078 0.364176
17 0.463893 0.374171 0.465586 0.377366 0.468815 0.379773 0.472305 0.381069 0.475612 0.380884 0.478268 0.379449 0.476492 0.376356 0.473391 0.373764 0.470000 0.372208 0.467482 0.372468 0.464380 0.373699
1 0.458768 0.359644 0.455875 0.361894 0.453555 0.364194 0.450693 0.368375 0.449185 0.371963 0.449125 0.376301 0.449573 0.378560 0.450573 0.379569 0.450391 0.373245 0.452409 0.368856 0.454820 0.364782 0.457292 0.362963 0.458526 0.361838 0.458740 0.360611
1 0.456237 0.363819 0.455422 0.368694 0.453826 0.373995 0.451839 0.375551 0.452229 0.373620 0.454641 0.367250 0.454820 0.364782
1 0.449211 0.339644 0.449784 0.342593 0.450628 0.342218 0.452102 0.343019 0.453430 0.345269 0.454302 0.347574 0.454935 0.351106 0.455719 0.355556 0.456833 0.354912 0.457013 0.352500 0.456169 0.348968 0.454453 0.343875 0.453036 0.341630 0.451380 0.340769 0.453008 0.339644 0.455266 0.338519 0.457857 0.336486 0.462497 0.333593 0.463161 0.330755 0.456833 0.334880 0.453880 0.337343 0.451380 0.337824
1 0.456833 0.334880 0.456326 0.333537 0.454974 0.332657 0.453878 0.332565 0.453958 0.330389 0.453516 0.329602 0.452370 0.329787 0.451898 0.330667 0.453096 0.337009 0.454112 0.336037 0.454870 0.334556 0.455521 0.334787 0.455935 0.335620
1 0.457237 0.326731 0.455391 0.332935 0.456326 0.333537 0.458333 0.327843 0.457914 0.326685
1 0.455521 0.334787 0.455234 0.336250 0.453880 0.337343 0.452266 0.337685 0.453096 0.337009 0.454112 0.336037 0.454870 0.334556
1 0.448333 0.337519 0.450547 0.338491 0.449661 0.339231 0.448148 0.338722
17 0.434865 0.231634 0.427771 0.248310 0.430898 0.261421 0.431411 0.268972 0.431411 0.275278 0.431177 0.279671 0.430245 0.285648 0.428750 0.288884 0.430570 0.287639 0.434724 0.287639 0.435753 0.284069 0.435424 0.281417 0.436297 0.279532 0.435948 0.277236 0.435005 0.274444 0.437445 0.271602 0.438948 0.264282 0.440065 0.260690 0.440307 0.253810 0.441945 0.247421 0.443482 0.239366 0.442852 0.235218 0.442188 0.230569 0.441250 0.229269 0.439643 0.229634 0.438109 0.231375
1 0.442414 0.244625 0.444823 0.243662 0.446932 0.244144 0.448589 0.245269 0.450547 0.249019 0.451302 0.253301 0.451211 0.257639 0.450758 0.261389 0.449281 0.265194 0.447807 0.267764 0.444643 0.270014 0.443768 0.271032 0.443799 0.273014 0.444552 0.273014 0.444341 0.275102 0.443286 0.275264 0.442544 0.273111 0.442310 0.273389 0.442422 0.278829 0.441328 0.278829 0.441198 0.274194 0.440677 0.274009 0.440391 0.272204 0.438831 0.271926 0.436930 0.272250 0.437445 0.271602 0.437659 0.270532 0.440260 0.269981 0.440677 0.268731 0.443128 0.268546 0.443620 0.269565 0.445729 0.268130 0.447581 0.266556 0.449326 0.263639 0.450289 0.260162 0.450729 0.256046 0.450469 0.251597 0.449690 0.248824 0.448674 0.246833 0.447138 0.245255 0.445315 0.245306 0.442190 0.246231
10 0.486216 0.282296 0.484305 0.287106 0.483229 0.292088 0.482437 0.298972 0.482391 0.305611 0.483698 0.312000 0.485797 0.315981 0.487945 0.318306 0.491492 0.318306 0.499453 0.314630 0.499872 0.315435 0.506495 0.318278 0.508273 0.316796 0.509706 0.313384 0.511971 0.303343 0.514513 0.297954 0.515630 0.297023 0.515247 0.290333 0.511065 0.289838 0.509841 0.286056 0.508451 0.282394 0.503323 0.279176 0.501161 0.275958 0.499211 0.274713 0.495794 0.274032 0.493667 0.274403 0.489102 0.277440
1 0.418401 0.341065 0.422445 0.344907 0.426000 0.348255 0.426490 0.351477 0.426070 0.357676 0.426977 0.358236 0.428128 0.355444 0.428406 0.351292 0.428370 0.347884 0.427117 0.346644 0.427917 0.345653 0.429383 0.346708 0.429557 0.348815 0.429940 0.350856 0.429870 0.353028 0.429034 0.356685 0.427883 0.360032 0.424628 0.357384 0.425094 0.354269 0.425164 0.350611 0.423909 0.348630 0.419378 0.344597
2 0.527172 0.295731 0.515630 0.297023 0.514513 0.297954 0.511971 0.303343 0.511565 0.310708 0.510539 0.315315 0.510214 0.318579 0.510641 0.321171 0.511154 0.322560 0.510581 0.325509 0.510458 0.330282 0.512964 0.333815 0.512602 0.325194 0.512813 0.324282 0.515221 0.328292 0.516635 0.332259 0.519437 0.336926 0.520885 0.339917 0.522484 0.344843 0.526188 0.359417 0.527635 0.358083 0.529234 0.355509 0.531372 0.353685 0.534833 0.352190 0.536102 0.351171 0.536794 0.348384 0.535708 0.339870 0.534174 0.323907 0.529958 0.300606 0.530167 0.297977
1 0.486617 0.348199 0.487581 0.348574 0.488034 0.345898 0.488997 0.342519 0.490505 0.339468 0.492253 0.336843 0.494091 0.335130 0.496169 0.333685 0.498128 0.333144 0.500599 0.333250 0.503008 0.334005 0.505029 0.335880 0.507214 0.339079 0.505609 0.334551 0.503552 0.332611 0.501172 0.331542 0.497857 0.331329 0.495174 0.332236 0.492734 0.334060 0.491198 0.335880 0.489602 0.338560 0.487763 0.343167
1 0.508284 0.338551 0.509747 0.340718 0.511177 0.345120 0.511839 0.349088 0.512154 0.353116 0.512117 0.357329 0.511107 0.362042 0.509294 0.366750 0.507794 0.369662 0.506052 0.371954 0.504065 0.373444 0.501310 0.374870 0.499010 0.374806 0.497357 0.374384 0.497409 0.372440 0.500719 0.373454 0.504180 0.371796 0.506602 0.369569 0.508870 0.365727 0.510120 0.362116 0.511083 0.358921 0.511188 0.355028 0.511055 0.351282 0.510482 0.347259 0.509312 0.343968 0.508891 0.340616
1 0.481680 0.333458 0.482255 0.335218 0.487734 0.337083 0.488424 0.335310
1 0.483789 0.341792 0.483737 0.343968 0.485927 0.342810 0.486052 0.342361 0.486393 0.341097
1 0.490505 0.339468 0.491042 0.341852 0.495104 0.341204 0.496484 0.340509 0.501510 0.340509 0.505625 0.340926 0.506927 0.342778 0.508154 0.343167 0.507214 0.339079 0.502812 0.337593 0.496536 0.337731 0.494010 0.338148 0.491901 0.337407
1 0.486969 0.342412 0.488271 0.341949 0.488841 0.340421 0.487445 0.340750
1 0.489971 0.349009 0.492341 0.349657 0.493826 0.348361 0.495622 0.347713 0.497419 0.346833 0.497628 0.345537 0.497367 0.344426 0.496404 0.343083 0.494789 0.343315 0.492784 0.345259
1 0.511839 0.349088 0.512786 0.347593 0.514427 0.344398 0.515156 0.341019 0.515234 0.338750 0.517578 0.339028 0.518490 0.341389 0.519557 0.345787 0.520208 0.350787 0.520182 0.354861 0.521354 0.356944 0.521458 0.353796 0.521406 0.350278 0.521146 0.347407 0.520156 0.343056 0.518672 0.339259 0.517604 0.336991 0.514766 0.337083 0.514245 0.340741 0.512786 0.343565 0.511354 0.346343
1 0.510602 0.348329 0.509510 0.350227 0.509453 0.351157 0.508258 0.358537 0.507635 0.360921 0.507737 0.363375 0.508234 0.364764 0.508677 0.361106 0.509430 0.357449 0.510292 0.352634 0.511055 0.351282
5 0.486018 0.441569 0.480112 0.445269 0.482336 0.449569 0.483872 0.452069 0.485081 0.455176 0.488036 0.450787 0.487109 0.447394
1 0.520182 0.354861 0.521354 0.356944 0.523565 0.360542 0.524164 0.361236 0.524398 0.362023 0.522810 0.364940 0.521898 0.359384 0.521117 0.359060 0.519216 0.355218 0.519685 0.353875
1 0.509294 0.366750 0.508932 0.370556 0.508255 0.372685 0.507786 0.379167 0.507318 0.384769 0.506068 0.386991 0.505521 0.389769 0.505339 0.394259 0.505521 0.396944 0.506432 0.400231 0.508411 0.402454 0.510182 0.403796 0.513229 0.403935 0.514740 0.402917 0.515885 0.400185 0.516250 0.397778 0.516510 0.392639 0.515781 0.387917 0.515573 0.382731 0.515964 0.377176 0.516276 0.371806 0.515833 0.367963 0.515156 0.363657 0.514818 0.360231 0.514193 0.359120 0.512292 0.359306 0.511107 0.362042
1 0.519375 0.392532 0.519167 0.397667 0.519792 0.400213 0.518542 0.401139 0.516927 0.402528 0.514141 0.403782 0.514167 0.405264 0.517214 0.404801 0.518516 0.403782 0.519557 0.404940 0.521771 0.403505 0.522422 0.403222 0.520938 0.399569 0.519948 0.396005
5 0.442422 0.278829 0.443471 0.278704 0.444172 0.279199 0.444357 0.280694 0.445057 0.281606 0.445794 0.280449 0.447271 0.278630 0.449018 0.281412 0.449164 0.282435 0.451875 0.281481 0.452865 0.278472 0.454870 0.274954 0.457031 0.272685 0.459534 0.271435 0.461589 0.271204 0.463641 0.271648 0.463724 0.265278 0.466766 0.263083 0.470646 0.263824 0.470646 0.263315 0.471349 0.262991 0.471844 0.264056 0.471844 0.264889 0.474005 0.266000 0.473357 0.253681 0.477732 0.253347 0.479729 0.251569 0.481229 0.247352 0.483888 0.238630 0.482674 0.236634 0.481089 0.235060 0.479734 0.234315 0.476841 0.233731 0.473995 0.233731 0.470482 0.233319 0.470510 0.235787 0.466995 0.248676 0.466531 0.251486 0.464760 0.252157 0.464099 0.254060 0.463073 0.253065 0.462852 0.247653 0.463807 0.236421 0.465523 0.227264 0.465549 0.225472 0.465781 0.218963 0.462979 0.216806 0.444172 0.202782 0.440099 0.218597 0.438990 0.224273 0.438523 0.228588 0.438758 0.230662 0.439643 0.229634 0.441250 0.229269 0.442188 0.230569 0.442852 0.235218 0.443482 0.239366 0.442414 0.244625 0.444823 0.243662 0.446932 0.244144 0.448589 0.245269 0.449227 0.246463 0.451247 0.247454 0.452503 0.248139 0.453688 0.249315 0.455154 0.251481 0.455815 0.253157 0.455919 0.257310 0.455154 0.261028 0.452956 0.265181 0.450656 0.268278 0.448180 0.270264 0.445357 0.271255 0.443768 0.271032 0.443799 0.273014 0.444552 0.273014 0.444341 0.275102 0.443286 0.275264 0.442544 0.273111 0.442310 0.273389
1 0.519167 0.397667 0.519266 0.394588 0.518359 0.391491 0.517766 0.388329 0.517487 0.384426 0.517487 0.379593 0.518289 0.375935 0.519266 0.373148 0.521320 0.369241 0.521844 0.366639 0.519508 0.369551 0.518115 0.372338 0.517242 0.375500 0.516581 0.379838 0.516477 0.383620 0.516685 0.388704 0.517836 0.393847
1 0.544714 0.377171 0.544792 0.379903 0.544740 0.381569 0.545495 0.383792 0.545859 0.380829 0.545703 0.377773 0.548906 0.378051 0.549193 0.376431 0.545839 0.375630
5 0.561391 0.503398 0.563318 0.501454 0.564505 0.500093 0.565115 0.499093 0.567510 0.501407 0.567615 0.505204 0.568005 0.507565 0.568083 0.510435 0.567745 0.512704 0.567328 0.513630
5 0.558992 0.499347 0.561391 0.503398 0.563318 0.501454 0.564505 0.500093
5 0.424628 0.357384 0.433299 0.377389 0.433138 0.373806 0.432654 0.368065 0.432091 0.363333
5 0.432857 0.364051 0.433380 0.369574 0.433945 0.375810 0.434107 0.379468 0.438383 0.388792 0.444755 0.394741 0.446974 0.400194 0.457341 0.406287 0.456656 0.407866 0.456292 0.411454 0.457945 0.416185 0.461172 0.419481 0.463997 0.419769 0.462333 0.417079 0.463193 0.415921 0.465302 0.418514 0.465695 0.406986 0.461318 0.406847 0.459706 0.403556 0.458115 0.398653 0.457466 0.394019 0.457362 0.390227 0.457414 0.386287 0.449573 0.378560
5 0.458430 0.388208 0.458430 0.391616 0.458708 0.395333 0.459964 0.401162 0.462370 0.406801 0.462146 0.394935
5 0.495646 0.553347 0.494651 0.556537 0.492839 0.559213 0.491099 0.558083 0.489714 0.558245 0.489458 0.556167 0.491654 0.553875 0.493536 0.548667 0.495312 0.545509 0.495214 0.546528
5 0.497406 0.540523 0.500190 0.535986 0.501805 0.536681 0.500896 0.537986 0.499047 0.541148 0.497828 0.544435 0.496781 0.547593 0.496505 0.549704 0.496299 0.547824 0.496753 0.542750
1 0.455440 0.299208 0.456534 0.298819 0.458203 0.298565 0.458724 0.297731 0.457526 0.297500 0.455781 0.298009 0.455000 0.298657
1 0.550221 0.373431 0.550898 0.375421 0.551133 0.377134 0.551159 0.383662 0.551107 0.387551 0.550716 0.391255 0.549810 0.389694 0.550305 0.386361 0.550070 0.378907 0.548872 0.378907 0.548906 0.378051 0.549193 0.376431 0.549758 0.376361 0.549211 0.374046
1 0.542141 0.373546 0.544375 0.373685 0.545370 0.373366 0.548776 0.372315 0.549922 0.371991 0.550706 0.371787 0.550891 0.373083 0.548937 0.374194 0.545839 0.375630 0.543781 0.378407 0.542661 0.376000 0.540969 0.372806 0.538703 0.368824 0.537115 0.367065 0.535211 0.366093 0.533365 0.365444 0.530784 0.365120 0.529091 0.365120 0.527583 0.365676 0.527859 0.364977 0.528729 0.363870 0.530654 0.363546 0.533547 0.363824 0.535448 0.364657 0.537870 0.366463 0.539563 0.368037 0.541255 0.371185
1 0.519547 0.379097 0.520091 0.382259 0.520633 0.379847 0.520813 0.376528 0.521445 0.371921 0.522531 0.367259 0.524339 0.363778 0.526268 0.361153 0.529341 0.358903 0.532505 0.357671 0.535156 0.358208 0.537565 0.359546 0.540549 0.362597 0.542055 0.365597 0.543531 0.368866 0.544375 0.373685 0.545370 0.373366 0.544888 0.370204 0.543833 0.366079 0.542539 0.363671 0.540940 0.361046 0.538771 0.358472 0.536813 0.357403 0.534583 0.356491 0.530937 0.356491 0.529159 0.357509 0.527635 0.358083 0.526188 0.359417 0.524339 0.362171 0.522813 0.365000 0.521823 0.366620 0.521326 0.369296 0.520242 0.373579
1 0.522240 0.368472 0.523586 0.366727 0.526685 0.364458 0.525148 0.364597 0.525070 0.362884 0.524339 0.363778 0.522531 0.367259
1 0.525776 0.367986 0.526635 0.367940 0.527859 0.364977 0.529161 0.363171 0.531219 0.361319 0.532937 0.360069 0.535073 0.359653 0.537565 0.359546 0.535156 0.358208 0.534422 0.358079 0.532729 0.358542 0.530932 0.359560 0.528536 0.361644 0.527260 0.363588 0.526685 0.364458 0.526219 0.366319
1 0.538771 0.358472 0.541198 0.359028 0.543255 0.360324 0.544687 0.362083 0.546250 0.364491 0.547578 0.367037 0.549010 0.369306 0.549922 0.371991 0.548776 0.372315 0.547448 0.368796 0.545443 0.365463 0.543724 0.362963 0.542318 0.362083 0.540940 0.361046
1 0.526219 0.366319 0.524583 0.367685 0.523411 0.369352 0.522318 0.371667 0.521172 0.373981 0.521445 0.371921 0.522240 0.368472 0.523586 0.366727 0.526685 0.364458
1 0.547570 0.377856 0.547310 0.381514 0.546659 0.385449 0.545617 0.388829 0.545563 0.390403 0.546604 0.388782 0.547646 0.385866 0.548456 0.382995 0.548948 0.380171 0.548872 0.378907 0.548906 0.378051
1 0.549086 0.386917 0.546612 0.390435 0.546273 0.392194 0.549242 0.398491 0.549919 0.397194 0.549893 0.394787 0.549451 0.392056 0.547836 0.390250 0.549789 0.387472
1 0.504221 0.383046 0.505339 0.394259 0.505521 0.389769 0.506068 0.386991 0.505417 0.383704
1 0.458948 0.344597 0.457917 0.349213 0.457005 0.351574 0.457734 0.352917 0.457969 0.352037 0.459089 0.353056 0.460078 0.352176 0.460859 0.348241 0.459427 0.348472 0.459104 0.346542
1 0.547706 0.395204 0.546378 0.397102 0.544555 0.399833 0.546117 0.399648 0.547393 0.398491 0.548122 0.396176
10 0.436174 0.333282 0.431357 0.348394 0.431503 0.353259 0.432013 0.358250 0.432857 0.364051 0.449573 0.378560 0.449125 0.376301 0.449185 0.371963 0.450693 0.368375 0.453555 0.364194 0.453273 0.357227 0.452380 0.355301 0.451898 0.353750 0.451854 0.348713 0.451094 0.345963 0.447706 0.344801 0.446328 0.342995 0.444503 0.342306 0.442552 0.341935 0.438513 0.342394 0.437448 0.333556
2 0.446604 0.305273 0.446987 0.310912 0.446500 0.314509 0.444234 0.318722 0.443047 0.318722 0.441513 0.320088 0.438865 0.323866 0.436174 0.333282 0.437448 0.333556 0.438513 0.342394 0.442552 0.341935 0.444503 0.342306 0.446328 0.342995 0.447440 0.340912 0.448148 0.338722 0.448333 0.337519 0.448799 0.332856 0.450927 0.327463 0.450753 0.320023 0.450055 0.310912
5 0.496083 0.554412 0.495841 0.557324 0.496341 0.560065 0.497396 0.562046 0.499565 0.565421 0.501161 0.569384 0.502969 0.572171 0.509628 0.569787 0.509695 0.568426 0.506068 0.567171 0.502935 0.565634 0.500344 0.562852 0.497482 0.557764
5 0.510867 0.533153 0.507971 0.533032 0.505464 0.533713 0.502849 0.535259 0.500896 0.537986 0.499047 0.541148 0.497828 0.544435 0.496781 0.547593 0.496505 0.549704 0.496714 0.552301 0.498492 0.557282 0.500451 0.560921 0.503643 0.564509 0.507289 0.566278 0.509940 0.566653 0.510711 0.556065 0.513016 0.540616
5 0.476711 0.490551 0.482013 0.518792 0.484167 0.519319 0.487206 0.518417 0.488935 0.517218 0.489859 0.515912 0.490734 0.513713 0.490919 0.510014 0.490159 0.504384 0.489273 0.501310 0.487922 0.498606 0.486771 0.497486 0.485753 0.496236 0.484503 0.494481 0.481464 0.492380 0.478456 0.490861
5 0.518555 0.493292 0.514701 0.496023 0.513372 0.497875 0.512003 0.499843 0.511344 0.502787 0.510469 0.505731 0.510591 0.509241 0.510956 0.512481 0.511633 0.515213 0.519188 0.502208 0.519214 0.500176 0.520604 0.499352 0.522076 0.492907 0.520385 0.492667
5 0.530674 0.493278 0.527383 0.497630 0.524471 0.503333 0.522570 0.508435 0.520755 0.513991 0.519490 0.516315 0.519385 0.518532 0.525031 0.520764 0.529424 0.502356 0.538208 0.505704 0.537641 0.501157 0.536328 0.499282 0.534581 0.496764
5 0.568357 0.455440 0.570763 0.456866 0.572786 0.458602 0.573766 0.459935 0.574951 0.461421 0.576172 0.463653 0.577117 0.465486 0.577883 0.467352 0.578914 0.471069 0.579542 0.473796 0.579508 0.477519 0.578885 0.481407 0.579620 0.482153 0.578956 0.484880 0.577943 0.486181 0.576807 0.487792 0.575844 0.487977 0.575375 0.489829 0.572680 0.491389 0.569159 0.492315 0.566370 0.491884 0.565500 0.491574 0.565396 0.488972 0.562013 0.487546 0.561594 0.489032 0.560792 0.488352 0.561078 0.486213 0.560758 0.483949 0.561245 0.478125 0.562643 0.467750 0.563487 0.465282 0.565568 0.463514
5 0.576341 0.433824 0.578331 0.436343 0.579445 0.439667 0.580109 0.443255 0.580289 0.447648 0.579935 0.450884 0.578750 0.453981 0.576135 0.458259 0.573766 0.459935 0.572786 0.458602 0.570763 0.456866 0.568357 0.455440 0.570966 0.446588 0.574034 0.443801 0.576440 0.439338 0.576161 0.435866
5 0.523776 0.403120 0.522849 0.401037 0.521799 0.396449 0.521477 0.391861 0.521961 0.386269 0.523130 0.381532 0.524461 0.378236 0.527125 0.374292 0.529987 0.371639 0.533578 0.370847 0.537167 0.371639 0.539951 0.374005 0.542169 0.376801 0.543865 0.381319 0.544872 0.388491 0.544227 0.393940 0.543057 0.398815 0.541685 0.403477 0.540958 0.405056 0.537612 0.403620 0.538128 0.400694 0.533719 0.398986 0.532367 0.405843 0.531521 0.405843 0.531875 0.401468 0.530573 0.401190
5 0.522422 0.403222 0.520938 0.399569 0.519948 0.396005 0.519375 0.392532 0.519591 0.386148 0.520091 0.382259 0.520633 0.379847 0.521924 0.376111 0.524026 0.372625 0.526125 0.370301 0.529534 0.367481 0.532799 0.366903 0.535693 0.367065 0.538703 0.368824 0.540969 0.372806 0.542661 0.376000 0.543781 0.378407 0.544740 0.381569 0.545495 0.383792 0.545617 0.388829 0.545563 0.390403 0.545589 0.394032 0.544555 0.399833 0.541685 0.403477 0.543057 0.398815 0.544227 0.393940 0.544872 0.388491 0.543865 0.381319 0.542169 0.376801 0.539951 0.374005 0.537167 0.371639 0.533578 0.370847 0.529987 0.371639 0.527125 0.374292 0.524461 0.378236 0.523130 0.381532 0.521961 0.386269 0.521477 0.391861 0.521799 0.396449 0.522849 0.401037 0.523776 0.403120
5 0.474846 0.418023 0.473974 0.421310 0.473906 0.424843 0.474880 0.429616 0.476693 0.433333 0.479378 0.434694 0.482482 0.435565 0.485060 0.434759 0.484862 0.432023 0.483935 0.429769 0.479784 0.426903
5 0.487607 0.433616 0.490318 0.432218 0.492518 0.430343 0.491313 0.429380 0.492940 0.425843 0.494867 0.425255 0.495909 0.426204 0.496505 0.425093 0.497286 0.422361 0.497807 0.420185 0.498302 0.416944 0.497604 0.412685 0.496745 0.409537 0.495703 0.407963 0.493516 0.406157 0.491492 0.405542 0.490078 0.405648 0.488406 0.405792 0.488432 0.410375 0.484474 0.411995 0.484141 0.413333 0.483229 0.416620 0.482031 0.419398 0.480755 0.419769 0.483359 0.424565 0.485948 0.427866
5 0.485060 0.434759 0.482482 0.435565 0.479378 0.434694 0.476693 0.433333 0.474880 0.429616 0.473906 0.424843 0.473956 0.422255 0.471516 0.422255 0.469635 0.422454 0.467917 0.423194 0.466529 0.424282 0.465385 0.425727 0.464646 0.426593 0.463953 0.427718 0.463440 0.429593 0.462719 0.432273 0.462484 0.434282 0.462589 0.437755 0.463448 0.439792 0.464977 0.444593 0.467419 0.447699 0.469859 0.449574 0.472841 0.450806 0.476367 0.450861 0.479560 0.450162 0.482003 0.449037 0.480112 0.445269 0.486018 0.441569 0.485352 0.437843
5 0.459104 0.346542 0.459427 0.348472 0.461406 0.348194 0.461552 0.349824 0.463323 0.347787 0.464469 0.345472 0.463219 0.345241
5 0.460073 0.344440 0.460281 0.341569 0.460958 0.338745 0.462391 0.335921 0.464760 0.333375 0.467414 0.330606 0.469435 0.330106 0.471974 0.329995 0.474685 0.329602 0.477445 0.329324 0.479187 0.330319 0.480698 0.331616 0.481680 0.333458 0.482255 0.335218 0.483146 0.338190 0.483789 0.341792 0.483737 0.343968 0.483354 0.347819 0.480750 0.347171 0.480979 0.346583 0.479339 0.345060 0.476214 0.342463 0.472880 0.340755 0.471214 0.340523 0.469000 0.341537 0.466760 0.343301 0.465615 0.344037 0.464000 0.342926 0.462438 0.343389 0.461630 0.344315
5 0.479260 0.346861 0.474292 0.345505 0.471503 0.345319 0.468784 0.346125 0.466482 0.347796 0.464193 0.349769 0.462318 0.352361 0.461839 0.351815 0.463922 0.348856 0.465589 0.347699 0.466760 0.347093 0.466943 0.345384 0.468427 0.343713 0.470328 0.343250 0.472281 0.342787 0.474156 0.343389 0.476865 0.345241
5 0.475581 0.280037 0.478406 0.303403 0.476781 0.300505 0.472039 0.293694 0.467953 0.287662 0.468227 0.285431 0.470073 0.282204 0.472828 0.280657
5 0.456534 0.298819 0.457664 0.299662 0.458203 0.298565
5 0.470073 0.282204 0.469583 0.279583 0.468438 0.277361 0.466667 0.275185 0.465854 0.273685 0.465177 0.272111 0.463641 0.271648 0.461589 0.271204 0.459557 0.271481 0.457031 0.272685 0.454870 0.274954 0.452865 0.278472 0.451875 0.281481 0.451068 0.284120 0.450599 0.286528 0.450372 0.289931 0.450253 0.294699 0.451128 0.298019 0.454565 0.298236 0.455000 0.298657 0.455781 0.298009 0.457526 0.297500 0.458724 0.297731 0.461677 0.292009 0.461203 0.290389 0.463138 0.287144 0.463867 0.287208 0.465216 0.285394 0.467953 0.287662 0.468227 0.285431
5 0.451536 0.300375 0.452945 0.303769 0.454565 0.306667 0.455294 0.304852 0.454602 0.302968 0.455294 0.301412
5 0.443768 0.271032 0.445357 0.271255 0.448180 0.270264 0.450656 0.268278 0.452956 0.265181 0.455154 0.261028 0.455919 0.257310 0.455815 0.253157 0.455154 0.251481 0.453688 0.249315 0.452503 0.248139 0.451247 0.247454 0.449227 0.246463 0.450547 0.249019 0.451302 0.253301 0.451211 0.257639 0.450758 0.261389 0.449281 0.265194 0.447807 0.267764 0.444643 0.270014
5 0.437659 0.270532 0.440260 0.269981 0.440677 0.268731 0.443128 0.268546 0.443620 0.269565 0.445729 0.268130 0.447581 0.266556 0.449326 0.263639 0.450289 0.260162 0.450729 0.256046 0.450469 0.251597 0.449690 0.248824 0.448674 0.246833 0.447161 0.246111 0.445547 0.246157 0.443594 0.246898 0.441945 0.247421 0.440307 0.253810 0.440065 0.260690 0.438948 0.264282
5 0.489859 0.515912 0.489401 0.518009 0.489401 0.520648 0.489896 0.523750 0.491370 0.524106 0.493852 0.524583 0.495797 0.525255 0.496714 0.527273 0.499036 0.529287 0.500062 0.531782 0.501857 0.529440 0.505635 0.526273 0.508464 0.525417 0.504982 0.513556 0.501818 0.516069 0.498628 0.517306 0.495404 0.517519 0.492211 0.516981
5 0.500620 0.533079 0.502109 0.534907 0.502396 0.535972 0.502849 0.535259 0.505464 0.533713 0.507971 0.533032 0.510867 0.533153 0.509161 0.527560 0.506062 0.528241 0.503411 0.529981
5 0.507755 0.510338 0.509523 0.514931 0.508844 0.511787 0.508690 0.509144
5 0.507185 0.508412 0.508599 0.506588 0.509263 0.504380 0.509419 0.501787 0.509818 0.500602 0.508490 0.499583 0.506589 0.498565 0.504375 0.498519
5 0.497719 0.501125 0.495974 0.502282 0.494229 0.504088 0.492042 0.507606 0.490919 0.510014 0.490734 0.513713 0.493266 0.515319 0.496846 0.516069 0.497318 0.515972
5 0.498422 0.500662 0.498354 0.515750 0.499622 0.515375 0.502003 0.513875 0.504349 0.511681 0.501956 0.503477 0.501052 0.499921 0.499594 0.500106
5 0.540958 0.405056 0.540891 0.408699 0.542344 0.412500 0.542828 0.416083 0.545328 0.423185 0.548958 0.399375 0.547586 0.399088 0.546117 0.399648 0.544555 0.399833 0.541685 0.403477
5 0.537612 0.403620 0.535466 0.415537 0.537034 0.414051 0.539789 0.411759 0.541880 0.411079 0.540891 0.408699 0.540958 0.405056
5 0.532367 0.405843 0.531521 0.405843 0.531250 0.409755 0.529167 0.413042 0.527214 0.412671 0.530047 0.418259
5 0.541880 0.411079 0.539789 0.411759 0.537034 0.414051 0.535466 0.415537 0.533826 0.424403 0.537242 0.429856 0.539422 0.427218 0.540443 0.427153 0.541573 0.427671 0.541536 0.429681 0.540844 0.430977 0.539404 0.432644 0.541253 0.435370 0.543484 0.435000 0.545328 0.423185 0.542828 0.416083 0.542344 0.412500
5 0.497357 0.374384 0.497266 0.376528 0.499401 0.379398 0.501589 0.381620 0.504221 0.383046 0.505417 0.383704 0.507370 0.383981 0.507786 0.379167 0.508255 0.372685 0.508932 0.370556 0.509294 0.366750 0.507794 0.369662 0.506052 0.371954 0.504065 0.373444 0.501310 0.374870 0.499010 0.374806
5 0.497552 0.371620 0.497409 0.372440 0.500719 0.373454 0.504180 0.371796 0.506602 0.369569 0.508646 0.366065 0.508234 0.364764 0.507737 0.363375 0.507635 0.360921 0.507039 0.362630 0.505052 0.366407 0.501112 0.370250
5 0.495716 0.352421 0.498346 0.359181 0.497604 0.369630 0.500729 0.369074 0.502471 0.367338 0.504841 0.364241 0.506307 0.361449 0.506914 0.359412 0.502930 0.345662 0.501917 0.344921 0.501081 0.343718 0.499469 0.344134 0.497255 0.348116
5 0.495182 0.437463 0.488727 0.440241 0.488979 0.441981 0.490294 0.446796 0.491745 0.444898 0.493487 0.441861
5 0.466810 0.457083 0.472917 0.467083 0.475643 0.465866 0.476224 0.461667 0.475805 0.461421 0.473435 0.459500 0.471237 0.458199 0.468901 0.457269
5 0.487727 0.222134 0.487664 0.226245 0.481229 0.247352 0.479729 0.251569 0.477732 0.253347 0.473357 0.253681 0.474005 0.266000 0.475151 0.267852 0.475490 0.270398 0.475099 0.272759 0.475125 0.275815 0.475581 0.280037 0.478406 0.303403 0.480904 0.308287 0.481815 0.314773 0.484466 0.321472 0.491492 0.318306 0.487945 0.318306 0.485797 0.315981 0.483698 0.312000 0.482391 0.305611 0.482437 0.298972 0.475990 0.267708 0.476250 0.261431 0.477917 0.260282 0.480872 0.277333 0.483677 0.289977 0.484305 0.287106 0.486216 0.282296 0.489102 0.277440 0.493667 0.274403 0.495794 0.274032 0.496214 0.274190 0.487862 0.235935 0.489432 0.226810 0.488789 0.220958
5 0.442190 0.246231 0.441945 0.247421 0.443594 0.246898 0.445547 0.246157 0.447161 0.246111 0.448674 0.246833 0.447138 0.245255 0.445315 0.245306
5 0.513609 0.460440 0.516596 0.465833 0.519023 0.468491 0.521495 0.471810 0.524250 0.476213 0.530549 0.480440 0.531391 0.478366 0.533911 0.472060 0.537505 0.460856 0.540677 0.448907 0.543484 0.435000 0.541253 0.435370 0.539404 0.432644 0.530849 0.442588 0.530724 0.443287 0.526714 0.462977 0.524339 0.464282 0.521570 0.464181 0.524862 0.449278 0.520266 0.452847 0.516581 0.456218
5 0.495802 0.435806 0.493487 0.441861 0.491745 0.444898 0.490294 0.446796 0.492706 0.455231 0.499724 0.481454 0.502078 0.480968 0.504034 0.481671 0.505844 0.483273 0.508885 0.484454 0.514099 0.486491 0.515635 0.487611 0.517383 0.490292 0.520276 0.492065 0.521120 0.490241 0.521690 0.490403 0.522023 0.491949 0.522594 0.492653 0.524552 0.489491 0.526031 0.486009 0.530549 0.480440 0.524250 0.476213 0.521495 0.471810 0.519023 0.468491 0.516596 0.465833 0.513609 0.460440 0.512312 0.462574 0.511401 0.460694 0.512779 0.458750 0.511943 0.457125 0.510305 0.461218 0.500857 0.445662 0.499380 0.443134 0.499146 0.445171 0.498573 0.445866 0.497766 0.445773 0.496958 0.444708 0.496828 0.442949 0.497297 0.441514 0.498547 0.441051
5 0.488036 0.450787 0.485081 0.455176 0.480708 0.461833 0.483729 0.464685 0.487768 0.468935 0.495068 0.477181 0.492727 0.468227
5 0.486484 0.467593 0.485565 0.470231 0.486211 0.471523 0.488146 0.472597 0.491414 0.476255 0.496414 0.482208 0.495068 0.477181
5 0.499724 0.481454 0.500422 0.484171 0.500648 0.485079 0.501659 0.484894 0.502078 0.483963 0.503401 0.484458 0.504552 0.487125 0.507378 0.488671 0.510440 0.489449 0.511674 0.489556 0.514872 0.491278 0.520276 0.492065 0.517383 0.490292 0.515635 0.487611 0.514099 0.486491 0.508885 0.484454 0.505844 0.483273 0.504034 0.481671 0.502078 0.480968
5 0.463448 0.439792 0.463214 0.446690 0.466078 0.454602 0.469115 0.454787 0.473469 0.456463 0.476922 0.459190 0.477284 0.457301 0.478768 0.454569 0.480721 0.451097 0.482336 0.449569 0.482003 0.449037 0.479560 0.450162 0.476367 0.450861 0.472841 0.450806 0.469859 0.449574 0.467419 0.447699 0.464977 0.444593
5 0.483872 0.452069 0.482135 0.453657 0.483021 0.455231 0.483490 0.457500 0.485081 0.455176
5 0.482135 0.453657 0.481477 0.454199 0.480253 0.456468 0.478924 0.459338 0.478482 0.461514 0.478628 0.461792 0.479635 0.463704 0.481589 0.462731 0.480708 0.461833 0.483490 0.457500 0.483021 0.455231
5 0.471990 0.467384 0.472641 0.469560 0.476711 0.490551 0.478802 0.488815 0.480167 0.486769 0.481349 0.483917 0.482185 0.480324 0.482081 0.476296 0.481628 0.472144 0.480406 0.468796 0.478768 0.464769 0.477779 0.464801 0.475643 0.465866 0.472917 0.467083
5 0.479635 0.463704 0.480755 0.466009 0.482271 0.469875 0.482635 0.464366 0.483729 0.464685 0.481589 0.462731
5 0.483729 0.464685 0.483521 0.472046 0.483573 0.477514 0.484042 0.484130 0.484979 0.491866 0.483885 0.492231 0.482557 0.483204 0.482359 0.483981 0.480789 0.488380 0.478456 0.490861 0.481464 0.492380 0.484503 0.494481 0.485753 0.496236 0.486901 0.493644 0.489609 0.489894 0.493672 0.486236 0.494922 0.485417 0.492318 0.477269 0.491414 0.476255 0.488146 0.472597 0.486211 0.471523 0.485565 0.470231 0.486484 0.467593
5 0.495258 0.487255 0.499344 0.500199 0.498422 0.500662 0.498417 0.498556 0.497841 0.498181 0.497719 0.501125 0.495974 0.502282 0.494229 0.504088 0.492042 0.507606 0.490919 0.510014 0.490159 0.504384 0.489273 0.501310 0.487922 0.498606 0.486771 0.497486 0.487917 0.494755 0.490130 0.491745 0.492419 0.489431
5 0.482013 0.518792 0.483539 0.525833 0.485753 0.523912 0.488508 0.523431 0.489896 0.523750 0.489401 0.520648 0.489401 0.518009 0.489859 0.515912 0.488935 0.517218 0.487206 0.518417 0.484167 0.519319
5 0.492318 0.477269 0.494922 0.485417 0.496901 0.484153 0.496414 0.482208
5 0.495258 0.487255 0.499344 0.500199 0.499594 0.500106 0.501052 0.499921 0.497266 0.485681
5 0.500648 0.485079 0.504375 0.498519 0.506589 0.498565 0.508490 0.499583 0.509818 0.500602 0.510096 0.499421 0.510487 0.497755 0.507672 0.493917 0.504628 0.492111 0.505357 0.489838 0.508974 0.493171 0.511464 0.493468 0.510440 0.489449 0.507378 0.488671 0.504552 0.487125 0.503401 0.484458 0.502078 0.483963 0.501659 0.484894
5 0.511674 0.489556 0.512273 0.491912 0.512305 0.493431 0.513529 0.494218 0.518555 0.493292 0.520385 0.492667 0.522076 0.492907 0.522594 0.492653 0.522023 0.491949 0.521690 0.490403 0.521120 0.490241 0.520276 0.492065 0.514872 0.491278
5 0.543651 0.492694 0.542474 0.493338 0.542263 0.496014 0.539555 0.497463 0.539581 0.503528 0.543542 0.497060
5 0.543674 0.481620 0.543854 0.483394 0.543680 0.490069 0.542263 0.490394 0.540667 0.486801 0.539742 0.487042 0.539622 0.483616 0.537542 0.484153 0.537633 0.487685 0.536297 0.488088 0.536599 0.491569 0.534581 0.491782 0.535232 0.489644 0.535232 0.486426 0.537469 0.483458 0.538823 0.480819 0.539664 0.477731 0.540263 0.479264 0.540836 0.481713
5 0.534581 0.491782 0.534581 0.496764 0.532880 0.495213 0.533604 0.494301
5 0.480750 0.347171 0.480510 0.348111 0.481760 0.350153 0.484258 0.352120 0.486477 0.355417 0.488008 0.359074 0.489219 0.363088 0.490591 0.369259 0.490995 0.375926 0.490510 0.381306 0.489784 0.386111 0.490799 0.385296 0.492216 0.386153 0.494505 0.393810 0.495495 0.392593 0.497135 0.392481 0.496641 0.388611 0.497266 0.376528 0.497357 0.374384 0.497409 0.372440 0.497552 0.371620 0.497604 0.369630 0.498346 0.359181 0.495716 0.352421 0.494714 0.350000 0.492341 0.349657 0.489971 0.349009 0.487581 0.348574 0.486617 0.348199 0.486190 0.347880 0.485354 0.347940 0.483354 0.347819
5 0.579508 0.477519 0.580362 0.478921 0.596677 0.509727 0.596031 0.513537 0.595669 0.515759 0.595143 0.521644 0.596234 0.525870 0.596635 0.530894 0.596234 0.535694 0.596073 0.542153 0.597404 0.545806 0.597888 0.547745 0.597604 0.553625 0.596154 0.551759 0.594701 0.549319 0.589094 0.554917 0.590305 0.557856 0.581591 0.564523 0.582268 0.555593 0.581547 0.534454 0.568732 0.524806 0.568516 0.515694 0.567328 0.513630 0.567745 0.512704 0.568083 0.510435 0.568005 0.507565 0.567615 0.505204 0.567510 0.501407 0.565115 0.499093 0.564505 0.500093 0.565495 0.491574 0.566370 0.491884 0.569159 0.492315 0.572680 0.491389 0.575375 0.489829 0.575714 0.491171 0.576599 0.491912 0.577615 0.491171 0.577901 0.489597 0.577693 0.488301 0.576807 0.487792 0.577943 0.486181 0.578956 0.484880 0.579620 0.482153 0.578885 0.481407
10 0.446604 0.305273 0.446987 0.310912 0.446500 0.314509 0.444234 0.318722 0.443047 0.318722 0.441513 0.320088 0.438865 0.323866 0.436174 0.333282 0.431357 0.348394 0.432466 0.341148 0.434159 0.334981 0.435812 0.330102 0.438839 0.322574 0.441057 0.317194 0.442792 0.312032 0.444003 0.308806 0.445534 0.306583
10 0.446341 0.303069 0.445885 0.301204 0.439388 0.302190 0.433880 0.303815 0.426219 0.306667 0.421172 0.323218 0.416492 0.337060 0.418401 0.341065 0.422445 0.344907 0.426000 0.348255 0.426490 0.351477 0.426070 0.357676 0.426977 0.358236 0.428128 0.355444 0.428406 0.351292 0.428370 0.347884 0.427117 0.346644 0.427917 0.345653 0.429383 0.346708 0.429557 0.348815 0.429940 0.350856 0.430286 0.347815 0.431094 0.342653 0.432305 0.337060 0.434401 0.330102 0.436578 0.324653 0.439000 0.319347 0.442388 0.310884 0.444003 0.306870 0.445372 0.304861
10 0.427021 0.303491 0.433479 0.301088 0.441104 0.299144 0.444818 0.298519 0.443854 0.296620 0.441927 0.293611 0.439635 0.291111 0.436953 0.289074 0.434724 0.287639 0.430570 0.287639 0.428750 0.288884 0.427083 0.290648 0.425990 0.293519 0.425208 0.296019 0.425156 0.299630 0.425625 0.302593 0.426068 0.304259
1 0.418760 0.314056 0.420245 0.317343 0.420740 0.319519 0.421172 0.323218 0.420453 0.325491 0.419724 0.319611 0.418891 0.316694
10 0.418891 0.316694 0.419635 0.327731 0.420453 0.325491 0.419724 0.319611
1 0.520083 0.357162 0.519214 0.361750 0.517052 0.367204 0.515935 0.369125 0.516180 0.371046 0.517224 0.369991 0.519039 0.366644 0.520294 0.362801 0.521117 0.359060
10 0.430286 0.353148 0.428664 0.360644 0.432091 0.363333
2 0.476250 0.261431 0.475990 0.267708 0.482437 0.298972 0.483229 0.292088 0.483677 0.289977 0.480872 0.277333 0.477917 0.260282
2 0.489594 0.234255 0.487862 0.235935 0.496214 0.274190 0.498878 0.274644 0.493841 0.252722
10 0.463807 0.236421 0.462852 0.247653 0.463888 0.249694 0.464760 0.252157 0.466531 0.251486 0.467922 0.242565 0.466151 0.238356 0.464870 0.236856
1 0.465549 0.225472 0.465523 0.227264 0.469229 0.233852 0.468846 0.235306 0.467513 0.241556 0.467922 0.242565 0.466995 0.248676 0.470510 0.235787 0.470482 0.233319 0.467539 0.228037
10 0.455440 0.299208 0.455294 0.301412 0.454602 0.302968 0.455294 0.304852 0.454565 0.306667 0.455987 0.310037 0.457299 0.311792 0.458578 0.311662 0.461276 0.313088 0.463029 0.315356 0.466602 0.316264 0.481122 0.318991 0.481815 0.314773 0.480904 0.308287 0.476781 0.300505 0.472039 0.293694 0.467953 0.287662 0.465216 0.285394 0.463867 0.287208 0.463138 0.287144 0.461203 0.290389 0.461677 0.292009 0.457664 0.299662 0.456534 0.298819
1 0.489573 0.328231 0.489747 0.329472 0.491594 0.328727 0.492500 0.327921 0.494940 0.328292 0.492919 0.329593 0.490234 0.332074 0.488805 0.334491 0.487063 0.338704 0.486052 0.342361 0.485354 0.346204 0.485354 0.347940 0.486190 0.347880 0.486294 0.345273 0.487445 0.340750 0.488945 0.336657 0.490758 0.333685 0.493023 0.331269 0.496128 0.329407 0.496091 0.327551 0.497661 0.327551 0.499891 0.328046 0.501844 0.329222 0.504320 0.331949 0.505609 0.334551 0.507214 0.339079 0.508154 0.343167 0.508607 0.347690 0.508607 0.351037 0.508154 0.353829 0.507630 0.357111 0.506307 0.361449 0.504841 0.364241 0.502471 0.367338 0.500729 0.369074 0.497604 0.369630 0.497552 0.371620 0.501112 0.370250 0.505052 0.366407 0.507039 0.362630 0.508258 0.358537 0.509453 0.351157 0.509534 0.346069 0.508891 0.340616 0.507760 0.336389 0.505664 0.331509 0.503688 0.328421 0.501750 0.326847 0.499411 0.325986 0.497354 0.325412 0.495255 0.325630 0.494651 0.324194 0.493240 0.324764 0.492836 0.326060
1 0.516477 0.384625 0.515695 0.385454 0.515781 0.387917 0.516633 0.386657
1 0.514427 0.344398 0.514609 0.351065 0.515651 0.350417 0.515234 0.338750 0.515156 0.341019
1 0.513958 0.331032 0.514245 0.340741 0.514766 0.337083 0.515182 0.337097 0.515109 0.332977
2 0.560792 0.488352 0.561594 0.489032 0.562013 0.487546 0.565396 0.488972 0.565500 0.491574 0.564505 0.500093 0.558992 0.499347
13 0.392198 0.278000 0.394531 0.283102 0.396789 0.276653 0.399164 0.272241 0.402133 0.268593 0.405805 0.265616 0.409477 0.264463 0.413690 0.264366 0.418117 0.265519 0.421195 0.268977 0.425990 0.293519 0.427083 0.290648 0.428750 0.288884 0.430245 0.285648 0.431177 0.279671 0.431411 0.275278 0.431411 0.268972 0.430898 0.261421 0.427771 0.248310 0.426328 0.242708 0.424297 0.235458 0.423724 0.239384 0.419036 0.262046 0.417219 0.260102 0.416331 0.261611 0.414958 0.260755 0.414354 0.258528 0.411771 0.258889 0.411464 0.259875 0.409531 0.260509 0.406070 0.251917 0.406576 0.249227 0.404091 0.246681 0.406435 0.230356 0.403135 0.229426 0.399826 0.226009 0.397807 0.221301 0.397870 0.217153 0.398911 0.214741 0.400898 0.213620 0.403862 0.214796 0.407078 0.216255 0.409977 0.215806 0.412443 0.205611 0.418901 0.212296 0.417497 0.207782 0.415768 0.204903 0.413878 0.202602 0.412852 0.201546 0.412961 0.199144 0.411719 0.198472 0.410964 0.200583 0.409721 0.199431 0.404375 0.197801 0.403565 0.196745 0.403026 0.196843 0.402539 0.197801 0.400164 0.197032 0.398974 0.198856 0.395357 0.199912 0.391307 0.201931 0.388500 0.204616 0.386771 0.206537 0.386016 0.205579 0.384719 0.205866 0.384612 0.207403 0.385206 0.208745 0.381263 0.213639 0.378995 0.216616 0.377482 0.215176 0.376727 0.216903 0.377591 0.218634 0.375755 0.222569 0.374297 0.226602 0.373378 0.231977
2 0.533719 0.398986 0.527279 0.432741 0.526034 0.442282 0.525979 0.444394 0.521570 0.464181 0.524339 0.464282 0.526714 0.462977 0.530724 0.443287 0.531516 0.437162 0.538128 0.400694
2 0.499758 0.431204 0.502182 0.429875 0.506245 0.426227 0.513852 0.416764 0.515253 0.420583 0.514318 0.422657 0.509091 0.428630 0.504938 0.432944 0.501344 0.434773 0.499776 0.435931 0.498451 0.431468
2 0.496560 0.427176 0.495909 0.426204 0.494867 0.425255 0.492940 0.425843 0.491313 0.429380 0.492518 0.430343 0.495802 0.435806 0.498547 0.441051 0.499328 0.441884 0.499380 0.443134 0.500857 0.445662 0.510305 0.461218 0.511943 0.457125 0.501763 0.437093 0.501344 0.434773 0.499776 0.435931 0.498451 0.431468 0.499758 0.431204 0.497786 0.429028
8 0.466190 0.414731 0.469010 0.420833 0.470799 0.419963 0.470904 0.418296 0.470331 0.416398 0.469922 0.416454 0.467430 0.415838
8 0.462187 0.398241 0.465982 0.403944 0.467180 0.407000 0.469576 0.414824 0.467492 0.414324 0.466451 0.413111 0.465565 0.409546 0.465695 0.406986 0.463924 0.407000 0.462310 0.403620
1 0.509000 0.358995 0.511161 0.356889 0.511083 0.358921 0.508677 0.361106 0.508677 0.361106
1 0.512096 0.355843 0.514688 0.352630 0.517521 0.349630 0.518664 0.349792 0.518516 0.351236 0.514477 0.356111 0.511826 0.358843 0.512117 0.357329
1 0.527635 0.358083 0.529234 0.355509 0.531372 0.353685 0.534833 0.352190 0.538391 0.352333 0.541456 0.354125 0.543794 0.356491 0.545690 0.359792 0.547224 0.363949 0.549010 0.369306 0.547578 0.367037 0.546250 0.364491 0.545125 0.360366 0.543471 0.357856 0.541859 0.356347 0.539802 0.354773 0.536818 0.353912 0.534880 0.354199 0.531896 0.355204 0.529159 0.357509
9 0.497297 0.441514 0.496828 0.442949 0.496958 0.444708 0.497766 0.445773 0.498573 0.445866 0.499146 0.445171 0.499380 0.443134 0.499328 0.441884 0.498547 0.441051
9 0.537542 0.484153 0.537633 0.487685 0.539742 0.487042 0.539622 0.483616
9 0.539664 0.477731 0.540263 0.479264 0.540836 0.481713 0.543674 0.481620 0.544013 0.478935 0.543805 0.476852 0.543883 0.475926 0.542633 0.475185 0.541826 0.475880 0.540784 0.477412
10 0.482073 0.396593 0.485365 0.397361 0.485406 0.403454 0.484622 0.405116 0.481971 0.404898 0.480615 0.403829 0.481052 0.401847
1 0.508464 0.525417 0.505635 0.526273 0.501857 0.529440 0.498831 0.533282 0.495969 0.540481 0.495214 0.546528 0.495646 0.553347 0.497482 0.557764 0.500344 0.562852 0.502935 0.565634 0.506068 0.567171 0.509695 0.568426 0.509940 0.566653 0.507289 0.566278 0.503643 0.564509 0.500451 0.560921 0.498492 0.557282 0.496714 0.552301 0.496299 0.547824 0.496753 0.542750 0.498427 0.537421 0.500620 0.533079 0.503411 0.529981 0.506062 0.528241 0.509161 0.527560
1 0.482336 0.449569 0.480721 0.451097 0.478768 0.454569 0.477284 0.457301 0.476922 0.459190 0.478482 0.461514 0.478924 0.459338 0.480253 0.456468 0.481477 0.454199 0.483872 0.452069
1 0.465302 0.418514 0.463193 0.415921 0.462333 0.417079 0.463997 0.419769 0.465938 0.421574 0.467917 0.423194 0.469635 0.422454 0.469010 0.420833 0.467083 0.420046
2 0.460865 0.419301 0.460625 0.423745 0.462914 0.424389 0.465385 0.425727 0.466529 0.424282 0.467917 0.423194 0.465938 0.421574 0.463997 0.419769 0.461172 0.419481
5 0.297013 0.203889 0.288721 0.187306 0.294810 0.183389 0.308674 0.177398 0.311911 0.175097 0.316057 0.171644 0.321370 0.171644 0.331484 0.192037 0.343005 0.212407 0.357388 0.241662 0.371185 0.271329 0.373984 0.280079 0.374555 0.283259 0.376224 0.285444 0.376458 0.288046 0.372870 0.284847 0.369734 0.282472 0.366146 0.278491 0.361979 0.280648 0.359266 0.284731 0.335143 0.254995 0.306938 0.217222
5 0.357547 0.158755 0.356435 0.154731 0.355596 0.153046 0.355523 0.149398 0.359219 0.149204 0.362883 0.148806 0.362883 0.147792 0.358784 0.143718 0.358755 0.142060 0.361227 0.140282 0.364388 0.132481 0.363685 0.130005 0.362427 0.128514 0.362516 0.125519 0.365508 0.125852 0.372786 0.132907 0.378664 0.138218 0.384917 0.144190 0.389536 0.148009 0.395753 0.153481 0.403409 0.161954 0.415229 0.173750 0.423760 0.180292 0.433701 0.189894 0.442901 0.199713 0.447419 0.204171 0.447044 0.206278 0.448794 0.213167 0.449609 0.219051 0.456609 0.225056 0.455227 0.227278 0.454115 0.228287 0.453177 0.229907 0.451172 0.228051 0.449734 0.227046 0.447943 0.231296 0.446706 0.239412 0.439331 0.231185 0.439766 0.240181 0.440266 0.249509 0.434219 0.242505 0.424984 0.232806 0.411701 0.218213 0.396148 0.201894 0.379083 0.182597 0.362451 0.164551
5 0.384917 0.144190 0.377315 0.135782 0.371388 0.129644 0.368401 0.126907 0.368401 0.125662 0.370081 0.123171 0.374234 0.120435 0.375401 0.119190 0.376521 0.112801 0.377409 0.110560 0.381047 0.102597 0.383055 0.102264 0.383570 0.102500 0.384411 0.103250 0.410234 0.129417 0.441930 0.159255 0.468906 0.185454 0.466456 0.189551 0.466456 0.189551 0.465057 0.192620 0.463003 0.198014 0.461883 0.200171 0.461229 0.200088 0.460622 0.199009 0.459596 0.200333 0.460016 0.202412 0.458661 0.206560 0.456328 0.208051 0.456281 0.209546 0.454010 0.212546 0.447419 0.204171 0.442901 0.199713 0.433701 0.189894 0.423760 0.180292 0.415229 0.173750 0.403409 0.161954 0.395753 0.153481 0.389536 0.148009
5 0.464870 0.234852 0.462633 0.232213 0.459487 0.232356 0.457607 0.233384 0.456609 0.233602 0.453638 0.235727 0.452146 0.237019 0.450979 0.238903 0.451461 0.240102 0.462190 0.251861 0.474815 0.265917 0.494823 0.288435 0.498818 0.293671 0.507609 0.302417 0.525440 0.323931 0.533424 0.333111 0.534596 0.334616 0.535724 0.338417 0.535951 0.339593 0.531870 0.341514 0.530984 0.342181 0.531474 0.344005 0.539958 0.353324 0.541630 0.352431 0.541044 0.350500 0.541044 0.345296 0.543135 0.343958 0.546984 0.349014 0.548823 0.347676 0.548992 0.343065 0.552003 0.347676 0.554094 0.347227 0.554010 0.342917 0.556518 0.331167 0.559279 0.325815 0.562307 0.327806 0.563315 0.327157 0.562786 0.326019 0.559375 0.322639 0.557318 0.320694 0.553078 0.316412 0.551865 0.314755 0.550130 0.314398 0.547383 0.311681 0.544583 0.314171 0.542344 0.311602 0.540198 0.310602 0.538469 0.311185 0.536695 0.311269 0.514576 0.287454 0.489557 0.260986
5 0.451461 0.240102 0.449839 0.242657 0.446706 0.239412 0.439331 0.231185 0.439766 0.240181 0.440266 0.249509 0.440211 0.252102 0.437727 0.253926 0.434974 0.255463 0.433948 0.257000 0.436797 0.259120 0.445964 0.269815 0.464237 0.290875 0.480622 0.308231 0.488049 0.313931 0.500633 0.331287 0.511859 0.346162 0.517961 0.354032 0.521133 0.351491 0.526328 0.345542 0.531870 0.341514 0.535951 0.339593 0.535724 0.338417 0.534596 0.334616 0.533424 0.333111 0.525440 0.323931 0.507609 0.302417 0.498818 0.293671 0.494823 0.288435 0.474815 0.265917 0.462190 0.251861
