0 0.496953 0.124870 0.495917 0.141454 0.498247 0.159880 0.485422 0.159352 0.480875 0.157116 0.474487 0.177593 0.470703 0.192565 0.470612 0.201847 0.471974 0.215968 0.474190 0.222505 0.476534 0.227898 0.477544 0.217394 0.480396 0.213523 0.483568 0.198806 0.481729 0.216056 0.480562 0.226907 0.480641 0.235843 0.481977 0.243856 0.484320 0.251597 0.487495 0.257403 0.493026 0.263343 0.497458 0.268111 0.502977 0.266014 0.503586 0.248579 0.502977 0.244273 0.498635 0.230662 0.498365 0.225847 0.499570 0.218060 0.502148 0.203458 0.507188 0.205764 0.513070 0.206106 0.514560 0.215898 0.515492 0.226190 0.514740 0.231167 0.511995 0.237454 0.508625 0.243190 0.511372 0.256481 0.517695 0.257056 0.519094 0.263296 0.532490 0.255810 0.533086 0.249088 0.536805 0.241991 0.535573 0.228356 0.530378 0.223935 0.529354 0.220389 0.528552 0.206755 0.525792 0.194176 0.530651 0.186481 0.534706 0.192634 0.538411 0.204588 0.539719 0.211361 0.539344 0.224463 0.541042 0.241463 0.545096 0.237019 0.548594 0.230245 0.550784 0.221472 0.553219 0.208685 0.553531 0.200370 0.552661 0.191597 0.550784 0.183375 0.545536 0.154491 0.534096 0.138394 0.527721 0.121833
2 0.406690 0.249685 0.406203 0.252787 0.409862 0.260718 0.411849 0.259542 0.412966 0.256130
10 0.425898 0.225019 0.426737 0.226319 0.427328 0.228986 0.427049 0.232458 0.425620 0.235556 0.424505 0.236546
10 0.406914 0.230611 0.403039 0.229532 0.399680 0.225718 0.398141 0.222231 0.397953 0.217505 0.400005 0.214435 0.410089 0.215514 0.407549 0.226926
2 0.412357 0.205903 0.407549 0.226926 0.404148 0.247185 0.418458 0.261681 0.420401 0.255917 0.424344 0.237773 0.426505 0.220398
2 0.444339 0.282454 0.447203 0.298241 0.449031 0.297968 0.451732 0.297875 0.450164 0.293657 0.450328 0.290185 0.449026 0.281389 0.447333 0.279074 0.446057 0.279769
2 0.469151 0.323583 0.469466 0.320273 0.469516 0.316833 0.467536 0.316875 0.465714 0.315676 0.463784 0.315625 0.462797 0.315398 0.461703 0.313819 0.459359 0.312708 0.457406 0.312199 0.457091 0.312847 0.456414 0.312662 0.454490 0.306741 0.454776 0.306130 0.453474 0.303583 0.452880 0.301574 0.450424 0.301194 0.447984 0.303287 0.451786 0.311435 0.453974 0.315139 0.459443 0.320278 0.463583 0.322639
10 0.444724 0.298741 0.441922 0.294083 0.438937 0.291028 0.436378 0.288940 0.433214 0.288134 0.430682 0.287977 0.427880 0.289315 0.426073 0.292741 0.425138 0.297352 0.425440 0.300778 0.426354 0.304352 0.427669 0.303593 0.431917 0.301667 0.438276 0.300111 0.443367 0.298986
10 0.426073 0.307796 0.421208 0.323370 0.420427 0.325639 0.419573 0.327486 0.416185 0.336810 0.425234 0.358866 0.425078 0.355741 0.425260 0.350324 0.426354 0.346667 0.428620 0.345926 0.429062 0.346852 0.429844 0.350208 0.431320 0.340889 0.432315 0.337301 0.435089 0.328995 0.437620 0.322620 0.441294 0.312606 0.444247 0.306394 0.445966 0.303125 0.445547 0.301759 0.438781 0.303171 0.433286 0.304375 0.426693 0.307454
2 0.448490 0.308194 0.446677 0.304685 0.446810 0.308620 0.446521 0.312787 0.445534 0.316069 0.444229 0.318338 0.441055 0.318065 0.436284 0.333181 0.437099 0.333819 0.439117 0.342394 0.441315 0.342181 0.444448 0.342444 0.446680 0.343250 0.448375 0.336657 0.450094 0.326963 0.450122 0.315282
10 0.446677 0.304685 0.446810 0.308620 0.446521 0.312787 0.445534 0.316069 0.444229 0.318338 0.441055 0.318065 0.436284 0.333181 0.430568 0.350690 0.431622 0.344852 0.432346 0.340301 0.434424 0.333819 0.436849 0.327083 0.440932 0.317481 0.442831 0.312176
10 0.430177 0.353690 0.427865 0.360463 0.431531 0.362829 0.431260 0.360227
2 0.425234 0.358866 0.425078 0.355741 0.425260 0.350324 0.426354 0.346667 0.428620 0.345926 0.429062 0.346852 0.429844 0.350208 0.430177 0.353690 0.427865 0.360463
2 0.425234 0.358866 0.432979 0.377259 0.431984 0.367352 0.431531 0.362829
2 0.405052 0.294931 0.406141 0.311852 0.416185 0.336810 0.419573 0.327486 0.416669 0.292565 0.411102 0.293139
10 0.436284 0.333181 0.430568 0.350690 0.432135 0.361352 0.432479 0.363764 0.445688 0.374856 0.449451 0.378495 0.449120 0.372389 0.449841 0.370403 0.451318 0.366977 0.454544 0.362588 0.452318 0.355611 0.451513 0.354032 0.448849 0.346782 0.446680 0.343250 0.444448 0.342444 0.441315 0.342181 0.439117 0.342394 0.437099 0.333819
1 0.497826 0.498352 0.497070 0.512657 0.497747 0.515713 0.498815 0.515019 0.498633 0.512472 0.498034 0.511500 0.498529 0.498028
1 0.442917 0.244343 0.444344 0.244468 0.446052 0.244468 0.448109 0.245213 0.449818 0.247505 0.451214 0.252153 0.451526 0.256120 0.450794 0.261449 0.449331 0.265542 0.447307 0.268764 0.445740 0.270310 0.444451 0.270500 0.444409 0.271750 0.443576 0.272310 0.443628 0.273139 0.444641 0.273375 0.444565 0.275042 0.443081 0.274991 0.442560 0.272588 0.442195 0.272681 0.442117 0.275222 0.442508 0.278741 0.441385 0.278185 0.441232 0.275269 0.440604 0.272403 0.439484 0.272861 0.439227 0.271616 0.437247 0.272120 0.437247 0.269991 0.438419 0.270319 0.439201 0.269389 0.443133 0.268144 0.444302 0.268880 0.445917 0.268509 0.447820 0.265917 0.449721 0.261755 0.450578 0.258556 0.450763 0.253602 0.450164 0.250042 0.449331 0.247773 0.447245 0.246056 0.442638 0.245505
1 0.490474 0.513787 0.490232 0.515139 0.489523 0.516134 0.493161 0.516838 0.495000 0.517375 0.498195 0.517532 0.502021 0.516356 0.504643 0.514750 0.506661 0.512069 0.508951 0.508213 0.511159 0.503519 0.512245 0.500148 0.512576 0.496616 0.512333 0.491736 0.511768 0.489731 0.510115 0.489731 0.511000 0.491736 0.511404 0.494824 0.511161 0.499769 0.510195 0.502852 0.508937 0.505500 0.507010 0.509111 0.505266 0.510963 0.503052 0.513000 0.500891 0.514389 0.498815 0.515019 0.497747 0.515713 0.494953 0.515222 0.492453 0.514620
1 0.487245 0.497296 0.488776 0.493819 0.491760 0.490019 0.495109 0.487079 0.499063 0.485069 0.497247 0.484208 0.493052 0.487005 0.490227 0.489801 0.487727 0.493245 0.486315 0.496398
1 0.512448 0.518287 0.511008 0.513593 0.510497 0.507380 0.511159 0.503519 0.508951 0.508213 0.509010 0.511963 0.509794 0.515875 0.511633 0.520375
1 0.509771 0.500546 0.508937 0.505500 0.510195 0.502852 0.511161 0.499769 0.511404 0.494824 0.511224 0.493287 0.509505 0.493148 0.505078 0.489815 0.505026 0.492315 0.507422 0.493472 0.510911 0.497731
1 0.512424 0.493440 0.512576 0.496616 0.512245 0.500148 0.514143 0.497093 0.516612 0.494468 0.519083 0.492968 0.515289 0.493162
1 0.512544 0.521477 0.514010 0.524074 0.516953 0.526620 0.520339 0.528380 0.524818 0.529074 0.528177 0.527917 0.530755 0.526111 0.527109 0.524676 0.524839 0.525375 0.519927 0.524894 0.515891 0.523019 0.513268 0.519644
2 0.458430 0.386968 0.458534 0.392051 0.459266 0.397440 0.460417 0.402773 0.462299 0.407296 0.461901 0.398194
2 0.555612 0.536481 0.540299 0.548009 0.543060 0.552083 0.557721 0.540278
1 0.533201 0.480986 0.534219 0.482130 0.534948 0.483889 0.535339 0.487130 0.535104 0.489722 0.534453 0.492222 0.533724 0.494444 0.532865 0.495463 0.531740 0.494417 0.533013 0.492630 0.533638 0.491148 0.534375 0.488333 0.534401 0.485093 0.533958 0.483611 0.532969 0.482546
10 0.536586 0.491171 0.534453 0.492222 0.534477 0.497468 0.535857 0.499273 0.538044 0.497606 0.538409 0.498116 0.542940 0.495384 0.542784 0.493162 0.548227 0.490292 0.548609 0.489602 0.549521 0.489787 0.552698 0.488491 0.553219 0.487287 0.553870 0.486824 0.554911 0.486778 0.555354 0.488120 0.556013 0.484741 0.555622 0.484046 0.542159 0.490528 0.541456 0.488630 0.539755 0.487704 0.538958 0.488241 0.537464 0.488259 0.536065 0.489231
2 0.565268 0.491815 0.565451 0.488477 0.556094 0.484907 0.555354 0.488120 0.555068 0.490065 0.555078 0.491852 0.555016 0.493907 0.554964 0.496176 0.555000 0.498102 0.563802 0.500602 0.565078 0.498602
2 0.562927 0.477657 0.561677 0.481269 0.570688 0.486454 0.571677 0.482796
1 0.502706 0.294722 0.502427 0.296963 0.503943 0.298593 0.504102 0.304829 0.504951 0.310704 0.507089 0.317949 0.509750 0.323903 0.512492 0.328560 0.515396 0.332079 0.515396 0.335880 0.511685 0.334949 0.506523 0.333009 0.502406 0.328991 0.499625 0.325699 0.496638 0.321389 0.496159 0.323829 0.499706 0.328495 0.502812 0.331861 0.505552 0.334657 0.509870 0.337097 0.515760 0.338597 0.516690 0.336375 0.516810 0.332292 0.516003 0.329931 0.513138 0.326486 0.510477 0.321389 0.507932 0.315509 0.506203 0.308481 0.505193 0.302606 0.504951 0.296366
2 0.505469 0.304028 0.517104 0.315750 0.515984 0.319315 0.506203 0.308481
10 0.484984 0.385676 0.481813 0.392556 0.482997 0.396648 0.484286 0.397889 0.484706 0.400417 0.491633 0.398241 0.491581 0.396389 0.489758 0.389903 0.488378 0.388519 0.487047 0.388745 0.486372 0.386250
1 0.574573 0.427537 0.572482 0.425616 0.569904 0.424870 0.567602 0.424625 0.564883 0.425306 0.562859 0.426856 0.561117 0.429023 0.560130 0.430926 0.560052 0.432870 0.555589 0.433481 0.555617 0.434981 0.558359 0.434981 0.559385 0.435625 0.561674 0.436162 0.562065 0.438194 0.563354 0.440806 0.565516 0.444528 0.567609 0.448491 0.569268 0.451375 0.568695 0.449176 0.567669 0.446551 0.565320 0.441731 0.563633 0.438625 0.562307 0.434769 0.562188 0.431606 0.562529 0.429671 0.564516 0.427560 0.565945 0.426944 0.568456 0.426694 0.570826 0.427065 0.572745 0.427935 0.575185 0.429671 0.577310 0.432088 0.579297 0.436361 0.581354 0.441444 0.582227 0.447208 0.582401 0.453843 0.581669 0.459111 0.579333 0.463449 0.576893 0.465616 0.577885 0.467676 0.579716 0.465616 0.581458 0.462829 0.582924 0.458736 0.583307 0.453347 0.583237 0.446713 0.582331 0.440889 0.579471 0.432583 0.577695 0.429361
1 0.501732 0.205764 0.503224 0.207921 0.504810 0.212236 0.505792 0.217792 0.505745 0.223602 0.504344 0.229079 0.500797 0.237375 0.500143 0.235880 0.503177 0.228412 0.504719 0.222440 0.504484 0.216301 0.502898 0.210574 0.501263 0.208583
1 0.498750 0.223611 0.500086 0.224690 0.500737 0.227190 0.501102 0.229644 0.501674 0.232005 0.500937 0.233935 0.499982 0.228671 0.499747 0.225801 0.498542 0.224861
1 0.502299 0.233718 0.504227 0.240245 0.505685 0.244319 0.506518 0.244968 0.505896 0.246282 0.504904 0.245106 0.503081 0.240523 0.501414 0.235940
1 0.503437 0.254074 0.504521 0.255741 0.506148 0.259755 0.506419 0.261898 0.504281 0.258792 0.503768 0.256972 0.503307 0.256528
2 0.534193 0.197454 0.530573 0.200769 0.530990 0.224574 0.535573 0.228356 0.535049 0.208875 0.534609 0.207852
1 0.493346 0.296815 0.492878 0.298019 0.495508 0.304685 0.493633 0.308157 0.492174 0.311630 0.487878 0.309870 0.485534 0.306861 0.484570 0.306861 0.483971 0.308620 0.488346 0.312463 0.492617 0.315889 0.494102 0.314917 0.497461 0.303528 0.496966 0.301259 0.495716 0.299454
1 0.485563 0.287259 0.496195 0.295375 0.495255 0.296306 0.494034 0.295375 0.485250 0.289116
2 0.493060 0.294755 0.492721 0.296282 0.493346 0.296815 0.495716 0.299454 0.504505 0.307917 0.504102 0.304829 0.504102 0.302625 0.496195 0.295375 0.495255 0.296306 0.494034 0.295375
1 0.482406 0.209880 0.480396 0.213523 0.477544 0.217394 0.476534 0.227898 0.475388 0.233759 0.474581 0.243583 0.473935 0.256060 0.474219 0.264310 0.476638 0.278005 0.477284 0.276569 0.475104 0.264523 0.474862 0.253338 0.475427 0.244157 0.475992 0.236630 0.477242 0.229241 0.479057 0.218560 0.481883 0.214185
1 0.482406 0.209880 0.483568 0.198806 0.480396 0.213523
1 0.479630 0.217579 0.479208 0.221759 0.479057 0.226630 0.478635 0.229792 0.478305 0.250042 0.478758 0.251111 0.479328 0.257273 0.480505 0.255505 0.480023 0.242593 0.479721 0.229472 0.480565 0.231347 0.480562 0.226907 0.480865 0.217741 0.481729 0.216056 0.481883 0.214185
1 0.481826 0.242727 0.480836 0.244208 0.480133 0.246060 0.480505 0.255505 0.479328 0.257273 0.478758 0.251111 0.478305 0.250042 0.477138 0.254486 0.475940 0.262403 0.475784 0.265181 0.475393 0.265921 0.477284 0.276569 0.476638 0.278005 0.474560 0.266338 0.473362 0.268190 0.473596 0.269903 0.474065 0.270782 0.473987 0.272310 0.473440 0.273560 0.472852 0.279968 0.472771 0.286565 0.472690 0.291440 0.472893 0.297611 0.473578 0.304782 0.475393 0.311806 0.477773 0.317833 0.480073 0.322204 0.482169 0.319838 0.481732 0.317394 0.481609 0.306782 0.480596 0.305657 0.481380 0.303731 0.482766 0.303838 0.483370 0.302444 0.483461 0.298375 0.484154 0.295481 0.484516 0.291356 0.485250 0.289116 0.485563 0.287259 0.485237 0.283213 0.484604 0.280699 0.483693 0.278764 0.480063 0.276333 0.482766 0.269801 0.488615 0.258620 0.487495 0.257403 0.484320 0.251597 0.481977 0.243856
1 0.518690 0.395792 0.518719 0.397940 0.519503 0.398741 0.519654 0.400454 0.516852 0.402704 0.513568 0.404148 0.513536 0.405764 0.517966 0.404741 0.518690 0.405366 0.522367 0.403551 0.521401 0.400889 0.520029 0.395088
7 0.575185 0.429671 0.577310 0.432088 0.579297 0.436361 0.581354 0.441444 0.582227 0.447208 0.580701 0.450861 0.579724 0.449681 0.580099 0.447583 0.579924 0.441630 0.578706 0.436921 0.577068 0.434440 0.575497 0.432894
17 0.480339 0.398606 0.479005 0.401634 0.477227 0.404574 0.476383 0.407801 0.473401 0.413958 0.474547 0.412986 0.476500 0.410301 0.478089 0.407574 0.479208 0.404653 0.479714 0.401477
1 0.465677 0.225556 0.470417 0.233875 0.470112 0.235574 0.467883 0.243537 0.467284 0.241907 0.469365 0.234519 0.465414 0.227231
2 0.471258 0.274231 0.473440 0.273560 0.473987 0.272310 0.474065 0.270782 0.473596 0.269903 0.473362 0.268190 0.474560 0.266338 0.472081 0.264782 0.471922 0.267352 0.471852 0.270944
2 0.465422 0.262347 0.465820 0.265306 0.465219 0.271093 0.466938 0.274361 0.467990 0.276019 0.468888 0.276153 0.469656 0.274042 0.469969 0.271315 0.470247 0.266356 0.469701 0.264426 0.466797 0.263639
10 0.456833 0.431662 0.463539 0.447356 0.464203 0.446662 0.464125 0.442079 0.463542 0.440639 0.462396 0.437315 0.462536 0.434671
1 0.476146 0.461991 0.475870 0.463468 0.475870 0.465273 0.477953 0.464407 0.476758 0.462481
5 0.481328 0.462639 0.479219 0.463444 0.479742 0.464519 0.481669 0.469981 0.482378 0.472889 0.482586 0.463676
2 0.437250 0.216435 0.426289 0.243218 0.427799 0.249361 0.440005 0.219218 0.438654 0.216051
17 0.472620 0.372898 0.469096 0.372278 0.466414 0.372713 0.464042 0.374139 0.462125 0.376060 0.460208 0.379653 0.459195 0.383560 0.458430 0.386968 0.461901 0.398194 0.464466 0.402116 0.465625 0.403426 0.469805 0.414792 0.471344 0.415213 0.474932 0.408949 0.476258 0.405079 0.478073 0.401204 0.479531 0.397773 0.480073 0.396759
1 0.448339 0.300949 0.445966 0.303125 0.444247 0.306394 0.441294 0.312606 0.437620 0.322620 0.435089 0.328995 0.432315 0.337301 0.431320 0.340889 0.429844 0.350208 0.430177 0.353690 0.431260 0.360227 0.431984 0.367352 0.432979 0.377259 0.433701 0.378597 0.433068 0.368903 0.432135 0.361352 0.430568 0.350690 0.431622 0.344852 0.432346 0.340301 0.434424 0.333819 0.436924 0.327014 0.440932 0.317481 0.442831 0.312176 0.446898 0.304194 0.450424 0.301194
1 0.471052 0.416449 0.469693 0.421407 0.469245 0.426296 0.465930 0.446324 0.466276 0.446819 0.467846 0.440495 0.470461 0.424755 0.470565 0.421903 0.472099 0.416449
1 0.482109 0.393653 0.479531 0.397773 0.478396 0.400560 0.476258 0.405079 0.474932 0.408949 0.471344 0.415213 0.473401 0.413958 0.476383 0.407801 0.477227 0.404574 0.479005 0.401634 0.480339 0.398606 0.482448 0.394856
1 0.507477 0.335718 0.502771 0.344394 0.499323 0.352222 0.496615 0.359074 0.493602 0.368194 0.490221 0.376315 0.485953 0.386051 0.486372 0.386250 0.486602 0.387116 0.490719 0.378366 0.495927 0.364333 0.499885 0.353644 0.503216 0.346051 0.508112 0.336097
2 0.523138 0.553380 0.526185 0.559444 0.521549 0.565463 0.522414 0.562403 0.523016 0.558171 0.522924 0.554472
2 0.523372 0.543750 0.532930 0.550000 0.534727 0.545139 0.529333 0.541727 0.526443 0.541079 0.522484 0.538815
5 0.497641 0.562116 0.496555 0.562491 0.494234 0.562065 0.493005 0.561880 0.492826 0.565306 0.493005 0.567722 0.494211 0.567935 0.496833 0.567292 0.499214 0.564981 0.498701 0.563634
5 0.495794 0.552690 0.493776 0.557782 0.492568 0.559361 0.494234 0.559921 0.496375 0.559815 0.495716 0.558810 0.495958 0.553722
5 0.482109 0.518704 0.483411 0.525157 0.484943 0.523722 0.487607 0.522718 0.489823 0.523565 0.489487 0.521389 0.489331 0.518657 0.489523 0.516134 0.488271 0.517625 0.485424 0.519037
5 0.495109 0.487079 0.499323 0.500079 0.498391 0.500361 0.498529 0.498028 0.497826 0.498352 0.497714 0.501056 0.495031 0.502907 0.492661 0.505685 0.491464 0.508231 0.490891 0.510083 0.490698 0.505843 0.489203 0.500699 0.487245 0.497296 0.488776 0.493819 0.491760 0.490019
5 0.494755 0.485787 0.492307 0.477361 0.491318 0.476310 0.488141 0.472931 0.485146 0.470662 0.486771 0.467500 0.485797 0.466361 0.483784 0.464833 0.483497 0.471731 0.483367 0.476639 0.483706 0.481593 0.484878 0.492148 0.483602 0.492194 0.482299 0.482796 0.482154 0.483644 0.480826 0.488088 0.478656 0.490991 0.483138 0.493565 0.486315 0.496398 0.487727 0.493245 0.490227 0.489801 0.493052 0.487005
5 0.495109 0.487079 0.499323 0.500079 0.501099 0.499343 0.503589 0.498657 0.497859 0.485648
5 0.492307 0.477361 0.494755 0.485787 0.497247 0.484208 0.496682 0.482375 0.494443 0.479736
5 0.477953 0.464407 0.471805 0.467245 0.472469 0.468907 0.476464 0.490412 0.478297 0.488625 0.480073 0.486319 0.480797 0.483319 0.481732 0.478606 0.481370 0.473574 0.480344 0.469931 0.478719 0.465593
5 0.484630 0.453264 0.482521 0.454389 0.483635 0.457495 0.485203 0.456444 0.485755 0.455324
5 0.467388 0.456699 0.469760 0.462644 0.472687 0.466856 0.475870 0.465273 0.475870 0.463468 0.476146 0.461991 0.473836 0.459486 0.471065 0.457662 0.468896 0.456593
5 0.483974 0.452227 0.482437 0.453060 0.481031 0.455144 0.479339 0.458060 0.478115 0.461532 0.479219 0.463444 0.481328 0.462639 0.480497 0.461958 0.482867 0.457995 0.483635 0.457495 0.482521 0.454389 0.484630 0.453264
5 0.492185 0.429981 0.490198 0.432324 0.487490 0.433981 0.488326 0.437639 0.488326 0.441065 0.495727 0.436185 0.495414 0.434472 0.494633 0.433824
1 0.493005 0.561880 0.492826 0.565306 0.493005 0.567722 0.491529 0.567606 0.491500 0.564394 0.491680 0.561500 0.492518 0.561796
8 0.525669 0.444264 0.520823 0.449597 0.517057 0.452315 0.511341 0.460310 0.511865 0.462606 0.512839 0.462921 0.517510 0.455421 0.524622 0.449597 0.525549 0.445958
5 0.498516 0.431847 0.499526 0.435648 0.504284 0.433495 0.510094 0.427542 0.515297 0.420588 0.513443 0.416931 0.506141 0.426255
5 0.544299 0.439713 0.546487 0.441894 0.548086 0.437449 0.550284 0.434875 0.551565 0.433796 0.550570 0.427995 0.546458 0.423968 0.547406 0.427449 0.547164 0.434694
5 0.534034 0.191630 0.530651 0.186481 0.525792 0.194176 0.528552 0.206755 0.529354 0.220389 0.530378 0.223935 0.530990 0.224574 0.530573 0.200769 0.534193 0.197454
5 0.513583 0.209773 0.511284 0.213361 0.512266 0.215394 0.513010 0.219213 0.513057 0.221287 0.513711 0.233481 0.514740 0.231167 0.515492 0.226190 0.514560 0.215898
5 0.510492 0.227426 0.510724 0.239625 0.511995 0.237454 0.513104 0.234894 0.511750 0.230829 0.511659 0.229250
5 0.505776 0.220208 0.505745 0.223602 0.504344 0.229079 0.502299 0.233718 0.504227 0.240245 0.505685 0.244319 0.506518 0.244968 0.508109 0.241097 0.508857 0.241699 0.508951 0.222944 0.508250 0.221704 0.507971 0.217968
5 0.501414 0.235940 0.503081 0.240523 0.504904 0.245106 0.505896 0.246282 0.505948 0.257801 0.506148 0.259755 0.504521 0.255741 0.503437 0.254074 0.503586 0.248579 0.502977 0.244273 0.500797 0.237375
5 0.498542 0.224861 0.499747 0.225801 0.499982 0.228671 0.500937 0.233935 0.500143 0.235880 0.498635 0.230662 0.498365 0.225847
5 0.498734 0.222875 0.498750 0.223611 0.500086 0.224690 0.500737 0.227190 0.501102 0.229644 0.501674 0.232005 0.503177 0.228412 0.504719 0.222440 0.504583 0.219352 0.503091 0.220866 0.500469 0.222375
1 0.491529 0.567606 0.494211 0.567935 0.496833 0.567292 0.499214 0.564981 0.499875 0.565954 0.498188 0.568843 0.496349 0.570287 0.492042 0.569588
1 0.489503 0.558213 0.490258 0.560833 0.492518 0.561796 0.494234 0.562065 0.496555 0.562491 0.497641 0.562116 0.496893 0.560685 0.496375 0.559815 0.494234 0.559921 0.492568 0.559361 0.490430 0.557569
8 0.531060 0.442023 0.539458 0.432542 0.541354 0.430676 0.541799 0.428741 0.541516 0.426662 0.540065 0.426444 0.537604 0.429745 0.531492 0.437259
5 0.499268 0.431185 0.495388 0.425722 0.493180 0.428949 0.492185 0.429981 0.494633 0.433824 0.495414 0.434472 0.495727 0.436185 0.497966 0.441093 0.498531 0.441051 0.499208 0.442856 0.499112 0.443963 0.503018 0.449657 0.505935 0.454287 0.510336 0.461139 0.512107 0.457389 0.500831 0.435028 0.499526 0.435648 0.498516 0.431847
5 0.497799 0.426347 0.499727 0.430884 0.506141 0.426255 0.513443 0.416931 0.515297 0.420588 0.510094 0.427542 0.504284 0.433495 0.500831 0.435028 0.512107 0.457389 0.512669 0.458431 0.517057 0.452315 0.520823 0.449597 0.525669 0.444264 0.525930 0.440491 0.527279 0.430889 0.529438 0.423782 0.530258 0.419079 0.525076 0.407227 0.523513 0.406625 0.521013 0.406532 0.519477 0.406856 0.512341 0.412366 0.509958 0.415250 0.508354 0.415704 0.499672 0.425366
5 0.537453 0.403829 0.538260 0.400102 0.535841 0.400250 0.533703 0.398384 0.532937 0.402898 0.529438 0.423782 0.527279 0.430889 0.525930 0.440491 0.525549 0.445958 0.520906 0.464491 0.526523 0.462856 0.531060 0.442023 0.531706 0.435690 0.534055 0.424653 0.535708 0.415259
5 0.499672 0.425366 0.506164 0.414667 0.507341 0.413431 0.508169 0.413833 0.508299 0.411861 0.511083 0.409134 0.512385 0.407792 0.513404 0.406384 0.515956 0.405782 0.517753 0.406106 0.518690 0.405366 0.522367 0.403551 0.529750 0.401319 0.531766 0.402037 0.532008 0.402898 0.531849 0.407130 0.529870 0.412870 0.527604 0.413009 0.525076 0.407227 0.523513 0.406625 0.521013 0.406532 0.519477 0.406856 0.512341 0.412366 0.509958 0.415250 0.508354 0.415704
5 0.498672 0.428519 0.498182 0.429648 0.499268 0.431185 0.499727 0.430884
1 0.511758 0.575463 0.511367 0.577222 0.515352 0.577454 0.516497 0.575185 0.516732 0.573426 0.514880 0.574880
2 0.573451 0.496685 0.573208 0.498856 0.576310 0.503875 0.578018 0.503931 0.584224 0.499537 0.586177 0.494759 0.582760 0.488500
2 0.579724 0.449681 0.580701 0.450861 0.581258 0.452718 0.581083 0.460093 0.579333 0.463449 0.576893 0.465616 0.575971 0.463528 0.573591 0.459884 0.575706 0.458491 0.577729 0.455824 0.579333 0.451921
5 0.509404 0.242056 0.508109 0.241097 0.505896 0.246282 0.505948 0.257801 0.507299 0.267977 0.508974 0.275560 0.511781 0.283722 0.513940 0.288616 0.516479 0.292361 0.519180 0.292648 0.521878 0.291880 0.522742 0.289384 0.522258 0.279782 0.521609 0.272491 0.519935 0.265958 0.519094 0.263296 0.516534 0.257032 0.511372 0.256481 0.508625 0.243190
5 0.532924 0.250625 0.533490 0.255218 0.533409 0.262602 0.532643 0.268986 0.530464 0.276944 0.528003 0.282755 0.525341 0.287269 0.522742 0.289384 0.522258 0.279782 0.521609 0.272491 0.519935 0.265958 0.519094 0.263296 0.532490 0.255810
5 0.545797 0.499389 0.543659 0.513231 0.546563 0.517676 0.550070 0.520972 0.555154 0.522407 0.561164 0.521690 0.566125 0.519468 0.567901 0.509574 0.567456 0.500606 0.565078 0.498602 0.561849 0.503764 0.559591 0.503264 0.557615 0.501829 0.552411 0.500106
5 0.520885 0.579815 0.522807 0.581148 0.523786 0.582310 0.527661 0.594176 0.527591 0.596042 0.518555 0.592625 0.518714 0.595907 0.518529 0.597343 0.517565 0.601093 0.517721 0.602852 0.515456 0.603176 0.500247 0.592667 0.500797 0.589046 0.501969 0.585296 0.504026 0.582051 0.506211 0.579556 0.508737 0.577977 0.510875 0.577241 0.516003 0.577565 0.515326 0.579505 0.515484 0.581690 0.519049 0.581727 0.519297 0.579398
5 0.476464 0.490412 0.482109 0.518704 0.485424 0.519037 0.488271 0.517625 0.490232 0.515139 0.490932 0.511069 0.490698 0.505843 0.489203 0.500699 0.487245 0.497296 0.483138 0.493565 0.478656 0.490991
5 0.546029 0.464912 0.547354 0.470185 0.549758 0.475019 0.553000 0.477745 0.552490 0.475130 0.553049 0.468157 0.554451 0.462681 0.557068 0.458218 0.559823 0.455736 0.563464 0.454329 0.567570 0.454815 0.570930 0.457398 0.569771 0.452458 0.567609 0.448491 0.565516 0.444528 0.563354 0.440806 0.559799 0.438764 0.556349 0.439380 0.552826 0.440620 0.549516 0.444093 0.549096 0.452148 0.548539 0.459028 0.548156 0.463491 0.546760 0.463676
5 0.469536 0.422963 0.467156 0.424301 0.464625 0.426815 0.462667 0.432069 0.462396 0.437315 0.463542 0.440639 0.464745 0.443796 0.466042 0.445560 0.469245 0.426296
5 0.482122 0.408315 0.480555 0.414204 0.478656 0.417741 0.480013 0.420310 0.481852 0.420148 0.483719 0.415810 0.484643 0.411162 0.484383 0.409125
5 0.480555 0.414204 0.478146 0.414167 0.476547 0.415023 0.474469 0.417861 0.473656 0.419898 0.473445 0.423111 0.474440 0.427611 0.476036 0.431843 0.477573 0.433935 0.480255 0.435056 0.482995 0.435056 0.486763 0.434417 0.490198 0.432324 0.493180 0.428949 0.496133 0.424560 0.497490 0.420968 0.497940 0.416792 0.486370 0.420810 0.486070 0.414972 0.484643 0.411162 0.483719 0.415810 0.481852 0.420148 0.480013 0.420310 0.478656 0.417741
5 0.473508 0.422269 0.470487 0.422546 0.470461 0.424755 0.467846 0.440495 0.466276 0.446819 0.468609 0.448611 0.472701 0.450324 0.476216 0.450833 0.478820 0.450463 0.482021 0.449120 0.480044 0.444907 0.488326 0.441065 0.488326 0.437639 0.487490 0.433981 0.486763 0.434417 0.482995 0.435056 0.480255 0.435056 0.477573 0.433935 0.476036 0.431843 0.474440 0.427611 0.473445 0.423111
5 0.495958 0.553722 0.495716 0.558810 0.496893 0.560685 0.498701 0.563634 0.500930 0.568139 0.503401 0.572792 0.507620 0.575310 0.510391 0.575741 0.514880 0.574880 0.518164 0.572157 0.521089 0.566898 0.522414 0.562403 0.523016 0.558171 0.522924 0.554472 0.520966 0.560417 0.516839 0.564704 0.513526 0.567227 0.509276 0.568241 0.504938 0.566685 0.500690 0.563579 0.497344 0.558171
5 0.561500 0.412912 0.559654 0.412602 0.556828 0.412727 0.554005 0.414894 0.551810 0.418491 0.550763 0.423199 0.550570 0.427995 0.546458 0.423968 0.544742 0.417125 0.543937 0.411458 0.542404 0.410384 0.540844 0.411014 0.540706 0.408287 0.541229 0.404940 0.542656 0.402153 0.544854 0.400106 0.547888 0.399486 0.552141 0.400787 0.556010 0.403389 0.558451 0.405685 0.559602 0.405435 0.561518 0.410083
5 0.523578 0.379375 0.520755 0.393505 0.520029 0.395088 0.521401 0.400889 0.522367 0.403551 0.529750 0.401319 0.531766 0.402037 0.532008 0.402898 0.532937 0.402898 0.533703 0.398384 0.535841 0.400250 0.538260 0.400102 0.537453 0.403829 0.541229 0.404940 0.542656 0.402153 0.544070 0.400889 0.545240 0.394657 0.545763 0.390921 0.545521 0.386259 0.544352 0.380380 0.542255 0.375653 0.539552 0.372713 0.537130 0.370491 0.534307 0.370338 0.530880 0.370412 0.527492 0.371847 0.524951 0.374426
5 0.560130 0.430926 0.557607 0.430593 0.553268 0.432681 0.550284 0.434875 0.548086 0.437449 0.546487 0.441894 0.549516 0.444093 0.552826 0.440620 0.556349 0.439380 0.559799 0.438764 0.563354 0.440806 0.562065 0.438194 0.561674 0.436162 0.559385 0.435625 0.558359 0.434981 0.555617 0.434981 0.555589 0.433481 0.560052 0.432870
5 0.562188 0.431606 0.562307 0.434769 0.563633 0.438625 0.565320 0.441731 0.567669 0.446551 0.568695 0.449176 0.569268 0.451375 0.569771 0.452458 0.570930 0.457398 0.572641 0.457213 0.572914 0.452500 0.572641 0.448375 0.571859 0.444944 0.570232 0.440662 0.568063 0.436644 0.565380 0.433000
5 0.562188 0.431606 0.565380 0.433000 0.568063 0.436644 0.570232 0.440662 0.571859 0.444944 0.573440 0.443366 0.574661 0.440514 0.575185 0.436981 0.575497 0.432894 0.575185 0.429671 0.572745 0.427935 0.570826 0.427065 0.568456 0.426694 0.565945 0.426944 0.564516 0.427560 0.562529 0.429671
5 0.574573 0.427537 0.573562 0.424005 0.571924 0.420657 0.570146 0.418491 0.567880 0.416074 0.566206 0.414833 0.563557 0.413468 0.561500 0.412912 0.559654 0.412602 0.556828 0.412727 0.554005 0.414894 0.551810 0.418491 0.550763 0.423199 0.550484 0.429954 0.551565 0.433796 0.553268 0.432681 0.557607 0.430593 0.560130 0.430926 0.561117 0.429023 0.562859 0.426856 0.564883 0.425306 0.567602 0.424625 0.569904 0.424870 0.572482 0.425616
5 0.575497 0.432894 0.577068 0.434440 0.578706 0.436921 0.579924 0.441630 0.580099 0.447583 0.579333 0.451921 0.577729 0.455824 0.575706 0.458491 0.573591 0.459884 0.570930 0.457398 0.572641 0.457213 0.572914 0.452500 0.572641 0.448375 0.571859 0.444944 0.573440 0.443366 0.574661 0.440514 0.575185 0.436981
5 0.535708 0.415259 0.534055 0.424653 0.537604 0.429745 0.540065 0.426444 0.541516 0.426662 0.541799 0.428741 0.541354 0.430676 0.539458 0.432542 0.544299 0.439713 0.547164 0.434694 0.547406 0.427449 0.544742 0.417125 0.543937 0.411458 0.542404 0.410384 0.538490 0.412102
5 0.513268 0.519644 0.515891 0.523019 0.519927 0.524894 0.524839 0.525375 0.530232 0.523713 0.535234 0.519806 0.537977 0.513861 0.538068 0.509144 0.537766 0.505130 0.536258 0.499931 0.533938 0.496556 0.531740 0.494417 0.529148 0.492380 0.525443 0.491736 0.523784 0.495542 0.522701 0.495167 0.522068 0.492167 0.519083 0.492968 0.516612 0.494468 0.514143 0.497093 0.512245 0.500148 0.511159 0.503519 0.510497 0.507380 0.511008 0.513593 0.512448 0.518287 0.512966 0.515894 0.513057 0.513269 0.514083 0.513431 0.513932 0.516968
5 0.489523 0.516134 0.489331 0.518657 0.489487 0.521389 0.489823 0.523565 0.491625 0.524444 0.493042 0.524981 0.494669 0.524606 0.495904 0.525838 0.496656 0.527551 0.497984 0.528514 0.499099 0.529745 0.499943 0.531676 0.501870 0.529157 0.504672 0.527282 0.506841 0.526694 0.509734 0.526694 0.509977 0.523694 0.511633 0.520375 0.509794 0.515875 0.509010 0.511963 0.508951 0.508213 0.506661 0.512069 0.504643 0.514750 0.502021 0.516356 0.498195 0.517532 0.495000 0.517375 0.493161 0.516838
5 0.497714 0.501056 0.495031 0.502907 0.492661 0.505685 0.491464 0.508231 0.490891 0.510083 0.490932 0.511069 0.490474 0.513787 0.492453 0.514620 0.494953 0.515222 0.497747 0.515713 0.497070 0.512657
5 0.509771 0.500546 0.507375 0.499019 0.504406 0.498648 0.501099 0.499343 0.498391 0.500361 0.498034 0.511500 0.498633 0.512472 0.498815 0.515019 0.500891 0.514389 0.503052 0.513000 0.505266 0.510963 0.507010 0.509111 0.508937 0.505500
5 0.449818 0.247505 0.451214 0.252153 0.451526 0.256120 0.450794 0.261449 0.449331 0.265542 0.447307 0.268764 0.445740 0.270310 0.444451 0.270500 0.444409 0.271750 0.446417 0.271681 0.449190 0.269912 0.452383 0.266486 0.454672 0.263162 0.455789 0.258505 0.455789 0.254486 0.455185 0.251380 0.453617 0.249398 0.451870 0.248005
5 0.437247 0.269991 0.438419 0.270319 0.439201 0.269389 0.443133 0.268144 0.444302 0.268880 0.445917 0.268509 0.447820 0.265917 0.449721 0.261755 0.450578 0.258556 0.450763 0.253602 0.450164 0.250042 0.449331 0.247773 0.448083 0.246704 0.444919 0.246866 0.443232 0.247454 0.441576 0.248898 0.439227 0.260898 0.438081 0.264755
5 0.533086 0.249088 0.532924 0.250625 0.533490 0.255218 0.533409 0.262602 0.532643 0.268986 0.531302 0.274352 0.530630 0.279375 0.525539 0.290903 0.523372 0.297204 0.525471 0.297954 0.528974 0.297037 0.532659 0.294301 0.536393 0.286917 0.538820 0.276796 0.539102 0.266838 0.538542 0.261194 0.536766 0.253231 0.534948 0.249745
5 0.519865 0.292454 0.521089 0.295231 0.522365 0.296389 0.523971 0.291769 0.528003 0.282755 0.525341 0.287269 0.522742 0.289384 0.521878 0.291880
5 0.516234 0.525940 0.516964 0.528810 0.517958 0.531102 0.519826 0.533343 0.522484 0.538815 0.526443 0.541079 0.529333 0.541727 0.533448 0.541542 0.537198 0.539736 0.539984 0.537282 0.541964 0.533301 0.539021 0.530431 0.535635 0.528116 0.534411 0.528255 0.533083 0.527514 0.532406 0.526356 0.530755 0.526111 0.528177 0.527917 0.524818 0.529074 0.520339 0.528380 0.516953 0.526620
5 0.554451 0.462681 0.553049 0.468157 0.552490 0.475130 0.553378 0.479444 0.554773 0.482644 0.556094 0.484907 0.565451 0.488477 0.565268 0.491815 0.567458 0.492227 0.570581 0.491944 0.573708 0.490468 0.576544 0.487963 0.578966 0.484264 0.579331 0.481856 0.579411 0.476810 0.579070 0.472505 0.577885 0.467676 0.575971 0.463528 0.573591 0.459884 0.570930 0.457398 0.567570 0.454815 0.563464 0.454329 0.559823 0.455736 0.557068 0.458218
5 0.489823 0.523565 0.491625 0.524444 0.493042 0.524981 0.494669 0.524606 0.495904 0.525838 0.496656 0.527551 0.497984 0.528514 0.499099 0.529745 0.499943 0.531676 0.497797 0.534005 0.496583 0.537407 0.495510 0.542884 0.494951 0.547944 0.495794 0.552690 0.493776 0.557782 0.492568 0.559361 0.490430 0.557569 0.489503 0.558213 0.483411 0.525157 0.484943 0.523722 0.487607 0.522718
5 0.450164 0.293657 0.451732 0.297875 0.453755 0.297750 0.455148 0.298806 0.456927 0.298000 0.459089 0.298000 0.461109 0.292356 0.461005 0.291181 0.462818 0.287213 0.463760 0.287958 0.464979 0.285787 0.466797 0.286806 0.468570 0.283991 0.469966 0.282935 0.468885 0.278287 0.466654 0.275375 0.465258 0.272588 0.462260 0.271472 0.459263 0.271597 0.456578 0.273639 0.453651 0.276801 0.451732 0.281634 0.450513 0.286407
5 0.443201 0.203731 0.440693 0.214019 0.440005 0.219218 0.439193 0.221153 0.438773 0.225273 0.438487 0.228981 0.438617 0.230968 0.439206 0.230181 0.440651 0.229931 0.441917 0.230681 0.442893 0.235074 0.443312 0.239722 0.442917 0.244343 0.444344 0.244468 0.446052 0.244468 0.448109 0.245213 0.449818 0.247505 0.451870 0.248005 0.453617 0.249398 0.455185 0.251380 0.455789 0.254486 0.455789 0.258505 0.454672 0.263162 0.452383 0.266486 0.449190 0.269912 0.446417 0.271681 0.444409 0.271750 0.443576 0.272310 0.443628 0.273139 0.444641 0.273375 0.444565 0.275042 0.443081 0.274991 0.444167 0.277773 0.445781 0.279028 0.447333 0.279074 0.449737 0.278843 0.453651 0.276801 0.456578 0.273639 0.459263 0.271597 0.462602 0.265218 0.465422 0.262347 0.466797 0.263639 0.469701 0.264426 0.471354 0.263352 0.472081 0.264782 0.474560 0.266338 0.474219 0.264310 0.473935 0.256060 0.474581 0.243583 0.475388 0.233759 0.470112 0.235574 0.465714 0.251421 0.463536 0.254292 0.463010 0.252569 0.463133 0.243458 0.464141 0.235431 0.466318 0.221014 0.462328 0.216282
5 0.498734 0.222875 0.500469 0.222375 0.503091 0.220866 0.504583 0.219352 0.504484 0.216301 0.502898 0.210574 0.501263 0.208583 0.499570 0.218060
5 0.513070 0.206106 0.507188 0.205764 0.502148 0.203458 0.501732 0.205764 0.503224 0.207921 0.504810 0.212236 0.505792 0.217792 0.505758 0.219167 0.508339 0.216731 0.511284 0.213361 0.513583 0.209773
5 0.534706 0.192634 0.535930 0.201884 0.537260 0.206764 0.537703 0.210991 0.539344 0.224463 0.541042 0.241463 0.543229 0.261190 0.544240 0.272736 0.545047 0.283278 0.545490 0.290519 0.545771 0.299769 0.541052 0.316981 0.537422 0.333903 0.531453 0.353407 0.524951 0.374426 0.523578 0.379375 0.520755 0.393505 0.520029 0.395088 0.516367 0.397222 0.511526 0.401815 0.507531 0.406764 0.504185 0.410921 0.501966 0.414579 0.497940 0.416792 0.486370 0.420810 0.486070 0.414972 0.484643 0.411162 0.484383 0.409125 0.481057 0.400116 0.480339 0.398606 0.482448 0.394856 0.482997 0.396648 0.484286 0.397889 0.484706 0.400417 0.491633 0.398241 0.491581 0.396389 0.489758 0.389903 0.488378 0.388519 0.487047 0.388745 0.486602 0.387116 0.490719 0.378366 0.495927 0.364333 0.499885 0.353644 0.503216 0.346051 0.508112 0.336097 0.509870 0.337097 0.515760 0.338597 0.516690 0.336375 0.516810 0.332292 0.516003 0.329931 0.513138 0.326486 0.515703 0.318981 0.515984 0.319315 0.517104 0.315750 0.523372 0.297204 0.525471 0.297954 0.528974 0.297037 0.532659 0.294301 0.536393 0.286917 0.538820 0.276796 0.539102 0.266838 0.538542 0.261194 0.536766 0.253231 0.534948 0.249745 0.533086 0.249088 0.536805 0.241991 0.535573 0.228356 0.535049 0.208875 0.534609 0.207852 0.534193 0.197454 0.534034 0.191630
5 0.512174 0.327977 0.512492 0.328560 0.515396 0.332079 0.515396 0.335880 0.511685 0.334949 0.509594 0.334181
5 0.505469 0.304028 0.516016 0.314583 0.522365 0.296389 0.521089 0.295231 0.519865 0.292454 0.519180 0.292648 0.516479 0.292361 0.514826 0.289889 0.514706 0.292407 0.514315 0.293046 0.514133 0.295620 0.513682 0.296958 0.512146 0.296264 0.512508 0.285440 0.511781 0.283722 0.508974 0.275560 0.507299 0.267977 0.506419 0.261898 0.504281 0.258792 0.503768 0.256972 0.503307 0.256528 0.502977 0.266014 0.504401 0.267639 0.505755 0.269537 0.506302 0.270972 0.506302 0.272454 0.505417 0.274352 0.503542 0.275926 0.501302 0.277130 0.498563 0.276778 0.499956 0.280931 0.499828 0.284792 0.498409 0.291097 0.498122 0.294801 0.496195 0.295375 0.504102 0.302625 0.503943 0.298593 0.502427 0.296963 0.502706 0.294722 0.504951 0.296366 0.505193 0.302606
5 0.506203 0.308481 0.507932 0.315509 0.510477 0.321389 0.512174 0.324880 0.514635 0.317870
5 0.490141 0.292569 0.486615 0.308269 0.487878 0.309870 0.492174 0.311630 0.493633 0.308157 0.495508 0.304685 0.492878 0.298019 0.493346 0.296815 0.492721 0.296282 0.493060 0.294755
5 0.531060 0.442023 0.539458 0.432542 0.544299 0.439713 0.546487 0.441894 0.549516 0.444093 0.549096 0.452148 0.548539 0.459028 0.548156 0.463491 0.546760 0.463676 0.546029 0.464912 0.544422 0.470616 0.542555 0.474264 0.538961 0.478495 0.532888 0.479875 0.532107 0.479875 0.530883 0.480940 0.527013 0.477917 0.524073 0.476171 0.521458 0.471861 0.516698 0.466051 0.514039 0.461074 0.517510 0.455421 0.524622 0.449597 0.520906 0.464491 0.526523 0.462856
5 0.477820 0.335787 0.477914 0.343338 0.476935 0.349060 0.476094 0.354042 0.474740 0.356444 0.470214 0.357194 0.470341 0.362528 0.470552 0.366653 0.471885 0.370852 0.472620 0.372898 0.480073 0.396759 0.482109 0.393653 0.481813 0.392556 0.484984 0.385676 0.485953 0.386051 0.490221 0.376315 0.493602 0.368194 0.496615 0.359074 0.499323 0.352222 0.502771 0.344394 0.507477 0.335718 0.505552 0.334657 0.502812 0.331861 0.499706 0.328495 0.496159 0.323829 0.496638 0.321389 0.499625 0.325699 0.502406 0.328991 0.506523 0.333009 0.508268 0.333616 0.511484 0.326852 0.509750 0.323903 0.507089 0.317949 0.504951 0.310704 0.504505 0.307917 0.495716 0.299454 0.496966 0.301259 0.497461 0.303528 0.494102 0.314917 0.492617 0.315889 0.488346 0.312463 0.486023 0.310407
5 0.495727 0.436185 0.492490 0.443056 0.488516 0.450310 0.485203 0.456444 0.482867 0.457995 0.480497 0.461958 0.485797 0.466361 0.490120 0.471319 0.493607 0.474977 0.495628 0.479375 0.498279 0.481481 0.501380 0.481111 0.503646 0.481546 0.506227 0.483838 0.513826 0.485884 0.515638 0.487310 0.516615 0.489542 0.517940 0.491463 0.519927 0.492019 0.521042 0.490037 0.522068 0.492167 0.522701 0.495167 0.523784 0.495542 0.525443 0.491736 0.530352 0.480556 0.527013 0.477917 0.524073 0.476171 0.521458 0.471861 0.516698 0.466051 0.514039 0.461074 0.512839 0.462921 0.511865 0.462606 0.511341 0.460310 0.512669 0.458431 0.512107 0.457389 0.510336 0.461139 0.505935 0.454287 0.503018 0.449657 0.499112 0.443963 0.499078 0.444847 0.497880 0.445815 0.496891 0.444847 0.496839 0.442903 0.497307 0.441417 0.497966 0.441093
5 0.517721 0.602852 0.517526 0.604352 0.522724 0.608241 0.525406 0.605644 0.524083 0.604403 0.520737 0.603407
2 0.525169 0.557454 0.527487 0.559537 0.523659 0.567870 0.519297 0.579398 0.519049 0.581727 0.515484 0.581690 0.515326 0.579505 0.516003 0.577565 0.518164 0.572157 0.521089 0.566898 0.521549 0.565463 0.526185 0.559444
2 0.523659 0.567870 0.527214 0.563981 0.531797 0.559167 0.533776 0.565046 0.529661 0.569213 0.519687 0.579630 0.519297 0.579398
2 0.535516 0.340102 0.536542 0.348398 0.535375 0.352213 0.534115 0.352407 0.531453 0.353407
1 0.511484 0.326852 0.508268 0.333616 0.509594 0.334181 0.512174 0.327977
1 0.515651 0.318981 0.513138 0.326486 0.512174 0.324880 0.514635 0.317870
5 0.486823 0.467500 0.485146 0.470662 0.488141 0.472931 0.491318 0.476310 0.494443 0.479736 0.496682 0.482375 0.498193 0.484042 0.501396 0.484921 0.501734 0.483903 0.503141 0.484134 0.503870 0.485106 0.504208 0.486449 0.506760 0.488394 0.510115 0.489731 0.511768 0.489731 0.517940 0.491463 0.516615 0.489542 0.515638 0.487310 0.513826 0.485884 0.506227 0.483838 0.503646 0.481546 0.501380 0.481111 0.498279 0.481481 0.495628 0.479375 0.493607 0.474977 0.490120 0.471319
1 0.530464 0.276944 0.528003 0.282755 0.523971 0.291769 0.516016 0.314583 0.517104 0.315750 0.525539 0.290903 0.530630 0.279375 0.531302 0.274352
2 0.477708 0.317824 0.475393 0.311806 0.473578 0.304782 0.472893 0.297611 0.472701 0.294366 0.472589 0.301088 0.469516 0.316833 0.469466 0.320273 0.468953 0.325583 0.468393 0.329815 0.466854 0.329315 0.465453 0.333463 0.465641 0.335704 0.467320 0.336449 0.468953 0.338690 0.468674 0.344000 0.466573 0.345662 0.467974 0.348977 0.466432 0.350222 0.465312 0.351551 0.467555 0.357690 0.469654 0.355449 0.470680 0.355449 0.470214 0.357194 0.474740 0.356444 0.476094 0.354042 0.476935 0.349060 0.477914 0.343338 0.477812 0.336065 0.486023 0.310407 0.483971 0.308620 0.484570 0.306861 0.485534 0.306861 0.486615 0.308269 0.487495 0.304310 0.483370 0.302444 0.482766 0.303838 0.481380 0.303731 0.480596 0.305657 0.481609 0.306782 0.481732 0.317394 0.482169 0.319838 0.480073 0.322204
2 0.535029 0.598509 0.527591 0.596042 0.518555 0.592625 0.518714 0.595907 0.518529 0.597343 0.517565 0.601093 0.517721 0.602852 0.520737 0.603407 0.524083 0.604403 0.525406 0.605644
5 0.534453 0.492222 0.534477 0.497468 0.533938 0.496556 0.532865 0.495463 0.533724 0.494444
5 0.536258 0.499931 0.537766 0.505130 0.538068 0.509144 0.539375 0.510046 0.539224 0.507144 0.539370 0.506648 0.538380 0.502250
2 0.488615 0.258620 0.482766 0.269801 0.480063 0.276333 0.483693 0.278764 0.488411 0.282565 0.491479 0.285727 0.495573 0.294028 0.498122 0.294801 0.498409 0.291097 0.499828 0.284792 0.499956 0.280931 0.498563 0.276778 0.498734 0.267542 0.497458 0.268111 0.493026 0.263343
2 0.420135 0.307986 0.419354 0.312014 0.422635 0.310301 0.426693 0.307454 0.433286 0.304375 0.438781 0.303171 0.445057 0.301829 0.448339 0.300949 0.455552 0.302014 0.455148 0.298806 0.453755 0.297750 0.451732 0.297875 0.449031 0.297968 0.443367 0.298986 0.438276 0.300111 0.431917 0.301667 0.427669 0.303593
10 0.472701 0.294366 0.468714 0.289463 0.466797 0.286806 0.464979 0.285787 0.463760 0.287958 0.462818 0.287213 0.461005 0.291181 0.461109 0.292356 0.459089 0.298000 0.458406 0.299088 0.456740 0.299181 0.455307 0.300153 0.455552 0.302014 0.454500 0.303204 0.455315 0.305347 0.454490 0.306741 0.456414 0.312662 0.457091 0.312847 0.457406 0.312199 0.459359 0.312708 0.461703 0.313819 0.462797 0.315398 0.463784 0.315625 0.465714 0.315676 0.467536 0.316875 0.469516 0.316833 0.472589 0.301088
1 0.447984 0.303287 0.446898 0.304194 0.446677 0.304685 0.448490 0.308194 0.450599 0.312315 0.452057 0.315972 0.454089 0.318056 0.457161 0.321157 0.461563 0.324306 0.465599 0.325833 0.468953 0.325583 0.469151 0.323583 0.463583 0.322639 0.459443 0.320278 0.453974 0.315139 0.451786 0.311435
1 0.461206 0.407366 0.459401 0.403458 0.458253 0.398958 0.457411 0.393657 0.457292 0.389528 0.457411 0.385991 0.457977 0.382875 0.459128 0.379282 0.460661 0.375810 0.462823 0.373023 0.465018 0.371412 0.467633 0.370542 0.471885 0.370852 0.472620 0.372898 0.469096 0.372278 0.466414 0.372713 0.464042 0.374139 0.462125 0.376060 0.460208 0.379653 0.459195 0.383560 0.458430 0.386968 0.458534 0.392051 0.459266 0.397440 0.460417 0.402773 0.462299 0.407296
1 0.465380 0.413958 0.466474 0.415069 0.468349 0.416370 0.471052 0.416449 0.472099 0.416449 0.474755 0.414606 0.476682 0.412435 0.478401 0.409657 0.479859 0.406505 0.480849 0.403032 0.481057 0.400116 0.480339 0.398606 0.479714 0.401477 0.479208 0.404653 0.478089 0.407574 0.476500 0.410301 0.474547 0.412986 0.473401 0.413958 0.471344 0.415213 0.468323 0.414333 0.465458 0.411690
1 0.445372 0.298588 0.443159 0.281921 0.442664 0.280671 0.436128 0.277106 0.436729 0.272940 0.438367 0.276273 0.439565 0.276597 0.441385 0.278185 0.442508 0.278741 0.443992 0.279421 0.444174 0.280301 0.444956 0.281412 0.444339 0.282454 0.447203 0.298241
1 0.418448 0.313417 0.419333 0.314944 0.420557 0.318370 0.421208 0.323370 0.420427 0.325639 0.420063 0.321241 0.419177 0.316889 0.418552 0.315407
2 0.581458 0.462829 0.582750 0.467227 0.584667 0.473921 0.583253 0.476060 0.580417 0.479213 0.579411 0.476810 0.579070 0.472505 0.577885 0.467676 0.579716 0.465616
7 0.580417 0.479213 0.583253 0.476060 0.586156 0.471903 0.594547 0.484741 0.595078 0.507037
1 0.556909 0.396736 0.558742 0.401181 0.559437 0.400917 0.561810 0.407278 0.563557 0.413468 0.561500 0.412912 0.561518 0.410083 0.559602 0.405435 0.559138 0.405574 0.556482 0.398176
7 0.561810 0.407278 0.563557 0.413468 0.566206 0.414833 0.567880 0.416074 0.570146 0.418491 0.571924 0.420657 0.573562 0.424005 0.574573 0.427537 0.577695 0.429361 0.569411 0.395995
1 0.551758 0.396944 0.555339 0.398019 0.554727 0.399630 0.552279 0.399444 0.551628 0.398056
1 0.549674 0.386370 0.548190 0.388269 0.547227 0.388870 0.547148 0.390398 0.548451 0.392944 0.549102 0.392481 0.548164 0.390120 0.549831 0.387852
1 0.548242 0.396278 0.547357 0.398546 0.545586 0.399981 0.544854 0.400106 0.544831 0.399148 0.545820 0.397759 0.547643 0.395213
1 0.547148 0.390398 0.552721 0.401139 0.552141 0.400787 0.550169 0.400167 0.546029 0.391880 0.546445 0.390676
1 0.548581 0.377759 0.548581 0.380676 0.548008 0.383824 0.547148 0.387667 0.545763 0.390921 0.545638 0.388407 0.546628 0.386093 0.547383 0.382898 0.547539 0.377852
1 0.545484 0.377981 0.545703 0.380231 0.545495 0.382917 0.545156 0.384028 0.544557 0.381343 0.544844 0.379815 0.544557 0.377593 0.544883 0.377231
1 0.550547 0.373699 0.551060 0.377338 0.553409 0.378949 0.555578 0.381574 0.556964 0.385162 0.557719 0.389231 0.557596 0.393412 0.556482 0.398176 0.554646 0.402407 0.553409 0.401875 0.554495 0.400213 0.555339 0.398019 0.556331 0.393838 0.556693 0.389926 0.555487 0.385588 0.553862 0.382213 0.551482 0.379537 0.551602 0.384519 0.551271 0.388431 0.550547 0.391213 0.549492 0.391051 0.550305 0.385694 0.550094 0.379056 0.549341 0.377769 0.545484 0.377981 0.544883 0.377231 0.546299 0.375370
1 0.531453 0.353407 0.528203 0.363796 0.529245 0.363796 0.530729 0.361667 0.534219 0.359907 0.535937 0.359491 0.537266 0.359491 0.538880 0.361157 0.540599 0.363148 0.542448 0.366806 0.543411 0.369722 0.544401 0.373981 0.545286 0.374028 0.545234 0.371157 0.544297 0.367639 0.543333 0.365185 0.541276 0.361389 0.543672 0.362593 0.544167 0.361991 0.545599 0.364815 0.545703 0.367824 0.546745 0.368148 0.547396 0.369815 0.547682 0.372917 0.550026 0.371944 0.547917 0.366389 0.546406 0.361065 0.544219 0.357130 0.542240 0.354815 0.539792 0.353009 0.536641 0.352269 0.534115 0.352407
1 0.528203 0.363796 0.531042 0.363611 0.533307 0.363935 0.535755 0.364954 0.538307 0.367269 0.540573 0.371083 0.538102 0.368245 0.534940 0.367065 0.530911 0.365972 0.527240 0.367083
1 0.526320 0.369690 0.528823 0.368083 0.531805 0.366852 0.534940 0.367065 0.538102 0.368245 0.540573 0.371083 0.542169 0.373870 0.545635 0.374083 0.550578 0.371833 0.550909 0.373495 0.546299 0.375370 0.543646 0.378690 0.542255 0.375653 0.539552 0.372713 0.537130 0.370491 0.534307 0.370338 0.530880 0.370412 0.527492 0.371847 0.524951 0.374426
1 0.505174 0.409713 0.505747 0.411333 0.506164 0.414667 0.507341 0.413431 0.508169 0.413833 0.508430 0.410222 0.507531 0.406764
5 0.538068 0.509144 0.539375 0.510046 0.543659 0.513231 0.546563 0.517676 0.548096 0.519167 0.547044 0.523463 0.546445 0.524898 0.545612 0.526241 0.545352 0.528370 0.545664 0.530176 0.544648 0.531241 0.544518 0.533463 0.545273 0.534991 0.544576 0.536333 0.543320 0.534412 0.541964 0.533301 0.539021 0.530431 0.535635 0.528116 0.534411 0.528255 0.533083 0.527514 0.532406 0.526356 0.530755 0.526111 0.527109 0.524676 0.530232 0.523713 0.535234 0.519806 0.537977 0.513861
5 0.513268 0.519644 0.513932 0.516968 0.514083 0.513431 0.513057 0.513269 0.512966 0.515894 0.512448 0.518287 0.511633 0.520375 0.509977 0.523694 0.509734 0.526694 0.506841 0.526694 0.504672 0.527282 0.501870 0.529157 0.499943 0.531676 0.497797 0.534005 0.496583 0.537407 0.495510 0.542884 0.494951 0.547944 0.495958 0.553722 0.497344 0.558171 0.500690 0.563579 0.504938 0.566685 0.509276 0.568241 0.513526 0.567227 0.516839 0.564704 0.520966 0.560417 0.522924 0.554472 0.523698 0.551347 0.523745 0.545037 0.522484 0.538815 0.519826 0.533343 0.517958 0.531102 0.515625 0.528861 0.512591 0.527366 0.512544 0.521477
1 0.510328 0.403440 0.510964 0.404213 0.512552 0.404074 0.514115 0.403611 0.515156 0.402130 0.516094 0.399630 0.516367 0.397222 0.514870 0.398565 0.514115 0.401250 0.512578 0.402361 0.511526 0.401815
1 0.510328 0.403440 0.512385 0.407792 0.511083 0.409134 0.509365 0.404551
10 0.455758 0.404671 0.454414 0.405847 0.453422 0.406403 0.453135 0.408625 0.453841 0.409782 0.454586 0.410366 0.456513 0.409486 0.457258 0.406296
5 0.578763 0.517958 0.578190 0.519625 0.578633 0.521847 0.579958 0.522218 0.580820 0.520690 0.580820 0.518653 0.579984 0.517727
3 0.455307 0.300153 0.456740 0.299181 0.458406 0.299088 0.459089 0.298000 0.456927 0.298000 0.455148 0.298806
5 0.488326 0.441065 0.480044 0.444907 0.482021 0.449120 0.485807 0.455370 0.488516 0.450310 0.492490 0.443056 0.495727 0.436185
5 0.497859 0.485648 0.503589 0.498657 0.504406 0.498648 0.507375 0.499019 0.509771 0.500546 0.510911 0.497731 0.507422 0.493472 0.505026 0.492315 0.505078 0.489815 0.509505 0.493148 0.511224 0.493287 0.511000 0.491736 0.510115 0.489731 0.506760 0.488394 0.504208 0.486449 0.503870 0.485106 0.503141 0.484134 0.501734 0.483903 0.501396 0.484921 0.498193 0.484042 0.496682 0.482375 0.497247 0.484208 0.499063 0.485069
5 0.511768 0.489731 0.512333 0.491736 0.512424 0.493440 0.515289 0.493162 0.519083 0.492968 0.522068 0.492167 0.521042 0.490037 0.519927 0.492019 0.517940 0.491463
5 0.530352 0.480556 0.525443 0.491736 0.529148 0.492380 0.531740 0.494417 0.533013 0.492630 0.531555 0.492630 0.530904 0.489296 0.532727 0.488046 0.533638 0.491148 0.534375 0.488333 0.534401 0.485093 0.533958 0.483611 0.532969 0.482546 0.532888 0.483301 0.532159 0.483903 0.530883 0.482514 0.530883 0.480940
5 0.546029 0.464912 0.544422 0.470616 0.542555 0.474264 0.538961 0.478495 0.532888 0.479875 0.533201 0.480986 0.534219 0.482130 0.534948 0.483889 0.535339 0.487130 0.535104 0.489722 0.534453 0.492222 0.536586 0.491171 0.536065 0.489231 0.537464 0.488259 0.537229 0.484370 0.538479 0.483491 0.539703 0.484278 0.539755 0.487704 0.541456 0.488630 0.542159 0.490528 0.555622 0.484046 0.554773 0.482644 0.553378 0.479444 0.553023 0.480579 0.553180 0.482106 0.552581 0.483958 0.551799 0.484329 0.550758 0.483588 0.550602 0.481875 0.550758 0.480625 0.550234 0.480648 0.550260 0.482685 0.549687 0.484583 0.548672 0.484769 0.547656 0.484028 0.546435 0.484421 0.545289 0.484236 0.545211 0.484792 0.543284 0.485162 0.542398 0.483588 0.542445 0.482528 0.541612 0.482389 0.540727 0.481463 0.540492 0.478778 0.541430 0.477435 0.541667 0.477454 0.541927 0.475926 0.542917 0.474861 0.543568 0.476250 0.544687 0.476157 0.545625 0.476991 0.545677 0.478426 0.545286 0.479630 0.544872 0.480440 0.545315 0.481412 0.545836 0.479699 0.547448 0.479861 0.547760 0.481019 0.548333 0.480556 0.548620 0.479398 0.549112 0.479287 0.548982 0.477944 0.549268 0.476231 0.551247 0.476324 0.549758 0.475019 0.547354 0.470185
5 0.548227 0.490292 0.542784 0.493162 0.542940 0.495384 0.538409 0.498116 0.538044 0.497606 0.537339 0.498037 0.538875 0.500398 0.539917 0.505213 0.541456 0.500694 0.544906 0.504912 0.545797 0.499389 0.548479 0.499694 0.548844 0.497194 0.549833 0.496315 0.551083 0.496731 0.551474 0.497796 0.551552 0.499324 0.551448 0.500065 0.552411 0.500106 0.557615 0.501829 0.559591 0.503264 0.561849 0.503764 0.563802 0.500602 0.555000 0.498102 0.554990 0.499972 0.552906 0.499926 0.552932 0.496269 0.552880 0.493861 0.552917 0.492130 0.553464 0.491481 0.552776 0.490204 0.552698 0.488491 0.549521 0.489787 0.550146 0.490204 0.550693 0.492009 0.550302 0.494093 0.549625 0.495296 0.548349 0.494926 0.547776 0.493120 0.547776 0.491130
5 0.595078 0.507037 0.580417 0.479213 0.579411 0.476810 0.579331 0.481856 0.578966 0.484264 0.576544 0.487963 0.577365 0.487769 0.577885 0.488370 0.577885 0.490875 0.577521 0.492120 0.576245 0.492352 0.575307 0.490593 0.575437 0.488926 0.573708 0.490468 0.570581 0.491944 0.567458 0.492227 0.565268 0.491815 0.565078 0.498602 0.567456 0.500606 0.567901 0.509574 0.566125 0.519468 0.561164 0.521690 0.555154 0.522407 0.550070 0.520972 0.548096 0.519167 0.547044 0.523463 0.548242 0.523370 0.549023 0.525130 0.549102 0.527167 0.548997 0.528833 0.549362 0.530083 0.549076 0.531426 0.547904 0.531981 0.547357 0.531704 0.547201 0.533648 0.546393 0.535176 0.545273 0.534991 0.544576 0.536333 0.543320 0.534412 0.541964 0.533301 0.539984 0.537282 0.537198 0.539736 0.533448 0.541542 0.529333 0.541727 0.534727 0.545139 0.532930 0.550000 0.523372 0.543750 0.523745 0.545037 0.523698 0.551347 0.528747 0.562301 0.531797 0.559167 0.533776 0.565046 0.531117 0.567819 0.535128 0.577736 0.535406 0.567324 0.539904 0.563977 0.540810 0.562241 0.542203 0.562796 0.570477 0.542778 0.568141 0.541292 0.567445 0.538255 0.567583 0.534537 0.569570 0.530444 0.571802 0.529514 0.573719 0.531315 0.574906 0.537634 0.574870 0.538875 0.575602 0.539991 0.575672 0.542037 0.575323 0.543398 0.574799 0.544019 0.581982 0.565898 0.583516 0.564843 0.582992 0.562241 0.582992 0.561620 0.584458 0.560755 0.584841 0.558708 0.586375 0.557097 0.588258 0.556412 0.589862 0.553875 0.591117 0.552384 0.592406 0.549907 0.593836 0.549347 0.595997 0.551889 0.597497 0.552694 0.598193 0.551083 0.596729 0.540116 0.595195 0.539370 0.594219 0.536394 0.594534 0.533051 0.595508 0.531870
5 0.452880 0.301574 0.453474 0.303583 0.454776 0.306130 0.455315 0.305347 0.454500 0.303204 0.455552 0.302014
5 0.537453 0.403829 0.535708 0.415259 0.538490 0.412102 0.540844 0.411014 0.540706 0.408287 0.541229 0.404940
5 0.532008 0.402898 0.531849 0.407130 0.529870 0.412870 0.527604 0.413009 0.530258 0.419079 0.532937 0.402898
5 0.465544 0.444671 0.463539 0.447356 0.466003 0.453912 0.468081 0.453755 0.469888 0.454449 0.473174 0.456269 0.475555 0.458306 0.476813 0.459542 0.477594 0.456255 0.479000 0.453569 0.481057 0.450653 0.482411 0.449681 0.482021 0.449120 0.478820 0.450463 0.476216 0.450833 0.472701 0.450324 0.468609 0.448611 0.466276 0.446819 0.465930 0.446324 0.466042 0.445560
5 0.476404 0.234333 0.478583 0.235125 0.478305 0.250042 0.477138 0.254486 0.475940 0.262403 0.475784 0.265181 0.475393 0.265921 0.475104 0.264523 0.474862 0.253338 0.475427 0.244157 0.475992 0.236630
5 0.470643 0.285796 0.470883 0.288634 0.470732 0.291903 0.468714 0.289463 0.470190 0.286463
1 0.465312 0.351551 0.466432 0.350222 0.467974 0.348977 0.466573 0.345662 0.463203 0.348056 0.461667 0.349769 0.459844 0.353287 0.458672 0.357454 0.458698 0.359907 0.459193 0.364167 0.459896 0.368241 0.462109 0.373843 0.462823 0.373023 0.461354 0.368935 0.460286 0.363611 0.460026 0.360139 0.460833 0.357824 0.462552 0.354398 0.463828 0.352639
1 0.451513 0.354032 0.452318 0.355611 0.453490 0.355824 0.454617 0.357764 0.455102 0.360560 0.455143 0.364648 0.454174 0.369019 0.451633 0.375259 0.453732 0.374685 0.455344 0.369093 0.456352 0.363069 0.456271 0.359194 0.455586 0.356616 0.454536 0.355037 0.453005 0.354106
17 0.458768 0.361019 0.457893 0.365088 0.457081 0.371301 0.457081 0.376551 0.457320 0.380731 0.457977 0.382875 0.459128 0.379282 0.460661 0.375810 0.462109 0.373843 0.459896 0.368241 0.459193 0.364167
1 0.537339 0.498037 0.538875 0.500398 0.539917 0.505213 0.539370 0.506648 0.538380 0.502250 0.536258 0.499931 0.535857 0.499273
2 0.544906 0.504912 0.541456 0.500694 0.539224 0.507144 0.539375 0.510046 0.543659 0.513231
17 0.465312 0.351551 0.463828 0.352639 0.462552 0.354398 0.460833 0.357824 0.460026 0.360139 0.460286 0.363611 0.461354 0.368935 0.462823 0.373023 0.465018 0.371412 0.467633 0.370542 0.471885 0.370852 0.470552 0.366653 0.470341 0.362528 0.470214 0.357194 0.470680 0.355449 0.469654 0.355449 0.467555 0.357690
2 0.527659 0.571278 0.535794 0.594523 0.535643 0.598329 0.535029 0.598509 0.530854 0.597148 0.523802 0.575292
2 0.499201 0.570583 0.497839 0.577222 0.496615 0.576898 0.495326 0.575426 0.494271 0.573769 0.494740 0.570093 0.496349 0.570287 0.498188 0.568843 0.498333 0.568611
1 0.498333 0.568611 0.499201 0.570583 0.499956 0.572528 0.501674 0.573176 0.503445 0.575074 0.505164 0.578315 0.506023 0.576370 0.503401 0.572792 0.500930 0.568139 0.499875 0.565954
1 0.493216 0.569704 0.494271 0.573769 0.495326 0.575426 0.497826 0.578319 0.502255 0.580898 0.502016 0.583032 0.500448 0.582449 0.497466 0.580250 0.494331 0.576713 0.492643 0.572963 0.492042 0.569588
5 0.523802 0.575292 0.530854 0.597148 0.527591 0.596042 0.527661 0.594176 0.523786 0.582310 0.522807 0.581148 0.520885 0.579815 0.519687 0.579630
5 0.492643 0.572963 0.496737 0.590773 0.500247 0.592667 0.500797 0.589046 0.501969 0.585296 0.504026 0.582051 0.506211 0.579556 0.508737 0.577977 0.510875 0.577241 0.511367 0.577222 0.511758 0.575463 0.510391 0.575741 0.507620 0.575310 0.503401 0.572792 0.506023 0.576370 0.505164 0.578315 0.503445 0.575074 0.501674 0.573176 0.499956 0.572528 0.499201 0.570583 0.497839 0.577222 0.496615 0.576898 0.497826 0.578319 0.502255 0.580898 0.502016 0.583032 0.500448 0.582449 0.497466 0.580250 0.494331 0.576713
5 0.534055 0.424653 0.537604 0.429745 0.537604 0.429745 0.531492 0.437259 0.531706 0.435690
9 0.476779 0.468259 0.475815 0.469000 0.475529 0.471454 0.476284 0.472981 0.477430 0.473213 0.478680 0.470296 0.477846 0.468398
9 0.476307 0.474676 0.475914 0.476713 0.476187 0.478907 0.477120 0.479764 0.478086 0.479227 0.478568 0.476176 0.477664 0.474352
9 0.499078 0.444847 0.499208 0.442856 0.498531 0.441051 0.497307 0.441417 0.496839 0.442903 0.496891 0.444847 0.497880 0.445815
9 0.524034 0.418551 0.522654 0.418644 0.522214 0.421111 0.523099 0.423380 0.524219 0.425231 0.525078 0.424769 0.525443 0.422130 0.524479 0.420093
9 0.525023 0.416884 0.524034 0.418551 0.524479 0.420093 0.525443 0.422130 0.526953 0.421991 0.527969 0.421111 0.528125 0.419167 0.526641 0.416481
9 0.521898 0.416005 0.522654 0.418644 0.524034 0.418551 0.525023 0.416884 0.524711 0.415218 0.523747 0.413644 0.522523 0.414292
2 0.445547 0.301759 0.448339 0.300949 0.445966 0.303125
9 0.574076 0.505921 0.572904 0.506847 0.572721 0.508282 0.573034 0.509671 0.573555 0.510505 0.574935 0.510505 0.575557 0.508699 0.575531 0.507125 0.575117 0.506431
9 0.569648 0.505366 0.568997 0.506755 0.568997 0.508190 0.569568 0.509856 0.571029 0.510042 0.571706 0.508282 0.571549 0.506292 0.571029 0.505273
9 0.573448 0.501662 0.572617 0.502542 0.572253 0.503838 0.572432 0.505736 0.573344 0.506477 0.574076 0.505921 0.574805 0.506153 0.575091 0.504764 0.574857 0.502125
9 0.550966 0.546144 0.549760 0.547162 0.549490 0.549356 0.550062 0.550912 0.551388 0.551556 0.552563 0.550319 0.552654 0.548769 0.552201 0.546574
9 0.540089 0.539343 0.539245 0.540519 0.539396 0.542231 0.539667 0.544000 0.540932 0.544481 0.541656 0.543838 0.541927 0.541750 0.541867 0.539662 0.541203 0.539394
9 0.548224 0.532912 0.547742 0.534250 0.548104 0.537306 0.549792 0.537199 0.550151 0.535481 0.550052 0.533287 0.549370 0.532644
9 0.551367 0.531750 0.550716 0.533417 0.551003 0.535130 0.551758 0.535963 0.553372 0.535639 0.553633 0.533231 0.553125 0.531667
9 0.547357 0.531704 0.547148 0.529620 0.546367 0.529343 0.544648 0.531241 0.544518 0.533463 0.545273 0.534991 0.546393 0.535176 0.547201 0.533648
9 0.554753 0.530361 0.553945 0.531657 0.554023 0.533000 0.554909 0.533278 0.555872 0.532676 0.556029 0.531241 0.555768 0.530361
5 0.493216 0.569704 0.494740 0.570093 0.494271 0.573769
9 0.545664 0.530176 0.545352 0.528370 0.545612 0.526241 0.546445 0.524898 0.547044 0.523463 0.548242 0.523370 0.549023 0.525130 0.549102 0.527167 0.548997 0.528833 0.549362 0.530083 0.549076 0.531426 0.547904 0.531981 0.547357 0.531704 0.547148 0.529620 0.546367 0.529343
9 0.584255 0.505042 0.583344 0.506199 0.583190 0.508375 0.583995 0.509532 0.585221 0.509394 0.585818 0.508190 0.585612 0.505736 0.585143 0.505319
9 0.575437 0.488926 0.575307 0.490593 0.576245 0.492352 0.577521 0.492120 0.577885 0.490875 0.577885 0.488370 0.577365 0.487769 0.576544 0.487963
9 0.548609 0.489602 0.547776 0.491130 0.547776 0.493120 0.548349 0.494926 0.549625 0.495296 0.550302 0.494093 0.550693 0.492009 0.550146 0.490204 0.549521 0.489787
9 0.538479 0.483491 0.537229 0.484370 0.537464 0.488259 0.538958 0.488241 0.539755 0.487704 0.539703 0.484278
9 0.548479 0.499694 0.548844 0.497194 0.549833 0.496315 0.551083 0.496731 0.551474 0.497796 0.551552 0.499324 0.551448 0.500065
9 0.552932 0.496269 0.552906 0.499926 0.554990 0.499972 0.554964 0.496176
9 0.552880 0.493861 0.552932 0.496269 0.554964 0.496176 0.555016 0.493907
9 0.555016 0.493907 0.555078 0.491852 0.553464 0.491481 0.552917 0.492130 0.552880 0.493861
9 0.553870 0.486824 0.553219 0.487287 0.552698 0.488491 0.552776 0.490204 0.553464 0.491481 0.555078 0.491852 0.555068 0.490065 0.555354 0.488120 0.554911 0.486778
9 0.543388 0.480116 0.542503 0.481829 0.542398 0.483588 0.543284 0.485162 0.545211 0.484792 0.545523 0.482106 0.544872 0.480440
9 0.545836 0.479699 0.545315 0.481412 0.545523 0.482106 0.545289 0.484236 0.546435 0.484421 0.547656 0.484028 0.547919 0.481690 0.547448 0.479861
9 0.551148 0.479838 0.550758 0.480625 0.550602 0.481875 0.550758 0.483588 0.551799 0.484329 0.552581 0.483958 0.553180 0.482106 0.553023 0.480579 0.552268 0.479560
9 0.547656 0.484028 0.548672 0.484769 0.549687 0.484583 0.550260 0.482685 0.550234 0.480648 0.549531 0.479167 0.548620 0.479398 0.548333 0.480556 0.547760 0.481019 0.547919 0.481690
9 0.542445 0.482528 0.541612 0.482389 0.540727 0.481463 0.540492 0.478778 0.541430 0.477435 0.542497 0.477713 0.542995 0.478889 0.543070 0.480676 0.542503 0.481829
9 0.542995 0.478889 0.543438 0.478056 0.543568 0.476250 0.544687 0.476157 0.545625 0.476991 0.545677 0.478426 0.545286 0.479630 0.544872 0.480440 0.543388 0.480116 0.543070 0.480676
9 0.551247 0.476324 0.549268 0.476231 0.548982 0.477944 0.549112 0.479287 0.549531 0.479167 0.550234 0.480648 0.550758 0.480625 0.551148 0.479838 0.552268 0.479560 0.553023 0.480579 0.553378 0.479444 0.553000 0.477745
9 0.543568 0.476250 0.542917 0.474861 0.541927 0.475926 0.541667 0.477454 0.542497 0.477713 0.542995 0.478889 0.543438 0.478056
9 0.530904 0.489296 0.531555 0.492630 0.533013 0.492630 0.533638 0.491148 0.532727 0.488046
9 0.530883 0.480940 0.530883 0.482514 0.532159 0.483903 0.532888 0.483301 0.533201 0.480986 0.532888 0.479875 0.532107 0.479875
2 0.466797 0.286806 0.468714 0.289463 0.470190 0.286463 0.471245 0.284644 0.472812 0.283468 0.472841 0.281750 0.469966 0.282935 0.468570 0.283991
10 0.418552 0.315407 0.419573 0.327486 0.420427 0.325639 0.420063 0.321241 0.419177 0.316889
9 0.574799 0.544019 0.575323 0.543398 0.575672 0.542037 0.575602 0.539991 0.574870 0.538875 0.574323 0.539167 0.573854 0.541065
9 0.541966 0.498093 0.541732 0.499157 0.542279 0.500593 0.543346 0.500315 0.543737 0.499111 0.543268 0.498046
10 0.451313 0.402884 0.450898 0.404690 0.445924 0.406495 0.449284 0.413949 0.453633 0.412745 0.453841 0.409782 0.453135 0.408625 0.453422 0.406403 0.454414 0.405847 0.453482 0.403301 0.451896 0.403301
1 0.465198 0.418468 0.463294 0.415597 0.462513 0.416755 0.463997 0.419532 0.465521 0.421620 0.467057 0.423009 0.468073 0.423287 0.469536 0.422963 0.469693 0.421407 0.469870 0.420648 0.468880 0.421111 0.467526 0.420278 0.466458 0.419537
2 0.466474 0.415069 0.467526 0.420278 0.468880 0.421111 0.469870 0.420648 0.471052 0.416449 0.468349 0.416370
2 0.465638 0.403495 0.469805 0.414792 0.468323 0.414333 0.465458 0.411690 0.465635 0.407208 0.462299 0.407296 0.462299 0.407296 0.461901 0.398194 0.464466 0.402116
2 0.460745 0.419884 0.454729 0.422662 0.454573 0.425255 0.459313 0.432755 0.460250 0.432569 0.463531 0.429329 0.464625 0.426815 0.465823 0.425718
1 0.476813 0.459542 0.477693 0.460556 0.478115 0.461532 0.479339 0.458060 0.481031 0.455144 0.482437 0.453060 0.483974 0.452227 0.482411 0.449681 0.481057 0.450653 0.479000 0.453569 0.477594 0.456255
1 0.483784 0.464833 0.483497 0.471731 0.483367 0.476639 0.483706 0.481593 0.484878 0.492148 0.483602 0.492194 0.482299 0.482796 0.482906 0.479250 0.482755 0.474481 0.482378 0.472889 0.482586 0.463676
2 0.432479 0.363764 0.433068 0.368903 0.433701 0.378597 0.438688 0.389403 0.443961 0.394130 0.447508 0.400769 0.451896 0.403301 0.453482 0.403301 0.454977 0.404046 0.457258 0.406296 0.456237 0.410634 0.457352 0.415190 0.458766 0.417495 0.462956 0.420319 0.463997 0.419532 0.462513 0.416755 0.463294 0.415597 0.465198 0.418468 0.465635 0.407208 0.461206 0.407366 0.459401 0.403458 0.458253 0.398958 0.457411 0.393657 0.457292 0.389528 0.457411 0.385991 0.445688 0.374856
1 0.476464 0.490412 0.478656 0.490991 0.480826 0.488088 0.482154 0.483644 0.482906 0.479250 0.482755 0.474481 0.481669 0.469981 0.479742 0.464519 0.477693 0.460556 0.475555 0.458306 0.473174 0.456269 0.469888 0.454449 0.468081 0.453755 0.466003 0.453912 0.467388 0.456699 0.468896 0.456593 0.471065 0.457662 0.473836 0.459486 0.476758 0.462481 0.478719 0.465593 0.480344 0.469931 0.481370 0.473574 0.481732 0.478606 0.480797 0.483319 0.480073 0.486319 0.478297 0.488625
2 0.465453 0.333463 0.463711 0.331676 0.462807 0.332264 0.462839 0.333120 0.459633 0.344148 0.458513 0.344657 0.458148 0.347667 0.457747 0.350046 0.457326 0.350852 0.457203 0.355403 0.458672 0.357454 0.459844 0.353287 0.461667 0.349769 0.463203 0.348056 0.466573 0.345662 0.468674 0.344000 0.468953 0.338690 0.467320 0.336449 0.465641 0.335704
10 0.452888 0.342204 0.455789 0.338583 0.462839 0.333120 0.459633 0.344148 0.458513 0.344657 0.458148 0.347667 0.456117 0.349704 0.455930 0.348907 0.454505 0.344074
1 0.450492 0.340847 0.452865 0.340301 0.455789 0.338583 0.462839 0.333120 0.462688 0.331620 0.459284 0.333764 0.456352 0.334713 0.454083 0.337690 0.451995 0.339051 0.450352 0.339921
10 0.451854 0.342769 0.450034 0.345389 0.449068 0.345171 0.448104 0.345546 0.448849 0.346782 0.451513 0.354032 0.454883 0.350532 0.454536 0.348287 0.453315 0.345125
1 0.455411 0.355227 0.456039 0.355787 0.457013 0.353616 0.455930 0.348907 0.454505 0.344074 0.452409 0.341593 0.450492 0.340847 0.450352 0.339921 0.451995 0.339051 0.454083 0.337690 0.456352 0.334713 0.455930 0.333597 0.453943 0.332856 0.453943 0.330625 0.452862 0.329940 0.451542 0.330315 0.451432 0.332046 0.452792 0.331741 0.453214 0.334713 0.454711 0.334898 0.453982 0.336079 0.452586 0.337194 0.449727 0.338806 0.448992 0.340042 0.449586 0.343019 0.451854 0.342769 0.453315 0.345125 0.454536 0.348287 0.455096 0.351569
2 0.498122 0.294801 0.496195 0.295375 0.485563 0.287259 0.485237 0.283213 0.484604 0.280699 0.483693 0.278764 0.488411 0.282565 0.491479 0.285727 0.495573 0.294028
1 0.511284 0.213361 0.512266 0.215394 0.513010 0.219213 0.513057 0.221287 0.513711 0.233481 0.513104 0.234894 0.511750 0.230829 0.511659 0.229250 0.510492 0.227426 0.510724 0.239625 0.509404 0.242056 0.508857 0.241699 0.508951 0.222944 0.508250 0.221704 0.507971 0.217968 0.505776 0.220208 0.505758 0.219167 0.508339 0.216731
1 0.472081 0.264782 0.471922 0.267352 0.471852 0.270944 0.471258 0.274231 0.470667 0.277204 0.469271 0.277574 0.468888 0.276153 0.469656 0.274042 0.469969 0.271315 0.470247 0.266356 0.469701 0.264426 0.471354 0.263352
2 0.512508 0.285440 0.512146 0.296264 0.513682 0.296958 0.514133 0.295620 0.514315 0.293046 0.514706 0.292407 0.514826 0.289889 0.513940 0.288616
2 0.502977 0.266014 0.504401 0.267639 0.505755 0.269537 0.506302 0.270972 0.506302 0.272454 0.505417 0.274352 0.503542 0.275926 0.501302 0.277130 0.498563 0.276778 0.498734 0.267542
13 0.426289 0.243218 0.427799 0.249361 0.429018 0.253528 0.430969 0.261819 0.431310 0.271079 0.431253 0.278991 0.430758 0.284454 0.428466 0.289042 0.427880 0.289315 0.426073 0.292741 0.418458 0.261681 0.420401 0.255917 0.424344 0.237773 0.424505 0.236546
13 0.418794 0.212347 0.417544 0.207398 0.413026 0.202167 0.413148 0.199940 0.411656 0.199009 0.411253 0.200944 0.409719 0.199801 0.404555 0.198079 0.403669 0.196644 0.399526 0.197245 0.398357 0.199324 0.392589 0.201764 0.388474 0.204704 0.387062 0.206713 0.384802 0.205778 0.384117 0.207718 0.385286 0.208505 0.379076 0.216894 0.377380 0.215745 0.376857 0.218042 0.377542 0.219333 0.375768 0.223134 0.374276 0.227435 0.373227 0.231810 0.392888 0.278815 0.394758 0.273611 0.398456 0.267412 0.402323 0.263875 0.405146 0.262208 0.409471 0.259912 0.406203 0.252787 0.406690 0.249685 0.404148 0.247185 0.406914 0.230611 0.403039 0.229532 0.399680 0.225718 0.398141 0.222231 0.397953 0.217505 0.400005 0.214435 0.410089 0.215514 0.412357 0.205903
10 0.392888 0.278815 0.406141 0.311852 0.405052 0.294931 0.411102 0.293139 0.416669 0.292565 0.418448 0.313417 0.419333 0.314944 0.420557 0.318370 0.421208 0.323370 0.426073 0.307796 0.422635 0.310301 0.419354 0.312014 0.420135 0.307986 0.426354 0.304352 0.425440 0.300778 0.425138 0.297352 0.426073 0.292741 0.418458 0.261681 0.415365 0.258616 0.411849 0.259542 0.409862 0.260718 0.409471 0.259912 0.405146 0.262208 0.402323 0.263875 0.398456 0.267412 0.394758 0.273611
10 0.463966 0.236519 0.465380 0.237861 0.466737 0.240269 0.467883 0.243537 0.465714 0.251421 0.464539 0.252963 0.463935 0.250019 0.463031 0.248037 0.463133 0.243458
17 0.434729 0.232171 0.438133 0.231676 0.439206 0.230181 0.440651 0.229931 0.441917 0.230681 0.442893 0.235074 0.443312 0.239722 0.442917 0.244343 0.442638 0.245505 0.441576 0.248898 0.439227 0.260898 0.438081 0.264755 0.437247 0.269991 0.437247 0.272120 0.436729 0.272940 0.436128 0.277106 0.436227 0.280287 0.435529 0.281671 0.435630 0.286403 0.434482 0.288394 0.433214 0.288134 0.430682 0.287977 0.428466 0.289042 0.430758 0.284454 0.431253 0.278991 0.431310 0.271079 0.430969 0.261819 0.429018 0.253528 0.427799 0.249361
1 0.455427 0.384079 0.456130 0.383338 0.457172 0.382690 0.457977 0.382875 0.457693 0.384403 0.456964 0.384495 0.456313 0.384912
1 0.452667 0.381440 0.454594 0.383199 0.456130 0.382319 0.457484 0.381255 0.457320 0.380731 0.457250 0.378338 0.455193 0.380190
1 0.451875 0.380741 0.452727 0.378921 0.457081 0.376551 0.457065 0.372759 0.454956 0.373884 0.452818 0.376134 0.452185 0.376134 0.450604 0.379565
1 0.455951 0.365046 0.457156 0.363065 0.458542 0.361833 0.458768 0.361019 0.458698 0.359907 0.457456 0.360278 0.456372 0.361403 0.456352 0.363069
1 0.454544 0.362588 0.451318 0.366977 0.449841 0.370403 0.449120 0.372389 0.449451 0.378495 0.450604 0.379565 0.450393 0.373509 0.453648 0.367241 0.454763 0.366384 0.455143 0.364648 0.455156 0.362745
5 0.297013 0.203889 0.288721 0.187306 0.294810 0.183389 0.308674 0.177398 0.311911 0.175097 0.316057 0.171644 0.321370 0.171644 0.331484 0.192037 0.343005 0.212407 0.357388 0.241662 0.371185 0.271329 0.373984 0.280079 0.374555 0.283259 0.376224 0.285444 0.376458 0.288046 0.372870 0.284847 0.369734 0.282472 0.366146 0.278491 0.361979 0.280648 0.359266 0.284731 0.335143 0.254995 0.306938 0.217222
5 0.357547 0.158755 0.356435 0.154731 0.355596 0.153046 0.355523 0.149398 0.359219 0.149204 0.362883 0.148806 0.362883 0.147792 0.358784 0.143718 0.358755 0.142060 0.361227 0.140282 0.364388 0.132481 0.363685 0.130005 0.362427 0.128514 0.362516 0.125519 0.365508 0.125852 0.372786 0.132907 0.378664 0.138218 0.384917 0.144190 0.389536 0.148009 0.395753 0.153481 0.403409 0.161954 0.415229 0.173750 0.423760 0.180292 0.433701 0.189894 0.442901 0.199713 0.447419 0.204171 0.447044 0.206278 0.448794 0.213167 0.449609 0.219051 0.456609 0.225056 0.455227 0.227278 0.454115 0.228287 0.453177 0.229907 0.451172 0.228051 0.449734 0.227046 0.447943 0.231296 0.446706 0.239412 0.439331 0.231185 0.439766 0.240181 0.440266 0.249509 0.434219 0.242505 0.424984 0.232806 0.411701 0.218213 0.396148 0.201894 0.379083 0.182597 0.362451 0.164551
5 0.384917 0.144190 0.377315 0.135782 0.371388 0.129644 0.368401 0.126907 0.368401 0.125662 0.370081 0.123171 0.374234 0.120435 0.375401 0.119190 0.376521 0.112801 0.377409 0.110560 0.381047 0.102597 0.383055 0.102264 0.383570 0.102500 0.384411 0.103250 0.410234 0.129417 0.441930 0.159255 0.468906 0.185454 0.466456 0.189551 0.466456 0.189551 0.465057 0.192620 0.463003 0.198014 0.461883 0.200171 0.461229 0.200088 0.460622 0.199009 0.459596 0.200333 0.460016 0.202412 0.458661 0.206560 0.456328 0.208051 0.456281 0.209546 0.454010 0.212546 0.447419 0.204171 0.442901 0.199713 0.433701 0.189894 0.423760 0.180292 0.415229 0.173750 0.403409 0.161954 0.395753 0.153481 0.389536 0.148009
5 0.464870 0.234852 0.462633 0.232213 0.459487 0.232356 0.457607 0.233384 0.456609 0.233602 0.453638 0.235727 0.452146 0.237019 0.450979 0.238903 0.451461 0.240102 0.462190 0.251861 0.474815 0.265917 0.494823 0.288435 0.498818 0.293671 0.507609 0.302417 0.525440 0.323931 0.533424 0.333111 0.534596 0.334616 0.535724 0.338417 0.535951 0.339593 0.531870 0.341514 0.530984 0.342181 0.531474 0.344005 0.539958 0.353324 0.541630 0.352431 0.541044 0.350500 0.541044 0.345296 0.543135 0.343958 0.546984 0.349014 0.548823 0.347676 0.548992 0.343065 0.552003 0.347676 0.554094 0.347227 0.554010 0.342917 0.556518 0.331167 0.559279 0.325815 0.562307 0.327806 0.563315 0.327157 0.562786 0.326019 0.559375 0.322639 0.557318 0.320694 0.553078 0.316412 0.551865 0.314755 0.550130 0.314398 0.547383 0.311681 0.544583 0.314171 0.542344 0.311602 0.540198 0.310602 0.538469 0.311185 0.536695 0.311269 0.514576 0.287454 0.489557 0.260986
5 0.451461 0.240102 0.449839 0.242657 0.446706 0.239412 0.439331 0.231185 0.439766 0.240181 0.440266 0.249509 0.440211 0.252102 0.437727 0.253926 0.434974 0.255463 0.433948 0.257000 0.436797 0.259120 0.445964 0.269815 0.464237 0.290875 0.480622 0.308231 0.488049 0.313931 0.500633 0.331287 0.511859 0.346162 0.517961 0.354032 0.521133 0.351491 0.526328 0.345542 0.531870 0.341514 0.535951 0.339593 0.535724 0.338417 0.534596 0.334616 0.533424 0.333111 0.525440 0.323931 0.507609 0.302417 0.498818 0.293671 0.494823 0.288435 0.474815 0.265917 0.462190 0.251861
