0 0.287862 0.458014 0.283987 0.461083 0.284128 0.469630 0.284362 0.477926 0.275471 0.479736 0.274094 0.480741 0.272156 0.483509 0.270784 0.486398 0.270406 0.488954 0.268096 0.490847 0.266701 0.505773 0.269091 0.527593 0.270826 0.536968 0.274602 0.548139 0.277852 0.553912 0.279974 0.561023 0.281352 0.569685 0.284250 0.578528 0.286956 0.581847 0.290271 0.583343 0.293070 0.584088 0.296617 0.586537 0.299641 0.589023 0.303964 0.588352 0.304812 0.587491 0.304776 0.584912 0.300622 0.580537 0.298685 0.578389 0.299409 0.576523 0.300016 0.577093 0.300016 0.572722 0.303888 0.563759 0.298380 0.553389 0.299385 0.518560 0.303758 0.520333 0.312130 0.519222 0.314820 0.532889 0.318440 0.546222 0.318391 0.551106 0.315453 0.560731 0.311734 0.569343 0.311799 0.572565 0.313112 0.579676 0.316148 0.588741 0.317138 0.590500 0.319482 0.590875 0.320029 0.594037 0.321232 0.595324 0.322258 0.595745 0.323583 0.595528 0.324937 0.594144 0.326294 0.592056 0.327440 0.591032 0.332279 0.587505 0.333904 0.587505 0.335383 0.587074 0.336221 0.585630 0.337099 0.583218 0.338000 0.579866 0.338687 0.576852 0.338807 0.574412 0.340844 0.569301 0.341812 0.566431 0.343060 0.562417 0.343302 0.556037 0.345888 0.551861 0.347904 0.547199 0.349841 0.540894 0.351068 0.534935 0.351536 0.529875 0.352076 0.525426 0.351562 0.518542 0.351844 0.513977 0.351984 0.507921 0.349357 0.489287 0.348133 0.480671 0.346461 0.478315 0.343000 0.478565 0.341516 0.474866 0.339120 0.473222 0.335424 0.472898 0.334930 0.467620 0.334305 0.457907 0.333745 0.456537 0.328849 0.454579 0.327914 0.452338 0.325768 0.450347 0.322469 0.448773 0.319529 0.451009
9 0.585401 0.590856 0.586568 0.592185 0.585378 0.594750 0.584531 0.594801 0.583958 0.594162 0.583807 0.592500 0.584383 0.591856
2 0.557443 0.552741 0.554177 0.558306 0.548315 0.568569 0.551492 0.571750 0.556370 0.562838 0.559771 0.556796
9 0.557542 0.582523 0.559703 0.580671 0.560797 0.582014 0.560328 0.583588 0.557932 0.583449
9 0.551214 0.583588 0.547646 0.580394 0.547047 0.581042 0.550927 0.584894 0.550927 0.584894
10 0.493604 0.442685 0.485680 0.450477 0.484177 0.453569 0.485437 0.459120 0.490062 0.458370 0.493844 0.456130
2 0.562089 0.570449 0.564367 0.563454 0.564885 0.564282 0.562969 0.570171 0.565604 0.569375 0.565242 0.557870 0.560635 0.558606 0.561307 0.570755
10 0.508122 0.425782 0.504891 0.430708 0.501370 0.434120 0.497953 0.436042 0.498227 0.439463 0.499990 0.440384 0.501964 0.439829 0.502117 0.442227 0.500872 0.443704 0.499732 0.444903 0.499628 0.446472 0.498953 0.449148 0.505284 0.445644 0.506581 0.446935 0.507826 0.447579 0.510990 0.445736 0.512443 0.442139 0.512081 0.435773 0.511820 0.431343 0.510471 0.427931
2 0.436930 0.446500 0.435784 0.448750 0.436568 0.451213 0.437893 0.450037 0.437742 0.448324
1 0.452966 0.467273 0.453122 0.469588 0.448930 0.469495 0.448852 0.467602
1 0.455313 0.403676 0.455807 0.406037 0.458437 0.410389 0.459922 0.411546 0.461875 0.412426 0.462057 0.413815 0.460156 0.413815 0.458594 0.413074 0.457031 0.410759 0.455417 0.407889 0.454583 0.405713 0.454435 0.403245
10 0.456221 0.398153 0.456927 0.399167 0.457448 0.400046 0.461484 0.400046 0.461432 0.402037 0.461797 0.405324 0.461901 0.409120 0.461875 0.412426 0.459922 0.411546 0.458437 0.410389 0.455807 0.406037 0.455313 0.403676 0.455078 0.401690 0.455672 0.399926
10 0.506984 0.409954 0.508437 0.414472 0.505221 0.417519 0.505013 0.416870 0.506154 0.413551
2 0.497367 0.516343 0.494060 0.520361 0.501240 0.528676 0.503016 0.525880 0.503281 0.522750
9 0.548065 0.578491 0.551711 0.581167 0.551229 0.581486 0.550146 0.581431 0.547885 0.579556
9 0.553820 0.582343 0.556081 0.582125 0.557526 0.584375 0.555839 0.585449
2 0.584021 0.588690 0.568792 0.579667 0.568469 0.583505 0.583534 0.592819
9 0.564151 0.591894 0.561503 0.592574 0.561815 0.594435 0.562792 0.594681 0.565336 0.594370
9 0.558268 0.586833 0.557380 0.587046 0.556734 0.588338 0.556977 0.589843 0.557703 0.591778 0.558831 0.591491 0.558831 0.587690
9 0.553911 0.588769 0.552378 0.588694 0.551531 0.590778 0.551531 0.592065 0.552297 0.591634 0.553831 0.591204
9 0.552297 0.582241 0.551651 0.582671 0.550927 0.584894 0.551409 0.587046 0.552581 0.587120 0.553385 0.584750 0.553023 0.582889
10 0.419635 0.434958 0.420268 0.433403 0.421714 0.433671 0.422648 0.433352 0.425490 0.437630 0.427404 0.449245 0.426750 0.450653
10 0.423901 0.419954 0.420286 0.419227 0.416818 0.418630 0.413786 0.420796 0.419635 0.434958 0.420268 0.433403 0.421714 0.433671 0.422648 0.433352 0.423823 0.427671 0.422557 0.424190
10 0.421073 0.369394 0.421935 0.367764 0.423685 0.366681 0.422620 0.386764 0.421214 0.405630 0.417445 0.412616 0.418315 0.398611 0.418807 0.392694
2 0.432263 0.453273 0.428289 0.454884 0.429578 0.457736 0.433135 0.455009
1 0.434568 0.459014 0.433661 0.459755 0.433591 0.460810 0.434776 0.462792 0.436031 0.465398 0.436693 0.465088
1 0.428891 0.445856 0.427357 0.449819 0.427323 0.452176 0.428125 0.451681 0.429938 0.445481
1 0.431159 0.445606 0.433948 0.448083 0.434576 0.448023 0.434294 0.446782 0.432169 0.444926
2 0.431052 0.447778 0.437841 0.465745 0.441188 0.464875 0.434844 0.446963 0.434294 0.446782 0.434576 0.448023 0.433948 0.448083
2 0.440766 0.466917 0.438625 0.466111 0.436487 0.466167 0.435583 0.466968 0.435643 0.469324 0.436245 0.470880 0.438776 0.468949 0.441216 0.470880
10 0.454255 0.417764 0.454586 0.406727 0.454583 0.405713 0.455417 0.407889 0.457031 0.410759 0.458594 0.413074 0.460156 0.413815 0.462057 0.413815 0.462031 0.414954 0.463203 0.419583
1 0.459958 0.378921 0.457164 0.387352 0.456094 0.391204 0.455430 0.394356 0.454948 0.397620 0.454917 0.399819 0.455672 0.399926 0.456641 0.395278 0.457891 0.390426 0.461042 0.379315 0.465990 0.379815 0.467896 0.379625 0.467682 0.384519 0.467138 0.389875 0.468516 0.390093 0.469583 0.384704 0.469740 0.381417 0.470776 0.375519 0.471661 0.371352 0.473068 0.367231 0.474292 0.364639 0.476141 0.361630 0.477888 0.360958 0.477552 0.355556 0.452789 0.360806 0.454477 0.363218 0.456826 0.365625 0.456766 0.366644 0.459229 0.368458 0.457198 0.370495 0.454958 0.372625 0.453969 0.373644 0.453318 0.374569 0.455661 0.375912 0.457927 0.378366
1 0.477888 0.360958 0.477552 0.355556 0.482708 0.354954 0.485602 0.363630 0.483956 0.362810 0.482081 0.360819
1 0.485297 0.362282 0.485896 0.360477 0.489490 0.358718 0.491286 0.359505 0.492719 0.360986 0.495141 0.365801 0.497445 0.373505 0.497758 0.376171 0.497654 0.380139 0.497773 0.389171 0.497596 0.395333 0.496112 0.395519 0.495099 0.398204 0.494367 0.397926 0.493924 0.395352 0.494865 0.389245 0.494911 0.383769 0.494865 0.378292 0.494583 0.375139 0.493320 0.371255 0.491273 0.366421 0.486690 0.364338 0.485602 0.363630
10 0.488401 0.359153 0.486625 0.354505 0.493911 0.351157 0.498409 0.363801 0.509469 0.396620 0.509344 0.398264 0.506453 0.403218 0.504424 0.400593 0.502341 0.398782 0.501245 0.398741 0.502289 0.394111 0.501612 0.393324 0.500883 0.394667 0.500180 0.394898 0.499737 0.395685 0.497773 0.389171 0.497654 0.380139 0.497758 0.376171 0.497445 0.373505 0.495141 0.365801 0.492719 0.360986 0.491286 0.359505 0.489490 0.358718
10 0.500648 0.400477 0.503669 0.412884 0.504867 0.411773 0.505492 0.410662 0.506065 0.408347 0.505023 0.403810 0.504086 0.401958 0.502159 0.399968
2 0.480250 0.436250 0.475115 0.436667 0.469188 0.435088 0.466669 0.433681 0.461628 0.427454 0.459911 0.424648 0.460234 0.423569 0.460799 0.423931 0.461201 0.421995 0.462292 0.421565 0.463958 0.422917 0.465391 0.426898 0.467266 0.430185 0.470182 0.432963 0.475089 0.433736 0.477701 0.433903 0.481622 0.432991
2 0.461628 0.427454 0.461956 0.433014 0.463354 0.437495 0.465990 0.441759 0.473518 0.449324 0.475651 0.454167 0.474896 0.456065 0.471146 0.453796 0.468099 0.453796 0.467422 0.451343 0.465651 0.449907 0.464115 0.445880 0.462992 0.443528 0.461216 0.435653 0.460492 0.429708
10 0.462992 0.443528 0.462841 0.449847 0.461758 0.455690 0.460130 0.458954 0.458060 0.463236 0.458182 0.467468 0.460773 0.467736 0.461917 0.467093 0.462292 0.461639 0.466094 0.462287 0.468878 0.462384 0.470578 0.460745 0.472982 0.459324 0.473865 0.458435 0.474896 0.456065 0.471146 0.453796 0.468099 0.453796 0.467422 0.451343 0.465651 0.449907 0.464115 0.445880
2 0.475977 0.559639 0.474792 0.562241 0.474826 0.572532 0.476013 0.573338 0.478695 0.570116 0.478802 0.562306 0.477721 0.559204
1 0.498227 0.439463 0.499990 0.440384 0.501964 0.439829 0.502117 0.442227 0.500872 0.443704 0.499732 0.444903 0.499628 0.446472 0.498953 0.449148 0.505284 0.445644 0.506581 0.446935 0.505823 0.450088 0.504255 0.453889 0.503232 0.452333 0.504073 0.449819 0.503984 0.448963 0.503169 0.450407 0.501242 0.451370 0.499435 0.451907 0.497958 0.451532 0.498047 0.448694 0.498680 0.444944 0.498680 0.442694 0.499073 0.441620 0.498138 0.440870
10 0.497958 0.451532 0.499435 0.451907 0.501242 0.451370 0.503169 0.450407 0.503984 0.448963 0.504073 0.449819 0.503232 0.452333 0.504237 0.453856 0.504872 0.455458 0.504638 0.458148 0.502003 0.461245 0.502003 0.459593 0.501305 0.458560 0.502674 0.455338 0.499948 0.457361 0.497995 0.457731
2 0.505823 0.450088 0.510583 0.448102 0.511245 0.451852 0.504828 0.454370
2 0.498997 0.407403 0.502750 0.411634 0.501336 0.415218 0.497385 0.420963 0.497706 0.411273
1 0.501245 0.398741 0.502341 0.398782 0.504424 0.400593 0.506453 0.403218 0.506927 0.406250 0.506984 0.409954 0.506154 0.413551 0.505013 0.416870 0.503635 0.418995 0.503393 0.421227 0.502380 0.422157 0.497917 0.426870 0.495417 0.429074 0.493125 0.430231 0.490417 0.431343 0.487214 0.431759 0.485417 0.430556 0.483177 0.425926 0.483984 0.424954 0.485625 0.428102 0.488464 0.429676 0.493359 0.428426 0.495469 0.426574 0.497943 0.424537 0.501797 0.420370 0.502969 0.418056 0.504375 0.415787 0.505573 0.411991 0.506065 0.408347 0.505023 0.403810 0.504086 0.401958 0.502159 0.399968 0.500648 0.400477
2 0.495081 0.403565 0.492419 0.407384 0.491385 0.409028 0.489695 0.409565 0.487497 0.411009 0.485130 0.411574 0.483177 0.425926 0.483984 0.424954 0.489708 0.421722 0.490734 0.417306 0.492841 0.409144 0.495865 0.404727
1 0.475609 0.556426 0.477328 0.557398 0.477641 0.558602 0.476495 0.558278 0.475453 0.557444
2 0.493924 0.395352 0.491555 0.396833 0.491633 0.398454 0.490563 0.398204 0.489266 0.396921 0.489146 0.398685 0.489839 0.399866 0.488839 0.400032 0.485026 0.402176 0.485130 0.411574 0.487497 0.411009 0.489695 0.409565 0.491385 0.409028 0.492419 0.407384 0.495081 0.403565 0.492911 0.402685 0.492320 0.399463 0.493297 0.399463 0.494367 0.397926
2 0.466245 0.475389 0.450917 0.482458 0.442099 0.486315 0.442242 0.488755 0.451062 0.484903 0.467161 0.476861
1 0.457357 0.522199 0.458888 0.520102 0.461833 0.516333 0.463659 0.515495 0.466313 0.515074 0.469612 0.516440 0.471497 0.518426 0.470789 0.518324 0.467372 0.516440 0.464307 0.516750 0.460831 0.519685 0.458299 0.523037
1 0.462388 0.518731 0.462654 0.535787 0.463573 0.542134 0.464672 0.540884 0.463529 0.533449 0.463221 0.518037
2 0.463859 0.490588 0.461786 0.490736 0.458604 0.488315 0.457154 0.487255 0.455081 0.487403 0.454995 0.489069 0.455221 0.490435 0.457378 0.491769 0.459714 0.493625 0.463320 0.494074
2 0.462247 0.524671 0.459518 0.524907 0.461589 0.531713 0.462557 0.531949
2 0.463568 0.524514 0.464448 0.524907 0.464536 0.532806 0.463745 0.532417
9 0.473755 0.534685 0.473831 0.532792 0.472919 0.531912 0.471930 0.532792 0.471776 0.535361 0.472424 0.536782 0.473375 0.537185
1 0.474935 0.531236 0.474250 0.536713 0.471091 0.543343 0.471586 0.544556 0.472729 0.542324 0.474706 0.537458 0.475352 0.531843
1 0.471354 0.548199 0.472474 0.548662 0.474401 0.550931 0.475156 0.552968 0.475547 0.556162 0.474646 0.561898 0.473320 0.567042 0.471352 0.572227 0.470674 0.571069 0.472055 0.567319 0.473357 0.562181 0.474060 0.552829 0.471195 0.549218
9 0.472419 0.559958 0.471612 0.560236 0.472367 0.562644 0.472940 0.562736
9 0.499951 0.535167 0.500417 0.534588 0.502844 0.540315 0.502563 0.541722 0.502049 0.541227 0.501747 0.540884 0.500935 0.537556
2 0.518263 0.573722 0.518156 0.569880 0.515833 0.567579 0.513727 0.571704 0.513727 0.574106 0.516266 0.574778
2 0.516482 0.577755 0.506815 0.575065 0.504656 0.579963 0.505195 0.582843 0.515185 0.582648
9 0.508242 0.582917 0.508424 0.584769 0.513294 0.584171 0.513294 0.582685
10 0.478865 0.564977 0.480375 0.565162 0.482068 0.566644 0.483214 0.569560 0.483318 0.573681 0.482609 0.577722 0.478937 0.582028 0.476034 0.583389 0.473411 0.582745 0.471839 0.580449 0.470589 0.573921 0.471352 0.572227 0.473331 0.567972 0.474823 0.566681 0.474826 0.572532 0.476013 0.573338 0.478695 0.570116
9 0.502914 0.549472 0.505779 0.550264 0.504729 0.553417 0.502914 0.555282 0.501060 0.555926 0.500292 0.554352 0.501865 0.553634
9 0.502349 0.543093 0.503922 0.547324 0.503964 0.548972 0.502914 0.549472 0.502026 0.551694 0.498060 0.554657 0.498060 0.552329 0.499997 0.550106 0.501747 0.543995
9 0.506828 0.544667 0.507513 0.548755 0.509852 0.547824 0.509570 0.544810
9 0.508159 0.558509 0.507513 0.554995 0.506464 0.554634 0.506263 0.556213 0.506948 0.558940
9 0.492367 0.524306 0.494221 0.523444 0.496159 0.524588 0.498336 0.527028 0.498456 0.527889 0.495714 0.529394 0.494141 0.528819
9 0.490430 0.518134 0.491076 0.516917 0.494060 0.520361 0.493898 0.522296 0.492609 0.523657
9 0.489422 0.513620 0.493576 0.512255 0.494383 0.515769 0.491680 0.516343 0.490229 0.516273
9 0.498539 0.514620 0.499682 0.513708 0.500526 0.513764 0.500919 0.516764 0.499081 0.516977
9 0.499383 0.517727 0.500437 0.517407 0.502424 0.517458 0.503661 0.517782 0.503570 0.520245 0.503180 0.521477 0.502576 0.521907 0.499323 0.518319
9 0.493276 0.499037 0.493729 0.505051 0.492578 0.504056 0.492195 0.499657
1 0.490312 0.503500 0.494810 0.507157 0.494182 0.509264 0.489930 0.505671
9 0.491458 0.511019 0.490258 0.511454 0.490570 0.513074 0.491427 0.512889
9 0.494794 0.503912 0.494810 0.507157 0.494182 0.509264 0.493883 0.512338 0.494612 0.512384 0.495133 0.508727 0.495497 0.506319 0.495497 0.503634
9 0.494638 0.498079 0.493570 0.503403 0.494508 0.504005 0.495393 0.500023 0.495263 0.497847 0.494982 0.495949 0.494247 0.496690
9 0.502328 0.512690 0.501997 0.514296 0.503474 0.515310 0.504047 0.513060
9 0.505070 0.513597 0.504318 0.513597 0.504198 0.516491 0.504919 0.516384 0.505253 0.515046
9 0.500763 0.512741 0.502961 0.508079 0.504286 0.508671 0.504891 0.510222 0.504409 0.511347 0.502961 0.511722 0.501818 0.513435
9 0.499227 0.507171 0.500039 0.507065 0.499948 0.512046 0.499315 0.511778
1 0.504286 0.503903 0.504409 0.508190 0.505313 0.508616 0.505130 0.503847
1 0.509953 0.505190 0.507240 0.506366 0.505823 0.507704 0.505281 0.509847 0.505885 0.511134 0.507151 0.511829 0.507872 0.510815 0.506487 0.509847 0.506276 0.508991 0.507812 0.508565 0.509651 0.507278
1 0.498070 0.483162 0.501206 0.490231 0.501477 0.488894 0.498643 0.482412
2 0.500693 0.487125 0.503615 0.485463 0.507411 0.488625 0.507292 0.489213 0.504641 0.487931 0.501477 0.488894
9 0.503615 0.489699 0.502411 0.491144 0.502201 0.492431 0.503044 0.492588 0.503977 0.491306
9 0.506599 0.488894 0.505484 0.488574 0.504760 0.489481 0.505182 0.491088 0.506146 0.491194 0.506750 0.490394
9 0.500146 0.492398 0.500417 0.490185 0.501206 0.490231 0.500839 0.492593 0.500294 0.494417
9 0.509966 0.499653 0.505539 0.502569 0.505539 0.504144 0.505984 0.505810 0.506711 0.505856 0.510383 0.501921
1 0.515021 0.479194 0.513107 0.482185 0.510958 0.487412 0.509792 0.491810 0.510026 0.495042 0.510773 0.495708 0.510867 0.491477 0.511893 0.487079 0.513573 0.483676 0.515206 0.481352
1 0.512544 0.483417 0.511578 0.484060 0.509680 0.486528 0.508536 0.488403 0.507932 0.490810 0.508266 0.492417 0.508445 0.490009 0.509409 0.488403 0.512122 0.484542
9 0.509109 0.489847 0.509922 0.490972 0.509792 0.491810 0.509742 0.493273 0.508867 0.490810
1 0.508234 0.487653 0.507411 0.488625 0.507292 0.489213 0.507000 0.491347 0.507542 0.493972 0.508445 0.496009 0.510435 0.497454 0.512242 0.498579 0.517245 0.501741 0.522935 0.503519 0.527490 0.504458 0.530820 0.503352 0.532885 0.500995 0.533443 0.498514 0.533268 0.495662 0.532711 0.496282 0.532779 0.499194 0.531596 0.501731 0.529643 0.502417 0.526435 0.503222 0.522182 0.502106 0.518766 0.500866 0.515906 0.499565 0.511237 0.496352 0.510773 0.495708 0.510026 0.495042 0.508789 0.493847 0.508266 0.492417 0.507932 0.490810 0.507826 0.489403
1 0.509883 0.497213 0.510299 0.499991 0.511159 0.503046 0.513060 0.506380 0.514102 0.505731 0.513086 0.504343 0.511862 0.502028 0.510898 0.497815 0.510534 0.497676
9 0.512323 0.499866 0.514094 0.500236 0.514146 0.501764 0.512479 0.501764
9 0.514458 0.505236 0.514042 0.502829 0.514797 0.502227 0.515552 0.504588
9 0.517714 0.503986 0.517714 0.502458 0.518495 0.502505 0.518521 0.504032
9 0.512888 0.495847 0.513018 0.497329 0.514633 0.497329 0.514268 0.495199
9 0.516299 0.493162 0.515414 0.493486 0.514997 0.494273 0.514997 0.495523 0.515961 0.495708 0.516560 0.495060
9 0.516664 0.497375 0.516716 0.498394 0.517497 0.498440 0.517497 0.497375
9 0.516482 0.495755 0.515076 0.497005 0.514997 0.497884 0.515883 0.497560 0.516612 0.496218
1 0.518643 0.500338 0.519398 0.494134 0.519841 0.494227 0.519737 0.498208 0.519477 0.500431
1 0.520164 0.497278 0.523602 0.495843 0.529029 0.495347 0.531529 0.495579 0.531529 0.496829 0.527414 0.497014 0.524497 0.497431 0.520357 0.498866
2 0.524367 0.495579 0.524393 0.493079 0.526685 0.492338 0.527674 0.490208 0.528404 0.490579 0.528664 0.492662 0.527570 0.495255
2 0.527362 0.489560 0.526815 0.488125 0.525279 0.487338 0.524341 0.488912 0.523977 0.491227 0.523977 0.492338 0.525799 0.492153 0.526424 0.491366
2 0.529336 0.489306 0.529049 0.492593 0.531185 0.495463 0.531992 0.494861 0.531159 0.490926 0.530352 0.489491
1 0.515711 0.480407 0.517096 0.479282 0.519958 0.477463 0.523333 0.477782 0.525893 0.479014 0.529180 0.483944 0.531141 0.488894 0.531505 0.490509 0.531159 0.490926 0.530352 0.489491 0.528953 0.485653 0.526609 0.482454 0.524266 0.479722 0.521401 0.478843 0.519109 0.479032 0.516971 0.481069
9 0.523016 0.479310 0.523276 0.481301 0.523875 0.481486 0.523797 0.479634
1 0.523120 0.482134 0.526089 0.483940 0.528536 0.486023 0.529109 0.486532 0.529240 0.487644 0.527495 0.486162 0.525099 0.484310 0.522911 0.484079
1 0.531513 0.492606 0.531878 0.491588 0.532190 0.491866 0.532867 0.493764 0.532867 0.494921 0.532451 0.495847 0.532268 0.498347 0.532086 0.499319 0.531617 0.501264 0.531096 0.501773 0.531148 0.500384 0.531487 0.499458 0.531721 0.497560 0.531992 0.494861
9 0.533453 0.494968 0.533583 0.496495 0.534755 0.496356 0.534521 0.494875 0.534208 0.494366
1 0.535146 0.498069 0.534911 0.501125 0.533404 0.504042 0.531135 0.507838 0.531240 0.509088 0.532883 0.507005 0.533924 0.505384 0.535227 0.502560 0.535719 0.501542 0.535878 0.498208
9 0.531956 0.508926 0.532008 0.510222 0.533362 0.510500 0.533180 0.508278
10 0.534122 0.513148 0.534937 0.512773 0.535932 0.513523 0.537227 0.512454 0.537680 0.512773 0.537648 0.521343 0.537076 0.521130
9 0.537234 0.500259 0.536818 0.501833 0.538484 0.501880 0.538693 0.500352
5 0.568818 0.631028 0.566237 0.627185 0.565542 0.625759 0.564565 0.622722 0.564495 0.620491 0.566099 0.616648 0.567242 0.615329 0.569307 0.615273 0.571495 0.615690 0.574099 0.617310 0.579698 0.622079
5 0.567242 0.615329 0.566565 0.614866 0.564898 0.614356 0.561565 0.614773 0.558023 0.616347 0.555107 0.619310 0.553284 0.622921 0.552232 0.627745 0.551659 0.631546 0.552112 0.635995 0.553047 0.639315 0.554549 0.642296 0.568818 0.631028 0.566237 0.627185 0.565542 0.625759 0.564565 0.622722 0.564495 0.620491 0.566099 0.616648
5 0.536643 0.629593 0.535081 0.626907 0.533596 0.624778 0.532138 0.623389 0.528883 0.622000 0.525471 0.622139 0.522565 0.622856 0.519805 0.624477 0.518034 0.626190 0.515820 0.629292 0.514060 0.632625 0.512914 0.636282 0.512497 0.639431 0.512602 0.643042 0.514281 0.647722 0.516872 0.652167 0.519435 0.654755 0.521883 0.655218 0.523914 0.656606 0.527039 0.656560 0.529904 0.655912 0.533018 0.654208 0.534997 0.652449 0.536404 0.650458 0.537888 0.647958 0.538643 0.645505 0.539151 0.642375 0.539289 0.638861 0.538143 0.637898 0.538326 0.635005
5 0.545240 0.486907 0.547779 0.486597 0.549000 0.487093 0.550500 0.489139 0.551440 0.491620 0.551859 0.493972 0.551964 0.498065 0.551893 0.500296 0.551023 0.503148 0.548352 0.507583 0.544576 0.511931 0.543688 0.513671 0.542237 0.518472 0.541268 0.521273 0.541589 0.523065 0.539492 0.524931 0.541693 0.512213 0.543820 0.505551
5 0.496620 0.478657 0.495747 0.483060 0.492784 0.488204 0.488880 0.492727 0.485708 0.494773 0.485289 0.496324 0.484487 0.497255 0.485742 0.502458 0.487904 0.502148 0.490378 0.500597 0.492646 0.498616 0.494982 0.495949 0.496794 0.492852 0.497875 0.490250 0.498154 0.487148 0.497943 0.483926
5 0.485883 0.462977 0.488844 0.463227 0.491250 0.464898 0.493794 0.467440 0.495677 0.471097 0.496445 0.472278 0.496620 0.478657 0.495747 0.483060 0.492784 0.488204 0.488880 0.492727 0.485708 0.494773 0.486125 0.491611 0.486125 0.488884 0.486091 0.486903 0.487659 0.483991 0.488914 0.480269 0.489542 0.475931 0.489159 0.470602 0.488357 0.467690
5 0.509026 0.414051 0.509810 0.415227 0.510352 0.417907 0.509750 0.421977 0.508122 0.425782 0.504891 0.430708 0.501370 0.434120 0.497953 0.436042 0.497917 0.426870 0.502380 0.422157 0.503393 0.421227 0.503635 0.418995
5 0.468878 0.462384 0.467195 0.465944 0.466753 0.468440 0.466544 0.471176 0.466596 0.473074 0.467161 0.476861 0.468068 0.479588 0.469112 0.481759 0.471169 0.479898 0.474552 0.478102 0.477375 0.477542 0.479990 0.477917 0.482326 0.479032 0.484417 0.482255 0.486091 0.486903 0.487659 0.483991 0.488914 0.480269 0.489542 0.475931 0.489159 0.470602 0.488357 0.467690 0.485883 0.462977 0.484312 0.460005 0.482779 0.458519 0.480932 0.457713 0.478875 0.457773 0.475982 0.458394 0.472982 0.459324 0.470578 0.460745
5 0.539779 0.554991 0.536503 0.554931 0.536641 0.566458 0.537966 0.566208 0.540302 0.563296
5 0.453508 0.466870 0.454341 0.469028 0.455516 0.470829 0.457388 0.472083 0.460359 0.473704 0.462693 0.473722 0.464331 0.473722 0.466596 0.473074 0.466544 0.471176 0.466753 0.468440 0.467195 0.465944 0.468878 0.462384 0.466094 0.462287 0.462292 0.461639 0.461917 0.467093 0.460773 0.467736 0.458182 0.467468 0.458060 0.463236
5 0.445315 0.494486 0.446779 0.493194 0.448419 0.492204 0.451138 0.490898 0.454555 0.490528 0.457378 0.491769 0.459714 0.493625 0.461388 0.495736 0.462711 0.498338 0.463339 0.502116 0.463583 0.503972 0.463607 0.506630 0.462979 0.507875 0.462956 0.509222 0.462484 0.510838 0.460966 0.515343 0.458888 0.517755 0.456357 0.519843
5 0.536607 0.556231 0.532737 0.556231 0.532562 0.567694 0.534341 0.568440 0.536258 0.566889
8 0.515169 0.557963 0.495846 0.560949 0.487000 0.562546 0.485753 0.565657 0.486419 0.567005 0.515823 0.564185
8 0.497917 0.426870 0.497953 0.436042 0.497953 0.436042 0.498227 0.439463 0.498138 0.440870 0.497760 0.445556 0.497656 0.450787 0.497839 0.458935 0.497526 0.460509 0.497083 0.461296 0.496198 0.460972 0.495521 0.460231 0.495367 0.443495 0.496359 0.428338
8 0.495417 0.429074 0.495156 0.433907 0.493604 0.442685 0.493844 0.456130 0.494174 0.457528 0.494130 0.461014 0.494328 0.462486 0.495026 0.463037 0.495578 0.462407 0.495367 0.443495 0.496359 0.428338
8 0.497706 0.411273 0.497385 0.420963 0.497943 0.424537 0.496286 0.425699 0.496286 0.419250 0.496776 0.414481
5 0.493125 0.430231 0.490417 0.431343 0.487214 0.431759 0.485417 0.430556 0.483177 0.425926 0.482552 0.428519 0.481622 0.432991 0.480250 0.436250 0.477365 0.444120 0.477102 0.445815 0.477430 0.447509 0.485289 0.442833 0.486174 0.444181 0.487523 0.444236
5 0.492911 0.402685 0.492320 0.399463 0.493297 0.399463 0.494367 0.397926 0.495099 0.398204 0.496112 0.395519 0.497596 0.395333 0.499737 0.395685 0.500180 0.394898 0.500883 0.394667 0.501612 0.393324 0.502289 0.394111 0.501245 0.398741 0.500648 0.400477 0.498198 0.407116 0.495643 0.416042 0.494909 0.420750 0.494203 0.425102 0.493359 0.428426 0.488464 0.429676 0.485625 0.428102 0.483984 0.424954 0.489708 0.421722 0.490734 0.417306 0.492841 0.409144 0.495865 0.404727 0.495081 0.403565
16 0.427029 0.446491 0.425490 0.437630 0.422648 0.433352 0.423823 0.427671 0.422557 0.424190 0.423901 0.419954 0.424922 0.418500 0.424445 0.415227 0.423151 0.408199 0.423628 0.405292 0.424172 0.404319 0.424922 0.403958 0.430029 0.404264 0.433435 0.404208 0.434549 0.404532 0.436719 0.407583 0.439099 0.410852 0.440062 0.414440 0.440484 0.419264 0.440456 0.422421 0.438526 0.425264 0.437232 0.429227 0.436117 0.435602 0.436206 0.438977 0.436086 0.443690 0.434112 0.444144
16 0.437727 0.363917 0.437388 0.366046 0.439263 0.376231 0.439971 0.381750 0.437682 0.382514 0.435211 0.383532 0.434036 0.384926 0.431958 0.387444 0.431023 0.390870 0.430299 0.396014 0.430029 0.404264 0.424922 0.403958 0.424172 0.404319 0.423628 0.405292 0.423151 0.408199 0.424445 0.415227 0.424922 0.418500 0.423901 0.419954 0.420286 0.419227 0.416818 0.418630 0.417445 0.412616 0.421214 0.405630 0.422620 0.386764 0.423685 0.366681 0.428740 0.365782
5 0.538010 0.567079 0.530992 0.570440 0.524997 0.573509 0.523430 0.582532 0.522784 0.590120 0.523430 0.600102 0.525482 0.598949 0.538227 0.590597 0.536716 0.573796
9 0.539109 0.497204 0.538198 0.498037 0.537807 0.499796 0.539214 0.499519
9 0.518813 0.474148 0.517484 0.475907 0.516391 0.478685 0.516651 0.479241 0.519828 0.476972 0.519984 0.475815
9 0.520792 0.470259 0.519047 0.471787 0.519802 0.474843 0.521807 0.473269 0.521990 0.472528 0.521182 0.472111
1 0.523539 0.469926 0.522083 0.473690 0.520130 0.476185 0.520784 0.477532 0.522995 0.474384 0.526617 0.471000 0.526669 0.469431 0.524401 0.471653
9 0.523784 0.474241 0.523029 0.475491 0.522534 0.476000 0.522326 0.476509 0.523081 0.476926 0.523333 0.477782 0.524018 0.478083 0.524331 0.474750
9 0.525086 0.477065 0.524617 0.477250 0.524487 0.478130 0.525372 0.478639 0.525398 0.477620
9 0.524930 0.474843 0.524383 0.475213 0.524435 0.476509 0.524930 0.476417 0.525294 0.475861
9 0.523174 0.468907 0.523836 0.467088 0.523896 0.465370 0.524107 0.465157 0.524891 0.466120 0.525102 0.468370 0.524378 0.470727
9 0.524680 0.470620 0.525102 0.468370 0.525344 0.466870 0.526005 0.467194 0.526307 0.467995 0.525917 0.470194 0.524922 0.471157
9 0.513130 0.449810 0.513286 0.451986 0.513885 0.451569 0.514328 0.451106 0.513651 0.449116
9 0.519570 0.456120 0.519596 0.459083 0.521211 0.459083 0.521237 0.456444
9 0.517721 0.456167 0.516185 0.456398 0.516081 0.458806 0.518008 0.459083 0.518529 0.457833
9 0.516211 0.462139 0.515143 0.461676 0.514753 0.462694 0.514753 0.465148 0.515742 0.465565 0.516315 0.465194
9 0.519977 0.461347 0.519276 0.461440 0.518570 0.461949 0.518596 0.463755 0.519378 0.465051 0.520914 0.464773 0.520839 0.463199
9 0.518471 0.471079 0.517560 0.469551 0.516622 0.470060 0.516258 0.471912 0.517273 0.473718 0.518029 0.473579 0.518576 0.472745
9 0.512435 0.471542 0.511411 0.472185 0.511169 0.474273 0.512164 0.474384 0.513760 0.474222 0.513279 0.472134
10 0.537721 0.523046 0.537648 0.521343 0.537680 0.512773 0.539953 0.501181 0.542109 0.501819 0.543820 0.505551 0.541693 0.512213 0.539492 0.524931 0.539234 0.528014 0.538096 0.527694
9 0.539253 0.529153 0.537815 0.528514 0.538055 0.534477 0.539672 0.532986
9 0.543086 0.525745 0.542427 0.525426 0.541049 0.526065 0.541469 0.529472 0.543266 0.527769
1 0.560974 0.546815 0.557885 0.545620 0.556185 0.543708 0.553948 0.542519 0.549518 0.542833 0.547417 0.544667 0.545089 0.550074 0.543659 0.557310 0.543479 0.564231 0.544776 0.569958 0.545448 0.568926 0.544284 0.561370 0.544732 0.556199 0.546344 0.551347 0.548937 0.545380 0.550503 0.544190 0.553815 0.543870 0.555828 0.544745 0.557885 0.546255 0.560750 0.547528
1 0.543391 0.558185 0.542674 0.560255 0.542227 0.564231 0.542807 0.568764 0.545935 0.575597 0.549716 0.579560 0.553958 0.581120 0.557328 0.581213 0.561518 0.579005 0.563641 0.576889 0.562503 0.576523 0.559292 0.579185 0.554737 0.580023 0.548992 0.576426 0.545312 0.572560 0.543604 0.567963 0.543036 0.563356 0.543294 0.559866
1 0.564367 0.563454 0.562089 0.570449 0.558776 0.575144 0.555513 0.579653 0.556911 0.579838 0.559914 0.576157 0.561935 0.572384 0.562969 0.570171 0.564885 0.564282
9 0.554445 0.570352 0.553344 0.569875 0.552409 0.571718 0.554312 0.574213 0.556552 0.577898 0.558776 0.575144 0.558255 0.574926 0.557320 0.574690 0.556250 0.573856 0.555115 0.572194
9 0.548315 0.568569 0.545523 0.564833 0.545758 0.562454 0.547362 0.560852 0.550435 0.564477
1 0.559297 0.552269 0.555484 0.551347 0.551323 0.550782 0.551469 0.552731 0.557443 0.552741 0.560135 0.553194
9 0.561146 0.548778 0.560104 0.547699 0.559122 0.548060 0.558862 0.548778 0.559094 0.550162 0.559786 0.550833 0.560740 0.550676
9 0.553107 0.544356 0.551753 0.544495 0.550971 0.545236 0.551073 0.547644 0.551854 0.548338 0.553208 0.548199
9 0.554432 0.544634 0.554148 0.545421 0.554198 0.546718 0.554617 0.547134 0.555711 0.547644 0.556102 0.547181 0.556151 0.545699
9 0.550396 0.549819 0.550083 0.549958 0.549120 0.551347 0.549148 0.552412 0.549982 0.552319 0.550943 0.551949 0.550865 0.550144
9 0.548312 0.551671 0.547586 0.551810 0.546987 0.552829 0.546958 0.555514 0.547508 0.556394 0.548729 0.556394 0.549331 0.554449 0.549070 0.552968
9 0.551013 0.537227 0.550299 0.537630 0.549818 0.537083 0.549323 0.538380 0.550208 0.540046 0.550781 0.540000 0.551536 0.538796
9 0.543378 0.554542 0.541766 0.554468 0.541120 0.555329 0.540878 0.556477 0.541161 0.558199 0.542734 0.559060 0.543339 0.556477
9 0.542591 0.533481 0.541682 0.533889 0.541083 0.535306 0.541312 0.536819 0.541823 0.537833 0.542706 0.538032 0.543417 0.537426 0.543729 0.535306
9 0.543560 0.528426 0.542422 0.529083 0.541682 0.530755 0.542138 0.531917 0.543161 0.532019 0.543672 0.530347
9 0.545721 0.527819 0.544411 0.527616 0.544128 0.528426 0.543815 0.530148 0.544469 0.531662 0.545664 0.531509 0.546289 0.529741
9 0.546576 0.531463 0.545323 0.532319 0.544982 0.533991 0.545607 0.535505 0.547029 0.535356 0.546802 0.533333 0.547029 0.531764
9 0.545237 0.536060 0.544727 0.536315 0.543701 0.538032 0.544924 0.539856 0.545948 0.537681 0.546063 0.536671
9 0.543786 0.539551 0.542831 0.540926 0.543047 0.543144 0.543758 0.543949 0.544641 0.541676
9 0.547542 0.539046 0.546630 0.538134 0.545721 0.538894 0.545607 0.540106 0.546177 0.541880 0.546945 0.541829 0.547484 0.540713
9 0.547258 0.533079 0.548167 0.533130 0.548367 0.535153 0.547940 0.535861 0.547484 0.536014 0.547029 0.535356 0.546802 0.533333
9 0.550586 0.533787 0.549477 0.535708 0.550299 0.537630 0.551013 0.537227 0.552008 0.535606
9 0.548849 0.536213 0.547628 0.536620 0.547229 0.537528 0.548167 0.539250 0.549276 0.537833
9 0.549589 0.538894 0.548479 0.539250 0.547969 0.541120 0.548339 0.542486 0.548964 0.542889 0.549875 0.542486 0.550130 0.540764
9 0.551438 0.537227 0.551438 0.540157 0.552464 0.540565 0.553516 0.539449 0.553232 0.536468
9 0.554307 0.538111 0.553516 0.539449 0.552849 0.540889 0.553318 0.542046 0.555583 0.540704 0.555453 0.539685
9 0.558995 0.543204 0.557589 0.541537 0.556521 0.541630 0.556625 0.542463 0.557432 0.544315 0.558188 0.545333
9 0.568615 0.566519 0.570844 0.570801 0.573617 0.571394 0.575214 0.570801 0.574943 0.568125 0.573526 0.568181 0.571086 0.566250
2 0.540302 0.563296 0.542227 0.564231 0.542807 0.568764 0.545935 0.575597 0.547143 0.577144 0.547544 0.579440 0.546859 0.580370 0.545005 0.581088 0.545609 0.584171 0.542060 0.583815 0.540445 0.579366 0.541034 0.583111 0.540008 0.583208 0.538187 0.582449 0.537422 0.580727 0.536716 0.573796 0.538753 0.574204 0.541495 0.570690 0.538872 0.567245 0.537966 0.566208
2 0.418437 0.299333 0.425836 0.280468 0.427763 0.281718 0.428362 0.283245 0.422031 0.298611
2 0.550794 0.532912 0.551872 0.529931 0.553909 0.530782 0.559240 0.540366 0.561740 0.540310 0.567852 0.545468 0.567773 0.547394 0.565182 0.548495 0.558646 0.542236
2 0.548352 0.507583 0.544576 0.511931 0.543688 0.513671 0.542237 0.518472 0.541268 0.521273 0.541589 0.523065 0.539492 0.524931 0.545583 0.525245 0.547320 0.525884 0.547560 0.531102 0.550794 0.532912 0.551872 0.529931 0.553909 0.530782 0.559240 0.540366 0.563552 0.538343 0.562174 0.529079 0.562174 0.522796 0.560438 0.512574 0.558820 0.505440 0.557742 0.503204 0.556904 0.502671 0.555526 0.505653
2 0.464719 0.518912 0.470789 0.518324 0.471497 0.518426 0.470641 0.571824 0.470346 0.574023 0.463573 0.542134 0.464672 0.540884
9 0.506576 0.572181 0.505846 0.575190 0.507669 0.575236 0.508138 0.572551
9 0.507878 0.575282 0.511523 0.571486 0.512617 0.572134 0.509154 0.575653
2 0.519081 0.586356 0.513326 0.594606 0.515315 0.599856 0.517604 0.599157 0.521794 0.591981
9 0.519776 0.574551 0.518398 0.574227 0.516836 0.575986 0.517122 0.577329 0.517953 0.578486 0.519544 0.578208 0.520378 0.576681
9 0.522617 0.577468 0.521107 0.578856 0.522148 0.580616 0.523711 0.580338
9 0.541034 0.583111 0.540008 0.583208 0.538875 0.585509 0.538497 0.589157 0.540388 0.592037 0.542115 0.591463 0.543250 0.588773
2 0.537773 0.592977 0.538422 0.616690 0.534641 0.613426 0.534156 0.594421
1 0.533831 0.602389 0.523518 0.602773 0.517630 0.602676 0.505055 0.604778 0.478411 0.612907 0.478664 0.613468 0.509029 0.604806 0.523857 0.604125 0.534042 0.604463
1 0.538294 0.602051 0.547909 0.604375 0.568352 0.613005 0.580294 0.621037 0.580406 0.622190 0.579698 0.622079 0.574099 0.617310 0.571495 0.615690 0.569307 0.615273 0.564315 0.612296 0.548482 0.605389 0.538570 0.603810
1 0.537026 0.629574 0.539255 0.627218 0.541727 0.627593 0.542810 0.628611 0.542385 0.631824 0.541516 0.632949 0.539495 0.634394 0.538169 0.634181 0.537719 0.632681 0.539857 0.632894 0.541214 0.631181 0.541727 0.629255 0.540549 0.628236 0.539133 0.628398 0.537206 0.630861
2 0.539977 0.635949 0.552844 0.620630 0.553284 0.622921 0.552232 0.627745 0.550826 0.631769 0.542086 0.642375
1 0.588573 0.616245 0.584911 0.611037 0.583482 0.610912 0.578672 0.615995 0.578393 0.618227 0.580904 0.622194 0.581424 0.620458 0.579753 0.617606 0.584737 0.612278 0.587422 0.617481
9 0.582240 0.600023 0.580521 0.598032 0.579297 0.600810 0.580156 0.601412 0.582318 0.600995
9 0.561714 0.609995 0.561432 0.601681 0.563932 0.605343 0.567885 0.606060 0.568409 0.607273 0.564901 0.610931
9 0.558203 0.608565 0.558284 0.607773 0.558768 0.606843 0.559495 0.606273 0.560625 0.607417 0.560625 0.609718
9 0.538747 0.601898 0.538669 0.599306 0.539320 0.599213 0.540779 0.599954 0.540727 0.602639
9 0.541143 0.602639 0.541664 0.600509 0.542367 0.600417 0.543357 0.601157 0.543669 0.602083 0.543695 0.603194
9 0.547628 0.597269 0.546690 0.597500 0.546273 0.597917 0.545961 0.599861 0.546404 0.600880 0.547159 0.601435 0.548227 0.600602 0.548435 0.598519
9 0.547758 0.594213 0.546664 0.593935 0.545674 0.594722 0.545779 0.596250 0.546716 0.596620 0.547992 0.596667 0.548070 0.595509
1 0.545612 0.606639 0.542893 0.605213 0.541813 0.606019 0.541846 0.606824 0.545542 0.608185
9 0.508339 0.624458 0.508445 0.627912 0.510120 0.627625 0.510120 0.623495
2 0.508424 0.584769 0.494466 0.598162 0.496977 0.602472 0.510862 0.588644
9 0.503102 0.600972 0.501323 0.600972 0.500690 0.605204 0.502497 0.604505
9 0.500688 0.601537 0.497479 0.602218 0.496888 0.603273 0.497969 0.603519 0.500617 0.602653
9 0.489276 0.593190 0.487690 0.596426 0.491375 0.599162 0.492682 0.596843
9 0.485961 0.593852 0.484982 0.594019 0.485589 0.597255 0.486661 0.597009 0.487268 0.596259
2 0.526057 0.549106 0.524518 0.549065 0.524159 0.549431 0.523044 0.549162 0.520995 0.550287 0.519638 0.552644 0.518102 0.554787 0.519820 0.557144 0.521659 0.554944 0.523195 0.554944 0.524823 0.553713 0.525695 0.553287 0.526419 0.550556
2 0.519638 0.552644 0.519036 0.551838 0.517138 0.553551 0.516656 0.555963 0.521898 0.566356 0.524971 0.562069 0.524039 0.558750 0.523857 0.556287 0.522380 0.556176 0.521659 0.554944 0.519820 0.557144 0.518102 0.554787
10 0.461628 0.427454 0.461956 0.433014 0.463354 0.437495 0.465990 0.441759 0.473518 0.449324 0.475852 0.449380 0.485846 0.447278 0.487523 0.444236 0.486174 0.444181 0.485289 0.442833 0.477430 0.447509 0.477102 0.445815 0.477365 0.444120 0.480250 0.436250 0.475115 0.436667 0.469188 0.435088 0.466669 0.433681
10 0.457891 0.390426 0.459062 0.390889 0.461589 0.390750 0.465091 0.389769 0.467138 0.389875 0.469409 0.390019 0.480245 0.387764 0.487641 0.386282 0.488839 0.400032 0.485026 0.402176 0.485130 0.411574 0.484948 0.415972 0.484115 0.418426 0.483776 0.423472 0.482552 0.428519 0.481622 0.432991 0.477701 0.433903 0.475089 0.433736 0.470182 0.432963 0.467266 0.430185 0.465391 0.426898 0.463958 0.422917 0.463203 0.419583 0.462031 0.414954 0.461901 0.409120 0.461797 0.405324 0.461432 0.402037 0.461484 0.400046 0.457448 0.400046 0.456927 0.399167 0.456484 0.397222 0.456641 0.395278
10 0.469112 0.481759 0.471169 0.479898 0.474552 0.478102 0.477375 0.477542 0.479990 0.477917 0.482326 0.479032 0.484417 0.482255 0.486091 0.486903 0.486125 0.488884 0.486125 0.491611 0.485708 0.494773 0.485289 0.496324 0.484487 0.497255 0.485742 0.502458 0.493563 0.529111 0.495185 0.529778 0.497122 0.530778 0.498622 0.532333 0.500935 0.537556 0.501747 0.540884 0.501747 0.543995 0.499997 0.550106 0.498060 0.552329 0.498060 0.554657 0.498935 0.557657 0.498310 0.559880 0.487000 0.562546 0.485753 0.565657 0.480503 0.564213 0.478193 0.560769 0.477068 0.555769 0.476568 0.550773 0.477130 0.545662 0.478568 0.542884 0.470070 0.511227 0.469008 0.511338 0.467508 0.510671 0.465695 0.509231 0.464570 0.507120 0.463583 0.503972 0.463339 0.502116 0.462711 0.498338 0.463195 0.495014 0.464258 0.490903 0.465508 0.487347 0.467070 0.483903
10 0.534122 0.513148 0.530977 0.509000 0.530883 0.507440 0.530193 0.505782 0.529409 0.505301 0.528266 0.506264 0.526969 0.505731 0.524318 0.504708 0.522180 0.504181 0.519193 0.503963 0.516482 0.504181 0.509250 0.508694 0.506914 0.512343 0.504089 0.517514 0.503281 0.522750 0.502716 0.527403 0.505289 0.537949 0.508323 0.543093 0.512755 0.548898 0.515695 0.549565 0.519805 0.548736 0.524518 0.549065 0.526430 0.548819 0.531190 0.546579 0.535008 0.542792 0.536484 0.539741 0.537451 0.536472 0.537362 0.530208 0.537029 0.526023 0.537721 0.523046
10 0.491273 0.366421 0.486690 0.364338 0.483956 0.362810 0.482081 0.360819 0.477888 0.360958 0.476141 0.361630 0.474292 0.364639 0.473068 0.367231 0.471661 0.371352 0.470776 0.375519 0.469740 0.381417 0.469583 0.384704 0.469409 0.390019 0.480245 0.387764 0.487641 0.386282 0.488839 0.400032 0.489839 0.399866 0.489146 0.398685 0.489266 0.396921 0.490563 0.398204 0.491633 0.398454 0.491555 0.396833 0.493924 0.395352 0.494865 0.389245 0.494911 0.383769 0.494865 0.378292 0.494583 0.375139 0.493320 0.371255
10 0.454255 0.417764 0.451633 0.416264 0.448380 0.416532 0.445367 0.417495 0.443318 0.418727 0.441781 0.420440 0.440456 0.422421 0.438526 0.425264 0.437232 0.429227 0.436117 0.435602 0.436206 0.438977 0.436086 0.443690 0.438013 0.449046 0.440576 0.462222 0.441992 0.464204 0.444010 0.465810 0.446661 0.466884 0.451031 0.467366 0.453508 0.466870 0.458060 0.463236 0.460130 0.458954 0.461758 0.455690 0.462841 0.449847 0.462992 0.443528 0.461216 0.435653 0.460492 0.429708 0.459557 0.425315 0.458503 0.422157 0.456878 0.419852
10 0.439971 0.381750 0.441560 0.381380 0.443513 0.381380 0.446273 0.381796 0.449469 0.382977 0.451591 0.384620 0.453310 0.387213 0.455008 0.391620 0.455430 0.394356 0.454948 0.397620 0.454917 0.399819 0.455672 0.399926 0.454435 0.403245 0.454586 0.406727 0.454255 0.417764 0.451633 0.416264 0.448380 0.416532 0.445367 0.417495 0.443318 0.418727 0.441781 0.420440 0.440456 0.422421 0.440484 0.419264 0.440062 0.414440 0.439099 0.410852 0.436719 0.407583 0.434549 0.404532 0.433435 0.404208 0.430029 0.404264 0.430299 0.396014 0.431023 0.390870 0.431958 0.387444 0.434036 0.384926 0.435211 0.383532 0.437682 0.382514
10 0.461042 0.379315 0.457891 0.390426 0.459062 0.390889 0.461589 0.390750 0.465091 0.389769 0.467138 0.389875 0.467682 0.384519 0.467896 0.379625 0.465990 0.379815
10 0.437727 0.363917 0.437388 0.366046 0.439263 0.376231 0.439971 0.381750 0.441560 0.381380 0.443513 0.381380 0.446273 0.381796 0.449469 0.382977 0.451591 0.384620 0.453310 0.387213 0.457164 0.387352 0.459958 0.378921 0.457927 0.378366 0.455661 0.375912 0.453318 0.374569 0.453969 0.373644 0.454958 0.372625 0.457198 0.370495 0.459229 0.368458 0.456766 0.366644 0.456826 0.365625 0.454477 0.363218 0.452789 0.360806
10 0.414729 0.370935 0.416539 0.369764 0.421073 0.369394 0.418807 0.392694 0.416721 0.385500
10 0.414729 0.370935 0.410372 0.371009 0.410010 0.366921 0.392721 0.370472 0.406115 0.402713 0.410159 0.413176 0.410159 0.413176 0.413786 0.420796 0.416818 0.418630 0.417445 0.412616 0.418315 0.398611 0.416721 0.385500
10 0.410219 0.284968 0.404237 0.284116 0.394828 0.281866 0.391411 0.281819 0.390031 0.283440 0.389979 0.286676 0.390445 0.288995 0.393656 0.288634 0.397594 0.292079 0.399591 0.296301 0.400779 0.299852 0.410464 0.300963 0.417648 0.299519 0.417773 0.295523 0.417086 0.292412 0.414776 0.287968 0.412901 0.285745
13 0.410219 0.284968 0.407883 0.276227 0.406284 0.272444 0.403982 0.269907 0.400492 0.266620 0.391362 0.263968 0.391154 0.265778 0.386141 0.266361 0.379792 0.270676 0.372185 0.279611 0.367789 0.285352 0.365143 0.291079 0.363794 0.295968 0.374380 0.292986 0.375893 0.295963 0.381727 0.293468 0.387818 0.290245 0.390445 0.288995 0.389979 0.286676 0.390031 0.283440 0.391411 0.281819 0.394828 0.281866 0.404237 0.284116
2 0.527940 0.473032 0.528747 0.470671 0.536508 0.485671 0.538036 0.489074 0.537177 0.490741 0.538844 0.495093 0.536969 0.499815 0.535146 0.496157 0.529794 0.484162 0.531357 0.480134
9 0.560146 0.561648 0.558820 0.562667 0.559362 0.563736 0.560234 0.564005 0.560536 0.561861
9 0.544859 0.571111 0.545487 0.569995 0.546776 0.571606 0.546602 0.573963 0.545487 0.572722
9 0.547219 0.573551 0.547219 0.571944 0.548906 0.572051 0.548695 0.575426
9 0.549638 0.572394 0.554742 0.579106 0.556148 0.577347 0.552034 0.571421
9 0.554445 0.570352 0.555115 0.572194 0.556250 0.573856 0.557320 0.574690 0.558255 0.574926 0.558438 0.573472 0.555729 0.569583
9 0.559557 0.569005 0.560643 0.569324 0.561065 0.570986 0.560823 0.572431 0.559919 0.572218 0.558896 0.571361
9 0.559443 0.555139 0.561039 0.553106 0.562667 0.555139 0.560195 0.558032
9 0.560839 0.546366 0.561490 0.545810 0.562401 0.546458 0.562531 0.547755 0.561411 0.548125 0.560969 0.548032 0.561203 0.547106
9 0.562375 0.548495 0.565240 0.552292 0.564849 0.554051 0.563130 0.553310 0.561177 0.550718
2 0.567859 0.551755 0.573125 0.561796 0.571557 0.565079 0.565352 0.553491
2 0.565674 0.555014 0.569299 0.564065 0.568883 0.565426 0.567312 0.565676 0.565242 0.557870
9 0.515815 0.561440 0.516984 0.561009 0.517227 0.562731 0.517065 0.563593 0.515896 0.563667
2 0.513555 0.558000 0.512385 0.552477 0.514039 0.550255 0.517669 0.559866 0.516984 0.561009 0.515815 0.561440 0.515169 0.557963
9 0.508570 0.548537 0.510622 0.550778 0.511604 0.548782 0.510576 0.546380 0.509924 0.546380 0.509852 0.547824
9 0.503216 0.539731 0.503310 0.543134 0.504198 0.542801 0.504289 0.540977
9 0.499576 0.554931 0.498701 0.556912 0.499424 0.558088 0.500237 0.557449 0.500539 0.556968
9 0.493284 0.568481 0.492063 0.570713 0.492620 0.573319 0.493911 0.573630 0.494852 0.569292
9 0.567849 0.566667 0.566193 0.570310 0.567247 0.571005 0.569026 0.571116 0.570049 0.570366
9 0.565862 0.571116 0.564234 0.573523 0.564747 0.575880 0.566221 0.573954
2 0.482779 0.458519 0.484312 0.460005 0.485883 0.462977 0.488844 0.463227 0.491250 0.464898 0.493794 0.467440 0.495677 0.471097 0.496445 0.472278 0.497857 0.471722 0.498359 0.468481 0.499289 0.467722 0.501964 0.464347 0.507120 0.455389 0.506344 0.454907 0.504872 0.455458 0.504638 0.458148 0.502003 0.461245 0.502003 0.459593 0.501305 0.458560 0.499253 0.461111 0.499214 0.464694 0.497042 0.466486 0.496771 0.468898 0.496190 0.468963 0.495570 0.466208 0.496305 0.464417 0.495995 0.462005 0.495026 0.463037 0.494328 0.462486 0.492779 0.460144 0.491383 0.461384 0.490763 0.462282 0.489292 0.461315 0.492081 0.459319 0.494174 0.457528 0.493844 0.456130 0.490062 0.458370 0.485437 0.459120 0.484057 0.456560
2 0.525667 0.473250 0.527021 0.471074 0.531357 0.480134 0.529794 0.484162 0.525784 0.478144
9 0.513219 0.474384 0.512193 0.474917 0.511771 0.477329 0.513008 0.479204 0.513852 0.477917 0.514062 0.475773
9 0.509250 0.480306 0.507742 0.484472 0.508576 0.485537 0.510318 0.481370
9 0.504417 0.473477 0.503167 0.475931 0.504885 0.477736 0.505797 0.474542
9 0.518232 0.464014 0.517750 0.464977 0.519167 0.467171 0.519768 0.466264
9 0.520372 0.465995 0.519919 0.467065 0.521487 0.469690 0.521638 0.468352
9 0.521362 0.459926 0.523141 0.459282 0.523682 0.460458 0.523471 0.462120 0.521513 0.462069
9 0.518266 0.549120 0.515695 0.549565 0.515615 0.550856 0.517138 0.553551 0.519036 0.551838 0.519638 0.552644 0.520995 0.550287 0.519805 0.548736
9 0.540651 0.547931 0.540964 0.550569 0.539401 0.552282 0.538594 0.551727 0.538568 0.548394 0.539401 0.547838
9 0.535872 0.541681 0.535378 0.542977 0.537461 0.544505 0.538086 0.543301
9 0.541112 0.539583 0.539549 0.542407 0.539654 0.544491 0.541997 0.545139 0.542831 0.540926
9 0.550812 0.552181 0.549721 0.553847 0.550656 0.554588 0.551284 0.552458
9 0.554380 0.555375 0.553107 0.556162 0.553107 0.557273 0.554487 0.557042
9 0.549669 0.559125 0.548521 0.558523 0.547846 0.558616 0.547456 0.560097 0.547922 0.560884 0.549641 0.560514
9 0.550682 0.560282 0.549875 0.560884 0.549018 0.561532 0.549563 0.562736 0.550292 0.564218 0.551307 0.563106 0.551102 0.561625
9 0.546414 0.555838 0.545503 0.556856 0.544773 0.558477 0.544982 0.559356 0.545656 0.559958 0.547167 0.560051 0.547427 0.558106 0.547117 0.556903
9 0.553628 0.558338 0.551333 0.555606 0.550190 0.555653 0.549120 0.556486 0.549484 0.558292 0.552089 0.561255
9 0.547365 0.567556 0.546188 0.568574 0.545677 0.569593 0.546641 0.571199 0.547003 0.571144 0.548146 0.570181 0.547786 0.568787
9 0.544531 0.560380 0.545977 0.560861 0.545375 0.564611 0.544802 0.564986 0.544284 0.561370
9 0.557721 0.560856 0.556518 0.563051 0.557391 0.564444 0.558716 0.561926
9 0.560133 0.558981 0.558927 0.558769 0.558505 0.560213 0.558656 0.561500 0.559260 0.562032 0.560312 0.561282 0.560555 0.559782
2 0.489581 0.504556 0.489763 0.513491 0.489422 0.513620 0.489008 0.513491 0.486794 0.506361 0.487057 0.506065
2 0.485742 0.502458 0.487904 0.502148 0.489609 0.501204 0.490078 0.504120 0.487057 0.506065
2 0.500146 0.492398 0.497594 0.492398 0.497333 0.494528 0.496448 0.497352 0.496214 0.501657 0.495438 0.510134 0.494393 0.513606 0.494742 0.515153 0.498159 0.515958 0.498471 0.511435 0.499656 0.502079
2 0.571901 0.574815 0.570005 0.572588 0.568190 0.572157 0.558831 0.587690 0.558872 0.590301 0.561049 0.592380 0.569602 0.577106
9 0.563872 0.574111 0.563451 0.573954 0.562727 0.574329 0.562456 0.575079 0.562503 0.576523 0.563208 0.576847 0.564052 0.576792 0.564354 0.575986
9 0.569578 0.571176 0.573013 0.573051 0.573104 0.574069 0.569458 0.571819
9 0.574177 0.572810 0.574229 0.571611 0.575167 0.571236 0.576182 0.571519 0.576391 0.572718 0.576104 0.573505 0.574620 0.574157
9 0.576260 0.577023 0.577536 0.576329 0.578031 0.577579 0.576859 0.577903
9 0.580669 0.586458 0.581893 0.585023 0.582883 0.587847
9 0.576945 0.584421 0.577674 0.582477 0.578065 0.582708 0.578430 0.583773 0.578221 0.585255
9 0.575331 0.582569 0.575852 0.581273 0.576685 0.580995 0.576997 0.581782 0.576997 0.583218 0.576190 0.583773
9 0.574966 0.578588 0.575513 0.577940 0.577492 0.578125 0.576945 0.579884 0.575487 0.580255
9 0.574810 0.575625 0.575122 0.574236 0.576477 0.573819 0.577154 0.574421 0.576945 0.576181 0.575331 0.577199
9 0.572935 0.576181 0.573612 0.576181 0.574680 0.578125 0.573951 0.578681 0.572883 0.577477
9 0.570122 0.578495 0.571060 0.580856 0.572570 0.579884 0.571503 0.577616
9 0.572909 0.581273 0.573482 0.579699 0.574888 0.580116 0.575461 0.580856 0.574888 0.582755 0.573508 0.582477
9 0.577492 0.577847 0.578716 0.577662 0.579549 0.579236 0.578742 0.581273 0.577362 0.582014 0.576945 0.580255
9 0.579263 0.581181 0.580539 0.581551 0.581086 0.582616 0.581060 0.584005 0.580721 0.584745 0.579706 0.585347 0.579029 0.584421 0.578820 0.583032
5 0.297013 0.203889 0.288721 0.187306 0.294810 0.183389 0.308674 0.177398 0.311911 0.175097 0.316057 0.171644 0.321370 0.171644 0.331484 0.192037 0.343005 0.212407 0.357388 0.241662 0.371185 0.271329 0.373984 0.280079 0.374555 0.283259 0.376224 0.285444 0.376458 0.288046 0.372870 0.284847 0.369734 0.282472 0.366146 0.278491 0.361979 0.280648 0.359266 0.284731 0.335143 0.254995 0.306938 0.217222
5 0.357547 0.158755 0.356435 0.154731 0.355596 0.153046 0.355523 0.149398 0.359219 0.149204 0.362883 0.148806 0.362883 0.147792 0.358784 0.143718 0.358755 0.142060 0.361227 0.140282 0.364388 0.132481 0.363685 0.130005 0.362427 0.128514 0.362516 0.125519 0.365508 0.125852 0.372786 0.132907 0.378664 0.138218 0.384917 0.144190 0.389536 0.148009 0.395753 0.153481 0.403409 0.161954 0.415229 0.173750 0.423760 0.180292 0.433701 0.189894 0.442901 0.199713 0.447419 0.204171 0.447044 0.206278 0.448794 0.213167 0.449609 0.219051 0.456609 0.225056 0.455227 0.227278 0.454115 0.228287 0.453177 0.229907 0.451172 0.228051 0.449734 0.227046 0.447943 0.231296 0.446706 0.239412 0.439331 0.231185 0.439766 0.240181 0.440266 0.249509 0.434219 0.242505 0.424984 0.232806 0.411701 0.218213 0.396148 0.201894 0.379083 0.182597 0.362451 0.164551
5 0.384917 0.144190 0.377315 0.135782 0.371388 0.129644 0.368401 0.126907 0.368401 0.125662 0.370081 0.123171 0.374234 0.120435 0.375401 0.119190 0.376521 0.112801 0.377409 0.110560 0.381047 0.102597 0.383055 0.102264 0.383570 0.102500 0.384411 0.103250 0.410234 0.129417 0.441930 0.159255 0.468906 0.185454 0.466456 0.189551 0.466456 0.189551 0.465057 0.192620 0.463003 0.198014 0.461883 0.200171 0.461229 0.200088 0.460622 0.199009 0.459596 0.200333 0.460016 0.202412 0.458661 0.206560 0.456328 0.208051 0.456281 0.209546 0.454010 0.212546 0.447419 0.204171 0.442901 0.199713 0.433701 0.189894 0.423760 0.180292 0.415229 0.173750 0.403409 0.161954 0.395753 0.153481 0.389536 0.148009
5 0.464870 0.234852 0.462633 0.232213 0.459487 0.232356 0.457607 0.233384 0.456609 0.233602 0.453638 0.235727 0.452146 0.237019 0.450979 0.238903 0.451461 0.240102 0.462190 0.251861 0.474815 0.265917 0.494823 0.288435 0.498818 0.293671 0.507609 0.302417 0.525440 0.323931 0.533424 0.333111 0.534596 0.334616 0.535724 0.338417 0.535951 0.339593 0.531870 0.341514 0.530984 0.342181 0.531474 0.344005 0.539958 0.353324 0.541630 0.352431 0.541044 0.350500 0.541044 0.345296 0.543135 0.343958 0.546984 0.349014 0.548823 0.347676 0.548992 0.343065 0.552003 0.347676 0.554094 0.347227 0.554010 0.342917 0.556518 0.331167 0.559279 0.325815 0.562307 0.327806 0.563315 0.327157 0.562786 0.326019 0.559375 0.322639 0.557318 0.320694 0.553078 0.316412 0.551865 0.314755 0.550130 0.314398 0.547383 0.311681 0.544583 0.314171 0.542344 0.311602 0.540198 0.310602 0.538469 0.311185 0.536695 0.311269 0.514576 0.287454 0.489557 0.260986
5 0.451461 0.240102 0.449839 0.242657 0.446706 0.239412 0.439331 0.231185 0.439766 0.240181 0.440266 0.249509 0.440211 0.252102 0.437727 0.253926 0.434974 0.255463 0.433948 0.257000 0.436797 0.259120 0.445964 0.269815 0.464237 0.290875 0.480622 0.308231 0.488049 0.313931 0.500633 0.331287 0.511859 0.346162 0.517961 0.354032 0.521133 0.351491 0.526328 0.345542 0.531870 0.341514 0.535951 0.339593 0.535724 0.338417 0.534596 0.334616 0.533424 0.333111 0.525440 0.323931 0.507609 0.302417 0.498818 0.293671 0.494823 0.288435 0.474815 0.265917 0.462190 0.251861
