5 0.504234 0.378583 0.503820 0.379944 0.504755 0.382185 0.507232 0.379509 0.506018 0.378102 0.504997 0.376208 0.504578 0.376889
2 0.505625 0.384907 0.509729 0.380514 0.513641 0.376481 0.509674 0.383704 0.507203 0.387435 0.506180 0.387704 0.506086 0.386972
1 0.659352 0.633880 0.659234 0.635148 0.658969 0.636324 0.658000 0.637972 0.657602 0.639620 0.657383 0.641500 0.657117 0.645579 0.656589 0.646046 0.655484 0.646046 0.655266 0.645500 0.655266 0.643227 0.655617 0.638407 0.655781 0.631481 0.656932 0.624116 0.657404 0.620023 0.658466 0.617296 0.659411 0.616981 0.660297 0.619079 0.660237 0.623486 0.659766 0.626949
5 0.588318 0.518204 0.589568 0.517972 0.592667 0.518759 0.595297 0.520796 0.597172 0.523065 0.598292 0.525750 0.598969 0.527370 0.598734 0.528667 0.597510 0.528250 0.593266 0.523991 0.588820 0.518741
10 0.507232 0.379509 0.506018 0.378102 0.504339 0.375032 0.503133 0.371477 0.502648 0.369611 0.502245 0.366454 0.502500 0.362778 0.502708 0.361435 0.503073 0.360370 0.503490 0.359352 0.504167 0.357778 0.505794 0.354625 0.507786 0.352065 0.509198 0.350773 0.512474 0.349602 0.514794 0.348148 0.517406 0.347815 0.520906 0.348065 0.524969 0.349972 0.526927 0.352463 0.523427 0.359019 0.520021 0.365324 0.519974 0.366653 0.518643 0.367681 0.515857 0.370333 0.512013 0.375097 0.507766 0.378995
2 0.696497 0.591199 0.693174 0.589273 0.689703 0.584005 0.689992 0.581944 0.692883 0.574106 0.696354 0.564852 0.698161 0.560486 0.700693 0.562282 0.706112 0.567426 0.706112 0.567940
2 0.539292 0.468769 0.547583 0.467977 0.556250 0.467870 0.554648 0.470829 0.552841 0.472866 0.549948 0.473750 0.544333 0.473532 0.542023 0.473755 0.541336 0.474977 0.536852 0.470384 0.537862 0.470074
2 0.506180 0.387704 0.507203 0.387435 0.507625 0.389199 0.509464 0.391185 0.511000 0.393648 0.513841 0.397995 0.510714 0.398167 0.507773 0.398745 0.504956 0.399519 0.506086 0.395792 0.506448 0.390412
1 0.558677 0.431782 0.560370 0.430060 0.564375 0.425759 0.564479 0.428889 0.562560 0.430486 0.559737 0.434019 0.555745 0.439389 0.555029 0.438898 0.556096 0.437560 0.557581 0.435199
2 0.545867 0.468259 0.544326 0.463042 0.543734 0.461431 0.542534 0.457009 0.540885 0.456657 0.538047 0.460222 0.538221 0.460843 0.538039 0.461630 0.536328 0.461713 0.537096 0.463380 0.539852 0.466972 0.539292 0.468769
1 0.444818 0.381204 0.447005 0.380972 0.450458 0.383111 0.453536 0.386019 0.455310 0.389583 0.456010 0.392569 0.454891 0.392569 0.453771 0.389333 0.452279 0.386931 0.450130 0.384773 0.446589 0.383472
1 0.442891 0.361713 0.441120 0.361481 0.437945 0.357782 0.436031 0.355042 0.434539 0.350644 0.433651 0.346083 0.433279 0.343676 0.432068 0.342347 0.431977 0.336042 0.432578 0.330981 0.433237 0.328079 0.433932 0.328079 0.434818 0.324926 0.436849 0.319824 0.440073 0.316097 0.443503 0.314088 0.446328 0.313157 0.449630 0.314088 0.452456 0.315741 0.454797 0.318171 0.457781 0.323264 0.459516 0.328426 0.460404 0.336963 0.459958 0.345213 0.458060 0.352014 0.457174 0.353676 0.456497 0.353051 0.458878 0.346176 0.459242 0.341579 0.459398 0.335412 0.458596 0.330963 0.457141 0.325514 0.455984 0.322833 0.453695 0.318935 0.449823 0.316111 0.446130 0.315713 0.444516 0.315500 0.440685 0.317648 0.438383 0.320593 0.436125 0.324394 0.434995 0.327764 0.434109 0.333139 0.433505 0.339667 0.433664 0.341894 0.434271 0.342389 0.435883 0.350713 0.437510 0.354958 0.441305 0.359051 0.443242 0.360194
1 0.534352 0.468106 0.532854 0.463644 0.531953 0.461111 0.531797 0.459352 0.532122 0.455338 0.532714 0.450505 0.533969 0.445921 0.535365 0.442574 0.536479 0.441148 0.537161 0.442037 0.535690 0.444505 0.534245 0.449167 0.533583 0.453940 0.533245 0.457662 0.533177 0.459537 0.533245 0.461227 0.534544 0.464606 0.535807 0.467421 0.536469 0.468491 0.536138 0.469347
5 0.461615 0.382361 0.460172 0.383324 0.459029 0.384954 0.458115 0.386375 0.457008 0.388407 0.456628 0.390236 0.456742 0.392269 0.459102 0.395546 0.459318 0.390843 0.460396 0.385560
2 0.529086 0.342231 0.527250 0.342773 0.525872 0.344306 0.524495 0.345495 0.524034 0.347037 0.524750 0.348750 0.525667 0.349579 0.526281 0.351120 0.526927 0.352463 0.528576 0.348356 0.529323 0.346199 0.530260 0.344037
9 0.574458 0.459005 0.574820 0.460231 0.575151 0.462343 0.575315 0.463514 0.575513 0.464917 0.575464 0.468537 0.574953 0.468606 0.572786 0.467361 0.571888 0.466032 0.571362 0.462694 0.571461 0.459356 0.572250 0.457949 0.573141 0.457597
16 0.459448 0.277597 0.457852 0.287463 0.464229 0.291181 0.469320 0.293968 0.467638 0.288162 0.466018 0.283074 0.465208 0.280231
5 0.503133 0.371477 0.504339 0.375032 0.504578 0.376889 0.504234 0.378583 0.503167 0.377495 0.499852 0.376074 0.498747 0.375731 0.498154 0.372880 0.497073 0.369532 0.496357 0.368032 0.499260 0.369968
1 0.598500 0.385852 0.600766 0.383370 0.604253 0.379282 0.606518 0.376866 0.607216 0.376676 0.607599 0.377296 0.607565 0.379157 0.603833 0.383556 0.600417 0.387463 0.599057 0.388764
1 0.502812 0.399398 0.504794 0.395005 0.505560 0.391491 0.505682 0.389912 0.505237 0.387546 0.504594 0.386037 0.505625 0.384907 0.506086 0.386972 0.506448 0.390412 0.506086 0.395792 0.504956 0.399519 0.503766 0.400324 0.503112 0.399907
1 0.492242 0.363500 0.493268 0.357690 0.495469 0.351528 0.496862 0.348894 0.499195 0.346903 0.499943 0.348148 0.497143 0.351301 0.495789 0.353708 0.494529 0.356861 0.493776 0.361343 0.493362 0.364329
1 0.490659 0.373977 0.487206 0.375046 0.483799 0.377046 0.480018 0.381106 0.478151 0.385676 0.476849 0.389398 0.476510 0.396065 0.477313 0.401931 0.478805 0.404667 0.481047 0.407157 0.482398 0.408569 0.483193 0.407324 0.482120 0.406245 0.479971 0.403588 0.478339 0.401185 0.477685 0.397616 0.477453 0.395125 0.477544 0.390398 0.478292 0.387824 0.479786 0.383426 0.481279 0.381106 0.485201 0.377120 0.487672 0.375713 0.490659 0.375046
1 0.492188 0.333889 0.489667 0.334889 0.487240 0.336292 0.486120 0.339861 0.486258 0.344176 0.487424 0.346662 0.489385 0.349907 0.491849 0.352546 0.494240 0.355051 0.494893 0.352977 0.493411 0.351481 0.490599 0.348903 0.488732 0.346995 0.487612 0.344421 0.487146 0.340944 0.487659 0.337949 0.488732 0.336796 0.492422 0.335370
1 0.495789 0.353708 0.498018 0.355083 0.501471 0.356574 0.504167 0.357778 0.503490 0.359352 0.500005 0.358120 0.498089 0.357255 0.495125 0.355458
1 0.486695 0.337954 0.485609 0.338602 0.484555 0.339778 0.483831 0.341815 0.483831 0.344495 0.484523 0.347222 0.486268 0.351491 0.488620 0.354583 0.490867 0.356801 0.493089 0.358662 0.493268 0.357690 0.493651 0.356801 0.491391 0.354861 0.488812 0.352421 0.486794 0.349986 0.485263 0.345898 0.484859 0.344250 0.484979 0.342454 0.485586 0.340519 0.486120 0.339861
1 0.494458 0.357472 0.497875 0.359083 0.500664 0.359704 0.503073 0.360370 0.502708 0.361435 0.502500 0.362778 0.495911 0.360463 0.494063 0.359630
1 0.503359 0.439074 0.506273 0.434847 0.509531 0.433102 0.515237 0.431759 0.520370 0.434074 0.522104 0.435745 0.526563 0.442407 0.528609 0.447954 0.529505 0.454954 0.529583 0.457500 0.529117 0.456361 0.527930 0.450806 0.525740 0.446259 0.524490 0.441926 0.521930 0.437481 0.520182 0.435810 0.517122 0.433704 0.514867 0.433148 0.510339 0.435370 0.507422 0.436157 0.505755 0.437407 0.504375 0.440278
1 0.530339 0.464722 0.529612 0.459995 0.529583 0.457500 0.529505 0.454954 0.529659 0.449870 0.530638 0.445972 0.532180 0.442403 0.534586 0.438588 0.538221 0.435352 0.541789 0.434106 0.547133 0.434199 0.551021 0.435931 0.554693 0.438519 0.557445 0.440917 0.558359 0.442222 0.560417 0.445556 0.563073 0.452083 0.564000 0.456597 0.564000 0.456597 0.563958 0.460694 0.563776 0.463194 0.562794 0.463579 0.561862 0.467352 0.561380 0.468426 0.559063 0.472278 0.557128 0.475792 0.555878 0.477153 0.555547 0.478889 0.553536 0.480454 0.551995 0.480954 0.551562 0.482361 0.550495 0.481481 0.551042 0.479769 0.553008 0.478977 0.553820 0.477944 0.555836 0.475292 0.558581 0.470986 0.560758 0.466468 0.562083 0.461898 0.562250 0.455213 0.561727 0.451194 0.560391 0.448333 0.559297 0.446481 0.558047 0.444722 0.556195 0.441856 0.552836 0.438852 0.550133 0.436630 0.546987 0.435625 0.543034 0.435625 0.539810 0.436778 0.536057 0.439069 0.534083 0.441648 0.531703 0.446602 0.530695 0.449537 0.530451 0.453986 0.530531 0.457926 0.531339 0.462231 0.531661 0.464597
1 0.445628 0.370708 0.443047 0.375440 0.441878 0.377519 0.441958 0.378667 0.442844 0.378810 0.446276 0.373380 0.447685 0.370708
1 0.538125 0.438611 0.539810 0.436778 0.543034 0.435625 0.546987 0.435625 0.550133 0.436630 0.552836 0.438852 0.556146 0.443157 0.557935 0.446583 0.559260 0.450866 0.559789 0.456569 0.559669 0.461306 0.558906 0.465602 0.556201 0.471347 0.554219 0.474120 0.554219 0.474120 0.551589 0.476111 0.549661 0.477315 0.547448 0.477907 0.544763 0.477972 0.545008 0.475815 0.548047 0.475463 0.550365 0.474815 0.552841 0.472866 0.554648 0.470829 0.556250 0.467870 0.557451 0.465741 0.558143 0.463815 0.558565 0.460333 0.558669 0.456856 0.558589 0.453755 0.557549 0.449264 0.555052 0.444769 0.553177 0.442500 0.551034 0.439787 0.549211 0.438125 0.546344 0.437431 0.544651 0.437014 0.541604 0.437616 0.539547 0.438681 0.538716 0.440116 0.538219 0.439977
11 0.576484 0.458519 0.575464 0.468537 0.576016 0.469213 0.579737 0.470426 0.580469 0.467449 0.580120 0.464602 0.580120 0.462120 0.580359 0.458190 0.580448 0.457009 0.578174 0.457944
2 0.433505 0.339667 0.440609 0.344583 0.443974 0.347690 0.443836 0.349056 0.440036 0.348310 0.435130 0.346528 0.434271 0.342389 0.433664 0.341894
6 0.667443 0.627278 0.680729 0.628056 0.679107 0.632463 0.666484 0.631574
13 0.601518 0.393625 0.605523 0.388968 0.607906 0.386231 0.610164 0.383986 0.611672 0.382269 0.613714 0.379301 0.615388 0.378056 0.616682 0.379014 0.619547 0.386505 0.621003 0.385060 0.625865 0.394856 0.631641 0.406472 0.634828 0.413477 0.634341 0.416264 0.633208 0.418662 0.632831 0.426245 0.636177 0.433352 0.637096 0.436037 0.636932 0.437958 0.632831 0.443718 0.629482 0.447463 0.627268 0.450343 0.620786 0.456102 0.617422 0.459394 0.617596 0.457722 0.615339 0.450093 0.610380 0.433921 0.607138 0.424440 0.606719 0.423194 0.609607 0.422148 0.611232 0.419815 0.612357 0.417593 0.613354 0.412264 0.614604 0.407375 0.615667 0.405486 0.617229 0.403264 0.617167 0.397491 0.616667 0.394269 0.617229 0.392046 0.617042 0.389602 0.614604 0.388495 0.613042 0.389602 0.611482 0.391602 0.609482 0.394046 0.608294 0.395602 0.606982 0.395602 0.606169 0.396602 0.604794 0.399046 0.603734 0.402824 0.603297 0.403375 0.601612 0.397329
5 0.489737 0.350421 0.489477 0.351208 0.489346 0.351671 0.489271 0.352736 0.491391 0.354861 0.493651 0.356801 0.494240 0.355051 0.491849 0.352546
1 0.515396 0.400111 0.519737 0.401356 0.522443 0.403931 0.525943 0.409324 0.527716 0.415130 0.528091 0.419778 0.527669 0.425421 0.526130 0.431227 0.524729 0.435208 0.522969 0.437130 0.522104 0.435745 0.523508 0.434204 0.525026 0.430463 0.526172 0.426991 0.527049 0.422032 0.526813 0.417727 0.526328 0.414074 0.524865 0.410981 0.523250 0.407787 0.520958 0.404819 0.519031 0.402306
1 0.475740 0.411907 0.478125 0.409486 0.481047 0.407157 0.481776 0.407856 0.477552 0.413486
1 0.521362 0.436968 0.519643 0.438866 0.517768 0.440069 0.515268 0.440718 0.513393 0.441227 0.510945 0.440995 0.508914 0.440394 0.507195 0.439421 0.506544 0.438681 0.505945 0.439560 0.506023 0.441227 0.508081 0.442199 0.510529 0.443171 0.513464 0.443333 0.516023 0.442616 0.517690 0.442106 0.519922 0.440694 0.522352 0.438171 0.521930 0.437481
1 0.477938 0.413852 0.480505 0.410949 0.482398 0.408569 0.483193 0.407324 0.485544 0.404060 0.488484 0.400579 0.493151 0.396347 0.497492 0.390787 0.501273 0.385977 0.504148 0.383014 0.504755 0.382185 0.507766 0.378995 0.512013 0.375097 0.515857 0.370333 0.518643 0.367681 0.517995 0.370194 0.516708 0.371694 0.515737 0.372773 0.515255 0.374856 0.509729 0.380514 0.505625 0.384907 0.504594 0.386037 0.500461 0.390722 0.495807 0.395833 0.490880 0.400861 0.486281 0.406454 0.485260 0.408241 0.484271 0.409676 0.479393 0.415380
16 0.493250 0.294458 0.501182 0.302796 0.502188 0.306329 0.495651 0.300602 0.489245 0.295833 0.488534 0.297505 0.484714 0.295185 0.483549 0.299838 0.484232 0.303088 0.483677 0.302995 0.483070 0.301583 0.481112 0.297602 0.476901 0.291389 0.475185 0.291958 0.474951 0.293537 0.478310 0.298102 0.479523 0.299593 0.480177 0.301338 0.476299 0.298468 0.471687 0.295454 0.471255 0.292097 0.469745 0.287583 0.468203 0.281148 0.475773 0.285162 0.475865 0.284319 0.477648 0.284370 0.479841 0.286120 0.479870 0.284824 0.480633 0.284542 0.481521 0.286009 0.483602 0.285787 0.486060 0.286579 0.488424 0.287977 0.491917 0.292097
1 0.497135 0.374861 0.501589 0.377269 0.503820 0.379944 0.504755 0.382185 0.504148 0.383014 0.502654 0.380523 0.501440 0.378949 0.499573 0.377204 0.498490 0.376620 0.496953 0.375972
1 0.485260 0.408241 0.488495 0.408741 0.490349 0.408597 0.493133 0.408171 0.494060 0.409532 0.493495 0.410463 0.489784 0.411111 0.487406 0.410894 0.485146 0.410250 0.484271 0.409676
5 0.486268 0.351491 0.485531 0.353000 0.485169 0.354287 0.485081 0.355736 0.485081 0.357449 0.486089 0.361338 0.489523 0.361704 0.491240 0.362245 0.490956 0.361032 0.489826 0.358167 0.489221 0.355009 0.488620 0.354583
2 0.484396 0.349755 0.481990 0.354088 0.479914 0.357310 0.478961 0.358718 0.477182 0.359069 0.476885 0.360120 0.477445 0.362347 0.477773 0.364106 0.478729 0.365157 0.479422 0.365745 0.480875 0.364065 0.483438 0.362296 0.486089 0.361338 0.485081 0.357449 0.485081 0.355736 0.485169 0.354287 0.485531 0.353000 0.486268 0.351491
5 0.496125 0.397616 0.494453 0.400278 0.491745 0.404111 0.490174 0.401690 0.490880 0.400861 0.495807 0.395833 0.497628 0.393852
1 0.453026 0.372968 0.452526 0.370602 0.461607 0.369199 0.461409 0.371176 0.456953 0.372366
1 0.477505 0.352449 0.481990 0.354088 0.480516 0.356338 0.477005 0.355417
1 0.492648 0.329032 0.489867 0.328005 0.486367 0.327338 0.483987 0.326843 0.481466 0.325514 0.481013 0.329218 0.482646 0.332051 0.484672 0.334028 0.486240 0.335421 0.487240 0.336292 0.489667 0.334889 0.492188 0.333889 0.492055 0.330116
2 0.460576 0.374741 0.459562 0.378347 0.458839 0.381333 0.457750 0.381625 0.455906 0.381157 0.454721 0.381861 0.454424 0.383736 0.453995 0.386255 0.453536 0.386019 0.450458 0.383111 0.449747 0.382704 0.450401 0.376481 0.451195 0.370509 0.451667 0.371292 0.453026 0.372968 0.454315 0.372968 0.456953 0.372366 0.456953 0.373116 0.458323 0.374130 0.459773 0.374606
10 0.634193 0.540324 0.629174 0.539000 0.622747 0.529014 0.616430 0.519222 0.610867 0.510681 0.607034 0.504532 0.605534 0.502171 0.604086 0.497116 0.603714 0.494463 0.609846 0.486120 0.618044 0.474370 0.619977 0.476023 0.624174 0.481764 0.631635 0.492727 0.636719 0.501116 0.638536 0.503699 0.637180 0.516074
1 0.533281 0.461250 0.535625 0.459769 0.538047 0.460222 0.538221 0.460843 0.538039 0.461630 0.536328 0.461713 0.534245 0.461852 0.533714 0.462389
1 0.541823 0.452352 0.543984 0.449713 0.547005 0.446426 0.549297 0.444213 0.551331 0.442769 0.552555 0.441704 0.553177 0.442500 0.550365 0.446343 0.546354 0.450639 0.543620 0.453324
2 0.555831 0.463787 0.555240 0.466329 0.553320 0.467630 0.550427 0.466389 0.548477 0.465648 0.545862 0.464037 0.544326 0.463042 0.543734 0.461431 0.544745 0.460315 0.546628 0.459079 0.553815 0.462792
2 0.554104 0.384616 0.554385 0.385694 0.554198 0.391750 0.549203 0.402204 0.545844 0.407597 0.545284 0.408981 0.547826 0.408907 0.551979 0.410880 0.553878 0.413065 0.557385 0.418231 0.558776 0.424259 0.558906 0.429120 0.558677 0.431782 0.560370 0.430060 0.564375 0.425759 0.562815 0.419361 0.561380 0.419139 0.561380 0.417139 0.562445 0.416144 0.560557 0.405736 0.559951 0.407889 0.559966 0.407833 0.559063 0.407819 0.558297 0.403514 0.558297 0.401292 0.559367 0.399361 0.558378 0.392435 0.557935 0.388565 0.556719 0.381130
10 0.593091 0.363639 0.592289 0.360611 0.592289 0.360611 0.591354 0.360699 0.590422 0.362111 0.586672 0.363000 0.586672 0.361273 0.587846 0.359236 0.589044 0.356718 0.591453 0.354468 0.593563 0.353343 0.596094 0.353343 0.598112 0.353398 0.599831 0.355324 0.602753 0.355380 0.604620 0.359931 0.607906 0.370273 0.610255 0.377343 0.611672 0.382269 0.610164 0.383986 0.607906 0.386231 0.605523 0.388968 0.601518 0.393625 0.601503 0.392333 0.602151 0.390995 0.601638 0.386074 0.603833 0.383556 0.607565 0.379157 0.607599 0.377296 0.607216 0.376676 0.606518 0.376866 0.604253 0.379282 0.600766 0.383370 0.598500 0.385852 0.597497 0.380745 0.598336 0.379699 0.598294 0.371523 0.598417 0.363639
2 0.593091 0.363639 0.598417 0.363639 0.598294 0.371523 0.598336 0.379699 0.597497 0.380745 0.596490 0.374968 0.594995 0.370236
2 0.552706 0.377810 0.555365 0.373889 0.556719 0.381130 0.554104 0.384616
5 0.485260 0.408241 0.486281 0.406454 0.486281 0.406454 0.490174 0.401690 0.491745 0.404111 0.493133 0.408171 0.490349 0.408597 0.488495 0.408741
1 0.524464 0.439282 0.525714 0.437245 0.527969 0.432917 0.529531 0.429769 0.529281 0.425718 0.528813 0.426319 0.526781 0.429977 0.526130 0.431227 0.524729 0.435208 0.522969 0.437130
1 0.520211 0.442500 0.521018 0.440833 0.522352 0.438171 0.523784 0.440606 0.522422 0.443329
1 0.516042 0.450667 0.516935 0.448926 0.517870 0.448019 0.518721 0.448019 0.519062 0.449458 0.518680 0.450519 0.517828 0.452333
1 0.459310 0.347412 0.462526 0.347361 0.464888 0.347662 0.466143 0.347597 0.466388 0.348343 0.465831 0.349644 0.462526 0.349815 0.458753 0.349704
1 0.458474 0.347227 0.457773 0.345931 0.456516 0.345356 0.454714 0.348380 0.454859 0.348801 0.455661 0.349356 0.456380 0.349676 0.457734 0.349523
2 0.556888 0.367046 0.554268 0.368565 0.549083 0.365569 0.545021 0.362347 0.542086 0.360681 0.541586 0.359014 0.538773 0.355347 0.535961 0.351574 0.532901 0.345796 0.540940 0.353310 0.550195 0.360440
2 0.537750 0.329991 0.538719 0.327264 0.539888 0.324829 0.545242 0.330606 0.557555 0.343486 0.566380 0.352523 0.566078 0.355148 0.563497 0.358375 0.562836 0.357861 0.553219 0.347421 0.542667 0.335773
2 0.549625 0.456042 0.551370 0.455481 0.554089 0.454986 0.554750 0.452630 0.556146 0.450278 0.556737 0.450833 0.557260 0.453005 0.556536 0.459444 0.550807 0.456574
1 0.516424 0.442500 0.517870 0.448019 0.518721 0.448019 0.519062 0.449458 0.518680 0.450519 0.519401 0.452333 0.521701 0.455056 0.519911 0.449306 0.517690 0.442106
5 0.479393 0.415380 0.483794 0.419667 0.487073 0.423384 0.490174 0.426361 0.491221 0.424190 0.491359 0.420162 0.491849 0.415824 0.493034 0.412227 0.493495 0.410463 0.489784 0.411111 0.487406 0.410894 0.485146 0.410250 0.484271 0.409676
5 0.495625 0.410833 0.494060 0.409532 0.493495 0.410463 0.493034 0.412227 0.491849 0.415824 0.491359 0.420162 0.491221 0.424190 0.491596 0.427338 0.493169 0.428699 0.497042 0.432069 0.496102 0.430759 0.494859 0.426440 0.494536 0.421255 0.495182 0.414727
16 0.513841 0.397995 0.511000 0.393648 0.509464 0.391185 0.507625 0.389199 0.507203 0.387435 0.509674 0.383704 0.513641 0.376481 0.515255 0.374856 0.515737 0.372773 0.516708 0.371694 0.517995 0.370194 0.518643 0.367681 0.519974 0.366653 0.520021 0.365324 0.523427 0.359019 0.526927 0.352463 0.526927 0.352463 0.528576 0.348356 0.529323 0.346199 0.531086 0.344222 0.532901 0.345796 0.535961 0.351574 0.538773 0.355347 0.541586 0.359014 0.542086 0.360681 0.545656 0.364120 0.550091 0.370426 0.552706 0.377810 0.554385 0.385694 0.554198 0.391750 0.549203 0.402204 0.545844 0.407597 0.544771 0.410088 0.544771 0.412491 0.542484 0.415481 0.539544 0.415481 0.538284 0.415894 0.534690 0.417139 0.532682 0.417634 0.531003 0.415644 0.528948 0.414648 0.527716 0.415130 0.525943 0.409324 0.523846 0.406287 0.525284 0.405843 0.531469 0.401403 0.539154 0.396625 0.551026 0.388625 0.551714 0.387185 0.551276 0.385519 0.546146 0.389167 0.539466 0.393625 0.536531 0.395958 0.529284 0.400403 0.522846 0.404509 0.522443 0.403931 0.517484 0.399269
16 0.558583 0.368486 0.555760 0.368486 0.554547 0.369417 0.554547 0.370491 0.555365 0.373889 0.556719 0.381130 0.557935 0.388565 0.558378 0.392435 0.559367 0.399361 0.558297 0.401292 0.558297 0.403514 0.559063 0.407819 0.559951 0.407889 0.560557 0.405736 0.562445 0.416144 0.561380 0.417139 0.561380 0.419139 0.562815 0.419361 0.564375 0.425759 0.564479 0.428889 0.564688 0.433463 0.565141 0.434144 0.564688 0.440602 0.564688 0.440602 0.567187 0.440532 0.568076 0.442324 0.569326 0.447773 0.569326 0.447773 0.572112 0.453384 0.575365 0.457944 0.578174 0.457944 0.583617 0.453653 0.585549 0.444662 0.586865 0.439884 0.590672 0.433440 0.596609 0.424556 0.601180 0.415181 0.603878 0.412111 0.604258 0.410477 0.603339 0.403380 0.601612 0.397329 0.601503 0.392333 0.602151 0.390995 0.599448 0.390894 0.597497 0.380745 0.596490 0.374968 0.594995 0.370236 0.592289 0.360611 0.591354 0.360699 0.590422 0.362111 0.586672 0.363000 0.584510 0.362810 0.583432 0.363671 0.580945 0.361273 0.578234 0.361148 0.578234 0.361148 0.574826 0.360819 0.572586 0.358662 0.569583 0.355685 0.568464 0.357426 0.565849 0.360333 0.567815 0.362097 0.567219 0.363912 0.571852 0.366907 0.572266 0.368204 0.572240 0.370426 0.571797 0.373292 0.571117 0.374963 0.569789 0.377417 0.568826 0.377875 0.564435 0.373861
8 0.522846 0.404509 0.529284 0.400403 0.536531 0.395958 0.539466 0.393625 0.546146 0.389167 0.551276 0.385519 0.551714 0.387185 0.551026 0.388625 0.539154 0.396625 0.531469 0.401403 0.525284 0.405843 0.523846 0.406287
2 0.592719 0.493435 0.590008 0.497079 0.586508 0.493861 0.585258 0.495745 0.585445 0.498856 0.587320 0.500523 0.583133 0.505634 0.579510 0.502079 0.578260 0.502301 0.577500 0.507407 0.581198 0.511185 0.587750 0.516884 0.589036 0.515028 0.590240 0.517310 0.592667 0.518759 0.595297 0.520796 0.597172 0.523065 0.598292 0.525750 0.598969 0.527370 0.598734 0.528667 0.607094 0.536292 0.611187 0.538718 0.617122 0.553949 0.629807 0.586829 0.632492 0.553616 0.637180 0.516074 0.641352 0.478060 0.639836 0.477153 0.631604 0.472764 0.629409 0.470648 0.628677 0.468370 0.632245 0.463819 0.643768 0.454227 0.647333 0.422199 0.648174 0.420218 0.650487 0.420329 0.650299 0.417440 0.649237 0.416218 0.644427 0.424435 0.641990 0.425324 0.638927 0.426880 0.635242 0.431324 0.636177 0.433352 0.637096 0.436037 0.636932 0.437958 0.632831 0.443718 0.629482 0.447463 0.627268 0.450343 0.620786 0.456102 0.617422 0.459394 0.614982 0.461255 0.612508 0.464722 0.611182 0.467079 0.611044 0.472097 0.605013 0.478546 0.602966 0.481884 0.597839 0.488426
11 0.460930 0.267773 0.463438 0.269074 0.463836 0.274657 0.465208 0.280231 0.459448 0.277597
11 0.465547 0.270231 0.474771 0.274861 0.485253 0.281139 0.494737 0.285361 0.502427 0.288602 0.510185 0.292005 0.512844 0.293838 0.513927 0.295588 0.513578 0.299792 0.513185 0.302069 0.511904 0.304523 0.510479 0.304787 0.504721 0.301806 0.493250 0.294458 0.491917 0.292097 0.488424 0.287977 0.486060 0.286579 0.483602 0.285787 0.481521 0.286009 0.480633 0.284542 0.479870 0.284824 0.479841 0.286120 0.477648 0.284370 0.475865 0.284319 0.475773 0.285162 0.468203 0.281148 0.465885 0.274486
11 0.485253 0.281139 0.485039 0.280532 0.485260 0.278894 0.487042 0.276181 0.488948 0.276690 0.493938 0.282227 0.498484 0.286972 0.494737 0.285361
11 0.493250 0.294458 0.501182 0.302796 0.506841 0.308921 0.508203 0.310208 0.510117 0.312023 0.510417 0.313537 0.521180 0.322690 0.533138 0.333431 0.542370 0.341069 0.551560 0.349241 0.554411 0.352565 0.563091 0.359829 0.567219 0.363912 0.567815 0.362097 0.562836 0.357861 0.553219 0.347421 0.542667 0.335773 0.532711 0.324278 0.526669 0.316787 0.519096 0.309676 0.514669 0.305593 0.512544 0.303398 0.511904 0.304523 0.510479 0.304787 0.504721 0.301806
11 0.484714 0.295185 0.483549 0.299838 0.484232 0.303088 0.486487 0.304449 0.487167 0.305810 0.495549 0.312921 0.501846 0.318597 0.503419 0.321019 0.509122 0.325250 0.518029 0.332333 0.521474 0.335056 0.531086 0.344222 0.540940 0.353310 0.550195 0.360440 0.556888 0.367046 0.564435 0.373861 0.568826 0.377875 0.569789 0.377417 0.571117 0.374963 0.571797 0.373292 0.572240 0.370426 0.572266 0.368204 0.571852 0.366907 0.567219 0.363912 0.563091 0.359829 0.554411 0.352565 0.551560 0.349241 0.542370 0.341069 0.533138 0.333431 0.521180 0.322690 0.510417 0.313537 0.510117 0.312023 0.510117 0.312023 0.508203 0.310208 0.506841 0.308921 0.502188 0.306329 0.495651 0.300602 0.489245 0.295833 0.488534 0.297505
11 0.498969 0.270926 0.494253 0.264954 0.492526 0.267111 0.491734 0.269019 0.490568 0.274495 0.495654 0.280468 0.506341 0.290343 0.510185 0.292005 0.512844 0.293838 0.513927 0.295588 0.513810 0.297810 0.517870 0.300963 0.521883 0.305528 0.545242 0.330606 0.557555 0.343486 0.566380 0.352523 0.572586 0.358662 0.574826 0.360819 0.578234 0.361148 0.580945 0.361273 0.583432 0.363671 0.584510 0.362810 0.586672 0.363000 0.586672 0.361273 0.583539 0.357051 0.565557 0.338907 0.541927 0.314537 0.516987 0.289421 0.504284 0.276287
11 0.494253 0.264954 0.493023 0.263912 0.493240 0.260167 0.494049 0.257000 0.496102 0.255750 0.509440 0.268616 0.516352 0.276199 0.525154 0.284838 0.540273 0.300583 0.557445 0.317861 0.569219 0.329861 0.585255 0.346565 0.590547 0.351176 0.590008 0.354727 0.587846 0.359236 0.586672 0.361273 0.583539 0.357051 0.565557 0.338907 0.541927 0.314537 0.516987 0.289421 0.504284 0.276287 0.498969 0.270926
11 0.558359 0.442222 0.559737 0.434019 0.562560 0.430486 0.564479 0.428889 0.564688 0.433463 0.565141 0.434144 0.564513 0.443440 0.563815 0.444120 0.563073 0.452083 0.560469 0.445602
11 0.563073 0.452083 0.564000 0.456597 0.563958 0.460694 0.563776 0.463194 0.568518 0.464986 0.569297 0.454028 0.569326 0.447773 0.568076 0.442324 0.567187 0.440532 0.564688 0.440602 0.564513 0.443440 0.563815 0.444120
11 0.558047 0.444722 0.557935 0.446583 0.559260 0.450866 0.559789 0.456569 0.559669 0.461306 0.562083 0.461898 0.562250 0.455213 0.561727 0.451194 0.560391 0.448333 0.559297 0.446481
11 0.558906 0.465602 0.556201 0.471347 0.554219 0.474120 0.553820 0.477944 0.555836 0.475292 0.558581 0.470986 0.560758 0.466468
11 0.553578 0.482032 0.553497 0.484611 0.554789 0.486190 0.558419 0.489491 0.558862 0.487838 0.559508 0.481815 0.560755 0.472083 0.561328 0.468380 0.559063 0.472278 0.557128 0.475792 0.555878 0.477153 0.555625 0.478796 0.553536 0.480454
11 0.558419 0.489491 0.561219 0.491949 0.564000 0.494889 0.564727 0.493884 0.565211 0.491231 0.566865 0.478037 0.567833 0.469648 0.564768 0.468356 0.561862 0.467352 0.561380 0.468426 0.560755 0.472083 0.559508 0.481815 0.558862 0.487838
11 0.574794 0.472986 0.572693 0.487921 0.573487 0.492731 0.573161 0.496718 0.571341 0.501694 0.574234 0.504347 0.577500 0.507407 0.579227 0.497046 0.579870 0.491898 0.580911 0.480694 0.581188 0.475477
11 0.457852 0.287463 0.464229 0.291181 0.469320 0.293968 0.476299 0.298468 0.481490 0.302046 0.484232 0.303088 0.486487 0.304449 0.487068 0.308116 0.487104 0.311403 0.486198 0.313759 0.484557 0.314995 0.483164 0.314875 0.473995 0.307995 0.464409 0.301361 0.458378 0.297829 0.456354 0.296403
2 0.456510 0.253565 0.460299 0.252014 0.463216 0.250671 0.464404 0.253551 0.465107 0.263634 0.465547 0.270231 0.465885 0.274486 0.468203 0.281148 0.469745 0.287583 0.471255 0.292097 0.471687 0.295454 0.469320 0.293968 0.467638 0.288162 0.466018 0.283074 0.465208 0.280231 0.463836 0.274657 0.463438 0.269074 0.462617 0.260704 0.462076 0.255231 0.458891 0.256769 0.457422 0.257731
8 0.401224 0.312269 0.402513 0.315144 0.405701 0.319657 0.406781 0.319755 0.407591 0.319083 0.408023 0.317449 0.407482 0.314759 0.404187 0.314569 0.403539 0.313995 0.403865 0.313032 0.403271 0.311690
2 0.426505 0.348917 0.430469 0.352685 0.432117 0.353380 0.429714 0.357843 0.427341 0.362801 0.428633 0.364907 0.431805 0.359949 0.434036 0.355486 0.436094 0.357657 0.437836 0.358958 0.439151 0.359157 0.437945 0.357782 0.436031 0.355042 0.434539 0.350644 0.428661 0.349528 0.428661 0.349528
2 0.414310 0.345310 0.412260 0.349755 0.413255 0.351792 0.414612 0.352167 0.415547 0.353185 0.418982 0.346810 0.418240 0.346556
11 0.421432 0.351944 0.421997 0.360130 0.422846 0.361565 0.425427 0.362495 0.426477 0.361347 0.425831 0.348727 0.423250 0.347940
2 0.415547 0.353185 0.420549 0.357843 0.420760 0.353560 0.421432 0.351944 0.423250 0.347940 0.422940 0.347894 0.418982 0.346810 0.418982 0.346810
2 0.342682 0.282870 0.346784 0.252222 0.349961 0.232296 0.353693 0.204491 0.356143 0.186227 0.357589 0.180190 0.367711 0.186361 0.389107 0.198051 0.410503 0.210005 0.438138 0.226569 0.454122 0.235523 0.460427 0.239301 0.460990 0.238065 0.462242 0.237634 0.466617 0.240847 0.464677 0.245514 0.463216 0.250671 0.460299 0.252014 0.456510 0.253565 0.457422 0.257731 0.458891 0.256769 0.462076 0.255231 0.462617 0.260704 0.460930 0.267773 0.459448 0.277597 0.457852 0.287463 0.456354 0.296403 0.454565 0.309292 0.453276 0.316546 0.452456 0.315741 0.449630 0.314088 0.446328 0.313157 0.443503 0.314088 0.440073 0.316097 0.436849 0.319824 0.434818 0.324926 0.433932 0.328079 0.433237 0.328079 0.432578 0.330981 0.431977 0.336042 0.432068 0.342347 0.433279 0.343676 0.433651 0.346083 0.434539 0.350644 0.428661 0.349528 0.422940 0.347894 0.418240 0.346556 0.413271 0.345009 0.404245 0.342583 0.401260 0.339921 0.395294 0.334972 0.393437 0.333472 0.393263 0.332000 0.380365 0.319907 0.360625 0.300667 0.348130 0.288444
2 0.448992 0.316046 0.446831 0.329102 0.445320 0.339472 0.443159 0.338991 0.440573 0.339167 0.446042 0.344861 0.448560 0.346384 0.449693 0.338801 0.452240 0.322870 0.452719 0.318255 0.449823 0.316111
2 0.434109 0.333139 0.436615 0.335417 0.440573 0.339167 0.446042 0.344861 0.448560 0.346384 0.453021 0.351111 0.450250 0.353764 0.445128 0.348597 0.440609 0.344583 0.433633 0.338704
2 0.436060 0.351532 0.439818 0.352269 0.443776 0.353704 0.445544 0.353764 0.445927 0.353269 0.446484 0.350046 0.445128 0.348597 0.443974 0.347690 0.443836 0.349056 0.440036 0.348310 0.435130 0.346528 0.435883 0.350713
2 0.428802 0.366620 0.433516 0.366435 0.438940 0.366856 0.437214 0.368843 0.434271 0.369597 0.431471 0.369597
2 0.442526 0.367037 0.447901 0.367023 0.448273 0.368852 0.448047 0.370741 0.439974 0.370509
2 0.434349 0.371944 0.435859 0.370120 0.437214 0.368843 0.439102 0.366838 0.439102 0.366838 0.442240 0.362931 0.444643 0.360144 0.447781 0.356671 0.450250 0.353764 0.452753 0.351398 0.453708 0.349792 0.454859 0.348801 0.455661 0.349356 0.455906 0.350722 0.455799 0.351838 0.452453 0.354935 0.447992 0.360454 0.442526 0.367037 0.439974 0.370509 0.437318 0.374444 0.435758 0.373778
2 0.452453 0.354935 0.452734 0.357315 0.451896 0.364120 0.451195 0.370509 0.450401 0.376481 0.449747 0.382704 0.447005 0.380972 0.447182 0.378394 0.448047 0.370741 0.448273 0.368852 0.449047 0.362792 0.449375 0.358727
2 0.447583 0.351060 0.444518 0.355935 0.444005 0.356931 0.441599 0.354704 0.438844 0.352097 0.436060 0.351532 0.437510 0.354958 0.441305 0.359051 0.443242 0.360194 0.442891 0.361713 0.441599 0.361569 0.440477 0.363606 0.438940 0.366856 0.439102 0.366838 0.442240 0.362931 0.444643 0.360144 0.447758 0.356639 0.450250 0.353764 0.449792 0.353333
8 0.461615 0.382361 0.461982 0.374602 0.462667 0.363917 0.462909 0.359329 0.463271 0.357606 0.463917 0.357032 0.464521 0.357463 0.464885 0.359616 0.463594 0.376185 0.463312 0.379699
2 0.449583 0.347500 0.452878 0.342153 0.455862 0.337060 0.458828 0.332407 0.459398 0.335412 0.459323 0.337546 0.459297 0.339583 0.456979 0.344537 0.454714 0.348380 0.453708 0.349792 0.453021 0.351111 0.451854 0.349810
2 0.452547 0.356019 0.453875 0.357130 0.455021 0.355880 0.456115 0.354583 0.457174 0.353676 0.456497 0.353051 0.455464 0.352130 0.452453 0.354935
2 0.454401 0.310306 0.456581 0.311810 0.459846 0.314824 0.462227 0.316759 0.464930 0.319343 0.468021 0.321713 0.470911 0.324120 0.473544 0.326625 0.473359 0.333426 0.468458 0.329282 0.466313 0.327537 0.463255 0.332407 0.460404 0.336963 0.459823 0.330935 0.461924 0.327537 0.462526 0.324444 0.459583 0.321667 0.454784 0.317500 0.453276 0.316546
2 0.452146 0.323481 0.454620 0.325981 0.458083 0.328991 0.457141 0.325514 0.455984 0.322833 0.453695 0.318935 0.452719 0.318255 0.452719 0.318255 0.452240 0.322870
2 0.456276 0.320648 0.462156 0.326375 0.461924 0.327537 0.459823 0.330935 0.459516 0.328426 0.457781 0.323264
2 0.465359 0.329065 0.470240 0.333468 0.473378 0.336319 0.473203 0.340593 0.470911 0.338843 0.465469 0.334167 0.463255 0.332407
2 0.475677 0.328981 0.478214 0.331421 0.477370 0.336481 0.475495 0.335079
2 0.479539 0.338486 0.481943 0.341028 0.482849 0.341773 0.483831 0.341815 0.484555 0.339778 0.484802 0.338301 0.483583 0.336750 0.480156 0.333102
2 0.475247 0.337662 0.477086 0.339213 0.476904 0.341194 0.476484 0.343194 0.475078 0.342222
2 0.479531 0.341065 0.482388 0.343713 0.483984 0.345106 0.484523 0.347222 0.486268 0.351491 0.483982 0.349588 0.479010 0.345000
2 0.472812 0.307130 0.473708 0.313796 0.473990 0.317282 0.473544 0.326625 0.473359 0.333426 0.473378 0.336319 0.473203 0.340593 0.472664 0.349245 0.472430 0.351815 0.473643 0.353394 0.474401 0.354352 0.474922 0.349444 0.475156 0.346204 0.475078 0.342222 0.475247 0.337662 0.475495 0.335079 0.475677 0.328981 0.476625 0.316056 0.476263 0.309676 0.473995 0.307995
2 0.472430 0.351815 0.469909 0.350181 0.467997 0.349019 0.466143 0.347597 0.466456 0.345866 0.467391 0.343542 0.469117 0.342463 0.471216 0.344375 0.472943 0.345204 0.472664 0.349245
2 0.479557 0.320324 0.478745 0.325477 0.478214 0.331421 0.477370 0.336481 0.477086 0.339213 0.476904 0.341194 0.476484 0.343194 0.475721 0.348898 0.474750 0.355523 0.475721 0.356676 0.476315 0.358787 0.477505 0.352449 0.479010 0.345000 0.479531 0.341065 0.479539 0.338486 0.480156 0.333102 0.481013 0.329218 0.481979 0.321065
2 0.474951 0.293537 0.478310 0.298102 0.479523 0.299593 0.480177 0.301338 0.481490 0.302046 0.483677 0.302995 0.483070 0.301583 0.481112 0.297602 0.476901 0.291389 0.475185 0.291958
8 0.512279 0.443347 0.514362 0.444551 0.517148 0.445569 0.516424 0.442500 0.516023 0.442616 0.513464 0.443333
8 0.517690 0.442106 0.518901 0.441296 0.520211 0.442500 0.522422 0.443329 0.525385 0.445014 0.525740 0.446259 0.527930 0.450806 0.525456 0.449477 0.520888 0.447370 0.518971 0.446315
8 0.527760 0.445694 0.530367 0.446829 0.529659 0.449870 0.529635 0.451787 0.529112 0.451602 0.528609 0.447954
8 0.531414 0.447449 0.533367 0.448194 0.532714 0.450505 0.532458 0.452718 0.530578 0.451977 0.530695 0.449537
8 0.534482 0.448630 0.539258 0.451046 0.544557 0.453750 0.550807 0.456574 0.556536 0.459444 0.558565 0.460333 0.558143 0.463815 0.557685 0.464898 0.553815 0.462792 0.545391 0.458472 0.539591 0.456157 0.536177 0.454301 0.533701 0.452995 0.534245 0.449167
8 0.559669 0.461306 0.562083 0.461898 0.560758 0.466468 0.558906 0.465602
8 0.562794 0.463579 0.563776 0.463194 0.568518 0.464986 0.570521 0.465972 0.572786 0.467361 0.576016 0.469213 0.581901 0.471296 0.581188 0.475477 0.574794 0.472986 0.571927 0.471759 0.567833 0.469648 0.564768 0.468356 0.561862 0.467352
8 0.520888 0.447370 0.523643 0.454185 0.527240 0.461620 0.530260 0.464491 0.529813 0.461130 0.527721 0.456912 0.526224 0.453380 0.523747 0.448856
8 0.523747 0.448856 0.526224 0.453380 0.529570 0.458958 0.529583 0.457500 0.529117 0.456361 0.527930 0.450806 0.525456 0.449477 0.525456 0.449477
8 0.534099 0.463440 0.534544 0.464606 0.535807 0.467421 0.536469 0.468491 0.536852 0.470384 0.537862 0.470074 0.539292 0.468769 0.539852 0.466972 0.537096 0.463380 0.536328 0.461713 0.534245 0.461852 0.533714 0.462389
8 0.535625 0.459769 0.538724 0.455685 0.539591 0.456157 0.540885 0.456657 0.538047 0.460222
2 0.567833 0.469648 0.569326 0.481764 0.571141 0.492810 0.569164 0.499694 0.571341 0.501694 0.573161 0.496718 0.573487 0.492731 0.572693 0.487921 0.571260 0.476745 0.570294 0.470866
2 0.566865 0.478037 0.566536 0.486111 0.566562 0.489583 0.568333 0.489722 0.569453 0.489444 0.569326 0.481764 0.567833 0.469648
2 0.652630 0.420968 0.654036 0.419815 0.659380 0.417704 0.664078 0.415398 0.666185 0.415593 0.665917 0.418278 0.665753 0.420773 0.661641 0.422222 0.657599 0.422023
2 0.685148 0.542880 0.683414 0.545704 0.682620 0.551875 0.683341 0.553801 0.691076 0.560097 0.685654 0.566398 0.682401 0.570509 0.679365 0.566782 0.678932 0.570380 0.677776 0.576037 0.676474 0.579889 0.676763 0.582333 0.683268 0.576421 0.690859 0.568194 0.695560 0.563185 0.697727 0.558940 0.697583 0.557528 0.695125 0.558426 0.692813 0.557657 0.690208 0.554185
2 0.677198 0.591583 0.685799 0.584259 0.686956 0.582204 0.688112 0.581944 0.688331 0.585287 0.681172 0.591972 0.677125 0.595056
5 0.531229 0.415954 0.530427 0.418120 0.529833 0.420972 0.529451 0.423454 0.529281 0.425718 0.530286 0.430519 0.531682 0.435352 0.533810 0.439815 0.534586 0.438588 0.538221 0.435352 0.541789 0.434106 0.547133 0.434199 0.551021 0.435931 0.554693 0.438519 0.555029 0.438898 0.556096 0.437560 0.557581 0.435199 0.558677 0.431782 0.558906 0.429120 0.558776 0.424259 0.557385 0.418231 0.553878 0.413065 0.551979 0.410880 0.547826 0.408907 0.545284 0.408981 0.544771 0.410088 0.544771 0.412491 0.542484 0.415481 0.539544 0.415481 0.538284 0.415894 0.534690 0.417139 0.532682 0.417634
5 0.534898 0.440639 0.536479 0.441148 0.537161 0.442037 0.538596 0.443278 0.542112 0.444111 0.545810 0.444713 0.549117 0.443972 0.551331 0.442769 0.552555 0.441704 0.551034 0.439787 0.549211 0.438125 0.546344 0.437431 0.544651 0.437014 0.541604 0.437616 0.539547 0.438681 0.538716 0.440116 0.538219 0.439977 0.538125 0.438611 0.539810 0.436778 0.536057 0.439069 0.536057 0.439069
5 0.521333 0.435005 0.524156 0.432778 0.525026 0.430463 0.526172 0.426991 0.527049 0.422032 0.526813 0.417727 0.526328 0.414074 0.524865 0.410981 0.523250 0.407787 0.520958 0.404819 0.522924 0.408852 0.523896 0.412690 0.524328 0.416625 0.524057 0.419315 0.523992 0.421880 0.522266 0.427255 0.520482 0.431190 0.518862 0.433398 0.520370 0.434074 0.520370 0.434074
16 0.581901 0.471296 0.579737 0.470426 0.580469 0.467449 0.580120 0.464602 0.580120 0.462120 0.582073 0.456727 0.583617 0.453653 0.585549 0.444662 0.586865 0.439884 0.590672 0.433440 0.596609 0.424556 0.601180 0.415181 0.602536 0.413528 0.604839 0.417185 0.607138 0.424440 0.610380 0.433921 0.615339 0.450093 0.617596 0.457722 0.617422 0.459394 0.614982 0.461255 0.612508 0.464722 0.611182 0.467079 0.611044 0.472097 0.605013 0.478546 0.602966 0.481884 0.597839 0.488426 0.592719 0.493435 0.590469 0.492657 0.587221 0.489995 0.586721 0.489106 0.583956 0.482264 0.582805 0.479472 0.581026 0.479472 0.581188 0.475477
5 0.517638 0.434519 0.516617 0.436157 0.513552 0.438616 0.510820 0.439963 0.508914 0.440394 0.507195 0.439421 0.506544 0.438681 0.505945 0.439560 0.504375 0.440278 0.505755 0.437407 0.507422 0.436157 0.510339 0.435370 0.514867 0.433148 0.517122 0.433704
16 0.456354 0.296403 0.454565 0.309292 0.454401 0.310306 0.456581 0.311810 0.459846 0.314824 0.462227 0.316759 0.464930 0.319343 0.468021 0.321713 0.470911 0.324120 0.473544 0.326625 0.473990 0.317282 0.473708 0.313796 0.472812 0.307130 0.464409 0.301361 0.458378 0.297829
5 0.495125 0.355458 0.498089 0.357255 0.500005 0.358120 0.503490 0.359352 0.503073 0.360370 0.500664 0.359704 0.497875 0.359083 0.494458 0.357472 0.494529 0.356861
5 0.459102 0.395546 0.459318 0.390843 0.460396 0.385560 0.461615 0.382361 0.463312 0.379699 0.465258 0.377787 0.468065 0.375579 0.469711 0.374755 0.471646 0.373542 0.474630 0.373042 0.474630 0.373042 0.478758 0.374523 0.481672 0.375866 0.483401 0.377495 0.480018 0.381106 0.478151 0.385676 0.476849 0.389398 0.476510 0.396065 0.477313 0.401931 0.478805 0.404667 0.481047 0.407157 0.478125 0.409486 0.474219 0.410741
16 0.514669 0.305593 0.512544 0.303398 0.513185 0.302069 0.513578 0.299792 0.513810 0.297810 0.513810 0.297810 0.517870 0.300963 0.521883 0.305528 0.538167 0.323046 0.537789 0.325829 0.536818 0.327079 0.535521 0.327366 0.532711 0.324278 0.526669 0.316787 0.519096 0.309676
5 0.501846 0.318597 0.499641 0.318986 0.497773 0.320560 0.495859 0.323218 0.495487 0.328528 0.496839 0.334750 0.498706 0.339560 0.501458 0.344042 0.504586 0.347361 0.507247 0.348769 0.512474 0.349602 0.515833 0.347444 0.518867 0.345699 0.520828 0.342880 0.521760 0.339477 0.521474 0.335056 0.518029 0.332333 0.509122 0.325250 0.503419 0.321019
5 0.499206 0.316282 0.498362 0.318532 0.496703 0.320083 0.495409 0.321315 0.494625 0.322657 0.494294 0.323995 0.494443 0.324690 0.493539 0.326940 0.492938 0.327157 0.492055 0.330116 0.492188 0.333889 0.492422 0.335370 0.494674 0.340444 0.496974 0.344102 0.498427 0.346398 0.499195 0.346903 0.499943 0.348148 0.500607 0.349338 0.503953 0.351130 0.507786 0.352065 0.509198 0.350773 0.512474 0.349602 0.507247 0.348769 0.504586 0.347361 0.501458 0.344042 0.498706 0.339560 0.496839 0.334750 0.495487 0.328528 0.495859 0.323218 0.497773 0.320560 0.499641 0.318986 0.499919 0.316778
5 0.484182 0.378134 0.486273 0.380986 0.487458 0.384644 0.488203 0.389306 0.488711 0.387227 0.489646 0.386898 0.490156 0.386991 0.488898 0.389630 0.488617 0.391458 0.488617 0.394616 0.487591 0.398264 0.485633 0.402245 0.484042 0.404319 0.482120 0.406245 0.479971 0.403588 0.478339 0.401185 0.477685 0.397616 0.477453 0.395125 0.477544 0.390398 0.478292 0.387824 0.479786 0.383426 0.481279 0.381106
5 0.475120 0.373222 0.476115 0.371028 0.478013 0.367495 0.480875 0.364065 0.483438 0.362296 0.486089 0.361338 0.489523 0.361704 0.491240 0.362245 0.492242 0.363500 0.493362 0.364329 0.495435 0.365815 0.497073 0.369532 0.498154 0.372880 0.498747 0.375731 0.497135 0.374861 0.496953 0.375972 0.498490 0.376620 0.498490 0.376620 0.499573 0.377204 0.499924 0.381986 0.499888 0.386449 0.499854 0.387750 0.497492 0.390787 0.493151 0.396347 0.488484 0.400579 0.488484 0.400579 0.487591 0.398264 0.488617 0.394616 0.488617 0.391458 0.488898 0.389630 0.490156 0.386991 0.489646 0.386898 0.488711 0.387227 0.488203 0.389306 0.487458 0.384644 0.486273 0.380986 0.484182 0.378134 0.485201 0.377120 0.487672 0.375713 0.490659 0.375046 0.490659 0.373977 0.487206 0.375046 0.483799 0.377046 0.483401 0.377495 0.481672 0.375866 0.478758 0.374523
5 0.496974 0.344102 0.495104 0.343366 0.492646 0.344583 0.491112 0.346662 0.490224 0.348528 0.490599 0.348903 0.493411 0.351481 0.494893 0.352977 0.495469 0.351528 0.496862 0.348894 0.499195 0.346903 0.498427 0.346398
5 0.495789 0.353708 0.497143 0.351301 0.499943 0.348148 0.500607 0.349338 0.500607 0.349338 0.503953 0.351130 0.507786 0.352065 0.505794 0.354625 0.504167 0.357778 0.501471 0.356574 0.498018 0.355083
5 0.489221 0.355009 0.489826 0.358167 0.490956 0.361032 0.492242 0.363500 0.493089 0.358662 0.493089 0.358662 0.490867 0.356801
5 0.493362 0.364329 0.495435 0.365815 0.495435 0.365815 0.496357 0.368032 0.499260 0.369968 0.503133 0.371477 0.502648 0.369611 0.502245 0.366454 0.502500 0.362778 0.495911 0.360463 0.494063 0.359630 0.493776 0.361343
5 0.495102 0.408935 0.494578 0.408750 0.493951 0.406644 0.494125 0.403171 0.495938 0.398648 0.497505 0.395176 0.499495 0.392264 0.502003 0.389722 0.504305 0.388361 0.505352 0.388051 0.505682 0.389912 0.505560 0.391491 0.504794 0.395005 0.502812 0.399398 0.503112 0.399907 0.503766 0.400324 0.501979 0.402144 0.498802 0.405306 0.496852 0.409273
5 0.524057 0.419315 0.524328 0.416625 0.523896 0.412690 0.522924 0.408852 0.520958 0.404819 0.519031 0.402306 0.515396 0.400111 0.512826 0.400213 0.508937 0.400403 0.506182 0.401653 0.503969 0.403764 0.501268 0.408370 0.499164 0.412787 0.498073 0.415648 0.498125 0.424213 0.499164 0.429301 0.501917 0.435250 0.503742 0.438486 0.506273 0.434847 0.506273 0.434847 0.509531 0.433102 0.515237 0.431759 0.518862 0.433398 0.520482 0.431190 0.522266 0.427255 0.523992 0.421880
5 0.503742 0.438486 0.498641 0.434120 0.496102 0.430759 0.494859 0.426440 0.494536 0.421255 0.495182 0.414727 0.495625 0.410833 0.496852 0.409273 0.498802 0.405306 0.501979 0.402144 0.503766 0.400324 0.504956 0.399519 0.507773 0.398745 0.510714 0.398167 0.513841 0.397995 0.517484 0.399269 0.519737 0.401356 0.515396 0.400111 0.512826 0.400213 0.508937 0.400403 0.506182 0.401653 0.503969 0.403764 0.501268 0.408370 0.499164 0.412787 0.498073 0.415648 0.498125 0.424213 0.499164 0.429301 0.501917 0.435250
10 0.479458 0.312241 0.478758 0.314644 0.478852 0.317713 0.479557 0.320324 0.481979 0.321065 0.481466 0.325514 0.483987 0.326843 0.486367 0.327338 0.489867 0.328005 0.492245 0.327477 0.492938 0.327157 0.493539 0.326940 0.494443 0.324690 0.494294 0.323995 0.494115 0.320204 0.495188 0.318875 0.496260 0.318213 0.498315 0.317551 0.498966 0.315972 0.495549 0.312921 0.495549 0.312921 0.487167 0.305810 0.486487 0.304449 0.487068 0.308116 0.487068 0.308116 0.487104 0.311403 0.486198 0.313759 0.484557 0.314995 0.483164 0.314875
17 0.603297 0.403375 0.604258 0.410477 0.603878 0.412111 0.602536 0.413528 0.604839 0.417185 0.606745 0.423194 0.609607 0.422148 0.611232 0.419815 0.612357 0.417593 0.613354 0.412264 0.614604 0.407375 0.615667 0.405486 0.617229 0.403264 0.617167 0.397491 0.616667 0.394269 0.617229 0.392046 0.617042 0.389602 0.614604 0.388495 0.613042 0.389602 0.611482 0.391602 0.609482 0.394046 0.608294 0.395602 0.606982 0.395602 0.606169 0.396602 0.604794 0.399046 0.603734 0.402824
9 0.650271 0.629769 0.647357 0.631111 0.648328 0.634375 0.649570 0.635912 0.652161 0.636005 0.652648 0.638023 0.654375 0.638981 0.655617 0.638407 0.655781 0.631481
5 0.452500 0.359014 0.453875 0.357130 0.455021 0.355880 0.456115 0.354583 0.457174 0.353676 0.458740 0.352319 0.461076 0.350958 0.462526 0.349815 0.465831 0.349644 0.468362 0.349843 0.469909 0.350181 0.472430 0.351815 0.473643 0.353394 0.474401 0.354352 0.474750 0.355523 0.475721 0.356676 0.476315 0.358787 0.476729 0.361634 0.476687 0.367157 0.475760 0.370671 0.474630 0.373042 0.471646 0.373542 0.469711 0.374755 0.468065 0.375579 0.465258 0.377787 0.463495 0.377963 0.463594 0.376185 0.463945 0.372338 0.464885 0.359616 0.464521 0.357463 0.463917 0.357032 0.463271 0.357606 0.462909 0.359329 0.462667 0.363917 0.461982 0.374602 0.460576 0.374741 0.459773 0.374606 0.458323 0.374130 0.456898 0.373037 0.456953 0.372366 0.461409 0.371176 0.461607 0.369199 0.452526 0.370602 0.453026 0.372968 0.451667 0.371292 0.451195 0.370509 0.451896 0.364120
2 0.664529 0.423944 0.671331 0.425477 0.678081 0.427782 0.685641 0.429796 0.685318 0.435750 0.684398 0.445444 0.681268 0.445060 0.680081 0.461861 0.677055 0.491236 0.676570 0.492199 0.676622 0.494884 0.672521 0.497574 0.668578 0.501319 0.667336 0.505157 0.668685 0.509384 0.674570 0.521287 0.672357 0.547593 0.669227 0.578213 0.667875 0.597796 0.670198 0.598278 0.670898 0.600296 0.669333 0.619685 0.665229 0.636773 0.659352 0.633880 0.659766 0.626949 0.660237 0.623486 0.660297 0.619079 0.659411 0.616981 0.658466 0.617296 0.657404 0.620023 0.656932 0.624116 0.655750 0.631463 0.650271 0.629769 0.645789 0.627847 0.639742 0.613542 0.635529 0.602023 0.629807 0.586829 0.632492 0.553616 0.634193 0.540324 0.637180 0.516074 0.638536 0.503699 0.641219 0.477861 0.647362 0.422329 0.648174 0.420218 0.650487 0.420329 0.652630 0.420968 0.657599 0.422023
2 0.676354 0.497435 0.672479 0.499880 0.669732 0.502769 0.669044 0.504991 0.669232 0.506986 0.674667 0.517542
16 0.479458 0.312241 0.478758 0.314644 0.478852 0.317713 0.479557 0.320324 0.478745 0.325477 0.478214 0.331421 0.475677 0.328981 0.476625 0.316056 0.476263 0.309676
5 0.297013 0.203889 0.288721 0.187306 0.294810 0.183389 0.308674 0.177398 0.311911 0.175097 0.316057 0.171644 0.321370 0.171644 0.331484 0.192037 0.343005 0.212407 0.357388 0.241662 0.371185 0.271329 0.373984 0.280079 0.374555 0.283259 0.376224 0.285444 0.376458 0.288046 0.372870 0.284847 0.369734 0.282472 0.366146 0.278491 0.361979 0.280648 0.359266 0.284731 0.335143 0.254995 0.306938 0.217222
5 0.357547 0.158755 0.356435 0.154731 0.355596 0.153046 0.355523 0.149398 0.359219 0.149204 0.362883 0.148806 0.362883 0.147792 0.358784 0.143718 0.358755 0.142060 0.361227 0.140282 0.364388 0.132481 0.363685 0.130005 0.362427 0.128514 0.362516 0.125519 0.365508 0.125852 0.372786 0.132907 0.378664 0.138218 0.384917 0.144190 0.389536 0.148009 0.395753 0.153481 0.403409 0.161954 0.415229 0.173750 0.423760 0.180292 0.433701 0.189894 0.442901 0.199713 0.447419 0.204171 0.447044 0.206278 0.448794 0.213167 0.449609 0.219051 0.456609 0.225056 0.455227 0.227278 0.454115 0.228287 0.453177 0.229907 0.451172 0.228051 0.449734 0.227046 0.447943 0.231296 0.446706 0.239412 0.439331 0.231185 0.439766 0.240181 0.440266 0.249509 0.434219 0.242505 0.424984 0.232806 0.411701 0.218213 0.396148 0.201894 0.379083 0.182597 0.362451 0.164551
5 0.384917 0.144190 0.377315 0.135782 0.371388 0.129644 0.368401 0.126907 0.368401 0.125662 0.370081 0.123171 0.374234 0.120435 0.375401 0.119190 0.376521 0.112801 0.377409 0.110560 0.381047 0.102597 0.383055 0.102264 0.383570 0.102500 0.384411 0.103250 0.410234 0.129417 0.441930 0.159255 0.468906 0.185454 0.466456 0.189551 0.466456 0.189551 0.465057 0.192620 0.463003 0.198014 0.461883 0.200171 0.461229 0.200088 0.460622 0.199009 0.459596 0.200333 0.460016 0.202412 0.458661 0.206560 0.456328 0.208051 0.456281 0.209546 0.454010 0.212546 0.447419 0.204171 0.442901 0.199713 0.433701 0.189894 0.423760 0.180292 0.415229 0.173750 0.403409 0.161954 0.395753 0.153481 0.389536 0.148009
5 0.464870 0.234852 0.462633 0.232213 0.459487 0.232356 0.457607 0.233384 0.456609 0.233602 0.453638 0.235727 0.452146 0.237019 0.450979 0.238903 0.451461 0.240102 0.462190 0.251861 0.474815 0.265917 0.494823 0.288435 0.498818 0.293671 0.507609 0.302417 0.525440 0.323931 0.533424 0.333111 0.534596 0.334616 0.535724 0.338417 0.535951 0.339593 0.531870 0.341514 0.530984 0.342181 0.531474 0.344005 0.539958 0.353324 0.541630 0.352431 0.541044 0.350500 0.541044 0.345296 0.543135 0.343958 0.546984 0.349014 0.548823 0.347676 0.548992 0.343065 0.552003 0.347676 0.554094 0.347227 0.554010 0.342917 0.556518 0.331167 0.559279 0.325815 0.562307 0.327806 0.563315 0.327157 0.562786 0.326019 0.559375 0.322639 0.557318 0.320694 0.553078 0.316412 0.551865 0.314755 0.550130 0.314398 0.547383 0.311681 0.544583 0.314171 0.542344 0.311602 0.540198 0.310602 0.538469 0.311185 0.536695 0.311269 0.514576 0.287454 0.489557 0.260986
5 0.451461 0.240102 0.449839 0.242657 0.446706 0.239412 0.439331 0.231185 0.439766 0.240181 0.440266 0.249509 0.440211 0.252102 0.437727 0.253926 0.434974 0.255463 0.433948 0.257000 0.436797 0.259120 0.445964 0.269815 0.464237 0.290875 0.480622 0.308231 0.488049 0.313931 0.500633 0.331287 0.511859 0.346162 0.517961 0.354032 0.521133 0.351491 0.526328 0.345542 0.531870 0.341514 0.535951 0.339593 0.535724 0.338417 0.534596 0.334616 0.533424 0.333111 0.525440 0.323931 0.507609 0.302417 0.498818 0.293671 0.494823 0.288435 0.474815 0.265917 0.462190 0.251861
