0 0.446521 0.425866 0.437927 0.420218 0.429990 0.416815 0.426292 0.417509 0.421292 0.428505 0.420867 0.439120 0.454849 0.515870 0.458620 0.514134 0.458758 0.508324 0.463846 0.503514 0.469125 0.504468 0.474810 0.503468 0.479685 0.492139 0.484120 0.481921 0.483974 0.475139 0.483250 0.464472 0.481659 0.454449 0.482237 0.449565 0.482258 0.441694 0.481680 0.431926 0.480451 0.424472 0.474958 0.414704 0.469826 0.414833 0.458474 0.421903
9 0.552880 0.564199 0.551552 0.564801 0.551552 0.565819 0.552229 0.566745 0.553531 0.566699 0.553141 0.565264
2 0.481612 0.543898 0.497211 0.576579 0.490492 0.580144 0.487875 0.574829 0.478406 0.547324
2 0.539729 0.489519 0.544253 0.489157 0.550745 0.509810 0.546188 0.509236 0.543688 0.507157 0.540943 0.506940 0.539815 0.508880 0.540016 0.499125
2 0.550745 0.509810 0.546188 0.509236 0.543688 0.507157 0.540943 0.506940 0.539815 0.508880 0.539469 0.512657 0.541576 0.514384 0.541034 0.517264 0.543042 0.520870 0.545784 0.516852 0.550107 0.527056 0.551078 0.525426
1 0.521062 0.437435 0.522745 0.442083 0.524143 0.449051 0.523771 0.456181 0.523070 0.461250 0.521622 0.467806 0.520318 0.467139 0.521669 0.458347 0.521716 0.448051 0.520036 0.439926
1 0.518544 0.444574 0.519758 0.457514 0.520318 0.467139 0.519664 0.466894 0.518638 0.459083 0.517469 0.444903
2 0.516740 0.449343 0.516471 0.453278 0.515984 0.455296 0.513393 0.456352 0.510099 0.462593 0.511393 0.467583 0.514635 0.465662 0.519664 0.466894 0.518638 0.459083 0.517281 0.456255 0.517227 0.450208
1 0.523125 0.468880 0.523271 0.465412 0.524281 0.460269 0.525799 0.458986 0.529003 0.459870 0.533883 0.464435 0.533940 0.467097 0.531005 0.464102 0.528693 0.461426 0.527195 0.461426 0.525758 0.462546 0.524630 0.464102 0.523698 0.470319
5 0.517115 0.491093 0.520302 0.495606 0.520815 0.500171 0.520443 0.506894 0.517922 0.504069 0.516477 0.503241 0.514422 0.503407 0.510208 0.496736 0.512495 0.494412 0.514456 0.492755
2 0.535292 0.479630 0.535167 0.486958 0.534292 0.495403 0.533211 0.494597 0.531169 0.505843 0.530044 0.505398 0.529482 0.499843 0.529857 0.495843 0.529419 0.483625 0.532292 0.480519 0.531669 0.478741
2 0.535417 0.481880 0.537112 0.481806 0.537878 0.486111 0.539729 0.489519 0.540016 0.499125 0.534292 0.495403 0.535167 0.486958
2 0.507453 0.486954 0.504805 0.484032 0.501062 0.484519 0.500531 0.487037 0.500289 0.491194 0.500409 0.494421 0.500617 0.498815 0.504193 0.498796 0.507219 0.500375 0.507953 0.496069 0.508638 0.492056 0.508115 0.488898
2 0.493677 0.475264 0.491854 0.473690 0.489250 0.473181 0.485240 0.473088 0.483885 0.473181 0.483974 0.475139 0.485031 0.475171 0.484120 0.481921 0.487565 0.478856 0.491125 0.477398 0.492245 0.478088
2 0.494188 0.474019 0.493250 0.470796 0.492688 0.467796 0.486120 0.467546 0.486328 0.468843 0.486797 0.469815 0.487422 0.472778 0.489609 0.472731 0.492161 0.473194
2 0.500531 0.487037 0.500026 0.486852 0.498672 0.484630 0.497513 0.483565 0.493956 0.479667 0.492245 0.478088 0.493677 0.475264 0.494188 0.474019 0.495622 0.475796 0.497247 0.476463 0.498599 0.475435 0.499878 0.477866 0.500880 0.479977 0.501062 0.484519
2 0.482721 0.511704 0.477586 0.513134 0.479151 0.519185 0.477909 0.523310 0.475154 0.526190 0.476245 0.528546 0.481154 0.538875 0.487526 0.526213 0.487526 0.520106 0.486404 0.518213 0.484281 0.516218
2 0.528570 0.459616 0.527635 0.454685 0.525438 0.455917 0.525799 0.458986
1 0.529044 0.482343 0.528141 0.477977 0.526633 0.474366 0.525172 0.471773 0.523698 0.470319 0.522375 0.468912 0.521622 0.467806 0.520318 0.467139 0.519664 0.466894 0.514635 0.465662 0.511393 0.467583 0.511031 0.468125 0.511302 0.469463 0.514466 0.468019 0.517536 0.467949 0.521156 0.470324 0.524503 0.472995 0.526089 0.475653 0.527023 0.478968 0.528190 0.483787
1 0.515148 0.468523 0.514185 0.469079 0.516034 0.477088 0.516789 0.479819 0.519091 0.484324 0.520596 0.487106 0.522211 0.487940 0.522602 0.489282 0.523591 0.489329 0.524685 0.488310 0.525753 0.485764 0.525206 0.483171 0.523643 0.481181 0.522602 0.480255 0.523279 0.472569 0.522393 0.472569 0.521247 0.479375 0.518435 0.479190 0.517471 0.478218 0.519581 0.476551 0.521534 0.473819 0.521117 0.472523 0.519060 0.473912 0.518799 0.475995 0.516872 0.475903
1 0.514719 0.481306 0.510466 0.485463 0.507781 0.487634 0.508167 0.488500 0.510781 0.486514 0.515034 0.482426
1 0.517440 0.487875 0.516253 0.486269 0.514930 0.482792 0.513708 0.484218 0.514826 0.487759 0.516917 0.489185
1 0.531669 0.478741 0.530276 0.480222 0.529044 0.482343 0.528190 0.483787 0.527141 0.485898 0.526359 0.488523 0.526237 0.492755 0.529039 0.498486 0.529857 0.495843 0.529419 0.483625 0.532292 0.480519
1 0.530370 0.508519 0.530044 0.505398 0.529482 0.499843 0.529039 0.498486 0.526237 0.492755 0.524117 0.490264 0.522602 0.489282 0.519729 0.489019 0.517536 0.489269 0.515622 0.490181 0.513102 0.491926 0.509974 0.496074 0.510208 0.496736 0.512495 0.494412 0.514456 0.492755 0.517115 0.491093 0.520289 0.491009 0.523182 0.491259 0.525237 0.493088 0.527057 0.496903 0.529062 0.504120 0.529857 0.508602
5 0.515622 0.490181 0.513102 0.491926 0.509974 0.496074 0.508638 0.492056 0.508115 0.488898 0.509336 0.488139 0.511854 0.487894
1 0.508638 0.492056 0.507953 0.496069 0.507953 0.496069 0.507701 0.497847 0.509625 0.500352 0.518380 0.513787 0.526883 0.524315 0.527443 0.522157 0.522216 0.515602 0.520070 0.511870 0.514422 0.503407 0.510208 0.496736 0.509974 0.496074
2 0.520229 0.511667 0.523958 0.503611 0.526677 0.508630 0.522216 0.515602
2 0.521492 0.517870 0.518740 0.522597 0.519440 0.525421 0.518552 0.526250 0.517432 0.525917 0.514865 0.522019 0.518552 0.514051
1 0.514422 0.503407 0.516477 0.503241 0.517922 0.504069 0.520443 0.506894 0.521745 0.508287 0.520070 0.511870
2 0.539273 0.535417 0.537458 0.533194 0.536469 0.531759 0.528391 0.523347 0.527443 0.522157 0.526883 0.524315 0.525115 0.522296 0.524833 0.524731 0.538547 0.536495
1 0.524651 0.522106 0.524833 0.524731 0.524372 0.529356 0.523919 0.532454 0.521724 0.537787 0.520677 0.537972 0.519771 0.537227 0.518831 0.535125 0.518831 0.534069 0.519667 0.533384 0.520539 0.535870 0.521758 0.533944 0.523188 0.530046 0.523745 0.526009 0.524023 0.521921
1 0.514443 0.520190 0.513714 0.521486 0.514130 0.524403 0.516234 0.531991 0.519339 0.542171 0.522828 0.552463 0.530346 0.567116 0.531068 0.564287 0.526875 0.557606 0.522206 0.546917 0.518370 0.536162 0.516104 0.527333
7 0.513906 0.540741 0.511982 0.543412 0.509474 0.546241 0.506464 0.548912 0.502451 0.549366 0.501578 0.553403 0.503500 0.560986 0.507266 0.558907 0.508185 0.559500 0.504755 0.562773 0.505927 0.570505 0.504755 0.583588 0.505758 0.590727 0.520062 0.578981 0.530346 0.567116 0.522828 0.552463 0.517219 0.544037
1 0.483339 0.542153 0.486141 0.542259 0.487555 0.542690 0.489091 0.545259 0.489695 0.547403 0.490581 0.553491 0.490883 0.558366 0.489768 0.556005 0.489526 0.553597 0.488714 0.550917 0.487628 0.550435 0.486935 0.549741 0.487177 0.548079 0.487870 0.547648 0.487266 0.546310 0.486302 0.546472 0.484885 0.545560
1 0.493742 0.548111 0.491573 0.546718 0.491000 0.545648 0.490307 0.545699 0.490065 0.548755 0.490307 0.550898 0.493711 0.554005 0.493893 0.552931 0.491573 0.550199 0.493771 0.548861
1 0.502154 0.550722 0.501086 0.551093 0.499914 0.554611 0.500487 0.555907 0.501578 0.553403
1 0.499138 0.565657 0.499659 0.564222 0.503539 0.562093 0.505779 0.560333 0.507266 0.558907 0.508185 0.559500 0.504755 0.562773 0.503721 0.563852 0.501404 0.565148
1 0.505927 0.570505 0.503880 0.572222 0.500729 0.573148 0.499375 0.572870 0.499479 0.574444 0.501094 0.574815 0.503698 0.573750 0.505703 0.572778
1 0.536266 0.542162 0.535086 0.543019 0.532336 0.546241 0.533203 0.547222 0.534062 0.545741 0.535182 0.544444 0.536146 0.543287
1 0.517667 0.581014 0.511286 0.587213 0.512646 0.593287 0.518109 0.602565 0.519169 0.601606 0.517276 0.598921 0.515279 0.594884 0.514362 0.588361 0.515982 0.590472 0.519437 0.594023 0.521383 0.596231 0.523865 0.600838 0.526349 0.607560 0.527880 0.612606 0.532529 0.611838 0.539492 0.613083 0.543490 0.611069 0.548781 0.603296 0.549914 0.601278 0.548081 0.599264 0.544729 0.599838 0.541922 0.597824 0.539544 0.597532 0.537604 0.598014 0.535443 0.600417 0.534469 0.597440 0.534036 0.595134 0.532635 0.592829 0.531339 0.593981 0.526695 0.595708 0.522969 0.595708 0.521023 0.592444 0.519297 0.583903
2 0.539359 0.574181 0.531831 0.576532 0.522068 0.577773 0.522068 0.581060 0.522906 0.585273 0.535281 0.583722 0.538523 0.581991
1 0.541458 0.534412 0.540099 0.535032 0.539273 0.535417 0.538547 0.536495 0.537031 0.539560 0.536266 0.542162 0.535669 0.546662 0.536424 0.552995 0.537937 0.560968 0.539664 0.566245 0.539682 0.569403 0.539359 0.574181 0.538523 0.581991 0.538008 0.584856 0.538151 0.588491 0.538529 0.593384 0.539122 0.597514 0.539544 0.597532 0.540737 0.590704 0.541969 0.583639 0.542690 0.577977 0.545807 0.556111 0.545724 0.550162 0.543380 0.545551 0.540872 0.539750 0.540120 0.537375 0.541711 0.535593
7 0.527401 0.527690 0.524589 0.540907 0.528464 0.542130 0.530586 0.543463 0.532336 0.546241 0.535086 0.543019 0.536648 0.535245
1 0.520820 0.542884 0.521935 0.542241 0.523953 0.541278 0.525581 0.541542 0.528464 0.542130 0.530586 0.543463 0.532336 0.546241 0.533508 0.547542 0.534341 0.549352 0.535227 0.552356 0.535927 0.555833 0.535956 0.559907 0.535651 0.563282 0.534927 0.566764 0.534083 0.566708 0.534628 0.563176 0.534628 0.560176 0.534716 0.555569 0.534055 0.551602 0.532518 0.548069 0.530497 0.544694 0.528510 0.543514 0.526672 0.542657 0.524320 0.542282 0.521307 0.543782
1 0.531729 0.547852 0.530740 0.550537 0.529750 0.554750 0.529516 0.558778 0.529958 0.562111 0.530792 0.563500 0.530687 0.560259 0.531052 0.555352 0.531417 0.551556 0.531885 0.550259 0.532354 0.550352 0.532172 0.548361
1 0.531443 0.546370 0.528839 0.547019 0.529229 0.545167 0.528865 0.544889 0.527667 0.546741 0.523318 0.546278 0.523214 0.546833 0.524073 0.548130 0.525844 0.548731 0.527927 0.548315 0.530818 0.548130 0.531964 0.547343
2 0.557461 0.573495 0.556497 0.575255 0.555924 0.575810 0.553945 0.576690 0.551654 0.577384 0.552305 0.579097 0.557953 0.582213 0.562956 0.588097 0.564003 0.585583 0.564648 0.583361 0.561180 0.577769
2 0.552995 0.581833 0.553828 0.585074 0.555078 0.586787 0.557396 0.588778 0.559505 0.589611 0.562135 0.588037 0.559557 0.584704 0.556380 0.582157
2 0.551594 0.543125 0.548367 0.543079 0.546797 0.545231 0.545885 0.548241 0.545724 0.550162 0.545807 0.556111 0.542690 0.577977 0.543849 0.576384 0.545365 0.574074 0.547187 0.572778 0.547630 0.571019 0.548255 0.564352 0.548542 0.557269 0.547995 0.555046 0.547995 0.553704 0.548534 0.550981 0.548846 0.549593 0.549818 0.548241 0.551979 0.547407 0.552057 0.545648
1 0.553456 0.549634 0.553273 0.542134 0.552336 0.542412 0.552232 0.545884 0.551979 0.547407 0.551711 0.548574 0.553091 0.549176
1 0.551750 0.553306 0.550969 0.558306 0.550500 0.560528 0.548729 0.561824 0.549016 0.564324 0.549797 0.564417 0.551099 0.562889 0.552115 0.560481 0.552740 0.555898 0.552974 0.553861 0.552635 0.553120
1 0.557214 0.559000 0.553086 0.561250 0.551336 0.562713 0.550133 0.564319 0.549818 0.565000 0.549948 0.566296 0.549440 0.568125 0.549258 0.573106 0.550161 0.572569 0.550161 0.570426 0.550583 0.567426 0.551307 0.563782 0.557333 0.560676
1 0.557089 0.555731 0.558234 0.558231 0.558573 0.561194 0.558599 0.567491 0.558182 0.570731 0.557461 0.573495 0.556497 0.575255 0.555924 0.575810 0.553945 0.576690 0.551654 0.577384 0.551229 0.575176 0.554276 0.574620 0.556698 0.572167 0.557818 0.569065 0.558026 0.564343 0.557870 0.560824 0.556802 0.557398
1 0.549690 0.585620 0.553130 0.589412 0.557070 0.592019 0.561081 0.592514 0.563870 0.591829 0.566518 0.590282 0.568542 0.587556 0.570005 0.583218 0.571331 0.583463 0.570318 0.586565 0.568260 0.590407 0.565404 0.592944 0.562789 0.594125 0.560000 0.594620 0.554805 0.593009 0.551737 0.590903 0.549260 0.587616
1 0.523781 0.517255 0.523336 0.514028 0.524185 0.514315 0.524909 0.518616
5 0.509625 0.500352 0.508831 0.502167 0.511318 0.506685 0.512318 0.510407 0.513656 0.518880 0.516437 0.518005 0.518380 0.513787
2 0.539870 0.519597 0.540919 0.534157 0.540099 0.535032 0.539273 0.535417 0.537458 0.533194 0.536362 0.531361 0.536362 0.531361 0.537935 0.519097
1 0.533880 0.477542 0.533977 0.462468 0.534917 0.461824 0.535638 0.477889
2 0.526695 0.462324 0.530255 0.476319 0.533880 0.477542 0.533818 0.474542 0.532193 0.472764 0.528693 0.461426
2 0.561029 0.545028 0.565510 0.558139 0.564208 0.559167 0.561388 0.559037 0.557846 0.547083
2 0.551352 0.539514 0.543042 0.520870 0.545784 0.516852 0.554901 0.537292 0.552359 0.541449
2 0.473529 0.558181 0.478828 0.571634 0.479107 0.575042 0.475760 0.576282 0.472555 0.563639
2 0.557073 0.530282 0.555688 0.531139 0.550927 0.527657 0.553187 0.533500 0.555448 0.535051 0.556471 0.534944 0.557737 0.532426
2 0.541034 0.517264 0.539870 0.519597 0.541589 0.525000 0.543099 0.526481 0.545911 0.527315 0.543042 0.520870
9 0.472698 0.578505 0.470831 0.578773 0.471974 0.583273 0.473542 0.582523
9 0.482346 0.580005 0.480443 0.579324 0.476570 0.580977 0.477094 0.582556 0.480927 0.582125 0.483831 0.583843
9 0.493109 0.555074 0.491331 0.558287 0.493320 0.562037 0.494586 0.557537
9 0.484924 0.542167 0.484430 0.540407 0.485159 0.539574 0.487398 0.537907 0.487555 0.542398
1 0.495208 0.565088 0.500513 0.566213 0.503104 0.565032 0.503193 0.567282 0.501055 0.569319 0.498312 0.568889 0.495510 0.567819 0.494487 0.565620
9 0.533508 0.559769 0.532622 0.560000 0.531268 0.560463 0.530956 0.562222 0.531867 0.563843 0.533117 0.564491 0.534081 0.564074 0.534523 0.562778 0.534393 0.561389
2 0.537367 0.613310 0.535107 0.618329 0.534987 0.624065 0.537849 0.626218 0.539424 0.621056 0.540229 0.615176
2 0.521794 0.519500 0.519440 0.525421 0.518552 0.526250 0.517432 0.525917 0.516104 0.527333 0.516990 0.531116 0.520336 0.528130 0.523146 0.527843 0.523576 0.525551 0.524008 0.521125
2 0.515758 0.530593 0.513771 0.533273 0.513906 0.540741 0.515698 0.542324 0.518289 0.540986
9 0.513799 0.528236 0.514552 0.527486 0.515216 0.530111 0.513831 0.532468
9 0.516437 0.542903 0.517141 0.541977 0.518289 0.540986 0.518573 0.541792 0.518625 0.543134 0.517531 0.544569 0.517219 0.544037
10 0.531016 0.549259 0.528828 0.549167 0.527448 0.549444 0.526563 0.550278 0.526172 0.551528 0.526068 0.553704 0.526589 0.556204 0.529479 0.553796 0.530740 0.550537
9 0.524492 0.542722 0.524180 0.543463 0.524232 0.545778 0.525143 0.546009 0.525924 0.542954
9 0.554367 0.551167 0.553091 0.549176 0.551711 0.548574 0.550982 0.548481 0.550307 0.549361 0.549758 0.548852 0.548846 0.549593 0.548534 0.550981 0.549888 0.552185 0.550878 0.552926 0.551740 0.552000 0.552674 0.552185 0.553120 0.553111 0.553172 0.554407 0.553716 0.554407 0.554263 0.553852
1 0.547000 0.576338 0.543849 0.576384 0.543667 0.577866 0.544760 0.578236 0.543901 0.580551 0.543432 0.582171 0.542625 0.581569 0.542260 0.584625 0.542547 0.584856 0.541557 0.588884 0.542591 0.588722 0.543763 0.584741 0.545464 0.579162 0.546870 0.578421
9 0.549143 0.590181 0.550133 0.590134 0.551018 0.591014 0.551122 0.591662 0.550758 0.593329 0.550263 0.593560 0.548648 0.592542
9 0.553396 0.593375 0.553370 0.595968 0.553943 0.596708 0.554620 0.596894 0.555479 0.596106 0.555844 0.594671 0.555401 0.593931 0.554151 0.593329
9 0.574875 0.594394 0.573833 0.592403 0.572062 0.592588 0.571620 0.593838 0.571750 0.595227 0.572089 0.596060 0.573625 0.596060 0.574536 0.597403 0.575448 0.597403
9 0.574536 0.597403 0.573625 0.596060 0.572089 0.596060 0.571745 0.596528 0.571536 0.597176 0.572031 0.598194 0.572891 0.599769 0.573646 0.599444 0.574245 0.598148
9 0.572031 0.598194 0.571276 0.597963 0.570130 0.598519 0.570130 0.599213 0.571641 0.601296 0.572240 0.601204 0.572604 0.599815
9 0.571422 0.582741 0.573682 0.590028 0.569826 0.587778 0.570849 0.585847
9 0.551362 0.540579 0.549641 0.540764 0.548367 0.542292 0.548367 0.543079 0.551594 0.543125 0.552013 0.541829
1 0.546901 0.573458 0.548359 0.574060 0.551354 0.571931 0.551693 0.572625 0.551380 0.574431 0.549193 0.575912 0.546536 0.574894
9 0.550849 0.584741 0.551057 0.582704 0.549365 0.581500 0.548010 0.581824 0.547073 0.582889 0.546602 0.585389 0.546159 0.586083 0.547112 0.585991 0.547581 0.584463 0.549638 0.583444
9 0.556219 0.543667 0.555828 0.543667 0.555464 0.543852 0.555255 0.544593 0.555177 0.545935 0.555620 0.546398 0.556323 0.546583 0.557000 0.545935 0.556896 0.544500
9 0.556766 0.546722 0.555776 0.546491 0.555255 0.546954 0.554839 0.548019 0.554943 0.549407 0.555464 0.550380 0.556271 0.550241 0.556818 0.549731 0.556948 0.548250
9 0.558068 0.548620 0.557130 0.548667 0.556818 0.549731 0.556792 0.551028 0.557339 0.551537 0.558224 0.551398 0.558563 0.549870
9 0.546758 0.532028 0.545846 0.532954 0.544544 0.532676 0.543372 0.534111 0.545664 0.537259 0.546237 0.536935 0.546732 0.534620 0.547695 0.533463
9 0.548372 0.535685 0.548008 0.535176 0.547409 0.535037 0.546732 0.535593 0.546497 0.537028 0.546914 0.537954 0.547591 0.538417 0.548164 0.538509 0.548555 0.537676 0.548945 0.536472
9 0.544102 0.535083 0.542487 0.536750 0.543581 0.538787 0.544883 0.536843
9 0.545932 0.537880 0.544969 0.537926 0.544500 0.538435 0.544474 0.540287 0.546063 0.540102
9 0.540776 0.537417 0.541479 0.536954 0.542417 0.537880 0.542885 0.538667 0.542833 0.540009 0.541870 0.539593
9 0.546438 0.539949 0.546698 0.539023 0.547591 0.538417 0.548286 0.539301 0.547948 0.540042 0.547115 0.540042
9 0.547583 0.540736 0.549198 0.538190 0.550240 0.539208 0.550396 0.540597 0.549406 0.540505 0.548677 0.541523
9 0.555276 0.554338 0.554677 0.554801 0.553219 0.556606 0.552542 0.558093 0.552672 0.559199 0.553557 0.558787 0.556500 0.556606 0.556396 0.555315
9 0.556581 0.557606 0.554109 0.559106 0.552753 0.560338 0.553086 0.561250 0.557214 0.559000
9 0.548255 0.564352 0.548854 0.564398 0.549818 0.565000 0.549948 0.566296 0.549453 0.566157 0.548333 0.567963 0.548021 0.568148
9 0.553531 0.566699 0.552750 0.566745 0.552385 0.567486 0.552750 0.569523 0.553531 0.569986 0.554365 0.568782 0.554234 0.567301
9 0.552125 0.567347 0.551266 0.567671 0.550849 0.568134 0.550901 0.570032 0.551500 0.570958 0.552229 0.570958 0.552620 0.569801
2 0.475271 0.530653 0.466964 0.539616 0.469232 0.541056 0.470846 0.544065 0.472219 0.548657 0.472628 0.549514 0.476174 0.547440 0.478406 0.547324 0.481612 0.543898
9 0.561404 0.563338 0.561042 0.562588 0.560198 0.562481 0.559716 0.562963 0.559505 0.564412 0.559596 0.566125 0.560380 0.566819 0.561133 0.566500 0.561583 0.565856 0.561885 0.564569
9 0.562490 0.559856 0.560591 0.559644 0.560591 0.562375 0.562398 0.562588
9 0.565865 0.562375 0.563302 0.562162 0.562096 0.564838 0.562638 0.566556 0.563513 0.565000 0.565742 0.564625
9 0.562266 0.568486 0.560156 0.569690 0.558932 0.570245 0.558594 0.571403 0.559635 0.574227 0.561302 0.572792 0.562161 0.571819 0.562917 0.571403 0.563333 0.571032 0.563464 0.569921 0.562995 0.569042
9 0.563578 0.572486 0.562120 0.573829 0.564229 0.580495 0.565349 0.579894 0.565818 0.578273
9 0.566406 0.582426 0.567760 0.583167 0.568594 0.585898 0.568438 0.586454 0.567552 0.586731 0.565651 0.585435
1 0.558612 0.558787 0.560331 0.558694 0.561388 0.559037 0.564208 0.559167 0.565708 0.559806 0.566490 0.562213 0.564693 0.561981 0.564276 0.560083 0.562490 0.559856 0.560591 0.559644 0.558859 0.560269
9 0.547089 0.577907 0.547818 0.581565 0.546359 0.584204 0.545786 0.579528
9 0.546901 0.573458 0.545677 0.573750 0.544271 0.575972 0.544896 0.576204 0.548177 0.576528 0.549401 0.576435 0.550599 0.575741 0.550729 0.575324 0.549427 0.575880 0.548021 0.575602 0.546302 0.574954
9 0.501323 0.588199 0.501687 0.591764 0.503432 0.590514 0.503016 0.588106
9 0.506401 0.598060 0.505828 0.601833 0.508510 0.601833 0.508745 0.599935
9 0.508263 0.624792 0.508909 0.627657 0.510563 0.626370 0.509674 0.622065
9 0.490784 0.610051 0.489943 0.612208 0.490549 0.613537 0.491810 0.611625
9 0.497672 0.637412 0.498755 0.640944 0.500201 0.640838 0.500534 0.639556 0.500383 0.636875 0.499237 0.635750
9 0.495279 0.628681 0.495956 0.627894 0.496841 0.629699 0.496112 0.630764
9 0.545352 0.588907 0.543737 0.589972 0.542643 0.591315 0.542409 0.592611 0.542940 0.593074 0.543789 0.591870 0.545445 0.590759
9 0.546029 0.583722 0.544883 0.583583 0.543763 0.584741 0.542591 0.588722 0.543867 0.588815 0.544388 0.588583 0.545560 0.586176 0.546159 0.586083 0.546602 0.585389
9 0.541070 0.592056 0.542940 0.593074 0.541922 0.597824 0.539544 0.597532 0.540500 0.592912
9 0.522974 0.535162 0.522089 0.537106 0.522427 0.538032 0.523469 0.537199 0.523911 0.536690 0.523911 0.535069
9 0.524510 0.529051 0.525682 0.529421 0.525865 0.530532 0.525813 0.531505 0.524771 0.531597 0.524198 0.531227
9 0.525266 0.537292 0.524120 0.536551 0.522583 0.540208 0.522974 0.541736 0.523953 0.541278 0.524589 0.540907
9 0.545479 0.545199 0.544073 0.544366 0.543031 0.544319 0.543380 0.545551 0.544359 0.547514
9 0.548005 0.542097 0.544750 0.540523 0.541339 0.540569 0.542797 0.543625 0.543760 0.543810 0.545922 0.544736
9 0.547997 0.588259 0.545445 0.590759 0.545471 0.591963 0.546096 0.592843 0.546878 0.592241 0.548987 0.589417
9 0.549638 0.583444 0.547581 0.584463 0.547112 0.585991 0.545628 0.586824 0.545445 0.590759 0.548492 0.587611 0.549690 0.585620
2 0.560005 0.554157 0.558443 0.552769 0.554562 0.550454 0.554367 0.551167 0.554263 0.553852 0.557948 0.556009 0.559771 0.556843
9 0.533826 0.552662 0.532576 0.552569 0.531508 0.555162 0.531638 0.556921 0.532471 0.554792 0.533799 0.555810 0.534294 0.555347
9 0.529432 0.555171 0.527687 0.555449 0.527766 0.556560 0.528365 0.558690 0.529380 0.558319 0.529354 0.556606
9 0.527435 0.543833 0.527070 0.545778 0.528164 0.545037 0.528320 0.544481 0.528112 0.543556
9 0.553518 0.524176 0.552133 0.524444 0.551349 0.525569 0.551831 0.528301 0.553458 0.527338 0.554182 0.525676
2 0.533253 0.568690 0.531091 0.569292 0.531039 0.571329 0.531221 0.573597 0.531831 0.576532 0.539359 0.574181 0.539682 0.569403 0.539440 0.568444
1 0.539440 0.567102 0.531055 0.566500 0.530924 0.567843 0.539440 0.568444
1 0.530924 0.562856 0.533138 0.566745 0.532018 0.566421 0.531068 0.564287 0.530792 0.563500 0.530792 0.563500
10 0.486857 0.360051 0.484190 0.351060 0.480315 0.341171 0.481315 0.339065 0.488063 0.347505 0.493188 0.351949 0.496435 0.357944 0.501060 0.372829 0.503557 0.381384 0.502622 0.382269 0.507182 0.389380 0.509620 0.396486 0.505120 0.405597 0.508120 0.412593 0.508932 0.413593 0.509745 0.416704 0.507557 0.416815 0.505995 0.417815 0.504307 0.419704 0.504182 0.414259 0.503057 0.411148 0.502185 0.409375 0.500747 0.407708 0.499372 0.408042 0.499435 0.385491 0.497487 0.387630 0.497362 0.379713 0.496818 0.374569 0.496036 0.369907 0.491961 0.362181 0.490242 0.359727 0.488445 0.358847
1 0.485060 0.362921 0.485633 0.361810 0.486857 0.360051 0.488445 0.358847 0.490242 0.359727 0.491961 0.362181 0.496036 0.369907 0.496818 0.374569 0.497362 0.379713 0.497487 0.387630 0.494630 0.388495 0.493820 0.387949 0.494070 0.376509 0.492073 0.368287 0.489966 0.365296 0.488781 0.365606
10 0.419471 0.366454 0.420273 0.369056 0.420510 0.377801 0.419000 0.387139 0.418299 0.389634 0.418880 0.399389 0.418187 0.407319 0.417164 0.409676 0.416742 0.413801 0.422187 0.405093 0.423930 0.367597 0.425021 0.364611
1 0.397779 0.312343 0.394471 0.312407 0.391891 0.315282 0.389026 0.318435 0.387495 0.321801 0.386404 0.326468 0.385880 0.331634 0.385932 0.338954 0.387591 0.345815 0.389641 0.350421 0.392698 0.352681 0.395831 0.354125 0.400201 0.354449 0.402883 0.352574 0.405896 0.349574 0.407839 0.345292 0.409570 0.337963 0.410294 0.330644 0.410583 0.327167 0.408346 0.323958 0.409086 0.331287 0.408602 0.337338 0.407849 0.341681 0.406221 0.344782 0.406060 0.345907 0.404771 0.348347 0.402430 0.351218 0.399971 0.352648 0.396419 0.352648 0.393234 0.350931 0.391216 0.349444 0.389620 0.345750 0.388174 0.343069 0.387031 0.339005 0.386445 0.333963 0.386807 0.329088 0.387534 0.324208 0.389510 0.319694 0.391648 0.316468 0.394875 0.313884 0.397539 0.313810 0.399312 0.313741
2 0.567164 0.579407 0.570263 0.576310 0.566943 0.564329 0.563036 0.567023 0.564940 0.574403 0.566398 0.577722 0.566872 0.574218 0.567310 0.570653 0.567966 0.571106 0.567857 0.573634 0.567602 0.575972
10 0.427198 0.338454 0.425099 0.337736 0.421117 0.338273 0.421180 0.343718 0.419693 0.353134 0.417667 0.356856 0.415068 0.360333 0.415602 0.363171 0.416370 0.362861 0.418391 0.364347 0.419471 0.366454 0.425021 0.364611 0.426458 0.361278 0.428458 0.358611 0.430401 0.356292 0.429714 0.351181 0.428617 0.345755
7 0.528391 0.523347 0.533211 0.494597 0.540016 0.499125 0.536469 0.531759
10 0.508831 0.502167 0.507219 0.500375 0.504193 0.498796 0.500617 0.498815 0.497969 0.499139 0.495779 0.500435 0.493315 0.502060 0.490305 0.506764 0.487565 0.513903 0.487643 0.540588 0.492411 0.546986 0.497932 0.549065 0.502451 0.549366 0.506464 0.548912 0.509474 0.546241 0.511982 0.543412 0.513906 0.540741 0.513656 0.518880 0.512318 0.510407 0.511318 0.506685
5 0.550620 0.620440 0.549206 0.617194 0.548497 0.611745 0.548852 0.607662 0.550560 0.602634 0.553565 0.598546 0.555862 0.596769 0.558750 0.595616 0.561872 0.595407 0.565289 0.595931 0.569060 0.598338 0.572406 0.602361 0.574523 0.607819 0.575682 0.613032 0.575135 0.617634 0.574794 0.620787 0.572750 0.623699 0.570362 0.620657 0.567813 0.621019 0.563276 0.611579 0.563753 0.608542 0.563682 0.604792 0.562526 0.599699 0.559935 0.598005 0.557818 0.600065 0.556865 0.603699 0.556799 0.609032 0.558909 0.611338
5 0.493820 0.387949 0.494630 0.388495 0.497487 0.387630 0.499435 0.385491 0.499372 0.408042 0.499310 0.433255 0.498185 0.432255 0.495997 0.432477 0.494812 0.435032 0.493250 0.439917 0.486172 0.439023 0.486279 0.422991 0.493029 0.420111 0.493732 0.398898 0.491570 0.398944 0.491320 0.396611 0.492573 0.394500
8 0.463846 0.503514 0.476245 0.528546 0.504669 0.586463 0.502849 0.587787 0.462664 0.504736
8 0.500708 0.431880 0.505708 0.445907 0.505812 0.447667 0.505135 0.449426 0.504276 0.449889 0.503339 0.447574 0.501247 0.441361 0.500747 0.437477 0.499935 0.434810 0.499310 0.433255 0.500083 0.433083
8 0.503539 0.425236 0.504477 0.429495 0.506560 0.436995 0.507680 0.440468 0.507393 0.441579 0.507576 0.444264 0.506951 0.444403 0.505701 0.443894 0.502211 0.429125
5 0.496956 0.595634 0.501839 0.603593 0.499216 0.612199 0.493568 0.604097 0.496477 0.600532
1 0.433711 0.303384 0.430786 0.301662 0.428247 0.302023 0.425826 0.304319 0.423487 0.307546 0.421711 0.313426 0.421227 0.322102 0.422841 0.327338 0.424495 0.334148 0.427198 0.338454 0.427263 0.336130 0.425630 0.332810 0.424367 0.329208 0.423180 0.323833 0.422586 0.320185 0.422424 0.316347 0.423828 0.311259 0.425719 0.306648 0.427987 0.304056 0.429391 0.303866 0.431065 0.304250 0.432615 0.305046
17 0.431065 0.304250 0.430901 0.306565 0.430255 0.309528 0.427177 0.313847 0.428711 0.321856 0.426518 0.323769 0.425443 0.326171 0.425630 0.332810 0.424367 0.329208 0.423180 0.323833 0.422586 0.320185 0.422424 0.316347 0.423828 0.311259 0.425719 0.306648 0.427987 0.304056 0.429391 0.303866
17 0.422396 0.298384 0.423042 0.297579 0.425422 0.297148 0.426714 0.296213 0.427076 0.295282 0.428044 0.294782 0.429052 0.294852 0.430102 0.296861 0.430786 0.301662 0.428247 0.302023 0.425826 0.304319 0.423487 0.307546 0.421711 0.313426 0.421227 0.322102 0.422841 0.327338 0.424495 0.334148 0.427198 0.338454 0.425099 0.337736 0.421117 0.338273 0.421430 0.333167 0.421180 0.328167 0.416672 0.311727 0.418078 0.308560
1 0.475000 0.350236 0.476357 0.348375 0.478349 0.348130 0.480336 0.351662 0.482823 0.357852 0.483240 0.361144 0.480068 0.359282 0.476023 0.361019 0.474279 0.362630 0.474146 0.361194 0.476846 0.358796 0.476138 0.352843
16 0.421292 0.428505 0.415779 0.419745 0.416802 0.418190 0.416138 0.415301 0.416742 0.413801 0.422187 0.405093 0.424094 0.403477 0.427565 0.403222 0.430146 0.404111 0.432448 0.406963 0.434474 0.409866 0.436339 0.413866 0.435310 0.419051 0.429990 0.416815 0.426292 0.417509
5 0.490659 0.581042 0.497211 0.576579 0.499688 0.582032 0.493448 0.585505
10 0.421292 0.428505 0.415779 0.419745 0.413096 0.416421 0.408365 0.409352 0.408315 0.411398 0.412747 0.421060 0.420867 0.439120
10 0.474279 0.362630 0.474146 0.361194 0.471656 0.358894 0.469177 0.358509 0.465938 0.360236 0.464581 0.361676 0.459565 0.367630 0.458539 0.368972 0.457531 0.376389 0.455984 0.382926 0.456758 0.387741 0.461792 0.390495 0.464302 0.391722 0.468859 0.390620 0.468964 0.386282 0.469089 0.381806 0.469370 0.377431 0.470057 0.372125 0.471672 0.366963
16 0.430401 0.356292 0.428458 0.358611 0.426458 0.361278 0.425021 0.364611 0.423930 0.367597 0.422187 0.405093 0.424094 0.403477 0.427565 0.403222 0.430146 0.404111 0.429799 0.399648 0.429799 0.396056 0.431328 0.392315 0.432831 0.388310 0.434854 0.386139 0.437049 0.384653 0.436961 0.374949 0.436529 0.363509 0.436167 0.358500 0.434086 0.354741 0.432464 0.354407
10 0.482258 0.441694 0.482237 0.449565 0.481659 0.454449 0.483250 0.464472 0.483440 0.467463 0.492688 0.467796 0.493250 0.470796 0.494188 0.474019 0.495622 0.475796 0.497247 0.476463 0.498599 0.475435 0.501794 0.467162 0.501872 0.459134 0.502122 0.453023 0.501997 0.448139 0.501247 0.441361 0.500747 0.437477 0.499935 0.434810 0.499310 0.433255 0.498185 0.432255 0.495997 0.432477 0.494812 0.435032 0.493250 0.439917 0.482065 0.438699
1 0.551268 0.575713 0.551328 0.578981 0.552292 0.582194 0.554130 0.586639 0.555969 0.588625 0.557534 0.589694 0.560758 0.589963 0.562719 0.588731 0.563742 0.587014 0.564977 0.582838 0.566398 0.577722 0.566872 0.574218 0.567310 0.570653 0.567966 0.571106 0.567857 0.573634 0.567602 0.575972 0.567164 0.579407 0.565701 0.583907 0.564073 0.588782 0.561904 0.590764 0.560005 0.591032 0.558349 0.590981 0.555516 0.589907 0.554039 0.587875 0.552563 0.585301 0.550966 0.581981 0.550393 0.579731 0.550122 0.576301
2 0.557240 0.534954 0.553000 0.541227 0.554813 0.543579 0.556589 0.543208 0.559622 0.538435
2 0.415964 0.309259 0.421273 0.295190 0.420615 0.294255 0.425745 0.280815 0.427690 0.282162 0.428336 0.284273 0.422396 0.298384 0.418078 0.308560 0.416672 0.311727
13 0.415964 0.309259 0.421180 0.328167 0.421430 0.333167 0.421117 0.338273 0.421180 0.343718 0.419693 0.353134 0.417667 0.356856 0.415068 0.360333 0.412174 0.350690 0.407839 0.345292 0.409570 0.337963 0.410294 0.330644 0.410583 0.327167 0.408346 0.323958 0.407258 0.321134 0.410339 0.323958
10 0.433099 0.333236 0.436224 0.344102 0.438091 0.351569 0.438763 0.355875 0.438203 0.357120 0.436784 0.354639 0.435852 0.353644 0.433331 0.339870
10 0.428711 0.321856 0.426518 0.323769 0.425443 0.326171 0.425630 0.332810 0.427263 0.336130 0.428617 0.345755 0.429714 0.351181 0.430401 0.356292 0.432464 0.354407 0.434086 0.354741 0.432211 0.348292 0.430839 0.337074 0.430273 0.329634
10 0.415602 0.363171 0.416370 0.362861 0.418391 0.364347 0.419471 0.366454 0.420273 0.369056 0.420510 0.377801 0.419000 0.387139 0.418299 0.389634 0.417255 0.372662
10 0.391216 0.349444 0.394380 0.346986 0.397424 0.345000 0.402096 0.344685 0.406221 0.344782 0.406060 0.345907 0.404771 0.348347 0.402430 0.351218 0.399971 0.352648 0.396419 0.352648 0.393234 0.350931
10 0.389641 0.350421 0.387799 0.352083 0.386896 0.354222 0.384719 0.353769 0.405383 0.403139 0.408365 0.409352 0.413096 0.416421 0.415779 0.419745 0.416802 0.418190 0.416138 0.415301 0.416742 0.413801 0.417164 0.409676 0.418187 0.407319 0.418880 0.399389 0.417255 0.372662 0.415068 0.360333 0.412174 0.350690 0.407839 0.345292 0.405896 0.349574 0.402883 0.352574 0.400201 0.354449 0.395831 0.354125 0.392698 0.352681
13 0.399312 0.313741 0.397539 0.313810 0.394875 0.313884 0.391648 0.316468 0.389510 0.319694 0.387534 0.324208 0.386807 0.329088 0.386445 0.333963 0.387031 0.339005 0.388174 0.343069 0.389620 0.345750 0.391216 0.349444 0.394380 0.346986 0.397424 0.345000 0.402096 0.344685 0.406221 0.344782 0.407849 0.341681 0.408602 0.337338 0.409086 0.331287 0.408346 0.323958 0.407258 0.321134
10 0.406367 0.284176 0.396055 0.281773 0.391193 0.281292 0.389628 0.283889 0.389964 0.288491 0.392023 0.294431 0.395615 0.297583 0.399891 0.298301
5 0.476174 0.547440 0.472628 0.549514 0.482346 0.580005 0.492859 0.604898 0.496477 0.600532 0.497346 0.592301 0.491128 0.581764 0.487875 0.574829 0.478406 0.547324
5 0.509643 0.463755 0.510919 0.466833 0.511833 0.473972 0.511193 0.478681 0.508911 0.485495 0.507453 0.486954 0.504805 0.484032 0.501062 0.484519 0.500880 0.479977 0.499878 0.477866 0.498599 0.475435 0.501794 0.467162
5 0.500617 0.498815 0.499977 0.493296 0.499339 0.487134 0.497513 0.483565 0.493956 0.479667 0.491125 0.477398 0.487565 0.478856 0.484120 0.481921 0.488388 0.487134 0.489482 0.495569 0.488115 0.508875 0.484008 0.511468 0.485284 0.514389 0.486471 0.516500 0.487565 0.513903 0.490305 0.506764 0.493315 0.502060 0.495779 0.500435 0.497969 0.499139
2 0.408789 0.279736 0.421273 0.295190 0.410339 0.323958 0.397779 0.312343 0.395776 0.308699 0.399891 0.298301 0.406367 0.284176
13 0.408789 0.279736 0.406732 0.273426 0.402898 0.268833 0.400518 0.266181 0.390878 0.264389 0.377776 0.272421 0.369216 0.281750 0.364969 0.292634 0.362969 0.301296 0.379536 0.340995 0.384719 0.353769 0.386896 0.354222 0.387799 0.352083 0.389641 0.350421 0.387591 0.345815 0.385932 0.338954 0.385880 0.331634 0.386404 0.326468 0.387495 0.321801 0.389026 0.318435 0.391891 0.315282 0.394471 0.312407 0.397779 0.312343 0.395776 0.308699 0.399891 0.298301 0.395615 0.297583 0.392023 0.294431 0.389964 0.288491 0.389628 0.283889 0.391193 0.281292 0.396055 0.281773 0.406367 0.284176
5 0.487974 0.646343 0.505708 0.648583 0.526982 0.651144 0.526878 0.658523 0.487490 0.652208
2 0.462576 0.536546 0.466003 0.538954 0.469188 0.550644 0.478305 0.587718 0.480281 0.595245 0.480562 0.598759 0.477258 0.599264 0.475438 0.599843 0.474552 0.595176 0.476732 0.595176 0.465234 0.542250 0.463823 0.541968
10 0.441484 0.383931 0.440831 0.383847 0.439427 0.383704 0.439141 0.386250 0.439323 0.390694 0.439583 0.394815 0.440859 0.398657 0.441198 0.391019 0.440911 0.387083
10 0.437049 0.384653 0.434854 0.386139 0.432831 0.388310 0.431328 0.392315 0.429799 0.396056 0.429799 0.399648 0.430146 0.404111 0.432448 0.406963 0.434474 0.409866 0.436339 0.413866 0.435310 0.419051 0.437927 0.420218 0.440549 0.421546 0.438497 0.417032 0.437740 0.413000 0.438497 0.407051 0.439578 0.401861 0.438065 0.395338
10 0.473604 0.347662 0.476138 0.352843 0.476846 0.358796 0.474146 0.361194 0.471656 0.358894 0.469177 0.358509 0.465938 0.360236 0.464581 0.361676 0.459565 0.367630 0.458539 0.368972 0.457729 0.364463 0.456648 0.361194 0.459349 0.355630 0.463724 0.351403 0.469826 0.351597
10 0.438763 0.355875 0.438203 0.357120 0.439091 0.362019 0.439464 0.367574 0.439432 0.377954 0.439523 0.380194 0.440831 0.383847 0.441484 0.383931 0.442091 0.382519 0.443305 0.381356 0.445312 0.380944 0.444193 0.378704 0.441695 0.373796 0.441638 0.372042 0.443516 0.372171 0.443542 0.370694 0.442940 0.368611 0.442576 0.368611 0.442445 0.369815 0.441849 0.370088 0.440807 0.370088 0.440130 0.367037 0.440487 0.361741
10 0.489966 0.365296 0.488781 0.365606 0.483589 0.362009 0.483240 0.361144 0.480068 0.359282 0.476023 0.361019 0.474279 0.362630 0.471672 0.366963 0.470057 0.372125 0.469370 0.377431 0.469089 0.381806 0.468964 0.386282 0.468859 0.390620 0.487034 0.387116 0.487953 0.394606 0.487737 0.397579 0.483417 0.398255 0.484341 0.408324 0.485701 0.408829 0.488760 0.406833 0.491570 0.398944 0.491320 0.396611 0.492573 0.394500 0.493820 0.387949 0.494070 0.376509 0.492073 0.368287
10 0.464302 0.391722 0.487034 0.387116 0.487953 0.394606 0.487737 0.397579 0.483417 0.398255 0.484341 0.408324 0.484563 0.413995 0.483839 0.417588 0.477622 0.419449 0.474958 0.414704 0.469826 0.414833 0.462302 0.419477 0.461693 0.417991 0.461883 0.414255 0.462161 0.411435 0.461693 0.408273 0.460365 0.405713 0.463724 0.402648
1 0.542240 0.483194 0.538568 0.480185 0.535638 0.477889 0.533880 0.477542 0.530255 0.476319 0.530255 0.476319 0.529805 0.477750 0.536383 0.480190 0.542266 0.485185
1 0.493456 0.404644 0.493029 0.420111 0.486279 0.422991 0.486172 0.439023 0.482065 0.438699 0.481680 0.431926 0.481680 0.431926 0.481471 0.426750 0.483385 0.422269 0.483839 0.417588 0.484563 0.413995 0.484341 0.408324 0.485701 0.408829 0.488760 0.406833
1 0.499372 0.408042 0.500747 0.407708 0.502185 0.409375 0.503057 0.411148 0.504182 0.414259 0.504307 0.419704 0.504031 0.423120 0.503539 0.425236 0.502211 0.429125 0.500708 0.431880 0.500083 0.433083 0.499310 0.433255
2 0.515854 0.446727 0.516138 0.448806 0.514885 0.451819 0.512870 0.456407 0.510732 0.460139 0.508352 0.463935 0.501794 0.467162 0.501872 0.459134 0.502122 0.453023 0.501997 0.448139 0.501247 0.441361 0.503339 0.447574 0.504276 0.449889 0.505135 0.449426 0.505812 0.447667 0.505708 0.445907 0.505701 0.443894 0.506951 0.444403 0.507576 0.444264 0.509661 0.449278 0.511388 0.449116 0.512229 0.447787 0.513909 0.446625
16 0.502211 0.429125 0.505701 0.443894 0.505708 0.445907 0.500708 0.431880
16 0.504307 0.419704 0.505995 0.417815 0.507557 0.416815 0.509745 0.416704 0.512831 0.416806 0.516630 0.419718 0.518932 0.423190 0.521581 0.431741 0.521615 0.435028 0.518826 0.444074 0.515854 0.446727 0.513909 0.446625 0.512229 0.447787 0.511388 0.449116 0.509661 0.449278 0.507576 0.444264 0.507393 0.441579 0.507680 0.440468 0.506560 0.436995 0.504477 0.429495 0.503539 0.425236 0.504031 0.423120
2 0.462664 0.504736 0.458758 0.508324 0.458620 0.514134 0.460750 0.518838 0.464531 0.525310 0.471206 0.528301 0.473305 0.527139
2 0.474810 0.503468 0.479151 0.519185 0.477909 0.523310 0.475154 0.526190 0.463846 0.503514 0.469125 0.504468
2 0.474810 0.503468 0.479685 0.492139 0.484120 0.481921 0.488388 0.487134 0.489482 0.495569 0.488115 0.508875 0.484008 0.511468 0.477586 0.513134
2 0.463042 0.522773 0.459867 0.526755 0.462576 0.536546 0.466964 0.539616 0.475271 0.530653 0.473305 0.527139 0.471206 0.528301 0.464531 0.525310
2 0.466964 0.539616 0.469232 0.541056 0.470846 0.544065 0.472219 0.548657 0.472500 0.551884 0.472943 0.557727 0.472555 0.563639 0.471000 0.557532 0.470620 0.552634 0.469487 0.547264 0.468841 0.544477 0.467328 0.542366
2 0.475438 0.599843 0.477258 0.599264 0.480711 0.608639 0.484474 0.616931 0.486479 0.617426 0.487602 0.622236 0.490589 0.627069 0.493690 0.629157 0.490648 0.631995 0.489375 0.641014 0.488286 0.641880 0.487237 0.637148 0.486349 0.637366 0.483969 0.642167
2 0.487490 0.652208 0.487167 0.654417 0.486372 0.654000 0.483969 0.642167 0.486349 0.637366 0.487237 0.637148 0.488286 0.641880 0.487974 0.646343
2 0.496867 0.660838 0.497216 0.655940 0.495576 0.653583 0.487490 0.652208 0.487167 0.654417 0.487167 0.654417
1 0.478536 0.602713 0.479109 0.602713 0.481089 0.605028 0.483042 0.608315 0.484526 0.611139 0.485307 0.614056 0.485672 0.617111 0.484474 0.616931 0.483615 0.613500 0.481583 0.608593 0.480711 0.608639
2 0.490224 0.598898 0.489471 0.604093 0.488388 0.610361 0.487633 0.614588 0.487724 0.618181 0.487602 0.622236 0.489120 0.622546 0.489042 0.616806 0.489383 0.612269 0.491263 0.605569 0.491562 0.601940
2 0.489120 0.622546 0.492401 0.625546 0.495016 0.628644 0.496096 0.631370 0.495747 0.647301 0.487974 0.646343 0.488286 0.641880 0.489375 0.641014 0.490648 0.631995 0.493690 0.629157 0.490589 0.627069 0.487602 0.622236
5 0.297013 0.203889 0.288721 0.187306 0.294810 0.183389 0.308674 0.177398 0.311911 0.175097 0.316057 0.171644 0.321370 0.171644 0.331484 0.192037 0.343005 0.212407 0.357388 0.241662 0.371185 0.271329 0.373984 0.280079 0.374555 0.283259 0.376224 0.285444 0.376458 0.288046 0.372870 0.284847 0.369734 0.282472 0.366146 0.278491 0.361979 0.280648 0.359266 0.284731 0.335143 0.254995 0.306938 0.217222
5 0.357547 0.158755 0.356435 0.154731 0.355596 0.153046 0.355523 0.149398 0.359219 0.149204 0.362883 0.148806 0.362883 0.147792 0.358784 0.143718 0.358755 0.142060 0.361227 0.140282 0.364388 0.132481 0.363685 0.130005 0.362427 0.128514 0.362516 0.125519 0.365508 0.125852 0.372786 0.132907 0.378664 0.138218 0.384917 0.144190 0.389536 0.148009 0.395753 0.153481 0.403409 0.161954 0.415229 0.173750 0.423760 0.180292 0.433701 0.189894 0.442901 0.199713 0.447419 0.204171 0.447044 0.206278 0.448794 0.213167 0.449609 0.219051 0.456609 0.225056 0.455227 0.227278 0.454115 0.228287 0.453177 0.229907 0.451172 0.228051 0.449734 0.227046 0.447943 0.231296 0.446706 0.239412 0.439331 0.231185 0.439766 0.240181 0.440266 0.249509 0.434219 0.242505 0.424984 0.232806 0.411701 0.218213 0.396148 0.201894 0.379083 0.182597 0.362451 0.164551
5 0.384917 0.144190 0.377315 0.135782 0.371388 0.129644 0.368401 0.126907 0.368401 0.125662 0.370081 0.123171 0.374234 0.120435 0.375401 0.119190 0.376521 0.112801 0.377409 0.110560 0.381047 0.102597 0.383055 0.102264 0.383570 0.102500 0.384411 0.103250 0.410234 0.129417 0.441930 0.159255 0.468906 0.185454 0.466456 0.189551 0.466456 0.189551 0.465057 0.192620 0.463003 0.198014 0.461883 0.200171 0.461229 0.200088 0.460622 0.199009 0.459596 0.200333 0.460016 0.202412 0.458661 0.206560 0.456328 0.208051 0.456281 0.209546 0.454010 0.212546 0.447419 0.204171 0.442901 0.199713 0.433701 0.189894 0.423760 0.180292 0.415229 0.173750 0.403409 0.161954 0.395753 0.153481 0.389536 0.148009
5 0.464870 0.234852 0.462633 0.232213 0.459487 0.232356 0.457607 0.233384 0.456609 0.233602 0.453638 0.235727 0.452146 0.237019 0.450979 0.238903 0.451461 0.240102 0.462190 0.251861 0.474815 0.265917 0.494823 0.288435 0.498818 0.293671 0.507609 0.302417 0.525440 0.323931 0.533424 0.333111 0.534596 0.334616 0.535724 0.338417 0.535951 0.339593 0.531870 0.341514 0.530984 0.342181 0.531474 0.344005 0.539958 0.353324 0.541630 0.352431 0.541044 0.350500 0.541044 0.345296 0.543135 0.343958 0.546984 0.349014 0.548823 0.347676 0.548992 0.343065 0.552003 0.347676 0.554094 0.347227 0.554010 0.342917 0.556518 0.331167 0.559279 0.325815 0.562307 0.327806 0.563315 0.327157 0.562786 0.326019 0.559375 0.322639 0.557318 0.320694 0.553078 0.316412 0.551865 0.314755 0.550130 0.314398 0.547383 0.311681 0.544583 0.314171 0.542344 0.311602 0.540198 0.310602 0.538469 0.311185 0.536695 0.311269 0.514576 0.287454 0.489557 0.260986
5 0.451461 0.240102 0.449839 0.242657 0.446706 0.239412 0.439331 0.231185 0.439766 0.240181 0.440266 0.249509 0.440211 0.252102 0.437727 0.253926 0.434974 0.255463 0.433948 0.257000 0.436797 0.259120 0.445964 0.269815 0.464237 0.290875 0.480622 0.308231 0.488049 0.313931 0.500633 0.331287 0.511859 0.346162 0.517961 0.354032 0.521133 0.351491 0.526328 0.345542 0.531870 0.341514 0.535951 0.339593 0.535724 0.338417 0.534596 0.334616 0.533424 0.333111 0.525440 0.323931 0.507609 0.302417 0.498818 0.293671 0.494823 0.288435 0.474815 0.265917 0.462190 0.251861
