0 0.459521 0.231694 0.472755 0.222912 0.478932 0.237028 0.487711 0.261199 0.488760 0.266389 0.486547 0.272208 0.486805 0.276231 0.485779 0.278343 0.486211 0.282472 0.485888 0.292843 0.484107 0.299370 0.482917 0.300509 0.480237 0.306384 0.472865 0.317606 0.461117 0.324491 0.451682 0.325602 0.442560 0.325824 0.432815 0.316940 0.429940 0.310829 0.426958 0.302301 0.424755 0.297537 0.423216 0.289241 0.422935 0.275634 0.422844 0.267750 0.423216 0.263185 0.425922 0.261194 0.425219 0.256745 0.425273 0.245514 0.425435 0.243111 0.425003 0.240903 0.424591 0.237704 0.426128 0.233171 0.432188 0.232245 0.444047 0.239144
5 0.498281 0.449491 0.496503 0.452097 0.496693 0.455509 0.497812 0.458704 0.499089 0.460741 0.502013 0.459509 0.499846 0.455745 0.498320 0.450583
5 0.448641 0.379162 0.454135 0.399463 0.453635 0.401019 0.458333 0.414352 0.458906 0.424815 0.471286 0.417181 0.485195 0.408301 0.497937 0.396852 0.513664 0.383162 0.523651 0.374366 0.529206 0.369556 0.528927 0.368394 0.522766 0.355366 0.520151 0.348315 0.519406 0.347819 0.513620 0.335843 0.511307 0.338509 0.510932 0.340509 0.511536 0.341620 0.511797 0.342963 0.511823 0.344630 0.511068 0.346204 0.509974 0.346667 0.509349 0.345880 0.508880 0.343843 0.508807 0.342509 0.508057 0.349505 0.508984 0.349074 0.509974 0.349954 0.510521 0.351713 0.509505 0.353981 0.508359 0.353889 0.507370 0.353380 0.507188 0.352500 0.506747 0.354060 0.502997 0.360500 0.498563 0.363722 0.496000 0.364167 0.496328 0.365370 0.496198 0.368287 0.497346 0.369648 0.498156 0.371569 0.497940 0.373875 0.494917 0.369361 0.491893 0.367153 0.488057 0.366579 0.483523 0.367347 0.478500 0.370801 0.475206 0.374833 0.476245 0.374880 0.476906 0.375750 0.477115 0.377671 0.476732 0.379718 0.475688 0.379718 0.474344 0.378866 0.473586 0.381074 0.474500 0.381639 0.475198 0.383370 0.474953 0.384736 0.475094 0.386407 0.475023 0.388949 0.473370 0.389722 0.473370 0.389722 0.475693 0.395569 0.479258 0.397778 0.482714 0.398546 0.488112 0.397597 0.493081 0.393940 0.496214 0.389051 0.497833 0.384634 0.498482 0.381361 0.498211 0.375315 0.499076 0.375227 0.499453 0.378384 0.499224 0.382699 0.499964 0.381634 0.500961 0.381431 0.501729 0.382648 0.501872 0.384773 0.501503 0.386394 0.500305 0.386343 0.499651 0.386190 0.499076 0.385394 0.496698 0.391931 0.492810 0.396444 0.487573 0.399796 0.481849 0.400852 0.477745 0.399421 0.474289 0.395764 0.472831 0.391931 0.472076 0.388083 0.472076 0.383088 0.472669 0.379250 0.474667 0.373681 0.477906 0.368977 0.480878 0.366194 0.485628 0.364093 0.488815 0.363611 0.485003 0.360167 0.482318 0.356060 0.481193 0.351838 0.481005 0.347505 0.480737 0.349926 0.457576 0.352171 0.457888 0.356394 0.457638 0.360060 0.454076 0.368500 0.452659 0.371204 0.453672 0.371208 0.454404 0.372259 0.454437 0.374366 0.453427 0.375667 0.452659 0.375546 0.451615 0.373315
5 0.428659 0.371995 0.432224 0.380426 0.431711 0.376028 0.429331 0.361921 0.428956 0.353375 0.427742 0.353292 0.426951 0.353292 0.426781 0.355972 0.427552 0.365648
5 0.408586 0.266440 0.402865 0.270370 0.398219 0.273833 0.399516 0.278727 0.402107 0.283722 0.399299 0.286407 0.394979 0.289000 0.405375 0.314681 0.414195 0.336014 0.416581 0.335370 0.419977 0.337426 0.421135 0.340639 0.420990 0.344241 0.419544 0.349509 0.420628 0.352338 0.424594 0.346889 0.425055 0.346889 0.425115 0.347958 0.423547 0.350532 0.421227 0.353639 0.428659 0.371995 0.427552 0.365648 0.426781 0.355972 0.427232 0.349264 0.427164 0.346903 0.425807 0.344352 0.422362 0.336398 0.417302 0.322778 0.414411 0.316222 0.412820 0.312880 0.411737 0.309282 0.407036 0.297843 0.405573 0.293556 0.403148 0.287167 0.402914 0.280694 0.404969 0.272398
5 0.483659 0.352644 0.500971 0.344907 0.501893 0.350412 0.497794 0.352644 0.484745 0.357699 0.483073 0.355023
5 0.405573 0.293556 0.407036 0.297843 0.411737 0.309282 0.412276 0.311069 0.413078 0.308282 0.429250 0.322736 0.429940 0.310829 0.426958 0.302301 0.424755 0.297537 0.419250 0.299694 0.413508 0.299111 0.409589 0.297204
5 0.441328 0.353565 0.452870 0.352593 0.451701 0.354949 0.453326 0.357394 0.455451 0.359060 0.451951 0.364944 0.447266 0.374384 0.445888 0.369148 0.445898 0.369185 0.444909 0.365745 0.444310 0.363755 0.443164 0.359773
5 0.486805 0.276231 0.485779 0.278343 0.486211 0.282472 0.485888 0.292843 0.484107 0.299370 0.482917 0.300509 0.481297 0.344708 0.482380 0.339287 0.484378 0.333731 0.487065 0.329847 0.490875 0.326847 0.496312 0.325625 0.500622 0.326847 0.504435 0.330181 0.507120 0.334843 0.508182 0.335287 0.510182 0.337509 0.511620 0.334731 0.512432 0.332954 0.507214 0.319528 0.495602 0.295815
5 0.420977 0.322097 0.422052 0.325014 0.422703 0.324782 0.423430 0.325338 0.423901 0.326171 0.423690 0.327282 0.422909 0.327051 0.424102 0.330310 0.424435 0.330977 0.424716 0.329546 0.425563 0.329329 0.426370 0.329829 0.427500 0.332917 0.427258 0.334347 0.427177 0.336787 0.428211 0.338940 0.428573 0.330824 0.422089 0.323426
5 0.447953 0.397833 0.448828 0.405486 0.454263 0.418815 0.454823 0.414986 0.454070 0.414653 0.452885 0.410657 0.448823 0.393333
5 0.514018 0.453231 0.512701 0.451569 0.510487 0.445519 0.509552 0.443097 0.509638 0.441056 0.510956 0.439843 0.512445 0.439389 0.514914 0.446500 0.516104 0.449528 0.516701 0.451944
5 0.539453 0.402546 0.539880 0.398389 0.541284 0.394079 0.542773 0.398921 0.544177 0.402171 0.544049 0.404065 0.543156 0.405727
5 0.535729 0.427176 0.537677 0.429375 0.541805 0.433079 0.543677 0.435954 0.545336 0.437315 0.553930 0.433306 0.552271 0.427787 0.550312 0.422491 0.549208 0.422491 0.547505 0.420676 0.545677 0.420148
5 0.433687 0.354148 0.438620 0.353796 0.445128 0.379468 0.448823 0.393333 0.445279 0.382407 0.438516 0.364722 0.438122 0.363644 0.436893 0.359792 0.436411 0.359009 0.437133 0.357134 0.437193 0.355528 0.436411 0.354190 0.435596 0.354241 0.434935 0.355583 0.434896 0.356111
5 0.437641 0.385477 0.435589 0.385764 0.434563 0.387106 0.444721 0.411537 0.447010 0.416935 0.447852 0.416514 0.450698 0.410042 0.448828 0.405486 0.447953 0.397833 0.446292 0.398347 0.444846 0.395134 0.438411 0.376847 0.438281 0.382593 0.438695 0.387458 0.440268 0.393125 0.439703 0.393625 0.438896 0.391690 0.437807 0.387745
2 0.471594 0.477352 0.481344 0.500130 0.483521 0.504940 0.492195 0.551463 0.506969 0.626190 0.506698 0.628352 0.507786 0.628125 0.522555 0.639060 0.523581 0.637486 0.524375 0.633005 0.524469 0.629528 0.539076 0.634505 0.546589 0.637593 0.547641 0.614866 0.564320 0.601120 0.578130 0.588116 0.577732 0.584472 0.577333 0.580856 0.578404 0.577241 0.579909 0.575083 0.581797 0.574111 0.583430 0.575083 0.584646 0.578213 0.584521 0.582310 0.584375 0.585921 0.585734 0.590505 0.587224 0.594116 0.589383 0.594116 0.591833 0.595083 0.594266 0.600407 0.596299 0.603537 0.597805 0.602569 0.599565 0.600407 0.599964 0.594602 0.601052 0.592440 0.594536 0.567852 0.584375 0.530750 0.560708 0.454574 0.556904 0.442014 0.553930 0.433306 0.545336 0.437315 0.470794 0.474583
2 0.384057 0.262056 0.390497 0.246440 0.399974 0.225926 0.410654 0.203764 0.426195 0.172685 0.429875 0.164852 0.431833 0.166398 0.432193 0.168449 0.414336 0.205074 0.397346 0.240671 0.391417 0.252759 0.387971 0.262097 0.386357 0.262667 0.386784 0.264583 0.386247 0.266708
5 0.425219 0.256745 0.421437 0.256935 0.417930 0.258185 0.414094 0.260491 0.411503 0.263176 0.408586 0.266440 0.404969 0.272398 0.402914 0.280694 0.403148 0.287167 0.405573 0.293556 0.409589 0.297204 0.413508 0.299111 0.419250 0.299694 0.424755 0.297537 0.423216 0.289241 0.422935 0.275634 0.422844 0.267750 0.423216 0.263185 0.425922 0.261194
2 0.413078 0.308282 0.429250 0.322736 0.428815 0.328046 0.428573 0.330824 0.422089 0.323426 0.414917 0.314995 0.412820 0.312880 0.412276 0.311069
2 0.412820 0.312880 0.414411 0.316222 0.414411 0.316222 0.417302 0.322778 0.422362 0.336398 0.425807 0.344352 0.427164 0.346903 0.428253 0.345819 0.428065 0.341375 0.428211 0.338940 0.424102 0.330310 0.420977 0.322097 0.414917 0.314995
2 0.428956 0.353375 0.437690 0.374699 0.444846 0.395134 0.446292 0.398347 0.447953 0.397833 0.448823 0.393333 0.445279 0.382407 0.438122 0.363644 0.436893 0.359792 0.433687 0.354148
2 0.452870 0.352593 0.451701 0.354949 0.453326 0.357394 0.455451 0.359060 0.451951 0.364944 0.447266 0.374384 0.448641 0.379162 0.454076 0.368500 0.457638 0.360060 0.457888 0.356394 0.457576 0.352171
4 0.482917 0.300509 0.482161 0.322083 0.481297 0.344708 0.480737 0.349926 0.475049 0.350593 0.452870 0.352593 0.433687 0.354148 0.428956 0.353375 0.427742 0.353292 0.426951 0.353292 0.427232 0.349264 0.427164 0.346903 0.428253 0.345819 0.428065 0.341375 0.428815 0.328046 0.429940 0.310829 0.432815 0.316940 0.442560 0.325824 0.451682 0.325602 0.461117 0.324491 0.472865 0.317606 0.480237 0.306384
2 0.438620 0.353796 0.445128 0.379468 0.448823 0.393333 0.452885 0.410657 0.454070 0.414653 0.454823 0.414986 0.454013 0.421875 0.456391 0.439676 0.459570 0.446565 0.459271 0.431111 0.458333 0.414352 0.453635 0.401019 0.454135 0.399463 0.445888 0.369148 0.441328 0.353565
5 0.518594 0.378727 0.523651 0.374366 0.524919 0.373236 0.527128 0.374477 0.529260 0.375394 0.531906 0.377745 0.532901 0.380690 0.532422 0.383171 0.531099 0.384935 0.528818 0.385852 0.523891 0.382713
5 0.469146 0.470954 0.470201 0.463454 0.472904 0.457125 0.475276 0.454551 0.478958 0.451713 0.483438 0.451250 0.487135 0.453148 0.490443 0.456898 0.493203 0.463569 0.470794 0.474583
5 0.502013 0.459509 0.499846 0.455745 0.498320 0.450583 0.497878 0.442444 0.499503 0.435181 0.502208 0.430801 0.506849 0.427500 0.512253 0.427301 0.516979 0.429926 0.521016 0.435880 0.523083 0.442181 0.523776 0.444306 0.521435 0.444694 0.519518 0.446356 0.518922 0.447792 0.519646 0.448088 0.520497 0.446278 0.523687 0.445750 0.523560 0.447713 0.518997 0.450736 0.516701 0.451944 0.516104 0.449528 0.514914 0.446500 0.512445 0.439389 0.510956 0.439843 0.509638 0.441056 0.509552 0.443097 0.510487 0.445519 0.512701 0.451569 0.514018 0.453231
5 0.471719 0.437870 0.471286 0.433866 0.472547 0.432287 0.476234 0.431542 0.477448 0.430213 0.479969 0.428972 0.483187 0.429301 0.485427 0.430463 0.488555 0.434282 0.492661 0.437352 0.496953 0.438333 0.496956 0.442412 0.494435 0.445481 0.490982 0.447889 0.485195 0.448634 0.480154 0.447639 0.476982 0.445898 0.472081 0.439426 0.474927 0.434944 0.474786 0.433699
1 0.437362 0.377134 0.437443 0.384088 0.437807 0.387745 0.438896 0.391690 0.439703 0.393625 0.440268 0.393125 0.438695 0.387458 0.438281 0.382593 0.438411 0.376847 0.437690 0.374699
5 0.513664 0.383162 0.515870 0.385134 0.520687 0.386639 0.524990 0.387880 0.526745 0.386620 0.517781 0.379579
5 0.447602 0.419093 0.448245 0.418231 0.450786 0.422819 0.452763 0.424468 0.454497 0.425472 0.454659 0.426833 0.452482 0.425903 0.450677 0.424167 0.449497 0.422606
5 0.449497 0.422606 0.455141 0.437014 0.456044 0.436745 0.454659 0.426833 0.452482 0.425903 0.450677 0.424167
5 0.459406 0.439185 0.461185 0.439185 0.464771 0.437843 0.468385 0.434954 0.471461 0.430611 0.475016 0.424935 0.478076 0.419218 0.478771 0.416861 0.478740 0.412361 0.471286 0.417181 0.468880 0.418704 0.468880 0.418704 0.468630 0.420329 0.467094 0.422782 0.464646 0.425144 0.461313 0.427319 0.459073 0.427644 0.459271 0.431111
5 0.468385 0.434954 0.469422 0.434764 0.472979 0.430532 0.474906 0.427639 0.476594 0.425606 0.479583 0.420694 0.481385 0.415481 0.482169 0.411944 0.481776 0.410444 0.478740 0.412361 0.478771 0.416861 0.478076 0.419218 0.475016 0.424935 0.471461 0.430611
5 0.508323 0.426083 0.509802 0.426546 0.512453 0.424440 0.513846 0.421833 0.514823 0.416875 0.504922 0.406648 0.504573 0.408264 0.503979 0.409685 0.504583 0.409954 0.506917 0.412449 0.507891 0.416292 0.508385 0.420972
5 0.490997 0.423787 0.493378 0.427755 0.495758 0.428931 0.498922 0.429255 0.501393 0.429144 0.504646 0.427968 0.507268 0.426787 0.507565 0.424162 0.507526 0.419722 0.506810 0.415236 0.505245 0.411685 0.504164 0.413931 0.501760 0.416755 0.502271 0.417130 0.502633 0.417935 0.502633 0.419861 0.502031 0.420454 0.500945 0.420667 0.500674 0.419542 0.500583 0.418042 0.499375 0.418935 0.493378 0.423843 0.492443 0.422718 0.491823 0.422454 0.490604 0.421324 0.488768 0.421648
5 0.483740 0.425301 0.485427 0.430463 0.488555 0.434282 0.492661 0.437352 0.496953 0.438333 0.497828 0.438153 0.498906 0.438139 0.499503 0.435181 0.502208 0.430801 0.506849 0.427500 0.507242 0.427620 0.507268 0.426787 0.504646 0.427968 0.501393 0.429144 0.498922 0.429255 0.495758 0.428931 0.493378 0.427755 0.490997 0.423787 0.488768 0.421648 0.485938 0.420810 0.483255 0.421204
2 0.595466 0.451782 0.604451 0.483542 0.607716 0.481727 0.607716 0.486806 0.609247 0.494977 0.611596 0.492435 0.614331 0.495593 0.605625 0.475338
2 0.616281 0.500361 0.632219 0.538181 0.642398 0.563032 0.640797 0.570759 0.634544 0.574014 0.624096 0.545134 0.620620 0.530782 0.617784 0.515866 0.616745 0.507343
9 0.425214 0.307301 0.426424 0.307324 0.427437 0.308009 0.427612 0.309556 0.427542 0.310856 0.426706 0.311852 0.425310 0.311352 0.424961 0.310116 0.424932 0.309162
9 0.423190 0.309968 0.421964 0.310361 0.421719 0.312532 0.422346 0.314144 0.423357 0.314889 0.424055 0.314269 0.424370 0.313088 0.424333 0.311167 0.424411 0.310213
9 0.464828 0.374926 0.464372 0.373065 0.464870 0.370972 0.465419 0.370398 0.466534 0.370833 0.467023 0.372630 0.467372 0.375236 0.466013 0.376287
9 0.460469 0.378644 0.461237 0.377403 0.462492 0.377278 0.462945 0.378333 0.462979 0.380625 0.462073 0.381060 0.460922 0.381120 0.460435 0.380069
9 0.422052 0.325014 0.422703 0.324782 0.423430 0.325338 0.423901 0.326171 0.423690 0.327282 0.422909 0.327051
9 0.434896 0.356111 0.434935 0.355583 0.435596 0.354241 0.436411 0.354190 0.437193 0.355528 0.437133 0.357134 0.436411 0.359009
9 0.437031 0.358565 0.437977 0.356759 0.438852 0.357083 0.439242 0.358097 0.439273 0.359708 0.438820 0.360884 0.438008 0.361153 0.437404 0.360083
9 0.438219 0.362653 0.438669 0.361421 0.439453 0.360722 0.440297 0.361153 0.440659 0.363028 0.440599 0.365171 0.439935 0.365597 0.439333 0.365759 0.438521 0.364421
9 0.442669 0.356625 0.442904 0.355144 0.443971 0.355005 0.445013 0.355190 0.445221 0.356949 0.445091 0.358338 0.444232 0.358940 0.442930 0.358245 0.442643 0.357505
9 0.445091 0.358338 0.445625 0.357454 0.446510 0.356620 0.447240 0.356806 0.447604 0.357917 0.447630 0.359861 0.447109 0.361296 0.445911 0.361019 0.445026 0.359398
9 0.447604 0.357917 0.447943 0.356759 0.448984 0.356296 0.449974 0.356713 0.450156 0.358796 0.449922 0.360463 0.449193 0.361343 0.448203 0.360926 0.447630 0.359861
9 0.450352 0.360884 0.451107 0.359542 0.452044 0.359403 0.452721 0.360005 0.452773 0.362505 0.452435 0.363292 0.451602 0.363801 0.450742 0.363523
9 0.445586 0.361764 0.444648 0.362273 0.444310 0.363755 0.444909 0.365745 0.446185 0.365421 0.446784 0.364912 0.446784 0.362875 0.446393 0.361764
9 0.443164 0.359773 0.443398 0.359449 0.444232 0.358940 0.445026 0.359398 0.445911 0.361019 0.445586 0.361764 0.444648 0.362273 0.444310 0.363755
9 0.460365 0.359986 0.460331 0.357755 0.460958 0.356704 0.462734 0.356704 0.463432 0.358005 0.463120 0.360176 0.462839 0.361352 0.461096 0.361292
9 0.452659 0.371204 0.453672 0.371208 0.454404 0.372259 0.454437 0.374366 0.453427 0.375667 0.452659 0.375546 0.451615 0.373315
9 0.451021 0.379759 0.451336 0.378954 0.452904 0.378583 0.453427 0.379884 0.453427 0.382611 0.452659 0.383847 0.451057 0.383167 0.450742 0.381120
9 0.457086 0.389241 0.457958 0.387259 0.459492 0.387319 0.460260 0.388931 0.460156 0.391782 0.459284 0.392958 0.457958 0.392588 0.457193 0.391472
9 0.466534 0.370833 0.467216 0.369676 0.468190 0.369676 0.468958 0.369986 0.469482 0.371532 0.469029 0.374199 0.468016 0.374324 0.467023 0.372630
9 0.487349 0.380690 0.488503 0.379384 0.489753 0.379606 0.490003 0.381051 0.489440 0.383718 0.488753 0.384495 0.487891 0.383657
2 0.497063 0.397657 0.502552 0.404236 0.517273 0.419292 0.521237 0.423245 0.521016 0.425560 0.522602 0.427315 0.524065 0.427542 0.524448 0.426583 0.530523 0.432884 0.532945 0.435606 0.533932 0.435236 0.536255 0.431690 0.536464 0.429921 0.536255 0.429329 0.534810 0.427884 0.535729 0.427176 0.545677 0.420148 0.547505 0.420676 0.549208 0.422491 0.550312 0.422491 0.545786 0.407968 0.543156 0.405727 0.539453 0.402546 0.530672 0.393481 0.528813 0.393981 0.526154 0.391759 0.523073 0.392824 0.519036 0.392454 0.515495 0.390880 0.512690 0.388773 0.510378 0.386060
2 0.523083 0.442181 0.524516 0.441449 0.527036 0.438213 0.528388 0.435227 0.529276 0.431657 0.524448 0.426583 0.524065 0.427542 0.522602 0.427315 0.521016 0.425560 0.521237 0.423245 0.517273 0.419292 0.516302 0.418301 0.515042 0.419046 0.514154 0.420208 0.513846 0.421833 0.512453 0.424440 0.511542 0.427259 0.512253 0.427301 0.516979 0.429926 0.521016 0.435880
10 0.414195 0.336014 0.419544 0.349509 0.420990 0.344241 0.421135 0.340639 0.419977 0.337426 0.416581 0.335370
1 0.420628 0.352338 0.421227 0.353639 0.423547 0.350532 0.425115 0.347958 0.425055 0.346889 0.424604 0.346940
9 0.424435 0.330977 0.424716 0.329546 0.425563 0.329329 0.426370 0.329829 0.427500 0.332917 0.427258 0.334347 0.427177 0.336787
9 0.418490 0.307407 0.418169 0.306060 0.418385 0.304028 0.419357 0.304079 0.420471 0.305069 0.420750 0.306620 0.420260 0.307546
9 0.419357 0.304079 0.419174 0.303171 0.419313 0.301810 0.419940 0.301745 0.420917 0.302676 0.421232 0.303856 0.420471 0.305069
9 0.423190 0.309968 0.422492 0.308787 0.422354 0.307116 0.423505 0.306435 0.424341 0.306435 0.425214 0.307301 0.424932 0.309162 0.424411 0.310213
9 0.461016 0.368796 0.460190 0.366745 0.460016 0.364574 0.461516 0.363583 0.463154 0.363519 0.464617 0.363769 0.464721 0.367176 0.463919 0.367861 0.463083 0.367301 0.462352 0.367241 0.462352 0.368231
9 0.469482 0.371532 0.469760 0.370542 0.470805 0.370542 0.471294 0.372338 0.471049 0.373704 0.470143 0.374384 0.469445 0.373208
9 0.475206 0.374833 0.476245 0.374880 0.476906 0.375750 0.477115 0.377671 0.476732 0.379718 0.475688 0.379718 0.474344 0.378866 0.474180 0.377426
9 0.473586 0.381074 0.474500 0.381639 0.475198 0.383370 0.474953 0.384736 0.474117 0.384176 0.472932 0.384366
9 0.474953 0.384736 0.475094 0.386407 0.475023 0.388949 0.473370 0.389722 0.473370 0.389722 0.472776 0.385296 0.472932 0.384366 0.474117 0.384176
9 0.484906 0.383602 0.484909 0.382736 0.485081 0.380750 0.486094 0.379884 0.487349 0.380690 0.487766 0.382981 0.487383 0.384713 0.486964 0.385894 0.485849 0.385769
9 0.490003 0.381051 0.491130 0.381546 0.491854 0.382722 0.491885 0.384546 0.491253 0.385991 0.489956 0.385884 0.489505 0.384866 0.489440 0.383718
9 0.490318 0.381236 0.490349 0.380056 0.491010 0.378449 0.492669 0.378074 0.493120 0.379519 0.493091 0.382250 0.492818 0.383162 0.491854 0.382722 0.491130 0.381546
9 0.493891 0.365819 0.493828 0.365370 0.494297 0.364259 0.496000 0.364167 0.496328 0.365370 0.496198 0.368287 0.495188 0.367153 0.493945 0.367634
9 0.499224 0.382699 0.499964 0.381634 0.500961 0.381431 0.501729 0.382648 0.501872 0.384773 0.501503 0.386394 0.500305 0.386343 0.499651 0.386190 0.499076 0.385394
9 0.500706 0.378241 0.501474 0.376519 0.502812 0.376319 0.503552 0.377940 0.503495 0.380421 0.503039 0.381889 0.501701 0.381787 0.500961 0.380421
9 0.502422 0.371667 0.503154 0.373838 0.504094 0.374597 0.505091 0.373940 0.505404 0.372671 0.504977 0.370699 0.504320 0.370042
9 0.504646 0.360426 0.504620 0.358111 0.505635 0.356769 0.506729 0.356676 0.507432 0.357417 0.507563 0.360194 0.506964 0.361815 0.505219 0.362000
9 0.508370 0.364176 0.509255 0.363574 0.510505 0.364361 0.510635 0.366491 0.509854 0.367694 0.508214 0.367694
9 0.508057 0.349505 0.508984 0.349074 0.509974 0.349954 0.510521 0.351713 0.509505 0.353981 0.508359 0.353889 0.507370 0.353380 0.507188 0.352500
9 0.508807 0.342509 0.508880 0.343843 0.509349 0.345880 0.509974 0.346667 0.511068 0.346204 0.511823 0.344630 0.511797 0.342963 0.511536 0.341620 0.510932 0.340509
1 0.523687 0.445750 0.526094 0.445463 0.526042 0.444306 0.523776 0.444306 0.521435 0.444694 0.519518 0.446356 0.518922 0.447792 0.519646 0.448088 0.520497 0.446278
2 0.496953 0.438333 0.497828 0.438153 0.497878 0.442444 0.498281 0.449491 0.496503 0.452097 0.495352 0.452718 0.493958 0.453083 0.491307 0.451852 0.490297 0.450611 0.490018 0.448000 0.490982 0.447889 0.494435 0.445481 0.496956 0.442412
9 0.498385 0.420935 0.498474 0.420023 0.499375 0.418935 0.500344 0.419593 0.500523 0.421468 0.500224 0.422435 0.498685 0.422486
9 0.500583 0.418042 0.500674 0.419542 0.500945 0.420667 0.502031 0.420454 0.502633 0.419861 0.502633 0.417935 0.502271 0.417130 0.501760 0.416755
2 0.492443 0.422718 0.492414 0.421213 0.494221 0.419444 0.497354 0.416819 0.499404 0.414301 0.501453 0.412644 0.502958 0.410338 0.503461 0.410435 0.505245 0.411685 0.504164 0.413931 0.501760 0.416755 0.500583 0.418042 0.499375 0.418935 0.493378 0.423843
2 0.534357 0.434528 0.536901 0.438245 0.537669 0.439176 0.538016 0.440787 0.536422 0.441796 0.535979 0.439944 0.534807 0.438046 0.533583 0.437630 0.529547 0.438417 0.526865 0.440037 0.524729 0.442907 0.524516 0.441449 0.527036 0.438213 0.528388 0.435227 0.529276 0.431657 0.530523 0.432884 0.532945 0.435606 0.533932 0.435236
2 0.525854 0.443282 0.527664 0.444301 0.529320 0.444889 0.531971 0.443120 0.535591 0.442111 0.535307 0.440537 0.534680 0.439333 0.530956 0.439935 0.528698 0.440648 0.526323 0.442806
2 0.476982 0.445898 0.475797 0.444296 0.470831 0.442856 0.469156 0.444870 0.468669 0.450343 0.468831 0.456870 0.472396 0.458120 0.472904 0.457125 0.475276 0.454551 0.478958 0.451713 0.483438 0.451250 0.487135 0.453148 0.490443 0.456898 0.491620 0.459653 0.493672 0.456102 0.495352 0.452718 0.493958 0.453083 0.491307 0.451852 0.490297 0.450611 0.490018 0.448000 0.485195 0.448634 0.480154 0.447639
10 0.489826 0.283148 0.491198 0.281431 0.494828 0.280352 0.497247 0.280065 0.498701 0.281356 0.500151 0.281000 0.501326 0.280088 0.502133 0.281667 0.501971 0.287329 0.502294 0.290917 0.503823 0.298352 0.505315 0.303875 0.506289 0.307556 0.504648 0.308606 0.502487 0.309972 0.495586 0.295778
10 0.505318 0.282023 0.507214 0.283671 0.508909 0.288694 0.512016 0.295005 0.512055 0.298301 0.511005 0.301384 0.509755 0.303463 0.509635 0.302245 0.508424 0.301671 0.508182 0.300093 0.506247 0.292852 0.505117 0.287185 0.504995 0.282528
2 0.546589 0.637593 0.546771 0.638981 0.536182 0.644463 0.534969 0.643134 0.526148 0.640894 0.520547 0.639981 0.520547 0.638491 0.522555 0.639060 0.523581 0.637486 0.524375 0.633005 0.524469 0.629528 0.539076 0.634505
13 0.386247 0.266708 0.394979 0.289000 0.399299 0.286407 0.402107 0.283722 0.399516 0.278727 0.398219 0.273833 0.402865 0.270370 0.408586 0.266440 0.411503 0.263176 0.414094 0.260491 0.417930 0.258185 0.421437 0.256935 0.425219 0.256745 0.425273 0.245514 0.425435 0.243111 0.425003 0.240903 0.422628 0.240134 0.415607 0.240810 0.406698 0.242824 0.400865 0.245801 0.396167 0.249931 0.393737 0.253287 0.392711 0.251463 0.392172 0.251273 0.391417 0.252759 0.392117 0.255782 0.387971 0.262097 0.386357 0.262667 0.386784 0.264583
1 0.481297 0.344708 0.482380 0.339287 0.484378 0.333731 0.487065 0.329847 0.490875 0.326847 0.496312 0.325625 0.500622 0.326847 0.504435 0.330181 0.507120 0.334843 0.508182 0.335287 0.510182 0.337509 0.511620 0.334731 0.512432 0.332954 0.513807 0.332398 0.514182 0.333509 0.513620 0.335843 0.511307 0.338509 0.510932 0.340509 0.508807 0.342509 0.508057 0.349505 0.506747 0.354060 0.502997 0.360500 0.498563 0.363722 0.496000 0.364167 0.492500 0.364500 0.488815 0.363611 0.485003 0.360167 0.482318 0.356060 0.481193 0.351838 0.481005 0.347505
1 0.472669 0.379250 0.474667 0.373681 0.477906 0.368977 0.480878 0.366194 0.485628 0.364093 0.488815 0.363611 0.493891 0.365819 0.493945 0.367634 0.495188 0.367153 0.497346 0.369648 0.498156 0.371569 0.497940 0.373875 0.494917 0.369361 0.491893 0.367153 0.488057 0.366579 0.483523 0.367347 0.478500 0.370801 0.475206 0.374833 0.474180 0.377426 0.474344 0.378866 0.473586 0.381074 0.472776 0.385296 0.473370 0.389722 0.475693 0.395569 0.479258 0.397778 0.482714 0.398546 0.488112 0.397597 0.493081 0.393940 0.496214 0.389051 0.497833 0.384634 0.498482 0.381361 0.498211 0.375315 0.499076 0.375227 0.499453 0.378384 0.499076 0.385394 0.496698 0.391931 0.492810 0.396444 0.487573 0.399796 0.481849 0.400852 0.477745 0.399421 0.474289 0.395764 0.472831 0.391931 0.472076 0.388083 0.472076 0.383088
1 0.497995 0.408009 0.504583 0.409954 0.506917 0.412449 0.507891 0.416292 0.508385 0.420972 0.508323 0.426083 0.508214 0.427426 0.507242 0.427620 0.507565 0.424162 0.507526 0.419722 0.506810 0.415236 0.505245 0.411685 0.503461 0.410435 0.498125 0.409306
1 0.462057 0.453426 0.466362 0.445546 0.470143 0.440319 0.471719 0.437870 0.474786 0.433699 0.474927 0.434944 0.472081 0.439426 0.466224 0.447954 0.462862 0.455088
1 0.517781 0.379579 0.526745 0.386620 0.528177 0.387639 0.529661 0.388380 0.531424 0.388926 0.531424 0.387292 0.528818 0.385852 0.523891 0.382713 0.518594 0.378727
1 0.511065 0.385361 0.514563 0.388162 0.519089 0.390694 0.523422 0.391139 0.525589 0.390176 0.528177 0.387639 0.528888 0.387986 0.526573 0.391574 0.523073 0.392824 0.519036 0.392454 0.515495 0.390880 0.512690 0.388773 0.510378 0.386060
1 0.532422 0.383171 0.536849 0.388935 0.539776 0.393162 0.540805 0.395815 0.540151 0.397639 0.537161 0.391991 0.533289 0.387185 0.531888 0.383949
1 0.458969 0.426208 0.461469 0.425190 0.464255 0.423662 0.466365 0.421579 0.467865 0.419259 0.468880 0.418704 0.468630 0.420329 0.467094 0.422782 0.464646 0.425144 0.461313 0.427319 0.459073 0.427644
1 0.525174 0.444287 0.526323 0.442806 0.528698 0.440648 0.530956 0.439935 0.534680 0.439333 0.535307 0.440537 0.535591 0.442111 0.536422 0.441796 0.535979 0.439944 0.534807 0.438046 0.533583 0.437630 0.529547 0.438417 0.526865 0.440037 0.524729 0.442907 0.523776 0.444306
1 0.491620 0.459653 0.492109 0.460926 0.494271 0.457269 0.495833 0.453380 0.495885 0.452454 0.495352 0.452718 0.493672 0.456102
2 0.504922 0.406648 0.504573 0.408264 0.503979 0.409685 0.497995 0.408009 0.498125 0.409306 0.502958 0.410338 0.501453 0.412644 0.499404 0.414301 0.497354 0.416819 0.494221 0.419444 0.492414 0.421213 0.492443 0.422718 0.491823 0.422454 0.490604 0.421324 0.489320 0.420912 0.487096 0.419630 0.485724 0.418583 0.484810 0.416495 0.484023 0.417074 0.482979 0.416958 0.482846 0.415681 0.483633 0.413356 0.483370 0.409171 0.485195 0.408301 0.487815 0.406847 0.492328 0.402662 0.493112 0.400917 0.494224 0.400338 0.494289 0.401153 0.495661 0.402546 0.497753 0.403009 0.499193 0.403361 0.500237 0.404171 0.501219 0.404986 0.502068 0.405218 0.502552 0.404236
5 0.297013 0.203889 0.288721 0.187306 0.294810 0.183389 0.308674 0.177398 0.311911 0.175097 0.316057 0.171644 0.321370 0.171644 0.331484 0.192037 0.343005 0.212407 0.357388 0.241662 0.371185 0.271329 0.373984 0.280079 0.374555 0.283259 0.376224 0.285444 0.376458 0.288046 0.372870 0.284847 0.369734 0.282472 0.366146 0.278491 0.361979 0.280648 0.359266 0.284731 0.335143 0.254995 0.306938 0.217222
5 0.357547 0.158755 0.356435 0.154731 0.355596 0.153046 0.355523 0.149398 0.359219 0.149204 0.362883 0.148806 0.362883 0.147792 0.358784 0.143718 0.358755 0.142060 0.361227 0.140282 0.364388 0.132481 0.363685 0.130005 0.362427 0.128514 0.362516 0.125519 0.365508 0.125852 0.372786 0.132907 0.378664 0.138218 0.384917 0.144190 0.389536 0.148009 0.395753 0.153481 0.403409 0.161954 0.415229 0.173750 0.423760 0.180292 0.433701 0.189894 0.442901 0.199713 0.447419 0.204171 0.447044 0.206278 0.448794 0.213167 0.449609 0.219051 0.456609 0.225056 0.455227 0.227278 0.454115 0.228287 0.453177 0.229907 0.451172 0.228051 0.449734 0.227046 0.447943 0.231296 0.446706 0.239412 0.439331 0.231185 0.439766 0.240181 0.440266 0.249509 0.434219 0.242505 0.424984 0.232806 0.411701 0.218213 0.396148 0.201894 0.379083 0.182597 0.362451 0.164551
5 0.384917 0.144190 0.377315 0.135782 0.371388 0.129644 0.368401 0.126907 0.368401 0.125662 0.370081 0.123171 0.374234 0.120435 0.375401 0.119190 0.376521 0.112801 0.377409 0.110560 0.381047 0.102597 0.383055 0.102264 0.383570 0.102500 0.384411 0.103250 0.410234 0.129417 0.441930 0.159255 0.468906 0.185454 0.466456 0.189551 0.466456 0.189551 0.465057 0.192620 0.463003 0.198014 0.461883 0.200171 0.461229 0.200088 0.460622 0.199009 0.459596 0.200333 0.460016 0.202412 0.458661 0.206560 0.456328 0.208051 0.456281 0.209546 0.454010 0.212546 0.447419 0.204171 0.442901 0.199713 0.433701 0.189894 0.423760 0.180292 0.415229 0.173750 0.403409 0.161954 0.395753 0.153481 0.389536 0.148009
5 0.464870 0.234852 0.462633 0.232213 0.459487 0.232356 0.457607 0.233384 0.456609 0.233602 0.453638 0.235727 0.452146 0.237019 0.450979 0.238903 0.451461 0.240102 0.462190 0.251861 0.474815 0.265917 0.494823 0.288435 0.498818 0.293671 0.507609 0.302417 0.525440 0.323931 0.533424 0.333111 0.534596 0.334616 0.535724 0.338417 0.535951 0.339593 0.531870 0.341514 0.530984 0.342181 0.531474 0.344005 0.539958 0.353324 0.541630 0.352431 0.541044 0.350500 0.541044 0.345296 0.543135 0.343958 0.546984 0.349014 0.548823 0.347676 0.548992 0.343065 0.552003 0.347676 0.554094 0.347227 0.554010 0.342917 0.556518 0.331167 0.559279 0.325815 0.562307 0.327806 0.563315 0.327157 0.562786 0.326019 0.559375 0.322639 0.557318 0.320694 0.553078 0.316412 0.551865 0.314755 0.550130 0.314398 0.547383 0.311681 0.544583 0.314171 0.542344 0.311602 0.540198 0.310602 0.538469 0.311185 0.536695 0.311269 0.514576 0.287454 0.489557 0.260986
5 0.451461 0.240102 0.449839 0.242657 0.446706 0.239412 0.439331 0.231185 0.439766 0.240181 0.440266 0.249509 0.440211 0.252102 0.437727 0.253926 0.434974 0.255463 0.433948 0.257000 0.436797 0.259120 0.445964 0.269815 0.464237 0.290875 0.480622 0.308231 0.488049 0.313931 0.500633 0.331287 0.511859 0.346162 0.517961 0.354032 0.521133 0.351491 0.526328 0.345542 0.531870 0.341514 0.535951 0.339593 0.535724 0.338417 0.534596 0.334616 0.533424 0.333111 0.525440 0.323931 0.507609 0.302417 0.498818 0.293671 0.494823 0.288435 0.474815 0.265917 0.462190 0.251861
