6 0.500313 0.544685 0.501651 0.544241 0.502404 0.540968 0.503573 0.541264 0.504828 0.543199 0.509260 0.558963 0.505747 0.561787 0.503826 0.564463 0.502987 0.560000 0.501984 0.558810 0.500060 0.550338 0.499560 0.547662
1 0.559159 0.596634 0.562195 0.597921 0.564076 0.599074 0.565594 0.599593 0.569424 0.600106 0.571810 0.601389 0.573255 0.601259 0.571232 0.598046 0.566026 0.595991 0.560461 0.593935 0.559521 0.593935 0.559232 0.594833
2 0.464690 0.470176 0.464411 0.473889 0.455177 0.473407 0.451776 0.473407 0.449870 0.471250 0.457711 0.469028 0.464784 0.468259
2 0.453495 0.452106 0.456932 0.455551 0.460055 0.459213 0.462367 0.461880 0.463492 0.462657 0.464242 0.464880 0.461766 0.464861 0.453828 0.466593 0.447977 0.468875 0.435880 0.456486 0.433896 0.454227 0.435893 0.451449 0.436008 0.453014 0.436333 0.453907 0.437010 0.452718 0.437346 0.450338 0.438341 0.449889 0.441352 0.450634 0.444112 0.449889 0.446464 0.449444 0.449328 0.449782
2 0.426898 0.471181 0.427492 0.468204 0.428951 0.464745 0.430570 0.461292 0.431622 0.458380 0.443234 0.470250 0.440219 0.471486 0.434711 0.474653 0.430771 0.478111
2 0.405812 0.406750 0.406560 0.408824 0.407773 0.410403 0.408518 0.410981 0.408706 0.411481 0.408471 0.412227 0.408333 0.413806 0.407854 0.415088 0.405971 0.414472 0.404068 0.412620 0.402898 0.409866 0.402898 0.409866 0.398393 0.402787 0.398201 0.401472 0.401880 0.399245 0.402872 0.398870 0.403479 0.399532 0.403198 0.400778 0.403721 0.403009 0.404187 0.403921 0.405065 0.404431
1 0.345859 0.270787 0.335984 0.284324 0.337010 0.286245 0.346891 0.272519
1 0.383643 0.266398 0.389284 0.254315 0.389862 0.253287 0.389122 0.257681 0.389609 0.258722 0.384961 0.268519
1 0.383344 0.271407 0.385279 0.270963 0.390779 0.261301 0.390029 0.259190 0.388716 0.261745 0.384961 0.268519 0.383031 0.269852
1 0.371846 0.280741 0.375471 0.278630 0.377281 0.276852 0.377469 0.275519 0.371284 0.277185
1 0.345979 0.303731 0.350792 0.301843 0.354852 0.299176 0.362724 0.290847 0.375471 0.278630 0.377281 0.276852 0.377469 0.275519 0.380281 0.273407 0.380219 0.275741 0.376781 0.279407 0.368284 0.288069 0.361849 0.295181 0.354164 0.303509 0.346729 0.306509
1 0.364724 0.294736 0.359531 0.300644 0.349466 0.311139 0.348854 0.309731 0.354164 0.303509 0.361849 0.295181 0.364599 0.292292
1 0.394365 0.269755 0.400424 0.276972 0.402461 0.277245 0.405656 0.277245 0.404755 0.275134 0.402523 0.273722 0.396693 0.267569 0.394990 0.265421 0.393490 0.268088
5 0.380518 0.271750 0.381544 0.270884 0.383344 0.271407 0.385279 0.270963 0.390779 0.261301 0.391880 0.263384 0.394234 0.264583 0.394990 0.265421 0.393490 0.268088 0.394365 0.269755 0.394935 0.270597 0.395260 0.276167 0.391719 0.275528 0.388719 0.275870 0.386880 0.279653 0.382818 0.288986 0.382221 0.286278 0.380919 0.278310 0.380219 0.275741 0.380281 0.273407
1 0.396953 0.272713 0.400424 0.276972 0.395260 0.276167 0.394935 0.270597
2 0.373284 0.303111 0.370690 0.306231 0.368096 0.310843 0.365922 0.314856 0.363664 0.313667 0.364854 0.312690 0.365919 0.310625 0.368349 0.306380 0.370188 0.303259 0.372177 0.301111 0.373911 0.299102 0.378792 0.293079 0.380203 0.291931 0.382818 0.288986 0.381172 0.293417 0.375565 0.300824
1 0.366849 0.292162 0.367534 0.290727 0.368503 0.290514 0.369781 0.292505 0.369661 0.293509 0.369297 0.295088 0.371003 0.296824 0.373383 0.299546 0.372177 0.301111 0.370036 0.299116 0.368987 0.297255 0.368422 0.294671 0.367333 0.293454
1 0.383719 0.310852 0.387693 0.314819 0.388651 0.313602 0.389768 0.311495 0.388617 0.310690 0.387781 0.311745 0.384469 0.308273 0.383841 0.308644 0.383143 0.310565
1 0.378716 0.307407 0.384365 0.314907 0.387693 0.314819 0.383719 0.310852 0.383143 0.310565 0.380633 0.307222 0.378820 0.305301 0.377495 0.304773 0.376719 0.302708 0.375161 0.301333 0.373284 0.303111 0.376135 0.306537 0.377531 0.306417
1 0.376029 0.309565 0.380628 0.315806 0.384365 0.314907 0.378716 0.307407 0.377531 0.306417 0.376135 0.306537 0.375867 0.307630
1 0.389755 0.313708 0.392581 0.311847 0.397138 0.308333 0.398107 0.308190 0.398307 0.309051 0.393023 0.313639 0.391490 0.314139
1 0.369115 0.321815 0.369208 0.320819 0.370469 0.320245 0.372849 0.317500 0.373828 0.315509 0.374716 0.316431 0.372802 0.319824 0.370888 0.324894 0.370375 0.323972
1 0.365008 0.315093 0.365661 0.318579 0.366034 0.323722 0.366174 0.326130 0.367247 0.330111 0.368602 0.329944 0.367435 0.326380 0.367294 0.324894 0.367714 0.323972 0.367807 0.322394 0.367107 0.317500 0.366781 0.315764 0.365922 0.314856 0.365008 0.314597
2 0.362677 0.328236 0.364456 0.326792 0.366112 0.325292 0.366034 0.323722 0.365661 0.318579 0.365008 0.315093 0.365008 0.314597 0.363664 0.313667 0.361854 0.315097 0.357693 0.316991 0.354919 0.320079 0.357729 0.324500 0.359753 0.325912 0.360602 0.326833
1 0.400773 0.354069 0.406945 0.350755 0.409479 0.350264 0.406672 0.352329 0.402898 0.355255 0.397672 0.357833 0.396576 0.359690 0.392956 0.358944 0.394102 0.357875 0.396193 0.356833 0.398576 0.355088
1 0.398534 0.337662 0.399904 0.334361 0.401398 0.331278 0.402406 0.331065 0.400914 0.334505 0.399422 0.338236 0.397807 0.340602 0.396354 0.341819 0.394997 0.342042 0.395164 0.340255 0.395667 0.340551 0.396617 0.339491
7 0.407250 0.427185 0.415951 0.421236 0.418208 0.422708 0.420216 0.441014
7 0.410437 0.436926 0.421180 0.446389 0.422727 0.459634 0.422630 0.461356 0.420695 0.459120 0.419438 0.454991 0.418469 0.453787 0.416823 0.453440 0.415180 0.448278 0.411695 0.440023
2 0.417414 0.287912 0.417331 0.303380 0.416661 0.307838 0.414234 0.309625 0.410219 0.316463 0.405870 0.322560 0.402859 0.327319 0.395667 0.340551 0.395164 0.340255 0.393826 0.336093 0.391734 0.332968 0.390062 0.328060 0.388474 0.323602 0.388388 0.319736 0.399263 0.308287
5 0.544661 0.529421 0.546490 0.528028 0.545672 0.514162 0.544047 0.514495 0.542234 0.514940 0.540484 0.516940 0.538984 0.520051 0.538612 0.525491 0.539365 0.526639 0.540935 0.528366 0.541854 0.529421 0.542177 0.530287 0.542427 0.531037
2 0.427187 0.406065 0.431146 0.406454 0.431708 0.407231 0.433958 0.406454 0.437081 0.403898 0.440331 0.401676 0.445055 0.397750 0.442344 0.401880 0.439151 0.405491 0.437602 0.407042 0.433633 0.412889
2 0.462224 0.393356 0.463453 0.390662 0.462151 0.388861 0.459820 0.388537 0.455388 0.388537 0.454562 0.388088 0.453979 0.389991 0.460362 0.396958
2 0.471237 0.398097 0.470484 0.401370 0.471237 0.403898 0.470401 0.407616 0.468651 0.407611 0.467349 0.409796 0.466771 0.411722 0.465885 0.415347 0.464211 0.419213 0.463674 0.417759 0.462956 0.416241 0.463375 0.414755 0.463375 0.412819 0.463953 0.412366 0.464096 0.407097 0.462578 0.407097 0.461161 0.403269 0.465862 0.392602 0.466294 0.391185 0.469490 0.391699 0.470484 0.393639
5 0.578135 0.670833 0.584742 0.671829 0.584630 0.668444 0.583958 0.666852 0.582391 0.666056 0.581271 0.664065 0.582279 0.662074 0.585078 0.661477 0.586534 0.663866 0.587990 0.664861 0.590229 0.669241 0.591461 0.671032 0.593141 0.672227 0.594372 0.675014 0.595156 0.675213 0.597060 0.671630 0.597732 0.673023 0.598404 0.671032 0.599299 0.666852 0.599076 0.664264 0.597172 0.661079 0.595828 0.657894 0.594932 0.654907 0.595828 0.653912 0.598849 0.657208 0.599898 0.660139 0.601849 0.659606 0.607695 0.667602 0.609193 0.665736 0.611443 0.668667 0.610841 0.670000 0.605458 0.682181 0.596724 0.701292 0.594206 0.708954 0.582672 0.705569 0.578023 0.704079 0.579255 0.698306 0.581271 0.693727 0.577240 0.693926 0.575000 0.694523 0.570409 0.696315 0.568729 0.695519 0.568393 0.693088 0.568841 0.691495 0.568617 0.682935 0.568729 0.681144 0.570409 0.679750 0.571305 0.675569 0.571529 0.673778 0.571529 0.670792 0.572536 0.669597 0.573544 0.668005 0.575000 0.671032 0.583174 0.685764 0.584406 0.685366 0.585078 0.682579
2 0.432510 0.216611 0.445854 0.225134 0.461414 0.233653 0.461013 0.251389 0.459589 0.252079 0.457773 0.255537 0.455313 0.264977 0.447034 0.297454 0.445206 0.309431 0.448497 0.330736 0.450893 0.343958 0.450221 0.344648 0.449068 0.345870 0.447992 0.347759 0.447708 0.344648 0.446734 0.343796 0.446346 0.345870 0.446930 0.348792 0.449547 0.353954 0.446255 0.354301 0.442862 0.354458 0.438120 0.350500 0.438224 0.347227 0.437706 0.346190 0.436021 0.346972 0.433560 0.348380 0.430643 0.345778 0.427625 0.346583 0.420461 0.338014 0.417883 0.335644 0.416651 0.333245 0.416536 0.327671 0.416445 0.315810 0.416661 0.307838 0.417331 0.303380 0.417414 0.287912 0.417464 0.278278 0.417633 0.267569 0.417633 0.253630 0.418411 0.245662 0.419536 0.242093 0.418531 0.239106 0.419432 0.235509 0.430917 0.217764
2 0.452844 0.283319 0.456620 0.267833 0.460102 0.255792 0.460102 0.258546 0.459521 0.261986 0.459424 0.264565 0.459232 0.271792 0.457393 0.303792 0.457281 0.315042 0.454370 0.324995 0.453271 0.327551 0.450424 0.320259 0.447242 0.313412 0.447414 0.309847
2 0.381820 0.320222 0.383948 0.323491 0.384432 0.325213 0.383271 0.327278 0.381336 0.328824 0.379982 0.327620 0.378820 0.328824 0.378336 0.330889 0.378432 0.332782 0.379594 0.333472 0.381529 0.331921 0.382786 0.332611 0.383078 0.334847 0.384044 0.336222 0.385497 0.336569 0.385786 0.339148 0.385786 0.341731 0.386464 0.343796 0.388497 0.345685 0.392659 0.347236 0.394305 0.346032 0.394786 0.342935 0.395164 0.340255 0.393917 0.337944 0.391594 0.336051 0.391734 0.332968 0.390062 0.328060 0.388474 0.323602 0.388388 0.319736 0.385885 0.318157 0.383367 0.317644
5 0.397005 0.398426 0.401349 0.393792 0.404253 0.392245 0.411414 0.387940 0.416641 0.385190 0.418964 0.384671 0.422156 0.382264 0.424091 0.382093 0.425253 0.381574 0.428737 0.381403 0.429609 0.380542 0.429029 0.378824 0.427964 0.375727 0.426802 0.374352 0.425448 0.374005 0.425156 0.370394 0.425156 0.368500 0.424479 0.362653 0.422060 0.356111 0.421091 0.353361 0.419253 0.352843 0.420026 0.348713 0.419349 0.346824 0.417510 0.346134 0.414802 0.346477 0.414221 0.349060 0.413253 0.350435 0.411703 0.351125 0.409479 0.350264 0.406672 0.352329 0.402898 0.355255 0.397672 0.357833 0.396414 0.360412 0.395833 0.363856 0.394961 0.366606 0.393995 0.368500 0.393122 0.370222 0.390414 0.371940 0.390898 0.374176
2 0.489195 0.419380 0.490701 0.415810 0.492122 0.412685 0.494466 0.410755 0.500823 0.417593 0.499818 0.420866 0.498898 0.424583 0.498062 0.430829 0.497227 0.431273 0.495469 0.428449 0.490701 0.424134 0.489279 0.421310
1 0.430771 0.478111 0.434711 0.474653 0.440219 0.471486 0.443234 0.470250 0.447977 0.468875 0.453828 0.466593 0.461766 0.464861 0.468893 0.464769 0.471703 0.465630 0.478102 0.466407 0.482690 0.467273 0.484201 0.468597 0.488555 0.470833 0.494846 0.474620 0.498875 0.477019 0.504398 0.481241 0.508070 0.484190 0.506573 0.485403 0.502305 0.482824 0.497013 0.478833 0.493724 0.475565 0.488690 0.474019 0.485310 0.471236 0.480562 0.470009 0.473641 0.469222 0.470885 0.468551 0.464784 0.468259 0.457711 0.469028 0.449870 0.471250 0.446063 0.472843 0.440096 0.475037 0.437964 0.475583 0.436807 0.477000 0.434529 0.478843 0.431904 0.481134
9 0.476857 0.449468 0.478219 0.449731 0.480974 0.449926 0.483081 0.448292 0.484969 0.448292 0.484974 0.449671 0.483716 0.450704 0.482555 0.453458 0.481104 0.453116 0.479362 0.455523 0.482070 0.464986 0.477107 0.460458 0.469461 0.452167 0.470956 0.449301 0.471794 0.449347 0.475305 0.449255
1 0.392128 0.382343 0.392008 0.384574 0.391320 0.386727 0.390836 0.388949 0.390958 0.390528 0.394521 0.396398 0.398393 0.402787 0.402898 0.409866 0.404089 0.412671 0.405971 0.414472 0.407854 0.415088 0.408240 0.415583 0.409635 0.415769 0.411724 0.416144 0.413292 0.416824 0.416279 0.419245 0.418578 0.421167 0.423180 0.424574 0.423216 0.425630 0.422727 0.426806 0.422451 0.427056 0.419169 0.424329 0.418266 0.423583 0.418208 0.422708 0.415951 0.421236 0.413281 0.420236 0.409654 0.418435 0.406620 0.417444 0.405331 0.416644 0.403714 0.414426 0.401523 0.411023 0.397177 0.404718 0.391831 0.394986 0.389505 0.390856 0.389398 0.389037 0.389776 0.387208 0.390747 0.384616 0.391232 0.382500 0.391289 0.381162 0.390961 0.380968 0.389076 0.381449 0.387078 0.383278 0.384536 0.385097 0.383620 0.383750 0.388372 0.380106 0.389719 0.378667 0.390531 0.378574 0.391612 0.378574 0.392206 0.379625
1 0.386169 0.388301 0.390849 0.384000 0.390747 0.384616 0.389776 0.387208 0.386815 0.389954
1 0.393349 0.383856 0.392008 0.384574 0.392128 0.382343 0.392867 0.381921
2 0.392568 0.402546 0.394760 0.400556 0.391831 0.394986 0.389505 0.390856 0.389398 0.389037 0.389776 0.387208 0.386815 0.389954 0.388086 0.392421 0.387945 0.394241
2 0.395880 0.393583 0.397005 0.398426 0.396440 0.399477 0.394521 0.396398 0.390958 0.390528 0.390836 0.388949 0.391320 0.386727 0.391560 0.386042 0.391813 0.386051 0.392016 0.386769 0.393224 0.388778 0.394234 0.390213 0.395039 0.390500
2 0.421521 0.342231 0.423357 0.344537 0.424490 0.344056 0.425797 0.345074 0.426643 0.346505 0.425497 0.346505 0.425135 0.348560 0.424992 0.350884 0.419253 0.352843 0.420026 0.348713 0.419349 0.346824 0.417510 0.346134 0.414802 0.346477 0.414221 0.349060 0.413424 0.348079 0.413479 0.347269 0.412411 0.347338 0.413281 0.343898 0.412096 0.342704 0.412458 0.341338 0.411758 0.340167 0.411151 0.339949 0.410260 0.339949 0.409576 0.339593 0.409456 0.338806 0.409698 0.338083 0.410341 0.337796 0.411109 0.337796 0.411839 0.338231 0.412036 0.337440 0.412201 0.336653 0.412560 0.336148 0.413005 0.336148 0.413836 0.338236 0.414581 0.338398 0.416651 0.333245 0.417883 0.335644 0.420461 0.338014 0.422729 0.340736
2 0.475641 0.344722 0.476016 0.347046 0.475763 0.349606 0.474201 0.350162 0.472388 0.351495 0.470833 0.350532 0.469620 0.349699 0.468828 0.349949 0.468128 0.350861 0.468734 0.351856 0.469516 0.353718 0.469406 0.354319 0.466474 0.354273 0.465341 0.354560 0.464693 0.354644 0.464552 0.357056 0.463630 0.356208 0.460865 0.353264 0.462656 0.350477 0.466216 0.341995 0.467102 0.344074 0.468315 0.344819 0.469065 0.344819 0.469391 0.344074 0.469766 0.342741 0.470089 0.341495 0.470133 0.340755 0.470276 0.339431 0.471070 0.339264 0.471719 0.340255 0.471714 0.343037 0.472685 0.342273 0.473656 0.341407 0.474107 0.342856
2 0.457893 0.366509 0.458453 0.365356 0.459154 0.364269 0.460586 0.365565 0.463687 0.368236 0.466365 0.372991 0.466432 0.373819 0.465594 0.373065 0.464940 0.373065 0.463594 0.375319 0.462339 0.375764 0.458909 0.370412 0.457706 0.369176
2 0.628562 0.644384 0.634555 0.644000 0.636716 0.642560 0.637255 0.641889 0.638336 0.642944 0.638984 0.643231 0.639523 0.643037 0.639578 0.641505 0.639630 0.638718 0.639578 0.637856 0.638443 0.637662 0.638174 0.636606 0.635419 0.636894 0.634286 0.637662 0.631854 0.638144 0.626456 0.638718 0.627049 0.637472 0.628076 0.634782 0.628992 0.631421 0.627859 0.631231 0.627482 0.632093 0.626617 0.632861 0.626023 0.634014 0.625536 0.636801 0.622807 0.637370 0.620021 0.637579 0.617294 0.637727 0.616039 0.638620 0.619393 0.644208 0.619948 0.642565 0.620745 0.642440 0.622190 0.643338 0.622911 0.644495
2 0.610599 0.630514 0.612779 0.635644 0.614451 0.639065 0.614870 0.639810 0.616039 0.638620 0.619393 0.644208 0.617924 0.648352 0.614591 0.655074 0.605146 0.639884 0.603914 0.638222 0.605753 0.637532 0.606661 0.635898 0.608211 0.632116 0.609276 0.627810
2 0.625841 0.647102 0.632635 0.654431 0.631625 0.656227 0.629888 0.660213 0.628227 0.664838 0.626997 0.666250 0.626708 0.668694 0.625914 0.670236 0.618339 0.659606 0.617924 0.659019 0.622911 0.644495
2 0.638591 0.665338 0.638591 0.666676 0.637922 0.668611 0.637922 0.670394 0.637253 0.672181 0.636917 0.673815 0.636750 0.675301 0.635661 0.677236 0.635411 0.678722 0.634909 0.679319 0.632065 0.679764 0.633237 0.676343 0.634156 0.673667 0.635661 0.670097 0.637336 0.665639
2 0.579094 0.666856 0.581151 0.670296 0.580424 0.670657 0.579378 0.670370 0.579094 0.670083 0.578135 0.670833 0.577117 0.669366 0.577482 0.666926 0.577958 0.666301 0.578609 0.665921
5 0.585469 0.658583 0.587055 0.661241 0.588128 0.663731 0.589109 0.665472 0.589063 0.666801 0.590229 0.669241 0.591461 0.671032 0.593141 0.672227 0.594372 0.675014 0.595156 0.675213 0.597060 0.671630 0.597182 0.670532 0.595154 0.667074 0.590383 0.661162 0.585755 0.656537 0.585375 0.657671
9 0.495102 0.465681 0.496690 0.464491 0.498029 0.462264 0.499115 0.461963 0.499031 0.460032 0.500536 0.458843 0.502128 0.458843 0.502797 0.458097 0.503549 0.456907 0.503138 0.453921 0.505648 0.453472 0.505648 0.451838 0.510521 0.454560 0.510102 0.457681 0.509513 0.460060 0.508016 0.462148 0.506758 0.464079 0.505891 0.469532 0.507016 0.471310 0.509451 0.472199 0.510763 0.473421 0.509487 0.474903 0.509823 0.476241 0.507982 0.481593 0.508070 0.484190 0.504398 0.481241 0.498875 0.477019 0.494846 0.474620 0.494516 0.473264 0.495352 0.472227 0.495938 0.469102
5 0.547932 0.605903 0.549523 0.606801 0.548458 0.609074 0.549089 0.610528 0.549667 0.608727 0.550896 0.609755 0.552318 0.609245 0.553068 0.609023 0.552729 0.606116 0.550503 0.579088 0.550245 0.579042 0.550245 0.579810 0.547859 0.580199 0.547138 0.580838 0.546052 0.581741 0.544391 0.583023 0.543596 0.584051 0.544464 0.585079 0.546125 0.585208 0.546271 0.585593 0.546125 0.586495 0.544969 0.586625 0.543378 0.587264 0.543089 0.589708 0.544159 0.590616 0.543674 0.591861 0.541948 0.590898 0.541716 0.591505 0.541885 0.592981 0.540849 0.596389 0.541138 0.598190 0.539982 0.598963 0.539448 0.600981 0.538172 0.604287 0.539292 0.611454 0.541281 0.614769 0.541406 0.610894 0.540471 0.609731 0.540893 0.608074 0.541406 0.608486 0.542945 0.607056 0.542706 0.602468 0.542906 0.600750 0.544029 0.601106 0.546190 0.604852
5 0.564523 0.608574 0.565594 0.599593 0.564076 0.599074 0.562195 0.597921 0.559159 0.596634 0.559232 0.594833 0.559521 0.593935 0.560461 0.593935 0.566026 0.595991 0.566620 0.593667 0.566836 0.591995 0.565977 0.589944 0.555622 0.574806 0.556648 0.588602 0.558813 0.614088 0.563872 0.615514
5 0.566937 0.611606 0.568456 0.611352 0.568456 0.609681 0.572143 0.609421 0.574797 0.614949 0.577253 0.618931 0.577406 0.620551 0.572956 0.621926 0.567245 0.626745 0.563664 0.631389 0.560026 0.628329 0.559174 0.617431 0.563872 0.618199 0.568281 0.619227 0.567922 0.616917 0.568427 0.616403 0.564813 0.615500 0.563872 0.615514 0.564120 0.611991 0.565057 0.611477
5 0.551070 0.615662 0.553630 0.616995 0.555112 0.635097 0.546471 0.621310 0.545214 0.622338 0.543323 0.617884 0.543977 0.616657 0.544063 0.612139 0.544995 0.613301 0.546208 0.614875 0.546727 0.614625 0.546867 0.613796 0.545885 0.611972 0.545893 0.610282 0.546820 0.612014 0.547570 0.613796 0.547883 0.615685 0.548695 0.615685 0.549589 0.615218
5 0.540438 0.562801 0.540818 0.561458 0.541896 0.560403 0.543516 0.560977 0.544526 0.562083 0.546849 0.563907 0.547760 0.564912 0.547760 0.566278 0.547326 0.566236 0.546078 0.564903 0.545141 0.565125 0.544516 0.565903 0.543953 0.566681 0.542508 0.567690 0.541529 0.568190 0.540125 0.568935 0.539430 0.568685 0.540034 0.567602 0.540346 0.565741 0.539612 0.565931 0.538953 0.566796 0.538500 0.568407 0.537594 0.568843 0.536383 0.569111 0.534930 0.569111 0.534807 0.568468 0.535010 0.567537 0.535536 0.567102 0.536302 0.566241 0.535898 0.566106 0.534888 0.565884 0.534083 0.565597 0.534083 0.564954 0.533839 0.564231 0.533273 0.563380 0.533273 0.562514 0.532143 0.561583 0.532026 0.560940 0.532922 0.560153 0.539370 0.560153 0.539930 0.561583
2 0.529602 0.565190 0.530852 0.564759 0.531617 0.565551 0.532221 0.565407 0.532102 0.562824 0.531698 0.561319 0.530674 0.562014 0.529156 0.564403
2 0.528956 0.566556 0.529117 0.568060 0.529156 0.569421 0.528956 0.570356 0.529503 0.570880 0.527826 0.571343 0.528229 0.566699
5 0.508115 0.545190 0.510716 0.544806 0.512742 0.545190 0.514693 0.546347 0.516357 0.545958 0.516932 0.544046 0.517771 0.544046 0.519193 0.546875 0.520693 0.547912 0.521612 0.549565 0.522529 0.551495 0.522521 0.555333 0.522253 0.558116 0.522036 0.560519 0.518232 0.562019 0.516867 0.564630 0.515698 0.571343 0.515414 0.577366 0.512531 0.573458 0.511917 0.569722 0.511049 0.566255 0.509677 0.566769 0.507940 0.566125 0.507182 0.566907 0.506669 0.568731 0.506951 0.569722 0.506747 0.572588 0.505195 0.572870 0.504753 0.572139 0.503495 0.571306 0.503357 0.573296 0.503169 0.575787 0.502938 0.577278 0.502237 0.579773 0.500823 0.579199 0.500279 0.577690 0.499578 0.575866 0.498477 0.574306 0.498500 0.572384 0.498781 0.571306 0.499065 0.569648 0.499388 0.568977 0.500698 0.569889 0.500930 0.569310 0.499578 0.565778 0.499578 0.563245 0.497401 0.560264 0.495732 0.555958 0.495312 0.554171 0.494474 0.554019 0.493635 0.558042 0.493224 0.559829 0.492052 0.560713 0.489203 0.557139 0.489036 0.554917 0.489956 0.554171 0.489956 0.553287 0.488617 0.551051 0.487534 0.550009 0.487193 0.549713 0.487115 0.549120 0.488372 0.548671 0.489289 0.548519 0.489904 0.546977 0.489573 0.544894 0.489573 0.542514 0.487563 0.543852 0.486977 0.543106 0.487563 0.541477 0.488901 0.539986 0.488482 0.539690 0.487396 0.539546 0.486138 0.537606 0.483211 0.539690 0.483549 0.542079 0.480716 0.539278 0.480505 0.537102 0.480380 0.534667 0.476693 0.529671 0.475818 0.529449 0.475443 0.527005 0.475664 0.523176 0.475078 0.521685 0.474911 0.520940 0.476250 0.520486 0.476669 0.520194 0.476250 0.517366 0.476414 0.515731 0.474406 0.511120 0.473906 0.509681 0.472844 0.508343 0.472656 0.507676 0.473096 0.507120 0.474159 0.507894 0.475034 0.509125 0.475578 0.508000 0.477706 0.508995 0.479161 0.507602 0.480841 0.507403 0.482812 0.507394 0.483146 0.506648 0.484737 0.505310 0.485661 0.505014 0.486911 0.505014 0.488250 0.505759 0.488922 0.505014 0.489167 0.502931 0.489839 0.502639 0.491198 0.503394 0.490982 0.505977 0.491922 0.506606 0.492427 0.507509 0.493151 0.511250 0.493266 0.514833 0.493518 0.516468 0.494612 0.517662 0.496065 0.516157 0.497727 0.513458 0.499188 0.512977 0.499133 0.514032 0.497945 0.516148 0.498810 0.516912 0.501240 0.513745 0.500375 0.512208 0.502714 0.509731 0.503727 0.509347 0.504451 0.511144 0.504740 0.513199 0.505029 0.515130 0.506763 0.518856 0.502331 0.514343 0.499729 0.518713 0.503198 0.521157 0.505151 0.519741 0.505656 0.519741 0.506091 0.522699 0.506812 0.525912 0.505245 0.526565 0.503799 0.526954 0.503076 0.527083 0.498232 0.522907 0.496115 0.523009 0.499318 0.526611 0.500471 0.526968 0.502698 0.529380 0.504635 0.531787 0.505461 0.534662 0.505245 0.536718 0.503727 0.539806 0.503573 0.541264 0.502404 0.540968 0.501651 0.544241 0.500313 0.544685 0.499560 0.547662 0.500060 0.550338 0.501984 0.558810 0.502987 0.560000 0.503826 0.564463 0.505747 0.561787 0.509260 0.558963 0.508570 0.556769 0.508859 0.555995 0.507919 0.552014 0.507125 0.550602 0.507198 0.549185 0.508065 0.547644
5 0.419451 0.428102 0.420573 0.427093 0.420948 0.426093 0.422451 0.427056 0.422727 0.426806 0.423216 0.425630 0.423180 0.424574 0.424883 0.424907 0.426044 0.428329 0.427810 0.431750 0.428638 0.433681 0.429810 0.437250 0.432234 0.438440 0.433656 0.439481 0.434242 0.441713 0.435414 0.444981 0.435339 0.447958 0.435893 0.451449 0.433896 0.454227 0.426057 0.446560 0.425638 0.444153 0.424237 0.440505 0.422651 0.433037 0.422279 0.432454 0.421367 0.431634 0.420318 0.431847 0.419430 0.431569
9 0.445099 0.384523 0.445099 0.382292 0.446102 0.381250 0.445602 0.375602 0.448362 0.375602 0.455219 0.377384 0.458659 0.378144 0.455982 0.372940 0.450711 0.365801 0.452385 0.361639 0.451195 0.363292 0.450133 0.363292 0.447758 0.361514 0.443760 0.357625 0.442005 0.358981 0.439117 0.359759 0.437805 0.361315 0.435440 0.358671 0.433690 0.355403 0.432464 0.353222 0.425229 0.356005 0.425625 0.356546 0.429943 0.358954 0.430208 0.359722 0.431466 0.357343 0.439661 0.367153 0.437990 0.369236 0.431414 0.361005 0.430807 0.361921 0.430159 0.364032 0.429242 0.364032 0.425893 0.361634 0.423951 0.361259 0.424479 0.362653 0.425156 0.368500 0.425156 0.370394 0.425448 0.374005 0.426802 0.374352 0.427964 0.375727 0.429029 0.378824 0.429609 0.380542 0.430680 0.382231 0.432560 0.382069 0.432815 0.383620 0.438862 0.383222
7 0.419383 0.434301 0.419974 0.433926 0.420987 0.433023 0.421831 0.432722 0.422279 0.432454 0.422651 0.433037 0.424237 0.440505 0.425638 0.444153 0.426057 0.446560 0.423977 0.444269 0.420216 0.441014
8 0.475997 0.445787 0.474263 0.445713 0.472448 0.446144 0.471589 0.446667 0.470229 0.448296 0.469461 0.448727 0.468010 0.450736 0.469461 0.452167 0.470956 0.449301 0.471799 0.448532 0.472766 0.447537 0.474263 0.446935 0.475148 0.446861 0.475432 0.447509 0.476638 0.447171 0.476320 0.446361
8 0.468542 0.445926 0.471589 0.446667 0.470229 0.448296 0.469461 0.448727 0.465630 0.448366 0.464339 0.446574 0.464542 0.445500
5 0.462924 0.542116 0.470443 0.553815 0.473245 0.556255 0.473245 0.555065 0.473914 0.553431 0.474750 0.553431 0.476661 0.555227 0.480513 0.556282 0.481602 0.555093 0.482940 0.553310 0.480513 0.550806 0.476878 0.544176 0.475648 0.544176 0.472974 0.541991 0.471167 0.542245 0.468057 0.542889 0.466539 0.542630 0.466469 0.540833 0.465745 0.540319 0.466107 0.538005 0.466828 0.536847 0.466901 0.534407 0.465721 0.533824 0.464721 0.535713 0.463224 0.536269 0.462276 0.537491 0.461552 0.538778
1 0.527539 0.645227 0.529102 0.636894 0.529943 0.632296 0.530693 0.631699 0.528810 0.629282 0.528375 0.632634 0.525789 0.643352
9 0.531898 0.613588 0.532698 0.614083 0.534122 0.617306 0.533734 0.620764 0.532698 0.623528 0.531143 0.622606 0.530974 0.620181 0.530466 0.618250 0.529589 0.618000 0.529716 0.615005 0.531143 0.613162
2 0.499484 0.588407 0.501276 0.588440 0.506091 0.599986 0.507435 0.603370 0.509563 0.607551 0.511466 0.609741 0.513706 0.611333 0.513435 0.613213 0.512279 0.617069 0.511701 0.619255 0.510977 0.622208 0.499195 0.591106 0.499122 0.589565
2 0.496159 0.588537 0.497388 0.587894 0.499195 0.591106 0.510977 0.622208 0.509458 0.625167 0.496159 0.601519
2 0.369781 0.292505 0.372763 0.288560 0.374214 0.290782 0.375349 0.292792 0.375630 0.294153 0.373690 0.296810 0.372076 0.296162 0.370951 0.295731 0.369297 0.295088 0.369661 0.293509
2 0.505245 0.536718 0.507453 0.537148 0.508703 0.539815 0.508953 0.541926 0.508891 0.542810 0.508115 0.545190 0.504828 0.543199 0.503573 0.541264 0.503727 0.539806
2 0.561508 0.562810 0.559674 0.561111 0.559167 0.558764 0.558505 0.557847 0.557331 0.558764 0.554461 0.554986 0.553948 0.548977 0.555195 0.548847 0.557031 0.549495 0.558206 0.549495 0.559901 0.550935 0.562984 0.555370 0.562904 0.557847 0.563711 0.560329 0.563930 0.562023 0.563857 0.563069 0.563711 0.563329 0.562464 0.563593 0.561956 0.563593
1 0.547570 0.613796 0.549508 0.612907 0.551445 0.611019 0.552318 0.609245 0.553068 0.609023 0.553068 0.610245 0.552505 0.611574 0.550133 0.614685 0.548695 0.615685 0.547883 0.615685
1 0.553427 0.614213 0.550643 0.614069 0.552505 0.611574 0.553266 0.611704
1 0.548305 0.610912 0.551169 0.611417 0.549508 0.612907 0.548385 0.613208 0.547862 0.612278
1 0.541406 0.608486 0.543081 0.610315 0.544247 0.610477 0.545885 0.611972 0.546867 0.613796 0.546727 0.614625 0.546208 0.614875 0.544995 0.613301 0.544063 0.612139 0.543227 0.611310 0.542432 0.611310 0.541406 0.610894 0.540471 0.609731 0.540893 0.608074
9 0.568943 0.815972 0.570063 0.815972 0.571518 0.814778 0.573198 0.813981 0.577789 0.801241 0.574990 0.801241 0.572974 0.802634 0.570398 0.804227 0.569391 0.805620 0.568719 0.807213 0.567711 0.809403
5 0.526346 0.659505 0.528732 0.664644 0.530107 0.669787 0.531984 0.675185 0.532708 0.677884 0.534227 0.677495 0.535383 0.678782 0.535888 0.679296 0.539263 0.677713 0.540185 0.674736 0.541021 0.673995 0.542443 0.675185 0.543112 0.675037 0.546010 0.672208 0.544219 0.662472 0.542763 0.656681 0.540411 0.650310 0.538620 0.647324 0.536044 0.645731 0.533133 0.642347 0.531531 0.639579 0.529102 0.636894 0.527539 0.645227 0.525789 0.643352 0.528375 0.632634 0.526807 0.631838 0.525687 0.629449 0.524008 0.632394 0.524003 0.637958 0.524815 0.636514 0.525690 0.637958 0.525003 0.640509 0.524503 0.642398 0.525065 0.645176 0.525440 0.646843 0.525128 0.649731 0.524568 0.652500 0.523560 0.653495
5 0.510307 0.626694 0.515242 0.635167 0.517250 0.638588 0.519005 0.642903 0.520763 0.647810 0.522552 0.651505 0.522328 0.648319 0.522440 0.644537 0.522005 0.634398 0.520492 0.635472 0.522081 0.630458 0.521792 0.629046 0.523560 0.625269 0.521768 0.622681 0.520312 0.619694 0.518409 0.617306 0.516841 0.613722 0.513706 0.611333 0.513437 0.613657 0.512279 0.617069 0.511701 0.619255 0.510977 0.622208 0.509458 0.625167
5 0.483680 0.574005 0.485055 0.574259 0.485344 0.575671 0.485633 0.577088 0.487151 0.578630 0.487440 0.577565 0.488945 0.576968 0.490953 0.576671 0.491536 0.575630 0.492708 0.575630 0.496807 0.576819 0.496013 0.574704 0.492880 0.566144 0.491313 0.564153 0.491201 0.560769 0.489174 0.559222 0.488161 0.559606 0.486932 0.561407 0.486211 0.562819 0.485271 0.563463 0.482279 0.563986 0.483281 0.568148 0.483867 0.570231 0.482695 0.570380 0.479922 0.566292 0.478909 0.568731 0.482018 0.574773
2 0.479760 0.557620 0.480513 0.556282 0.481602 0.555093 0.482940 0.553310 0.485198 0.554204 0.486620 0.553310 0.487534 0.550009 0.488617 0.551051 0.489956 0.553287 0.489956 0.554171 0.489036 0.554917 0.489203 0.557139 0.492052 0.560713 0.491201 0.560769 0.489174 0.559222 0.488161 0.559606 0.486932 0.561407 0.486211 0.562819 0.485271 0.563463 0.482279 0.563986 0.481359 0.562500 0.480940 0.561458 0.478690 0.558560
5 0.384753 0.308042 0.388182 0.311162 0.388617 0.310690 0.389768 0.311495 0.389070 0.312662 0.389755 0.313708 0.392581 0.311847 0.397138 0.308333
5 0.459479 0.307296 0.464542 0.318292 0.466479 0.328847 0.467539 0.334398 0.472664 0.334843 0.472469 0.336894 0.472198 0.338625 0.471820 0.339296 0.471719 0.340255 0.471070 0.339264 0.470276 0.339431 0.470133 0.340755 0.470089 0.341495 0.469766 0.342741 0.469391 0.344074 0.469065 0.344819 0.468315 0.344819 0.467102 0.344074 0.466216 0.341995 0.467023 0.339130 0.462544 0.325991 0.458177 0.315042 0.457281 0.315042 0.457312 0.307366
8 0.378469 0.289565 0.379841 0.292148 0.380203 0.291931 0.382818 0.288986 0.382221 0.286278
8 0.377977 0.316648 0.379591 0.317727 0.381971 0.317727 0.383367 0.317644 0.388828 0.316509 0.391974 0.315861 0.394193 0.313782 0.393023 0.313639 0.391490 0.314139 0.389755 0.313708 0.387693 0.314819 0.384365 0.314907 0.380628 0.315806 0.377857 0.316005
8 0.471794 0.449347 0.475305 0.449255 0.478219 0.449731 0.480974 0.449926 0.483081 0.448292 0.484969 0.448292 0.485294 0.447431 0.486609 0.446954 0.487909 0.445995 0.489133 0.445861 0.489852 0.445000 0.489852 0.444426 0.489609 0.443569 0.489083 0.443204 0.488031 0.443204 0.487266 0.443847 0.486578 0.444787 0.485693 0.445144 0.484682 0.444856 0.483576 0.445306 0.481276 0.445597 0.476638 0.447171 0.474943 0.447537 0.472766 0.447537 0.471799 0.448532
6 0.489133 0.445861 0.488445 0.447528 0.488458 0.453116 0.487589 0.451394 0.485750 0.457069 0.485169 0.460685 0.483909 0.466532 0.484201 0.468597 0.482690 0.467273 0.482070 0.464986 0.485943 0.449847 0.486609 0.446954 0.487909 0.445995
6 0.473344 0.483185 0.474656 0.485407 0.476406 0.481074 0.474969 0.479296
6 0.542427 0.531037 0.546490 0.528028 0.546677 0.532801 0.545302 0.534477
6 0.552237 0.527481 0.556674 0.525481 0.552622 0.531759
6 0.564312 0.529727 0.566701 0.529856 0.568940 0.530116 0.568740 0.528940 0.567349 0.524718 0.564096 0.525231 0.561279 0.525361 0.559883 0.524773 0.559036 0.526264 0.557057 0.529292 0.558482 0.530676 0.560805 0.528838 0.562000 0.529856
6 0.585422 0.540912 0.585930 0.537440 0.584193 0.534227 0.580940 0.530884 0.575156 0.527028 0.570672 0.526111 0.571760 0.527454 0.573206 0.532426 0.574724 0.532301
6 0.564096 0.525231 0.566339 0.521245 0.564977 0.516301 0.563227 0.519273 0.562362 0.523431 0.561279 0.525361
5 0.433633 0.412889 0.437602 0.407042 0.439151 0.405491 0.442344 0.401880 0.445055 0.397750 0.445247 0.396028 0.447995 0.392810 0.448479 0.392296 0.448964 0.390574 0.449641 0.390574 0.450318 0.391778 0.451383 0.393843 0.452641 0.395565 0.454576 0.397458 0.455352 0.400037 0.456125 0.405199 0.446253 0.423264 0.446156 0.425329 0.446932 0.426704 0.448094 0.427051 0.449737 0.423435 0.458255 0.407778 0.458836 0.410014 0.461060 0.412255 0.463674 0.417759 0.466771 0.425843 0.465513 0.426875 0.464159 0.427051 0.460286 0.431523 0.456802 0.435995 0.454964 0.437718 0.447609 0.429458
5 0.508701 0.483611 0.515979 0.476644 0.526505 0.466093 0.527065 0.468282 0.527625 0.480625 0.527289 0.494560 0.525945 0.505111 0.524937 0.508097 0.523706 0.503519 0.521130 0.503519 0.517883 0.504912 0.513964 0.501329 0.513068 0.497546 0.512284 0.494162 0.510268 0.490579 0.507469 0.487991 0.506573 0.485403
5 0.529742 0.474528 0.531557 0.479366 0.534924 0.492264 0.535961 0.496639 0.538943 0.508616 0.535573 0.520593 0.534018 0.522204 0.526115 0.512991 0.528188 0.500556 0.529484 0.485352
5 0.479362 0.455523 0.481104 0.453116 0.482555 0.453458 0.483716 0.450704 0.484974 0.449671 0.485943 0.449847 0.482070 0.464986
5 0.487589 0.451394 0.488458 0.453116 0.488458 0.455866 0.490878 0.462403 0.494846 0.474620 0.488555 0.470833 0.484201 0.468597 0.483909 0.466532 0.485169 0.460685 0.485750 0.457069
5 0.496143 0.481417 0.497013 0.478833 0.493724 0.475565 0.488690 0.474019
7 0.388719 0.275870 0.391719 0.275528 0.402461 0.277245 0.405656 0.277245 0.405984 0.278306 0.414276 0.278519 0.417464 0.278278 0.417414 0.287912 0.399263 0.308287 0.384753 0.308042 0.381076 0.306495 0.377495 0.304773 0.376719 0.302708 0.381172 0.293417 0.386880 0.279653
7 0.359531 0.300644 0.363016 0.305463 0.365919 0.310625 0.364854 0.312690 0.361854 0.315097 0.357693 0.316991 0.353919 0.321292 0.349466 0.311139
7 0.537010 0.690204 0.555182 0.669995 0.557086 0.669000 0.558878 0.669199 0.561005 0.670792 0.562349 0.675171 0.567276 0.693685 0.569557 0.703519 0.562534 0.702019 0.553945 0.700106 0.552974 0.700801 0.551612 0.703194 0.551328 0.704759 0.551521 0.708032 0.551432 0.709231 0.550745 0.711278 0.549966 0.712847 0.551042 0.714894 0.552687 0.714894 0.551820 0.729958 0.549878 0.726273 0.547674 0.723972 0.537310 0.693569
5 0.389122 0.257681 0.391070 0.247287 0.395464 0.229727 0.400500 0.213204 0.404755 0.196495 0.407560 0.184741 0.409013 0.187329 0.410917 0.190125 0.411922 0.191324 0.409688 0.198894 0.412716 0.215815 0.416734 0.227755 0.419432 0.235509 0.418531 0.239106 0.419536 0.242093 0.418411 0.245662 0.417633 0.253630 0.417633 0.267569 0.414276 0.278519 0.405984 0.278306 0.404755 0.275134 0.402523 0.273722 0.396693 0.267569 0.394234 0.264583 0.391880 0.263384
5 0.451010 0.333356 0.454370 0.324995 0.457281 0.315042 0.458177 0.315042 0.462544 0.325991 0.467023 0.339130 0.465792 0.343310 0.462656 0.350477 0.460865 0.353264 0.458849 0.358838 0.457729 0.357444 0.456945 0.355056 0.453138 0.342912
6 0.510656 0.542801 0.512406 0.541356 0.513336 0.540028 0.513997 0.539588 0.516656 0.543352 0.514693 0.546347 0.512742 0.545190 0.510716 0.544806
5 0.427216 0.422532 0.428729 0.419556 0.450635 0.443796 0.449383 0.446171 0.446464 0.449444 0.444112 0.449889 0.441352 0.450634 0.438341 0.449889 0.437346 0.450338 0.437010 0.452718 0.436333 0.453907 0.436008 0.453014 0.435339 0.447958 0.435414 0.444981 0.434242 0.441713 0.433656 0.439481 0.432234 0.438440 0.429810 0.437250 0.428638 0.433681 0.427810 0.431750 0.426044 0.428329 0.424883 0.424907 0.425969 0.423870 0.428729 0.425356 0.430729 0.425505 0.431156 0.424759 0.430562 0.423718 0.428805 0.423273
5 0.663617 0.727755 0.666617 0.728444 0.666518 0.729648 0.665648 0.730852 0.664875 0.733778 0.663615 0.736356 0.662260 0.739801 0.661099 0.740829 0.659068 0.740486
6 0.674154 0.731338 0.675258 0.729444 0.678857 0.731972 0.681448 0.735838 0.678906 0.737560 0.673776 0.732917
5 0.583911 0.737560 0.585596 0.737792 0.591424 0.743546 0.596089 0.745620 0.600883 0.747694 0.602568 0.742398 0.605029 0.736639 0.604771 0.734106 0.604432 0.730074 0.604990 0.728069 0.606779 0.725097 0.609474 0.726296 0.614279 0.710176 0.613385 0.704782 0.611143 0.701009 0.609914 0.701606 0.607685 0.704185 0.607349 0.706787 0.606000 0.708380 0.605664 0.710176 0.605211 0.713949 0.604214 0.719319 0.604096 0.724500 0.601414 0.724292 0.597372 0.724292 0.595701 0.726690 0.594016 0.726296 0.594237 0.722495 0.594237 0.720722 0.592904 0.720310 0.591555 0.721505 0.590661 0.723509 0.587966 0.723509 0.586294 0.724106 0.584612 0.726088 0.583497 0.730856
5 0.622260 0.608648 0.617596 0.591144 0.616042 0.585843 0.614487 0.574560 0.611378 0.560278 0.610859 0.559588 0.602310 0.569722 0.602438 0.573407 0.603474 0.577093 0.602568 0.580315 0.602698 0.583773 0.603346 0.585616 0.605677 0.587917 0.607102 0.593676 0.608398 0.597593 0.609305 0.600356 0.610211 0.604042 0.608917 0.607954 0.611508 0.612333 0.613320 0.613023 0.614487 0.617167 0.615523 0.618782 0.615784 0.615556 0.619021 0.610949
5 0.623388 0.632875 0.626497 0.630806 0.629477 0.631495 0.633104 0.627120 0.635565 0.627810 0.635956 0.625278 0.638029 0.620208 0.639841 0.619056 0.640229 0.616986 0.636474 0.617444 0.627792 0.619287 0.626109 0.621361 0.623388 0.623435 0.623388 0.624815 0.624424 0.625968
5 0.518232 0.562019 0.523930 0.559884 0.526328 0.558019 0.530523 0.550292 0.541018 0.529769 0.552109 0.541764 0.547914 0.548157 0.544466 0.555088 0.542216 0.558287 0.539370 0.560153 0.532922 0.560153 0.530674 0.562014 0.528427 0.565745 0.527826 0.571343 0.526328 0.571079 0.526628 0.579606 0.527677 0.579870 0.530615 0.594046 0.528185 0.595782 0.518128 0.581148 0.515414 0.577366 0.515698 0.571343 0.516867 0.564630
5 0.530893 0.582787 0.534141 0.586769 0.534477 0.597718 0.535148 0.604088 0.533245 0.598514 0.533245 0.596523 0.533245 0.594532 0.532237 0.592940
5 0.538172 0.604287 0.539292 0.611454 0.535932 0.606477 0.537276 0.605880
7 0.606661 0.635898 0.608211 0.632116 0.609276 0.627810 0.609953 0.621102 0.609661 0.612329 0.608211 0.611639 0.608398 0.608093 0.608310 0.601537 0.602987 0.599324 0.600289 0.596394 0.593693 0.586532 0.587698 0.580671 0.577654 0.573208 0.574805 0.572944 0.573651 0.575421 0.573943 0.577662 0.572685 0.579380 0.572297 0.580755 0.573167 0.582995 0.573747 0.584884 0.571039 0.584370 0.571328 0.585917 0.572586 0.589014 0.573555 0.591079 0.579458 0.598134 0.580039 0.599509 0.582266 0.602093 0.583523 0.601574 0.586427 0.606394 0.587297 0.608458 0.591042 0.613792 0.591526 0.615856 0.588818 0.613273 0.588818 0.614653 0.589979 0.616542 0.592203 0.619296 0.594818 0.625144 0.598250 0.634556 0.600198 0.632690 0.603914 0.638222 0.605753 0.637532
5 0.578953 0.694486 0.579255 0.698306 0.578023 0.704079 0.574385 0.703977 0.569557 0.703519 0.568497 0.698944 0.570422 0.698056 0.570409 0.696315 0.575000 0.694523 0.577240 0.693926
6 0.677742 0.717787 0.683599 0.722694 0.684016 0.729088 0.682930 0.730870 0.681591 0.727898 0.679833 0.726412 0.676237 0.723139 0.676656 0.720167
6 0.675258 0.729444 0.678857 0.731972 0.681448 0.735838 0.683792 0.733162 0.682930 0.730870 0.681591 0.727898 0.679833 0.726412 0.676237 0.723139 0.675174 0.725727
5 0.673776 0.732917 0.678906 0.737560 0.675810 0.741005 0.671648 0.746681 0.668937 0.747023 0.669326 0.743755 0.670776 0.741005 0.671745 0.736704
6 0.524083 0.520639 0.526115 0.512991 0.528188 0.500556 0.529484 0.485352 0.529742 0.474528 0.531073 0.473560 0.531198 0.463606 0.530862 0.452671 0.530188 0.451481 0.528682 0.451338 0.527763 0.451338 0.526846 0.452370 0.526964 0.454431 0.526852 0.459009 0.526505 0.466093 0.527065 0.468282 0.527625 0.480625 0.527289 0.494560 0.525945 0.505111 0.524937 0.508097 0.523096 0.516106 0.520766 0.522583 0.518596 0.530037 0.516789 0.535037 0.516406 0.534968 0.514693 0.538037 0.517805 0.541366 0.519581 0.535111 0.521604 0.529972
8 0.392016 0.386769 0.393224 0.388778 0.394234 0.390213 0.395039 0.390500 0.394354 0.387917 0.392661 0.386194 0.392216 0.385477 0.391813 0.386051
5 0.632065 0.679764 0.634576 0.682884 0.628302 0.697755 0.626211 0.694486 0.626880 0.692403 0.627130 0.689727 0.628052 0.687644 0.628721 0.683481 0.629724 0.683185 0.630643 0.681546 0.630979 0.679764
8 0.594544 0.641324 0.594042 0.645491 0.593875 0.647421 0.593622 0.650394 0.592956 0.652032 0.593641 0.653935 0.592922 0.654958 0.593497 0.657921 0.594292 0.657148 0.596458 0.660745 0.597177 0.663218 0.596237 0.663093 0.595370 0.663606 0.590961 0.658208 0.588003 0.655731 0.589299 0.653208 0.591693 0.656389 0.590896 0.653681 0.591115 0.652019 0.592344 0.646736 0.592987 0.644685 0.591115 0.641472 0.587711 0.635824 0.585010 0.631829 0.584372 0.624463 0.587268 0.629171 0.591125 0.635065
5 0.580674 0.642532 0.584289 0.638588 0.585711 0.637250 0.586089 0.636806 0.587536 0.639458 0.588375 0.642366 0.588375 0.643856 0.587044 0.645329 0.585779 0.646977 0.582430 0.649981 0.581128 0.652167 0.575682 0.657546 0.571995 0.661861 0.568883 0.655713 0.574159 0.649157 0.576768 0.647407 0.578219 0.645171
5 0.576604 0.668458 0.577958 0.666301 0.585755 0.656537 0.581128 0.652167 0.575682 0.657546 0.571995 0.661861 0.573857 0.665185
5 0.584156 0.648463 0.585779 0.646977 0.586615 0.654481 0.582430 0.649981
6 0.569635 0.486079 0.569151 0.496231 0.568474 0.500356 0.567216 0.507755 0.566648 0.509903 0.567990 0.514120 0.568766 0.509995 0.571281 0.499153 0.572151 0.492102 0.571570 0.485560
6 0.566648 0.509903 0.569326 0.518977 0.569492 0.522398 0.570672 0.526111 0.571760 0.527454 0.576937 0.545296 0.580367 0.557167 0.581672 0.562921 0.579857 0.564306 0.573503 0.545199 0.568740 0.528940 0.564977 0.516301 0.563227 0.519273 0.561721 0.521949 0.559883 0.524773 0.559036 0.526264 0.557057 0.529292 0.556279 0.530917 0.556667 0.533208 0.555497 0.535741 0.557039 0.544403 0.554940 0.542917 0.554445 0.541431 0.553357 0.540389 0.552622 0.531759 0.557560 0.524014 0.558997 0.521019 0.564641 0.510944
8 0.522036 0.560519 0.522253 0.558116 0.522521 0.555333 0.522529 0.551495 0.524573 0.555431 0.524844 0.559366 0.523930 0.559884
6 0.546849 0.563907 0.549451 0.566569 0.548414 0.552866 0.546688 0.550560 0.544466 0.555088 0.542216 0.558287 0.541990 0.559491 0.544526 0.562083
8 0.471055 0.474560 0.464411 0.473889 0.455177 0.473407 0.451776 0.473407 0.453521 0.475352 0.454260 0.476375 0.461065 0.476861 0.467784 0.477384 0.469958 0.477981 0.471810 0.477523
6 0.452422 0.484454 0.454953 0.483296 0.452221 0.480208 0.449312 0.476486 0.445698 0.476741 0.443602 0.476741 0.442083 0.477125 0.440349 0.478926 0.439844 0.477769 0.440206 0.476486 0.439917 0.475713 0.439336 0.475713 0.437964 0.475583 0.436807 0.477000 0.436445 0.478028 0.436156 0.479694 0.433844 0.484579 0.437133 0.489926 0.440674 0.488644 0.446096 0.483245 0.448302 0.483810
8 0.499188 0.512977 0.500375 0.512208 0.501240 0.513745 0.498810 0.516912 0.497945 0.516148 0.499133 0.514032
6 0.552375 0.514685 0.555063 0.518796 0.557560 0.524014 0.558997 0.521019 0.555875 0.514352 0.553812 0.514130
6 0.531073 0.473560 0.539359 0.487694 0.548094 0.502426 0.553581 0.512120 0.551409 0.512120 0.551073 0.511111 0.550299 0.507671 0.548229 0.507657 0.540872 0.495157 0.531557 0.479366 0.529742 0.474528
6 0.545365 0.508875 0.547396 0.507500 0.550299 0.507671 0.551073 0.511111 0.552622 0.531759 0.554461 0.554986 0.556648 0.588602 0.559453 0.620449 0.560026 0.628329 0.558651 0.628208 0.556919 0.625884 0.555865 0.627625 0.558188 0.630375 0.560510 0.632097 0.561219 0.638236 0.560714 0.643889 0.555112 0.635097 0.552729 0.606116 0.547914 0.548157 0.552109 0.541764 0.546911 0.536454
6 0.512531 0.573458 0.515414 0.577366 0.518128 0.581148 0.528185 0.595782 0.529302 0.597787 0.533484 0.604032 0.535932 0.606477 0.539292 0.611454 0.542417 0.616648 0.540729 0.619148 0.535547 0.610630 0.524406 0.594273 0.511654 0.575037
6 0.521503 0.614394 0.524016 0.612241 0.526997 0.609708 0.527643 0.611088 0.528034 0.613394 0.526089 0.616616 0.525701 0.618227 0.522659 0.620051 0.519865 0.615912
6 0.525695 0.623907 0.527125 0.621912 0.529589 0.618000 0.530466 0.618250 0.530974 0.620181 0.531143 0.622606 0.527255 0.626519
6 0.521792 0.629046 0.523560 0.625269 0.525687 0.629449 0.524008 0.632394 0.522005 0.634398 0.520492 0.635472 0.522081 0.630458
6 0.491201 0.560769 0.495005 0.563755 0.498477 0.574306 0.503516 0.586051 0.509563 0.596403 0.512362 0.603968 0.517401 0.611532 0.519865 0.615912 0.527255 0.626519 0.528810 0.629282 0.528375 0.632634 0.526807 0.631838 0.525687 0.629449 0.523560 0.625269 0.521768 0.622681 0.520312 0.619694 0.518409 0.617306 0.516841 0.613722 0.513706 0.611333 0.511466 0.609741 0.509563 0.607551 0.507435 0.603370 0.506091 0.599986 0.501276 0.588440 0.496013 0.574704 0.492880 0.566144 0.491313 0.564153
5 0.594169 0.539394 0.593591 0.542093 0.592956 0.547273 0.591198 0.538944 0.592940 0.538620
6 0.598253 0.566458 0.600187 0.577815 0.602221 0.586245 0.600130 0.583218 0.597672 0.571537 0.596945 0.567421
8 0.525690 0.637958 0.525003 0.640509 0.524503 0.642398 0.525065 0.645176 0.525440 0.646843 0.525128 0.649731 0.524568 0.652500 0.523448 0.650111 0.523896 0.646528 0.524003 0.637958 0.524815 0.636514
6 0.534914 0.683810 0.537258 0.679940 0.539263 0.677713 0.540185 0.674736 0.541021 0.673995 0.542443 0.675185 0.543112 0.675037 0.546010 0.672208 0.547018 0.670435 0.551039 0.666213 0.558878 0.657657 0.559885 0.663028 0.554734 0.669000 0.548539 0.677398 0.537010 0.690204 0.536479 0.691065 0.534422 0.684505
6 0.533133 0.642347 0.536044 0.645731 0.538620 0.647324 0.540411 0.650310 0.542763 0.656681 0.544219 0.662472 0.546010 0.672208 0.547018 0.670435 0.547018 0.663866 0.546234 0.658690 0.544320 0.653676 0.541409 0.644319 0.539393 0.643722 0.534510 0.633662 0.532826 0.635505 0.531401 0.632278 0.530693 0.631699 0.529943 0.632296 0.529102 0.636894 0.531531 0.639579
6 0.522005 0.634398 0.522440 0.644537 0.522328 0.648319 0.522552 0.651505 0.523560 0.653495 0.524568 0.652500 0.523448 0.650111 0.523896 0.646528 0.524008 0.632394
6 0.585779 0.646977 0.586542 0.654532 0.589299 0.653208 0.589224 0.651708 0.588380 0.651574 0.587044 0.645329
5 0.561727 0.636051 0.561219 0.638236 0.560714 0.643889 0.564401 0.649157 0.568883 0.655713 0.574159 0.649157 0.575414 0.645514 0.570380 0.640528 0.562378 0.633736
5 0.563664 0.631389 0.567245 0.626745 0.572956 0.621926 0.577406 0.620551 0.579729 0.623819 0.580987 0.626745 0.580021 0.630185 0.578760 0.631565 0.578760 0.633972 0.578760 0.638102 0.579341 0.638963 0.579052 0.639477 0.578375 0.640167 0.577794 0.642574 0.576729 0.643778 0.572461 0.638875 0.569276 0.636296
6 0.580357 0.612120 0.580526 0.614648 0.581695 0.620597 0.582784 0.629222 0.584289 0.638588 0.585711 0.637250 0.585042 0.631898 0.584372 0.624463 0.583117 0.615542
6 0.581128 0.652167 0.585755 0.656537 0.590383 0.661162 0.595154 0.667074 0.598404 0.671032 0.599299 0.666852 0.598260 0.664634 0.597177 0.663218 0.596237 0.663093 0.595370 0.663606 0.590961 0.658208 0.586615 0.654481 0.582430 0.649981
6 0.555865 0.627625 0.558188 0.630375 0.560510 0.632097 0.570380 0.640528 0.575414 0.645514 0.576768 0.647407 0.578219 0.645171 0.572461 0.638875 0.569276 0.636296 0.560026 0.628329 0.558651 0.628208 0.556919 0.625884
6 0.610604 0.623449 0.617294 0.637727 0.616039 0.638620 0.614870 0.639810 0.614451 0.639065 0.612779 0.635644 0.609276 0.627810 0.609599 0.624046
6 0.607784 0.693769 0.611143 0.701009 0.609914 0.701606 0.607685 0.704185 0.607198 0.703583 0.603268 0.696745 0.606141 0.690250
6 0.606141 0.690250 0.607203 0.687153 0.612940 0.675329 0.610841 0.670000 0.605458 0.682181 0.596724 0.701292 0.594206 0.708954 0.587966 0.723509 0.590661 0.723509 0.591555 0.721505 0.592904 0.720310 0.597490 0.709551 0.599753 0.705389
6 0.423977 0.444269 0.435880 0.456486 0.447977 0.468875 0.443234 0.470250 0.431622 0.458380 0.421458 0.447884 0.421180 0.446389 0.410437 0.436926 0.408781 0.434981 0.402878 0.423454 0.407250 0.427185 0.420216 0.441014
6 0.458737 0.500134 0.468609 0.510440 0.470159 0.508546 0.471609 0.506657 0.462898 0.497880 0.450414 0.484634 0.449448 0.485838 0.449255 0.487213 0.459417 0.498398
6 0.453521 0.475352 0.467292 0.490481 0.480841 0.507403 0.479161 0.507602 0.477706 0.508995 0.475578 0.508000 0.464716 0.494861 0.452221 0.480208 0.446063 0.472843 0.449870 0.471250
6 0.498232 0.522907 0.510326 0.533856 0.514693 0.538037 0.518164 0.541620 0.520289 0.543810 0.520951 0.545602 0.526448 0.552787 0.526859 0.556912 0.526328 0.558019 0.526258 0.557963 0.524320 0.555079 0.522529 0.551495 0.521612 0.549565 0.520693 0.547912 0.519193 0.546875 0.517771 0.544046 0.516932 0.544046 0.513997 0.539588 0.513336 0.540028 0.507638 0.534194 0.504635 0.531787 0.502698 0.529380 0.500471 0.526968 0.499318 0.526611 0.496115 0.523009
6 0.532539 0.464801 0.538474 0.475750 0.547096 0.492870 0.547320 0.496255 0.545193 0.497449 0.539359 0.487694 0.531073 0.473560 0.531198 0.463606
6 0.493372 0.393514 0.496060 0.399884 0.501435 0.409440 0.503898 0.414417 0.510951 0.429546 0.519013 0.444278 0.523492 0.453833 0.526852 0.459009 0.526964 0.454431 0.525732 0.450449 0.523492 0.444875 0.519349 0.437907 0.509495 0.417403 0.505690 0.409838 0.499307 0.397495 0.496396 0.392319 0.495276 0.391722 0.494156 0.391722
6 0.473245 0.556255 0.477760 0.563245 0.482695 0.570380 0.483867 0.570231 0.483281 0.568148 0.482279 0.563986 0.481359 0.562500 0.480940 0.561458 0.476841 0.556255 0.474750 0.553431 0.473914 0.553431 0.473245 0.555065
5 0.614591 0.655074 0.618339 0.659606 0.625990 0.670185 0.623828 0.675278 0.621849 0.680139 0.619836 0.685454 0.612940 0.675329 0.610841 0.670000 0.611443 0.668667 0.609193 0.665736 0.607695 0.667602 0.601849 0.659606 0.599898 0.660139 0.598849 0.657208 0.598549 0.653741 0.594654 0.638019 0.597951 0.636421 0.598250 0.634556 0.600198 0.632690 0.605146 0.639884
6 0.507940 0.566125 0.509677 0.566769 0.511049 0.566255 0.511917 0.569722 0.512531 0.573458 0.511654 0.575037 0.507812 0.569398 0.507362 0.567796
1 0.558813 0.614088 0.564813 0.615500 0.568427 0.616403 0.567922 0.616917 0.568281 0.619227 0.563872 0.618199 0.559174 0.617431
6 0.483927 0.578903 0.485096 0.578454 0.485599 0.579792 0.486854 0.579199 0.487440 0.577565 0.488945 0.576968 0.490953 0.576671 0.491536 0.575630 0.492708 0.575630 0.496807 0.576819 0.501276 0.588440 0.499484 0.588407 0.497388 0.587894 0.496159 0.588537 0.494633 0.589162 0.490031 0.590648
6 0.465534 0.418931 0.471555 0.422648 0.475737 0.424435 0.477159 0.426514 0.479417 0.428000 0.476073 0.429343 0.475068 0.429639 0.471721 0.426218 0.470802 0.423986 0.469799 0.422648 0.468628 0.423097 0.468628 0.424435 0.465534 0.422352 0.464529 0.420417
6 0.450620 0.385213 0.453979 0.389991 0.460362 0.396958 0.458794 0.399745 0.453643 0.392579 0.450732 0.388199 0.448156 0.386606 0.433039 0.385412 0.432815 0.383620 0.438862 0.383222
6 0.510424 0.413060 0.511930 0.412611 0.511763 0.409491 0.510258 0.407704 0.499216 0.395361 0.498464 0.396106 0.499307 0.397495 0.505690 0.409838 0.507664 0.409935
6 0.516964 0.421144 0.517396 0.422560 0.517326 0.423713 0.517974 0.425000 0.521445 0.437079 0.520432 0.439778 0.519349 0.437907 0.513638 0.425773 0.513854 0.424102 0.515010 0.422042
6 0.467784 0.477384 0.467281 0.479019 0.466362 0.483185 0.465609 0.488981 0.467292 0.490481 0.468117 0.486009 0.469958 0.477981
6 0.500823 0.579199 0.502997 0.580093 0.505339 0.581727 0.507263 0.585889 0.509687 0.592731 0.513117 0.603435 0.512362 0.603968 0.509563 0.596403 0.503516 0.586051
8 0.555112 0.635097 0.560714 0.643889 0.564401 0.649157 0.568883 0.655713 0.573857 0.665185 0.578135 0.670833 0.585078 0.682579 0.584406 0.685366 0.583174 0.685764 0.575000 0.671032 0.573544 0.668005 0.568953 0.662037 0.559885 0.646111 0.551599 0.633370 0.545214 0.622338 0.546471 0.621310
8 0.524151 0.537125 0.524633 0.534889 0.525602 0.533167 0.527247 0.533167 0.528021 0.535921 0.530523 0.550292 0.526859 0.556912
11 0.415406 0.393681 0.433633 0.412889 0.447609 0.429458 0.454964 0.437718 0.462380 0.444644 0.477107 0.460458 0.482070 0.464986 0.482690 0.467273 0.478102 0.466407 0.471703 0.465630 0.468893 0.464769 0.457732 0.450949 0.450635 0.443796 0.428729 0.419556 0.414427 0.404042 0.409297 0.399157 0.408503 0.397745 0.408070 0.395380 0.408573 0.392551 0.408990 0.391065 0.411164 0.389875 0.413424 0.390620 0.414500 0.392347
11 0.486544 0.481509 0.504977 0.503227 0.512279 0.510167 0.512784 0.508241 0.514953 0.506699 0.516617 0.505926 0.517701 0.507981 0.518813 0.509472 0.520766 0.522583 0.523096 0.516106 0.524135 0.510940 0.517883 0.504912 0.513964 0.501329 0.508086 0.494361 0.496143 0.481417 0.488690 0.474019 0.485310 0.471236 0.480562 0.470009 0.473641 0.469222 0.477435 0.472384 0.481266 0.476241
11 0.528758 0.527727 0.535505 0.535500 0.536818 0.537833 0.537362 0.536713 0.537862 0.527713 0.537880 0.526394 0.534018 0.522204 0.526115 0.512991 0.524083 0.520639 0.525883 0.520394 0.526883 0.522727 0.528133 0.524727 0.529133 0.525505
11 0.448362 0.375602 0.455219 0.377384 0.458659 0.378144 0.459828 0.378292 0.462924 0.382454 0.464930 0.386769 0.464271 0.389389 0.459820 0.388537 0.455388 0.388537 0.452628 0.387051 0.450620 0.385213 0.445099 0.384523 0.445099 0.382292 0.446102 0.381250 0.445602 0.375602
11 0.482430 0.395042 0.493201 0.397227 0.493924 0.394912 0.493372 0.393514 0.494156 0.391722 0.487706 0.387972 0.485320 0.387074 0.484599 0.386046
11 0.469490 0.391699 0.477081 0.393370 0.476229 0.390551 0.473552 0.382806 0.468862 0.383051 0.469281 0.383944 0.469029 0.386324 0.467943 0.387514 0.466018 0.387810 0.466294 0.391185
11 0.370740 0.356093 0.373216 0.360435 0.385094 0.361625 0.396219 0.361625 0.396414 0.360412 0.396576 0.359690 0.392956 0.358944 0.385260 0.357014 0.369786 0.353444
5 0.557716 0.547625 0.574805 0.572944 0.577654 0.573208 0.587698 0.580671 0.593693 0.586532 0.600289 0.596394 0.602987 0.599324 0.608310 0.601537 0.608411 0.608056 0.608211 0.611639 0.609661 0.612329 0.609953 0.621102 0.609661 0.623935 0.610604 0.623449 0.617294 0.637727 0.620021 0.637579 0.622807 0.637370 0.623388 0.632875 0.624424 0.625968 0.623388 0.624815 0.620677 0.624074 0.617716 0.623940 0.615523 0.618782 0.614487 0.617167 0.613320 0.613023 0.611508 0.612333 0.608898 0.607926 0.610211 0.604042 0.609305 0.600356 0.608398 0.597593 0.607102 0.593676 0.604635 0.589199 0.599195 0.581921 0.593198 0.572833 0.588927 0.567773 0.581281 0.557167 0.580367 0.557167 0.581672 0.562921 0.579857 0.564306 0.573503 0.545199 0.565346 0.532995 0.560805 0.528838 0.558482 0.530676 0.557057 0.529292 0.556279 0.530917 0.556667 0.533208 0.555497 0.535741
8 0.532013 0.541144 0.535505 0.535500 0.531576 0.530815 0.528021 0.535921 0.528326 0.537699
11 0.538661 0.527403 0.541018 0.529769 0.538237 0.535380
5 0.533458 0.631181 0.537266 0.624810 0.542417 0.616648 0.551599 0.633370 0.559885 0.646111 0.568698 0.661806 0.567474 0.663282 0.566120 0.664662 0.565151 0.668273 0.564669 0.672745 0.563508 0.679282 0.562346 0.675157 0.561005 0.670792 0.558878 0.669199 0.557086 0.669000 0.555182 0.669995 0.554734 0.669000 0.559885 0.663028 0.558878 0.657657 0.551039 0.666213 0.549247 0.663028 0.544320 0.653676 0.541409 0.644319 0.539393 0.643722
11 0.474375 0.539630 0.480513 0.550806 0.482940 0.553310 0.484563 0.553889 0.484852 0.552347 0.485865 0.550546 0.487078 0.547116 0.486354 0.547116 0.484620 0.545958 0.479271 0.539662 0.474948 0.534870
11 0.477013 0.382745 0.480964 0.384199 0.481044 0.385731 0.479589 0.391505
5 0.571865 0.507389 0.569927 0.515722 0.569326 0.518977 0.569492 0.522398 0.570672 0.526111 0.575156 0.527028 0.574924 0.517056 0.574299 0.511167 0.573677 0.507491
5 0.571281 0.499153 0.573745 0.498829 0.574432 0.499273 0.575057 0.500824 0.575745 0.503157 0.576370 0.508491 0.576682 0.512269 0.576995 0.516042 0.577430 0.520486 0.577492 0.523264 0.576932 0.524486 0.576245 0.525819 0.575156 0.527028 0.574924 0.517056 0.574299 0.511167 0.573677 0.507491 0.571865 0.507389 0.569927 0.515722 0.569326 0.518977 0.567990 0.514120 0.568766 0.509995
5 0.568607 0.499023 0.566013 0.499912 0.566180 0.502144 0.566599 0.505269 0.567216 0.507755 0.568474 0.500356
6 0.505195 0.572870 0.507263 0.585889 0.509687 0.592731 0.513117 0.603435 0.517401 0.611532 0.519865 0.615912 0.521503 0.614394 0.524016 0.612241 0.524432 0.610356 0.515492 0.581009 0.511654 0.575037 0.507812 0.569398 0.507362 0.567796 0.507336 0.572796 0.506747 0.572588
5 0.515492 0.581009 0.524406 0.594273 0.535547 0.610630 0.540729 0.619148 0.537266 0.624810 0.533458 0.631181 0.528810 0.629282 0.527255 0.626519 0.531143 0.622606 0.532698 0.623528 0.533734 0.620764 0.534122 0.617306 0.532698 0.614083 0.531898 0.613588 0.531143 0.613162 0.529716 0.615005 0.529589 0.618000 0.527125 0.621912 0.525695 0.623907 0.522659 0.620051 0.525701 0.618227 0.526089 0.616616 0.528034 0.613394 0.527643 0.611088 0.526997 0.609708 0.524016 0.612241 0.524432 0.610356
6 0.525732 0.450449 0.526398 0.445792 0.531115 0.446139 0.531508 0.450157 0.532539 0.464801 0.531198 0.463606 0.530862 0.452671 0.530188 0.451481 0.528682 0.451338 0.527763 0.451338 0.526846 0.452370 0.526964 0.454431
6 0.592417 0.567435 0.586367 0.558889 0.581724 0.552171 0.580427 0.551019 0.580159 0.546889 0.578539 0.540361 0.578323 0.536810 0.577945 0.535273 0.577081 0.534889 0.576161 0.535083 0.575677 0.535273 0.576055 0.542185 0.576937 0.545296 0.580367 0.557167 0.581281 0.557167 0.588927 0.567773 0.591552 0.570792 0.593927 0.570120 0.593927 0.569162
5 0.573456 0.533394 0.574831 0.532972 0.575542 0.533565 0.575677 0.535273 0.576055 0.542185
6 0.560120 0.564250 0.567857 0.564120 0.568578 0.565792 0.563052 0.566037 0.559552 0.565977 0.558458 0.564505
6 0.524695 0.455537 0.526852 0.459009 0.526667 0.462574 0.523656 0.457370 0.521732 0.453949 0.520896 0.450528 0.523492 0.453833
6 0.514206 0.452907 0.519224 0.456181 0.523573 0.461681 0.520393 0.454843 0.519474 0.451569 0.520896 0.450528 0.516880 0.447111 0.515375 0.447556 0.514706 0.448000
6 0.437133 0.489926 0.440674 0.488644 0.446096 0.483245 0.450411 0.495287 0.451005 0.495287 0.451872 0.495375 0.452031 0.496046 0.451490 0.497495 0.456513 0.510542 0.457826 0.512676 0.459073 0.516676 0.460115 0.518458 0.455560 0.514602 0.448693 0.510491 0.445510 0.508949
6 0.460599 0.536824 0.463224 0.536269 0.464721 0.535713 0.465721 0.533824 0.462099 0.524718 0.460693 0.522056 0.451510 0.514731 0.446956 0.512032 0.452352 0.522606 0.458099 0.533824
5 0.574385 0.703977 0.582672 0.705569 0.594206 0.708954 0.587966 0.723509 0.586294 0.724106 0.584612 0.726088 0.583497 0.730856 0.583911 0.737560 0.585596 0.737792 0.591424 0.743546 0.596089 0.745620 0.600883 0.747694 0.599453 0.752546 0.598021 0.758889 0.596276 0.761806 0.593359 0.767269 0.589229 0.773269 0.585250 0.780949 0.582737 0.787819 0.579339 0.796713 0.576029 0.796713 0.572971 0.795097 0.562727 0.790852 0.559440 0.780139 0.554901 0.761625 0.545909 0.726972 0.547674 0.723972 0.549878 0.726273 0.551820 0.729958 0.552687 0.714894 0.551042 0.714894 0.549966 0.712847 0.550745 0.711278 0.551432 0.709231 0.551521 0.708032 0.551328 0.704759 0.551612 0.703194 0.552974 0.700801 0.553945 0.700106 0.562534 0.702019 0.569557 0.703519
5 0.504451 0.511144 0.505891 0.511491 0.507391 0.514264 0.509078 0.516375 0.510641 0.516819 0.513263 0.516042 0.514763 0.516486 0.515951 0.517375 0.517151 0.518343 0.513888 0.518819 0.509828 0.518931 0.506763 0.518856 0.505029 0.515130 0.504740 0.513199
5 0.597490 0.709551 0.600857 0.709551 0.602023 0.711625 0.602802 0.715079 0.602659 0.719731 0.604214 0.719319 0.604096 0.724500 0.601414 0.724292 0.597372 0.724292 0.595701 0.726690 0.594016 0.726296 0.594237 0.722495 0.594237 0.720722 0.592904 0.720310
5 0.497201 0.456894 0.503138 0.453921 0.505648 0.453472 0.505648 0.451838 0.510521 0.454560 0.510969 0.453282 0.510047 0.452241 0.508961 0.451051 0.507956 0.449116 0.506953 0.448819 0.506276 0.449162 0.504961 0.445815 0.504526 0.444208 0.504193 0.441833 0.502839 0.439273 0.501089 0.436269 0.498154 0.434157 0.495091 0.433264 0.493094 0.434056 0.491055 0.432639 0.489552 0.428565 0.488102 0.424088 0.486359 0.422370 0.485583 0.422009 0.477164 0.426481 0.479417 0.428000 0.479417 0.428000 0.476073 0.429343 0.475193 0.430560 0.474617 0.431602 0.472935 0.432597 0.470182 0.434398 0.467365 0.436852 0.466930 0.437491 0.466862 0.438380 0.467516 0.441208 0.466135 0.442634 0.464542 0.445500 0.468542 0.445926 0.471589 0.446667 0.472448 0.446144 0.474263 0.445713 0.475997 0.445787 0.476320 0.446361 0.476638 0.447171 0.481276 0.445597 0.483576 0.445306 0.484682 0.444856 0.485693 0.445144 0.486578 0.444787 0.487266 0.443847 0.488031 0.443204 0.489083 0.443204 0.489609 0.443569 0.489852 0.444426 0.489852 0.445000 0.489133 0.445861 0.488445 0.447528 0.488458 0.453116 0.488458 0.455866 0.490635 0.461532
6 0.670240 0.711597 0.667396 0.719032 0.668651 0.721264 0.669740 0.719778 0.669990 0.716505 0.670826 0.714426 0.670992 0.711750
6 0.664714 0.725139 0.666896 0.726171 0.668484 0.723495 0.668651 0.721264 0.667396 0.719032 0.665891 0.721713
6 0.554646 0.558301 0.558458 0.564505 0.559552 0.565977 0.567099 0.578537 0.571039 0.584370 0.571328 0.585917 0.572586 0.589014 0.573555 0.591079 0.583523 0.605259 0.588818 0.613273 0.588818 0.614653 0.589979 0.616542 0.592203 0.619296 0.594818 0.625144 0.598250 0.634556 0.597951 0.636421 0.595583 0.637421 0.583354 0.616884 0.583117 0.615542 0.580357 0.612120 0.573255 0.601259 0.571232 0.598046 0.566836 0.591995 0.565977 0.589944 0.555622 0.574806
8 0.484341 0.349463 0.485466 0.349907 0.485966 0.352125 0.486091 0.354236 0.485404 0.356236 0.483779 0.357792 0.481216 0.359125 0.480286 0.360093 0.479219 0.361204 0.477995 0.362407 0.475844 0.366444 0.475388 0.365764 0.470159 0.361236 0.471346 0.359347 0.472656 0.358014 0.473844 0.357458 0.475406 0.357458 0.476469 0.357125 0.477719 0.356014 0.478969 0.353681
8 0.469516 0.353718 0.472388 0.351495 0.474201 0.350162 0.475763 0.349606 0.476875 0.349630 0.477656 0.350463 0.478203 0.351898 0.478464 0.353380 0.477719 0.356014 0.476469 0.357125 0.475406 0.357458 0.473844 0.357458 0.472513 0.357046 0.470763 0.357935 0.469766 0.358046 0.469578 0.357046 0.470138 0.355935
6 0.530719 0.597880 0.533245 0.596523 0.533245 0.594532 0.532716 0.593847 0.530615 0.594046 0.528185 0.595782 0.529302 0.597787
8 0.491198 0.503394 0.497344 0.509963 0.495174 0.513292 0.493151 0.511250 0.492427 0.507509 0.491922 0.506606 0.490982 0.505977
8 0.502331 0.514343 0.507971 0.519870 0.518596 0.530037 0.516789 0.535037 0.513102 0.531565 0.509849 0.529125 0.506812 0.525912 0.506091 0.522699 0.505656 0.519741 0.505151 0.519741 0.503198 0.521157 0.499729 0.518713
8 0.521604 0.529972 0.523990 0.549509 0.520951 0.545602 0.520289 0.543810 0.519581 0.535111
8 0.518813 0.509472 0.520766 0.522583 0.518596 0.530037 0.517151 0.518343 0.516716 0.511787
11 0.457826 0.512676 0.458638 0.509454 0.459635 0.507231 0.461385 0.505676 0.462135 0.504454 0.462948 0.504454 0.463385 0.505009 0.462885 0.506120 0.463885 0.507454 0.464135 0.508343 0.465260 0.508000 0.466820 0.511231 0.467445 0.514009 0.475443 0.527005 0.475818 0.529449 0.476693 0.529671 0.480380 0.534667 0.480505 0.537102 0.480716 0.539278 0.473271 0.530796 0.463005 0.520644 0.459635 0.516231 0.459073 0.516676
8 0.445510 0.508949 0.448693 0.510491 0.455560 0.514602 0.460115 0.518458 0.463005 0.520644 0.473271 0.530796 0.480716 0.539278 0.487078 0.545060 0.487078 0.547116 0.486354 0.547116 0.484620 0.545958 0.479271 0.539662 0.471174 0.530796 0.460693 0.522056 0.451510 0.514731 0.446956 0.512032
6 0.543977 0.616657 0.544063 0.612139 0.543227 0.611310 0.542432 0.611310 0.542128 0.613620 0.542161 0.616287 0.542417 0.616648
6 0.519474 0.451569 0.520393 0.454843 0.523573 0.461681 0.526505 0.466093 0.526667 0.462574 0.523656 0.457370 0.521732 0.453949 0.520896 0.450528
8 0.502023 0.389806 0.507583 0.388028 0.508083 0.387028 0.507771 0.385917 0.507333 0.384806 0.505958 0.384806 0.500148 0.386694 0.500961 0.388583 0.500961 0.390472
6 0.376500 0.337097 0.382786 0.332611 0.381529 0.331921 0.379594 0.333472 0.378432 0.332782 0.375688 0.334764 0.372693 0.337287 0.374500 0.338444
6 0.372693 0.337287 0.374500 0.338444 0.387583 0.346542 0.393513 0.350139 0.394451 0.352838 0.392932 0.356093 0.389945 0.355380 0.388669 0.355153 0.385849 0.352968 0.383391 0.351426 0.374789 0.345384 0.362281 0.338574 0.358161 0.329384 0.358956 0.327778
6 0.400458 0.347912 0.396193 0.356833 0.394102 0.357875 0.395190 0.355944 0.398284 0.349398 0.399789 0.346574
6 0.397281 0.346722 0.392932 0.356093 0.394102 0.357875 0.395190 0.355944 0.398620 0.347616
6 0.400208 0.342009 0.408154 0.348403 0.410328 0.348551 0.412411 0.347338 0.402154 0.337532 0.401781 0.338546
6 0.405346 0.336157 0.413281 0.343898 0.412411 0.347338 0.402154 0.337532 0.403797 0.334093
6 0.411365 0.322903 0.413206 0.328704 0.414964 0.333759 0.413958 0.337028 0.411784 0.329889 0.410195 0.325579 0.409443 0.323796 0.409893 0.321000 0.410479 0.319958 0.411784 0.319931 0.412203 0.322755
6 0.409893 0.321000 0.401781 0.338546 0.399021 0.344194 0.396763 0.343153 0.396344 0.342264 0.398016 0.341370 0.400859 0.335870 0.405461 0.325014 0.408807 0.318324 0.410479 0.319958
6 0.359753 0.325912 0.358161 0.329384 0.356932 0.326940 0.357729 0.324500
6 0.430208 0.359722 0.431466 0.357343 0.439661 0.367153 0.437990 0.369236
6 0.455982 0.372940 0.458659 0.378144 0.459828 0.378292 0.462924 0.382454 0.464930 0.386769 0.466018 0.387810 0.467943 0.387514 0.469029 0.386324 0.469281 0.383944 0.468862 0.383051 0.467440 0.381417 0.466102 0.380968 0.465349 0.379778 0.465349 0.377551 0.463594 0.375319 0.462339 0.375764 0.458909 0.370412 0.455313 0.365949 0.452385 0.361639 0.450711 0.365801
6 0.476320 0.376343 0.476609 0.374671 0.475948 0.372532 0.473484 0.369745 0.463182 0.360588 0.459388 0.357745 0.458849 0.358838 0.465367 0.365426 0.472982 0.373389 0.474773 0.376972
6 0.463630 0.356208 0.475388 0.365764 0.481659 0.372532 0.482107 0.375718 0.483898 0.378106 0.481771 0.379500 0.480203 0.377509 0.478187 0.374921 0.475948 0.372532 0.473484 0.369745 0.463182 0.360588 0.459388 0.357745 0.460865 0.353264
7 0.436331 0.387458 0.438268 0.389458 0.439081 0.395569 0.440331 0.401676 0.437081 0.403898 0.433958 0.406454 0.431708 0.407231 0.431146 0.406454 0.430083 0.403676 0.429146 0.401676 0.429146 0.399681 0.429021 0.397014 0.428708 0.395014 0.429271 0.394458 0.429958 0.393792 0.429771 0.392458 0.429771 0.391681 0.430583 0.390681 0.431646 0.389236 0.433458 0.389347 0.433458 0.390125
8 0.567784 0.601324 0.570674 0.607106 0.574797 0.614949 0.577253 0.618931 0.580867 0.624843 0.582784 0.629222 0.581695 0.620597 0.578917 0.615333 0.576964 0.612634 0.574940 0.609292 0.572917 0.605181 0.569424 0.600106 0.567206 0.599782
8 0.619948 0.642565 0.617924 0.648352 0.614591 0.655074 0.617924 0.659019 0.622911 0.644495 0.622190 0.643338 0.620745 0.642440
8 0.608518 0.689116 0.612784 0.697856 0.614880 0.701324 0.613651 0.703255 0.610977 0.699269 0.609388 0.695542 0.609169 0.693486 0.606714 0.688986 0.607203 0.687153
8 0.442974 0.474120 0.446063 0.472843 0.449312 0.476486 0.445698 0.476741 0.443602 0.476741 0.442083 0.477125 0.441786 0.474565
6 0.454458 0.347005 0.453133 0.346296 0.454237 0.352171 0.454945 0.351611 0.455971 0.351898
6 0.449654 0.346810 0.450734 0.347481 0.452419 0.348750 0.453289 0.352306 0.452802 0.356139 0.451706 0.355644 0.449547 0.353954 0.446930 0.348792 0.446346 0.345870 0.446734 0.343796 0.447708 0.344648 0.447992 0.347759 0.449068 0.345870
6 0.481044 0.400861 0.485299 0.382944 0.484292 0.381153 0.481771 0.379500 0.480708 0.380755 0.480820 0.382745 0.481044 0.385731 0.479589 0.391505 0.477013 0.382745 0.474773 0.376972 0.472982 0.373389 0.465367 0.365426 0.458849 0.358838 0.457729 0.357444 0.455826 0.354398 0.454237 0.352171 0.453698 0.356991 0.458167 0.363037 0.460586 0.365565 0.463687 0.368236 0.466365 0.372991 0.469453 0.376417 0.473552 0.382806 0.476229 0.390551 0.479073 0.399764
6 0.586932 0.532403 0.589273 0.531810 0.591198 0.538944 0.592956 0.547273 0.595883 0.557532 0.594544 0.557384 0.593875 0.557088 0.593875 0.555153 0.593372 0.553370 0.591448 0.552181
6 0.534922 0.570657 0.535706 0.574324 0.534930 0.579139 0.527677 0.579870 0.526628 0.579606 0.526328 0.571079 0.527826 0.571343 0.529503 0.570880
6 0.550503 0.579088 0.547792 0.579431 0.544211 0.578574 0.544406 0.568935 0.549729 0.569282
6 0.563052 0.566037 0.570328 0.565889 0.574805 0.572944 0.573651 0.575421 0.573943 0.577662 0.572003 0.578380 0.567099 0.578537 0.559552 0.565977
8 0.479180 0.489343 0.479180 0.491838 0.475185 0.492606 0.471729 0.493565 0.470432 0.494241 0.468057 0.491648 0.468974 0.490880 0.470487 0.490398 0.471674 0.488093 0.472484 0.487421 0.473943 0.487329 0.472378 0.490111 0.476049 0.488861 0.478695 0.488477
8 0.510458 0.415542 0.513831 0.415542 0.517893 0.415653 0.517956 0.414653 0.517768 0.411875 0.516893 0.410097 0.511763 0.409491 0.511930 0.412611 0.510424 0.413060 0.507664 0.409935 0.505690 0.409838 0.508208 0.414986
8 0.478685 0.408162 0.482878 0.408037 0.483456 0.409194 0.484542 0.409319 0.485625 0.410222 0.486638 0.408935 0.491698 0.408935 0.501435 0.409440 0.503898 0.414417 0.497409 0.413949 0.494466 0.410755 0.492122 0.412685 0.487143 0.413435 0.478901 0.412662 0.466771 0.411722 0.467349 0.409796 0.468651 0.407611 0.471471 0.407995
8 0.462578 0.407097 0.464096 0.407097 0.463953 0.412366 0.461060 0.412255 0.458836 0.410014 0.458255 0.407778 0.458820 0.406843
8 0.464271 0.389389 0.460362 0.396958 0.458794 0.399745 0.456125 0.405199 0.446253 0.423264 0.446156 0.425329 0.446932 0.426704 0.448094 0.427051 0.449737 0.423435 0.458255 0.407778 0.458820 0.406843 0.461161 0.403269 0.465862 0.392602 0.466294 0.391185 0.466018 0.387810 0.464930 0.386769
8 0.482216 0.362556 0.481966 0.363778 0.480404 0.367556 0.478969 0.369333 0.475844 0.366444 0.478094 0.362667 0.479406 0.361778 0.480341 0.361111 0.481904 0.361000
8 0.472469 0.336894 0.472956 0.332093 0.474682 0.332574 0.474250 0.338815 0.473062 0.337856
8 0.471820 0.339296 0.471714 0.343037 0.472685 0.342273 0.473656 0.341407 0.473656 0.340255 0.473224 0.338718 0.472198 0.338625
8 0.465341 0.354560 0.466474 0.354273 0.469406 0.354319 0.469516 0.353718 0.470138 0.355935 0.469578 0.357046 0.468802 0.357218 0.467776 0.357144 0.464552 0.357056 0.464693 0.354644
2 0.426779 0.461750 0.428951 0.464745 0.430570 0.461292 0.431622 0.458380 0.429208 0.455991
2 0.422297 0.455704 0.423539 0.457431 0.425052 0.459449 0.427536 0.459736 0.429208 0.455991 0.422839 0.449079 0.421542 0.449755
2 0.423161 0.462519 0.426898 0.471181 0.427492 0.468204 0.428951 0.464745 0.426779 0.461750 0.427536 0.459736 0.425052 0.459449 0.423539 0.457431 0.422297 0.455704 0.422727 0.459634 0.422630 0.461356
5 0.481326 0.484065 0.482779 0.484755 0.483164 0.487162 0.484326 0.488366 0.484714 0.490602 0.485487 0.491806 0.486648 0.492667 0.487422 0.494389 0.488391 0.494560 0.489164 0.492667 0.489263 0.490259 0.488779 0.485616 0.488583 0.483551 0.486544 0.481509 0.481266 0.476241 0.477435 0.472384 0.473641 0.469222 0.470885 0.468551 0.464784 0.468259 0.464690 0.470176 0.464411 0.473889 0.471055 0.474560 0.471810 0.477523 0.473875 0.481315 0.474969 0.479296 0.476406 0.481074 0.477841 0.482861 0.479198 0.485616
5 0.479151 0.501699 0.484714 0.490602 0.484326 0.488366 0.483164 0.487162 0.482779 0.484755 0.481326 0.484065 0.480990 0.486231 0.480490 0.488315 0.479180 0.489343 0.479180 0.491838 0.475185 0.492606 0.471729 0.493565 0.470432 0.494241 0.475805 0.501102 0.476557 0.499764 0.477560 0.502440
10 0.502253 0.417074 0.505932 0.419005 0.510951 0.429546 0.508961 0.430083 0.506617 0.428894 0.505698 0.429787 0.506786 0.431870 0.506786 0.434245 0.506451 0.435588 0.506034 0.437370 0.505112 0.438412 0.504193 0.440644 0.504193 0.441833 0.502839 0.439273 0.501089 0.436269 0.498154 0.434157 0.495091 0.433264 0.493094 0.434056 0.491094 0.432718 0.489552 0.428565 0.488102 0.424088 0.486359 0.422370 0.485583 0.422009 0.477164 0.426481 0.475737 0.424435 0.470208 0.420093 0.468979 0.417787 0.468336 0.416375 0.467247 0.414324 0.466771 0.411722 0.467682 0.411616 0.468477 0.415213 0.469346 0.416759 0.470568 0.414963 0.471797 0.415347 0.472307 0.415852 0.473102 0.416491 0.473177 0.415079 0.471581 0.414324 0.471078 0.411870 0.478901 0.412662 0.487143 0.413435 0.492122 0.412685 0.490701 0.415810 0.489195 0.419380 0.489279 0.421310 0.490701 0.424134 0.495469 0.428449 0.497227 0.431273 0.498062 0.430829 0.498898 0.424583 0.499818 0.420866 0.500823 0.417593
10 0.482401 0.401861 0.485885 0.405301 0.486638 0.408935 0.485625 0.410222 0.484542 0.409319 0.483456 0.409194 0.482878 0.408037 0.478685 0.408162 0.471471 0.407995 0.470401 0.407616 0.471237 0.403898 0.470484 0.401370 0.471237 0.398097 0.470484 0.393639 0.469490 0.391699 0.477081 0.393370 0.479073 0.399764 0.481044 0.400861
5 0.597164 0.655407 0.598849 0.657208 0.598549 0.653741 0.597018 0.647435 0.594544 0.641324 0.594042 0.645491 0.593875 0.647421 0.593622 0.650394 0.592956 0.652032 0.593641 0.653935 0.592922 0.654958 0.593497 0.657921 0.594292 0.657148 0.596458 0.660745 0.595828 0.657894 0.594932 0.654907 0.595828 0.653912
1 0.554664 0.512157 0.557044 0.513736 0.558680 0.516056 0.560172 0.519046 0.559286 0.520454 0.557326 0.516222 0.555875 0.514352 0.553812 0.514130 0.552375 0.514685 0.551398 0.514065 0.551172 0.512037 0.553581 0.512120
1 0.537987 0.520718 0.537862 0.525162 0.537862 0.527713 0.537362 0.536713 0.538237 0.535380 0.538612 0.525491 0.538984 0.520051 0.540484 0.516940 0.542234 0.514940 0.544047 0.514495 0.545672 0.514162 0.545484 0.512051 0.543672 0.512495 0.541547 0.513606 0.540172 0.514829 0.538487 0.517495
2 0.364247 0.283315 0.364880 0.285148 0.365740 0.287903 0.362724 0.290847 0.357708 0.296370 0.357594 0.295250 0.359026 0.292495 0.360289 0.290454 0.361208 0.288620 0.361208 0.286986 0.360690 0.286171 0.360747 0.285352 0.361781 0.285046 0.362297 0.284537 0.363331 0.283315
2 0.347151 0.298208 0.347953 0.297796 0.349044 0.298310 0.349388 0.299125 0.349846 0.299532 0.350937 0.299023 0.351339 0.298514 0.351453 0.297491 0.352026 0.295963 0.352487 0.294532 0.353690 0.294736 0.353979 0.295454 0.355125 0.295759 0.355930 0.295556 0.357018 0.296778 0.354852 0.299176 0.350792 0.301843 0.345979 0.303731 0.345716 0.302694 0.346117 0.300347
6 0.377721 0.270125 0.379159 0.268366 0.379953 0.267306 0.380596 0.266778 0.381143 0.266162 0.381391 0.265542 0.382234 0.265190 0.382878 0.265190 0.383643 0.266398 0.384961 0.268519 0.383031 0.269852 0.383344 0.271407 0.381544 0.270884 0.380518 0.271750 0.380281 0.273407 0.377469 0.275519 0.373427 0.276713 0.374833 0.274005 0.376094 0.272296
5 0.624370 0.609931 0.625932 0.611931 0.626120 0.613264 0.627057 0.613708 0.627307 0.616042 0.627370 0.617708 0.627792 0.619287 0.626109 0.621361 0.623388 0.623435 0.623388 0.624815 0.620677 0.624074 0.617716 0.623940 0.615523 0.618782 0.615784 0.615556 0.619021 0.610949 0.622260 0.608648
5 0.539430 0.568685 0.540630 0.571597 0.542167 0.575593 0.542878 0.578319 0.543263 0.580370 0.543263 0.582028 0.543263 0.583880 0.543596 0.584051 0.544464 0.585079 0.546125 0.585208 0.546271 0.585593 0.546125 0.586495 0.544969 0.586625 0.543378 0.587264 0.543089 0.589708 0.544159 0.590616 0.543674 0.591861 0.541948 0.590898 0.541716 0.591505 0.541885 0.592981 0.540849 0.596389 0.541138 0.598190 0.539982 0.598963 0.539448 0.600981 0.538172 0.604287 0.537276 0.605880 0.535932 0.606477 0.533484 0.604032 0.532406 0.602301 0.531474 0.598597 0.531474 0.597426 0.533245 0.596523 0.533245 0.598514 0.535148 0.604088 0.534477 0.597718 0.534141 0.586769 0.530893 0.582787 0.529687 0.579671 0.531365 0.579588 0.534380 0.584171 0.534490 0.581051 0.534930 0.579139 0.535706 0.574324 0.534922 0.570657 0.535367 0.569940 0.536383 0.569111 0.537594 0.568843 0.538500 0.568407
5 0.539430 0.568685 0.540630 0.571597 0.542167 0.575593 0.542878 0.578319 0.543263 0.580370 0.543310 0.581241 0.544617 0.581491 0.545893 0.580861 0.546956 0.580106 0.547060 0.579287 0.544211 0.578574 0.544406 0.568935 0.543953 0.566681 0.542508 0.567690 0.541529 0.568190 0.540125 0.568935
1 0.433560 0.348380 0.436021 0.346972 0.437706 0.346190 0.438224 0.347227 0.438120 0.350500
1 0.398026 0.413741 0.398107 0.413023 0.398953 0.412806 0.401523 0.411023 0.402180 0.412088 0.400930 0.412736 0.399799 0.413236 0.399034 0.414028 0.398630 0.415315
1 0.408563 0.419537 0.410242 0.424269 0.410755 0.423935 0.410708 0.422856 0.409635 0.419287 0.409167 0.418708 0.408701 0.418708
1 0.418503 0.419037 0.423438 0.421343 0.427083 0.422963 0.428568 0.423565 0.430443 0.424167 0.431156 0.424759 0.430729 0.425505 0.428729 0.425356 0.425969 0.423870 0.423776 0.422690 0.420836 0.421694 0.417849 0.420199 0.417289 0.420120 0.416279 0.419245 0.417102 0.418875
1 0.415003 0.413065 0.415747 0.415056 0.417102 0.418875 0.418503 0.419037 0.417521 0.416468 0.415794 0.412153
1 0.413042 0.415222 0.414490 0.417968 0.416279 0.419245 0.413555 0.414060 0.413042 0.414477
1 0.412042 0.423884 0.412495 0.423023 0.414133 0.420542 0.415422 0.420917 0.414203 0.422343
1 0.415076 0.416944 0.415747 0.415056 0.416714 0.417630 0.416279 0.419245
9 0.403721 0.403009 0.404187 0.403921 0.406242 0.405167 0.406383 0.404750 0.406242 0.403426 0.405635 0.402843 0.404747 0.401681 0.404141 0.401681 0.403862 0.402014
1 0.425229 0.356005 0.434576 0.352134 0.436328 0.351667 0.434969 0.350495 0.434102 0.350750 0.432182 0.349699 0.431039 0.349338 0.429414 0.349338 0.425854 0.350449 0.419253 0.352843 0.421091 0.353361 0.422060 0.356111
1 0.425893 0.361634 0.429242 0.364032 0.430159 0.364032 0.430807 0.361921 0.430208 0.359722 0.429943 0.358954 0.425625 0.356546 0.425229 0.356005 0.422060 0.356111 0.423951 0.361259
1 0.374990 0.284477 0.380919 0.278310 0.382221 0.286278 0.377810 0.290264 0.376003 0.288079
1 0.371500 0.314431 0.371547 0.313019 0.367440 0.312273 0.366693 0.313519 0.367672 0.314264
1 0.375414 0.323148 0.381482 0.324139 0.383583 0.324222 0.383490 0.322486 0.378542 0.321815 0.374669 0.321231 0.374388 0.322486 0.374435 0.325222 0.374995 0.327537 0.375648 0.329704 0.376115 0.331282 0.377003 0.331356 0.377096 0.329704 0.376443 0.328204 0.376021 0.324894
1 0.369927 0.330500 0.373240 0.332407 0.375201 0.332657 0.376555 0.334069 0.375688 0.334764 0.372693 0.337287 0.358956 0.327778 0.359753 0.325912 0.360602 0.326833 0.362677 0.328236 0.364456 0.326792 0.367034 0.328926 0.367247 0.330111 0.368602 0.329944
1 0.378359 0.338681 0.385174 0.342250 0.386294 0.342912 0.385786 0.341731 0.385786 0.339148 0.385497 0.336569 0.384044 0.336222 0.381534 0.335361 0.379573 0.334782 0.376500 0.337097 0.376638 0.338019
1 0.402745 0.349426 0.406107 0.350176 0.406945 0.350755 0.409479 0.350264 0.410867 0.350671 0.413341 0.349676 0.413479 0.347269 0.412411 0.347338 0.410328 0.348551 0.408154 0.348403 0.402654 0.345444 0.399992 0.344116 0.399021 0.344194 0.396763 0.343153 0.396344 0.342264 0.394997 0.342042 0.394786 0.342935 0.394305 0.346032 0.396258 0.346106 0.397281 0.346722 0.398620 0.347616 0.399789 0.346574 0.400458 0.347912
2 0.373216 0.360435 0.385094 0.361625 0.396219 0.361625 0.395833 0.363856 0.394961 0.366606 0.384174 0.365935 0.375224 0.366681
2 0.369786 0.353444 0.385260 0.357014 0.392956 0.358944 0.394102 0.357875 0.392932 0.356093 0.389945 0.355380 0.385596 0.354782 0.379909 0.352551 0.376729 0.352699 0.373383 0.351662 0.366693 0.348241
5 0.544516 0.565903 0.545141 0.565125 0.546078 0.564903 0.547326 0.566236 0.549451 0.566569 0.549729 0.569282 0.544406 0.568935 0.543953 0.566681
5 0.500401 0.497366 0.501271 0.501324 0.501370 0.504593 0.501078 0.508722 0.502714 0.509731 0.500375 0.512208 0.501240 0.513745 0.498810 0.516912 0.497945 0.516148 0.499133 0.514032 0.499188 0.512977 0.497727 0.513458 0.495591 0.515019 0.493518 0.516468 0.493266 0.514833 0.495174 0.513292 0.497344 0.509963 0.494531 0.506991 0.491198 0.503394 0.489839 0.502639 0.489167 0.502931 0.488922 0.505014 0.488250 0.505759 0.486911 0.505014 0.485661 0.505014 0.484737 0.505310 0.483146 0.506648 0.482812 0.507394 0.480841 0.507403 0.477310 0.503009 0.477560 0.502440 0.479151 0.501699 0.484714 0.490602 0.485487 0.491806 0.486648 0.492667 0.487422 0.494389 0.488391 0.494560 0.489164 0.492667 0.489263 0.490259 0.488779 0.485616 0.488583 0.483551 0.490172 0.485806
2 0.529687 0.579671 0.527677 0.579870 0.530615 0.594046 0.532716 0.593847 0.532237 0.592940 0.530893 0.582787
5 0.580159 0.546889 0.580229 0.545662 0.581794 0.545468 0.582766 0.546139 0.583576 0.547292 0.584169 0.548444 0.584495 0.550171 0.584763 0.551903 0.585034 0.553819 0.585034 0.555069 0.584872 0.556606 0.581724 0.552171 0.580427 0.551019
5 0.595883 0.557532 0.596268 0.556241 0.597021 0.556537 0.598107 0.558324 0.598526 0.559514 0.598776 0.562042 0.598443 0.563824 0.597857 0.565162 0.596945 0.567421 0.593927 0.569162 0.592417 0.567435 0.586367 0.558889 0.584872 0.556606 0.586898 0.556537 0.589326 0.552671 0.586648 0.549847 0.584495 0.550171 0.584169 0.548444 0.583576 0.547292 0.582766 0.546139 0.581794 0.545468 0.580229 0.545662 0.578539 0.540361 0.578323 0.536810 0.577945 0.535273 0.585422 0.540912 0.585896 0.538694 0.588320 0.538843 0.591448 0.552181 0.593372 0.553370 0.593875 0.555153 0.593875 0.557088 0.594544 0.557384
5 0.584495 0.550171 0.586648 0.549847 0.589326 0.552671 0.586898 0.556537 0.584872 0.556606 0.585034 0.555069 0.585034 0.553819 0.584763 0.551903
1 0.443760 0.357625 0.447758 0.361514 0.450133 0.363292 0.451195 0.363292 0.452385 0.361639 0.453633 0.356958 0.454237 0.352171 0.453133 0.346296 0.450570 0.332634 0.448521 0.321227 0.447242 0.313412 0.447391 0.309731 0.445312 0.309491 0.448497 0.330736 0.450893 0.343958 0.450221 0.344648 0.449990 0.345097 0.450422 0.346060 0.452419 0.348750 0.453289 0.352306 0.452802 0.356139 0.452044 0.358736 0.451339 0.360657 0.449672 0.360556 0.446104 0.357769 0.442862 0.354458 0.438120 0.350500 0.433560 0.348380 0.430643 0.345778 0.427625 0.346583 0.425497 0.346505 0.425135 0.348560 0.424992 0.350884 0.425854 0.350449 0.429414 0.349338 0.431039 0.349338 0.432227 0.349782 0.434102 0.350750 0.434969 0.350495
10 0.451661 0.331782 0.448521 0.321227 0.447242 0.313412 0.450424 0.320259 0.453271 0.327551
10 0.459424 0.264565 0.460362 0.267245 0.461542 0.268644 0.462917 0.268819 0.463997 0.268995 0.465471 0.267597 0.466159 0.264801 0.466258 0.261829 0.465372 0.259384 0.463997 0.257639 0.463604 0.256417 0.464195 0.254144 0.463604 0.252921 0.461013 0.251389 0.459589 0.252079 0.457773 0.255537 0.455313 0.264977 0.447034 0.297454 0.445206 0.309431 0.447414 0.309847 0.452844 0.283319 0.456620 0.267833 0.460102 0.255792 0.460102 0.258546 0.459521 0.261986
5 0.505891 0.469532 0.507016 0.471310 0.509451 0.472199 0.510763 0.473421 0.512951 0.474310 0.515979 0.476644 0.526505 0.466093 0.523573 0.461681 0.519224 0.456181 0.514206 0.452907 0.511526 0.451741 0.510521 0.454560 0.510102 0.457681 0.509513 0.460060 0.508016 0.462148 0.506758 0.464079
5 0.568698 0.661806 0.567474 0.663282 0.566120 0.664662 0.565151 0.668273 0.564669 0.672745 0.563508 0.679282 0.564195 0.681750 0.567414 0.678097 0.569328 0.675111 0.569888 0.675940 0.570635 0.675940 0.571305 0.675569 0.571529 0.673778 0.570914 0.671875 0.570122 0.670713 0.570216 0.669551 0.571055 0.668972 0.572036 0.668889 0.572969 0.668722 0.573544 0.668005 0.572456 0.666648 0.570029 0.666231 0.570542 0.664157
5 0.502586 0.488088 0.504172 0.487074 0.505378 0.485718 0.506573 0.485403 0.507469 0.487991 0.510268 0.490579 0.512284 0.494162 0.513068 0.497546 0.513964 0.501329 0.508086 0.494361
2 0.512279 0.510167 0.509818 0.507935 0.508862 0.508324 0.507615 0.508588 0.507029 0.508324 0.506146 0.509370 0.505633 0.510023 0.505047 0.511329 0.505891 0.511491 0.507391 0.514264 0.509078 0.516375 0.510641 0.516819 0.513263 0.516042 0.514763 0.516486 0.515951 0.517375 0.517151 0.518343 0.516716 0.511787 0.518813 0.509472 0.517701 0.507981 0.516617 0.505926 0.514953 0.506699 0.512784 0.508241
5 0.542948 0.501782 0.542357 0.505449 0.540294 0.506847 0.538943 0.508616 0.535573 0.520593 0.536659 0.522745 0.537862 0.525162 0.537987 0.520718 0.538487 0.517495 0.540172 0.514829 0.541547 0.513606 0.543672 0.512495 0.545484 0.512051 0.545365 0.508875 0.547396 0.507500 0.548229 0.507657 0.546091 0.504403
5 0.543044 0.498986 0.542948 0.501782 0.542357 0.505449 0.540294 0.506847 0.538943 0.508616 0.535961 0.496639 0.534924 0.492264 0.534987 0.490602 0.534693 0.488329 0.534398 0.486231 0.534201 0.483963 0.540872 0.495157
9 0.465349 0.377551 0.466362 0.375741 0.467831 0.375611 0.469453 0.376417 0.469958 0.378611 0.470253 0.379523 0.470471 0.381745 0.470031 0.381745 0.468862 0.383051 0.467440 0.381417 0.466102 0.380968 0.465349 0.379778
5 0.519013 0.444278 0.518773 0.447514 0.517964 0.447773 0.516880 0.447111 0.515375 0.447556 0.514706 0.448000 0.514206 0.452907 0.511526 0.451741 0.510969 0.453282 0.510047 0.452241 0.508961 0.451051 0.507956 0.449116 0.506953 0.448819 0.506276 0.449162 0.504961 0.445815 0.504526 0.444208 0.504193 0.441833 0.504193 0.440644 0.505112 0.438412 0.506034 0.437370 0.506451 0.435588 0.506786 0.434245 0.506786 0.431870 0.505698 0.429787 0.506617 0.428894 0.508961 0.430083 0.510951 0.429546
1 0.544029 0.601106 0.546190 0.604852 0.548458 0.609074 0.548305 0.610912 0.547862 0.612278 0.548385 0.613208 0.547570 0.613796 0.546820 0.612014 0.545893 0.610282 0.545885 0.611972 0.544247 0.610477 0.544721 0.607778 0.544159 0.606847 0.543872 0.605981 0.543792 0.604907 0.542706 0.602468 0.542906 0.600750
1 0.414581 0.338398 0.416651 0.333245 0.416448 0.329106 0.414964 0.333759 0.413958 0.337028 0.413836 0.338236
2 0.488560 0.381278 0.500148 0.386694 0.500961 0.388583 0.500961 0.390472 0.501427 0.391944 0.501138 0.392972 0.499693 0.392843 0.497523 0.393102 0.496396 0.392319 0.495276 0.391722 0.494156 0.391722 0.487706 0.387972 0.485320 0.387074 0.484599 0.386046 0.485299 0.382944 0.484292 0.381153 0.484294 0.379606
2 0.414995 0.389801 0.421771 0.388167 0.432646 0.388019 0.432393 0.385639 0.433039 0.385412 0.432815 0.383620 0.432560 0.382069 0.430680 0.382231 0.429609 0.380542 0.428737 0.381403 0.425253 0.381574 0.424091 0.382093 0.422156 0.382264 0.418964 0.384671 0.416641 0.385190 0.411414 0.387940 0.404253 0.392245 0.401349 0.393792 0.397005 0.398426 0.398201 0.401472 0.401880 0.399245 0.408070 0.395380 0.408573 0.392551 0.408990 0.391065 0.411164 0.389875 0.413424 0.390620
2 0.453758 0.358593 0.454445 0.358306 0.454888 0.359310 0.455573 0.359167 0.458167 0.363037 0.459154 0.364269 0.458453 0.365356 0.457893 0.366509 0.457706 0.369176 0.455313 0.365949 0.452385 0.361639 0.452831 0.360245
2 0.379755 0.375269 0.385102 0.371236 0.389799 0.369028 0.392339 0.368931 0.393797 0.368931 0.393122 0.370222 0.390414 0.371940 0.390898 0.374176 0.391635 0.377088 0.382781 0.382176
