1 0.396130 0.270727 0.401013 0.277176 0.404753 0.277278 0.401852 0.273838 0.396047 0.267722 0.393898 0.264287 0.393901 0.267079 0.394430 0.268972
1 0.384169 0.383782 0.387167 0.381227 0.389445 0.379412 0.390526 0.379199 0.391784 0.379731 0.392143 0.381227 0.392143 0.383995 0.391724 0.386009 0.390885 0.388259 0.390526 0.389528 0.392143 0.392843 0.401612 0.408269 0.405305 0.414685 0.407792 0.415546 0.411323 0.416398 0.413974 0.418394 0.419430 0.421963 0.423122 0.424958 0.422883 0.426676 0.421841 0.427102 0.418177 0.423546 0.416133 0.421727 0.413651 0.420398 0.410760 0.418968 0.408596 0.418255 0.404987 0.417403 0.403698 0.415259 0.398164 0.406125 0.390214 0.392139 0.389570 0.389995 0.389495 0.387000 0.390375 0.385148 0.391016 0.383870 0.391016 0.381301 0.384919 0.385435
1 0.374404 0.284676 0.381828 0.278634 0.381734 0.283588 0.382034 0.285537 0.378010 0.289731 0.377247 0.289486 0.376555 0.288130
2 0.356117 0.321648 0.358339 0.324731 0.360211 0.326333 0.362708 0.328681 0.364781 0.326421 0.365982 0.324718 0.365685 0.319921 0.365206 0.317148 0.364727 0.316088 0.362654 0.319662 0.361682 0.319171 0.361682 0.317690 0.364180 0.313745 0.366036 0.310148 0.359935 0.315713 0.356164 0.317426 0.354878 0.318713 0.353755 0.319708
2 0.385906 0.343750 0.385281 0.345477 0.392724 0.350088 0.392643 0.351801 0.394570 0.352801 0.396258 0.349056 0.397456 0.346412 0.395724 0.345292 0.393362 0.345796 0.393570 0.343324 0.394404 0.341843 0.394578 0.340421 0.393953 0.338569 0.392427 0.337338 0.391247 0.335486 0.392219 0.333884 0.391391 0.332981 0.389305 0.325417 0.388341 0.322565 0.387849 0.320477 0.386349 0.318454 0.385365 0.317986 0.384427 0.318171 0.383234 0.318454 0.382562 0.319454 0.381682 0.319736 0.381167 0.320380 0.381529 0.321204 0.382768 0.322449 0.383286 0.324019 0.383935 0.325819 0.382792 0.327727 0.381771 0.328690 0.380932 0.328481 0.380219 0.327407 0.379378 0.328162 0.378719 0.329333 0.378359 0.332528 0.381688 0.331417 0.379096 0.334134 0.385872 0.337440 0.385872 0.340102 0.386411 0.341167 0.386411 0.342556
2 0.347086 0.298134 0.347891 0.297829 0.348750 0.298440 0.349211 0.298949 0.349612 0.299361 0.350932 0.298949 0.351333 0.298134 0.351620 0.297014 0.352078 0.296199 0.352539 0.294769 0.352997 0.293954 0.353914 0.294056 0.354375 0.294667 0.355521 0.294870 0.356612 0.296403 0.355104 0.298051 0.351169 0.301472 0.346193 0.304042 0.345596 0.302727 0.345482 0.301806 0.345940 0.300380
5 0.399643 0.399333 0.402211 0.393338 0.403013 0.393199 0.403495 0.390486 0.404620 0.389343 0.413047 0.386778 0.418505 0.385065 0.422198 0.382782 0.425568 0.381352 0.429500 0.381926 0.426771 0.375361 0.425568 0.376218 0.425406 0.374079 0.425167 0.372079 0.424365 0.369940 0.424445 0.367796 0.421326 0.360708 0.415776 0.348676 0.413930 0.349250 0.411521 0.350532 0.409596 0.350532 0.407508 0.351245 0.405260 0.352528 0.403815 0.354384 0.402451 0.355384 0.399964 0.356667 0.397797 0.357954 0.396031 0.359949 0.394987 0.366088 0.394185 0.367796 0.393383 0.368796 0.392820 0.370796 0.389849 0.371653 0.394747 0.392056 0.396833 0.393481 0.398117 0.395764
8 0.427271 0.357852 0.429810 0.358958 0.431224 0.360718 0.432193 0.362366 0.430794 0.363750 0.429914 0.364394 0.428099 0.363565 0.425820 0.362829 0.423591 0.357852
2 0.460396 0.257551 0.460117 0.260523 0.459930 0.263167 0.459651 0.267292 0.458138 0.302394 0.457599 0.315370 0.454674 0.313144 0.453549 0.311574 0.452102 0.309296 0.451302 0.307431 0.451062 0.309148 0.451859 0.312005 0.453151 0.313569 0.452909 0.316426 0.453068 0.321134 0.455156 0.333546 0.450495 0.320852 0.447292 0.312431 0.447292 0.310713 0.452742 0.285602 0.459651 0.257204
1 0.567604 0.600384 0.581904 0.622176 0.591471 0.638028 0.593885 0.641162 0.602336 0.653875 0.603849 0.650921 0.600518 0.645000 0.598370 0.642329 0.595898 0.638125 0.593049 0.633403 0.590635 0.629440 0.588750 0.625509 0.574578 0.606509 0.569359 0.598106 0.568607 0.598551
6 0.560654 0.655639 0.564250 0.656657 0.570617 0.655042 0.571755 0.662315 0.570161 0.666968 0.568456 0.667574 0.560271 0.665347 0.557997 0.663731 0.559474 0.659833
5 0.586589 0.705366 0.589052 0.708231 0.584549 0.715782 0.584125 0.714727 0.584466 0.713366 0.583362 0.712310
1 0.657833 0.736338 0.661503 0.741991 0.661365 0.742963 0.660185 0.743213 0.658792 0.741361 0.656747 0.737810
1 0.640172 0.720560 0.650232 0.737213 0.653630 0.742144 0.654948 0.744116 0.656013 0.744449 0.657964 0.744583 0.657750 0.743708 0.657128 0.741361 0.657612 0.740505 0.658792 0.741361 0.656747 0.737810 0.642352 0.716681
2 0.634943 0.731282 0.644034 0.745125 0.642185 0.743838 0.641305 0.743708 0.639938 0.743708 0.637125 0.744699 0.635203 0.745125 0.632555 0.745986 0.630708 0.745125 0.629424 0.745273 0.628544 0.747273 0.627336 0.746694 0.629247 0.742370
11 0.479667 0.372759 0.483659 0.378208 0.483937 0.380352 0.484867 0.382829 0.493076 0.394486 0.494758 0.396764 0.494349 0.397278 0.500198 0.405204 0.503987 0.409759 0.513609 0.425079 0.522060 0.439773 0.533130 0.460097 0.541747 0.479958 0.548305 0.497343 0.550776 0.508042 0.551211 0.511676 0.547878 0.506523 0.545833 0.500218 0.543039 0.492389 0.541747 0.488759 0.541107 0.486463 0.538211 0.479019 0.532620 0.468319 0.528747 0.459917 0.518977 0.442134 0.511172 0.428287 0.503802 0.417546 0.501331 0.412389 0.495526 0.405894 0.482331 0.385833 0.478885 0.379856 0.477729 0.374917
6 0.463477 0.356426 0.464620 0.356069 0.466758 0.357569 0.469849 0.361505 0.475857 0.368301 0.478253 0.371125 0.478253 0.371125 0.479667 0.372759 0.477729 0.374917 0.476471 0.372431 0.474872 0.371144 0.472255 0.371620 0.463685 0.360125
2 0.610878 0.780509 0.619964 0.787046 0.622531 0.780759 0.624049 0.776097 0.623641 0.775093 0.622201 0.774102 0.620909 0.772384 0.620753 0.770384 0.621477 0.769528 0.622917 0.769676 0.624846 0.770384 0.625089 0.769245 0.626453 0.765815 0.626128 0.763537 0.626453 0.759259 0.626128 0.757394 0.623240 0.756403 0.622844 0.756292
9 0.443984 0.384444 0.443672 0.385403 0.438398 0.385310 0.438224 0.381060 0.437966 0.379583 0.437758 0.377926 0.437034 0.377833 0.435323 0.375625 0.435065 0.374704 0.434234 0.374704 0.433924 0.376083 0.433924 0.377375 0.432784 0.377926 0.425820 0.362829 0.428099 0.363565 0.429914 0.364394 0.430794 0.363750 0.432193 0.362366 0.435359 0.366792 0.436141 0.368819 0.436740 0.369245 0.437458 0.369565 0.438177 0.369458 0.438659 0.368394 0.439029 0.367856 0.439570 0.367537 0.440289 0.367005 0.440948 0.367431 0.441906 0.369245 0.442987 0.369778 0.445445 0.370769 0.448263 0.373648 0.448630 0.375301 0.449719 0.375116 0.451430 0.373273 0.453656 0.371431 0.454255 0.372019 0.455008 0.371389 0.455979 0.373481 0.458823 0.377676 0.457344 0.378301 0.452128 0.376875 0.446268 0.375588 0.445065 0.378583 0.445065 0.382866 0.445539 0.384796
1 0.366703 0.315852 0.367052 0.319181 0.367753 0.322375 0.367607 0.323745 0.366844 0.324486 0.367466 0.327199 0.368370 0.329787 0.367466 0.329912 0.366495 0.327690 0.365982 0.324718 0.365685 0.319921 0.365206 0.317148 0.364727 0.316088 0.364943 0.315593 0.365773 0.314116 0.366391 0.315472
1 0.557859 0.554981 0.562232 0.538421 0.560966 0.538560 0.560430 0.537431 0.555036 0.557343 0.554203 0.561139 0.552901 0.564935 0.553432 0.570532 0.554609 0.569773 0.554396 0.565944 0.556227 0.559833 0.557531 0.556894
1 0.573974 0.484778 0.567195 0.510042 0.564315 0.521269 0.561052 0.532009 0.565146 0.525722 0.571839 0.500463 0.575831 0.484778
1 0.555005 0.581153 0.556393 0.587319 0.558612 0.596074 0.560526 0.602097 0.564232 0.606931 0.559583 0.590898 0.557018 0.580782 0.556440 0.576676 0.555159 0.578208
1 0.549828 0.598532 0.556607 0.608440 0.562792 0.620523 0.562792 0.622954 0.561130 0.625625 0.554792 0.614676 0.547516 0.603569 0.546680 0.600579 0.548240 0.599935 0.549615 0.599935
1 0.513607 0.554222 0.512518 0.555329 0.510911 0.558000 0.512117 0.558134 0.514685 0.559134 0.515576 0.556708 0.514125 0.554593
1 0.512044 0.565773 0.506469 0.574833 0.506474 0.571208 0.506500 0.564699 0.510513 0.565412
2 0.495341 0.554852 0.505938 0.556708 0.512117 0.558134 0.514685 0.559134 0.516224 0.559815 0.514365 0.566699 0.510513 0.565412 0.506500 0.564699 0.506474 0.562074 0.504789 0.561787 0.500456 0.562787 0.496786 0.559421 0.493977 0.556282
1 0.513555 0.539356 0.515151 0.544167 0.515497 0.550458 0.514320 0.551815 0.512237 0.551444 0.511891 0.548116 0.511544 0.544292 0.510990 0.541579 0.511266 0.538986 0.512445 0.538616
1 0.516224 0.559815 0.517974 0.559944 0.518393 0.559944 0.518917 0.563917 0.516474 0.570602 0.512159 0.581259 0.509206 0.579093 0.512878 0.570921
11 0.369534 0.352060 0.385266 0.357051 0.392378 0.358819 0.396031 0.359949 0.392362 0.362005 0.377432 0.359764 0.372521 0.359667
5 0.579979 0.696403 0.583359 0.701667 0.581042 0.704583 0.576026 0.709477 0.565411 0.698130 0.564344 0.696194 0.565245 0.691630 0.564898 0.687685 0.564344 0.687065 0.563372 0.685218 0.562469 0.683861 0.561221 0.682625 0.560250 0.682255 0.557615 0.682255 0.556302 0.681519 0.555602 0.679421 0.554151 0.678435 0.553596 0.677324 0.554214 0.674486 0.553312 0.672759 0.551510 0.672019 0.550885 0.675102 0.550122 0.676583 0.548664 0.674611 0.547625 0.675968 0.547096 0.677523 0.544740 0.676412 0.544391 0.675301 0.545362 0.673944 0.545596 0.672403 0.546255 0.670593 0.547016 0.669593 0.547737 0.666819 0.548995 0.665755 0.549055 0.664259 0.551232 0.663130 0.554901 0.672343 0.555221 0.670194 0.556586 0.670060 0.558031 0.671060 0.558432 0.676056 0.558591 0.678620 0.559474 0.680051 0.560750 0.681491 0.562552 0.680750 0.562372 0.677014 0.562852 0.676694 0.568727 0.683625 0.569810 0.684995 0.571198 0.684625 0.573070 0.686227 0.573763 0.687708 0.573833 0.689681 0.572654 0.691903 0.570641 0.693505 0.571404 0.695231 0.573833 0.697204 0.577786 0.702259 0.577786 0.701148 0.578828 0.698315
8 0.469370 0.351944 0.473820 0.350741 0.475167 0.350375 0.476622 0.349634 0.478172 0.348069 0.478680 0.350231 0.478760 0.354083 0.477474 0.355796 0.474185 0.357509 0.471695 0.358796 0.469849 0.361505 0.466758 0.357569 0.464620 0.356069 0.463477 0.356426 0.462021 0.355565 0.462224 0.353514 0.463602 0.353708 0.464690 0.352509
8 0.471695 0.358796 0.474185 0.357509 0.477474 0.355796 0.478760 0.354083 0.480284 0.351657 0.481810 0.350944 0.483174 0.348949 0.484620 0.348380 0.486143 0.352375 0.485260 0.354370 0.483815 0.356796 0.480661 0.358995 0.477852 0.362417 0.476086 0.366699 0.475857 0.368301 0.469849 0.361505
11 0.446268 0.375588 0.452128 0.376875 0.457344 0.378301 0.458823 0.377676 0.461250 0.379648 0.461875 0.381130 0.463747 0.383968 0.463609 0.384954 0.464719 0.386681 0.466174 0.388861 0.465508 0.390301 0.463122 0.390287 0.456461 0.388861 0.451885 0.387861 0.449719 0.386005 0.445706 0.385435 0.445065 0.382866 0.445065 0.378583
8 0.468161 0.412264 0.487349 0.414394 0.485987 0.409139 0.475776 0.407468 0.474638 0.408639 0.472958 0.407787 0.471521 0.407468 0.470500 0.407681
8 0.487737 0.409162 0.496615 0.409778 0.497253 0.412824 0.495034 0.413319 0.494188 0.414463 0.489539 0.414713
2 0.367745 0.313755 0.372323 0.314741 0.372323 0.313634 0.371281 0.312769 0.368716 0.312153 0.367857 0.310907 0.366635 0.312894
2 0.360914 0.286403 0.361833 0.285486 0.362406 0.284366 0.363036 0.283551 0.363784 0.283139 0.364471 0.283551 0.365219 0.285995 0.365734 0.287630 0.364174 0.289204 0.361201 0.292116 0.361375 0.289259
6 0.376607 0.272236 0.378799 0.268815 0.379331 0.267634 0.380922 0.267046 0.382383 0.265509 0.383388 0.266125 0.384151 0.268718 0.384620 0.269468 0.380961 0.271065 0.380992 0.271866 0.380156 0.272199 0.377417 0.275792 0.373156 0.276662 0.374742 0.274194
2 0.462339 0.463403 0.465547 0.468824 0.466911 0.472532 0.466753 0.474819 0.456206 0.477829 0.456763 0.472773 0.457247 0.468088 0.458703 0.464634 0.459953 0.463032 0.461133 0.462782
9 0.436208 0.359991 0.436521 0.361648 0.437471 0.363384 0.437591 0.364449 0.438310 0.364556 0.438190 0.365727 0.437081 0.365102 0.436380 0.363917 0.434104 0.361116 0.433836 0.361352 0.431943 0.358801 0.431307 0.358894 0.430716 0.358528 0.429529 0.358398 0.429255 0.357532 0.428380 0.357713 0.427964 0.358093 0.427271 0.357852 0.423591 0.357852 0.423052 0.356546 0.427099 0.355815 0.429503 0.354644 0.432620 0.354106 0.433458 0.354750 0.437643 0.354218 0.438969 0.356241 0.438370 0.356880 0.438070 0.357944
1 0.448786 0.350981 0.450859 0.353560 0.452828 0.355681 0.453190 0.354306 0.451583 0.352088 0.449615 0.348583 0.448898 0.347185 0.448258 0.344477 0.447060 0.344347 0.446893 0.346625 0.447698 0.349505
2 0.473885 0.331019 0.475234 0.333134 0.476323 0.333968 0.476737 0.335898 0.477151 0.338111 0.479198 0.339630 0.480240 0.341972 0.479740 0.343287 0.478073 0.346412 0.475115 0.348898 0.470302 0.349083 0.466104 0.349009 0.467398 0.346060 0.467451 0.344125 0.468229 0.343116 0.469318 0.342282 0.469833 0.340167 0.470560 0.336019 0.471805 0.332611 0.472888 0.331120
2 0.475680 0.399370 0.477206 0.407509 0.475776 0.407468 0.474638 0.408639 0.472958 0.407787 0.471521 0.407468 0.470500 0.407681 0.468161 0.412264 0.467982 0.408139 0.467982 0.406208 0.467383 0.404620 0.465583 0.405579 0.465161 0.408051 0.463221 0.407005 0.465411 0.403755 0.466776 0.403042 0.469505 0.400759 0.473599 0.399903
8 0.400302 0.333505 0.399294 0.335847 0.397747 0.338185 0.396547 0.339699 0.395966 0.339630 0.395484 0.340685 0.395154 0.340111 0.394578 0.340421 0.394404 0.341843 0.395424 0.342245 0.397747 0.340731 0.399490 0.337977 0.401042 0.335134 0.400766 0.333921
2 0.463341 0.391630 0.464281 0.393060 0.461734 0.399292 0.461500 0.399986 0.458359 0.394815 0.455742 0.393079 0.451885 0.387861 0.456461 0.388861 0.462581 0.389958
8 0.507310 0.384394 0.507872 0.386106 0.506828 0.387958 0.505062 0.388958 0.503857 0.387958 0.502253 0.388676 0.502333 0.386532 0.502734 0.385394 0.504742 0.384394
6 0.449719 0.375116 0.451430 0.373273 0.453656 0.371431 0.455422 0.370153 0.457018 0.368426 0.457440 0.367194 0.457440 0.366181 0.456206 0.367806 0.454169 0.369190 0.453029 0.368444 0.452414 0.368944 0.451844 0.370694 0.450482 0.371727 0.448263 0.373648 0.448630 0.375301
6 0.460505 0.364523 0.461885 0.367185 0.464703 0.373690 0.465841 0.375713 0.467401 0.374329 0.465242 0.369532 0.462065 0.363458 0.459307 0.358662 0.458406 0.358875 0.457328 0.360472 0.456867 0.359597 0.455906 0.360556 0.453568 0.364074 0.452549 0.365245 0.452490 0.366741 0.453029 0.368444 0.454169 0.369190 0.456206 0.367806 0.457945 0.365352 0.459146 0.364287
6 0.457328 0.360472 0.454810 0.355569 0.454174 0.355394 0.454573 0.352537 0.454510 0.351199 0.455349 0.350667 0.458406 0.356954 0.459966 0.357380 0.460026 0.356315 0.461044 0.355995 0.461396 0.357292 0.461466 0.358981 0.464464 0.363139 0.468120 0.368681 0.469620 0.369213 0.470638 0.370065 0.470818 0.371662 0.471057 0.372306 0.468839 0.373662 0.466682 0.371449 0.462065 0.363458 0.459307 0.358662 0.458406 0.358875
6 0.477529 0.402875 0.479625 0.396157 0.479924 0.394560 0.479573 0.391681 0.479625 0.389231 0.477768 0.385713 0.477346 0.384435 0.475669 0.384222 0.474409 0.383472 0.473661 0.383681 0.475117 0.388986 0.476159 0.394042 0.477594 0.394667 0.477346 0.396477 0.476628 0.398931 0.476867 0.403301
6 0.473661 0.383681 0.475117 0.388986 0.476159 0.394042 0.473245 0.394537 0.471995 0.389602 0.471927 0.388000 0.471023 0.384917 0.470401 0.383681 0.470193 0.382574 0.470539 0.381218 0.470055 0.379366 0.469568 0.378870 0.468667 0.379241 0.467833 0.379736 0.466932 0.377639 0.470240 0.375690 0.471372 0.377639 0.472411 0.378380
6 0.526555 0.597111 0.528112 0.598495 0.527271 0.601898 0.524935 0.608407 0.523797 0.611074 0.521698 0.606384 0.522117 0.603824 0.523971 0.599444 0.526253 0.594639
6 0.489568 0.482625 0.492471 0.487167 0.495880 0.494468 0.494424 0.495699 0.493312 0.495824 0.491896 0.493417 0.491232 0.491259 0.488250 0.487560
5 0.448755 0.490319 0.449354 0.491491 0.451573 0.493519 0.449331 0.496171 0.443154 0.504060 0.441172 0.498662 0.446148 0.489528 0.447682 0.489259
6 0.441680 0.481556 0.444797 0.475259 0.445594 0.475486 0.446982 0.476968 0.449201 0.479681
6 0.441172 0.498662 0.446148 0.489528 0.447833 0.487676 0.452490 0.484676 0.452490 0.483537 0.451846 0.483537 0.448315 0.484676 0.446229 0.486819 0.445667 0.485250 0.444943 0.483394 0.439164 0.485106 0.436677 0.489245
6 0.438398 0.385310 0.445706 0.385435 0.449719 0.386005 0.451885 0.387861 0.455742 0.393079 0.458359 0.394815 0.461500 0.399986 0.459836 0.403440 0.456990 0.399125 0.452482 0.392093 0.450885 0.389875 0.447904 0.387778 0.438260 0.387162
2 0.466776 0.403042 0.469505 0.400759 0.473599 0.399903 0.476628 0.398931 0.477346 0.396477 0.477594 0.394667 0.476159 0.394042 0.473245 0.394537 0.471352 0.394769 0.468299 0.396051 0.466534 0.397477 0.464448 0.398903 0.462859 0.402431 0.462250 0.407991 0.463221 0.407005 0.465411 0.403755
5 0.502633 0.442185 0.504065 0.443699 0.504917 0.444259 0.506164 0.449315 0.504638 0.449315 0.502792 0.447880 0.501747 0.445606 0.501589 0.442454 0.501469 0.441630 0.502096 0.441551
1 0.373810 0.315769 0.371292 0.319606 0.370932 0.320032 0.369612 0.320352 0.368052 0.320991 0.367753 0.322375 0.368893 0.322481 0.369911 0.322375 0.370331 0.323870 0.370810 0.324296 0.371831 0.322912 0.372909 0.319394 0.374768 0.316514
1 0.375151 0.322819 0.379815 0.323926 0.383286 0.324019 0.382768 0.322449 0.379297 0.322083 0.378831 0.321069 0.378104 0.320977 0.377120 0.321806 0.374789 0.321162 0.374167 0.324019 0.375099 0.325949 0.375357 0.328162 0.376393 0.331111 0.376964 0.331111 0.377016 0.329912 0.376758 0.328898 0.376292 0.327519 0.376188 0.325583 0.375826 0.323741
1 0.394557 0.310417 0.397615 0.307745 0.399523 0.307810 0.392589 0.313921 0.391419 0.313977 0.389260 0.313977
2 0.458393 0.321093 0.458612 0.318370 0.455612 0.316431 0.454414 0.315046 0.454263 0.316528 0.454672 0.318926 0.455242 0.321222 0.456568 0.330583 0.458073 0.324227
1 0.373180 0.303032 0.376656 0.306551 0.377557 0.306657 0.380794 0.309852 0.384570 0.314861 0.387810 0.314755 0.384091 0.311134 0.382292 0.309213 0.379406 0.306333 0.378156 0.304417 0.374724 0.300917
5 0.500904 0.473421 0.504195 0.478843 0.504997 0.475130 0.504839 0.473704 0.504839 0.471708 0.504839 0.469995 0.505159 0.468282 0.505799 0.467000 0.502510 0.465856 0.501628 0.466426 0.501065 0.466144 0.500102 0.465144 0.498656 0.466856 0.497534 0.467282 0.499807 0.471477
9 0.540117 0.555491 0.541229 0.557463 0.541799 0.558435 0.548956 0.567727 0.548120 0.565579 0.544354 0.550245 0.543576 0.551630 0.541836 0.551949 0.541896 0.553440 0.541477 0.554079 0.540339 0.554185
5 0.487044 0.491597 0.488250 0.487560 0.491232 0.491259 0.491896 0.493417 0.485490 0.496718
5 0.500125 0.515741 0.502000 0.511917 0.504081 0.508093 0.497943 0.499102 0.495880 0.494468 0.494424 0.495699 0.493312 0.495824 0.491896 0.493417 0.493875 0.519056 0.496104 0.518889 0.496289 0.516907 0.497219 0.518227 0.499023 0.518810
2 0.530807 0.464167 0.532620 0.468319 0.538211 0.479019 0.541107 0.486463 0.541747 0.488759 0.538672 0.485801 0.531596 0.476741 0.529424 0.474000 0.530333 0.471449 0.530281 0.470162
2 0.534755 0.488472 0.534687 0.486870 0.535732 0.486546 0.537292 0.488782 0.542435 0.495130 0.541615 0.496315 0.539375 0.494028 0.539438 0.504606 0.538039 0.505343 0.537784 0.507347 0.534810 0.495130 0.533438 0.490199 0.533716 0.489458
6 0.525135 0.623565 0.526729 0.625292 0.527771 0.625292 0.528635 0.630153 0.528716 0.631722 0.526648 0.634139 0.525620 0.632690 0.524927 0.630843 0.525341 0.628500 0.524786 0.624676
6 0.528354 0.610935 0.531128 0.614144 0.530401 0.625157
1 0.452901 0.482681 0.454508 0.484245 0.455284 0.484708 0.456060 0.484523 0.456320 0.483417 0.455958 0.480745 0.457461 0.480102 0.457667 0.483875 0.457667 0.485995 0.456646 0.487111 0.455221 0.486972 0.454247 0.485810 0.452490 0.484676 0.452490 0.483537
1 0.450247 0.489458 0.453771 0.489644 0.454755 0.489458 0.456154 0.487708 0.455221 0.486972 0.453563 0.487343 0.449781 0.487250 0.447833 0.487676 0.447682 0.489259
1 0.486682 0.401542 0.494242 0.405593 0.495526 0.405894 0.495862 0.408148 0.493883 0.407190 0.486508 0.402713 0.485604 0.402287 0.485310 0.401222
1 0.419880 0.447745 0.425477 0.444245 0.430737 0.442870 0.434107 0.441583 0.436250 0.441926 0.442271 0.441782 0.447167 0.443069 0.453766 0.442995 0.459185 0.443815 0.461221 0.445593 0.464031 0.447162 0.465333 0.448417 0.465440 0.444597 0.466544 0.443954 0.463547 0.442565 0.462583 0.442301 0.461565 0.441241 0.457016 0.441079 0.455651 0.440292 0.453974 0.439227 0.450133 0.438801 0.449896 0.439657 0.448180 0.439958 0.445490 0.439625 0.442721 0.438931 0.437021 0.438644 0.429958 0.439787 0.423539 0.442083 0.421055 0.443852 0.417156 0.445338 0.414927 0.446824 0.417487 0.447519
1 0.434992 0.486181 0.451503 0.481986 0.464138 0.478583 0.469174 0.474106 0.456206 0.477829 0.449201 0.479681 0.440404 0.482111 0.433815 0.484329
1 0.444534 0.506722 0.450229 0.498727 0.456104 0.490523 0.462940 0.482847 0.469055 0.477093 0.474391 0.473255 0.479487 0.468991 0.478708 0.467713 0.477570 0.467287 0.473732 0.470269 0.469174 0.474106 0.464138 0.478583 0.459703 0.483380 0.456646 0.487111 0.449331 0.496171 0.443154 0.504060
1 0.501690 0.383153 0.502349 0.381981 0.502828 0.381981 0.502734 0.385394 0.502333 0.386532 0.502253 0.388676 0.502469 0.391255 0.501570 0.392106 0.501271 0.389870 0.501271 0.388593 0.501451 0.385926
2 0.589813 0.658037 0.591740 0.662171 0.590938 0.662602 0.590695 0.664315 0.591018 0.665741 0.592060 0.666028 0.591419 0.669449 0.590617 0.673162 0.590617 0.678157 0.590617 0.682435 0.590938 0.686718 0.593828 0.679583 0.593747 0.675444 0.593987 0.673588 0.595112 0.671593 0.596878 0.669167 0.599445 0.668310 0.597599 0.665741 0.598779 0.663227 0.593836 0.655968 0.588930 0.648190 0.587755 0.650625 0.587383 0.653431 0.588841 0.654523 0.589669 0.656093
2 0.452161 0.343009 0.454911 0.335560 0.453979 0.336222 0.452734 0.334102 0.449833 0.326644 0.448378 0.321667 0.451122 0.336417
2 0.396526 0.399898 0.396888 0.399069 0.397096 0.397227 0.398117 0.395764 0.396833 0.393481 0.394747 0.392056 0.394268 0.389630 0.392117 0.387796 0.392164 0.386843 0.391495 0.386713 0.390885 0.388259 0.390526 0.389528 0.392143 0.392843
1 0.533654 0.628546 0.537815 0.631014 0.537815 0.635824 0.532820 0.633236 0.532057 0.632000 0.531365 0.631139
1 0.539062 0.623333 0.537771 0.626912 0.537690 0.628912 0.537930 0.637046 0.537047 0.645181 0.534719 0.653028 0.533596 0.656736 0.533596 0.658306 0.534398 0.659306 0.536888 0.650458 0.538974 0.644037 0.539617 0.641611 0.539536 0.626343 0.540096 0.625343 0.544432 0.622065 0.548766 0.618208 0.550380 0.615014 0.550380 0.612347 0.546719 0.604884 0.541742 0.597204 0.538924 0.594009 0.537786 0.594222 0.536591 0.595407 0.537729 0.596208 0.543589 0.603199 0.544232 0.604912 0.547682 0.609889 0.548878 0.612347 0.549120 0.614801 0.548581 0.616185 0.544625 0.618954
2 0.509763 0.516708 0.512549 0.530907 0.513016 0.536356 0.514760 0.541144 0.516320 0.547319 0.516669 0.547079 0.521164 0.560491 0.522930 0.570194 0.523961 0.576051 0.524633 0.575736 0.526602 0.576856 0.529510 0.577843 0.529510 0.572991 0.529992 0.569708 0.529359 0.569852 0.526708 0.570708 0.525586 0.569565 0.525016 0.567995 0.525266 0.565287 0.525906 0.560148 0.528474 0.557722 0.529279 0.557866 0.528078 0.555329 0.527448 0.555361 0.527508 0.554079 0.526727 0.553014 0.526500 0.551000 0.527099 0.549190 0.527818 0.548014 0.528539 0.547801 0.530937 0.548227 0.530878 0.547694 0.530516 0.545032 0.529857 0.543111 0.527878 0.540662 0.527602 0.541995 0.526958 0.544852 0.525513 0.546991 0.524391 0.547991 0.523427 0.549560 0.522383 0.548560 0.521742 0.545565 0.521581 0.543852 0.520617 0.542426 0.520698 0.540713 0.520536 0.538718 0.519172 0.536292 0.518208 0.534292 0.517969 0.532009 0.518208 0.529583 0.517336 0.525625 0.517089 0.521648 0.515596 0.516565 0.514104 0.512583 0.512365 0.511037 0.510622 0.511481 0.510003 0.514352 0.509719 0.514977
2 0.554167 0.492681 0.556526 0.495269 0.557495 0.498477 0.558258 0.504644 0.558674 0.507972 0.556456 0.503407 0.552779 0.494773 0.553057 0.492801
2 0.421471 0.342042 0.422547 0.342995 0.423531 0.344431 0.424607 0.342995 0.427391 0.346426 0.425833 0.346648 0.425055 0.348671 0.425714 0.350486 0.421289 0.351759 0.418648 0.345944 0.418560 0.343236 0.417664 0.341167 0.416812 0.338218 0.416680 0.336546 0.415917 0.336866 0.416365 0.340690 0.415109 0.337991 0.416487 0.332671 0.417461 0.334769 0.419068 0.336685 0.422547 0.340690
2 0.430109 0.388347 0.431234 0.386778 0.432591 0.385921 0.432953 0.387125 0.435706 0.393282 0.435471 0.395097 0.435232 0.397222 0.434388 0.397537 0.433193 0.397537 0.431990 0.396694 0.431091 0.396481 0.431091 0.398292 0.431331 0.399676 0.431331 0.400944 0.430617 0.402542 0.429893 0.402542 0.428810 0.400847 0.428633 0.399032 0.428810 0.396907 0.429654 0.393282 0.429654 0.389759
2 0.435323 0.375625 0.437034 0.377833 0.437758 0.377926 0.437966 0.379583 0.438224 0.381060 0.438398 0.385310 0.438260 0.387162 0.440557 0.387509 0.440297 0.388889 0.440349 0.390824 0.440349 0.392116 0.434448 0.381644 0.432784 0.377926 0.433924 0.377375 0.433924 0.376083 0.434234 0.374704 0.435065 0.374704
2 0.421437 0.389713 0.420536 0.391685 0.419495 0.394398 0.418456 0.397236 0.417206 0.397731 0.415471 0.397852 0.414779 0.397111 0.413669 0.397481 0.407255 0.390986 0.410477 0.389838
2 0.423242 0.388356 0.427750 0.388231 0.430109 0.388347 0.431234 0.386778 0.432591 0.385921 0.430180 0.380833 0.429500 0.381926 0.429138 0.382315 0.422198 0.382782 0.418505 0.385065 0.413047 0.386778 0.404620 0.389343 0.407255 0.390986 0.410477 0.389838 0.421437 0.389713
2 0.575956 0.710852 0.573727 0.714167 0.571667 0.716722 0.569286 0.715329 0.566799 0.708787 0.565451 0.704917 0.564000 0.701046 0.566539 0.702431 0.568456 0.704458 0.569234 0.707130 0.569753 0.706574 0.569909 0.705380 0.569544 0.703995 0.571083 0.704032 0.576026 0.709477
2 0.550115 0.596806 0.554417 0.595815 0.554070 0.593843 0.548935 0.595079
9 0.530807 0.596917 0.535000 0.599204 0.544232 0.604912 0.547682 0.609889 0.548878 0.612347 0.549120 0.614801 0.548581 0.616185 0.544625 0.618954 0.539062 0.623333 0.537771 0.626912 0.537143 0.625398 0.536122 0.623375 0.533664 0.625931 0.531044 0.628727 0.530401 0.625157 0.531128 0.614144 0.528354 0.610935 0.527833 0.606894 0.527271 0.601898 0.528112 0.598495 0.526555 0.597111 0.528143 0.596204 0.528914 0.595708
1 0.506422 0.575847 0.510138 0.575366 0.511078 0.575051 0.511302 0.574171 0.510453 0.574093 0.509422 0.569875 0.508885 0.570431 0.509870 0.574491 0.508570 0.574491 0.506469 0.574833
1 0.524633 0.575736 0.526602 0.576856 0.529510 0.577843 0.535057 0.578556 0.534969 0.579699 0.530794 0.579269 0.525885 0.577963 0.524049 0.576935 0.523961 0.576051
9 0.520857 0.590861 0.523010 0.592412 0.523971 0.599444 0.522117 0.603824 0.521698 0.606384 0.521099 0.600796 0.519299 0.589926
9 0.498878 0.590204 0.499688 0.593764 0.502260 0.593005 0.503979 0.597574 0.507638 0.593958 0.506773 0.591088 0.508203 0.590907 0.514612 0.602630 0.516190 0.606426 0.518792 0.613523 0.518820 0.612523 0.517560 0.602718 0.515701 0.587486 0.511219 0.584769 0.506500 0.582056 0.506555 0.584477 0.505914 0.585759 0.505271 0.585333 0.504628 0.582764 0.504146 0.581481 0.502060 0.582194 0.501258 0.584051 0.500615 0.586333 0.498286 0.587903
1 0.427099 0.355815 0.429503 0.354644 0.432620 0.354106 0.433458 0.354750 0.437643 0.354218 0.434107 0.351551 0.432909 0.351551 0.431409 0.349741 0.425714 0.350486 0.421289 0.351759 0.423052 0.356546
1 0.558430 0.484551 0.561078 0.487546 0.564049 0.492398 0.569266 0.502245 0.569427 0.500958 0.563807 0.488685 0.560758 0.484407 0.558992 0.482981 0.557146 0.482838 0.554096 0.485977 0.551878 0.489968 0.552224 0.493046 0.554818 0.488116
1 0.530365 0.528630 0.531529 0.535079 0.532245 0.539537 0.532964 0.539690 0.533456 0.539778 0.531299 0.528329 0.530979 0.522907 0.532263 0.520338 0.533708 0.519481 0.534844 0.518440 0.536529 0.517171 0.535909 0.514843 0.533740 0.517412 0.531943 0.518625 0.530578 0.520764 0.530016 0.524477
9 0.544224 0.625963 0.545122 0.626282 0.544544 0.629657 0.543297 0.633727 0.539620 0.632245 0.539536 0.626343 0.540096 0.625343 0.544432 0.622065
6 0.538039 0.505343 0.539438 0.504606 0.541872 0.503685 0.542807 0.502856 0.544396 0.503486 0.546331 0.506815 0.543620 0.506667 0.542695 0.507236 0.537784 0.507347
6 0.539375 0.494028 0.541615 0.496315 0.541146 0.497046 0.541872 0.503685 0.539438 0.504606
6 0.542695 0.507236 0.537784 0.507347 0.523667 0.510157 0.523297 0.513532 0.526026 0.513102 0.527206 0.513060 0.528523 0.512704 0.537031 0.510833
6 0.507437 0.529884 0.512549 0.530907 0.513016 0.536356 0.507367 0.535190
6 0.529245 0.461130 0.528055 0.468412 0.529424 0.474000 0.530333 0.471449 0.530281 0.470162 0.530904 0.464449
6 0.531370 0.451366 0.532615 0.453208 0.532406 0.454866 0.531888 0.458000 0.530023 0.454315 0.530023 0.453394 0.530747 0.452935
6 0.531596 0.476741 0.538672 0.485801 0.541747 0.488759 0.543039 0.492389 0.543755 0.494389 0.542435 0.495130 0.537292 0.488782 0.535732 0.486546 0.533336 0.483667 0.530911 0.481759 0.529424 0.478125 0.529424 0.474000
2 0.486799 0.385593 0.493651 0.383046 0.492073 0.375120 0.490122 0.375449 0.485201 0.376440 0.483659 0.378208 0.483937 0.380352 0.484867 0.382829
2 0.463719 0.409620 0.466768 0.422181 0.467331 0.425319 0.469096 0.426315 0.474312 0.433023 0.475438 0.432593 0.475357 0.431310 0.474714 0.429884 0.468372 0.423606 0.468133 0.421463 0.468052 0.417329 0.466768 0.414903 0.465805 0.409051 0.465161 0.408051 0.464602 0.408620
5 0.488443 0.446630 0.491292 0.445528 0.493315 0.448014 0.493883 0.452343 0.493391 0.453106 0.488294 0.449574 0.486682 0.446722
5 0.463177 0.457255 0.463177 0.460009 0.462945 0.461444 0.456164 0.448750 0.457062 0.448491 0.457477 0.449412 0.458565 0.449968 0.459445 0.449782 0.459497 0.447847 0.459857 0.446593 0.462987 0.453157 0.463469 0.455870
2 0.569070 0.637634 0.567706 0.637634 0.567023 0.639657 0.566341 0.641074 0.567138 0.643296 0.571232 0.648551 0.572596 0.650977 0.573961 0.649968 0.574643 0.647542 0.572708 0.641074
2 0.561130 0.625625 0.560612 0.624315 0.559703 0.625125 0.559021 0.625528 0.558224 0.626338 0.558565 0.628764 0.560044 0.632199 0.561747 0.634625 0.563453 0.636847 0.564932 0.638463 0.566341 0.641074 0.567023 0.639657 0.567706 0.637634 0.567661 0.635634 0.566865 0.632806 0.566297 0.629773 0.565841 0.628356 0.564477 0.627750 0.564365 0.630176 0.563794 0.630782
2 0.530703 0.583009 0.527057 0.583102 0.527898 0.585204 0.529349 0.589255 0.530542 0.590454 0.531630 0.591375 0.532146 0.590639 0.532872 0.590546 0.533182 0.589255 0.533857 0.587231 0.534375 0.585847 0.533805 0.584926 0.533805 0.583454 0.533284 0.582551 0.532380 0.582741
2 0.578568 0.687157 0.579815 0.694338 0.579979 0.696403 0.578828 0.698315 0.577172 0.698773 0.576438 0.700468 0.573833 0.697204 0.571404 0.695231 0.570641 0.693505 0.572654 0.691903 0.573833 0.689681
1 0.550555 0.661065 0.550117 0.650065 0.549568 0.639829 0.549404 0.635833 0.549677 0.629009 0.549896 0.626282 0.550117 0.623940 0.550445 0.624139 0.550281 0.632324 0.550117 0.637296 0.550299 0.638944 0.550773 0.650750 0.550883 0.660106
2 0.547370 0.653778 0.548326 0.648819 0.545315 0.646602 0.545388 0.644644 0.541497 0.643597 0.539966 0.648157 0.542380 0.650907
1 0.569190 0.629838 0.576435 0.652949 0.585992 0.683162 0.588396 0.691153 0.592333 0.703292 0.593773 0.702000 0.590086 0.688875 0.589148 0.685162 0.587940 0.681875 0.580771 0.659620 0.570174 0.627375 0.567927 0.620245 0.566971 0.618718 0.564315 0.618528 0.562875 0.619532 0.562792 0.620523 0.562792 0.622954 0.563758 0.623102 0.563516 0.625380 0.564883 0.625528 0.566646 0.621662
2 0.558281 0.606296 0.566971 0.618718 0.576750 0.630940 0.582008 0.637778 0.587477 0.646495 0.593836 0.655968 0.598779 0.663227 0.600927 0.657685 0.589430 0.639727 0.585211 0.635616 0.580753 0.629838 0.579174 0.625213 0.566219 0.609546 0.560526 0.602097
1 0.368240 0.290528 0.369318 0.291593 0.369557 0.293194 0.369557 0.294685 0.370518 0.296389 0.373036 0.299694 0.371836 0.301185 0.368958 0.297884 0.368299 0.296708 0.367581 0.294685 0.366979 0.292449 0.367398 0.290954
2 0.373682 0.299190 0.377844 0.294134 0.379578 0.292287 0.381661 0.290806 0.380135 0.294505 0.374724 0.300917 0.371117 0.305852 0.367857 0.310907 0.365773 0.314116 0.364943 0.315593 0.362654 0.319662 0.361682 0.319171 0.361682 0.317690 0.364180 0.313745 0.366036 0.310148 0.368133 0.306097 0.370839 0.302398
1 0.371453 0.276958 0.377417 0.275792 0.373003 0.280356 0.371721 0.281579 0.371544 0.280144
1 0.385518 0.267972 0.389740 0.259213 0.390836 0.260806 0.385172 0.271042 0.380992 0.271866 0.380961 0.271065 0.384620 0.269468
1 0.389146 0.253796 0.384844 0.262796 0.383388 0.266125 0.384151 0.268718 0.386924 0.263412 0.389062 0.257981 0.390047 0.253546
1 0.364430 0.293903 0.359521 0.300880 0.353586 0.306954 0.351187 0.310046 0.349583 0.311412 0.348891 0.309685 0.354221 0.302903 0.357271 0.299764 0.364495 0.292486
1 0.346193 0.304042 0.351169 0.301472 0.355104 0.298051 0.364174 0.289204 0.373003 0.280356 0.377417 0.275792 0.380156 0.272199 0.380620 0.275995 0.373242 0.283065 0.364495 0.292486 0.357271 0.299764 0.354221 0.302903 0.346997 0.306042
2 0.569740 0.674917 0.570565 0.676495 0.570565 0.677514 0.569802 0.677852 0.567201 0.675593 0.565234 0.674352 0.564029 0.674014 0.562951 0.674468 0.562253 0.675144 0.562372 0.677014 0.562552 0.680750 0.560750 0.681491 0.559474 0.680051 0.558591 0.678620 0.558432 0.676056 0.558031 0.671060 0.557813 0.670292 0.559398 0.666569 0.561047 0.668153 0.562823 0.671421 0.564727 0.670856 0.565742 0.669731 0.565997 0.668375 0.567076 0.667810 0.568456 0.667574 0.570161 0.666968 0.571263 0.664769 0.572151 0.664315 0.572341 0.663301 0.573354 0.663190 0.573927 0.663750 0.573927 0.665671 0.574117 0.667250 0.575323 0.669278 0.576146 0.670745 0.576273 0.671986 0.575641 0.672213 0.574625 0.670634 0.572911 0.670069 0.571833 0.669616 0.571326 0.670181 0.571388 0.671310 0.571326 0.672435 0.570310 0.673454 0.570057 0.674352
1 0.413974 0.418394 0.412539 0.415194 0.412680 0.414856 0.412966 0.414435 0.414292 0.417384 0.416044 0.417384 0.414672 0.412667 0.415003 0.412245 0.417182 0.417130 0.419979 0.418394 0.416424 0.413005 0.416471 0.412583 0.416898 0.412329 0.417846 0.413426 0.421448 0.419319 0.425286 0.421093 0.425240 0.422185 0.420831 0.420162 0.418036 0.418815 0.419430 0.421963 0.418557 0.421343 0.417326 0.419236 0.416755 0.418144 0.416424 0.418986 0.415760 0.419236
1 0.412797 0.420042 0.411755 0.421616 0.411547 0.422491 0.411130 0.422167 0.410818 0.420870 0.410115 0.419903 0.409333 0.419069 0.408596 0.418255 0.408135 0.418653 0.408240 0.419713 0.408943 0.421431 0.409255 0.422630 0.409672 0.423648 0.409984 0.424162 0.410375 0.424532 0.410948 0.424481 0.411260 0.424208 0.411781 0.423745 0.413344 0.421009 0.413651 0.420398
1 0.400987 0.410903 0.400388 0.410949 0.400102 0.411319 0.399555 0.411875 0.398904 0.412801 0.398539 0.413542 0.398487 0.414190 0.399008 0.414236 0.399685 0.413310 0.400570 0.412292 0.401195 0.411782 0.401508 0.411644
1 0.402602 0.409514 0.403331 0.408958 0.404034 0.409051 0.403956 0.407338 0.403930 0.405671 0.404086 0.405347 0.404112 0.404282 0.404112 0.403819 0.403721 0.402708 0.403878 0.401782 0.404346 0.401644 0.405128 0.402708 0.405388 0.403125 0.405961 0.404005 0.406195 0.404792 0.405831 0.405069 0.405440 0.404838 0.404867 0.404097 0.404711 0.405486 0.404711 0.406597 0.404711 0.407616 0.404789 0.408449 0.404867 0.408819 0.405102 0.409144 0.405779 0.409190 0.406143 0.409375 0.406794 0.409421 0.407237 0.409560 0.407706 0.410023 0.408201 0.410486 0.408383 0.411366 0.408096 0.412523 0.407758 0.413264 0.407367 0.413819 0.406768 0.414005 0.405518 0.413634 0.405518 0.412894 0.405596 0.411875 0.405596 0.411412 0.404971 0.410532 0.404659 0.410116 0.403852 0.410023 0.403148 0.410116 0.402680 0.410116
1 0.432219 0.347912 0.434734 0.348324 0.437943 0.347037 0.438229 0.348889 0.438349 0.351329 0.435628 0.350620
10 0.538023 0.665435 0.539161 0.667458 0.540841 0.668736 0.543180 0.669167 0.547016 0.669593 0.547737 0.666819 0.548995 0.665755 0.549055 0.664259 0.549896 0.662662 0.550555 0.661065 0.550315 0.658931 0.549956 0.657440 0.547378 0.656375 0.543359 0.656162 0.541141 0.656269 0.539643 0.656162 0.538562 0.657227 0.537724 0.659144 0.537185 0.661065 0.537125 0.662875 0.538622 0.663514
5 0.553516 0.754958 0.559857 0.741699 0.564828 0.731972 0.570174 0.722912 0.571667 0.716722 0.568031 0.714514 0.566383 0.710074 0.566383 0.710074 0.566125 0.709153 0.566125 0.709153 0.563440 0.709653 0.562758 0.708523 0.561380 0.708009 0.559570 0.708565 0.558177 0.707241 0.557531 0.703417 0.553130 0.699019 0.550544 0.698245 0.549474 0.698245 0.548505 0.699019 0.547747 0.697671 0.547112 0.694421 0.543781 0.690421 0.543234 0.687944 0.542164 0.686222 0.543023 0.684875 0.541307 0.683171 0.539268 0.680495 0.537310 0.678963 0.536755 0.679208 0.535643 0.678718 0.534258 0.677236 0.533362 0.678329 0.539141 0.701088 0.542055 0.699606 0.545523 0.699856 0.549060 0.701704 0.551836 0.704912 0.553500 0.708241 0.555026 0.712310 0.555859 0.715764 0.556068 0.719958 0.555651 0.724028 0.554609 0.728593 0.552667 0.731921 0.548576 0.735250
10 0.449833 0.326644 0.452734 0.334102 0.453979 0.336222 0.454911 0.335560 0.455635 0.335468 0.455156 0.333546 0.450495 0.320852 0.447292 0.312431 0.447755 0.316602 0.448378 0.321667
2 0.550521 0.504167 0.554497 0.512361 0.558510 0.521352 0.560195 0.527912 0.561320 0.528343 0.561560 0.530667 0.561052 0.532009 0.559995 0.529384 0.558919 0.529069 0.558315 0.528069 0.556703 0.521292 0.554602 0.517338 0.551211 0.511676 0.550776 0.508042
1 0.555443 0.535681 0.553016 0.535315 0.550310 0.534204 0.549823 0.531491 0.552182 0.531981 0.552875 0.531981 0.550310 0.529023 0.548643 0.526681 0.547888 0.523329 0.551419 0.527421 0.554125 0.530875 0.551281 0.526065 0.549893 0.523472 0.548435 0.520389 0.548021 0.518292 0.546354 0.517431 0.544969 0.512250 0.545870 0.512250 0.547534 0.515579 0.549547 0.517926 0.548435 0.514222 0.548089 0.510648 0.549503 0.513060 0.552846 0.520819 0.554542 0.524583 0.554471 0.526065 0.555443 0.529269 0.556560 0.528417 0.557453 0.529764 0.557523 0.531366 0.557523 0.535931
10 0.459930 0.263167 0.460164 0.266208 0.461185 0.268472 0.463052 0.270134 0.464497 0.270134 0.466109 0.268319 0.466706 0.264847 0.466706 0.261829 0.465685 0.259565 0.463477 0.257750 0.463901 0.254731 0.462797 0.252921 0.460682 0.251509 0.459049 0.253657 0.456354 0.262074 0.452268 0.278917 0.446419 0.302032 0.445211 0.311440 0.445641 0.310657 0.447292 0.310713 0.452742 0.285602 0.459651 0.257204 0.460396 0.257551 0.460117 0.260523
5 0.532128 0.672519 0.533008 0.670454 0.533354 0.667741 0.534188 0.668481 0.535089 0.668481 0.535227 0.667000 0.534604 0.666509 0.533146 0.664657 0.534188 0.660958 0.535367 0.661574 0.535872 0.659625 0.534398 0.659306 0.533596 0.658306 0.533596 0.656736 0.531862 0.654361 0.530336 0.650167 0.530336 0.648440 0.530336 0.645972 0.530198 0.643875 0.529781 0.642273 0.529781 0.640056 0.530198 0.637343 0.529714 0.635861 0.529435 0.633889 0.527669 0.635310 0.525750 0.636273 0.526276 0.637069 0.526323 0.638819 0.525878 0.639778 0.526620 0.641759 0.527177 0.648014 0.526714 0.652653 0.526435 0.656120 0.527102 0.655148 0.529229 0.654319 0.529508 0.657130 0.530716 0.663565 0.530438 0.667366
5 0.384586 0.307130 0.387904 0.310815 0.388773 0.311144 0.389495 0.311889 0.390805 0.313028 0.394557 0.310417 0.397615 0.307745 0.392865 0.307565 0.388008 0.307319
1 0.385057 0.309222 0.387935 0.311676 0.388773 0.311144 0.389495 0.311889 0.388654 0.313167 0.387810 0.314755 0.384091 0.311134 0.382292 0.309213 0.383013 0.306949
6 0.485201 0.376440 0.490122 0.375449 0.492073 0.375120 0.493651 0.383046 0.495638 0.392144 0.496844 0.391569 0.497727 0.390000 0.499107 0.389259 0.497526 0.387773 0.492789 0.372264 0.490865 0.370991 0.486500 0.372315 0.481021 0.374625 0.483659 0.378208
6 0.499885 0.398750 0.499966 0.401458 0.501732 0.406880 0.503987 0.409759 0.510930 0.421264 0.510930 0.418269 0.510529 0.414560 0.508844 0.408139 0.507156 0.406708 0.504539 0.403458 0.502133 0.400602
5 0.504107 0.398292 0.506836 0.401574 0.506917 0.404713 0.507156 0.406708 0.508844 0.408139 0.510529 0.414560 0.510930 0.418269 0.510930 0.421264 0.512453 0.423264 0.512534 0.419269 0.512534 0.417412 0.512133 0.413847 0.513810 0.415472 0.514766 0.416440 0.516685 0.416542 0.517583 0.415898 0.517044 0.413032 0.517044 0.411005 0.514107 0.410792 0.513505 0.410037 0.513505 0.408125 0.513747 0.405995 0.513747 0.404713 0.512310 0.403755 0.513328 0.402685 0.513747 0.401829 0.513570 0.400560 0.512911 0.400662 0.508891 0.395338 0.507164 0.392856 0.505776 0.391870 0.505013 0.391500 0.503560 0.392000 0.502518 0.392611 0.501570 0.392106 0.501271 0.389870 0.499940 0.389759 0.499107 0.389259 0.497727 0.390000 0.496844 0.391569 0.495638 0.392144 0.494674 0.393139 0.494115 0.394569 0.494997 0.396120 0.497690 0.396287 0.498992 0.397606 0.500695 0.397565 0.502221 0.396991
5 0.518208 0.529583 0.517969 0.532009 0.518208 0.534292 0.519172 0.536292 0.520536 0.538718 0.520698 0.540713 0.520617 0.542426 0.521581 0.543852 0.521742 0.545565 0.522383 0.548560 0.523427 0.549560 0.524391 0.547991 0.525513 0.546991 0.526958 0.544852 0.527602 0.541995 0.527878 0.540662 0.527518 0.538741 0.528435 0.536218 0.528435 0.534222 0.529398 0.532935 0.528836 0.531222 0.527552 0.529940 0.525948 0.526514 0.524341 0.523662 0.522818 0.522236 0.522174 0.518810 0.520693 0.525847 0.517336 0.525625
5 0.526727 0.553014 0.527508 0.554079 0.527448 0.555361 0.529065 0.554611 0.533862 0.554829 0.537341 0.554829 0.537461 0.553972 0.537940 0.553333 0.539138 0.553866 0.540339 0.554185 0.541477 0.554079 0.541896 0.553440 0.541836 0.551949 0.543576 0.551630 0.544354 0.550245 0.543036 0.544806 0.542435 0.542782 0.541896 0.541718 0.541057 0.541505 0.540937 0.543208 0.539979 0.541505 0.539198 0.540542 0.538419 0.540222 0.537760 0.540972 0.537341 0.541505 0.536680 0.541505 0.535661 0.541505 0.534701 0.541398 0.534161 0.539690 0.532964 0.539690 0.531703 0.539157 0.530924 0.539051 0.529737 0.536718 0.528435 0.536218 0.527518 0.538741 0.527878 0.540662 0.529857 0.543111 0.530516 0.545032 0.530878 0.547694 0.530937 0.548227 0.528539 0.547801 0.527818 0.548014 0.527099 0.549190 0.526500 0.551000
8 0.378831 0.290255 0.379919 0.292097 0.381661 0.290806 0.382664 0.288375 0.382034 0.285537 0.378312 0.289426
8 0.416299 0.329514 0.415471 0.331356 0.415112 0.333856 0.414417 0.336324 0.415109 0.337991 0.416487 0.332671
8 0.406299 0.334769 0.407802 0.336056 0.409979 0.336519 0.408786 0.334676 0.406557 0.333477
6 0.396258 0.349056 0.394570 0.352801 0.393688 0.355653 0.393138 0.356412 0.394393 0.357903 0.399555 0.345431 0.398216 0.344315 0.397456 0.346412
8 0.399734 0.346606 0.394393 0.357903 0.397018 0.356662 0.400393 0.348417 0.400370 0.346412
8 0.397018 0.356662 0.407128 0.350611 0.409570 0.348949 0.411177 0.347949 0.411979 0.347222 0.413052 0.346944 0.413466 0.347583 0.413523 0.349421 0.411521 0.350532 0.409596 0.350532 0.407508 0.351245 0.405260 0.352528 0.403815 0.354384 0.402451 0.355384 0.399964 0.356667 0.397797 0.357954 0.396031 0.359949 0.392378 0.358819
8 0.381826 0.317921 0.387102 0.316856 0.392273 0.316000 0.394201 0.313718 0.391419 0.313977 0.389260 0.313977 0.387810 0.314755 0.384570 0.314861 0.381466 0.315472 0.378055 0.315394 0.377982 0.316634
8 0.392117 0.387796 0.394268 0.389630 0.393552 0.386921 0.392789 0.386685 0.392164 0.386843
8 0.391872 0.385241 0.392633 0.385241 0.393036 0.384694 0.392677 0.383102 0.392141 0.383259 0.392143 0.383995
8 0.386609 0.388588 0.390375 0.385148 0.389495 0.387000 0.389477 0.388028 0.387146 0.390259
8 0.533008 0.670454 0.534258 0.677236 0.535643 0.678718 0.536755 0.679208 0.537310 0.678963 0.537169 0.673292 0.536268 0.671810 0.536339 0.670699 0.535367 0.661574 0.534188 0.660958 0.533146 0.664657 0.534604 0.666509 0.535227 0.667000 0.535089 0.668481 0.534188 0.668481 0.533354 0.667741
8 0.539620 0.632245 0.543297 0.633727 0.541284 0.636810 0.539758 0.636440
5 0.494997 0.396120 0.497690 0.396287 0.498992 0.397606 0.500198 0.405204 0.494349 0.397278
5 0.495526 0.405894 0.508958 0.460718 0.510464 0.457472 0.511859 0.453269 0.503802 0.417546 0.501331 0.412389
5 0.509802 0.466782 0.513888 0.486102 0.515224 0.493796 0.521938 0.499764 0.523203 0.501074 0.517352 0.474162 0.513146 0.458528 0.512310 0.459685 0.512310 0.463500 0.511565 0.465463
5 0.530844 0.534505 0.527633 0.519523 0.526026 0.513102 0.523297 0.513532 0.523055 0.514796 0.522174 0.518810 0.522818 0.522236 0.524341 0.523662 0.525948 0.526514 0.527552 0.529940 0.528836 0.531222 0.529398 0.532935 0.528435 0.534222 0.528435 0.536218
5 0.537031 0.510833 0.535909 0.514843 0.533740 0.517412 0.530128 0.515412 0.528523 0.512704
5 0.517352 0.474162 0.520974 0.470366 0.525154 0.465745 0.526547 0.464917 0.527568 0.466736 0.529424 0.474000 0.529424 0.478125 0.530911 0.481759 0.534810 0.495130 0.537784 0.507347 0.523667 0.510157 0.523927 0.508606 0.525914 0.503968 0.523203 0.501074
5 0.436948 0.457481 0.439315 0.454037 0.440706 0.454037 0.441458 0.452056 0.440141 0.451926 0.439378 0.451931 0.439794 0.450454 0.443315 0.451204 0.443875 0.451630 0.445065 0.452056 0.449201 0.455630 0.451490 0.459208 0.453849 0.461306 0.457109 0.462167 0.460508 0.460935 0.461133 0.461676 0.461133 0.462782 0.459953 0.463032 0.458703 0.464634 0.457247 0.468088 0.456763 0.472773 0.456206 0.477829 0.449201 0.479681 0.446982 0.476968 0.445594 0.475486 0.443443 0.475116 0.441638 0.472403 0.440182 0.470556 0.437198 0.469199 0.435880 0.467222 0.434841 0.466361 0.434771 0.463032 0.435187 0.461056 0.436852 0.460319
5 0.437271 0.454866 0.439315 0.454037 0.440706 0.454037 0.441458 0.452056 0.440141 0.451926 0.436945 0.451810
5 0.475240 0.440731 0.473625 0.445370 0.472753 0.448907 0.471385 0.457306 0.471138 0.462611 0.471385 0.465926 0.473500 0.465264 0.476732 0.462833 0.478471 0.461949 0.479344 0.459958 0.481581 0.464824 0.483445 0.469685 0.486802 0.456644 0.489911 0.458856 0.492346 0.460204 0.493839 0.460426 0.496128 0.461727 0.498490 0.462389 0.499857 0.461949 0.501846 0.462611 0.505948 0.464824 0.506818 0.464824 0.505078 0.461065 0.503586 0.457972 0.500479 0.456204 0.499484 0.458412 0.498240 0.457750 0.497370 0.455319 0.493391 0.453106 0.488294 0.449574 0.486180 0.446037 0.481333 0.441394 0.478224 0.440731
5 0.497943 0.499102 0.506646 0.511699 0.510003 0.514352 0.510622 0.511481 0.512365 0.511037 0.514104 0.512583 0.515596 0.516565 0.517089 0.521648 0.517336 0.525625 0.520693 0.525847 0.523055 0.514796 0.523927 0.508606 0.525914 0.503968 0.521938 0.499764 0.515224 0.493796 0.509505 0.487389 0.505154 0.480977 0.499807 0.471477 0.496698 0.466171 0.493839 0.460426 0.492346 0.460204 0.494089 0.463958 0.494336 0.468162 0.491974 0.475009 0.491727 0.481861 0.492471 0.487167
8 0.592523 0.628722 0.592971 0.631986 0.593049 0.633403 0.590635 0.629440 0.589557 0.627269 0.588750 0.625509 0.589865 0.623958 0.591169 0.625134
5 0.380156 0.272199 0.380992 0.271866 0.385172 0.271042 0.390836 0.260806 0.391320 0.261801 0.393898 0.264287 0.393901 0.267079 0.394831 0.270546 0.394831 0.276986 0.387320 0.276782 0.382664 0.288375 0.381734 0.283588 0.381828 0.278634 0.380620 0.275995
8 0.591354 0.639310 0.591578 0.641699 0.591130 0.642574 0.600927 0.657685 0.602336 0.653875 0.593885 0.641162 0.591471 0.638028
5 0.508203 0.590907 0.514612 0.602630 0.516190 0.606426 0.518792 0.613523 0.516664 0.614019 0.513870 0.614019 0.511073 0.614963 0.510219 0.616875 0.510219 0.619171 0.510107 0.620889 0.510219 0.623565 0.512253 0.625856 0.512253 0.627954 0.511500 0.629491 0.506133 0.619551 0.499688 0.593764 0.502260 0.593005 0.503979 0.597574 0.507638 0.593958 0.506773 0.591088
5 0.493391 0.570208 0.495479 0.565213 0.500456 0.562787 0.504789 0.561787 0.506474 0.562074 0.506474 0.571208 0.506555 0.584477 0.505914 0.585759 0.505271 0.585333 0.504628 0.582764 0.504146 0.581481 0.502060 0.582194 0.501258 0.584051 0.500615 0.586333 0.498286 0.587903
5 0.642352 0.716681 0.656747 0.737810 0.661669 0.730218 0.648576 0.709579 0.647276 0.707931 0.645974 0.708588 0.644302 0.711894 0.643190 0.713708
5 0.574141 0.563685 0.582221 0.581588 0.590799 0.600597 0.609201 0.638171 0.611065 0.634412 0.612807 0.629991 0.614547 0.628889 0.614167 0.626782 0.610714 0.619551 0.607461 0.610472 0.603841 0.603866 0.600312 0.596435 0.599010 0.593134 0.588437 0.565231 0.585828 0.566560 0.567365 0.527569 0.565922 0.528722 0.566719 0.530292 0.562232 0.538421
5 0.629945 0.630958 0.628924 0.634259 0.625396 0.643014 0.623352 0.644991 0.621031 0.642519 0.621680 0.640042 0.622888 0.635912 0.621867 0.633931 0.623818 0.630463
5 0.606646 0.573569 0.610917 0.592722 0.612031 0.597347 0.615839 0.610718 0.618440 0.619139 0.615672 0.624106 0.614167 0.626782 0.610714 0.619551 0.607461 0.610472 0.603841 0.603866 0.600312 0.596435 0.599010 0.593134 0.599104 0.590495 0.597617 0.583560 0.605792 0.572829
5 0.547625 0.675968 0.548664 0.674611 0.550122 0.676583 0.550885 0.675102 0.551510 0.672019 0.553312 0.672759 0.554214 0.674486 0.553596 0.677324 0.554151 0.678435 0.555602 0.679421 0.556302 0.681519 0.557615 0.682255 0.560250 0.682255 0.561221 0.682625 0.562469 0.683861 0.563372 0.685218 0.564344 0.687065 0.564898 0.687685 0.565245 0.691630 0.564344 0.696194 0.562469 0.700014 0.560458 0.702727 0.552557 0.697301 0.548255 0.693231 0.545966 0.690519 0.545544 0.687931 0.546516 0.679912
7 0.451414 0.503602 0.462281 0.511690 0.466458 0.514829 0.465438 0.515486 0.465068 0.516972 0.463766 0.516972 0.461724 0.518130 0.461536 0.521764 0.462560 0.525727 0.458008 0.525560 0.458008 0.528366 0.451508 0.505583
7 0.418177 0.423546 0.421055 0.443852 0.417156 0.445338 0.414927 0.446824 0.409354 0.436255 0.405732 0.428495 0.416133 0.421727
7 0.379406 0.306333 0.383013 0.306949 0.388008 0.307319 0.392865 0.307565 0.399523 0.307810 0.400943 0.306153 0.417477 0.287176 0.417560 0.277597 0.414315 0.278231 0.404753 0.277278 0.387320 0.276782 0.376971 0.302458
5 0.459349 0.350093 0.465932 0.350389 0.464690 0.352509 0.463602 0.353708 0.459974 0.353431 0.459352 0.351495
5 0.518023 0.613824 0.516664 0.614019 0.513870 0.614019 0.511073 0.614963 0.510219 0.616875 0.510219 0.619171 0.510107 0.620889 0.510219 0.623565 0.512253 0.625856 0.512253 0.627954 0.511500 0.629491 0.511786 0.631199 0.512924 0.632903 0.514484 0.634394 0.515477 0.634806 0.517706 0.633833 0.521419 0.633833 0.523471 0.635736 0.524253 0.634884 0.526648 0.634139 0.525620 0.632690 0.524927 0.630843 0.525341 0.628500 0.524786 0.624676 0.525135 0.623565 0.525997 0.620856 0.526068 0.618023 0.525266 0.608181 0.524935 0.608407 0.523797 0.611074 0.521698 0.606384 0.522177 0.611032 0.521279 0.612097 0.519898 0.611361 0.518820 0.612523 0.518792 0.613523
1 0.525078 0.582829 0.529818 0.583148 0.532380 0.582741 0.533284 0.582551 0.533773 0.582264 0.534888 0.581407 0.534815 0.580551 0.532247 0.580838 0.531664 0.581556 0.524810 0.581315
5 0.455635 0.335468 0.457917 0.347903 0.456620 0.348917 0.452112 0.343116 0.454911 0.335560
5 0.459062 0.320556 0.464602 0.326069 0.465326 0.325704 0.472115 0.330491 0.471805 0.332611 0.470560 0.336019 0.469833 0.340167 0.469318 0.342282 0.468229 0.343116 0.467451 0.344125 0.467398 0.346060 0.466104 0.349009 0.459107 0.348366 0.456568 0.330583 0.458073 0.324227
1 0.516273 0.571625 0.517393 0.571468 0.518560 0.572343 0.520440 0.572977 0.520484 0.574569 0.518469 0.573694 0.518346 0.573023 0.517026 0.572597 0.516367 0.573236 0.515409 0.575366 0.515349 0.576537 0.515289 0.577917 0.514797 0.577755 0.514573 0.577278 0.514573 0.576245 0.515648 0.573296
5 0.430737 0.442870 0.431539 0.445579 0.433224 0.446009 0.434831 0.448292 0.437055 0.447634 0.436250 0.441926 0.434107 0.441583
5 0.426026 0.420949 0.433409 0.429083 0.442721 0.438931 0.437021 0.438644 0.429958 0.439787 0.428914 0.437787 0.427229 0.435648 0.424581 0.432509 0.424260 0.428657 0.424581 0.424375
5 0.447167 0.443069 0.446445 0.446065 0.443875 0.451630 0.443315 0.451204 0.443315 0.449773 0.436974 0.449773 0.437055 0.447634 0.436250 0.441926 0.442271 0.441782
5 0.445768 0.388606 0.447161 0.390259 0.448091 0.391250 0.451432 0.395046 0.452268 0.396037 0.451154 0.398352 0.454591 0.403634 0.458214 0.407597 0.452268 0.420310 0.445583 0.405120 0.440846 0.393065 0.442797 0.390588 0.445117 0.388611
5 0.456354 0.428231 0.459792 0.422125 0.459792 0.416347 0.458214 0.414199 0.454128 0.423444
5 0.430247 0.414440 0.434620 0.406301 0.438786 0.400134 0.451060 0.429227 0.450227 0.433185 0.449396 0.436653 0.448180 0.439958 0.445490 0.439625 0.446607 0.435986 0.447625 0.432852
5 0.389062 0.257981 0.391320 0.261801 0.393898 0.264287 0.396047 0.267722 0.401852 0.273838 0.404753 0.277278 0.414315 0.278231 0.415068 0.274412 0.416034 0.273074 0.416250 0.270398 0.417323 0.266194 0.418292 0.250532 0.419258 0.239833 0.418721 0.236588 0.413779 0.217866 0.412487 0.216148 0.409953 0.198782 0.411435 0.191694 0.410576 0.187894 0.409716 0.185986 0.407352 0.185028 0.401979 0.204704 0.394781 0.231259
8 0.480562 0.340884 0.481078 0.341069 0.481229 0.342449 0.480146 0.344662 0.478172 0.348069 0.476622 0.349634 0.475167 0.350375 0.473820 0.350741 0.465932 0.350389 0.459349 0.350093 0.459107 0.348366 0.466104 0.349009 0.470302 0.349083 0.475115 0.348898 0.478073 0.346412 0.479740 0.343287
8 0.465508 0.390301 0.461734 0.399292 0.458214 0.407597 0.452268 0.420310 0.454128 0.423444 0.458214 0.414199 0.462859 0.402431 0.466872 0.394009
8 0.482346 0.361278 0.478253 0.371125 0.475857 0.368301 0.476086 0.366699 0.477852 0.362417 0.480661 0.358995
9 0.555872 0.599764 0.557052 0.597296 0.557536 0.591625 0.556393 0.587319 0.556289 0.592856 0.555872 0.596806 0.555180 0.598653 0.553930 0.599764 0.552682 0.599889 0.550807 0.598162 0.550115 0.596806 0.549005 0.597792 0.546695 0.597963 0.546453 0.596694 0.545432 0.596370 0.544474 0.594880 0.543805 0.594394 0.542201 0.592968 0.538742 0.590255 0.537102 0.589218 0.535021 0.588972 0.533841 0.589958 0.532174 0.592671 0.536591 0.595407 0.537786 0.594222 0.538924 0.594009 0.541742 0.597204 0.543885 0.600551 0.547096 0.604722 0.547516 0.603569 0.546680 0.600579 0.548240 0.599935 0.549615 0.599935 0.549828 0.598532 0.551898 0.601194 0.554417 0.601736
1 0.558766 0.703625 0.562393 0.707037 0.564880 0.708602 0.566125 0.709153 0.565711 0.707866 0.561823 0.704639 0.558247 0.701602 0.554984 0.699023 0.552557 0.697301 0.548255 0.693231 0.546018 0.691616 0.544987 0.690417 0.544828 0.689125 0.544107 0.688296 0.543234 0.687944 0.543781 0.690421 0.547112 0.694421 0.550544 0.698245 0.553130 0.699019 0.557531 0.703417
1 0.566799 0.708787 0.565451 0.704917 0.564000 0.701046 0.563068 0.700125 0.565193 0.706023 0.566383 0.710074 0.568063 0.714514 0.569286 0.715329
8 0.416812 0.338218 0.417664 0.341167 0.418560 0.343236 0.418648 0.345944 0.416365 0.340690 0.415917 0.336866 0.416680 0.336546
6 0.425714 0.350486 0.431409 0.349741 0.432909 0.351551 0.434107 0.351551 0.437643 0.354218 0.438969 0.356241 0.440289 0.356773 0.441667 0.357199 0.442026 0.356028 0.441786 0.354750 0.439917 0.354037 0.435628 0.350620 0.432219 0.347912 0.430641 0.346259 0.427391 0.346426 0.425833 0.346648 0.425055 0.348671
8 0.486633 0.440648 0.495305 0.450144 0.495789 0.449157 0.496552 0.447556 0.490865 0.440648 0.487146 0.437528 0.485211 0.438676 0.485320 0.440394
6 0.431224 0.360718 0.431943 0.358801 0.438659 0.368394 0.438177 0.369458 0.437458 0.369565 0.436740 0.369245 0.436141 0.368819 0.435359 0.366792
1 0.562500 0.699861 0.566539 0.702431 0.568456 0.704458 0.569234 0.707130 0.569753 0.706574 0.569909 0.705380 0.569544 0.703995 0.567318 0.701602 0.564260 0.699481 0.563172 0.698838
1 0.370359 0.330579 0.368370 0.329787 0.367466 0.329912 0.366495 0.327690 0.363909 0.327370 0.362708 0.328681 0.360211 0.326333 0.358339 0.324731 0.357388 0.325398 0.356901 0.326259 0.357812 0.328565 0.372656 0.337532 0.376812 0.333782
7 0.609974 0.781250 0.620292 0.788000 0.628745 0.794190 0.616810 0.806347 0.606367 0.817843 0.600039 0.822370 0.598099 0.823213 0.596794 0.824361 0.596234 0.825685 0.592891 0.826171 0.590938 0.826352 0.590664 0.824690 0.591409 0.819231 0.592057 0.817088 0.596047 0.809838 0.600039 0.804889 0.602464 0.799273 0.607286 0.788380
1 0.376219 0.337546 0.386411 0.342556 0.386411 0.341167 0.385872 0.340102 0.385872 0.337440 0.379096 0.334134 0.378427 0.334870
2 0.375021 0.365046 0.379630 0.366005 0.390250 0.367935 0.393383 0.368796 0.394185 0.367796 0.394987 0.366088 0.396031 0.359949 0.392362 0.362005 0.377432 0.359764 0.372521 0.359667
6 0.479956 0.480537 0.483445 0.469685 0.486802 0.456644 0.489911 0.458856 0.492346 0.460204 0.494089 0.463958 0.494336 0.468162 0.491974 0.475009 0.485490 0.496718 0.484096 0.500185 0.483073 0.502329 0.481958 0.504972 0.481615 0.507495 0.480872 0.505681 0.479388 0.504194 0.478273 0.503537 0.475021 0.502380 0.474372 0.501222 0.475701 0.493523
5 0.485490 0.496718 0.491896 0.493417 0.493875 0.519056 0.493039 0.519880 0.490253 0.520704 0.488117 0.520208 0.487281 0.519551 0.485516 0.519551 0.483195 0.518394 0.481987 0.514764 0.481987 0.511130 0.481615 0.507495 0.481958 0.504972 0.483073 0.502329 0.484096 0.500185
5 0.379885 0.374903 0.383563 0.372065 0.387516 0.369968 0.391260 0.368856 0.393383 0.368796 0.392820 0.370796 0.389849 0.371653 0.391297 0.377847 0.390180 0.378171 0.386594 0.380083 0.383013 0.381991
2 0.368195 0.350037 0.374716 0.352259 0.379919 0.353000 0.386440 0.354602 0.389432 0.355514 0.391760 0.356227 0.393688 0.355653 0.393138 0.356412 0.394393 0.357903 0.392378 0.358819 0.369534 0.352060 0.369133 0.352222
2 0.505799 0.467000 0.505159 0.468282 0.504839 0.469995 0.504839 0.471708 0.504839 0.473704 0.504997 0.475130 0.504195 0.478843 0.505154 0.480977 0.506443 0.481551 0.508370 0.475986 0.508326 0.471569 0.507852 0.466431 0.506818 0.464824 0.505948 0.464824 0.501846 0.462611 0.499857 0.461949 0.498490 0.462389 0.496128 0.461727 0.493839 0.460426 0.495445 0.463574 0.497292 0.463144 0.498094 0.463718 0.498576 0.464574 0.497211 0.464713 0.496698 0.466171 0.497534 0.467282 0.498656 0.466856 0.500102 0.465144 0.501065 0.466144 0.501628 0.466426 0.502510 0.465856
2 0.512164 0.552500 0.512518 0.555329 0.513607 0.554222 0.514125 0.554593 0.515576 0.556708 0.516060 0.557278 0.515164 0.559347 0.516224 0.559815 0.517974 0.559944 0.518393 0.559944 0.516669 0.547079 0.516320 0.547319 0.515880 0.549394 0.515497 0.550458 0.514320 0.551815 0.512237 0.551444
7 0.363948 0.306583 0.366036 0.310148 0.359935 0.315713 0.356164 0.317426 0.354878 0.318713 0.353755 0.319708 0.349966 0.312542 0.349583 0.311412 0.351187 0.310046 0.353586 0.306954 0.359521 0.300880 0.360964 0.303653 0.362711 0.305986
6 0.459857 0.446593 0.462987 0.453157 0.463469 0.455870 0.471013 0.470421 0.473021 0.468282 0.471385 0.465926 0.471138 0.462611 0.465555 0.450731 0.464031 0.447162 0.461221 0.445593
6 0.461396 0.357292 0.463685 0.360125 0.463477 0.356426 0.462021 0.355565
6 0.464927 0.378907 0.466523 0.381500 0.466315 0.383472 0.465966 0.385444 0.464719 0.386681 0.463609 0.384954 0.463747 0.383968 0.461875 0.381130
6 0.457018 0.368426 0.463677 0.376815 0.461320 0.378292 0.461250 0.379648 0.458823 0.377676 0.455979 0.373481 0.455008 0.371389 0.455422 0.370153
6 0.371214 0.342023 0.366148 0.346954 0.365177 0.344981 0.369167 0.340787 0.370331 0.341384
6 0.381688 0.331417 0.378427 0.334870 0.374664 0.338958 0.372656 0.337532 0.378359 0.332528
6 0.357812 0.328565 0.372656 0.337532 0.374664 0.338958 0.392724 0.350088 0.392643 0.351801 0.394570 0.352801 0.393688 0.355653 0.391760 0.356227 0.389432 0.355514 0.385901 0.353088 0.383333 0.349949 0.370331 0.341384 0.361581 0.336963
6 0.415112 0.333856 0.412544 0.328556 0.411365 0.324611 0.411089 0.323130 0.411297 0.320292 0.409701 0.320417 0.409029 0.324352 0.414417 0.336324
6 0.400260 0.344523 0.409570 0.348949 0.411177 0.347949 0.411177 0.346380 0.402109 0.336944 0.399094 0.343718
6 0.404594 0.335676 0.412943 0.343657 0.411979 0.347222 0.402109 0.336944 0.403448 0.333810
6 0.399094 0.343718 0.403448 0.333810 0.405815 0.328181 0.405128 0.326384 0.403549 0.329023 0.401042 0.335134 0.396956 0.342560
1 0.423518 0.450625 0.432190 0.451486 0.436945 0.451810 0.439378 0.451931 0.439794 0.450454 0.443315 0.451204 0.443315 0.449773 0.436974 0.449773 0.427453 0.448958 0.419880 0.447745 0.418435 0.447602 0.417893 0.449306 0.417893 0.450699
5 0.560654 0.655639 0.563703 0.652926 0.565148 0.650787 0.565789 0.649074 0.565388 0.647218 0.565789 0.646079 0.565388 0.644792 0.560411 0.637375 0.554956 0.630810 0.553591 0.630097 0.552628 0.630954 0.551904 0.633093 0.551021 0.635806 0.550380 0.637944 0.550299 0.638944 0.559370 0.647648 0.558086 0.647361 0.556721 0.648361 0.555195 0.651500 0.551503 0.658778 0.550555 0.661065 0.549896 0.662662 0.549055 0.664259 0.551232 0.663130 0.554901 0.672343 0.555221 0.670194 0.556586 0.670060 0.555878 0.668468 0.559474 0.659833
2 0.432635 0.216181 0.450745 0.228231 0.461984 0.234671 0.460682 0.251509 0.459049 0.253657 0.456354 0.262074 0.452268 0.278917 0.446419 0.302032 0.445211 0.311440 0.447216 0.323644 0.450190 0.341343 0.449622 0.343190 0.449141 0.344477 0.450104 0.347051 0.448898 0.347185 0.448258 0.344477 0.447060 0.344347 0.446893 0.346625 0.447773 0.350190 0.447375 0.351051 0.445609 0.350472 0.444172 0.350472 0.443930 0.352338 0.441599 0.352750 0.439917 0.354037 0.435628 0.350620 0.438349 0.351329 0.438229 0.348889 0.437943 0.347037 0.434734 0.348324 0.432219 0.347912 0.430641 0.346259 0.427391 0.346426 0.419068 0.336685 0.417461 0.334769 0.416487 0.332671 0.416273 0.327324 0.416273 0.310898 0.416755 0.306870 0.417557 0.304157 0.417477 0.287176 0.417560 0.277597 0.417323 0.266194 0.418292 0.250532 0.419258 0.239833 0.418721 0.236588
1 0.345531 0.270468 0.336305 0.284403 0.337417 0.286130 0.346919 0.271454
1 0.488333 0.437685 0.488828 0.438380 0.491154 0.437435 0.493573 0.442213 0.495721 0.446750 0.496552 0.447556 0.497109 0.446986 0.494602 0.441815 0.491336 0.435810 0.489187 0.431606 0.487469 0.429884 0.486070 0.429505 0.486286 0.430653 0.490799 0.435426 0.489401 0.436954
2 0.393159 0.403120 0.394815 0.400542 0.390214 0.392139 0.389570 0.389995 0.387872 0.389671 0.387146 0.390259 0.387977 0.392157 0.388130 0.394370
1 0.496659 0.434519 0.499747 0.438264 0.500690 0.439694 0.501227 0.442162 0.499695 0.441005 0.498807 0.439458 0.496703 0.436352 0.495448 0.435157 0.494734 0.432685
1 0.519271 0.472130 0.519891 0.466245 0.520203 0.463204 0.519167 0.460810 0.518701 0.460995 0.518753 0.462468 0.519010 0.464218 0.519315 0.465954 0.518182 0.473431
1 0.516677 0.463856 0.517461 0.463611 0.518065 0.466449 0.518620 0.465213 0.519315 0.465954 0.517352 0.474162 0.516818 0.471875 0.517164 0.469778 0.517719 0.468542
1 0.400591 0.349653 0.401612 0.351681 0.407128 0.350611 0.409570 0.348949 0.400260 0.344523 0.399094 0.343718 0.396956 0.342560 0.394404 0.341843 0.393570 0.343324 0.393362 0.345796 0.395724 0.345292 0.397456 0.346412 0.398216 0.344315 0.400370 0.346412
1 0.518346 0.573023 0.519065 0.584958 0.515349 0.582935 0.515349 0.576537 0.515409 0.575366 0.516367 0.573236 0.517026 0.572597
1 0.515701 0.587486 0.517560 0.602718 0.518820 0.612523 0.519898 0.611361 0.521279 0.612097 0.522177 0.611032 0.521099 0.600796 0.519299 0.589926
1 0.516669 0.547079 0.518917 0.563917 0.522456 0.586986 0.523010 0.592412 0.523971 0.599444 0.526253 0.594639 0.526010 0.589069 0.522930 0.570194 0.521164 0.560491
1 0.525266 0.608181 0.526068 0.618023 0.528635 0.630153 0.528716 0.631722 0.531044 0.628727 0.530401 0.625157 0.527833 0.606894 0.527271 0.601898
1 0.529435 0.633889 0.529714 0.635861 0.530198 0.637343 0.529781 0.640056 0.529781 0.642273 0.530198 0.643875 0.530336 0.645972 0.530336 0.648440 0.530336 0.650167 0.531862 0.654361 0.533596 0.656736 0.534719 0.653028 0.535401 0.650907 0.534083 0.650412 0.533875 0.649306 0.531932 0.635245 0.532820 0.633236 0.532057 0.632000 0.531365 0.631139
1 0.554792 0.614676 0.551482 0.620532 0.548292 0.627190 0.544961 0.633236 0.542602 0.640509 0.539966 0.648157 0.539271 0.648528 0.535872 0.659625 0.534398 0.659306 0.536888 0.650458 0.538974 0.644037 0.539617 0.641611 0.541284 0.636810 0.543297 0.633727 0.544544 0.629657 0.547042 0.625343 0.548497 0.623366 0.549885 0.618931 0.551065 0.617204 0.552107 0.616213 0.550380 0.612347 0.546719 0.604884 0.543885 0.600551 0.549581 0.607694
6 0.529229 0.654319 0.529508 0.657130 0.530716 0.663565 0.530438 0.667366 0.529323 0.667199 0.528208 0.665713 0.527094 0.662079 0.527102 0.655148
1 0.536122 0.623375 0.537143 0.625398 0.537771 0.626912 0.537690 0.628912 0.536661 0.627213 0.536182 0.625079 0.535344 0.626894 0.533654 0.628546 0.531365 0.631139 0.529435 0.633889 0.527669 0.635310 0.525750 0.636273 0.524206 0.636310 0.523471 0.635736 0.524253 0.634884 0.526648 0.634139 0.528716 0.631722 0.531044 0.628727 0.533664 0.625931
1 0.537029 0.671634 0.539307 0.677343 0.541122 0.681676 0.542263 0.684255 0.541307 0.683171 0.539268 0.680495 0.537169 0.673292 0.536268 0.671810 0.536339 0.670699
1 0.452862 0.445690 0.458570 0.455370 0.461508 0.460380 0.462339 0.463403 0.465547 0.468824 0.466245 0.468370 0.464206 0.464537 0.464625 0.464431 0.468221 0.469333 0.469182 0.468907 0.465344 0.464106 0.462945 0.461444 0.457729 0.451745 0.453534 0.444176
6 0.497654 0.445972 0.499695 0.441005 0.501589 0.442454 0.501747 0.445606 0.502792 0.447880 0.504638 0.449315 0.506164 0.449315 0.508958 0.460718 0.509802 0.466782 0.510495 0.478426 0.510581 0.488704 0.509505 0.487389 0.508326 0.485838 0.508326 0.471569 0.507852 0.466431 0.506818 0.464824 0.505078 0.461065 0.503586 0.457972 0.502307 0.457014 0.496552 0.447556
5 0.446549 0.511625 0.459299 0.535185 0.459578 0.533866 0.458008 0.528366 0.451508 0.505583 0.450635 0.501556 0.451750 0.501718 0.453885 0.500231 0.454349 0.497259 0.452120 0.496435 0.450229 0.498727 0.444534 0.506722
5 0.571518 0.565241 0.573695 0.562569 0.569602 0.554185 0.567727 0.554176 0.567312 0.557907 0.566112 0.558759 0.564404 0.559421 0.569786 0.567597
6 0.575651 0.544685 0.576969 0.544685 0.582034 0.549125 0.582727 0.550236 0.582935 0.552579 0.582448 0.555662 0.579604 0.553440
6 0.405815 0.328181 0.414638 0.346014 0.421326 0.360708 0.432953 0.387125 0.438786 0.400134 0.451060 0.429227 0.457016 0.441079 0.461565 0.441241 0.456354 0.428231 0.454128 0.423444 0.452268 0.420310 0.445583 0.405120 0.440846 0.393065 0.434448 0.381644 0.423052 0.356546 0.421289 0.351759 0.409029 0.324352 0.407203 0.320708 0.405919 0.317713 0.404393 0.319426 0.403271 0.321282 0.404635 0.324560
6 0.535065 0.535620 0.539880 0.531194 0.540763 0.535046 0.535867 0.540185
6 0.491031 0.550884 0.495490 0.546759 0.499484 0.540815 0.503570 0.530412 0.506448 0.517370 0.507378 0.511921 0.506646 0.511699 0.505706 0.510602 0.505148 0.512912 0.503107 0.523644 0.501247 0.531074 0.497904 0.538667 0.495583 0.543292 0.490383 0.548574
5 0.521419 0.633833 0.524206 0.636310 0.526620 0.641759 0.527177 0.648014 0.526714 0.652653 0.526435 0.656120 0.525411 0.657440 0.514732 0.636310 0.515477 0.634806 0.517706 0.633833
6 0.506432 0.577366 0.509206 0.579093 0.513646 0.581931 0.522456 0.586986 0.523010 0.592412 0.511219 0.584769 0.506500 0.582056
6 0.526010 0.589069 0.537729 0.596208 0.543589 0.603199 0.544232 0.604912 0.535000 0.599204 0.526253 0.594639
6 0.579453 0.621250 0.584839 0.628352 0.585211 0.635616 0.580753 0.629838 0.579174 0.625213
6 0.587477 0.646495 0.587755 0.650625 0.587383 0.653431 0.588211 0.654917 0.589789 0.669032 0.589148 0.685162 0.587940 0.681875 0.587299 0.677880 0.586742 0.671458 0.583130 0.652903 0.581924 0.642782 0.582008 0.637778
8 0.606622 0.666782 0.608227 0.668921 0.609773 0.666009 0.608195 0.662889 0.607424 0.664356 0.606542 0.664926
5 0.614609 0.648292 0.614680 0.649894 0.619604 0.649403 0.620297 0.649894 0.618495 0.652856 0.617732 0.654458 0.616482 0.657171 0.615302 0.658773 0.613862 0.661222 0.611076 0.656287 0.611833 0.654088 0.612529 0.652611 0.613568 0.650634 0.613776 0.648292
5 0.622232 0.629509 0.621510 0.631222 0.620948 0.632935 0.619904 0.633935 0.619424 0.636074 0.618542 0.637787 0.617737 0.639213 0.617578 0.641069 0.618461 0.641926 0.621031 0.642519 0.621680 0.640042 0.622888 0.635912 0.621867 0.633931 0.623818 0.630463
6 0.611076 0.656287 0.613862 0.661222 0.609773 0.666009 0.608195 0.662889 0.608195 0.661222 0.610052 0.657935
5 0.588185 0.601403 0.590352 0.599829 0.590799 0.600597 0.609201 0.638171 0.606966 0.643662 0.600625 0.630866 0.596971 0.624370 0.594609 0.621315 0.589987 0.612907 0.589547 0.611875 0.588646 0.611875 0.586422 0.607634 0.587302 0.607352 0.586185 0.602648
6 0.589987 0.612907 0.594609 0.621315 0.596971 0.624370 0.600625 0.630866 0.606966 0.643662 0.603849 0.650921 0.600518 0.645000 0.598370 0.642329 0.595898 0.638125 0.595898 0.636023 0.595898 0.634685 0.591169 0.625134 0.589865 0.623958 0.586510 0.616000 0.572581 0.589602 0.568180 0.580639 0.565810 0.574708 0.563451 0.571657 0.561297 0.568981 0.562263 0.566106 0.563156 0.564273 0.566768 0.569699 0.568294 0.571301 0.572602 0.577722 0.571904 0.578199 0.572430 0.580417 0.578448 0.591306 0.582315 0.598181 0.585938 0.607218 0.586422 0.607634 0.588646 0.611875 0.589547 0.611875
6 0.560719 0.559782 0.570604 0.572963 0.577911 0.583282 0.579201 0.587866 0.575440 0.582134 0.572430 0.580417 0.578448 0.591306 0.580273 0.592833 0.581885 0.595315 0.582315 0.598181 0.585938 0.607218 0.586422 0.607634 0.587302 0.607352 0.586185 0.602648 0.580479 0.577532 0.579266 0.574856 0.578018 0.575963 0.571313 0.566736 0.569786 0.567597 0.564404 0.559421 0.562716 0.557722 0.562555 0.559134 0.561190 0.559000
6 0.635677 0.729542 0.637323 0.726778 0.648529 0.743838 0.647721 0.745407 0.646596 0.746546 0.645315 0.746694 0.644034 0.745125 0.634943 0.731282
6 0.637323 0.726778 0.648529 0.743838 0.649727 0.741843 0.650693 0.740852 0.651732 0.743407 0.653664 0.743556 0.654948 0.744116 0.653630 0.742144 0.650232 0.737213 0.640172 0.720560
6 0.579706 0.510806 0.581318 0.518255 0.586044 0.547866 0.588437 0.565231 0.585828 0.566560 0.583198 0.551190 0.578060 0.520088 0.577018 0.521370 0.575010 0.525514 0.573484 0.527653 0.572763 0.529639 0.571161 0.530500 0.569391 0.531495 0.567365 0.527569 0.565922 0.528722 0.566719 0.530292 0.562232 0.538421 0.560966 0.538560 0.558719 0.535583 0.561052 0.532009 0.565146 0.525722 0.571003 0.519171 0.576536 0.512181 0.579029 0.510176
5 0.552862 0.536801 0.552344 0.542153 0.555036 0.557343 0.560430 0.537431 0.558719 0.535583 0.559773 0.533731 0.557453 0.529764 0.557523 0.531366 0.557523 0.535931 0.555443 0.535681 0.553016 0.535315
5 0.567312 0.557907 0.566112 0.558759 0.564404 0.559421 0.562716 0.557722 0.562555 0.559134 0.561190 0.559000 0.560719 0.559782 0.557299 0.559931 0.556227 0.559833 0.557531 0.556894 0.557859 0.554981 0.562232 0.538421 0.565872 0.545968 0.566471 0.549060 0.567727 0.554176
8 0.541146 0.497046 0.542258 0.499852 0.544396 0.503486 0.549503 0.513060 0.552846 0.520819 0.556560 0.528417 0.559773 0.533731 0.561052 0.532009 0.558315 0.528069 0.554508 0.519056 0.551211 0.511676 0.547878 0.506523 0.545833 0.500218 0.543755 0.494389 0.542435 0.495130
11 0.484193 0.557139 0.488047 0.575403 0.493583 0.596662 0.506133 0.619551 0.499688 0.593764 0.498286 0.587903 0.493391 0.570208 0.488581 0.550421 0.485794 0.544810
14 0.525906 0.560148 0.525266 0.565287 0.525016 0.567995 0.525586 0.569565 0.526708 0.570708 0.529359 0.569852 0.529992 0.569708 0.529510 0.572991 0.529510 0.577843 0.535057 0.578556 0.534969 0.579699 0.530794 0.579269 0.532247 0.580838 0.534815 0.580551 0.534888 0.581407 0.533773 0.582264 0.533284 0.582551 0.535370 0.585264 0.538742 0.590255 0.542201 0.592968 0.543805 0.594394 0.545573 0.593968 0.547979 0.590116 0.550628 0.586120 0.551352 0.580694 0.552148 0.577255 0.552039 0.572662 0.548956 0.567727 0.541799 0.558435 0.538508 0.555440 0.537055 0.555866 0.534013 0.559005 0.532078 0.561005 0.530883 0.560861 0.530313 0.559148 0.529279 0.557866 0.528474 0.557722
5 0.543620 0.506667 0.547888 0.523329 0.552344 0.542153 0.555036 0.557343 0.554203 0.561139 0.552901 0.564935 0.553432 0.570532 0.554609 0.569773 0.554396 0.565944 0.556227 0.559833 0.557945 0.565380 0.560331 0.561537 0.562263 0.566106 0.561297 0.568981 0.563451 0.571657 0.565810 0.574708 0.568180 0.580639 0.572581 0.589602 0.586510 0.616000 0.589865 0.623958 0.588750 0.625509 0.574578 0.606509 0.569359 0.598106 0.568607 0.598551 0.559773 0.586995 0.557945 0.582421 0.556440 0.576676 0.555159 0.578208 0.553654 0.579926 0.553219 0.579926 0.552148 0.577255 0.552039 0.572662 0.548956 0.567727 0.548120 0.565579 0.536529 0.517171 0.535909 0.514843 0.537031 0.510833
5 0.450583 0.348134 0.451745 0.350750 0.452440 0.351713 0.453190 0.354306 0.453451 0.353681 0.453609 0.350972 0.451766 0.346116 0.451206 0.343833 0.450190 0.341343 0.449622 0.343190 0.449141 0.344477 0.450104 0.347051
8 0.453362 0.346449 0.454500 0.346208 0.456620 0.348917 0.457917 0.347903 0.458052 0.350347 0.457010 0.350731 0.455805 0.350255 0.454497 0.349542
6 0.483302 0.370838 0.481557 0.372514 0.479362 0.368847 0.480570 0.365583
6 0.465583 0.405579 0.467383 0.404620 0.467982 0.406208 0.467982 0.408139 0.468161 0.412264 0.468052 0.417329 0.466768 0.414903 0.465805 0.409051 0.465161 0.408051
5 0.467393 0.428426 0.468276 0.434468 0.468396 0.438412 0.468461 0.443111 0.470383 0.441731 0.474036 0.438676 0.476724 0.435236 0.480055 0.430458 0.483279 0.427023 0.486500 0.426829 0.489401 0.428551 0.491766 0.432370 0.492734 0.435810 0.491336 0.435810 0.494602 0.441815 0.493641 0.436421 0.491604 0.428824 0.488474 0.418838 0.486898 0.418866 0.483687 0.419296 0.481841 0.420009 0.481201 0.418440 0.479987 0.416583 0.480068 0.415157 0.480068 0.413588 0.479185 0.413444 0.478711 0.415870 0.477747 0.414019 0.475742 0.413444 0.475411 0.413731 0.475091 0.414588 0.475492 0.415301 0.476865 0.415727 0.478068 0.416440 0.478148 0.417157 0.476143 0.417583 0.474458 0.418014 0.473896 0.418583 0.473896 0.416727 0.473094 0.416301 0.471518 0.415144 0.470219 0.415815 0.469281 0.412431 0.468161 0.412264 0.469143 0.415884 0.469216 0.417611 0.470951 0.419583 0.470604 0.420435 0.468052 0.417329 0.468133 0.421463 0.468372 0.423606 0.474714 0.429884 0.475357 0.431310 0.475438 0.432593 0.474312 0.433023 0.469096 0.426315 0.467331 0.425319
5 0.465440 0.444597 0.470383 0.441731 0.474036 0.438676 0.476724 0.435236 0.480055 0.430458 0.483279 0.427023 0.486500 0.426829 0.489401 0.428551 0.491766 0.432370 0.492734 0.435810 0.491336 0.435810 0.489187 0.431606 0.487469 0.429884 0.486070 0.429505 0.486286 0.430653 0.490799 0.435426 0.489479 0.436852 0.488435 0.437528 0.487146 0.437528 0.485211 0.438676 0.485320 0.440394 0.484781 0.442685 0.484674 0.444787 0.481333 0.441394 0.478224 0.440731 0.475240 0.440731 0.473625 0.445370 0.472753 0.448907 0.471888 0.455486 0.470599 0.452426 0.468771 0.448796 0.465333 0.448417
6 0.515430 0.450819 0.521906 0.451958 0.523591 0.455903 0.522096 0.454532 0.518383 0.454866 0.515615 0.453759 0.515133 0.452056
6 0.520385 0.467435 0.521784 0.469551 0.523443 0.467616 0.522198 0.466236 0.521836 0.467250 0.521318 0.467894
6 0.514857 0.460699 0.517016 0.462829 0.516654 0.460806 0.516115 0.459204 0.513357 0.455264 0.511859 0.453269 0.510464 0.457472 0.512310 0.459685 0.513146 0.458528
6 0.515078 0.437889 0.518135 0.445028 0.521906 0.451958 0.523591 0.455903 0.524977 0.456843 0.528747 0.459917 0.518977 0.442134 0.514953 0.435968 0.514411 0.436500
6 0.525810 0.444329 0.529177 0.443685 0.530023 0.453394 0.530023 0.454315 0.525031 0.445250
6 0.515055 0.422889 0.515888 0.421903 0.516789 0.421532 0.517414 0.422394 0.517273 0.423630 0.518107 0.425231 0.520466 0.434852 0.518594 0.434236 0.515680 0.428315
6 0.518383 0.454866 0.522096 0.454532 0.524977 0.456843 0.528747 0.459917 0.529245 0.461130 0.528055 0.468412 0.527568 0.466736 0.526547 0.464917 0.525154 0.465745 0.521169 0.461468 0.519219 0.459319
1 0.501859 0.548574 0.502326 0.547560 0.504604 0.550602 0.506529 0.554009 0.507766 0.557144 0.505938 0.556708 0.505539 0.555486 0.504708 0.556588 0.502378 0.554657 0.502378 0.553736 0.503055 0.552630 0.503362 0.551708
6 0.409836 0.319481 0.410070 0.320444 0.409701 0.320417 0.408599 0.323472 0.407203 0.320708 0.408599 0.318449
6 0.504526 0.420870 0.507406 0.427806 0.510005 0.436718 0.511214 0.444644 0.511859 0.453269 0.514370 0.454713 0.514927 0.447120 0.514010 0.438704 0.511224 0.428287 0.503932 0.417222
11 0.527206 0.513060 0.528523 0.512704 0.530128 0.515412 0.533740 0.517412 0.531943 0.518625 0.530578 0.520764 0.530016 0.524477 0.527633 0.519523 0.526026 0.513102
11 0.531299 0.528329 0.535315 0.531611 0.537401 0.533463 0.539880 0.531194 0.537883 0.522764 0.535073 0.520481 0.533708 0.519481 0.532263 0.520338 0.530979 0.522907
5 0.535477 0.459403 0.533130 0.460097 0.541747 0.479958 0.548305 0.497343 0.549518 0.502051 0.550521 0.504167 0.554497 0.512361 0.558510 0.521352 0.560195 0.527912 0.561320 0.528343 0.561560 0.530667 0.564315 0.521269 0.560133 0.510931 0.556456 0.503407 0.552224 0.493046 0.551878 0.489968 0.550768 0.488361 0.550211 0.485894 0.549310 0.485403 0.548755 0.486264 0.538974 0.466042
8 0.499232 0.386884 0.501451 0.385926 0.501271 0.388593 0.501271 0.389870 0.499940 0.389759
6 0.485052 0.579630 0.489427 0.588380 0.491562 0.588051 0.489148 0.578968
5 0.452107 0.431403 0.455839 0.438495 0.454388 0.438588 0.453974 0.439227 0.450133 0.438801 0.449896 0.439657 0.448180 0.439958 0.449396 0.436653 0.450227 0.433185 0.451060 0.429227
5 0.446589 0.444991 0.447469 0.444898 0.448818 0.445819 0.449802 0.446926 0.449956 0.448032 0.452133 0.447940 0.454143 0.450134 0.455388 0.450042 0.458570 0.455370 0.461508 0.460380 0.462339 0.463403 0.461133 0.462782 0.461133 0.461676 0.460508 0.460935 0.457109 0.462167 0.453849 0.461306 0.451490 0.459208 0.449201 0.455630 0.447315 0.453926 0.444568 0.450426 0.446445 0.446065
5 0.427414 0.443829 0.430737 0.442870 0.431539 0.445579 0.433224 0.446009 0.434831 0.448292 0.437055 0.447634 0.436974 0.449773 0.427453 0.448958 0.419880 0.447745 0.425477 0.444245
5 0.418224 0.453426 0.426250 0.468282 0.433815 0.484329 0.440404 0.482111 0.441680 0.481556 0.444797 0.475259 0.443443 0.475116 0.441638 0.472403 0.440182 0.470556 0.437198 0.469199 0.435880 0.467222 0.434841 0.466361 0.434771 0.463032 0.435187 0.461056 0.436852 0.460319 0.436948 0.457481 0.439315 0.454037 0.437271 0.454866 0.436945 0.451810 0.432190 0.451486 0.423518 0.450625 0.417893 0.450699
2 0.458310 0.369810 0.459089 0.368431 0.460383 0.367046 0.461885 0.367185 0.464703 0.373690 0.463906 0.375060 0.463677 0.376815
5 0.418565 0.425792 0.421055 0.443852 0.423539 0.442083 0.429958 0.439787 0.428914 0.437787 0.424581 0.432509 0.427229 0.435648 0.428914 0.437787 0.429958 0.439787 0.437021 0.438644 0.442721 0.438931 0.433409 0.429083 0.426026 0.420949 0.424581 0.424375 0.423661 0.424296 0.423122 0.424958 0.422883 0.426676 0.421841 0.427102 0.420365 0.426111
5 0.454799 0.499333 0.462177 0.507282 0.462734 0.506125 0.464036 0.504477 0.464964 0.502824 0.465987 0.501505 0.467656 0.501338 0.468307 0.503486 0.470008 0.503042 0.472237 0.502708 0.474372 0.501222 0.475701 0.493523 0.479956 0.480537 0.483445 0.469685 0.481581 0.464824 0.479344 0.459958 0.478471 0.461949 0.476732 0.462833 0.473500 0.465264 0.471385 0.465926 0.473021 0.468282 0.471013 0.470421 0.470049 0.471222 0.470773 0.472648 0.473732 0.470269 0.477570 0.467287 0.478708 0.467713 0.479487 0.468991 0.474391 0.473255 0.469055 0.477093 0.462940 0.482847 0.456104 0.490523 0.452120 0.496435 0.454349 0.497259 0.453885 0.500231
2 0.388422 0.320139 0.392273 0.316000 0.394201 0.313718 0.400943 0.306153 0.417477 0.287176 0.417557 0.304157 0.416755 0.306870 0.414107 0.310435 0.407203 0.320708 0.405919 0.317713 0.404393 0.319426 0.403271 0.321282 0.404635 0.324560 0.403591 0.325278 0.395484 0.340685 0.392836 0.334694 0.391391 0.332981 0.389305 0.325417 0.388341 0.322565
11 0.415057 0.399074 0.430247 0.414440 0.447625 0.432852 0.446607 0.435986 0.445490 0.439625 0.442721 0.438931 0.433409 0.429083 0.426026 0.420949 0.412271 0.407167 0.400755 0.396931 0.402211 0.393338 0.403013 0.393199 0.403495 0.390486 0.404620 0.389343 0.407255 0.390986
1 0.376201 0.309769 0.380219 0.315630 0.381466 0.315472 0.384570 0.314861 0.380794 0.309852 0.377557 0.306657 0.376656 0.306551 0.375901 0.306782
1 0.639445 0.783231 0.652076 0.770023 0.665078 0.755657 0.668143 0.752523 0.669815 0.749384 0.671021 0.746579 0.671208 0.744102 0.670930 0.741625 0.669906 0.739481 0.667401 0.737829 0.665867 0.734958 0.665523 0.732250 0.664622 0.731870 0.663091 0.732116 0.662469 0.733222 0.662404 0.735449 0.662542 0.737051 0.661706 0.739514 0.661503 0.741991 0.661365 0.742963 0.660185 0.743213 0.658792 0.741361 0.657612 0.740505 0.657128 0.741361 0.657750 0.743708 0.657964 0.744583 0.656013 0.744449 0.653664 0.743556 0.651732 0.743407 0.650693 0.740852 0.649727 0.741843 0.648529 0.743838 0.647721 0.745407 0.646596 0.746546 0.645315 0.746694 0.644034 0.745125 0.642185 0.743838 0.641305 0.743708 0.639938 0.743708 0.637125 0.744699 0.635203 0.745125 0.632555 0.745986 0.630708 0.745125 0.629424 0.745273 0.628544 0.747273 0.627336 0.746694 0.626771 0.748412 0.625888 0.750972 0.624365 0.753694 0.623240 0.756403 0.626128 0.757394 0.626453 0.759259 0.626128 0.763537 0.626453 0.765815 0.625089 0.769245 0.624846 0.770384 0.622917 0.769676 0.621477 0.769528 0.620753 0.770384 0.620909 0.772384 0.622201 0.774102 0.623641 0.775093 0.624049 0.776097 0.624365 0.779236 0.623724 0.781662 0.623323 0.786500 0.623641 0.790366 0.628745 0.794190
8 0.462109 0.412060 0.464331 0.412185 0.463719 0.409620 0.464602 0.408620 0.465161 0.408051 0.463221 0.407005 0.462250 0.407991 0.461763 0.409838
11 0.448750 0.444769 0.454143 0.450134 0.455388 0.450042 0.452862 0.445690 0.453534 0.444176 0.456164 0.448750 0.456060 0.445986 0.456216 0.443222 0.453766 0.442995 0.447167 0.443069
2 0.372690 0.288856 0.375674 0.292681 0.375049 0.294157 0.373732 0.296505 0.372690 0.297366 0.370518 0.296389 0.369557 0.294685 0.369557 0.293194
1 0.394922 0.276852 0.401013 0.277176 0.396130 0.270727 0.394430 0.268972 0.394831 0.270546
1 0.447755 0.316602 0.448378 0.321667 0.451122 0.336417 0.452112 0.343116 0.454497 0.349542 0.454573 0.352537 0.454174 0.355394 0.452247 0.361963 0.451206 0.360671 0.452568 0.356537 0.453451 0.353681 0.453609 0.350972 0.451766 0.346116 0.451206 0.343833 0.450190 0.341343 0.447216 0.323644 0.445211 0.311440 0.445641 0.310657 0.447292 0.310713 0.447292 0.312431
1 0.465156 0.323491 0.465326 0.325704 0.464602 0.326069 0.463951 0.321593 0.465091 0.321963
1 0.478622 0.327000 0.482396 0.334565 0.487404 0.350463 0.493070 0.365157 0.496135 0.376546 0.499940 0.389759 0.499107 0.389259 0.497526 0.387773 0.492789 0.372264 0.490469 0.364657 0.482388 0.342370 0.477516 0.329713 0.477789 0.328356 0.465091 0.321963 0.463951 0.321593 0.458612 0.318370 0.455612 0.316431 0.454414 0.315046 0.454263 0.316528 0.454672 0.318926 0.455242 0.321222 0.456568 0.330583 0.459107 0.348366 0.459349 0.350093 0.459352 0.351495 0.457562 0.353431 0.458052 0.350347 0.457917 0.347903 0.455635 0.335468 0.455156 0.333546 0.453068 0.321134 0.452909 0.316426 0.453151 0.313569 0.451859 0.312005 0.451062 0.309148 0.451302 0.307431 0.452102 0.309296 0.453549 0.311574 0.454674 0.313144 0.457599 0.315370 0.458484 0.315444 0.462802 0.317815 0.463943 0.318185 0.467128 0.319509 0.475951 0.324361
1 0.459539 0.307315 0.462078 0.313394 0.463529 0.316157 0.463943 0.318185 0.462802 0.317815 0.461870 0.315051 0.458760 0.308144
1 0.459969 0.302949 0.461716 0.302787 0.461581 0.301912 0.460820 0.301676 0.458177 0.301676 0.458138 0.302394 0.458089 0.303185
17 0.539141 0.701088 0.542055 0.699606 0.545523 0.699856 0.549060 0.701704 0.551836 0.704912 0.553500 0.708241 0.555026 0.712310 0.555859 0.715764 0.556068 0.719958 0.555651 0.724028 0.554609 0.728593 0.552667 0.731921 0.548576 0.735250 0.546563 0.728713 0.543719 0.717736
1 0.468839 0.373662 0.463677 0.376815 0.461320 0.378292 0.461250 0.379648 0.461875 0.381130 0.464927 0.378907 0.470240 0.375690 0.473607 0.373384 0.474953 0.374028 0.476302 0.376426 0.477857 0.382968 0.483096 0.400569 0.485987 0.409139 0.488474 0.418838 0.491604 0.428824 0.495776 0.442810 0.497221 0.441667 0.494734 0.432685 0.491497 0.421704 0.490802 0.418620 0.484701 0.399435 0.478885 0.379856 0.477594 0.375005 0.476471 0.372431 0.474872 0.371144 0.472255 0.371620
2 0.467036 0.547949 0.477216 0.564657 0.479914 0.535144 0.484643 0.537625 0.486362 0.538963 0.485794 0.544810 0.488581 0.550421 0.490383 0.548574 0.495583 0.543292 0.497904 0.538667 0.501247 0.531074 0.502047 0.523843 0.501305 0.523019 0.501583 0.521366 0.502326 0.518722 0.500096 0.518227 0.498333 0.519713 0.497219 0.518227 0.496289 0.516907 0.496104 0.518889 0.493875 0.519056 0.493039 0.519880 0.490253 0.520704 0.488117 0.520208 0.487281 0.519551 0.485516 0.519551 0.483195 0.518394 0.481987 0.514764 0.481987 0.511130 0.481615 0.507495 0.480872 0.505681 0.479388 0.504194 0.478273 0.503537 0.475021 0.502380 0.474372 0.501222 0.472237 0.502708 0.470008 0.503042 0.468307 0.503486 0.467656 0.501338 0.465987 0.501505 0.464964 0.502824 0.464036 0.504477 0.462734 0.506125 0.462177 0.507282 0.462086 0.509097 0.462643 0.510255 0.465799 0.512236 0.467286 0.512403 0.466458 0.514829 0.465438 0.515486 0.465068 0.516972 0.463766 0.516972 0.461724 0.518130 0.461536 0.521764 0.462560 0.525727 0.458008 0.525560 0.458008 0.528366 0.459578 0.533866 0.459299 0.535185
2 0.479914 0.535144 0.484643 0.537625 0.486362 0.538963 0.482193 0.575486 0.477216 0.564657
5 0.468276 0.434468 0.468396 0.438412 0.468461 0.443111 0.466544 0.443954 0.463547 0.442565 0.464146 0.438519 0.464685 0.435426
5 0.463831 0.435519 0.463138 0.436750 0.462997 0.439708 0.462583 0.442301 0.461565 0.441241 0.456354 0.428231 0.457794 0.425653
2 0.491497 0.421704 0.496906 0.430213 0.499404 0.430088 0.500654 0.430829 0.501138 0.432556 0.501971 0.432065 0.497253 0.412824 0.495034 0.413319 0.490802 0.418620
9 0.445445 0.370769 0.448263 0.373648 0.450482 0.371727 0.450242 0.370449 0.450362 0.369491 0.450422 0.367995 0.450362 0.366611 0.449883 0.365227 0.449281 0.364056 0.449641 0.361495 0.450182 0.359792 0.450182 0.358403 0.450422 0.356912 0.450242 0.355421 0.449461 0.355315 0.449102 0.356060 0.449102 0.357338 0.447724 0.355847 0.447771 0.353343 0.447375 0.351051 0.445609 0.350472 0.444172 0.350472 0.443930 0.352338 0.441599 0.352750 0.439917 0.354037 0.441786 0.354750 0.442026 0.356028 0.441667 0.357199 0.440289 0.356773 0.438969 0.356241 0.438370 0.356880 0.438070 0.357944 0.438250 0.359546 0.438070 0.360079 0.438669 0.361889 0.437531 0.362847 0.437471 0.363384 0.437591 0.364449 0.438310 0.364556 0.438190 0.365727 0.438310 0.366898 0.439029 0.367856 0.439570 0.367537 0.440289 0.367005 0.440948 0.367431 0.441906 0.369245 0.442987 0.369778
