6 0.406042 0.373750 0.419844 0.369537 0.425464 0.368194 0.425937 0.368116 0.426120 0.372833 0.419401 0.374583 0.409062 0.377685 0.406198 0.378565 0.405859 0.376171
8 0.475964 0.355648 0.475849 0.353556 0.473349 0.346935 0.470643 0.336500 0.470591 0.333958 0.464263 0.309185 0.463294 0.309912 0.462987 0.310912 0.465487 0.321528 0.470031 0.339856 0.474625 0.355009
8 0.382969 0.328843 0.384549 0.328574 0.399687 0.326301 0.414365 0.324329 0.414797 0.325671 0.414852 0.329130 0.407031 0.329630 0.383854 0.333162
8 0.379896 0.328625 0.379102 0.328958 0.371937 0.329972 0.367294 0.334093 0.368320 0.337264 0.378750 0.334769 0.381534 0.334407
1 0.376977 0.284157 0.383932 0.270546 0.388724 0.261204 0.388680 0.264019 0.384323 0.273009 0.378878 0.282625
6 0.411432 0.299769 0.410312 0.295880 0.410367 0.293491 0.411070 0.292380 0.412422 0.292593 0.414456 0.300343
10 0.574208 0.604324 0.580656 0.613745 0.582161 0.616296 0.583273 0.615106 0.590708 0.625495 0.599385 0.632574 0.602346 0.638019 0.602091 0.639472 0.599341 0.637745 0.595779 0.634301 0.589156 0.628750 0.582784 0.617972 0.578786 0.621861 0.576461 0.621565 0.575180 0.619806 0.573099 0.618750 0.573406 0.604991
2 0.573099 0.618750 0.575180 0.619806 0.576461 0.621565 0.576031 0.624667 0.575661 0.623306 0.573201 0.625782 0.570529 0.624259 0.569013 0.623028 0.566510 0.617546 0.567927 0.616759 0.569935 0.619630 0.572672 0.620449
8 0.502188 0.410000 0.501661 0.409157 0.502023 0.407606 0.502115 0.405194 0.501010 0.402551 0.500888 0.396745 0.504034 0.396384 0.504641 0.406495
8 0.519583 0.412625 0.525336 0.413227 0.525807 0.415218 0.525781 0.417208 0.524945 0.418505 0.523750 0.418458 0.516146 0.417394 0.518385 0.414250
8 0.578568 0.726019 0.582104 0.707648 0.583065 0.707671 0.583464 0.708519 0.583172 0.711329 0.581120 0.723009 0.580219 0.727667 0.579253 0.727449
8 0.577622 0.731208 0.576224 0.735690 0.576456 0.737269 0.577482 0.738097 0.578648 0.736852 0.580143 0.728806
8 0.587630 0.678241 0.585245 0.689227 0.587203 0.690556 0.589167 0.680602
8 0.583359 0.704583 0.585141 0.712306 0.586148 0.718472 0.587198 0.730088 0.588367 0.729514 0.589336 0.730231 0.589214 0.731023 0.587721 0.732884 0.588560 0.741806 0.588385 0.743333 0.589086 0.743310 0.589286 0.742380 0.591424 0.742093 0.592273 0.740657 0.592232 0.739440 0.589529 0.724380 0.588750 0.718981 0.588159 0.714699 0.587997 0.710111 0.586948 0.707097
8 0.581406 0.689537 0.582766 0.697843 0.586745 0.700648 0.585388 0.692486
8 0.578247 0.666500 0.581120 0.685972 0.584896 0.688843 0.582396 0.669676
8 0.604682 0.707412 0.607599 0.713153 0.607990 0.713708 0.607807 0.714681 0.608615 0.716162 0.610177 0.717227 0.611089 0.715838 0.611193 0.714449 0.608979 0.710838 0.608070 0.710111
8 0.603151 0.703287 0.597440 0.693208 0.598039 0.692653 0.608143 0.707412
8 0.577133 0.661338 0.557771 0.645421 0.556966 0.646000 0.556885 0.647574 0.557328 0.649366 0.577083 0.665602 0.583063 0.670167
8 0.576010 0.603023 0.581250 0.610583 0.583411 0.613991 0.583273 0.615106 0.582161 0.616296 0.580656 0.613745 0.574208 0.604324
8 0.566510 0.617546 0.588445 0.665412 0.579635 0.652417 0.568513 0.629315 0.564203 0.618875 0.565578 0.618764
8 0.626797 0.722963 0.636844 0.731708 0.642339 0.735949 0.641458 0.737731 0.629818 0.727963
8 0.509948 0.411528 0.518594 0.412407 0.515208 0.416991 0.510331 0.416292
5 0.602953 0.686699 0.610547 0.697866 0.613409 0.702375 0.614542 0.701606 0.628690 0.722153 0.636844 0.731708 0.642339 0.735949 0.643974 0.727625 0.645125 0.724296 0.638698 0.716157 0.631375 0.710176 0.613779 0.695236 0.605313 0.688843
15 0.566049 0.632296 0.579635 0.652417 0.588445 0.665412 0.610547 0.697866 0.626797 0.722963 0.629818 0.727963 0.637620 0.740287 0.640286 0.743102 0.639393 0.748042 0.635328 0.748213 0.633198 0.746491 0.631070 0.743222 0.631120 0.743273 0.625937 0.735417 0.624122 0.732634 0.618135 0.723190 0.611469 0.712931 0.608143 0.707412 0.598039 0.692653 0.597578 0.691579 0.583063 0.670167 0.582396 0.669676 0.577133 0.661338 0.569398 0.650153 0.560380 0.636903 0.564706 0.635366 0.566036 0.633287
5 0.553646 0.755000 0.557805 0.763213 0.556562 0.764444 0.557214 0.765463 0.559122 0.764713 0.569055 0.781727 0.569055 0.783972 0.567747 0.788532 0.564573 0.792435 0.562846 0.792019 0.560185 0.783556 0.555984 0.766296 0.554401 0.760157
5 0.540638 0.676565 0.539490 0.677431 0.538513 0.677556 0.538617 0.681708 0.542451 0.689083 0.543185 0.689394 0.542732 0.687287 0.543185 0.685116 0.544961 0.685366 0.546602 0.686111 0.546565 0.691750 0.546216 0.692556 0.546536 0.696019 0.554589 0.710037 0.553956 0.707088 0.553682 0.704088 0.555883 0.703287 0.561036 0.703981 0.561096 0.711694 0.556906 0.712231 0.556607 0.713194 0.567036 0.727731 0.573044 0.736912 0.573951 0.736912 0.574961 0.735176 0.577622 0.731208 0.580143 0.728806 0.579253 0.727449 0.578568 0.726019 0.561557 0.700028 0.550755 0.682750 0.545094 0.679139
2 0.620346 0.678509 0.626076 0.676356 0.630313 0.674259 0.634302 0.672125 0.636279 0.672056 0.636805 0.674634 0.637854 0.677287 0.637490 0.678796 0.636482 0.679440 0.634505 0.679153 0.630859 0.681620 0.621833 0.683843
1 0.583604 0.678778 0.583995 0.676153 0.585169 0.673315 0.585714 0.674120 0.584958 0.677171 0.584779 0.679634 0.583906 0.681389
2 0.563549 0.650162 0.563586 0.647926 0.564503 0.646708 0.567094 0.646843 0.569398 0.650153 0.574185 0.658977
2 0.560380 0.636903 0.560167 0.640560 0.559706 0.640852 0.559607 0.644838 0.558451 0.644546 0.556641 0.644486 0.556839 0.642259 0.557646 0.637875
1 0.485521 0.547454 0.486396 0.548056 0.487656 0.549213 0.491516 0.551685 0.494430 0.554468 0.502206 0.562435 0.505661 0.560324 0.505536 0.562921 0.505214 0.563782 0.505091 0.565931 0.504346 0.567463 0.501924 0.569329 0.502409 0.571407 0.503417 0.572912 0.503055 0.574921 0.502229 0.576236 0.501857 0.578644 0.498854 0.575509 0.497865 0.575139 0.495651 0.577130 0.492872 0.573755 0.491904 0.574097 0.490549 0.571690 0.488034 0.567389 0.488130 0.566699 0.485612 0.560852 0.485333 0.559593 0.485615 0.556940
2 0.489083 0.414486 0.489911 0.416009 0.489586 0.418792 0.484026 0.422727 0.482240 0.419884 0.481839 0.418449 0.484141 0.410898 0.486432 0.413042 0.486281 0.415292 0.486763 0.415667 0.488240 0.413579
1 0.447138 0.357546 0.448177 0.357917 0.450010 0.356634 0.449716 0.355685
1 0.403880 0.396667 0.404471 0.393597 0.406711 0.391514 0.409974 0.391157 0.409612 0.391556 0.409661 0.392685 0.406544 0.392667 0.405081 0.394032 0.404557 0.396852
1 0.556589 0.606199 0.557115 0.602125 0.558656 0.597810 0.559357 0.598139 0.559089 0.604028 0.558047 0.610231 0.557383 0.610347
2 0.509023 0.441208 0.508029 0.441102 0.506302 0.445935 0.506432 0.448065 0.507516 0.448653 0.508477 0.448120 0.509695 0.444366 0.509211 0.443407
1 0.505253 0.390662 0.505672 0.387250 0.505156 0.383519 0.504487 0.379630 0.504034 0.378514 0.504219 0.377407 0.505570 0.378472 0.506542 0.383463 0.506596 0.389222 0.505247 0.392199
1 0.493549 0.377440 0.496667 0.378843 0.495990 0.380602 0.494844 0.380139 0.493711 0.379407 0.493549 0.378269
1 0.497148 0.378926 0.499219 0.379491 0.501198 0.379815 0.505052 0.382824 0.505156 0.383519 0.505495 0.385972 0.504583 0.385694 0.501406 0.383657 0.500313 0.383981 0.500052 0.382963 0.498229 0.381806 0.496510 0.381204
2 0.456232 0.371421 0.457383 0.370417 0.458437 0.370694 0.463240 0.372278 0.463310 0.374634 0.462891 0.376120 0.460930 0.375088 0.457664 0.373514 0.457104 0.374009 0.456547 0.374384 0.456594 0.372856
2 0.456492 0.393407 0.454839 0.393537 0.455083 0.399241 0.455919 0.400356 0.458708 0.401222 0.459615 0.401468 0.459789 0.400292 0.460417 0.400417 0.462193 0.394713 0.461846 0.390375 0.460904 0.390375 0.460870 0.387588 0.460034 0.387523 0.459510 0.389074 0.459456 0.390431 0.458375 0.391486 0.457083 0.393343
1 0.415323 0.404361 0.415805 0.406769 0.417013 0.409829 0.417943 0.409875 0.417914 0.408481 0.417010 0.404681 0.416500 0.404602
2 0.353359 0.321250 0.359747 0.317093 0.364974 0.311866 0.377109 0.299338 0.376643 0.297181 0.380237 0.292287 0.380143 0.290375 0.385781 0.285185 0.385583 0.283199 0.386276 0.282718 0.386818 0.283625 0.387518 0.282907 0.388958 0.286787 0.387813 0.285875 0.384016 0.290963 0.383203 0.292463 0.383292 0.294606 0.377495 0.302194 0.375620 0.303028 0.375076 0.305019 0.367776 0.313856 0.360495 0.321491 0.354661 0.324310
2 0.360807 0.306722 0.350823 0.316120 0.351719 0.318472 0.357237 0.312750 0.363255 0.306389
1 0.376073 0.340458 0.374716 0.345921 0.374055 0.346032 0.373812 0.344907 0.375234 0.340185
2 0.423747 0.331644 0.422896 0.331949 0.421878 0.335269 0.421708 0.336778 0.421904 0.339194 0.424167 0.338287
2 0.573500 0.554329 0.569406 0.555338 0.568951 0.558574 0.567927 0.559583 0.565542 0.557560 0.564807 0.558653 0.564005 0.558653 0.563586 0.559398 0.562458 0.559847 0.561458 0.558995 0.560414 0.557824 0.558992 0.556472 0.558570 0.555560 0.558570 0.554287 0.560414 0.553116 0.560232 0.551176 0.559844 0.549315 0.560036 0.548727 0.560982 0.548889 0.562026 0.548727 0.562266 0.547213 0.562164 0.546625 0.560799 0.546120 0.560174 0.545940 0.560607 0.545190 0.561549 0.545352 0.561880 0.545352 0.562641 0.543917 0.563448 0.542319 0.564255 0.541736 0.565812 0.540806 0.566484 0.540301 0.566906 0.539977 0.567234 0.539796 0.567802 0.543593 0.568042 0.544685 0.568143 0.548727 0.568143 0.550083 0.568474 0.551338 0.569133 0.550000 0.569565 0.549579 0.571406 0.549579 0.572305 0.549074 0.573352 0.548222 0.574112 0.547972 0.575896 0.547204 0.578047 0.548060 0.578422 0.548727 0.578047 0.549394 0.576911 0.549394 0.575820 0.548972 0.575159 0.548727 0.573682 0.549903 0.572260 0.551255 0.571977 0.551843 0.572078 0.552347 0.573307 0.552611 0.573591 0.552611
2 0.554589 0.710037 0.555914 0.713088 0.556607 0.713194 0.556906 0.712231 0.561096 0.711694 0.561036 0.703981 0.555883 0.703287 0.553682 0.704088 0.553956 0.707088
2 0.609768 0.723194 0.608695 0.726917 0.606500 0.727370 0.605888 0.729000 0.604156 0.728454 0.600404 0.724727 0.597177 0.725944 0.594958 0.724079 0.593789 0.724653 0.590885 0.722069 0.589245 0.722407 0.588750 0.718981 0.588159 0.714699 0.588688 0.711037 0.590016 0.710310 0.592568 0.714940 0.595477 0.714574 0.596802 0.715028 0.597977 0.714847
1 0.389609 0.255139 0.388724 0.261204 0.388680 0.264019 0.387924 0.265606 0.387018 0.280421 0.387648 0.280667 0.389039 0.278870 0.389737 0.265917
5 0.389583 0.286713 0.389453 0.271319 0.389737 0.265917 0.389609 0.255139 0.391042 0.220472 0.391456 0.201306 0.391911 0.188569 0.393844 0.188569 0.393617 0.199685 0.395320 0.203528 0.397141 0.185741 0.399188 0.185741 0.398505 0.196657 0.403849 0.218486 0.407732 0.223477 0.416802 0.238356 0.417628 0.242287 0.417297 0.248093 0.416693 0.261042 0.416320 0.267005 0.416888 0.270231 0.416281 0.272528 0.416039 0.279125 0.416888 0.279769 0.416805 0.282282 0.411721 0.286366 0.409263 0.291028 0.408174 0.290458 0.408013 0.288880 0.404628 0.288236 0.402826 0.286440 0.401815 0.286491 0.399060 0.281440 0.397221 0.281528 0.397068 0.283343 0.400208 0.288417
2 0.525768 0.623722 0.524583 0.617690 0.524432 0.612880 0.525727 0.611319 0.525104 0.608472 0.526563 0.607792 0.527062 0.609491 0.528625 0.611389 0.529310 0.611792 0.529529 0.613787 0.529224 0.616699 0.530177 0.622870 0.530677 0.623616 0.531104 0.626231 0.529083 0.627653 0.528208 0.626403 0.527214 0.626671 0.525768 0.624847
11 0.364661 0.327704 0.360648 0.327042 0.359388 0.325880 0.354922 0.325139 0.356122 0.328037 0.359716 0.334759 0.383443 0.343023 0.381745 0.335185 0.378750 0.334769 0.368320 0.337264 0.367294 0.334093 0.371937 0.329972
2 0.424167 0.338287 0.422974 0.320157 0.422974 0.303875 0.422495 0.304106 0.422682 0.301991 0.421953 0.301852 0.421893 0.300569 0.421542 0.296343 0.420396 0.269569 0.420539 0.247458 0.419888 0.242463 0.433826 0.224245 0.435396 0.223523 0.455417 0.232144 0.462935 0.235301 0.462661 0.237968 0.463411 0.241736 0.462862 0.253032 0.461221 0.255069 0.453557 0.289644 0.450870 0.306787 0.449841 0.309736 0.449523 0.315782 0.450474 0.319995 0.458138 0.338977 0.461500 0.342870 0.461370 0.357046 0.460531 0.356907 0.460208 0.356065 0.460872 0.353579 0.460839 0.352028 0.459846 0.351009 0.457896 0.350870 0.457826 0.350065 0.458393 0.347282 0.457784 0.345653 0.455458 0.345519 0.455305 0.344574 0.455953 0.342199 0.455458 0.340708 0.453628 0.340574 0.453404 0.340028 0.454396 0.336773 0.454089 0.335690 0.452068 0.334870 0.452711 0.333181 0.452333 0.331352 0.451495 0.331282 0.450008 0.332574 0.446128 0.332269 0.444372 0.333819 0.442276 0.334704 0.442047 0.333894 0.441344 0.334204 0.440898 0.333704 0.440859 0.330977 0.439810 0.331407 0.439792 0.333241 0.436865 0.334278 0.433255 0.335278 0.429828 0.337023
2 0.441281 0.335236 0.441909 0.335977 0.444245 0.335421 0.446091 0.333625 0.447591 0.333560 0.447799 0.334431 0.449927 0.334241 0.451740 0.332815 0.450971 0.334676 0.451146 0.336537 0.453344 0.336782 0.452576 0.340255 0.453099 0.341495 0.454841 0.341741 0.454911 0.343106 0.454284 0.344532 0.454633 0.346019 0.455784 0.347259 0.457177 0.346824 0.457562 0.347690 0.456760 0.349921 0.457422 0.351907 0.459443 0.352338 0.451008 0.354509 0.449716 0.355685 0.447138 0.357546 0.443906 0.356389 0.443617 0.354694 0.440479 0.349801 0.440479 0.336657
2 0.461896 0.259866 0.455901 0.292407 0.452224 0.310042 0.451948 0.311954 0.452089 0.317264 0.456896 0.328380 0.460323 0.336356 0.461372 0.335426 0.461776 0.337866 0.462544 0.337431 0.462987 0.310912 0.463073 0.288148 0.462615 0.268708 0.461911 0.267130 0.462003 0.262486 0.462716 0.259931
1 0.502370 0.435694 0.507891 0.426944 0.510862 0.422921 0.519966 0.410602 0.528698 0.399671 0.537016 0.386583 0.538263 0.384472 0.538872 0.382727 0.539245 0.382810 0.537846 0.394676 0.535326 0.410852 0.532224 0.426097 0.531685 0.425713 0.536081 0.402625 0.537701 0.389667 0.538031 0.386074 0.530242 0.398833 0.518385 0.414250 0.511094 0.424491 0.511094 0.424491 0.508023 0.428333 0.502630 0.437130
2 0.438992 0.381079 0.438992 0.387407 0.437971 0.391935 0.437633 0.395861 0.436953 0.397236 0.436104 0.398444 0.434234 0.397991 0.432112 0.396162 0.430839 0.393611 0.429818 0.389532 0.428885 0.387407 0.427526 0.386500 0.425573 0.382287 0.425997 0.380324 0.426677 0.377759 0.426932 0.376245 0.425742 0.375176 0.426417 0.374046 0.428318 0.375519 0.433026 0.377495 0.433862 0.377560 0.434734 0.378986
2 0.418456 0.378634 0.418625 0.380444 0.418201 0.381653 0.418964 0.382560 0.421089 0.381352 0.421596 0.381954 0.421852 0.384218 0.421852 0.386032 0.420747 0.387088 0.419049 0.388597 0.418115 0.389505 0.416586 0.391315 0.415737 0.391468 0.414156 0.391602 0.413784 0.390412 0.415398 0.388144 0.416417 0.387542 0.417096 0.385731 0.418115 0.384523 0.416841 0.383162 0.416417 0.381653 0.415312 0.381199 0.415654 0.379537 0.417435 0.378481
2 0.620151 0.669903 0.621620 0.660236 0.622005 0.658657 0.625260 0.660972 0.627232 0.662153 0.625721 0.667815 0.624857 0.670986 0.623049 0.670481
2 0.602586 0.617440 0.605570 0.616505 0.606458 0.616505 0.606706 0.618236 0.606344 0.620296 0.605477 0.623509
1 0.526990 0.599991 0.524474 0.588875 0.523292 0.587657 0.522070 0.587727 0.522224 0.589759 0.523596 0.590301 0.524844 0.598241 0.525427 0.598231 0.526380 0.603315 0.527029 0.603583 0.527333 0.603245
1 0.408802 0.299213 0.399060 0.281440 0.397221 0.281528 0.397068 0.283343 0.406615 0.298796
2 0.373984 0.286676 0.372208 0.283458 0.371122 0.279120 0.375612 0.272694 0.381560 0.265588 0.382552 0.265588 0.383695 0.268782 0.383932 0.270546 0.376977 0.284157
2 0.384323 0.273009 0.384893 0.277486 0.378878 0.282625
2 0.412703 0.293708 0.415776 0.289370 0.418490 0.286750 0.419513 0.286644 0.419784 0.287394 0.419302 0.288940 0.416711 0.290921 0.416771 0.292366 0.415326 0.292583 0.414240 0.293278 0.413096 0.295106
2 0.421953 0.301852 0.421893 0.300569 0.416922 0.296231 0.415958 0.296125 0.414872 0.297509 0.414992 0.299171 0.415414 0.300509
1 0.393750 0.297796 0.393841 0.296185 0.397755 0.289463 0.398268 0.289787 0.398419 0.291125 0.397937 0.292625 0.395677 0.296588 0.395227 0.296509 0.394625 0.298009
2 0.398966 0.288236 0.398268 0.289787 0.398419 0.291125 0.398419 0.291125 0.397937 0.292625 0.397794 0.297079 0.398510 0.297204 0.403758 0.298236 0.403888 0.294301 0.400208 0.288417
2 0.402826 0.286440 0.404628 0.288236 0.408003 0.290644 0.407195 0.292819 0.405190 0.292634 0.401815 0.286491
2 0.387648 0.280667 0.383263 0.284162 0.377057 0.290509 0.376935 0.292356 0.377477 0.292838 0.385781 0.285185 0.385583 0.283199 0.386276 0.282718 0.386818 0.283625 0.389529 0.280519 0.389529 0.278699 0.389039 0.278870
1 0.526419 0.519176 0.525372 0.519241 0.524836 0.520352 0.524716 0.521931 0.525802 0.523972 0.533953 0.536412 0.539599 0.546597 0.540878 0.548685 0.543815 0.553685 0.545125 0.553546 0.545047 0.551403 0.539841 0.543296 0.535622 0.535167 0.533948 0.531944 0.533112 0.530273 0.529661 0.524940 0.529417 0.524444
2 0.370586 0.289657 0.364346 0.289903 0.364521 0.293435 0.365078 0.294736 0.366193 0.294676 0.369948 0.290694
2 0.374385 0.289222 0.376060 0.289097 0.377628 0.287921 0.379161 0.287736 0.379336 0.285440 0.381987 0.283537 0.383263 0.284162 0.377057 0.290509 0.376935 0.292356 0.377477 0.292838 0.376479 0.293764 0.375573 0.293394 0.373201 0.294074 0.372398 0.295130 0.368464 0.294398
1 0.346927 0.308426 0.350362 0.307657 0.355810 0.303694 0.356247 0.302481 0.365078 0.294736 0.366193 0.294676 0.369948 0.290694 0.370586 0.289657 0.373984 0.286676 0.376977 0.284157 0.378878 0.282625 0.384893 0.277486 0.387279 0.275741 0.387148 0.277875 0.382214 0.282546 0.374385 0.289222 0.368464 0.294398 0.354115 0.307454 0.350781 0.310185 0.347839 0.310509
2 0.389583 0.286713 0.388958 0.286787 0.387813 0.285875 0.384016 0.290963 0.383203 0.292463 0.383292 0.294606 0.384167 0.296806 0.386909 0.299856 0.387294 0.299167 0.388659 0.295060 0.393841 0.296185 0.397755 0.289463 0.398268 0.289787 0.398966 0.288236
2 0.377495 0.302194 0.379552 0.303583 0.380935 0.303861 0.381245 0.307333 0.380023 0.308537 0.379242 0.309093 0.375076 0.306824 0.375076 0.305019 0.375620 0.303028
2 0.384177 0.305500 0.381245 0.307333 0.380023 0.308537 0.380104 0.309444 0.381112 0.311597 0.383763 0.306463
2 0.379242 0.309093 0.379141 0.310093 0.376875 0.315046 0.376172 0.315139 0.372188 0.310880 0.372812 0.309537 0.374010 0.310833 0.375651 0.307130
1 0.379026 0.325403 0.377042 0.323505 0.373815 0.320352 0.373974 0.319940 0.369859 0.314477 0.369068 0.314769 0.368508 0.315764 0.368880 0.317083 0.374010 0.323750 0.379102 0.328958 0.379896 0.328625
1 0.382969 0.328843 0.382760 0.327917 0.385263 0.320343 0.388086 0.311167 0.389367 0.312106 0.389542 0.314458 0.386807 0.322773 0.384549 0.328574
1 0.377318 0.340833 0.377284 0.343519 0.377615 0.344537 0.373542 0.357130 0.375469 0.357870 0.376984 0.352144 0.379453 0.344537 0.379062 0.343838 0.379141 0.341528
2 0.386807 0.322773 0.387336 0.323713 0.389437 0.327838 0.384549 0.328574
2 0.383391 0.326037 0.382219 0.319083 0.384036 0.317361 0.384250 0.318458 0.384823 0.318380 0.385263 0.320343
2 0.383854 0.333162 0.384375 0.335417 0.391953 0.336667 0.393073 0.334491 0.396797 0.332361 0.397708 0.331065
7 0.363565 0.318000 0.367552 0.325787 0.366049 0.328111 0.364661 0.327704 0.360648 0.327042 0.359388 0.325880 0.354948 0.325278 0.354661 0.324310 0.360495 0.321491
2 0.414865 0.331412 0.414810 0.332519 0.415375 0.334324 0.416391 0.335731 0.417409 0.336736 0.418935 0.336736 0.420008 0.335833 0.421023 0.335130 0.421878 0.335269 0.422896 0.331949 0.423747 0.331644 0.422974 0.320157 0.420023 0.323694 0.419901 0.325995 0.418758 0.327657 0.416617 0.329213
5 0.493711 0.379407 0.494844 0.380139 0.495990 0.380602 0.495253 0.382796 0.495859 0.383440 0.496510 0.381204 0.498229 0.381806 0.500052 0.382963 0.500313 0.383981 0.501406 0.383657 0.504583 0.385694 0.505495 0.385972 0.505672 0.387250 0.505253 0.390662 0.505247 0.392199 0.505542 0.396014 0.504659 0.396236 0.504034 0.396384 0.500888 0.396745 0.501010 0.402551 0.500120 0.400384 0.500151 0.398144 0.500151 0.396519 0.499740 0.396352 0.499393 0.396741 0.499070 0.396782 0.497729 0.396759 0.497398 0.395741 0.492964 0.392968 0.492969 0.389630 0.493630 0.390204 0.495440 0.390954 0.496164 0.388977 0.496195 0.387361 0.494453 0.385648
9 0.621490 0.743912 0.623328 0.744597 0.624427 0.743611 0.624453 0.742222 0.624010 0.741065 0.621536 0.741157 0.620651 0.743472
8 0.538370 0.668875 0.555352 0.679847 0.565599 0.686481 0.582096 0.697347 0.613388 0.719519 0.618135 0.723190 0.624122 0.732634 0.625937 0.735417 0.623638 0.733565 0.614341 0.726454 0.591893 0.710491 0.572464 0.697074 0.562625 0.690181 0.560562 0.690255 0.557781 0.687319 0.545094 0.679139 0.538479 0.675338 0.538432 0.674042
8 0.486719 0.544861 0.490109 0.549380 0.495565 0.552167 0.500911 0.553894 0.494378 0.548134 0.488398 0.542319 0.485417 0.539259 0.485469 0.543704
2 0.590807 0.701574 0.588247 0.699477 0.587734 0.697389 0.586500 0.695144 0.586711 0.693426 0.592526 0.697731
2 0.593464 0.698426 0.591797 0.702500 0.608615 0.716162 0.607807 0.714681 0.607990 0.713708 0.607599 0.713153 0.604682 0.707412
2 0.590885 0.722069 0.593789 0.724653 0.594958 0.724079 0.597177 0.725944 0.600404 0.724727 0.604156 0.728454 0.605003 0.730319 0.604479 0.731824 0.603349 0.731968 0.601901 0.732824 0.601578 0.734426 0.600646 0.735338 0.598630 0.735338 0.593828 0.729815 0.589836 0.725870 0.589529 0.724380 0.589245 0.722407
2 0.408740 0.343532 0.413635 0.335032 0.414750 0.334981 0.415232 0.335944 0.414961 0.337606 0.411917 0.342532
1 0.522005 0.520046 0.525802 0.523972 0.529229 0.531069 0.531771 0.537741 0.532094 0.539819 0.530844 0.541255 0.529594 0.540106 0.529190 0.537597 0.527536 0.531931 0.525479 0.527843 0.522604 0.524167
2 0.508594 0.508194 0.511901 0.511116 0.508609 0.510991
2 0.505224 0.505426 0.502440 0.502921 0.500763 0.500954 0.499846 0.500954 0.499542 0.502921 0.501258 0.504954 0.503393 0.507259 0.505182 0.508519
6 0.494138 0.516963 0.496081 0.515509 0.497266 0.516343 0.501310 0.518917 0.502740 0.520838 0.504797 0.520778 0.505878 0.522079 0.506060 0.529741 0.506068 0.530880 0.503682 0.529750 0.489974 0.519954 0.493203 0.517384 0.494138 0.516963
1 0.435651 0.490231 0.438359 0.495787 0.446641 0.512824 0.448724 0.513148 0.449766 0.510370 0.448281 0.508657 0.443594 0.499907 0.443490 0.499213 0.441810 0.496458 0.440682 0.495093 0.439794 0.494449
1 0.431120 0.481250 0.428880 0.476713 0.429557 0.475000 0.431016 0.474907 0.433255 0.478750 0.436875 0.485833
1 0.506802 0.456662 0.508477 0.448120 0.509695 0.444366 0.511745 0.436898 0.512148 0.434106 0.513875 0.428634 0.515117 0.428153 0.515659 0.429019 0.515659 0.430458 0.515065 0.431222 0.513229 0.439194 0.513391 0.440440 0.512448 0.443194 0.509966 0.451181 0.507135 0.463102
2 0.357057 0.304824 0.359193 0.306722 0.360807 0.306722 0.364943 0.306162 0.365359 0.304542 0.365021 0.301856 0.363927 0.299958 0.362677 0.299681
2 0.361352 0.298014 0.361146 0.296111 0.354721 0.296139 0.354240 0.296944 0.354271 0.300370 0.353758 0.300583 0.354240 0.304176 0.355810 0.303694 0.356247 0.302481
1 0.481570 0.511208 0.478130 0.516384 0.478130 0.517949 0.478615 0.518028 0.479320 0.516620 0.481615 0.513009
10 0.555427 0.636444 0.557646 0.637875 0.564706 0.635366 0.566036 0.633287 0.565997 0.630778 0.564747 0.620093 0.564203 0.618875 0.562599 0.618269 0.556880 0.619880 0.555813 0.620551 0.554125 0.624329
2 0.559680 0.614051 0.566276 0.614491 0.566510 0.617546 0.565578 0.618764 0.564203 0.618875 0.562599 0.618269 0.556880 0.619880 0.555836 0.620560 0.555591 0.617898 0.556448 0.617972 0.557242 0.615731
5 0.538365 0.658921 0.539375 0.658565 0.541747 0.660097 0.542096 0.661028 0.541992 0.662574 0.541435 0.663074 0.538401 0.661648
5 0.372521 0.362653 0.374023 0.366403 0.379206 0.365824 0.378703 0.364093
2 0.543990 0.590199 0.543924 0.595120 0.543672 0.597426 0.543234 0.600315 0.542172 0.602755 0.542112 0.604611 0.544872 0.604042 0.544414 0.599213 0.544529 0.590981
2 0.584669 0.710269 0.582961 0.712500 0.582229 0.716653 0.583974 0.718389 0.585682 0.719565 0.586148 0.718472 0.585141 0.712306
1 0.436875 0.485833 0.433255 0.478750 0.438279 0.477120 0.437719 0.475597 0.436401 0.472843 0.436005 0.473370 0.434521 0.472023 0.434422 0.470560 0.432841 0.470500 0.432643 0.469389 0.432875 0.468921 0.435247 0.468625 0.433930 0.466870 0.433005 0.466458 0.432940 0.465875 0.434227 0.463708 0.434227 0.461306 0.435773 0.460250 0.437125 0.461421 0.437883 0.463588 0.437719 0.466579 0.437917 0.469681 0.440057 0.474194 0.444604 0.473843 0.445727 0.474366 0.445628 0.476241 0.448492 0.476417 0.448659 0.476009 0.449680 0.475597 0.449911 0.478468 0.448758 0.478606 0.447591 0.479847 0.448107 0.481093 0.448945 0.481759 0.449833 0.481343 0.449833 0.480681 0.450635 0.480870 0.451755 0.482569 0.451755 0.484329 0.452414 0.486144 0.452513 0.487139 0.452909 0.486551 0.452844 0.484796 0.453732 0.485088 0.455940 0.483917 0.460883 0.491472 0.465068 0.499264 0.462315 0.502208 0.462315 0.502208 0.461266 0.503069 0.460781 0.504361 0.461065 0.510884 0.459104 0.507819 0.455711 0.507116 0.453732 0.506472 0.452810 0.508227 0.453766 0.509574 0.453865 0.511449 0.453370 0.513088 0.449922 0.515139 0.449766 0.510370 0.448281 0.508657 0.443594 0.499907 0.443490 0.499213 0.441810 0.496458 0.442786 0.495972 0.443786 0.493519 0.443544 0.491366 0.442013 0.489931
2 0.566615 0.656991 0.566086 0.657310 0.566005 0.658528 0.567417 0.659750 0.568909 0.662903 0.571612 0.666560 0.573589 0.666704 0.574273 0.665486 0.574154 0.664481 0.570805 0.661324 0.570685 0.660324
5 0.547990 0.666282 0.557583 0.674972 0.557023 0.675468 0.555352 0.679847 0.544766 0.673009 0.546823 0.669074
2 0.549557 0.660694 0.553654 0.661009 0.554560 0.663861 0.556372 0.663671 0.555292 0.661333 0.551216 0.656028 0.549482 0.654593 0.548474 0.654736 0.548151 0.655810 0.549766 0.658537 0.549846 0.659685
5 0.559943 0.661889 0.562794 0.664917 0.563128 0.664486 0.563096 0.663417 0.562734 0.662343 0.566078 0.662185 0.566141 0.660736 0.565568 0.659773 0.564362 0.655111 0.562474 0.653657 0.561391 0.656495 0.560971 0.658486
2 0.547057 0.643153 0.548031 0.642042 0.548151 0.643380 0.549219 0.642824 0.548695 0.643551 0.549117 0.644963 0.550656 0.646704 0.552943 0.651847 0.556956 0.657324 0.558638 0.659398 0.559010 0.661806 0.559526 0.661833 0.559818 0.665417 0.559971 0.667574 0.559326 0.667574 0.556945 0.664991 0.555292 0.661333 0.551216 0.656028 0.549482 0.654593 0.548474 0.654736 0.548151 0.655810 0.549766 0.658537 0.549846 0.659685 0.548958 0.662694 0.548393 0.663412 0.544740 0.660625 0.545539 0.656005
2 0.538323 0.648722 0.540086 0.650056 0.544141 0.652963 0.543234 0.660569 0.543922 0.663236 0.547990 0.666282 0.546823 0.669074 0.544766 0.673009 0.538370 0.668875 0.538401 0.661648 0.538401 0.661648 0.541435 0.663074 0.541992 0.662574 0.542096 0.661028 0.541747 0.660097 0.539375 0.658565 0.538365 0.658921
2 0.562792 0.649440 0.563070 0.645792 0.562138 0.645458 0.558451 0.644546 0.554857 0.644380 0.550182 0.643333 0.549219 0.642824 0.548695 0.643551 0.549117 0.644963 0.550656 0.646704 0.552943 0.651847 0.556956 0.657324 0.558638 0.659398 0.559010 0.661806 0.559943 0.661889 0.560971 0.658486 0.561391 0.656495 0.562510 0.653588 0.557328 0.649366 0.556885 0.647574 0.556966 0.646000 0.557771 0.645421
1 0.593620 0.695509 0.595284 0.692319 0.597578 0.691579 0.598039 0.692653 0.597440 0.693208 0.596195 0.693431 0.594687 0.696347 0.594260 0.695972
1 0.593464 0.698426 0.591224 0.703796 0.590130 0.703056 0.592526 0.697731
5 0.563003 0.676764 0.571518 0.690375 0.565599 0.686481 0.563339 0.685051 0.563339 0.685051 0.563495 0.680931
5 0.558115 0.694537 0.560943 0.699032 0.566406 0.699861 0.569156 0.698782 0.570557 0.697375 0.572464 0.697074 0.562625 0.690181 0.561906 0.690231 0.561786 0.691593 0.559891 0.694106
2 0.546232 0.596352 0.548833 0.598282 0.548901 0.599921 0.548372 0.600685 0.548570 0.602324 0.549164 0.603088 0.546602 0.603542 0.546156 0.599620 0.546156 0.599620
5 0.555352 0.679847 0.557023 0.675468 0.558656 0.673894 0.560630 0.674681 0.560057 0.675699 0.559146 0.677968 0.556388 0.680468
2 0.530177 0.622870 0.529224 0.616699 0.529529 0.613787 0.529148 0.610532 0.528536 0.606060 0.527854 0.603417 0.528307 0.600296 0.531167 0.600704 0.532198 0.602060 0.532133 0.607773 0.532505 0.622875 0.531630 0.623681 0.530677 0.623616
2 0.556388 0.680468 0.559146 0.677968 0.560057 0.675699 0.560630 0.674681 0.563003 0.676764 0.563495 0.680931 0.563339 0.685051
2 0.550755 0.682750 0.558115 0.694537 0.559891 0.694106 0.561786 0.691593 0.561906 0.690231 0.560562 0.690255 0.557781 0.687319
2 0.574031 0.709856 0.574448 0.711199 0.575594 0.712356 0.576089 0.711384 0.576557 0.709532 0.577677 0.708745 0.577651 0.707681 0.576896 0.706569 0.575802 0.705597 0.575568 0.703792 0.574839 0.702866 0.573120 0.703190 0.573016 0.703977 0.571557 0.704208 0.571505 0.707125 0.573172 0.707032 0.573203 0.709769
2 0.588385 0.743333 0.588786 0.747028 0.589388 0.748421 0.590414 0.748208 0.591951 0.756884 0.592844 0.760083 0.593133 0.756644 0.595456 0.752514 0.596258 0.751634 0.595083 0.749065 0.593034 0.749759 0.591951 0.743065 0.591424 0.742093 0.589286 0.742380 0.589086 0.743310
2 0.575706 0.746958 0.574560 0.753301 0.574951 0.753579 0.574794 0.755569 0.574456 0.755477 0.574586 0.760292 0.575992 0.763718 0.576773 0.764921 0.577763 0.765014 0.579456 0.761171 0.582268 0.755523 0.582656 0.754352 0.583125 0.753565 0.585289 0.750153 0.586872 0.745861 0.588560 0.741806 0.588044 0.736139 0.586221 0.734611 0.576065 0.746542
2 0.576172 0.744259 0.576299 0.740222 0.577482 0.738097 0.578648 0.736852 0.581622 0.732120 0.583276 0.732264 0.584648 0.733407 0.578258 0.742060
7 0.592359 0.830968 0.609276 0.814690 0.614648 0.809801 0.621333 0.802690 0.626133 0.796556 0.614617 0.793977 0.613940 0.792083 0.611521 0.792431 0.609971 0.793634 0.603779 0.792255 0.603586 0.793463 0.604167 0.793977 0.602810 0.801889 0.600487 0.810148 0.598263 0.814796 0.596906 0.819097 0.593133 0.827699
2 0.567794 0.759236 0.565836 0.759181 0.565203 0.758431 0.562857 0.760981 0.562271 0.761546 0.563115 0.762935 0.563206 0.764866 0.563927 0.766042 0.565706 0.766042 0.566437 0.764644 0.566589 0.762287 0.568096 0.761111
2 0.569602 0.753611 0.569271 0.760736 0.570836 0.763093 0.570656 0.764218 0.569180 0.765718 0.568878 0.766736 0.566919 0.767593 0.566346 0.766412 0.566437 0.764644 0.566589 0.762287 0.568096 0.761111 0.567794 0.759236 0.565836 0.759181 0.565203 0.758431
2 0.565203 0.755907 0.565263 0.752213 0.568990 0.751935
2 0.545086 0.700417 0.543151 0.696472 0.541979 0.695250 0.539964 0.695250 0.538622 0.696815 0.538552 0.701847 0.539922 0.701704 0.542747 0.705722 0.544562 0.705005 0.548474 0.708875 0.550654 0.710023 0.550208 0.717912 0.551620 0.718699 0.551862 0.720134 0.557021 0.721843 0.556943 0.718694 0.557388 0.718699 0.557227 0.715759 0.557672 0.714616 0.556607 0.713194 0.555914 0.713088 0.554589 0.710037 0.549685 0.701560 0.548839 0.702278 0.548596 0.703282 0.547628 0.702495 0.547344 0.701421 0.546820 0.700630
2 0.546536 0.696019 0.546862 0.698551 0.547628 0.699699 0.546820 0.700630 0.545086 0.700417 0.544240 0.697403 0.542828 0.691593 0.540971 0.691593 0.540852 0.690375 0.541013 0.688366 0.542451 0.689083 0.543185 0.689394 0.542732 0.687287 0.543185 0.685116 0.544961 0.685366 0.546602 0.686111 0.546565 0.691750 0.546216 0.692556
2 0.575547 0.744954 0.573661 0.742755 0.561807 0.729810 0.560414 0.730986 0.558484 0.734847 0.558555 0.736894 0.560089 0.738380 0.559844 0.741106 0.559646 0.742269 0.568990 0.751935
10 0.551612 0.733199 0.555208 0.732991 0.558484 0.734847 0.558555 0.736894 0.560089 0.738380 0.559844 0.741106 0.559042 0.746440 0.557299 0.749537 0.556323 0.751333 0.553987 0.749102 0.551443 0.748111 0.549479 0.741065 0.549701 0.738097 0.550539 0.735194
2 0.546992 0.732370 0.549466 0.729634 0.550260 0.729551 0.551612 0.733199 0.550539 0.735194 0.549701 0.738097 0.549479 0.741065
2 0.560807 0.724213 0.559651 0.724296 0.557151 0.723509 0.557021 0.721843 0.556943 0.718694 0.560599 0.718843 0.561318 0.719759 0.560823 0.721889
2 0.570312 0.821620 0.575529 0.821301 0.581792 0.824468 0.586383 0.829463 0.588435 0.834551 0.581073 0.842537 0.579398 0.841060 0.577143 0.838083 0.574719 0.839120
2 0.629818 0.727963 0.637620 0.740287 0.640286 0.743102 0.641089 0.740644 0.641458 0.737731
2 0.503055 0.574921 0.502229 0.576236 0.501857 0.578644 0.505130 0.582963 0.505823 0.582875 0.506057 0.580801 0.506570 0.579639 0.506039 0.578940 0.505354 0.579227 0.504589 0.577287
1 0.547234 0.632801 0.545297 0.644023 0.544935 0.648250 0.544846 0.650995 0.544141 0.652963 0.543234 0.660569 0.543922 0.663236 0.551982 0.669347 0.564789 0.677343 0.593255 0.698241 0.608070 0.710111 0.611469 0.712931 0.608143 0.707412 0.594260 0.695972 0.572937 0.679778 0.557031 0.669259 0.549008 0.663847 0.544740 0.660625 0.545539 0.656005 0.547057 0.643153 0.547776 0.638912 0.547591 0.636676
2 0.386615 0.344537 0.389380 0.355616 0.393026 0.356472 0.393417 0.355773 0.394622 0.356148 0.394591 0.357222 0.395857 0.357491 0.401888 0.357856 0.402680 0.356116 0.404919 0.355019 0.404128 0.352731 0.405977 0.350954 0.400755 0.349306
2 0.370234 0.357824 0.373542 0.357130 0.375469 0.357870 0.379318 0.360366 0.383125 0.366806 0.390065 0.384653 0.390549 0.387995 0.394516 0.395130 0.397133 0.399699 0.397826 0.403722 0.400198 0.412940 0.393576 0.398745 0.389013 0.391306 0.384219 0.377917 0.380443 0.370278 0.378703 0.364093 0.372521 0.362653
1 0.529740 0.659116 0.534089 0.659352 0.534193 0.662963 0.531138 0.662602
1 0.533714 0.631731 0.533380 0.640935 0.533651 0.642375 0.533651 0.646889 0.534336 0.666778 0.534552 0.681657 0.534229 0.683194 0.538622 0.696815 0.538940 0.695144 0.538432 0.674042 0.538323 0.648722 0.538177 0.644028 0.537797 0.637694 0.538174 0.635963 0.537206 0.629343
2 0.525211 0.657755 0.526135 0.657324 0.527911 0.657324 0.529206 0.657755 0.532555 0.666014 0.533258 0.665630 0.534336 0.666778 0.534552 0.681657 0.534229 0.683194 0.529964 0.669083 0.528180 0.668602
1 0.524896 0.641389 0.526135 0.657324 0.527911 0.657324 0.526888 0.646273 0.526875 0.642731
2 0.538177 0.644028 0.541802 0.645116 0.544935 0.648250 0.544846 0.650995 0.544141 0.652963 0.540086 0.650056 0.538323 0.648722
2 0.523409 0.634046 0.518430 0.630856 0.509836 0.624903 0.507406 0.623273 0.511078 0.631431 0.521771 0.639403 0.528521 0.643815 0.533651 0.646889 0.533651 0.642375 0.533380 0.640935 0.532318 0.639722 0.526284 0.636125 0.523997 0.635458
5 0.528802 0.634880 0.530339 0.636898 0.531484 0.637083 0.532083 0.636528 0.532135 0.634537 0.531667 0.632963
5 0.524562 0.622065 0.525768 0.623722 0.525768 0.624847 0.527214 0.626671 0.528208 0.626403 0.530599 0.630000 0.527333 0.632185 0.525208 0.631134
5 0.517148 0.612208 0.522125 0.619116 0.522878 0.627954 0.512659 0.614884
5 0.499232 0.588551 0.506250 0.599111 0.516693 0.611389 0.511927 0.613935 0.501932 0.600454 0.496029 0.592977 0.496161 0.590958
17 0.509771 0.564852 0.510294 0.564718 0.510578 0.566157 0.511831 0.566097 0.513482 0.564287 0.515297 0.566287 0.516708 0.568306 0.517958 0.571167 0.518565 0.572463 0.519839 0.590296 0.519193 0.592880 0.515927 0.596681 0.509271 0.587856 0.508948 0.586782 0.509068 0.584560 0.510253 0.583847
2 0.506182 0.566005 0.505091 0.565931 0.504346 0.567463 0.501924 0.569329 0.502409 0.571407 0.503417 0.572912 0.503055 0.574921 0.504589 0.577287 0.505354 0.579227 0.506039 0.578940 0.507047 0.580370 0.506786 0.571889 0.506505 0.571093
2 0.519206 0.554278 0.520174 0.554278 0.521948 0.555282 0.523763 0.555713 0.523966 0.553630 0.523401 0.551338 0.523724 0.547176 0.523724 0.545815 0.522135 0.544574 0.522047 0.543796 0.520721 0.542866 0.520156 0.542407 0.520156 0.542407 0.519245 0.542407 0.518279 0.542657 0.518854 0.549676
2 0.509323 0.537593 0.509367 0.545787 0.514208 0.551083 0.515599 0.552264 0.516729 0.551977 0.516169 0.542343 0.516169 0.542343 0.515607 0.541843 0.515576 0.539986 0.516042 0.539259 0.514792 0.538852 0.513742 0.537954 0.512284 0.539111 0.511138 0.539111 0.510513 0.536009
2 0.509479 0.556204 0.511310 0.553699 0.512797 0.553380 0.514047 0.553667 0.514727 0.553764 0.515318 0.557231 0.515247 0.559463 0.514167 0.562255 0.513401 0.563801 0.512703 0.563616 0.511589 0.561898 0.511831 0.566097 0.510578 0.566157 0.510122 0.563741 0.509740 0.563287
2 0.509367 0.545787 0.514208 0.551083 0.514289 0.552375 0.514047 0.553667 0.512797 0.553380 0.512232 0.552097 0.509367 0.549514
2 0.501016 0.536940 0.500081 0.536833 0.499810 0.537208 0.494898 0.533514 0.493935 0.533190 0.493661 0.534852 0.497792 0.537528 0.498604 0.540370 0.504208 0.545296 0.506198 0.544440 0.506133 0.542722 0.505172 0.542403 0.502552 0.539889 0.500984 0.537639
5 0.448568 0.517500 0.454258 0.527301 0.454643 0.529708 0.492872 0.596292 0.495969 0.593713 0.496161 0.590958 0.499742 0.588208 0.496646 0.582356 0.495969 0.580120 0.494419 0.579088 0.494419 0.577366 0.492872 0.573755 0.491904 0.574097 0.490549 0.571690 0.488034 0.567389 0.488130 0.566699 0.485612 0.560852 0.485333 0.559593 0.483190 0.560759 0.482117 0.559093 0.481979 0.552949 0.476872 0.541912 0.474734 0.536463 0.472677 0.532375 0.472742 0.530741 0.468607 0.522431 0.467961 0.522431 0.464654 0.516620 0.461065 0.510884 0.459104 0.507819 0.455711 0.507116 0.453732 0.506472 0.452810 0.508227 0.453766 0.509574 0.453865 0.511449 0.453370 0.513088 0.449922 0.515139 0.449714 0.517269
2 0.478190 0.479847 0.479549 0.480097 0.479766 0.484120 0.479271 0.485139 0.479818 0.486157 0.481146 0.486204 0.480893 0.478273
2 0.483854 0.476019 0.484258 0.483491 0.486516 0.481125 0.488542 0.478657 0.488185 0.475986
2 0.475885 0.487065 0.474107 0.488778 0.477060 0.489421 0.477844 0.487764
2 0.476477 0.485699 0.477161 0.482037 0.478190 0.479847 0.479549 0.480097 0.479766 0.484120 0.478586 0.486440 0.477602 0.486153
1 0.484471 0.487310 0.486693 0.488704 0.489823 0.487824 0.489911 0.489852 0.488831 0.490778 0.485156 0.490231 0.485391 0.488333 0.484505 0.488056
2 0.474734 0.536463 0.472677 0.532375 0.472839 0.529866 0.474492 0.528792 0.477276 0.527787 0.482055 0.528028 0.482076 0.537755 0.481430 0.538685 0.479857 0.538185 0.479495 0.538759 0.478083 0.538685 0.477760 0.540694 0.476872 0.541912
2 0.519214 0.530514 0.518401 0.530139 0.517917 0.530407 0.517581 0.527426 0.516393 0.526694 0.514786 0.526870 0.514893 0.528671 0.514036 0.527778 0.511958 0.526509 0.511643 0.524968 0.510284 0.522171 0.508784 0.522116 0.509096 0.519458 0.510208 0.519167 0.511745 0.520509 0.515130 0.522037 0.518698 0.523102 0.518612 0.524676 0.518672 0.528380
2 0.508784 0.522116 0.510284 0.522171 0.511643 0.524968 0.511958 0.526509 0.510518 0.525727 0.509167 0.525417 0.508589 0.524343
2 0.509323 0.537593 0.510513 0.536009 0.511138 0.539111 0.512284 0.539111 0.513742 0.537954 0.509266 0.533903 0.509312 0.534500
2 0.506068 0.530880 0.506133 0.542722 0.505172 0.542403 0.502552 0.539889 0.500984 0.537639 0.500622 0.529333 0.500773 0.527940 0.503706 0.529907
5 0.549591 0.565773 0.549635 0.571046 0.550203 0.577176 0.548570 0.574102 0.546703 0.571866 0.546901 0.563611
5 0.538516 0.557546 0.539271 0.557778 0.545104 0.562037 0.544904 0.569102
5 0.530844 0.568315 0.529771 0.571134 0.529536 0.574037 0.529771 0.578019 0.529117 0.578935 0.527716 0.578769 0.527250 0.580426 0.528464 0.581838 0.527297 0.584162 0.527904 0.586069 0.529911 0.588060 0.531826 0.588972 0.533318 0.588806 0.534578 0.590630 0.537471 0.590551 0.540693 0.588806 0.542044 0.587477 0.540466 0.585097 0.538341 0.579542 0.536469 0.577431
2 0.545878 0.516426 0.546891 0.518407 0.547578 0.521204 0.548750 0.525958 0.549810 0.526431 0.549677 0.527843 0.552766 0.535056 0.548919 0.536333 0.548169 0.533778 0.546672 0.533000 0.545958 0.524708
2 0.540445 0.520130 0.536151 0.520713 0.535451 0.521875 0.534844 0.525356 0.535586 0.526245 0.535964 0.530421 0.537458 0.530088 0.538297 0.529176 0.542872 0.529009 0.543901 0.527995 0.543812 0.526273 0.543812 0.526273 0.543646 0.518843 0.542742 0.519403 0.541102 0.519588 0.541286 0.520273 0.542810 0.526144 0.542318 0.527069 0.541589 0.524569 0.541344 0.522616
2 0.543901 0.527995 0.540948 0.531213 0.537904 0.535134 0.537630 0.535648 0.539240 0.537157 0.541154 0.539731 0.544701 0.541968 0.544612 0.540528 0.544299 0.532477
2 0.547578 0.521204 0.548750 0.525958 0.549810 0.526431 0.549677 0.527843 0.552766 0.535056 0.554927 0.535917 0.558234 0.529097 0.558057 0.527764 0.555940 0.523921 0.554440 0.523449 0.554089 0.521565 0.551440 0.516310 0.550294 0.516157 0.549573 0.518657 0.549190 0.520329
2 0.535622 0.535167 0.536529 0.534671 0.539240 0.537157 0.541154 0.539731 0.544701 0.541968 0.545047 0.551403 0.539841 0.543296
2 0.528203 0.528889 0.529375 0.529532 0.533953 0.536412 0.534635 0.537685 0.539599 0.546597 0.540878 0.548685 0.531945 0.542134 0.531945 0.542134 0.530844 0.541255 0.532076 0.539792 0.531771 0.537741 0.529229 0.531069
2 0.525479 0.527843 0.522799 0.525583 0.523003 0.526861 0.523281 0.534676 0.529594 0.540106 0.529190 0.537597 0.527536 0.531931
2 0.517872 0.532065 0.517917 0.530407 0.518401 0.530139 0.519214 0.530514 0.518672 0.528380 0.518612 0.524676 0.518698 0.523102 0.518594 0.521250 0.519529 0.524153 0.520328 0.532639
2 0.517898 0.532639 0.517786 0.536713 0.519245 0.542407 0.520156 0.542407 0.520721 0.542866 0.520625 0.541620
2 0.508953 0.514319 0.509036 0.517500 0.510208 0.519167 0.511745 0.520509 0.515130 0.522037 0.518698 0.523102 0.518594 0.521250 0.517872 0.518894 0.517872 0.518894 0.516437 0.518009 0.511568 0.514537
2 0.546536 0.622907 0.547591 0.636676 0.548151 0.643380 0.549219 0.642824 0.550182 0.643333 0.548794 0.628218 0.548190 0.621736
2 0.546302 0.619472 0.544414 0.599213 0.544682 0.578958 0.545104 0.562037 0.545104 0.555370 0.545125 0.554509 0.545125 0.553546 0.545047 0.551403 0.544612 0.540528 0.544299 0.532477 0.543812 0.526273 0.543646 0.518843 0.543826 0.505884 0.543826 0.505884 0.544023 0.495306 0.544953 0.494009 0.545883 0.494870 0.546146 0.508287 0.545878 0.516426 0.545958 0.524708 0.546799 0.534579 0.546016 0.535000 0.546391 0.552032 0.546427 0.553579 0.547125 0.553644 0.546875 0.557407 0.546901 0.563611 0.546573 0.584681 0.546156 0.599620 0.548156 0.618148
2 0.546146 0.508287 0.549156 0.515870 0.549573 0.518657 0.549190 0.520329 0.547578 0.521204 0.546891 0.518407 0.545878 0.516426
2 0.539115 0.513019 0.540753 0.511593 0.541729 0.514194 0.542357 0.516278 0.543646 0.518843 0.542742 0.519403 0.541102 0.519588
2 0.533242 0.510111 0.536208 0.509991 0.536346 0.511792 0.537393 0.513153 0.538266 0.514394 0.538195 0.515634 0.536417 0.517120 0.530594 0.516065 0.531185 0.514056
5 0.521625 0.509106 0.523385 0.513537 0.525617 0.515333 0.528232 0.517255 0.529693 0.519074 0.531185 0.514056 0.533242 0.510111 0.535615 0.502824 0.534284 0.494579 0.532953 0.484681 0.532289 0.486912 0.531005 0.488611 0.530211 0.488435 0.529484 0.490009 0.529221 0.492764 0.525828 0.498856
5 0.523620 0.480139 0.523628 0.481481 0.522740 0.481699 0.522859 0.483852 0.522456 0.484995 0.522013 0.484995 0.520279 0.492097 0.520198 0.493676 0.520359 0.499338 0.520560 0.506222 0.522729 0.501023 0.524937 0.496162 0.528760 0.489833 0.529258 0.487148 0.529190 0.485560 0.529190 0.485560 0.524708 0.481407
5 0.518247 0.465301 0.518281 0.464125 0.523302 0.462079 0.524695 0.461333 0.524242 0.460593 0.524940 0.459907 0.525534 0.461148 0.526195 0.460713 0.526404 0.461708 0.526893 0.461458 0.526753 0.458171 0.527521 0.456005 0.528951 0.455509 0.531042 0.460093 0.532193 0.461954 0.532714 0.464806 0.535398 0.472181 0.538362 0.477509 0.538013 0.478810 0.538672 0.483148 0.538281 0.484949 0.537411 0.485134 0.537794 0.489412 0.538312 0.492542 0.536646 0.492634 0.536685 0.497218 0.536146 0.501667 0.534036 0.486954 0.533716 0.481648 0.533013 0.481347 0.531664 0.480931 0.530641 0.481231 0.530180 0.479944 0.523427 0.473727 0.520188 0.469796 0.519807 0.467694
1 0.518135 0.472444 0.517617 0.473093 0.517133 0.478185 0.516526 0.482056 0.516729 0.484065 0.517414 0.481338 0.517898 0.476968 0.519836 0.477685 0.520560 0.480338 0.520479 0.481269 0.520844 0.481769 0.521044 0.483565 0.519352 0.492454 0.519229 0.493602 0.520198 0.493676 0.520279 0.492097 0.522013 0.484995 0.522456 0.484995 0.522859 0.483852 0.522740 0.481699 0.523628 0.481481 0.523620 0.480139 0.520279 0.476343
1 0.543646 0.518843 0.542357 0.516278 0.542044 0.511324 0.540927 0.503208 0.540232 0.502773 0.540057 0.500046 0.538312 0.492542 0.537794 0.489412 0.537411 0.485134 0.538281 0.484949 0.540654 0.494431 0.540234 0.492139 0.539711 0.489782 0.539294 0.484639 0.539677 0.482843 0.540339 0.481602 0.541734 0.483958 0.542013 0.492880 0.542570 0.493625 0.542990 0.499574 0.542711 0.503282 0.543826 0.505884
2 0.533948 0.531944 0.533112 0.530273 0.529661 0.524940 0.529417 0.524444 0.526419 0.519176 0.525372 0.519241 0.523141 0.517194 0.522271 0.515088 0.523385 0.513537 0.525617 0.515333 0.528232 0.517255 0.531370 0.521097 0.535586 0.526245 0.536214 0.532750 0.536737 0.533435 0.536529 0.534671 0.535622 0.535167
2 0.507401 0.467458 0.509458 0.466847 0.510755 0.471727 0.511289 0.473963 0.510641 0.477625 0.508734 0.478032 0.507630 0.477963 0.507333 0.476292
2 0.514289 0.434532 0.515471 0.438597 0.518750 0.442120 0.519359 0.444019 0.519169 0.447477 0.517872 0.453440 0.517224 0.454255 0.515206 0.454255 0.513643 0.453315 0.512953 0.451981 0.512516 0.449542 0.513141 0.448310 0.512448 0.443194 0.513391 0.440440 0.513229 0.439194
1 0.507708 0.483333 0.510297 0.485370 0.513435 0.488653 0.514448 0.490352 0.515945 0.492435 0.514794 0.492310 0.513260 0.491259 0.513052 0.490144 0.509112 0.485556 0.507682 0.485000
1 0.494661 0.491713 0.498904 0.486278 0.500701 0.484889 0.502185 0.483731 0.504453 0.483472 0.504505 0.485231 0.502602 0.485491 0.501924 0.485259 0.501273 0.485815 0.501195 0.486324 0.498357 0.489148 0.496299 0.491324 0.495857 0.491880
1 0.489828 0.498931 0.486440 0.503741 0.487083 0.504769 0.489372 0.501713 0.490482 0.500245 0.490510 0.499282 0.490341 0.498829
2 0.508609 0.510991 0.515573 0.511204 0.517034 0.511606 0.517383 0.514829 0.515151 0.514764 0.508953 0.514319 0.508367 0.513037
2 0.486094 0.518259 0.484958 0.516829 0.485099 0.522079 0.487680 0.520343 0.489974 0.519954 0.493203 0.517384 0.494138 0.516963 0.496081 0.515509 0.496047 0.515509 0.501065 0.515139 0.505388 0.515014 0.505323 0.514361 0.506052 0.513074 0.505930 0.511282 0.505180 0.510949 0.499917 0.511106 0.497573 0.511366 0.495385 0.511921 0.494182 0.512745 0.493492 0.514042 0.488146 0.517681 0.486904 0.518449
1 0.476474 0.508162 0.481542 0.510597 0.481570 0.511208 0.480586 0.512676 0.476956 0.510815 0.475786 0.509667
1 0.537193 0.555574 0.538068 0.555574 0.539443 0.556681 0.542065 0.556241 0.543815 0.553685 0.545125 0.553546 0.545125 0.554509 0.543982 0.554306 0.542130 0.557343 0.540354 0.557222 0.539271 0.557778 0.538516 0.557546
5 0.546875 0.557407 0.547534 0.560069 0.548964 0.563292 0.549701 0.563912 0.549591 0.565773 0.546901 0.563611
5 0.539271 0.557778 0.540354 0.557222 0.542130 0.557343 0.543982 0.554306 0.545104 0.555370 0.545104 0.562037
1 0.456380 0.450685 0.457240 0.450120 0.458862 0.448986 0.459102 0.448505 0.459977 0.448394 0.459977 0.449843 0.456451 0.451931
5 0.434227 0.461306 0.434234 0.457500 0.435070 0.457310 0.434966 0.455824 0.434164 0.455454 0.434026 0.453903 0.433643 0.453157 0.434409 0.451856 0.437826 0.454088 0.437302 0.457931 0.437094 0.458056 0.437125 0.461421 0.435773 0.460250
2 0.428151 0.455324 0.426167 0.452634 0.425503 0.451023 0.423169 0.449162 0.422857 0.447796 0.422297 0.447181 0.420622 0.448481 0.420974 0.450588 0.422857 0.452324 0.423375 0.453065 0.423659 0.454986 0.426378 0.457778 0.428177 0.458194
1 0.451141 0.453565 0.451745 0.453208 0.455849 0.450806 0.455997 0.451926 0.455221 0.452787 0.453758 0.455579 0.451987 0.455574
1 0.456659 0.455333 0.456380 0.450685 0.455891 0.446412 0.455263 0.446472 0.455299 0.447588 0.455997 0.451926 0.455891 0.455829 0.456349 0.455231
5 0.439656 0.452347 0.437305 0.448139 0.435490 0.443264 0.438427 0.440463 0.440484 0.439079 0.440654 0.439532 0.439010 0.440602 0.439935 0.449616 0.439589 0.451106
2 0.423047 0.454907 0.425232 0.464315 0.426073 0.464731 0.425979 0.466806 0.429940 0.474995 0.429557 0.475000 0.428880 0.476713 0.421685 0.460856 0.419818 0.455606 0.421979 0.455972 0.422169 0.454532
5 0.420000 0.438171 0.419419 0.439278 0.419070 0.442250 0.419698 0.444606 0.420568 0.445042 0.421302 0.446713 0.422138 0.445782 0.421930 0.443616 0.422661 0.443551 0.422695 0.444481 0.426078 0.445782 0.429599 0.447644 0.433294 0.449750 0.433956 0.451486 0.437826 0.454088 0.439289 0.453963 0.435909 0.447273 0.434758 0.444074 0.433427 0.444537 0.431760 0.443750 0.430174 0.443708 0.429938 0.444074 0.428844 0.444120 0.428299 0.443060 0.428247 0.440463 0.427977 0.439083 0.426805 0.438764 0.425997 0.438486 0.425815 0.436727 0.422487 0.435435 0.420604 0.435060 0.420607 0.437380
7 0.474807 0.493796 0.470341 0.491454 0.468607 0.494394 0.466188 0.496972 0.466188 0.497977 0.462315 0.502208 0.461266 0.503069 0.460781 0.504361 0.461065 0.510884 0.464654 0.516620 0.467961 0.522431 0.468607 0.522431 0.472802 0.517194 0.472802 0.513468 0.475263 0.510884 0.476474 0.508162 0.481542 0.510597 0.482336 0.510852 0.482479 0.509352 0.481497 0.508685 0.481229 0.503731 0.482273 0.502532 0.482216 0.500769 0.481747 0.500634 0.481617 0.499157 0.482167 0.499056 0.482117 0.498269 0.481568 0.498134 0.479333 0.496616
2 0.412198 0.431060 0.420646 0.433940 0.420607 0.437380 0.420000 0.438171 0.417016 0.437597 0.416531 0.436593 0.410234 0.435648 0.408565 0.429843
5 0.475292 0.458069 0.477997 0.453588 0.479651 0.454792 0.480826 0.456477 0.476393 0.459380 0.476112 0.457968
11 0.471224 0.489167 0.472917 0.488565 0.481479 0.490310 0.481526 0.496694 0.479333 0.496616 0.474807 0.493796 0.474948 0.492361
1 0.485391 0.488333 0.477602 0.486153 0.470789 0.483417 0.468081 0.482088 0.458372 0.480097 0.452633 0.479269 0.452633 0.478106 0.448758 0.478606 0.447591 0.479847 0.448107 0.481093 0.448945 0.481759 0.449833 0.481343 0.449833 0.480681 0.462013 0.483417 0.466167 0.483667 0.467943 0.484491 0.479841 0.488394 0.482734 0.489472 0.483250 0.490634 0.485156 0.490231
2 0.474617 0.425981 0.473971 0.427917 0.474094 0.429278 0.475505 0.430569 0.476633 0.433296 0.479701 0.433727 0.481820 0.435477 0.482615 0.437134 0.484341 0.438046 0.484247 0.437051 0.483547 0.435394 0.483211 0.433120 0.483370 0.431694 0.487245 0.431977 0.487245 0.431042 0.483630 0.429407 0.484581 0.426194 0.484458 0.423255 0.482240 0.419884 0.478570 0.421102 0.477763 0.418667 0.476513 0.418093 0.474094 0.418736 0.473771 0.422394 0.473367 0.422468 0.473164 0.423972
1 0.451497 0.409403 0.451706 0.413014 0.452409 0.413199 0.452383 0.410468 0.452357 0.409449
1 0.450990 0.403750 0.450846 0.397968 0.451484 0.397963 0.451706 0.403847
2 0.424036 0.420588 0.425763 0.422667 0.428099 0.423597 0.431411 0.421181 0.432526 0.417088 0.432456 0.415477 0.431740 0.415616 0.429844 0.420065 0.428271 0.418056 0.427503 0.417194 0.425810 0.418130 0.424557 0.417361
2 0.423953 0.415472 0.426294 0.413468 0.426536 0.414542 0.424557 0.417361
2 0.417013 0.409829 0.418385 0.410787 0.419661 0.410926 0.420161 0.412245 0.423953 0.415472 0.424557 0.417361 0.424036 0.420588 0.421563 0.420528 0.420513 0.421611 0.418740 0.416718 0.417479 0.413810
2 0.404096 0.407264 0.405143 0.402060 0.407164 0.400671 0.412721 0.403639 0.412323 0.407204 0.409638 0.408421 0.407917 0.408102 0.406513 0.409500 0.404693 0.407671
5 0.469859 0.344241 0.470664 0.348750 0.471083 0.352917 0.469953 0.353630 0.470438 0.355065 0.471487 0.355569 0.470802 0.358653 0.467852 0.364958 0.462513 0.363069 0.463203 0.360509 0.463190 0.359042 0.462846 0.358120 0.464365 0.352079 0.465378 0.348866 0.467328 0.348481 0.469062 0.345912
2 0.469714 0.338630 0.469281 0.339870 0.469859 0.344241 0.471005 0.348051 0.471083 0.352917 0.472214 0.353704 0.472333 0.354921 0.473305 0.354931 0.473651 0.353505 0.473964 0.352884 0.470031 0.339856
2 0.470643 0.336500 0.471190 0.335218 0.472758 0.333542 0.473349 0.333782 0.473862 0.336694 0.473701 0.339676 0.474984 0.340843 0.475964 0.341588 0.476523 0.344241 0.475581 0.348477 0.474781 0.350708 0.473349 0.346935
5 0.439010 0.440602 0.441784 0.438722 0.443638 0.439370 0.445333 0.440157 0.445776 0.442454 0.448156 0.444676 0.448115 0.445968 0.450052 0.446824 0.450052 0.445968 0.451383 0.445968 0.451745 0.453208 0.451141 0.453565 0.451987 0.455574 0.452211 0.459532 0.451549 0.462944 0.449107 0.462134 0.449208 0.460523 0.447990 0.460588 0.446667 0.458477 0.444680 0.457611 0.443284 0.457491 0.440880 0.456435 0.441089 0.455755 0.442133 0.454634 0.441820 0.453708 0.440495 0.453833 0.440529 0.452407 0.439656 0.452347 0.439589 0.451106 0.439935 0.449616
5 0.469635 0.467315 0.470000 0.463778 0.471492 0.461787 0.471586 0.459880 0.473266 0.458468 0.476112 0.457968 0.476393 0.459380 0.480826 0.456477 0.481432 0.458384 0.483299 0.459713 0.487445 0.459486 0.490310 0.465079 0.491482 0.468671 0.490956 0.472398 0.490109 0.475843 0.482203 0.476125 0.481112 0.476986 0.480893 0.478273 0.478190 0.479847 0.476094 0.481806 0.473753 0.481639 0.472422 0.481792 0.471414 0.479847 0.470284 0.479352 0.469070 0.479352 0.469034 0.477991 0.470443 0.475616 0.471128 0.475769 0.470807 0.474181 0.469396 0.474181 0.469719 0.470671 0.476977 0.467519 0.478148 0.467588 0.478109 0.466301 0.477661 0.464792 0.477141 0.464866 0.475609 0.466083
5 0.453094 0.422144 0.452122 0.422912 0.452229 0.428000 0.453201 0.431648 0.454607 0.431648 0.455740 0.434046 0.456443 0.438944 0.458440 0.439519 0.459573 0.437792 0.459992 0.435602 0.458779 0.432694 0.458125 0.430458 0.458219 0.427884 0.455745 0.427384
2 0.488120 0.367569 0.490594 0.366454 0.490841 0.372708 0.491047 0.373579 0.490419 0.374014
2 0.492005 0.365093 0.493581 0.365046 0.494698 0.367338 0.494453 0.369819 0.493930 0.371861 0.492953 0.372546
1 0.494167 0.389389 0.492029 0.378347 0.490841 0.372708 0.490563 0.365657 0.489302 0.359102 0.488323 0.358852 0.488323 0.355866 0.489721 0.352546 0.500596 0.348315 0.503490 0.348231 0.503865 0.350139 0.505591 0.354954 0.505451 0.361671 0.506339 0.365241 0.506339 0.366486 0.505052 0.366574 0.503630 0.359847 0.502604 0.351218 0.501622 0.350306 0.492383 0.353542 0.491448 0.353958 0.490841 0.356444 0.493224 0.374449 0.493549 0.377440 0.493549 0.378269 0.494453 0.385648 0.494896 0.389028
2 0.500130 0.409444 0.499281 0.408194 0.497112 0.401713 0.497083 0.399194 0.497729 0.396759 0.499070 0.396782 0.499102 0.397907 0.502115 0.405194 0.502023 0.407606 0.501661 0.409157 0.501542 0.408032 0.501120 0.408032 0.501060 0.409801
10 0.492964 0.392968 0.497398 0.395741 0.497729 0.396759 0.495893 0.403773 0.495289 0.403884 0.494917 0.402079
10 0.489510 0.389986 0.491706 0.391542 0.491818 0.393958 0.493477 0.402528 0.494807 0.408435 0.493482 0.412023 0.492458 0.413630 0.489083 0.414486 0.488240 0.413579 0.486763 0.415667 0.486281 0.415292 0.486432 0.413042 0.484141 0.410898 0.484620 0.409486 0.484661 0.407907 0.488292 0.394282 0.489784 0.391343
2 0.495677 0.412269 0.493477 0.402528 0.491818 0.393958 0.491706 0.391542 0.490943 0.389741 0.489510 0.389986 0.487628 0.388875 0.487594 0.387694 0.488500 0.387514 0.492969 0.389630 0.492964 0.392968 0.494917 0.402079 0.496719 0.411481
10 0.469148 0.374213 0.468138 0.376079 0.467495 0.376222 0.466591 0.373421 0.468458 0.369773 0.467992 0.367782 0.467852 0.364958 0.470802 0.358653 0.471487 0.355569 0.470438 0.355065 0.469953 0.353630 0.471083 0.352917 0.472214 0.353704 0.472333 0.354921 0.474625 0.355009 0.475964 0.355648 0.480523 0.360083 0.480846 0.361662 0.482539 0.363310 0.482982 0.365537 0.483544 0.365370 0.484143 0.365588 0.484208 0.366606 0.483966 0.367144 0.484479 0.369120 0.486284 0.373583 0.487432 0.378227 0.487747 0.383060 0.487086 0.388389 0.479763 0.384861 0.474536 0.380894 0.471398 0.376866
1 0.411406 0.391343 0.414156 0.391602 0.414990 0.392991 0.415703 0.395602 0.416042 0.398843 0.415406 0.398731 0.414807 0.394611 0.414193 0.392685 0.411562 0.392731
2 0.463906 0.376574 0.460930 0.375088 0.457664 0.373514 0.457104 0.374009 0.456870 0.378079 0.457240 0.378931 0.458966 0.379676 0.461583 0.380481 0.463826 0.377995
2 0.439935 0.374792 0.441823 0.376019 0.444766 0.378472 0.446667 0.379074 0.446927 0.378565 0.448750 0.378380 0.448880 0.379259 0.448984 0.381667 0.448776 0.382407 0.450073 0.382949 0.451156 0.381384 0.454089 0.382500 0.457427 0.381338 0.458966 0.379676 0.457240 0.378931 0.456432 0.377231 0.455466 0.377519 0.448245 0.376227
2 0.454089 0.382500 0.459456 0.390431 0.458375 0.391486 0.457083 0.393343 0.456492 0.393407 0.454435 0.390370 0.454260 0.389005 0.452622 0.387769 0.451854 0.386653 0.450703 0.387458 0.449271 0.385431 0.450177 0.384870 0.450073 0.382949 0.451156 0.381384
1 0.433516 0.369861 0.435260 0.371667 0.441823 0.376019 0.444766 0.378472 0.446667 0.379074 0.446927 0.378565 0.448750 0.378380 0.448880 0.379259 0.448984 0.381667 0.448776 0.382407 0.447214 0.381718 0.439297 0.376713 0.435365 0.373796 0.432526 0.370509
1 0.407846 0.378083 0.401958 0.390134 0.399378 0.395440 0.399982 0.398019 0.400417 0.397639 0.400969 0.396065 0.404984 0.387764 0.409622 0.377509 0.409062 0.377685
2 0.419266 0.405116 0.418354 0.408310 0.418385 0.410787 0.419661 0.410926 0.421297 0.405162 0.419846 0.405176
1 0.401615 0.364120 0.403797 0.362181 0.405315 0.362046 0.407786 0.364023 0.409115 0.366111 0.409245 0.367500 0.410526 0.369556 0.411055 0.372199 0.410560 0.372338 0.410117 0.370625 0.408568 0.368426 0.408008 0.366231 0.406393 0.365394 0.405404 0.364653 0.404961 0.363588 0.403661 0.363546 0.402266 0.364722
2 0.393672 0.385417 0.392992 0.386620 0.391740 0.387694 0.391820 0.390273 0.393031 0.392569 0.394969 0.392426 0.395451 0.390056 0.394266 0.387394
2 0.395143 0.378565 0.398083 0.374005 0.399857 0.373505 0.402424 0.378236 0.402424 0.385278 0.399391 0.390181 0.398271 0.391014 0.397760 0.389171
5 0.389380 0.355616 0.393026 0.356472 0.393417 0.355773 0.394622 0.356148 0.394591 0.357222 0.395857 0.357491 0.394742 0.359898 0.390854 0.361560
5 0.376227 0.354894 0.386651 0.356565 0.388047 0.362685 0.381846 0.364620 0.379318 0.360366 0.379318 0.360366 0.375469 0.357870
5 0.367951 0.352519 0.370234 0.357824 0.373542 0.357130 0.374427 0.354352
5 0.419844 0.369537 0.416979 0.357065 0.414740 0.346713 0.411378 0.347870 0.410159 0.349042 0.410286 0.347731 0.407292 0.346111 0.407258 0.344940 0.408740 0.343532 0.421904 0.339194 0.424167 0.338287 0.429828 0.337023 0.433255 0.335278 0.436865 0.334278 0.439792 0.333241 0.439810 0.331407 0.440859 0.330977 0.440898 0.333704 0.441344 0.334204 0.441281 0.335236 0.440479 0.336657 0.439023 0.338449 0.434021 0.339148 0.440479 0.349801 0.443617 0.354694 0.443906 0.356389 0.446159 0.361472 0.445227 0.363384 0.442193 0.364213 0.435451 0.369523 0.433672 0.369722 0.430479 0.371889 0.428289 0.372384 0.427398 0.373880 0.426417 0.374046 0.425438 0.376037 0.423570 0.376366 0.421378 0.375954 0.420914 0.374208 0.426120 0.372833 0.425937 0.368116 0.425438 0.368153
10 0.462862 0.253032 0.461221 0.255069 0.453557 0.289644 0.450870 0.306787 0.449841 0.309736 0.449523 0.315782 0.450474 0.319995 0.458138 0.338977 0.461500 0.342870 0.462052 0.345523 0.463641 0.349250 0.463208 0.353106 0.462305 0.357282 0.462846 0.358120 0.464365 0.352079 0.465378 0.348866 0.467328 0.348481 0.469062 0.345912 0.469859 0.344241 0.469281 0.339870 0.467328 0.338972 0.465305 0.338713 0.465016 0.337301 0.463930 0.337301 0.463786 0.338458 0.462544 0.337431 0.461776 0.337866 0.461372 0.335426 0.460323 0.336356 0.456896 0.328380 0.452089 0.317264 0.451948 0.311954 0.452224 0.310042 0.455901 0.292407 0.461896 0.259866 0.462716 0.259931 0.462003 0.262486 0.461911 0.267130 0.462615 0.268708 0.464292 0.271370 0.466604 0.271630 0.467690 0.269315 0.468122 0.262116 0.467039 0.259292 0.465810 0.259032 0.465448 0.257491 0.466388 0.255306 0.466245 0.254532 0.464148 0.252222
1 0.459479 0.356620 0.458685 0.357139 0.453964 0.357495 0.452068 0.357282 0.451102 0.355991 0.450737 0.355560 0.450091 0.355347 0.449716 0.355685 0.450010 0.356634 0.451826 0.358644 0.455339 0.359120 0.459893 0.357782 0.459622 0.357375
1 0.460839 0.352028 0.459443 0.352338 0.451008 0.354509 0.451008 0.354509 0.450091 0.355347 0.450737 0.355560 0.451102 0.355991 0.454323 0.355509 0.459805 0.353995 0.460872 0.353579
1 0.459805 0.353995 0.459466 0.356218 0.459622 0.357375 0.460273 0.358301 0.462174 0.358486 0.462474 0.359861 0.461953 0.362824 0.462513 0.363069 0.463203 0.360509 0.463190 0.359042 0.462305 0.357282 0.461370 0.357046 0.460531 0.356907 0.460208 0.356065 0.460872 0.353579
1 0.460839 0.352028 0.459846 0.351009 0.457896 0.350870 0.457826 0.350065 0.458393 0.347282 0.457784 0.345653 0.455458 0.345519 0.455305 0.344574 0.455953 0.342199 0.455458 0.340708 0.453628 0.340574 0.453404 0.340028 0.454396 0.336773 0.454089 0.335690 0.452068 0.334870 0.452711 0.333181 0.452333 0.331352 0.451495 0.331282 0.450008 0.332574 0.446128 0.332269 0.444372 0.333819 0.442276 0.334704 0.442047 0.333894 0.441344 0.334204 0.441281 0.335236 0.441909 0.335977 0.444245 0.335421 0.446091 0.333625 0.447591 0.333560 0.447799 0.334431 0.449927 0.334241 0.451740 0.332815 0.450971 0.334676 0.451146 0.336537 0.453344 0.336782 0.452576 0.340255 0.453099 0.341495 0.454841 0.341741 0.454911 0.343106 0.454284 0.344532 0.454633 0.346019 0.455784 0.347259 0.457177 0.346824 0.457562 0.347690 0.456760 0.349921 0.457422 0.351907 0.459443 0.352338
2 0.414740 0.346713 0.411378 0.347870 0.410159 0.349042 0.408641 0.349921 0.405977 0.350954 0.404128 0.352731 0.404919 0.355019 0.405315 0.362046 0.407258 0.362162 0.416979 0.357065
2 0.387336 0.323713 0.394836 0.325519 0.394836 0.325519 0.395466 0.326532 0.396370 0.326852 0.389437 0.327838
8 0.502138 0.418616 0.502380 0.426861 0.502969 0.434769 0.505885 0.430139 0.505156 0.419815 0.503107 0.415458 0.502503 0.415676 0.502018 0.417255
5 0.546703 0.571866 0.548570 0.574102 0.550203 0.577176 0.551229 0.584477 0.551977 0.587213 0.551362 0.588440 0.551245 0.590218 0.548880 0.593194 0.549531 0.593287 0.547307 0.596144 0.546292 0.594431 0.546370 0.592208 0.546573 0.584681
11 0.505052 0.366574 0.503195 0.367912 0.500872 0.368491 0.501089 0.370310 0.504060 0.370218 0.504219 0.377407 0.505570 0.378472 0.506542 0.383463 0.506596 0.389222 0.505247 0.392199 0.506758 0.410153 0.507891 0.426944 0.510862 0.422921 0.508487 0.393639 0.507839 0.385579 0.507948 0.381449 0.508594 0.380778 0.508542 0.379722 0.507784 0.379338 0.506875 0.369259 0.510000 0.368394 0.509784 0.367241 0.506339 0.366486
5 0.544904 0.569102 0.538516 0.557546 0.537193 0.555574 0.533005 0.548241 0.533255 0.546352 0.532008 0.546130 0.531445 0.547907 0.530195 0.550685 0.526971 0.556662 0.525221 0.559218 0.526159 0.560769 0.536469 0.577431 0.538341 0.579542 0.540466 0.585097 0.544529 0.590981 0.544682 0.578958
8 0.506458 0.559213 0.501289 0.554759 0.496698 0.553319 0.491516 0.551685 0.494430 0.554468 0.502206 0.562435 0.505661 0.560324
8 0.527250 0.580426 0.520930 0.574319 0.521305 0.577556 0.521617 0.581542 0.531987 0.592648 0.542172 0.602755 0.543234 0.600315 0.543672 0.597426 0.537471 0.590551 0.534578 0.590630 0.533318 0.588806 0.531826 0.588972 0.529911 0.588060 0.527904 0.586069 0.527297 0.584162 0.528464 0.581838
8 0.511568 0.514537 0.516437 0.518009 0.517872 0.518894 0.517557 0.515972 0.515151 0.514764
1 0.520130 0.507407 0.522729 0.501023 0.524937 0.496162 0.528760 0.489833 0.529258 0.487148 0.530211 0.488435 0.529484 0.490009 0.529221 0.492764 0.525828 0.498856 0.520687 0.511273
11 0.514089 0.458884 0.519807 0.467694 0.520188 0.469796 0.523427 0.473727 0.530180 0.479944 0.530641 0.481231 0.531664 0.480931 0.533013 0.481347 0.533112 0.483981 0.532289 0.486912 0.531005 0.488611 0.530211 0.488435 0.529258 0.487148 0.529190 0.485560 0.524708 0.481407 0.520279 0.476343 0.518135 0.472444 0.517164 0.471449 0.516654 0.469537 0.514919 0.467546 0.514518 0.463759
8 0.460766 0.452551 0.461490 0.455176 0.462182 0.460481 0.463388 0.462731 0.463388 0.464444 0.464352 0.465782 0.465646 0.464819 0.466008 0.462250 0.464924 0.459356 0.464773 0.457426 0.462513 0.452019 0.461638 0.450356 0.461398 0.451588
6 0.531945 0.542134 0.540878 0.548685 0.543815 0.553685 0.542065 0.556241 0.539443 0.556681 0.538068 0.555574 0.537193 0.555574 0.533005 0.548241 0.533255 0.546352 0.532008 0.546130 0.531445 0.547907 0.530195 0.550685 0.522135 0.544574 0.522047 0.543796 0.520721 0.542866 0.520625 0.541620 0.517898 0.532639 0.517872 0.532065 0.520328 0.532639 0.523281 0.534676 0.529594 0.540106 0.530844 0.541255
6 0.509167 0.525417 0.510518 0.525727 0.514036 0.527778 0.515802 0.529745 0.516042 0.539259 0.514792 0.538852 0.509266 0.533903
6 0.484852 0.500019 0.485500 0.500690 0.485607 0.502523 0.489711 0.508657 0.493401 0.512190 0.494182 0.512745 0.493492 0.514042 0.488146 0.517681 0.486904 0.518449 0.486094 0.518259 0.484958 0.516829 0.484766 0.505787
6 0.453651 0.481579 0.455940 0.483917 0.460883 0.491472 0.466188 0.497977 0.466188 0.496972 0.468607 0.494394 0.470341 0.491454 0.474807 0.493796 0.474948 0.492361 0.471224 0.489167 0.466167 0.483667 0.462013 0.483417
5 0.437826 0.454088 0.439289 0.453963 0.440880 0.456435 0.443284 0.457491 0.444680 0.457611 0.446667 0.458477 0.447990 0.460588 0.449208 0.460523 0.449107 0.462134 0.451549 0.462944 0.452211 0.459532 0.451987 0.455574 0.453758 0.455579 0.454604 0.453995 0.454823 0.456819 0.455617 0.471343 0.455471 0.473657 0.451062 0.473912 0.450268 0.473398 0.449680 0.475597 0.448659 0.476009 0.448492 0.476417 0.445628 0.476241 0.445727 0.474366 0.444604 0.473843 0.440057 0.474194 0.437917 0.469681 0.437719 0.466579 0.437883 0.463588 0.437883 0.463588 0.437125 0.461421 0.437094 0.458056 0.437302 0.457931
5 0.444167 0.412444 0.444427 0.411889 0.444427 0.410542 0.445883 0.409343 0.446094 0.408227 0.445711 0.407403 0.445922 0.406102 0.446617 0.405417 0.447943 0.406657 0.447349 0.408519 0.449057 0.409014 0.448758 0.409866 0.448758 0.412218 0.449492 0.415106 0.451313 0.423903 0.452151 0.425231 0.452229 0.428000 0.453201 0.431648 0.454607 0.431648 0.455740 0.434046 0.456443 0.438944 0.457193 0.439167 0.457612 0.441741 0.457427 0.442903 0.456539 0.444977 0.457146 0.446056 0.457240 0.450120 0.456380 0.450685 0.455891 0.446412 0.455263 0.446472 0.455299 0.447588 0.455299 0.447588 0.455849 0.450806 0.455849 0.450806 0.451745 0.453208 0.451383 0.445968 0.450799 0.445889 0.451031 0.444810 0.450753 0.443815 0.449680 0.444148 0.449771 0.442653 0.448839 0.442736 0.448466 0.441824 0.447578 0.442236 0.446599 0.441574 0.445898 0.439667 0.445333 0.440157 0.443638 0.439370 0.441784 0.438722 0.441810 0.436125 0.442771 0.433810 0.442982 0.432694 0.442565 0.432324 0.442695 0.430380 0.443724 0.425319 0.444596 0.425162 0.444805 0.427625 0.445346 0.427949 0.445529 0.425750 0.444956 0.421676 0.444219 0.417995
5 0.426078 0.445782 0.426138 0.448458 0.427271 0.452296 0.428352 0.453833 0.428151 0.455324 0.428177 0.458194 0.429214 0.473514 0.429940 0.474995 0.431016 0.474907 0.433255 0.478750 0.438279 0.477120 0.437719 0.475597 0.436401 0.472843 0.436005 0.473370 0.434521 0.472023 0.434422 0.470560 0.432841 0.470500 0.432643 0.469389 0.432875 0.468921 0.435247 0.468625 0.433930 0.466870 0.433005 0.466458 0.432940 0.465875 0.434227 0.463708 0.434227 0.461306 0.434234 0.457500 0.435070 0.457310 0.434966 0.455824 0.434164 0.455454 0.434026 0.453903 0.433643 0.453157 0.434409 0.451856 0.433956 0.451486 0.433294 0.449750 0.429599 0.447644
8 0.412440 0.421528 0.416289 0.423898 0.421292 0.427556 0.422372 0.427292 0.422492 0.428417 0.423396 0.428523 0.424362 0.429324 0.423672 0.432074 0.422260 0.431000 0.415081 0.425620 0.414435 0.426338 0.413589 0.425551 0.413466 0.424472 0.412578 0.423843
8 0.424036 0.420588 0.422372 0.427292 0.422492 0.428417 0.423396 0.428523 0.424362 0.429324 0.424849 0.426954 0.425214 0.425662 0.425763 0.422667
11 0.484570 0.490366 0.485156 0.490231 0.500677 0.492602 0.504714 0.492870 0.507786 0.493194 0.509122 0.493546 0.509523 0.492755 0.512188 0.492616 0.513518 0.495912 0.513680 0.500287 0.512268 0.500931 0.511784 0.502287 0.510089 0.503653 0.509039 0.503653 0.508437 0.502792 0.508422 0.500986 0.506888 0.499625 0.505208 0.499722 0.494089 0.498056 0.484844 0.497176
5 0.474617 0.425981 0.473164 0.426338 0.472240 0.426111 0.467034 0.423111 0.467034 0.422250 0.466549 0.421532 0.465742 0.421963 0.463018 0.423880 0.461021 0.423690 0.459508 0.425704 0.463018 0.432329 0.463289 0.433287 0.464193 0.434606 0.465872 0.435435 0.467180 0.434440 0.467974 0.436681 0.469372 0.438005 0.471008 0.437343 0.472034 0.438171 0.472268 0.439750 0.470867 0.443481 0.470495 0.445889 0.472198 0.449222 0.479651 0.454792 0.480826 0.456477 0.481432 0.458384 0.483299 0.459713 0.487445 0.459486 0.490310 0.465079 0.490310 0.465079 0.491482 0.468671 0.491206 0.470634 0.493906 0.470537 0.496068 0.468810 0.502708 0.462088 0.503789 0.461866 0.505081 0.460644 0.505242 0.458421 0.503828 0.446157 0.503104 0.436407 0.503104 0.436407 0.502630 0.437130 0.502370 0.435694 0.502969 0.434769 0.501034 0.421958 0.502018 0.417255 0.502503 0.415676 0.503107 0.415458 0.505156 0.419815 0.505625 0.418889 0.505286 0.417611 0.502945 0.413310 0.502180 0.413741 0.501938 0.411801 0.504641 0.408287 0.504977 0.407560 0.504641 0.406495 0.502188 0.410000 0.501661 0.409157 0.501542 0.408032 0.501120 0.408032 0.501060 0.409801 0.500130 0.409444 0.499146 0.409866 0.498065 0.411690 0.496719 0.411481 0.495677 0.412269 0.491099 0.415912 0.489911 0.416009 0.489586 0.418792 0.484026 0.422727 0.484458 0.423255 0.484581 0.426194 0.483630 0.429407 0.487245 0.431042 0.487245 0.431977 0.483370 0.431694 0.483211 0.433120 0.483547 0.435394 0.484247 0.437051 0.484341 0.438046 0.482615 0.437134 0.481820 0.435477 0.479701 0.433727 0.476633 0.433296 0.475505 0.430569 0.474094 0.429278 0.473971 0.427917
5 0.437198 0.417264 0.431411 0.421181 0.428099 0.423597 0.427039 0.423162 0.426414 0.424134 0.426544 0.424639 0.425214 0.425662 0.424849 0.426954 0.424901 0.432657 0.425815 0.436727 0.425997 0.438486 0.426805 0.438764 0.427977 0.439083 0.428247 0.440463 0.428299 0.443060 0.428844 0.444120 0.429938 0.444074 0.430174 0.443708 0.431760 0.443750 0.433427 0.444537 0.434758 0.444074 0.438427 0.440463 0.440484 0.439079 0.441810 0.436125 0.442771 0.433810 0.442982 0.432694 0.442565 0.432324 0.442695 0.430380 0.443724 0.425319 0.444596 0.425162 0.444805 0.427625 0.445346 0.427949 0.445529 0.425750 0.444956 0.421676 0.444219 0.417995 0.444167 0.412444 0.444427 0.411889 0.444427 0.410542 0.445883 0.409343 0.446094 0.408227 0.445711 0.407403 0.442643 0.404796 0.441878 0.405542 0.441633 0.407028 0.438984 0.407523 0.439141 0.409847 0.437732 0.410079 0.437628 0.415588
6 0.455549 0.472181 0.464185 0.481310 0.458372 0.480097 0.452633 0.479269 0.452633 0.478106 0.449911 0.478468 0.449680 0.475597 0.450268 0.473398 0.451062 0.473912 0.455471 0.473657
6 0.455260 0.456435 0.457799 0.470722 0.459615 0.473157 0.465747 0.471722 0.469719 0.470671 0.476977 0.467519 0.478148 0.467588 0.478109 0.466301 0.477661 0.464792 0.477141 0.464866 0.475609 0.466083 0.469635 0.467315 0.461995 0.470435 0.461109 0.470218 0.460018 0.467995 0.458568 0.458426 0.457961 0.455444 0.456349 0.455231
11 0.449057 0.409014 0.453229 0.415278 0.454159 0.418509 0.456214 0.422574 0.457471 0.424069 0.464193 0.434606 0.465872 0.435435 0.467180 0.434440 0.467974 0.436681 0.469372 0.438005 0.471008 0.437343 0.472034 0.438171 0.472268 0.439750 0.470867 0.443481 0.470495 0.445889 0.469234 0.448130 0.466901 0.448296 0.464521 0.448380 0.463539 0.446801 0.463492 0.444560 0.464612 0.442157 0.459992 0.435602 0.458779 0.432694 0.458125 0.430458 0.458219 0.427884 0.455745 0.427384 0.449492 0.415106 0.448758 0.412218 0.448758 0.409866
8 0.503953 0.466366 0.500732 0.478977 0.500685 0.480556 0.502227 0.480801 0.504010 0.473935 0.504453 0.470602
11 0.509966 0.451181 0.513422 0.482287 0.514448 0.490352 0.516224 0.492787 0.517143 0.494708 0.517034 0.496343 0.514875 0.496245 0.517034 0.511606 0.517872 0.518894 0.519529 0.524153 0.520328 0.532639 0.523281 0.534676 0.523003 0.526861 0.517003 0.486375 0.515263 0.470199 0.514518 0.463759 0.513643 0.453315 0.512953 0.451981 0.512516 0.449542 0.513141 0.448310 0.512448 0.443194
11 0.508023 0.428333 0.509211 0.443407 0.509695 0.444366 0.511745 0.436898 0.511094 0.424491
2 0.555289 0.567778 0.554680 0.567912 0.554529 0.570148 0.555253 0.573199 0.556357 0.575435 0.557615 0.577741 0.557740 0.577065 0.557922 0.573741 0.556969 0.571167 0.555297 0.570403
2 0.560937 0.565880 0.559086 0.564019 0.556589 0.562963 0.556250 0.565366 0.555328 0.566421 0.555297 0.570403 0.558031 0.571694 0.558109 0.570282 0.558680 0.569319 0.559221 0.569269 0.559846 0.570787 0.560339 0.571986 0.561424 0.571986 0.561424 0.570815 0.560766 0.569704
2 0.558109 0.570282 0.557740 0.577065 0.557154 0.580593 0.558234 0.581102 0.562109 0.581051 0.562539 0.578569 0.562417 0.577500 0.561732 0.576639 0.561529 0.574991 0.559846 0.570787 0.559221 0.569269 0.558680 0.569319
2 0.555729 0.584542 0.555529 0.582926 0.557154 0.580593 0.558234 0.581102 0.562109 0.581051 0.561542 0.584208 0.561083 0.586468 0.559888 0.588815 0.558349 0.589019 0.558417 0.587764
2 0.547776 0.595509 0.551164 0.602750 0.551641 0.602630 0.552667 0.605120 0.553242 0.605528 0.554753 0.605176 0.554979 0.604366 0.555008 0.603255 0.554281 0.602644 0.552232 0.600130 0.552167 0.597986 0.553312 0.596755 0.555813 0.596111 0.556807 0.593861 0.559161 0.592361 0.560620 0.592468 0.559992 0.591000 0.559888 0.588815 0.558349 0.589019 0.558292 0.590204 0.556167 0.594093 0.555167 0.594315 0.553982 0.593426 0.550833 0.593519 0.549531 0.593287
2 0.558286 0.598843 0.558099 0.597731 0.556661 0.598361 0.555724 0.599644 0.554969 0.601037 0.553406 0.599537 0.553255 0.597931 0.553859 0.597505 0.556055 0.597662 0.557263 0.595787 0.558586 0.594287 0.560156 0.593431 0.560638 0.594074 0.562474 0.594028 0.563346 0.592898 0.563078 0.591718 0.562656 0.591250 0.561391 0.591986 0.561060 0.592523 0.559161 0.592361 0.556807 0.593861 0.555813 0.596111 0.553312 0.596755 0.552167 0.597986 0.552232 0.600130 0.554281 0.602644 0.555635 0.603662 0.556630 0.602968 0.557115 0.602125
1 0.549047 0.630551 0.550352 0.620259 0.549000 0.621171 0.548487 0.625241
2 0.538177 0.644028 0.537797 0.637694 0.538174 0.635963 0.537531 0.631505 0.539987 0.631079 0.542974 0.634565 0.545867 0.635227 0.546802 0.635227 0.545297 0.644023 0.544935 0.648250 0.541802 0.645116
10 0.559680 0.614051 0.567604 0.609259 0.573406 0.604991 0.573099 0.618750 0.572672 0.620449 0.569935 0.619630 0.567927 0.616759 0.566510 0.617546 0.566276 0.614491
10 0.558656 0.597810 0.559823 0.595736 0.562904 0.596398 0.563789 0.591750 0.564396 0.591421 0.566310 0.594407 0.567664 0.595093 0.569974 0.596944 0.573174 0.598972 0.573177 0.601435 0.565885 0.606204 0.558641 0.611093 0.558456 0.610181 0.558047 0.610231 0.559089 0.604028 0.559357 0.598139
2 0.556354 0.545000 0.561206 0.538477 0.565474 0.535778 0.569766 0.535694 0.574760 0.538852 0.578271 0.544611 0.579513 0.544907 0.578810 0.546542 0.576219 0.545472 0.575896 0.547204 0.574112 0.547972 0.573466 0.546148 0.574706 0.544995 0.572115 0.541537 0.569167 0.539583 0.565990 0.538935 0.562656 0.540463 0.558438 0.545278
10 0.578599 0.600759 0.578622 0.601356 0.577922 0.602690 0.581148 0.605185 0.584737 0.606759 0.585826 0.606046 0.584409 0.602866
2 0.562539 0.578569 0.561542 0.584208 0.564039 0.588870 0.564727 0.588315 0.567664 0.595093 0.569977 0.596981 0.575349 0.600315 0.576992 0.599278 0.578578 0.599778 0.578599 0.600759 0.584409 0.602866 0.577789 0.588681 0.576599 0.586523 0.575484 0.588194 0.574578 0.589125 0.571266 0.592287 0.570289 0.591171 0.569732 0.592287 0.568372 0.591731 0.565482 0.586745 0.565365 0.584019 0.563466 0.579074
2 0.580677 0.575370 0.582391 0.571958 0.582878 0.571343 0.583578 0.572667 0.585305 0.574245 0.585818 0.577565 0.586799 0.577815 0.589643 0.592537
2 0.589388 0.576958 0.589701 0.572620 0.590083 0.569833 0.591828 0.569894 0.592036 0.573736 0.591828 0.579440 0.591234 0.580616 0.590016 0.580181
2 0.581581 0.552375 0.579367 0.555162 0.578719 0.557657 0.575911 0.557176 0.574560 0.560306 0.574237 0.563130 0.575047 0.565046 0.580677 0.575370 0.582391 0.571958 0.584984 0.569079 0.582156 0.554787
2 0.582773 0.543551 0.582953 0.542250 0.585599 0.542440 0.588029 0.542727 0.588245 0.545606 0.588406 0.551944 0.588406 0.560491 0.587380 0.565958
2 0.596859 0.598019 0.594518 0.593644 0.593792 0.591782 0.592180 0.586403 0.591615 0.585829 0.591414 0.588125 0.592490 0.593903 0.593607 0.595574 0.592943 0.597000 0.595003 0.601375 0.595003 0.601375 0.595201 0.598866
5 0.638255 0.658287 0.640651 0.658519 0.641250 0.657685 0.641510 0.652083 0.640354 0.651690 0.638734 0.653417
5 0.621620 0.660236 0.619479 0.654537 0.619987 0.651194 0.621198 0.648056 0.626354 0.648796 0.628573 0.649782 0.629602 0.652190 0.630021 0.654264 0.630581 0.655838 0.630208 0.656583 0.629555 0.655838 0.626987 0.659657 0.625260 0.660972 0.622005 0.658657
2 0.586633 0.619884 0.590708 0.625495 0.592891 0.627269 0.592240 0.624185 0.591555 0.622537 0.590063 0.621319 0.588971 0.621102
2 0.594531 0.623333 0.599385 0.632574 0.594323 0.628472
10 0.577922 0.602690 0.581148 0.605185 0.584737 0.606759 0.585826 0.606046 0.590505 0.615153 0.590505 0.618380 0.591836 0.618810 0.594531 0.623333 0.594323 0.628472 0.592891 0.627269 0.592240 0.624185 0.591555 0.622537 0.590063 0.621319 0.588971 0.621102 0.586633 0.619884 0.583273 0.615106 0.583411 0.613991 0.581250 0.610583 0.576010 0.603023
2 0.578081 0.642755 0.580893 0.643495 0.581414 0.644745 0.583909 0.647074 0.587469 0.650519 0.589018 0.652569 0.588992 0.653356 0.590625 0.655787 0.590255 0.656162 0.589096 0.657199 0.587326 0.654005 0.585503 0.651736 0.582117 0.648403 0.580599 0.648287
8 0.501938 0.411801 0.502180 0.413741 0.502945 0.413310 0.505286 0.417611 0.505125 0.414949 0.505044 0.413333 0.504630 0.412681 0.504896 0.411157 0.504641 0.408287
2 0.569745 0.562912 0.568021 0.561435 0.564807 0.558653 0.564005 0.558653 0.563586 0.559398 0.563740 0.560620 0.566674 0.563532 0.566789 0.565227 0.567484 0.566065 0.568414 0.565778
6 0.582953 0.542250 0.579513 0.544907 0.581581 0.552375 0.582156 0.554787 0.584984 0.569079 0.586799 0.577815 0.589643 0.592537 0.590305 0.595653 0.592138 0.603241 0.600885 0.627162 0.608831 0.651472 0.610151 0.654074 0.616523 0.673069 0.618711 0.672514 0.620599 0.673574 0.624422 0.674935 0.626076 0.676356 0.627479 0.675384 0.628497 0.672667 0.630961 0.669500 0.632760 0.667130 0.632039 0.666088 0.631552 0.665991 0.631068 0.666954 0.629177 0.667625 0.628745 0.668491 0.627904 0.671157 0.624857 0.670986 0.623049 0.670481 0.620151 0.669903 0.619510 0.666736 0.604203 0.624417 0.600266 0.615310 0.599078 0.613977 0.592943 0.597000 0.593607 0.595574 0.592490 0.593903 0.591414 0.588125 0.590016 0.580181 0.589388 0.576958 0.587380 0.565958 0.582773 0.543551
5 0.468138 0.376079 0.467760 0.378079 0.466268 0.378579 0.462557 0.387398 0.461708 0.387829 0.462193 0.394713 0.459813 0.402315 0.459844 0.405046 0.459586 0.406162 0.458227 0.409259 0.458021 0.410324 0.458039 0.412069 0.459008 0.414935 0.463362 0.420889 0.465742 0.421963 0.466549 0.421532 0.467034 0.422250 0.467034 0.423111 0.472240 0.426111 0.473164 0.426338 0.474617 0.425981 0.473164 0.423972 0.473367 0.422468 0.473771 0.422394 0.474094 0.418736 0.476513 0.418093 0.477763 0.418667 0.478570 0.421102 0.482240 0.419884 0.481839 0.418449 0.484620 0.409486 0.484661 0.407907 0.488292 0.394282 0.489784 0.391343 0.489510 0.389986 0.487628 0.388875 0.487086 0.388389 0.479763 0.384861 0.474536 0.380894 0.471398 0.376866 0.469148 0.374213
8 0.494453 0.385648 0.496195 0.387361 0.496164 0.388977 0.495440 0.390954 0.493630 0.390204 0.492487 0.388167 0.492367 0.385972 0.491401 0.384894 0.491612 0.383347 0.491104 0.381421 0.490500 0.381046 0.489927 0.381315 0.489112 0.379278 0.488992 0.377505 0.487125 0.373329 0.486828 0.371051 0.484479 0.369120 0.483966 0.367144 0.484208 0.366606 0.484143 0.365588 0.483544 0.365370 0.481331 0.357602 0.477333 0.347426 0.476523 0.344241 0.475964 0.341588 0.474984 0.340843 0.473862 0.336694 0.473349 0.333782 0.474896 0.331713 0.475495 0.332176 0.485159 0.359588 0.492029 0.378347 0.494167 0.389389 0.494896 0.389028
6 0.429469 0.372111 0.435641 0.375023 0.441380 0.378380 0.447214 0.381718 0.450073 0.382949 0.450177 0.384870 0.449271 0.385431 0.443729 0.383139 0.434734 0.378986 0.433862 0.377560 0.433026 0.377495 0.428318 0.375519 0.426417 0.374046 0.427398 0.373880 0.428289 0.372384
8 0.432466 0.412963 0.428471 0.411532 0.420565 0.407731 0.419661 0.410926 0.420161 0.412245 0.423953 0.415472 0.426294 0.413468 0.426536 0.414542 0.424557 0.417361 0.425810 0.418130 0.427503 0.417194 0.428271 0.418056 0.429844 0.420065 0.431740 0.415616 0.431536 0.414042
6 0.419115 0.366338 0.413724 0.363005 0.408802 0.361338 0.407258 0.362162 0.407786 0.364023 0.408750 0.364815 0.412604 0.366060 0.416771 0.368426 0.419844 0.369537
5 0.391487 0.337944 0.406313 0.343245 0.416617 0.329213 0.418758 0.327657 0.419901 0.325995 0.420023 0.323694 0.422974 0.320157 0.422974 0.303875 0.422495 0.304106 0.404276 0.324343 0.404365 0.322458 0.406305 0.319167 0.405380 0.318773 0.404099 0.318852 0.403263 0.320810 0.403130 0.324889 0.402161 0.325972 0.414365 0.324329 0.414797 0.325671 0.414849 0.329111 0.407031 0.329630 0.397708 0.331065 0.396797 0.332361
11 0.443906 0.356389 0.467852 0.364958 0.467992 0.367782 0.468458 0.369773 0.466591 0.373421 0.458437 0.370694 0.442146 0.365625 0.442193 0.364213 0.445227 0.363384 0.446159 0.361472
11 0.384375 0.335417 0.406763 0.343361 0.408740 0.343532 0.407258 0.344940 0.407292 0.346111 0.410286 0.347731 0.410159 0.349042 0.408641 0.349921 0.405977 0.350954 0.400755 0.349306 0.386328 0.343472
11 0.381112 0.311597 0.380552 0.310815 0.375188 0.317556 0.373815 0.320352 0.377042 0.323505 0.377940 0.323157 0.379026 0.325403 0.379896 0.328625 0.381745 0.335185 0.383443 0.343023 0.392073 0.379671 0.394266 0.387394 0.395451 0.390056 0.397826 0.403722 0.400198 0.412940 0.408070 0.435602 0.412758 0.444370 0.404383 0.415380 0.397760 0.389171 0.386328 0.343472 0.384375 0.335417 0.382969 0.328843 0.382760 0.327917 0.383391 0.326037 0.382219 0.319083 0.384036 0.317361 0.383940 0.316657 0.380852 0.312106
7 0.422682 0.301991 0.398510 0.297204 0.395227 0.296509 0.394625 0.298009 0.393750 0.297796 0.393841 0.296185 0.388659 0.295060 0.387294 0.299167 0.383763 0.306463 0.380852 0.312106 0.383940 0.316657 0.384250 0.318458 0.384823 0.318380 0.385263 0.320343 0.388086 0.311167 0.389367 0.312106 0.389542 0.314458 0.386807 0.322773 0.387336 0.323713 0.394836 0.325519 0.395599 0.324583 0.396646 0.325755 0.398102 0.325986 0.399687 0.326301 0.403130 0.324889 0.403263 0.320810 0.404099 0.318852 0.405380 0.318773 0.406305 0.319167 0.404365 0.322458 0.404276 0.324343 0.422495 0.304106
5 0.592943 0.597000 0.599078 0.613977 0.600266 0.615310 0.604203 0.624417 0.619510 0.666736 0.620151 0.669903 0.621620 0.660236 0.619479 0.654537 0.610102 0.632634 0.606271 0.625694 0.605477 0.623509
2 0.568385 0.635694 0.570294 0.634556 0.570661 0.635903 0.571250 0.637074 0.572242 0.637074 0.573133 0.639037 0.573052 0.640653 0.574068 0.640843 0.575943 0.644778 0.573654 0.643620
6 0.378492 0.347519 0.384633 0.348074 0.386651 0.356565 0.376227 0.354894 0.376984 0.352144
6 0.366336 0.350514 0.365005 0.346139 0.364602 0.344417 0.367500 0.345000 0.376542 0.347931 0.374427 0.354352 0.367951 0.352519 0.367628 0.351157
8 0.384219 0.377917 0.382659 0.380176 0.382424 0.382750 0.387047 0.392537 0.387047 0.394861 0.408070 0.435602 0.400198 0.412940 0.393576 0.398745 0.389013 0.391306
5 0.548870 0.593218 0.550833 0.593519 0.553982 0.593426 0.555167 0.594315 0.556167 0.594093 0.558292 0.590204 0.558417 0.587764 0.555729 0.584542 0.554732 0.575986 0.554234 0.566463 0.555763 0.549551 0.555255 0.547894 0.552706 0.549551 0.551518 0.555593 0.550073 0.564199 0.549591 0.565773 0.549635 0.571046 0.550203 0.577176 0.551229 0.584477 0.551977 0.587213 0.551362 0.588440 0.551245 0.590218
5 0.546602 0.603542 0.551641 0.602630 0.552667 0.605120 0.554440 0.606361 0.556589 0.606199 0.557383 0.610347 0.558456 0.610181 0.558641 0.611093 0.548156 0.618148
5 0.544872 0.604042 0.533813 0.606444 0.532133 0.607773 0.532505 0.622875 0.533299 0.624204 0.536333 0.624782 0.538154 0.623870 0.546302 0.619472
5 0.576599 0.586523 0.575484 0.588194 0.574578 0.589125 0.571266 0.592287 0.570289 0.591171 0.569732 0.592287 0.568372 0.591731 0.565482 0.586745 0.565365 0.584019 0.563466 0.579074 0.562539 0.578569 0.562417 0.577500 0.561732 0.576639 0.561529 0.574991 0.563344 0.573694 0.565625 0.571250 0.567458 0.571759 0.568268 0.574917 0.569354 0.575056 0.569880 0.578144 0.572542 0.579148
5 0.580677 0.575370 0.575047 0.565046 0.574237 0.563130 0.572375 0.560528 0.570997 0.562199 0.571063 0.565528 0.568359 0.572037 0.570633 0.574287 0.571354 0.577111 0.577789 0.588681 0.585826 0.606046 0.590505 0.615153 0.594531 0.623333 0.599385 0.632574 0.599385 0.632574 0.602346 0.638019 0.602091 0.639472 0.599341 0.637745 0.599154 0.639190 0.601091 0.641079 0.602716 0.641523 0.605714 0.645519 0.608831 0.651472 0.600885 0.627162 0.592138 0.603241 0.590305 0.595653 0.589643 0.592537
5 0.595003 0.601375 0.595201 0.598866 0.597906 0.597648 0.598792 0.596282 0.599034 0.592556 0.600484 0.592343 0.600651 0.594708 0.601216 0.594204 0.601740 0.591912 0.602865 0.589685 0.603997 0.589472 0.604362 0.592199 0.604240 0.594634 0.603594 0.595139 0.603958 0.595926 0.603997 0.600227 0.604643 0.600083 0.605167 0.602810 0.606172 0.603815 0.606849 0.607315 0.605042 0.611296 0.605909 0.612968 0.606458 0.616505 0.605570 0.616505 0.602586 0.617440
5 0.630581 0.655838 0.640625 0.649481 0.640354 0.651690 0.638734 0.653417 0.638255 0.658287 0.637979 0.658792 0.638250 0.661097 0.637224 0.661287 0.635440 0.660810 0.635602 0.661866 0.632760 0.667130 0.632039 0.666088 0.631552 0.665991 0.631068 0.666954 0.629177 0.667625 0.628745 0.668491 0.624857 0.670986 0.625721 0.667815 0.627232 0.662153 0.625260 0.660972 0.626987 0.659657 0.629555 0.655838 0.630208 0.656583
5 0.619479 0.654537 0.610102 0.632634 0.608802 0.627361 0.606271 0.625694 0.605477 0.623509 0.606344 0.620296 0.606706 0.618236 0.605909 0.612968 0.605042 0.611296 0.606849 0.607315 0.612128 0.599602 0.613211 0.602944 0.616971 0.614639 0.618344 0.622736 0.627604 0.649352 0.626354 0.648796 0.621198 0.648056 0.619987 0.651194
5 0.653060 0.715218 0.655969 0.718120 0.655969 0.720019 0.653060 0.726731 0.650763 0.724019 0.652141 0.718032
5 0.649026 0.730454 0.651172 0.732912 0.648159 0.744162 0.646120 0.741898
5 0.621833 0.683843 0.621833 0.685176 0.622958 0.686875 0.646526 0.718486 0.649180 0.711431 0.647081 0.707838 0.634995 0.693130 0.627065 0.682556
5 0.618841 0.680852 0.614031 0.675065 0.596786 0.651741 0.595911 0.652519 0.595380 0.655829 0.592943 0.653495 0.589219 0.650185 0.587469 0.650519 0.583909 0.647074 0.577286 0.635634 0.576724 0.636523 0.575286 0.636968 0.574661 0.635412 0.575036 0.634523 0.576036 0.633634 0.573286 0.629306 0.572474 0.626528 0.575661 0.623306 0.576474 0.626417 0.578786 0.621861 0.582784 0.617972 0.589156 0.628750 0.595779 0.634301 0.599341 0.637745 0.599154 0.639190 0.601091 0.641079 0.602716 0.641523 0.605714 0.645519 0.610151 0.654074 0.616523 0.673069 0.618711 0.672514 0.621833 0.683843 0.621833 0.685176
5 0.592943 0.653495 0.590255 0.656162 0.588138 0.658051 0.586638 0.661495 0.588445 0.665412 0.591130 0.669380 0.594568 0.672824 0.599690 0.675602 0.600076 0.674977 0.611417 0.683042 0.615466 0.686019 0.616328 0.685463 0.595161 0.656963 0.595380 0.655829
5 0.598888 0.679296 0.599159 0.676611 0.600076 0.674977 0.611417 0.683042 0.615466 0.686019 0.616328 0.685463 0.631023 0.705500 0.632211 0.705722 0.635026 0.710185 0.606922 0.686431
2 0.537531 0.631505 0.544531 0.630231 0.546003 0.627875 0.546055 0.625787 0.545034 0.623972 0.539375 0.627917 0.537206 0.629343 0.537206 0.629343
1 0.495253 0.382796 0.497109 0.377704 0.498151 0.376065 0.500286 0.375231 0.502151 0.375412 0.504219 0.377407 0.504034 0.378514 0.502313 0.376630 0.500260 0.376435 0.498437 0.376991 0.497148 0.378926 0.495859 0.383440
1 0.549557 0.660694 0.553177 0.664769 0.555260 0.665926 0.558914 0.667213 0.559326 0.667574 0.559341 0.668681 0.555260 0.667731 0.554070 0.667333 0.551104 0.663875 0.549159 0.662120
8 0.650763 0.724019 0.653060 0.726731 0.651172 0.732912 0.649026 0.730454
8 0.614031 0.675065 0.596786 0.651741 0.595911 0.652519 0.595161 0.656963 0.611281 0.678398 0.622276 0.693727 0.631023 0.705500 0.632211 0.705722 0.635026 0.710185 0.638698 0.716157 0.645125 0.724296 0.646526 0.718486 0.622958 0.686875 0.618841 0.680852
8 0.596516 0.677255 0.606922 0.686431 0.624510 0.701060 0.635026 0.710185 0.638698 0.716157 0.631375 0.710176 0.613779 0.695236 0.605313 0.688843 0.602953 0.686699
1 0.594271 0.738241 0.599609 0.748194 0.598602 0.749329 0.593930 0.739968
8 0.581534 0.720611 0.586617 0.723694 0.587198 0.730088 0.580526 0.726347 0.581120 0.723009
8 0.601901 0.732824 0.621490 0.743912 0.618779 0.744597 0.616167 0.744773 0.612875 0.742361 0.610359 0.743741 0.605521 0.741329 0.601698 0.738444 0.601578 0.734426
3 0.570312 0.821620 0.562846 0.792019 0.564573 0.792435 0.567747 0.788532 0.576198 0.778667 0.585234 0.775463 0.586042 0.775463 0.586068 0.771389 0.589263 0.762148 0.592844 0.760083 0.593133 0.756644 0.595456 0.752514 0.600294 0.747523 0.605521 0.741329 0.610359 0.743741 0.612875 0.742361 0.616167 0.744773 0.618779 0.744597 0.621490 0.743912 0.623328 0.744597 0.629521 0.743741 0.631070 0.743222 0.633198 0.746491 0.635328 0.748213 0.639393 0.748042 0.626133 0.796556 0.614617 0.793977 0.613940 0.792083 0.611521 0.792431 0.609971 0.793634 0.603779 0.792255 0.603586 0.793463 0.604167 0.793977 0.602810 0.801889 0.600487 0.810148 0.598263 0.814796 0.596906 0.819097 0.593133 0.827699 0.592359 0.830968 0.588435 0.834551 0.586383 0.829463 0.581792 0.824468 0.575529 0.821301
1 0.583125 0.753565 0.584885 0.764912 0.586068 0.771389 0.586042 0.775463 0.585234 0.775463 0.585302 0.771954 0.582268 0.757444 0.582268 0.755523 0.582656 0.754352
1 0.556562 0.764444 0.565703 0.755421 0.578258 0.742060 0.587198 0.730088 0.588367 0.729514 0.589336 0.730231 0.589214 0.731023 0.587721 0.732884 0.576065 0.746542 0.562857 0.760981 0.559122 0.764713 0.557214 0.765463
8 0.501857 0.578644 0.505130 0.582963 0.505823 0.582875 0.508948 0.586782 0.509271 0.587856 0.515927 0.596681 0.520805 0.602787 0.521099 0.607611 0.521229 0.609315 0.520505 0.609736 0.515143 0.601861 0.507549 0.592333 0.501437 0.584782 0.500596 0.583537
1 0.485466 0.545926 0.488328 0.548324 0.490109 0.549380 0.495565 0.552167 0.500911 0.553894 0.503286 0.555468 0.506458 0.557963 0.506484 0.559213 0.501289 0.554759 0.496698 0.553319 0.491516 0.551685 0.487656 0.549213 0.486396 0.548056 0.485521 0.547454
1 0.541344 0.522616 0.540052 0.519102 0.537471 0.510856 0.535615 0.502824 0.534284 0.494579 0.532953 0.484681 0.533112 0.483981 0.533013 0.481347 0.533716 0.481648 0.534036 0.486954 0.536146 0.501667 0.538773 0.511912 0.541286 0.520273 0.542810 0.526144 0.542318 0.527069 0.541589 0.524569
8 0.496029 0.592977 0.495969 0.593713 0.493625 0.595648 0.497995 0.602963 0.509370 0.618972 0.518430 0.630856 0.523409 0.634046 0.522878 0.627954 0.522878 0.627954 0.519867 0.624083 0.517805 0.622528 0.512188 0.615292 0.511768 0.614426 0.503247 0.602755 0.499997 0.597981
1 0.523518 0.607898 0.525297 0.607204 0.526563 0.606722 0.526563 0.607792 0.525104 0.608472 0.523609 0.609023
1 0.511927 0.613935 0.511768 0.614426 0.512188 0.615292 0.512659 0.614884 0.517148 0.612208 0.520068 0.610954 0.521354 0.610694 0.521253 0.609343 0.516693 0.611389
6 0.523409 0.634046 0.521099 0.607611 0.518216 0.567870 0.516844 0.553630 0.516169 0.542343 0.515607 0.541843 0.515576 0.539986 0.516042 0.539259 0.515802 0.529745 0.514893 0.528671 0.514786 0.526870 0.516393 0.526694 0.517581 0.527426 0.517917 0.530407 0.517872 0.532065 0.517898 0.532639 0.517786 0.536713 0.518854 0.549676 0.519859 0.563023 0.519997 0.566759 0.521305 0.577556 0.523302 0.604722 0.525208 0.631134 0.525208 0.633704 0.535000 0.626991 0.546302 0.619472 0.548156 0.618148 0.565885 0.606204 0.574049 0.600856 0.576992 0.599278 0.578578 0.599778 0.578622 0.601356 0.577922 0.602690 0.576010 0.603023 0.567604 0.609259 0.559680 0.614051 0.557242 0.615731 0.556448 0.617972 0.554117 0.617718 0.548190 0.621736 0.546536 0.622907 0.539375 0.627917 0.528802 0.634880 0.526284 0.636125 0.523997 0.635458
1 0.435490 0.443264 0.437305 0.448139 0.439656 0.452347 0.440495 0.453833 0.441089 0.455755 0.440880 0.456435 0.439289 0.453963 0.435909 0.447273 0.434758 0.444074
8 0.488185 0.475986 0.489823 0.487824 0.490555 0.491046 0.494216 0.491602 0.491984 0.477412 0.490956 0.472398 0.490109 0.475843
8 0.495714 0.498264 0.496115 0.501042 0.497521 0.502060 0.497729 0.503403 0.497260 0.504005 0.497260 0.508032 0.497573 0.511366 0.495385 0.511921 0.494182 0.512745 0.493401 0.512190 0.493349 0.510708 0.492568 0.505292 0.491682 0.497838 0.494089 0.498056
8 0.481448 0.489005 0.481479 0.490310 0.481526 0.496694 0.481568 0.498134 0.482117 0.498269 0.482167 0.499056 0.481617 0.499157 0.481747 0.500634 0.482216 0.500769 0.482273 0.502532 0.481229 0.503731 0.481497 0.508685 0.482479 0.509352 0.482336 0.510852 0.481542 0.510597 0.482055 0.528028 0.481979 0.552949 0.482117 0.559093 0.483190 0.560759 0.485333 0.559593 0.485615 0.556940 0.485333 0.535444 0.484766 0.505787 0.484844 0.497176 0.484570 0.490366 0.483250 0.490634 0.482734 0.489472
8 0.480893 0.478273 0.481164 0.487144 0.484505 0.488056 0.483854 0.476019 0.482203 0.476125 0.481112 0.476986
3 0.401984 0.405931 0.404693 0.407671 0.406513 0.409500 0.407917 0.408102 0.409638 0.408421 0.413326 0.406759 0.417013 0.409829 0.417479 0.413810 0.418740 0.416718 0.420513 0.421611 0.421797 0.423958 0.416794 0.422815 0.412440 0.421528 0.412719 0.426972 0.412198 0.431060 0.408565 0.429843 0.404383 0.415380
8 0.431120 0.481250 0.442013 0.489931 0.443544 0.491366 0.443786 0.493519 0.442786 0.495972 0.441810 0.496458 0.440682 0.495093 0.439794 0.494449 0.435651 0.490231
8 0.505208 0.499722 0.506888 0.499625 0.508422 0.500986 0.508609 0.510991 0.508367 0.513037 0.508953 0.514319 0.509096 0.519458 0.508589 0.524343 0.509167 0.525417 0.509312 0.534500 0.509385 0.551593 0.510253 0.583847 0.508448 0.584875 0.507109 0.584148 0.506786 0.571889 0.506505 0.571093 0.506182 0.566005 0.505091 0.565931 0.505214 0.563782 0.505536 0.562921 0.506586 0.562995 0.506484 0.559213 0.506458 0.557963 0.506198 0.544440 0.506125 0.542718 0.506060 0.529741 0.505768 0.520486 0.505323 0.514361 0.506052 0.513074 0.505930 0.511282 0.505180 0.510949
8 0.503104 0.436407 0.503828 0.446157 0.505242 0.458421 0.505081 0.460644 0.503789 0.461866 0.503953 0.466366 0.504453 0.470602 0.504193 0.474537 0.504714 0.492870 0.507786 0.493194 0.507630 0.477963 0.507333 0.476292 0.507435 0.466870 0.507135 0.463102 0.506802 0.456662 0.506302 0.445935 0.506068 0.434907 0.505789 0.431995
8 0.504896 0.411157 0.506818 0.411056 0.507076 0.414856 0.505125 0.414949 0.505044 0.413333 0.504630 0.412681
8 0.439654 0.369486 0.456232 0.371421 0.456594 0.372856 0.456432 0.377231 0.455466 0.377519 0.448245 0.376227 0.439935 0.374792 0.437716 0.373287 0.437919 0.371134
8 0.400417 0.397639 0.400969 0.396065 0.410104 0.397986 0.418609 0.399162 0.418680 0.399782 0.420073 0.400093 0.420214 0.399597 0.426536 0.400046 0.435414 0.401273 0.436005 0.402264 0.437818 0.401769 0.440260 0.402315 0.448346 0.403380 0.459844 0.405046 0.459586 0.406162 0.458227 0.409259 0.458021 0.410324 0.449057 0.409014 0.447349 0.408519 0.447943 0.406657 0.446617 0.405417 0.445922 0.406102 0.445711 0.407403 0.442643 0.404796 0.441878 0.405542 0.441633 0.407028 0.438984 0.407523 0.437268 0.406986 0.433349 0.407148 0.423750 0.404954 0.419846 0.405176 0.416500 0.404602 0.412721 0.403639 0.407164 0.400671 0.405672 0.399593 0.403818 0.399736 0.403333 0.399949 0.401250 0.399213
