0 0.266365 0.000000 0.265979 0.005991 0.266294 0.006546 0.269273 0.006546 0.272883 0.008500 0.274766 0.010731 0.275706 0.010171 0.280724 0.002921 0.282294 0.000968 0.282339 0.000000
1 0.554029 0.338412 0.555018 0.338042 0.556971 0.337856 0.558534 0.335542 0.559628 0.335634 0.559628 0.336745 0.559003 0.337949 0.557909 0.338736 0.556685 0.339153 0.555357 0.339153 0.554940 0.339153
8 0.551911 0.337042 0.553750 0.333472 0.554453 0.334167 0.554401 0.335370 0.553177 0.337963
2 0.549294 0.309519 0.547898 0.315597 0.547299 0.319500 0.547669 0.325227 0.552602 0.327356 0.555052 0.327560 0.558245 0.329991 0.557448 0.328116 0.557620 0.327051 0.558133 0.327356 0.558531 0.328773 0.560070 0.328676 0.560128 0.329889 0.565161 0.330657 0.566786 0.330000 0.567773 0.329005 0.570924 0.328213 0.571141 0.325523 0.568385 0.319764 0.565685 0.318324 0.564878 0.315704
2 0.574141 0.333204 0.572812 0.333204 0.569135 0.337565 0.567742 0.337685 0.565664 0.336394 0.565036 0.333639 0.566786 0.330000 0.567773 0.329005 0.570924 0.328213 0.573138 0.328213 0.573878 0.328417 0.574339 0.331292
2 0.575161 0.332384 0.574141 0.333204 0.572812 0.333204 0.569135 0.337565 0.568102 0.339370 0.567539 0.338727 0.566518 0.338199 0.565823 0.338792 0.565727 0.341069 0.566089 0.343356 0.565594 0.347463 0.565956 0.348519 0.568992 0.348343 0.570937 0.346176 0.573810 0.344176 0.574729 0.343477 0.577023 0.341750 0.577747 0.340750 0.578443 0.341343 0.579102 0.343278 0.581375 0.345329 0.583484 0.346736 0.585831 0.347435 0.587844 0.346028 0.588763 0.344741 0.587643 0.343977 0.587977 0.343685 0.588997 0.343514 0.588909 0.341949 0.590893 0.340528 0.591898 0.340106 0.591359 0.339144 0.588992 0.338537 0.587081 0.337926 0.585115 0.337829 0.582406 0.337727 0.582135 0.336722 0.579440 0.336486 0.578513 0.334681 0.577719 0.333426
2 0.579440 0.336486 0.578513 0.334681 0.577719 0.333426 0.576880 0.329343 0.576880 0.324949 0.577453 0.319454 0.576703 0.316884 0.577365 0.315606 0.578247 0.316157 0.582487 0.333819 0.582487 0.335782 0.582135 0.336722
2 0.588729 0.324981 0.586706 0.324440 0.584263 0.324917 0.582318 0.325458 0.581859 0.327088 0.581935 0.330412 0.582661 0.332991 0.583234 0.335431 0.584148 0.336787 0.585523 0.337329 0.588539 0.338009 0.589872 0.337602 0.591094 0.336856 0.590201 0.333602 0.590370 0.331727 0.589872 0.329056
2 0.595133 0.332972 0.596104 0.335324 0.597474 0.337208 0.601315 0.338935 0.600398 0.340005 0.597805 0.340681 0.596922 0.339171 0.592880 0.340037 0.591740 0.338718 0.591510 0.337301 0.590201 0.333602 0.590370 0.331727 0.591880 0.331824 0.592935 0.332685 0.594247 0.332435
2 0.599273 0.347301 0.599865 0.347468 0.600628 0.348213 0.605628 0.354454 0.608719 0.356356 0.606966 0.358662 0.605641 0.361269 0.603919 0.358676 0.602612 0.355269 0.601672 0.354995 0.600891 0.354690 0.599836 0.352167 0.599539 0.349704
2 0.604159 0.340250 0.603497 0.341898 0.610518 0.352653 0.609755 0.355319 0.608719 0.356356 0.605628 0.354454 0.600628 0.348213 0.599865 0.347468 0.599273 0.347301 0.598755 0.346227 0.598984 0.342560 0.597805 0.340681 0.600398 0.340005 0.602917 0.340069
9 0.602286 0.336898 0.601315 0.338935 0.597474 0.337208 0.596104 0.335324 0.595133 0.332972 0.595753 0.331639 0.597031 0.331167 0.598180 0.331245
1 0.528958 0.313981 0.526328 0.317917 0.524505 0.321204 0.521724 0.327625 0.520070 0.331213 0.518505 0.337375 0.519721 0.336815 0.521711 0.329875 0.522547 0.336630 0.523307 0.335903 0.522214 0.329144 0.523357 0.326083 0.525310 0.322153 0.527109 0.318861 0.530120 0.314444
5 0.401146 0.197935 0.400299 0.200194 0.401888 0.215074 0.406974 0.220912 0.410362 0.225431 0.414284 0.226185 0.420427 0.226750 0.425406 0.221287 0.428266 0.216954 0.426484 0.211102 0.422273 0.213546 0.417510 0.204431
2 0.433362 0.161509 0.431190 0.157685 0.428016 0.168634 0.425307 0.174940 0.424104 0.177245 0.423828 0.182616 0.427216 0.186199 0.430604 0.175944
5 0.448831 0.168667 0.444591 0.157556 0.440036 0.152093 0.439083 0.150019 0.433362 0.144935 0.431031 0.142111 0.427430 0.144745 0.426159 0.148889 0.427854 0.153977 0.431190 0.157685 0.433362 0.161509 0.436010 0.177139 0.444380 0.174315
2 0.471732 0.186347 0.470026 0.182944 0.467029 0.176995 0.469956 0.175384 0.471701 0.177551 0.475195 0.182273 0.473419 0.183023
2 0.466773 0.183894 0.463701 0.183894 0.459503 0.185046 0.459680 0.188412 0.462104 0.191037 0.468016 0.190199 0.470466 0.188866 0.471732 0.186347 0.470026 0.184208
2 0.458841 0.190745 0.453875 0.186435 0.451039 0.185278 0.447964 0.189481 0.448201 0.199991 0.449503 0.206296 0.451630 0.213023 0.452102 0.223954 0.454703 0.231097 0.459669 0.231097 0.458427 0.221954 0.459964 0.219222 0.460141 0.209449 0.459906 0.201463 0.461797 0.195264 0.461089 0.191796
2 0.500740 0.194171 0.492112 0.185764 0.491242 0.188310 0.501154 0.197935 0.501052 0.196481
2 0.619172 0.360069 0.619349 0.356301 0.619922 0.351630 0.618732 0.350690 0.616612 0.348333 0.615773 0.345977 0.616612 0.338287 0.615552 0.338602 0.614492 0.345352 0.612151 0.342917 0.612284 0.340639 0.610385 0.341190 0.608883 0.340481 0.607383 0.338602 0.605617 0.338833 0.604159 0.340250 0.603497 0.341898 0.610518 0.352653 0.612370 0.352713
2 0.619349 0.356301 0.619172 0.360069 0.621039 0.363181 0.623901 0.366556 0.630167 0.373569 0.633523 0.376083 0.635818 0.376398 0.637497 0.375218 0.638646 0.373338 0.639924 0.369491 0.636260 0.364463 0.634406 0.363838 0.633789 0.361088 0.626281 0.357792
2 0.596922 0.339171 0.590893 0.340528 0.588909 0.341949 0.589367 0.344324 0.590281 0.346495 0.592036 0.347583 0.595547 0.346597 0.598755 0.346227 0.598984 0.342560
2 0.588432 0.353005 0.590466 0.353727 0.592865 0.353097 0.594237 0.350741 0.596581 0.350194 0.599786 0.354722 0.600891 0.354690 0.599836 0.352167 0.599539 0.349704 0.599273 0.347301 0.595547 0.346597 0.594721 0.348005 0.590237 0.348412 0.588620 0.350819
9 0.564781 0.354639 0.564599 0.353264 0.565570 0.351440 0.567651 0.353569 0.568763 0.355898 0.568677 0.357218 0.567964 0.357722
2 0.569820 0.362940 0.569495 0.361444 0.567487 0.363269 0.567161 0.365759 0.565995 0.367917 0.564315 0.368745 0.564406 0.373639 0.567406 0.378269 0.569992 0.368694 0.569992 0.368694
2 0.554047 0.377458 0.553724 0.381602 0.552714 0.390653 0.549740 0.395213 0.553469 0.394120 0.557865 0.394394 0.561031 0.394667 0.559331 0.391921 0.558672 0.389694 0.559495 0.387231 0.561344 0.385648 0.563190 0.385236 0.564641 0.385588 0.567742 0.386116 0.567299 0.382769 0.561607 0.380361
2 0.561031 0.394667 0.562461 0.395028 0.564557 0.397574 0.565935 0.399028 0.567570 0.398301 0.569971 0.396301 0.571352 0.396662 0.571964 0.397208 0.572833 0.398843 0.572068 0.399843 0.572372 0.401389 0.576727 0.401157 0.571216 0.392338 0.567813 0.387968 0.567742 0.386116 0.564641 0.385588 0.563190 0.385236 0.561344 0.385648 0.559495 0.387231 0.558672 0.389694 0.559331 0.391921
2 0.573669 0.409556 0.575953 0.408676 0.577930 0.407727 0.578008 0.405292 0.579190 0.403343 0.576727 0.401157 0.572372 0.401389 0.572068 0.399843 0.572833 0.398843 0.571964 0.397208 0.571352 0.396662 0.569971 0.396301 0.567570 0.398301 0.565935 0.399028 0.564557 0.397574 0.562461 0.395028 0.561031 0.394667 0.557865 0.394394 0.553469 0.394120 0.549740 0.395213 0.549128 0.399481 0.551885 0.399389 0.554695 0.396755 0.556638 0.397028 0.557557 0.399028 0.558273 0.398755 0.559039 0.400843 0.561234 0.403657 0.564148 0.405384 0.571607 0.408380
2 0.549969 0.401398 0.550440 0.403500 0.551703 0.403639 0.553518 0.405324 0.554148 0.407005 0.557406 0.406829 0.561654 0.405088 0.563102 0.406412 0.562260 0.407741 0.563799 0.417032 0.568141 0.416370 0.573089 0.415125 0.570284 0.414491 0.571122 0.411921 0.571505 0.410380 0.571607 0.408380 0.564148 0.405384 0.561234 0.403657 0.559039 0.400843 0.558273 0.398755 0.557557 0.399028 0.556638 0.397028 0.554695 0.396755 0.551885 0.399389 0.549128 0.399481
2 0.481102 0.195935 0.481161 0.189722 0.483091 0.189829 0.483091 0.196361
2 0.484839 0.196468 0.483091 0.196361 0.481102 0.195935 0.478510 0.196417 0.478029 0.198829 0.478315 0.202347 0.486138 0.203296 0.485872 0.196509
2 0.559083 0.437491 0.562677 0.436398 0.567471 0.438157 0.566367 0.441338 0.564693 0.447829 0.563477 0.454116 0.565195 0.451852 0.568333 0.451620 0.571182 0.450440 0.574307 0.449972 0.573401 0.444676 0.571964 0.439458 0.569526 0.433236 0.567862 0.431556 0.561979 0.428898
2 0.604247 0.409731 0.606008 0.402056 0.611664 0.395037 0.618794 0.387810 0.620471 0.387032 0.620750 0.390255 0.619440 0.390917 0.616271 0.392556 0.612487 0.396861 0.608086 0.402963 0.606148 0.409537
2 0.597589 0.384426 0.600060 0.384713 0.601674 0.386218 0.601432 0.389306 0.599094 0.388301 0.597000 0.388514
2 0.512740 0.400694 0.512818 0.394806 0.512974 0.389477 0.514078 0.388778 0.516208 0.390319 0.519365 0.393546 0.523151 0.393125 0.525279 0.391583 0.527331 0.388218 0.530013 0.392565 0.531826 0.393963 0.533563 0.394667 0.533799 0.395648 0.533247 0.397190 0.532615 0.397894 0.532221 0.397190 0.531510 0.396912 0.530565 0.395088 0.530091 0.394667 0.529224 0.394528 0.528987 0.395227 0.528672 0.395787 0.528672 0.397190 0.529065 0.398731 0.529932 0.401116 0.530802 0.403079 0.531117 0.405463 0.531036 0.407847 0.522328 0.408685 0.518221 0.407028 0.513505 0.404204
2 0.406341 0.263560 0.401919 0.268194 0.404565 0.272829 0.409620 0.267352
1 0.694318 0.716880 0.691224 0.705866 0.683380 0.690560 0.678557 0.679560 0.679562 0.680278 0.688398 0.697486 0.691628 0.703657 0.693182 0.707898 0.693760 0.709403 0.695510 0.715620 0.697148 0.723662 0.699255 0.741616 0.699039 0.754574 0.705518 0.783375 0.704008 0.783954 0.697148 0.756880 0.697474 0.753042 0.697203 0.741426
2 0.429870 0.296250 0.425768 0.294106 0.425242 0.294694 0.424977 0.296917 0.425208 0.298088 0.429456 0.303569
2 0.530958 0.410792 0.525128 0.421875 0.516784 0.412139 0.517216 0.409449 0.519539 0.409639 0.526828 0.412523
2 0.561979 0.428898 0.553534 0.425167 0.544945 0.420769 0.532458 0.411912 0.532570 0.412162 0.533615 0.414778 0.533383 0.415949 0.528810 0.423394 0.539724 0.439431 0.552539 0.436037 0.559083 0.437491
2 0.530958 0.410792 0.525128 0.421875 0.525010 0.424565 0.526716 0.424773 0.528810 0.423394 0.533383 0.415949 0.533615 0.414778 0.532570 0.412162
2 0.640052 0.425579 0.641747 0.423356 0.642581 0.423264 0.643021 0.424009 0.643674 0.426139 0.642932 0.429245 0.641255 0.433102 0.639018 0.430588
2 0.645521 0.431667 0.644229 0.431935 0.644456 0.434236 0.646815 0.434505
2 0.642932 0.429245 0.643029 0.434273 0.644307 0.434644 0.644042 0.429639
2 0.646815 0.438630 0.645102 0.437755 0.640615 0.436806 0.639552 0.441000 0.638016 0.441958 0.640435 0.443463 0.646549 0.439917
2 0.633365 0.432926 0.634685 0.435319 0.637385 0.439310 0.639552 0.441000 0.639516 0.437009 0.633891 0.432051
2 0.649935 0.439782 0.644646 0.445056 0.648057 0.446593 0.650375 0.440528
5 0.503036 0.302273 0.514682 0.311935 0.515375 0.311204 0.516664 0.309264 0.518398 0.304819 0.518802 0.301523 0.518440 0.301019 0.516948 0.301093 0.515779 0.302310 0.514688 0.303097 0.512430 0.302954 0.509607 0.302884 0.507104 0.302454 0.505492 0.301306 0.504484 0.301019 0.503232 0.300519 0.502628 0.301449
5 0.515357 0.242366 0.515357 0.235282 0.516086 0.232782 0.518898 0.230236 0.525708 0.232690 0.530083 0.236486 0.532062 0.239681 0.532583 0.242412 0.533534 0.248009 0.534966 0.250370 0.537128 0.253472 0.538456 0.255926 0.539602 0.259028 0.540148 0.262222 0.539497 0.264676 0.537154 0.263102 0.532857 0.261250 0.526503 0.256449 0.523818 0.254963 0.523958 0.253537 0.521518 0.250685 0.521419 0.246255
2 0.636883 0.442750 0.632656 0.435000 0.624719 0.444440 0.629755 0.452884 0.630352 0.452630 0.629982 0.448287 0.627971 0.448412 0.627849 0.447338 0.627891 0.445685 0.629586 0.444685 0.635997 0.443537
2 0.641708 0.534634 0.640716 0.538495 0.634396 0.544241 0.634945 0.545074 0.629708 0.549560 0.633763 0.554375 0.638826 0.549662 0.639880 0.548542 0.640141 0.547347 0.643263 0.542111
2 0.623203 0.442083 0.625078 0.438657 0.625820 0.438620 0.626029 0.437444 0.626018 0.436981 0.633320 0.422926 0.635578 0.417116 0.635862 0.414824 0.636437 0.414866 0.637167 0.415519 0.637635 0.416769 0.637635 0.418991 0.636701 0.421995 0.640052 0.425579 0.639018 0.430588 0.641255 0.433102 0.642932 0.429245 0.643029 0.434273 0.639281 0.433514 0.634383 0.429773 0.633594 0.429889 0.633891 0.432051 0.633365 0.432926 0.631128 0.429130 0.630010 0.431468 0.632542 0.435032 0.624719 0.444440
2 0.625562 0.411815 0.626677 0.412032 0.628003 0.416532 0.628818 0.422444 0.629654 0.426472 0.632318 0.421574 0.629302 0.415532 0.629310 0.414509 0.627695 0.410806 0.626497 0.409833
2 0.624914 0.435213 0.624354 0.430255 0.620625 0.428829 0.619474 0.427403 0.619542 0.426718 0.619333 0.424727 0.618734 0.422968 0.622820 0.417014 0.624870 0.421514 0.626768 0.418940 0.628120 0.420898 0.628818 0.422444 0.629654 0.426472
8 0.624112 0.438435 0.622857 0.439426 0.621810 0.441227 0.623203 0.442083 0.625078 0.438657
2 0.618734 0.422968 0.619333 0.424727 0.619542 0.426718 0.619474 0.427403 0.618638 0.429139 0.616885 0.435560 0.615219 0.436532 0.613604 0.433894 0.615740 0.428060
8 0.612721 0.433162 0.614284 0.435060 0.615430 0.437468 0.616211 0.439088 0.616164 0.440231 0.616185 0.442454 0.616185 0.442454 0.614740 0.439398 0.611784 0.435060
8 0.610112 0.432204 0.609070 0.432296 0.608185 0.432435 0.606440 0.433731 0.604878 0.435398 0.600938 0.441023 0.601622 0.441787 0.604643 0.438083 0.607117 0.435028 0.608445 0.433824 0.609227 0.433731
2 0.603411 0.436949 0.601068 0.437736 0.599323 0.438986 0.598125 0.440051 0.600938 0.441023
2 0.606411 0.438380 0.605214 0.438148 0.603286 0.439861 0.602141 0.442731 0.602010 0.446296
2 0.609753 0.437662 0.605807 0.446250 0.607005 0.446528 0.608151 0.448981 0.607839 0.450972 0.610883 0.451556 0.612992 0.450648 0.613836 0.450542 0.614708 0.450968 0.615161 0.453111 0.615010 0.455417 0.615461 0.457181 0.616896 0.458329 0.616185 0.442454 0.614740 0.439398
2 0.626042 0.463019 0.618289 0.462111 0.616896 0.458329 0.616164 0.440231 0.617070 0.436079 0.618638 0.429139 0.619474 0.427403 0.620625 0.428829 0.619964 0.433417 0.624354 0.430255 0.624914 0.435213 0.626029 0.437444 0.625820 0.438620 0.624112 0.438435 0.622857 0.439426 0.621810 0.441227 0.621393 0.444074 0.621044 0.448227 0.622021 0.452319 0.623659 0.455046 0.626589 0.458148 0.626302 0.460556
2 0.595469 0.453287 0.595370 0.455509 0.597005 0.455509 0.598802 0.454306 0.600703 0.451574 0.601797 0.449722 0.600943 0.448426 0.602010 0.446296 0.602141 0.442731 0.596568 0.440880 0.595469 0.450565 0.597318 0.451028 0.598958 0.452602 0.597812 0.454083
2 0.616674 0.462106 0.615781 0.461111 0.614583 0.461204 0.613125 0.460370 0.612500 0.459722 0.611615 0.459861 0.610885 0.458796 0.610130 0.458657 0.609167 0.458981 0.607318 0.458611 0.606276 0.464352 0.609844 0.463968 0.613698 0.465000
2 0.600000 0.464769 0.599010 0.463796 0.597708 0.463519 0.597109 0.463102 0.597344 0.461991 0.599453 0.458750 0.602083 0.455370 0.604219 0.457963 0.607318 0.458611 0.606276 0.464352 0.604844 0.464444 0.604219 0.463565 0.600964 0.465648 0.600469 0.465880
2 0.598896 0.469056 0.600000 0.464769 0.599010 0.463796 0.597708 0.463519 0.597109 0.463102 0.597344 0.461991 0.599453 0.458750 0.602526 0.454722 0.603151 0.455556 0.603828 0.454630 0.603828 0.454028 0.606979 0.456157 0.607839 0.450972 0.608151 0.448981 0.607005 0.446528 0.605807 0.446250 0.601797 0.449722 0.600703 0.451574 0.598802 0.454306 0.597005 0.455509 0.595161 0.457755 0.594484 0.461231 0.595651 0.467204 0.597385 0.470690
2 0.600805 0.467884 0.603367 0.469870 0.604682 0.466014 0.604219 0.463565 0.600964 0.465648 0.600469 0.465880
2 0.585370 0.465148 0.584474 0.463417 0.582818 0.461505 0.581326 0.458782 0.580479 0.458639 0.579672 0.458852 0.580318 0.460931 0.582698 0.463301 0.584914 0.465810
2 0.593224 0.458185 0.589865 0.457306 0.588901 0.457815 0.584682 0.461657 0.584474 0.463417 0.585370 0.465148 0.586846 0.464560 0.588143 0.463324 0.589648 0.461236 0.591034 0.459898
8 0.598958 0.452602 0.597318 0.451028 0.595469 0.450565 0.593203 0.449731 0.590573 0.449963 0.589870 0.450565 0.589870 0.451167 0.590260 0.452417 0.592604 0.452417 0.597812 0.454083
2 0.595161 0.457755 0.594138 0.457593 0.591034 0.459898 0.589648 0.461236 0.588143 0.463324 0.586846 0.464560 0.585370 0.465148 0.584435 0.467292 0.584164 0.469861 0.583776 0.474199 0.583740 0.481574 0.583740 0.493162 0.584984 0.495662 0.598609 0.487037 0.598880 0.487736 0.599828 0.487889 0.600482 0.486560 0.600500 0.482611 0.600451 0.478625 0.599906 0.475792 0.598305 0.473190 0.597648 0.471977 0.597385 0.470690 0.595651 0.467204 0.594484 0.461231
2 0.579245 0.486759 0.580885 0.465741 0.583880 0.464963 0.583776 0.474199 0.583286 0.476241 0.582659 0.478227 0.583044 0.480023 0.583740 0.481574 0.583740 0.493162
2 0.576201 0.483162 0.578646 0.465139 0.580885 0.465741 0.579245 0.486759
2 0.572760 0.470741 0.573570 0.469736 0.576513 0.470106 0.576799 0.472144 0.576747 0.476588 0.576201 0.483162 0.573888 0.481000 0.573130 0.472884
2 0.568688 0.476162 0.567964 0.468588 0.568078 0.462907 0.568078 0.461690 0.569023 0.461083 0.571930 0.466088 0.573130 0.472884 0.573888 0.481000
2 0.562867 0.468319 0.565948 0.463042 0.568078 0.461690 0.568078 0.462907 0.567964 0.468588 0.568688 0.476162
2 0.609844 0.463968 0.604682 0.466014 0.603367 0.469870 0.600805 0.467884 0.598896 0.469056 0.597385 0.470690 0.597648 0.471977 0.599422 0.472208 0.599883 0.473380 0.601549 0.472463 0.604245 0.471468 0.606591 0.469639 0.610602 0.465898
2 0.599906 0.475792 0.600302 0.474157 0.601549 0.472463 0.604245 0.471468 0.605495 0.471935 0.606383 0.473620 0.608513 0.483079 0.607544 0.484083 0.606859 0.486736 0.606859 0.488815 0.604216 0.486315
2 0.629755 0.452884 0.632370 0.458236 0.634188 0.463139 0.636547 0.467986 0.637456 0.470056 0.637995 0.469454 0.639784 0.472181 0.639302 0.473644 0.641320 0.477787 0.641927 0.481991 0.640148 0.487338 0.638312 0.485884 0.637393 0.486199 0.636854 0.482514 0.634612 0.470394 0.630997 0.469838 0.630786 0.463681 0.626042 0.463019 0.626302 0.460556 0.626589 0.458148 0.629047 0.456315
2 0.388458 0.157500 0.386161 0.162056 0.380164 0.181519 0.383292 0.187625 0.385995 0.190458 0.386122 0.174190
5 0.395531 0.093556 0.396026 0.096829 0.396633 0.102144 0.399214 0.105801 0.403221 0.110819 0.405279 0.116153 0.410328 0.115079 0.417154 0.116412 0.419669 0.115403 0.417716 0.108880 0.418844 0.091477 0.418148 0.090616 0.415924 0.093333 0.415786 0.095556 0.412383 0.095801 0.412453 0.092593 0.409674 0.089505 0.408633 0.088639 0.404185 0.088764 0.403977 0.090616 0.400018 0.091852 0.397240 0.092838
2 0.641458 0.491898 0.642833 0.496569 0.646841 0.499856 0.648898 0.501343 0.651026 0.504009 0.651339 0.507106 0.652036 0.511444 0.653221 0.513306 0.651859 0.512833 0.651469 0.511394 0.647531 0.507273 0.647242 0.505574 0.643885 0.502940 0.641482 0.500778 0.639776 0.499130 0.638878 0.499028 0.639172 0.496537 0.639479 0.493023
2 0.606859 0.488815 0.608836 0.491181 0.609562 0.495556 0.613130 0.511949 0.612812 0.512083 0.609687 0.506343 0.607812 0.507037 0.605802 0.504319 0.603096 0.498097 0.602070 0.491870 0.600576 0.491042 0.598523 0.490463 0.599828 0.487889 0.600482 0.486560 0.602302 0.484403 0.604216 0.486315
2 0.611354 0.517431 0.607932 0.512023 0.605797 0.510028 0.603661 0.506880 0.602047 0.506606 0.600198 0.511602 0.596979 0.507546 0.598404 0.506148 0.598221 0.504593 0.595130 0.503750 0.591719 0.499028 0.595182 0.493796 0.605625 0.504167 0.607812 0.507037 0.609687 0.506343 0.612812 0.512083
8 0.584984 0.495662 0.598609 0.487037 0.598880 0.487736 0.598758 0.489019 0.586526 0.497375
8 0.592859 0.504218 0.598221 0.504593 0.598404 0.506148 0.593281 0.506042
8 0.586948 0.498542 0.588393 0.497148 0.592732 0.503792 0.590833 0.504486
2 0.447292 0.288380 0.446341 0.299231 0.444831 0.296208 0.444479 0.294486
2 0.438753 0.283833 0.438224 0.282421 0.436990 0.282421 0.436990 0.284380 0.435578 0.285556 0.433992 0.287046 0.431349 0.290255 0.430203 0.291588 0.429870 0.296250 0.429456 0.303569 0.430424 0.304824 0.432628 0.305454 0.434331 0.301556 0.442471 0.307880 0.445604 0.302537 0.446906 0.299949 0.446341 0.299231 0.444831 0.296208 0.444479 0.294486 0.444216 0.293468 0.444479 0.290176 0.443862 0.288065 0.442982 0.287907 0.442542 0.290569
2 0.608513 0.483079 0.607544 0.484083 0.606859 0.486736 0.606859 0.488815 0.608836 0.491181 0.609562 0.495556 0.613526 0.513602 0.614911 0.519222 0.615604 0.530977 0.616768 0.530819 0.617081 0.522690 0.616508 0.519060 0.614406 0.509333
2 0.656635 0.434343 0.655052 0.431894 0.656271 0.429787 0.658083 0.425139 0.659201 0.421111 0.661151 0.422167 0.660594 0.426255 0.661849 0.430037 0.662406 0.432579 0.661701 0.433481 0.660073 0.435037 0.657807 0.434296
2 0.600198 0.514380 0.600198 0.511602 0.602047 0.506606 0.603661 0.506880 0.605797 0.510028 0.607932 0.512023 0.611354 0.517431 0.611302 0.519699 0.610958 0.524597 0.610260 0.526181
2 0.665828 0.535250 0.662260 0.539833 0.665385 0.541546 0.669141 0.544259 0.673117 0.546306 0.673534 0.544875 0.674732 0.544551 0.675253 0.543111 0.675253 0.542370 0.676008 0.542005 0.676086 0.541120 0.675227 0.540940 0.675096 0.539593 0.674107 0.539690 0.673378 0.539782 0.673065 0.538162
2 0.674969 0.554741 0.668193 0.557866 0.666438 0.557718 0.665529 0.556625 0.664120 0.556894 0.663438 0.553194 0.669141 0.544259 0.676615 0.548102 0.677995 0.545417 0.678932 0.545972 0.678724 0.546898 0.677578 0.548472 0.678411 0.548935 0.678177 0.550278 0.677552 0.550139 0.677552 0.553519
2 0.656547 0.539634 0.656469 0.541116 0.656234 0.542181 0.656599 0.545097 0.657682 0.546944 0.661953 0.544537 0.661286 0.542134 0.658865 0.540097 0.657745 0.539727
2 0.659742 0.560009 0.662406 0.557366 0.664120 0.556894 0.661953 0.544537 0.657682 0.546944
2 0.666438 0.557718 0.664180 0.560690 0.661083 0.563514 0.659578 0.570356 0.665852 0.583588 0.667273 0.582699 0.667323 0.592593 0.665992 0.600407 0.664581 0.602347 0.663492 0.601773 0.662099 0.598083 0.661773 0.591843 0.660026 0.583102 0.657555 0.584602 0.657883 0.582741 0.657995 0.577935 0.656208 0.573472 0.656167 0.570296 0.657685 0.564343 0.659742 0.560009 0.662406 0.557366 0.664120 0.556894 0.665529 0.556625
2 0.386383 0.094023 0.388060 0.089051 0.388753 0.086824 0.390036 0.086065 0.392273 0.087352 0.394117 0.093144 0.395531 0.093556 0.396026 0.096829 0.396633 0.102144 0.394297 0.107227 0.390253 0.112741 0.388859 0.109458 0.388964 0.106356 0.389576 0.103444 0.389508 0.100106 0.389047 0.098704 0.386776 0.098412
2 0.470286 0.220380 0.473755 0.220093 0.474643 0.219019 0.476055 0.217227 0.477063 0.217801 0.477870 0.220954 0.474240 0.237375 0.473367 0.245801 0.467276 0.247236 0.464169 0.246519 0.462677 0.245588 0.463484 0.242361 0.463646 0.237986 0.463000 0.235977 0.462115 0.234759 0.462034 0.231028 0.465099 0.228306 0.467841 0.220773
2 0.513758 0.253315 0.515372 0.253685 0.515477 0.258639 0.516388 0.260213 0.516492 0.261278 0.515737 0.263315 0.514253 0.264704 0.513414 0.265394 0.512737 0.272106 0.512557 0.277662 0.511865 0.277685 0.511443 0.276134 0.510089 0.274903 0.507948 0.273134 0.506141 0.271903 0.505117 0.270722 0.506742 0.264991 0.506833 0.262097 0.507497 0.260921 0.508974 0.259046 0.511021 0.253958
2 0.664982 0.437231 0.664435 0.438389 0.664721 0.438991 0.667599 0.441426 0.667234 0.443231 0.669266 0.445407 0.670547 0.447037 0.672630 0.445139 0.673151 0.443148 0.672161 0.439074 0.671094 0.434769 0.669844 0.432685 0.669063 0.432639 0.667474 0.433148 0.666224 0.434167 0.664505 0.435741
2 0.457076 0.337120 0.461576 0.330944 0.461260 0.329537 0.459602 0.330380 0.455234 0.334690
2 0.434331 0.301556 0.432214 0.307139 0.440404 0.317208 0.455234 0.334690 0.459602 0.330380 0.462208 0.319167 0.460422 0.319889 0.458510 0.321222 0.457146 0.321222 0.455091 0.319042 0.452362 0.316250 0.451201 0.316250 0.449495 0.315644 0.447521 0.314671 0.447599 0.311162 0.447599 0.308218 0.447995 0.304565 0.447284 0.303583 0.446906 0.299949 0.445604 0.302537 0.442471 0.307880
2 0.467815 0.301759 0.466990 0.304287 0.462208 0.308060 0.463549 0.314097 0.462208 0.319167 0.460234 0.318745 0.458260 0.315375 0.454391 0.310602 0.451313 0.312569 0.447521 0.314671 0.447599 0.311162 0.447599 0.308218 0.447995 0.304565 0.447284 0.303583 0.446906 0.299949 0.449971 0.294069 0.453359 0.289769 0.457201 0.287356
5 0.649388 0.454306 0.650427 0.458833 0.653776 0.467468 0.655016 0.472472 0.656792 0.479796 0.658555 0.477111 0.660927 0.479093 0.663263 0.482190 0.664727 0.482810 0.665937 0.484167 0.668573 0.478838 0.672135 0.472620 0.675695 0.469287 0.681831 0.463912 0.684036 0.463611 0.679974 0.458102 0.679427 0.457269 0.675599 0.457176 0.675729 0.459398 0.671667 0.459213 0.666406 0.458657 0.668724 0.461389 0.668151 0.464630 0.662135 0.458796 0.656849 0.459120
5 0.648057 0.446593 0.650375 0.440528 0.652016 0.437704 0.656635 0.434343 0.657807 0.434296 0.660073 0.435037 0.661701 0.433481 0.663211 0.434593 0.663784 0.434269 0.664982 0.437231 0.664435 0.438389 0.664721 0.438991 0.667599 0.441426 0.667234 0.443231 0.669266 0.445407 0.671492 0.452991 0.671372 0.455616 0.662453 0.455454 0.655672 0.450329
5 0.484784 0.372449 0.485406 0.366361 0.490495 0.353056 0.492547 0.348505 0.494609 0.345324 0.497846 0.342926 0.500391 0.342269 0.506284 0.337810 0.510362 0.336574 0.511685 0.336704 0.512802 0.337940 0.522380 0.342347 0.523289 0.342394 0.525898 0.346722 0.530240 0.369273 0.524719 0.369319 0.524628 0.373639 0.523693 0.374301 0.523365 0.374468 0.523693 0.372639 0.521643 0.371394 0.519823 0.373556 0.519786 0.371093 0.519474 0.370065 0.518328 0.370111 0.516195 0.373037 0.515125 0.374699 0.511820 0.376736 0.511422 0.377491 0.511318 0.379255 0.512044 0.380824 0.511344 0.381468 0.510953 0.382264 0.510826 0.383690 0.511161 0.385176 0.511732 0.386606 0.512174 0.389116 0.511633 0.396023 0.511323 0.397389 0.511391 0.400306 0.511789 0.400801 0.510919 0.404769
5 0.578807 0.343778 0.574622 0.344194 0.572031 0.346292 0.568695 0.349546 0.569857 0.359120 0.569992 0.368694 0.567406 0.378269 0.567813 0.387968 0.571216 0.392338 0.576727 0.401157 0.579190 0.403343 0.582536 0.403898 0.588828 0.397093 0.593276 0.397949 0.597000 0.388514 0.597589 0.384426 0.601182 0.379611 0.603422 0.374685 0.602479 0.371856 0.604010 0.362431 0.602422 0.356880 0.601672 0.354995 0.599786 0.354722 0.596581 0.350194 0.594237 0.350741 0.592865 0.353097 0.590466 0.353727 0.588432 0.353005
1 0.624740 0.508352 0.621956 0.512296 0.619393 0.514977 0.619888 0.519444 0.620193 0.528032 0.619924 0.529856 0.619393 0.529384 0.618555 0.523907 0.618443 0.520319 0.618443 0.516468 0.619203 0.514102 0.621104 0.511394 0.623500 0.507606
2 0.648466 0.576310 0.653609 0.578120 0.654687 0.582199 0.654305 0.585852 0.653607 0.588884 0.652643 0.592097
2 0.618828 0.536759 0.621701 0.534329 0.626724 0.535444 0.623682 0.541236
2 0.614911 0.519222 0.612508 0.523565 0.610958 0.524597 0.610260 0.526181 0.618828 0.536759 0.621701 0.534329 0.626724 0.535444 0.628698 0.531380 0.628609 0.528190 0.624260 0.522213 0.620760 0.523088 0.620177 0.523167 0.620193 0.528032 0.619924 0.529856 0.619393 0.529384 0.618555 0.523907 0.617081 0.522690 0.616768 0.530819 0.615604 0.530977
2 0.643885 0.502940 0.641482 0.500778 0.639776 0.499130 0.638878 0.499028 0.638076 0.507236 0.637078 0.509611 0.639440 0.521157 0.641984 0.518676 0.642732 0.518671 0.643424 0.517065 0.644901 0.514708 0.646104 0.513634 0.647190 0.513102 0.647552 0.513634 0.649359 0.513315 0.651859 0.512833 0.651469 0.511394 0.647531 0.507273 0.647242 0.505574
5 0.686312 0.463250 0.686766 0.461181 0.689401 0.450843 0.690526 0.438782 0.691609 0.431894 0.692307 0.428931 0.692307 0.421903 0.692773 0.417907 0.693471 0.415287 0.694284 0.413083 0.689982 0.400472 0.689479 0.398889 0.689518 0.394963 0.690448 0.389176 0.695370 0.375944 0.697503 0.371741 0.702813 0.367606 0.705797 0.365884 0.718935 0.374014 0.719633 0.375667 0.720409 0.382421 0.719633 0.383935 0.718471 0.384764 0.716531 0.390139 0.713044 0.399852 0.711766 0.400403 0.706417 0.400269 0.706378 0.396685 0.707734 0.394065 0.705526 0.392481 0.702385 0.391380 0.702076 0.392894 0.702424 0.397926 0.702346 0.403023 0.701029 0.409088 0.698820 0.408056 0.699867 0.417769 0.698432 0.422662 0.698586 0.428241 0.696378 0.445194 0.696224 0.456560 0.696146 0.463245 0.697404 0.473898 0.695156 0.476333 0.693289 0.477079 0.692339 0.477417 0.690138 0.479347 0.687620 0.471713 0.687013 0.469556 0.688039 0.468727 0.688740 0.462917
2 0.671948 0.504606 0.673198 0.503514 0.673956 0.503630 0.673857 0.506380 0.671948 0.509130 0.669698 0.509829
2 0.699932 0.472255 0.698849 0.471593 0.697404 0.473898 0.695156 0.476333 0.693289 0.477079 0.692339 0.477417 0.690138 0.479347 0.689813 0.480176 0.689112 0.483162 0.688365 0.484157 0.685659 0.482500 0.685594 0.484657 0.686620 0.487042 0.686542 0.489852 0.686435 0.491972 0.686625 0.492380 0.689367 0.490551 0.690854 0.488250 0.692802 0.486292 0.696396 0.476972
2 0.673003 0.523181 0.675005 0.513500 0.675070 0.508236 0.674932 0.505153 0.675958 0.500097 0.678237 0.496440 0.679685 0.495523 0.680151 0.494032 0.680198 0.492208 0.680711 0.489968 0.681552 0.488722 0.681411 0.487310 0.683698 0.484519 0.685594 0.484657 0.686620 0.487042 0.686542 0.489852 0.682763 0.501083 0.678875 0.509148 0.678227 0.513231 0.677510 0.529560 0.677510 0.532227 0.676693 0.531319 0.674776 0.531375 0.674672 0.529019 0.673628 0.525676
2 0.667477 0.520074 0.665143 0.523477 0.668922 0.528125 0.670883 0.532356 0.674104 0.535593 0.679135 0.544769 0.679203 0.549042 0.679898 0.552019 0.685258 0.549981 0.683505 0.542181 0.682323 0.538537 0.681141 0.536852 0.679484 0.535171 0.678615 0.534190 0.677510 0.532227 0.676693 0.531319 0.674776 0.531375 0.674672 0.529019 0.673628 0.525676 0.673003 0.523181 0.672013 0.522028 0.668992 0.520449
2 0.701659 0.556903 0.702284 0.557366 0.702492 0.558384 0.702336 0.559588 0.702336 0.560560 0.702909 0.560745 0.703065 0.561208 0.703065 0.561995 0.702779 0.563292 0.702284 0.564218 0.701867 0.564773 0.700279 0.564218 0.699471 0.563153 0.699185 0.560792
2 0.709193 0.566403 0.704130 0.566500 0.702880 0.566199 0.702487 0.565088 0.703789 0.563625 0.707516 0.562407 0.709018 0.562111 0.709901 0.562560 0.710268 0.564375
2 0.695128 0.556824 0.705432 0.544005 0.709771 0.537838 0.713750 0.533083 0.722589 0.522829 0.723435 0.526208 0.709602 0.541412 0.704534 0.552676 0.698388 0.561880
2 0.667273 0.582699 0.670703 0.591319 0.669698 0.592509 0.673128 0.602324 0.674549 0.602773 0.675805 0.606787 0.678195 0.606218 0.675914 0.622444 0.676404 0.635111 0.662669 0.618019 0.662151 0.612861 0.663987 0.613056 0.664206 0.609505 0.663661 0.608352 0.662099 0.598083 0.663492 0.601773 0.664581 0.602347 0.665992 0.600407 0.667323 0.592593
1 0.692620 0.690894 0.692576 0.695921 0.693182 0.707898 0.693760 0.709403 0.694635 0.708514 0.693141 0.691847
1 0.693141 0.691847 0.694888 0.690856 0.697948 0.697181 0.705010 0.706292 0.704539 0.702347 0.694057 0.687606 0.690328 0.685125 0.681458 0.675912 0.676513 0.672014 0.675948 0.673417 0.677490 0.675088 0.686331 0.682903 0.692620 0.690894
2 0.747854 0.600167 0.741698 0.612463 0.740438 0.613292 0.739503 0.615782 0.736799 0.621259 0.735133 0.624000 0.735745 0.625444 0.738346 0.624912 0.740081 0.622736 0.741148 0.621551 0.742628 0.621097 0.743995 0.621731 0.745784 0.619477 0.747253 0.619477 0.749143 0.625801 0.751844 0.626176 0.751914 0.622611 0.751914 0.618546 0.752846 0.613486 0.752893 0.611162 0.752940 0.605769
2 0.642732 0.518671 0.642732 0.519958 0.643333 0.522528 0.643695 0.524347 0.643513 0.525634 0.645565 0.522500 0.645776 0.523162 0.645906 0.524042 0.645680 0.525560 0.644206 0.534569 0.643263 0.542111 0.641708 0.534634 0.640716 0.538495 0.634396 0.544241 0.633828 0.543565 0.628281 0.547731 0.623682 0.541236 0.629086 0.531940 0.629854 0.518306 0.634245 0.517935 0.639440 0.521157 0.641984 0.518676
1 0.645776 0.523162 0.646922 0.523069 0.648432 0.525199 0.648901 0.526218 0.649526 0.526542 0.649266 0.523208 0.648745 0.521449 0.649526 0.521125 0.649995 0.523347 0.650125 0.526681 0.650776 0.526681 0.651219 0.527329 0.651974 0.525940 0.652859 0.525708 0.652911 0.526866 0.652026 0.528347 0.652026 0.528856 0.652885 0.527838 0.653172 0.528162 0.653120 0.528995 0.651870 0.530755 0.651687 0.534921 0.651323 0.535940 0.651401 0.537282 0.652130 0.537236 0.652130 0.538069 0.651323 0.538301 0.650932 0.536819 0.650984 0.535014 0.651245 0.531218 0.649651 0.533898 0.648000 0.536310 0.648120 0.533167 0.648885 0.532014 0.649578 0.530940 0.649474 0.528069 0.648641 0.527514 0.647911 0.526079 0.646635 0.523903 0.645906 0.524042
2 0.675070 0.508236 0.669698 0.509829 0.659326 0.512273 0.653221 0.513306 0.653221 0.513306 0.651859 0.512833 0.649359 0.513315 0.647552 0.513634 0.647190 0.513102 0.646104 0.513634 0.644901 0.514708 0.643424 0.517065 0.642732 0.518671 0.642732 0.519958 0.643333 0.522528 0.643695 0.524347 0.643513 0.525634 0.645565 0.522500 0.647583 0.519606 0.651232 0.520838 0.651833 0.520463 0.653401 0.520782 0.654365 0.523032 0.655479 0.523139 0.657016 0.523032 0.657891 0.522926 0.658130 0.520995 0.657740 0.520194 0.657378 0.519389 0.658221 0.518532 0.659487 0.519176 0.660602 0.518370 0.660932 0.518319 0.661281 0.522407 0.661617 0.521528 0.662216 0.519907 0.663076 0.518287 0.664951 0.517917 0.665003 0.518981 0.666099 0.517593 0.668388 0.516806 0.667477 0.520074 0.668992 0.520449 0.672013 0.522028 0.673003 0.523181 0.675005 0.513500
2 0.660932 0.518319 0.660602 0.518370 0.659487 0.519176 0.658221 0.518532 0.657378 0.519389 0.657740 0.520194 0.658130 0.520995 0.657891 0.522926 0.657016 0.523032 0.655479 0.523139 0.654365 0.523032 0.653401 0.520782 0.651833 0.520463 0.651232 0.520838 0.651721 0.522370 0.652810 0.522796 0.652974 0.523301 0.653372 0.525097 0.653898 0.527532 0.654547 0.527889 0.654836 0.526338 0.655828 0.525213 0.657305 0.525699 0.658841 0.527139 0.659221 0.528148 0.660422 0.525694 0.660263 0.523657 0.661281 0.522407
2 0.668388 0.516806 0.666099 0.517593 0.665003 0.518981 0.664951 0.517917 0.663076 0.518287 0.662216 0.519907 0.661617 0.521528 0.661281 0.522407 0.660263 0.523657 0.660422 0.525694 0.659221 0.528148 0.659203 0.528963 0.661253 0.531000 0.662323 0.529028 0.666305 0.528889 0.668922 0.528125 0.665143 0.523477 0.667477 0.520074
2 0.661253 0.531000 0.659203 0.528963 0.658841 0.527139 0.657305 0.525699 0.655828 0.525213 0.654836 0.526338 0.654896 0.528963 0.653841 0.530407 0.653237 0.531532 0.654021 0.533032 0.655076 0.533407 0.655891 0.534639 0.656372 0.536463 0.657185 0.537106 0.658602 0.537106 0.659716 0.537801 0.662260 0.539833 0.664870 0.536306 0.664508 0.534106 0.663242 0.533194
1 0.662518 0.543657 0.663391 0.544583 0.663357 0.542167 0.662630 0.541204 0.659193 0.538611 0.658021 0.537870 0.657214 0.538009 0.656068 0.536806 0.654687 0.535880 0.653776 0.534861 0.652865 0.533148 0.652266 0.533657 0.652760 0.535278 0.654219 0.536898 0.656510 0.538981 0.658073 0.539213 0.661641 0.542037
2 0.661953 0.544537 0.663438 0.553194 0.669141 0.544259 0.665385 0.541546 0.663810 0.541796 0.663357 0.542167 0.663391 0.544583 0.662518 0.543657
2 0.637643 0.551356 0.637643 0.553856 0.638346 0.556032 0.638737 0.557005 0.640352 0.559412 0.639987 0.560894 0.635820 0.556634 0.635456 0.553116
2 0.510021 0.253551 0.510141 0.251620 0.509117 0.249157 0.508378 0.248241 0.507596 0.245347 0.507052 0.243366 0.506693 0.243741 0.506630 0.244972 0.505456 0.245560 0.505245 0.248722 0.505185 0.250704 0.505185 0.253759 0.506211 0.252602
5 0.515529 0.245769 0.515164 0.249843 0.513706 0.252806 0.513758 0.253315 0.515372 0.253685 0.515477 0.258639 0.516388 0.260213 0.516492 0.261278 0.515737 0.263315 0.514253 0.264704 0.513414 0.265394 0.512737 0.272106 0.512557 0.277662 0.516109 0.277519 0.517721 0.278375 0.519901 0.279380 0.521635 0.279023 0.523693 0.278662 0.521794 0.264037 0.521169 0.259889 0.520927 0.254931 0.521445 0.254810 0.522695 0.263199 0.524664 0.278796 0.528617 0.280449 0.532609 0.280593 0.535112 0.278440 0.536523 0.274569 0.538635 0.272014 0.540047 0.273449 0.542750 0.272875 0.544284 0.272088 0.544203 0.270866 0.538474 0.265704 0.536740 0.264773 0.533242 0.263583 0.530109 0.261468 0.525789 0.257245 0.523089 0.256093 0.520281 0.252060 0.518932 0.248894
5 0.545362 0.237764 0.545513 0.236801 0.547201 0.237657 0.549461 0.239157 0.550062 0.240333 0.550544 0.243764 0.552310 0.250657 0.552380 0.255125 0.553005 0.257477 0.552589 0.259833 0.551542 0.259894 0.549138 0.247130
5 0.463865 0.160787 0.458305 0.150903 0.459242 0.141236 0.459242 0.138130 0.459867 0.135574 0.465052 0.135574 0.466990 0.139685 0.472487 0.140014 0.474362 0.142681 0.474237 0.145347 0.474862 0.148014 0.476362 0.149569 0.480234 0.150458 0.485669 0.154454 0.485419 0.158676 0.481859 0.173116
5 0.503484 0.269231 0.503339 0.264477 0.501820 0.260106 0.497990 0.256505 0.493797 0.252523 0.489315 0.253292 0.487594 0.252778 0.485867 0.252009 0.485273 0.256046 0.484789 0.262380 0.486461 0.264963 0.486784 0.268139 0.484732 0.269667 0.484898 0.274472 0.486518 0.278597 0.490299 0.279653 0.493646 0.281861 0.496182 0.283690 0.500289 0.283583 0.502768 0.281194
5 0.518898 0.230236 0.516086 0.232782 0.515870 0.232588 0.515823 0.229852 0.516010 0.225704 0.517268 0.223213 0.518109 0.221968 0.518763 0.221472 0.519602 0.218736 0.520677 0.216412 0.522964 0.210435 0.523570 0.211019 0.523990 0.211431 0.526182 0.211597 0.530104 0.215829 0.531831 0.219148 0.530198 0.221639 0.528844 0.223380 0.526138 0.228940 0.524969 0.230681
5 0.531831 0.219148 0.530198 0.221639 0.528844 0.223380 0.526138 0.228940 0.524969 0.230681 0.526888 0.233102 0.528182 0.234065 0.534068 0.238671 0.533206 0.240977 0.532828 0.243185 0.533422 0.244718 0.534880 0.241454 0.535474 0.239056 0.538227 0.240495 0.539036 0.236273 0.542060 0.238671 0.545409 0.244338 0.545786 0.249810 0.550701 0.255185 0.549138 0.247130 0.545362 0.237764 0.543141 0.233199
5 0.538227 0.240495 0.539036 0.236273 0.542060 0.238671 0.545409 0.244338 0.545786 0.249810 0.550701 0.255185 0.551542 0.259894 0.552589 0.259833 0.553292 0.259310 0.552698 0.264111 0.554534 0.266704 0.555508 0.267759 0.555669 0.272176 0.555021 0.275343 0.553130 0.278319 0.550323 0.274958 0.542115 0.266801 0.539497 0.264676 0.540148 0.262222 0.539602 0.259028 0.538456 0.255926 0.537128 0.253472 0.536336 0.252111
5 0.488573 0.189347 0.487128 0.187523 0.485229 0.186454 0.484596 0.185167 0.483513 0.183991 0.483151 0.184255 0.482669 0.184898 0.481281 0.184898 0.480018 0.183292 0.478872 0.182866 0.477154 0.182329 0.476130 0.182273 0.475195 0.182273 0.473419 0.183023 0.471732 0.186347 0.470466 0.188866 0.470255 0.190792 0.470828 0.193097 0.472604 0.197435 0.473779 0.198829 0.475107 0.199361 0.478029 0.198829 0.478510 0.196417 0.481102 0.195935 0.481161 0.189722 0.483091 0.189829 0.483091 0.196361 0.484839 0.196468 0.486404 0.194810
2 0.401758 0.124148 0.400229 0.131824 0.404109 0.133042 0.400685 0.136676 0.397620 0.136722 0.397216 0.132315
2 0.388060 0.089051 0.386383 0.094023 0.386776 0.098412 0.389047 0.098704 0.389508 0.100106 0.389576 0.103444 0.388964 0.106356 0.383875 0.103819 0.383281 0.101398 0.383352 0.099292 0.379656 0.097620 0.379219 0.092759 0.380094 0.088370 0.381961 0.085796 0.383409 0.086495 0.384372 0.088690 0.387505 0.088634
2 0.374833 0.099227 0.372906 0.100708 0.370354 0.102329 0.368010 0.105014 0.367594 0.110384 0.371867 0.113773 0.375563 0.102468
2 0.359932 0.117852 0.361878 0.110319 0.363552 0.108509 0.367227 0.110319 0.371867 0.113773 0.369906 0.119731 0.369242 0.119051 0.368268 0.118366
2 0.354255 0.140259 0.352875 0.141352 0.351086 0.142231 0.352497 0.145130 0.353289 0.148731 0.353289 0.150926 0.347914 0.151787 0.343859 0.152884 0.343826 0.155861 0.346156 0.154139 0.349542 0.153079 0.349911 0.155306 0.350281 0.157426 0.348432 0.159653 0.345745 0.164602 0.343924 0.168139 0.343951 0.170102 0.345714 0.166866 0.348018 0.162917 0.350435 0.158671 0.353393 0.157931 0.354807 0.158981 0.357555 0.156407 0.358393 0.152060 0.358737 0.145204
5 0.414901 0.134125 0.411625 0.134731 0.408969 0.134222 0.408203 0.134949 0.406464 0.136403 0.403396 0.137403 0.400685 0.136676 0.397620 0.136722 0.396034 0.143722 0.398031 0.143907 0.396344 0.154088 0.394656 0.155722 0.393016 0.155718 0.391786 0.164718 0.391169 0.178819 0.400122 0.183505 0.402883 0.179685 0.405031 0.171593 0.406565 0.161500 0.409737 0.153588 0.412346 0.149681 0.412448 0.144315 0.411424 0.142861 0.414799 0.140676
5 0.397216 0.132315 0.389294 0.131894 0.386125 0.133301 0.378914 0.138088 0.374003 0.144708 0.377648 0.166398 0.379232 0.174005 0.382099 0.171162 0.385544 0.161111 0.388148 0.156403 0.388805 0.155940 0.391677 0.145968 0.395437 0.142806 0.393016 0.155718 0.394656 0.155722 0.396344 0.154088 0.398031 0.143907 0.396034 0.143722 0.397620 0.136722
2 0.475161 0.281903 0.473135 0.279866 0.469870 0.282611 0.469734 0.289157 0.467810 0.289755 0.467927 0.295120 0.468805 0.300060 0.471227 0.300560 0.474534 0.298481 0.478003 0.296134 0.479711 0.297620 0.480826 0.298861 0.482255 0.300102 0.484312 0.299296 0.485807 0.294639 0.481305 0.290273 0.477549 0.286389
5 0.423828 0.182616 0.424104 0.177245 0.418885 0.177245 0.415956 0.182778 0.417510 0.204431 0.422273 0.213546 0.426484 0.211102 0.432161 0.211917 0.433078 0.210778 0.431336 0.207523 0.431612 0.198569 0.430547 0.192361 0.427216 0.186199
2 0.510021 0.253551 0.510141 0.251620 0.509117 0.249157 0.508815 0.247551 0.509419 0.244551 0.510443 0.242995 0.512341 0.242727 0.513997 0.243264 0.515323 0.244977 0.515174 0.248727 0.514510 0.251032 0.513706 0.252806 0.512310 0.253708 0.511021 0.253958
5 0.536164 0.379944 0.537901 0.382046 0.539792 0.383870 0.541370 0.388074 0.547839 0.397190 0.552714 0.390653 0.553724 0.381602 0.554318 0.372801 0.555292 0.364185 0.557839 0.357741 0.559302 0.348690 0.557453 0.341565 0.554456 0.339023 0.551911 0.337042 0.549750 0.333259 0.548948 0.330843 0.548529 0.330097 0.547552 0.331278 0.547448 0.335241 0.548773 0.335491 0.548461 0.336236 0.548042 0.336792 0.547135 0.336606 0.546471 0.336792 0.545182 0.337287 0.544206 0.338032 0.542917 0.338032 0.541557 0.336606 0.540372 0.337722 0.538768 0.339208 0.535560 0.342000 0.533328 0.346958 0.531935 0.352287 0.531099 0.359602 0.530401 0.364495 0.536919 0.361213 0.538107 0.371935 0.538628 0.379370
2 0.647891 0.432222 0.650576 0.436639 0.651945 0.435148 0.652706 0.433866 0.652555 0.432375 0.651719 0.430889 0.650880 0.430213 0.649891 0.430009
2 0.399156 0.265949 0.399078 0.263000 0.400224 0.254875 0.401128 0.252144 0.403539 0.251231 0.405948 0.254296 0.406341 0.263560 0.401919 0.268194
2 0.458247 0.272583 0.456049 0.266648 0.453206 0.265245 0.449117 0.271523 0.450086 0.272958 0.450891 0.276042 0.451456 0.278694 0.453974 0.282981 0.454701 0.283630 0.457362 0.283486 0.457201 0.287356 0.459768 0.289282 0.469734 0.289157 0.469870 0.282611 0.461771 0.276125 0.457130 0.277463 0.456313 0.275037
2 0.462682 0.253176 0.463786 0.258088 0.467734 0.263560 0.469474 0.267213 0.470737 0.266088 0.471763 0.266648 0.473102 0.269454 0.461703 0.268120 0.456049 0.266648 0.453206 0.265245 0.449117 0.271523 0.449036 0.268727 0.449279 0.265787 0.450609 0.262745 0.452107 0.260079 0.453922 0.258407 0.453523 0.252611 0.454391 0.249523 0.457628 0.250787 0.459523 0.246995 0.460312 0.248259 0.460471 0.251912 0.459919 0.254579
2 0.473102 0.269454 0.461771 0.276125 0.457130 0.277463 0.456313 0.275037 0.461703 0.268120
8 0.474753 0.273407 0.478711 0.273653 0.479120 0.275833 0.474753 0.276199 0.470859 0.276852 0.472638 0.272912
2 0.463484 0.242361 0.462677 0.245588 0.464169 0.246519 0.467276 0.247236 0.473367 0.245801 0.476076 0.264139 0.474958 0.265282 0.474753 0.273407 0.471763 0.266648 0.470737 0.266088 0.469474 0.267213 0.467734 0.263560 0.463786 0.258088 0.462682 0.253176 0.461893 0.247838 0.461893 0.241102
5 0.476076 0.264139 0.477987 0.266444 0.481945 0.268384 0.484732 0.269667 0.484898 0.274472 0.486518 0.278597 0.490299 0.279653 0.493646 0.281861 0.496182 0.283690 0.500289 0.283583 0.501661 0.284125 0.500172 0.287699 0.497698 0.291181 0.494865 0.295551 0.494065 0.293065 0.490586 0.291852 0.485807 0.294639 0.481305 0.290273 0.477549 0.286389 0.475161 0.281903 0.474753 0.276199 0.479120 0.275833 0.478711 0.273653 0.474753 0.273407 0.474958 0.265282
2 0.482083 0.244606 0.480581 0.241694 0.479557 0.238176 0.478125 0.235870 0.475393 0.234417 0.474240 0.237375 0.473367 0.245801 0.476076 0.264139 0.477987 0.266444 0.481945 0.268384 0.484732 0.269667 0.486784 0.268139 0.486461 0.264963 0.484789 0.262380
2 0.505023 0.203532 0.502174 0.201329 0.495771 0.203769 0.493315 0.206315 0.495500 0.210806 0.498503 0.216991 0.497409 0.218810 0.498474 0.222245 0.499568 0.221398 0.503625 0.218134
2 0.502174 0.201329 0.500740 0.194171 0.500810 0.186287 0.502242 0.185546 0.503674 0.186528 0.505859 0.193444 0.506211 0.196616 0.505023 0.203532
2 0.500659 0.223704 0.499568 0.221398 0.498474 0.222245 0.496154 0.225764 0.497792 0.230495 0.501000 0.243597 0.502365 0.243843 0.505299 0.236685
2 0.350729 0.129000 0.343732 0.132542 0.343781 0.140352 0.345060 0.140986 0.347208 0.141681 0.351086 0.142231 0.352875 0.141352 0.354255 0.140259 0.352518 0.139991 0.350781 0.138810 0.349555 0.136903 0.349250 0.135356 0.349146 0.133449 0.349396 0.131542
2 0.355013 0.199796 0.353070 0.198347 0.352458 0.195255 0.352917 0.189806 0.356161 0.176981 0.359174 0.167083 0.361320 0.170259 0.363211 0.174347 0.363518 0.179435 0.363263 0.186431 0.361320 0.195602 0.357951 0.201324
5 0.392406 0.197718 0.389695 0.198398 0.385461 0.200162 0.382008 0.201079 0.384938 0.205583 0.385648 0.211491 0.382089 0.216694 0.384146 0.218806 0.384857 0.225699 0.386961 0.225222 0.387628 0.224556 0.389401 0.219731
5 0.373820 0.197787 0.372987 0.199250 0.373938 0.200236 0.376628 0.201926 0.380268 0.202204 0.382008 0.201079 0.385461 0.200162 0.389695 0.198398 0.392406 0.197718 0.390117 0.192356 0.385995 0.190458 0.383292 0.187625 0.380164 0.181519
5 0.379440 0.179690 0.377964 0.177167 0.375125 0.176116 0.374003 0.176116 0.372169 0.179477 0.371638 0.183472 0.371638 0.186519 0.371875 0.189356 0.373589 0.195454
2 0.504430 0.255574 0.503760 0.281449 0.497654 0.294981 0.495872 0.297139 0.499339 0.304032 0.500120 0.302597 0.501372 0.302273 0.503036 0.302273 0.502628 0.301449 0.503232 0.300519 0.504484 0.301019 0.505492 0.301306 0.507104 0.302454 0.509607 0.302884 0.512430 0.302954 0.514688 0.303097 0.515779 0.302310 0.516948 0.301093 0.518440 0.301019 0.522057 0.301019 0.523867 0.299574 0.524612 0.298491 0.525115 0.295315 0.525393 0.294153 0.526141 0.293907 0.526919 0.295588 0.527362 0.294944 0.529016 0.299245 0.531260 0.300306 0.532255 0.297574 0.534484 0.296880 0.536745 0.297093 0.538763 0.297255 0.538378 0.295181 0.538115 0.291676 0.542148 0.282495 0.544286 0.278907 0.546544 0.277120 0.546492 0.273463 0.548266 0.275620 0.548846 0.275324 0.549914 0.276681 0.550323 0.274958 0.542115 0.266801 0.539497 0.264676 0.537154 0.263102 0.532857 0.261250 0.526503 0.256449 0.523818 0.254963 0.523958 0.253537 0.521518 0.250685 0.520180 0.248440 0.518932 0.248894 0.520281 0.252060 0.523089 0.256093 0.525789 0.257245 0.530109 0.261468 0.533242 0.263583 0.536740 0.264773 0.538474 0.265704 0.544203 0.270866 0.544284 0.272088 0.542750 0.272875 0.540047 0.273449 0.538635 0.272014 0.536523 0.274569 0.535112 0.278440 0.532609 0.280593 0.528617 0.280449 0.524664 0.278796 0.522695 0.263199 0.521445 0.254810 0.520927 0.254931 0.521169 0.259889 0.521794 0.264037 0.523693 0.278662 0.521635 0.279023 0.519901 0.279380 0.517721 0.278375 0.516109 0.277519 0.512557 0.277662 0.511865 0.277685 0.511443 0.276134 0.510089 0.274903 0.507948 0.273134 0.506141 0.271903 0.505117 0.270722 0.506742 0.264991 0.506833 0.262097 0.507497 0.260921 0.508974 0.259046 0.511021 0.253958 0.506211 0.252602
8 0.384857 0.225699 0.377604 0.239009 0.379052 0.239921 0.383906 0.231708 0.386424 0.228060 0.386961 0.225222
5 0.366133 0.204819 0.367320 0.209046 0.370247 0.211861 0.374284 0.222269 0.375867 0.224241 0.374201 0.225931 0.373732 0.228597 0.376026 0.233102 0.377370 0.235912 0.377604 0.239009 0.384857 0.225699 0.384146 0.218806 0.382089 0.216694 0.385648 0.211491 0.384938 0.205583 0.382008 0.201079 0.380268 0.202204 0.376628 0.201926 0.373938 0.200236 0.372987 0.199250 0.369346 0.203329
5 0.360247 0.200009 0.358716 0.201005 0.356878 0.204366 0.355549 0.210088 0.377604 0.239009 0.377370 0.235912 0.376026 0.233102 0.373732 0.228597 0.374201 0.225931 0.375867 0.224241 0.374284 0.222269 0.370247 0.211861 0.367320 0.209046 0.366133 0.204819 0.365734 0.206935
2 0.401888 0.215074 0.406974 0.220912 0.408951 0.223856 0.410664 0.238148 0.404753 0.237310 0.405016 0.231949 0.402797 0.232616 0.404234 0.221356
5 0.401146 0.197935 0.400573 0.192870 0.396909 0.189292 0.394164 0.189778 0.389401 0.219731 0.391987 0.224185 0.396031 0.226852 0.400284 0.230384 0.402797 0.232616 0.404234 0.221356 0.401888 0.215074 0.400299 0.200194
2 0.433122 0.125685 0.427979 0.128361 0.427187 0.132579 0.428216 0.138769 0.428927 0.142708 0.431031 0.142111 0.439057 0.147917 0.441036 0.145241 0.440797 0.140458
5 0.471701 0.177551 0.472536 0.176870 0.473198 0.173463 0.471003 0.171667 0.468422 0.169185 0.465320 0.165593 0.463263 0.163981 0.461451 0.163856 0.459427 0.163917 0.458208 0.165093 0.457823 0.171106 0.459393 0.174144 0.460055 0.175880 0.458940 0.176250 0.459148 0.181333 0.464065 0.181704 0.470026 0.182944 0.467029 0.176995 0.469956 0.175384
5 0.387628 0.224556 0.389615 0.223935 0.391987 0.224185 0.396031 0.226852 0.400284 0.230384 0.402797 0.232616 0.405016 0.231949 0.404409 0.239338 0.404260 0.244968 0.405799 0.244912 0.406313 0.246843 0.405948 0.249787 0.403539 0.251231 0.401128 0.252144 0.400224 0.254875 0.398513 0.255769 0.397159 0.254282 0.395664 0.250958 0.389086 0.248801 0.388292 0.248968 0.387128 0.251542 0.385630 0.249963 0.379052 0.239921 0.383906 0.231708 0.391466 0.232875 0.391466 0.231875 0.385680 0.230630 0.386424 0.228060 0.388057 0.227560 0.391885 0.230213 0.391885 0.228968
5 0.351185 0.126940 0.351245 0.119333 0.352693 0.118370 0.354620 0.117727 0.368268 0.118366 0.369242 0.119051 0.369906 0.119731 0.371333 0.122148 0.373320 0.124750 0.373320 0.126116 0.371648 0.124750 0.370638 0.126241 0.370708 0.129153 0.369557 0.128468 0.367987 0.130454 0.366698 0.131569 0.363630 0.131324 0.358680 0.131199 0.354005 0.129463
5 0.431190 0.157685 0.428016 0.168634 0.425307 0.174940 0.422695 0.173366 0.419802 0.171208 0.417375 0.168222 0.415974 0.165815 0.416255 0.162245 0.417234 0.159926 0.418120 0.159176 0.422135 0.151296
5 0.369906 0.119731 0.371333 0.122148 0.373320 0.124750 0.376831 0.126130 0.377807 0.128606 0.378784 0.130097 0.382271 0.128981 0.383315 0.126190 0.384083 0.126130 0.385477 0.125569 0.387221 0.126255 0.391544 0.123343 0.392276 0.124519 0.394682 0.121481 0.395727 0.119310 0.399805 0.119806 0.400852 0.121667 0.401758 0.124148 0.402839 0.123403 0.403536 0.117454 0.405279 0.116153 0.403221 0.110819 0.399214 0.105801 0.396633 0.102144 0.394297 0.107227 0.390253 0.112741 0.388859 0.109458 0.388964 0.106356 0.383875 0.103819 0.383281 0.101398 0.383352 0.099292 0.379656 0.097620 0.377250 0.097556
5 0.405279 0.116153 0.403536 0.117454 0.402839 0.123403 0.401758 0.124148 0.400229 0.131824 0.404870 0.133278 0.411625 0.134731 0.414901 0.134125 0.418721 0.129519 0.420224 0.125514 0.419747 0.119324 0.417154 0.116412 0.410328 0.115079
5 0.343685 0.146306 0.347208 0.141681 0.351086 0.142231 0.352497 0.145130 0.353289 0.148731 0.353289 0.150926 0.347914 0.151787 0.343859 0.152884
5 0.343826 0.155861 0.346156 0.154139 0.349542 0.153079 0.349911 0.155306 0.350281 0.157426 0.348432 0.159653 0.345745 0.164602 0.343924 0.168139
5 0.350435 0.158671 0.348018 0.162917 0.345714 0.166866 0.343951 0.170102 0.344458 0.178292 0.345034 0.183148 0.346440 0.180375 0.348383 0.178954 0.351010 0.179222 0.352096 0.174181 0.352508 0.167472 0.354807 0.158981 0.353393 0.157931
5 0.665937 0.484167 0.664138 0.489949 0.664076 0.493278 0.663326 0.499278 0.661826 0.505051 0.659326 0.512273 0.653221 0.513306 0.652036 0.511444 0.651339 0.507106 0.651026 0.504009 0.648898 0.501343 0.646841 0.499856 0.642833 0.496569 0.641458 0.491898 0.638161 0.490435 0.638578 0.488639 0.640148 0.487338 0.641927 0.481991 0.643286 0.479093 0.644891 0.476551 0.647294 0.478782 0.649177 0.479218 0.651375 0.482500 0.652523 0.484421 0.655698 0.481884 0.658555 0.477111 0.660927 0.479093 0.663263 0.482190 0.664727 0.482810
5 0.445221 0.240037 0.441872 0.240250 0.440742 0.242116 0.439049 0.242833 0.439008 0.244481 0.439169 0.249931 0.438766 0.252370 0.438201 0.254162 0.438120 0.256102 0.438299 0.258116 0.438794 0.260060 0.439365 0.264662 0.440617 0.269000 0.441352 0.270736 0.442359 0.273468 0.447833 0.282523 0.447292 0.288380 0.446341 0.299231 0.446906 0.299949 0.449971 0.294069 0.453359 0.289769 0.457201 0.287356 0.457362 0.283486 0.454701 0.283630 0.453974 0.282981 0.451456 0.278694 0.450891 0.276042 0.450086 0.272958 0.449117 0.271523 0.449036 0.268727 0.449279 0.265787 0.450609 0.262745 0.452107 0.260079 0.453922 0.258407 0.450698 0.240898 0.449794 0.241764 0.447701 0.241829
5 0.697542 0.584153 0.690971 0.586912 0.685312 0.594213 0.681573 0.599079 0.678195 0.606218 0.675914 0.622444 0.677346 0.653644 0.692495 0.669866 0.718487 0.678903 0.728391 0.684681 0.736367 0.685995 0.736823 0.695407 0.738008 0.702056 0.743667 0.701894 0.743667 0.706440 0.744763 0.708384 0.745310 0.705787 0.746130 0.702218 0.756352 0.699787 0.764018 0.708125 0.765789 0.706181 0.765378 0.704361 0.762859 0.699269 0.764831 0.694190 0.764557 0.682671 0.762859 0.677574 0.760404 0.666431 0.758698 0.663282 0.759245 0.654796 0.758286 0.647769 0.756297 0.644347 0.754326 0.643356 0.753698 0.631449 0.751844 0.626176 0.749143 0.625801 0.747253 0.619477 0.745784 0.619477 0.743995 0.621731 0.742628 0.621097 0.741148 0.621551 0.740081 0.622736 0.738346 0.624912 0.735745 0.625444 0.735133 0.624000 0.732844 0.621829 0.728234 0.626907 0.726117 0.631593 0.721737 0.628514 0.715320 0.626694 0.712318 0.625074 0.711552 0.624796 0.710839 0.625884 0.710685 0.632764 0.709206 0.632051 0.707581 0.630782 0.705190 0.630134 0.704818 0.627037 0.703693 0.626125 0.702224 0.623241 0.701047 0.619426 0.698456 0.616718 0.700234 0.609852 0.700008 0.606819 0.699240 0.603236
5 0.686760 0.592384 0.685677 0.589699 0.685117 0.583384 0.686169 0.580815 0.688628 0.574560 0.694120 0.573042 0.695664 0.570236 0.702667 0.567431 0.706203 0.567833 0.706437 0.569778 0.708443 0.567741 0.712297 0.561491 0.714242 0.559111 0.716339 0.558032 0.716758 0.557523 0.716862 0.553403 0.716940 0.550069 0.719404 0.549074 0.721901 0.549398 0.726628 0.548718 0.729255 0.548898 0.730818 0.548574 0.732331 0.545838 0.733685 0.545750 0.747349 0.561398 0.754138 0.575028 0.753951 0.580468 0.752263 0.585917 0.751701 0.593690 0.747854 0.600167 0.741698 0.612463 0.740438 0.613292 0.739503 0.615782 0.736799 0.621259 0.735133 0.624000 0.732844 0.621829 0.728234 0.626907 0.726117 0.631593 0.721737 0.628514 0.715320 0.626694 0.712318 0.625074 0.711552 0.624796 0.710839 0.625884 0.710685 0.632764 0.709206 0.632051 0.707581 0.630782 0.705190 0.630134 0.704818 0.627037 0.703693 0.626125 0.702224 0.623241 0.701047 0.619426 0.698456 0.616718 0.700234 0.609852 0.700008 0.606819 0.699240 0.603236 0.697542 0.584153 0.690971 0.586912
5 0.665372 0.645852 0.664648 0.668213 0.663292 0.690597 0.669146 0.701611 0.668812 0.707407 0.677177 0.707407 0.679021 0.692384 0.680523 0.690597 0.679521 0.706662 0.678016 0.708449 0.671409 0.709940 0.675255 0.712616 0.677266 0.716625 0.687883 0.718269 0.694318 0.716880 0.691224 0.705866 0.683380 0.690560 0.678557 0.679560 0.679562 0.680278 0.688398 0.697486 0.691628 0.703657 0.693182 0.707898 0.692576 0.695921 0.692620 0.690894 0.686331 0.682903 0.677490 0.675088 0.675948 0.673417 0.676513 0.672014 0.681458 0.675912 0.690328 0.685125 0.694057 0.687606 0.704539 0.702347 0.705010 0.706292 0.697948 0.697181 0.694888 0.690856 0.693141 0.691847 0.694635 0.708514 0.693760 0.709403 0.695510 0.715620 0.709948 0.715505 0.712008 0.717625 0.714133 0.719181 0.716693 0.720069 0.721875 0.718731 0.732747 0.708630 0.738008 0.702056 0.736823 0.695407 0.736367 0.685995 0.728391 0.684681 0.718487 0.678903 0.692495 0.669866 0.677346 0.653644
5 0.663292 0.690597 0.669146 0.701611 0.668812 0.707407 0.677177 0.707407 0.679021 0.692384 0.680523 0.690597 0.679521 0.706662 0.678016 0.708449 0.671409 0.709940 0.675255 0.712616 0.677266 0.716625 0.687883 0.718269 0.694318 0.716880 0.693161 0.719505 0.683042 0.723616 0.674727 0.750477 0.673570 0.750991 0.670896 0.745208 0.667859 0.745593 0.663956 0.742894 0.663232 0.746491 0.660846 0.742380 0.658461 0.741606 0.661135 0.723102 0.649424 0.743662 0.645810 0.756389 0.645305 0.755745 0.649281 0.741093 0.652750 0.735181 0.660268 0.721171
5 0.678195 0.606218 0.681573 0.599079 0.685312 0.594213 0.686760 0.592384 0.685677 0.589699 0.685117 0.583384 0.686169 0.580815 0.688628 0.574560 0.694120 0.573042 0.695664 0.570236 0.702667 0.567431 0.698388 0.561880 0.695128 0.556824 0.690276 0.548495 0.685258 0.549981 0.674969 0.554741 0.668193 0.557866 0.666438 0.557718 0.664180 0.560690 0.661083 0.563514 0.659578 0.570356 0.665852 0.583588 0.667273 0.582699 0.670703 0.591319 0.669698 0.592509 0.673128 0.602324 0.674549 0.602773 0.675805 0.606787
5 0.660026 0.583102 0.657555 0.584602 0.655266 0.588833 0.654542 0.587546 0.653607 0.588884 0.652643 0.592097 0.665372 0.645852 0.677346 0.653644 0.676404 0.635111 0.662669 0.618019 0.662151 0.612861 0.663987 0.613056 0.664206 0.609505 0.663661 0.608352 0.662099 0.598083 0.661773 0.591843
5 0.693898 0.526537 0.681526 0.517944 0.678227 0.513231 0.678875 0.509148 0.682763 0.501083 0.690151 0.494255 0.692802 0.486292 0.696396 0.476972 0.699932 0.472255 0.702820 0.469741 0.706885 0.471731 0.710714 0.474981 0.713130 0.478750 0.714427 0.489014 0.713661 0.496556 0.716406 0.501449 0.718857 0.508718 0.719953 0.512593 0.719883 0.521329 0.719677 0.524722 0.717768 0.527625 0.713750 0.533083 0.711427 0.531991 0.712654 0.519380 0.712039 0.514542 0.703180 0.518657 0.694930 0.518782
5 0.693898 0.526537 0.694930 0.518782 0.703180 0.518657 0.712039 0.514542 0.712654 0.519380 0.711427 0.531991 0.709771 0.537838 0.705432 0.544005 0.699992 0.544426 0.697388 0.541764 0.694549 0.538398 0.695573 0.536574 0.695102 0.534889 0.693917 0.532366
5 0.678227 0.513231 0.681526 0.517944 0.693898 0.526537 0.693917 0.532366 0.695102 0.534889 0.695573 0.536574 0.694549 0.538398 0.697388 0.541764 0.699992 0.544426 0.705432 0.544005 0.695128 0.556824 0.690276 0.548495 0.685258 0.549981 0.683505 0.542181 0.682323 0.538537 0.681141 0.536852 0.679484 0.535171 0.678615 0.534190 0.677510 0.532227 0.677510 0.529560
5 0.733685 0.545750 0.732331 0.545838 0.730818 0.548574 0.729255 0.548898 0.726628 0.548718 0.721901 0.549398 0.719404 0.549074 0.716940 0.550069 0.708651 0.559176 0.708260 0.557356 0.708591 0.555106 0.707596 0.554676 0.706240 0.555319 0.704615 0.556551 0.703227 0.557356 0.702284 0.557366 0.701659 0.556903 0.704534 0.552676 0.710518 0.542731 0.722029 0.530037 0.723414 0.530574 0.728177 0.531644 0.731641 0.537699 0.730406 0.537806 0.729380 0.539306 0.729169 0.539949 0.730677 0.540537 0.731521 0.540324 0.733510 0.542625
5 0.659326 0.512273 0.661826 0.505051 0.663326 0.499278 0.664076 0.493278 0.664138 0.489949 0.665937 0.484167 0.668573 0.478838 0.672135 0.472620 0.675695 0.469287 0.672823 0.480171 0.671885 0.484282 0.671948 0.504606 0.669698 0.509829
5 0.675695 0.469287 0.672823 0.480171 0.671885 0.484282 0.671891 0.497185 0.672870 0.496769 0.675344 0.494366 0.676885 0.493204 0.678099 0.494944 0.678237 0.496440 0.679685 0.495523 0.680151 0.494032 0.680198 0.492208 0.680711 0.489968 0.681552 0.488722 0.681411 0.487310 0.681646 0.481338 0.681831 0.480343 0.682531 0.478931 0.682953 0.478435 0.684633 0.478847 0.685471 0.481005 0.685659 0.482500 0.688365 0.484157 0.689112 0.483162 0.689813 0.480176 0.690138 0.479347 0.687620 0.471713 0.687013 0.469556 0.688039 0.468727 0.688740 0.462917 0.686312 0.463250 0.681831 0.463912
5 0.641927 0.481991 0.643286 0.479093 0.644891 0.476551 0.647294 0.478782 0.649177 0.479218 0.651375 0.482500 0.650042 0.476069 0.649560 0.470106 0.648849 0.465662 0.647456 0.462986 0.645865 0.459449 0.646292 0.452477 0.640750 0.449296 0.638023 0.448032 0.633448 0.447528 0.629982 0.448287 0.630352 0.452630 0.629755 0.452884 0.632370 0.458236 0.634188 0.463139 0.636547 0.467986 0.637456 0.470056 0.637995 0.469454 0.639784 0.472181 0.639302 0.473644 0.641320 0.477787
5 0.646292 0.452477 0.645865 0.459449 0.647456 0.462986 0.648849 0.465662 0.649560 0.470106 0.650042 0.476069 0.651375 0.482500 0.652523 0.484421 0.655698 0.481884 0.656792 0.479796 0.655016 0.472472 0.653776 0.467468 0.650427 0.458833 0.649388 0.454306
5 0.530240 0.369273 0.524719 0.369319 0.524628 0.373639 0.523693 0.374301 0.523365 0.374468 0.523693 0.372639 0.521643 0.371394 0.519823 0.373556 0.519786 0.371093 0.519474 0.370065 0.518328 0.370111 0.516195 0.373037 0.515125 0.374699 0.511820 0.376736 0.511422 0.377491 0.511318 0.379255 0.512044 0.380824 0.511344 0.381468 0.510953 0.382264 0.510826 0.383690 0.511161 0.385176 0.511732 0.386606 0.512174 0.389116 0.511633 0.396023 0.511323 0.397389 0.511391 0.400306 0.511789 0.400801 0.512740 0.400694 0.512818 0.394806 0.512974 0.389477 0.514078 0.388778 0.516208 0.390319 0.519365 0.393546 0.523151 0.393125 0.525279 0.391583 0.527331 0.388218 0.530013 0.392565 0.531826 0.393963 0.533563 0.394667 0.533799 0.395648 0.533247 0.397190 0.532615 0.397894 0.532221 0.397190 0.531510 0.396912 0.530565 0.395088 0.530091 0.394667 0.529224 0.394528 0.528987 0.395227 0.528672 0.395787 0.528672 0.397190 0.529065 0.398731 0.529932 0.401116 0.530802 0.403079 0.531117 0.405463 0.531036 0.407847 0.530958 0.410792 0.532458 0.411912 0.537349 0.407426 0.542474 0.407847 0.547128 0.406866 0.554148 0.407005 0.553518 0.405324 0.551703 0.403639 0.550440 0.403500 0.549969 0.401398 0.547839 0.397190 0.541370 0.388074 0.539792 0.383870 0.537901 0.382046 0.536164 0.379944 0.534271 0.377981 0.530013 0.375875
5 0.532458 0.411912 0.537349 0.407426 0.542474 0.407847 0.547128 0.406866 0.554148 0.407005 0.557406 0.406829 0.561654 0.405088 0.563102 0.406412 0.562260 0.407741 0.563799 0.417032 0.568141 0.416370 0.573089 0.415125 0.576076 0.417366 0.577148 0.416620 0.578128 0.418194 0.579622 0.420106 0.578315 0.424255 0.578034 0.432468 0.574721 0.434042 0.573555 0.429648 0.567862 0.431556 0.561979 0.428898 0.553534 0.425167 0.544945 0.420769
5 0.579190 0.403343 0.578008 0.405292 0.577930 0.407727 0.575953 0.408676 0.573669 0.409556 0.571122 0.411921 0.570284 0.414491 0.573089 0.415125 0.576076 0.417366 0.577148 0.416620 0.578128 0.418194 0.579622 0.420106 0.578315 0.424255 0.578034 0.432468 0.583029 0.434981 0.588240 0.433088 0.589190 0.422875 0.593490 0.409556 0.594365 0.406644 0.598432 0.403602 0.596685 0.400829 0.593276 0.397949 0.588828 0.397093 0.582536 0.403898
5 0.594365 0.406644 0.593490 0.409556 0.589190 0.422875 0.588240 0.433088 0.591263 0.442139 0.602974 0.433449 0.608779 0.427023 0.611938 0.425120 0.610154 0.416972 0.610818 0.415162 0.610969 0.413352 0.604503 0.413083 0.604247 0.409731
5 0.596685 0.400829 0.598432 0.403602 0.594365 0.406644 0.604247 0.409731 0.606008 0.402056 0.611664 0.395037 0.618794 0.387810 0.617026 0.384565 0.614846 0.382153 0.610604 0.381421 0.608779 0.386972 0.604065 0.386134
5 0.619440 0.390917 0.620409 0.392634 0.619747 0.396782 0.617151 0.409065 0.606148 0.409537 0.608086 0.402963 0.612487 0.396861 0.616271 0.392556
5 0.539724 0.439431 0.552539 0.436037 0.559083 0.437491 0.561063 0.440764 0.560651 0.447792 0.560651 0.454218 0.559154 0.464398
5 0.559083 0.437491 0.561063 0.440764 0.560651 0.447792 0.560651 0.454218 0.559154 0.464398 0.562867 0.468319 0.565948 0.463042 0.568307 0.457023 0.566786 0.457296 0.564617 0.455875 0.563477 0.454116 0.564693 0.447829 0.566367 0.441338 0.567471 0.438157 0.562677 0.436398
5 0.563477 0.454116 0.564617 0.455875 0.566786 0.457296 0.568307 0.457023 0.565948 0.463042 0.569023 0.461083 0.571930 0.466088 0.574659 0.460926 0.578003 0.454903 0.579060 0.451537 0.579190 0.448875 0.578750 0.447310 0.576682 0.449032 0.574307 0.449972 0.571182 0.450440 0.568333 0.451620 0.565195 0.451852
5 0.645680 0.525560 0.644206 0.534569 0.643263 0.542111 0.640141 0.547347 0.643076 0.565639 0.646273 0.570245 0.648466 0.576310 0.653609 0.578120 0.654687 0.582199 0.654305 0.585852 0.653607 0.588884 0.654542 0.587546 0.655266 0.588833 0.657555 0.584602 0.657883 0.582741 0.657995 0.577935 0.656208 0.573472 0.656167 0.570296 0.653385 0.564222 0.650398 0.557185 0.647341 0.548773 0.647164 0.547361 0.647341 0.545569 0.648661 0.543921 0.649651 0.533898 0.648000 0.536310 0.648120 0.533167 0.648885 0.532014
5 0.606383 0.473620 0.610539 0.468046 0.616674 0.462106 0.630786 0.463681 0.630997 0.469838 0.634612 0.470394 0.636854 0.482514 0.637393 0.486199 0.638312 0.485884 0.640148 0.487338 0.638578 0.488639 0.638161 0.490435 0.639479 0.493023 0.639172 0.496537 0.638076 0.507236 0.634440 0.510606 0.633104 0.508500 0.630659 0.506681 0.624740 0.508352 0.622135 0.506681 0.620643 0.504995 0.618510 0.504014 0.616615 0.506111 0.614406 0.509333
5 0.624740 0.508352 0.630659 0.506681 0.633104 0.508500 0.634440 0.510606 0.638076 0.507236 0.637078 0.509611 0.635237 0.512296 0.633068 0.515162 0.630964 0.515861 0.630143 0.515861 0.628367 0.516681 0.626560 0.518083 0.625310 0.518551 0.624323 0.518551 0.623008 0.517324 0.622417 0.515569 0.621956 0.512296
5 0.686312 0.463250 0.684036 0.463611 0.679974 0.458102 0.679427 0.457269 0.675599 0.457176 0.675180 0.455477 0.671372 0.455616 0.671492 0.452991 0.671469 0.449713 0.675768 0.445944 0.679305 0.445106 0.681839 0.445000 0.686552 0.460083
5 0.632318 0.421574 0.629302 0.415532 0.631198 0.412657 0.636805 0.413310 0.643380 0.411806 0.648622 0.410435 0.649591 0.425782 0.645312 0.427389 0.644638 0.425579 0.643674 0.426139 0.643021 0.424009 0.642581 0.423264 0.641747 0.423356 0.640052 0.425579 0.636701 0.421995 0.637635 0.418991 0.637635 0.416769 0.637167 0.415519 0.636437 0.414866 0.634953 0.415051 0.634484 0.417463 0.633341 0.419542
5 0.622820 0.417014 0.624870 0.421514 0.626768 0.418940 0.628003 0.416532 0.626677 0.412032 0.625562 0.411815
5 0.626497 0.409833 0.627695 0.410806 0.629310 0.414509 0.631419 0.410806 0.632253 0.410898 0.633008 0.410713 0.632956 0.408120 0.632904 0.406176 0.631732 0.404556
5 0.605641 0.361269 0.606966 0.358662 0.609755 0.355319 0.612370 0.352713 0.621039 0.363181 0.623901 0.366556 0.625393 0.370931 0.626443 0.374944 0.629458 0.380333 0.632109 0.386171 0.632776 0.389759 0.631750 0.390991 0.632586 0.397278 0.632656 0.399940 0.632349 0.402440 0.631133 0.402856 0.629969 0.402773 0.627776 0.404435 0.625995 0.406181 0.624013 0.408866 0.617151 0.409065 0.619747 0.396782 0.620409 0.392634 0.619440 0.390917 0.620750 0.390255 0.620471 0.387032 0.618794 0.387810 0.617026 0.384565 0.614846 0.382153 0.610604 0.381421 0.608779 0.386972 0.604065 0.386134 0.596685 0.400829 0.593276 0.397949 0.597000 0.388514 0.599094 0.388301 0.601432 0.389306 0.601674 0.386218 0.600060 0.384713 0.597589 0.384426 0.601182 0.379611 0.603422 0.374685 0.602479 0.371856 0.604010 0.362431 0.603435 0.359102 0.603919 0.358676
5 0.610969 0.413352 0.610818 0.415162 0.610154 0.416972 0.611938 0.425120 0.612521 0.428394 0.622404 0.412176
5 0.530240 0.369273 0.530013 0.375875 0.534271 0.377981 0.536164 0.379944 0.538628 0.379370 0.538107 0.371935 0.536919 0.361213 0.530401 0.364495
5 0.559302 0.348690 0.557839 0.357741 0.555292 0.364185 0.554318 0.372801 0.554047 0.377458 0.561607 0.380361 0.567299 0.382769 0.567406 0.378269 0.564406 0.373639 0.564315 0.368745 0.565995 0.367917 0.567161 0.365759 0.567487 0.363269 0.569495 0.361444 0.569820 0.362940 0.569857 0.359120 0.568281 0.358208 0.564781 0.354639
5 0.561917 0.302463 0.574120 0.290750 0.581464 0.284898 0.583948 0.286625 0.583409 0.299870 0.581628 0.300639 0.578755 0.311699 0.576703 0.316884 0.574326 0.324468 0.573138 0.328213 0.570924 0.328213 0.571141 0.325523 0.568385 0.319764 0.565685 0.318324
5 0.466990 0.304287 0.468805 0.300060 0.471227 0.300560 0.474534 0.298481 0.476268 0.301134 0.479656 0.304287 0.484294 0.309023 0.487224 0.314051 0.489159 0.320199 0.489344 0.324352 0.490372 0.325514 0.490612 0.335440 0.490070 0.340625 0.489099 0.341681 0.486831 0.342731 0.485859 0.344847 0.484617 0.347056 0.481581 0.350843 0.474086 0.352394 0.474146 0.354838 0.475857 0.356431 0.474417 0.360315 0.466107 0.349324 0.474240 0.311250
5 0.474534 0.298481 0.476268 0.301134 0.479656 0.304287 0.484294 0.309023 0.487224 0.314051 0.489159 0.320199 0.489344 0.324352 0.490372 0.325514 0.490612 0.335440 0.495049 0.336111 0.499130 0.335926 0.500839 0.335181 0.503174 0.333134 0.501812 0.326440 0.500906 0.324273 0.499617 0.321421 0.499758 0.318444 0.498570 0.313986 0.495677 0.303384 0.493831 0.298736 0.490763 0.294088 0.488461 0.294833 0.487451 0.296880 0.484312 0.299296 0.482255 0.300102 0.480826 0.298861 0.479711 0.297620 0.478003 0.296134
5 0.503036 0.302273 0.501372 0.302273 0.500120 0.302597 0.499339 0.304032 0.498638 0.306856 0.498117 0.310051 0.499052 0.314310 0.500531 0.319704 0.503034 0.323722 0.509695 0.331981 0.513531 0.335986 0.515667 0.336495 0.518505 0.337375 0.520070 0.331213 0.521724 0.327625 0.521724 0.323611 0.519263 0.316727 0.516560 0.311852 0.514682 0.311935
5 0.521711 0.329875 0.519721 0.336815 0.521224 0.337315 0.522547 0.336630
5 0.516560 0.311852 0.519263 0.316727 0.521724 0.323611 0.521724 0.327625 0.524505 0.321204 0.526328 0.317917 0.528958 0.313981 0.527682 0.313241 0.525000 0.312176 0.522083 0.311204 0.520312 0.310463 0.518203 0.310324 0.517370 0.310509 0.516302 0.310648
5 0.530120 0.314444 0.531534 0.316694 0.531534 0.321194 0.531083 0.326227 0.528776 0.330532 0.527109 0.332755 0.525258 0.334468 0.523307 0.335903 0.522214 0.329144 0.523357 0.326083 0.525310 0.322153 0.527109 0.318861
8 0.477674 0.354606 0.474146 0.354838 0.474086 0.352394 0.481581 0.350843 0.492547 0.348505 0.490495 0.353056
8 0.650375 0.440528 0.649935 0.439782 0.649096 0.438495 0.647576 0.435523 0.646815 0.434505 0.645521 0.431667 0.644042 0.429639 0.643432 0.427338 0.643674 0.426139 0.644638 0.425579 0.645312 0.427389 0.651458 0.438565
8 0.624914 0.435213 0.632318 0.421574 0.633341 0.419542 0.634484 0.417463 0.634953 0.415051 0.635862 0.414824 0.635578 0.417116 0.633320 0.422926 0.626018 0.436981
5 0.639732 0.395454 0.636766 0.397537 0.632518 0.401519 0.632349 0.402440 0.631133 0.402856 0.629969 0.402773 0.627776 0.404435 0.625995 0.406181 0.624013 0.408866 0.622404 0.412176 0.612521 0.428394 0.606411 0.438380 0.602010 0.446296 0.600943 0.448426 0.601797 0.449722 0.609753 0.437662 0.626497 0.409833 0.631732 0.404556 0.640542 0.397546
1 0.351185 0.126940 0.354005 0.129463 0.358680 0.131199 0.363630 0.131324 0.366698 0.131569 0.367987 0.130454 0.369557 0.128468 0.370708 0.129153 0.370638 0.126241 0.371648 0.124750 0.373320 0.126116 0.373320 0.124750 0.376831 0.126130 0.377807 0.128606 0.378784 0.130097 0.382271 0.128981 0.383315 0.126190 0.384083 0.126130 0.385477 0.125569 0.387221 0.126255 0.391544 0.123343 0.392276 0.124519 0.394682 0.121481 0.395727 0.119310 0.399805 0.119806 0.400852 0.121667 0.401758 0.124148 0.397216 0.132315 0.389294 0.131894 0.386125 0.133301 0.378914 0.138088 0.374003 0.144708 0.377648 0.166398 0.379232 0.174005 0.382099 0.171162 0.379440 0.179690 0.377964 0.177167 0.375125 0.176116 0.374003 0.176116 0.372169 0.179477 0.371638 0.183472 0.371638 0.186519 0.371875 0.189356 0.373589 0.195454 0.372914 0.197852 0.368984 0.200046 0.365187 0.201931 0.364438 0.202481 0.364128 0.203426 0.364349 0.205153 0.360247 0.200009 0.358716 0.201005 0.357951 0.201324 0.361320 0.195602 0.363263 0.186431 0.363518 0.179435 0.363211 0.174347 0.361320 0.170259 0.359174 0.167083 0.356161 0.176981 0.352917 0.189806 0.352458 0.195255 0.353070 0.198347 0.355013 0.199796 0.358107 0.201278 0.356878 0.204366 0.355549 0.210088 0.346292 0.198421 0.345034 0.183148 0.346440 0.180375 0.348383 0.178954 0.351010 0.179222 0.352096 0.174181 0.352508 0.167472 0.354807 0.158981 0.357555 0.156407 0.358393 0.152060 0.358737 0.145204 0.354255 0.140259 0.352518 0.139991 0.350781 0.138810 0.349555 0.136903 0.349250 0.135356 0.349146 0.133449 0.349396 0.131542 0.350729 0.129000 0.345971 0.130412 0.347578 0.126269
1 0.441542 0.120870 0.438638 0.119917 0.436852 0.122213 0.436570 0.124352 0.433784 0.124352 0.433602 0.120394 0.430341 0.121713 0.425974 0.107329 0.424490 0.116912 0.421229 0.116912 0.419927 0.111634 0.417716 0.108880 0.419669 0.115403 0.417154 0.116412 0.419747 0.119324 0.420224 0.125514 0.418721 0.129519 0.414901 0.134125 0.414799 0.140676 0.411424 0.142861 0.412448 0.144315 0.412346 0.149681 0.409737 0.153588 0.406565 0.161500 0.405031 0.171593 0.402883 0.179685 0.400122 0.183505 0.391169 0.178819 0.390117 0.192356 0.392406 0.197718 0.394164 0.189778 0.396909 0.189292 0.400573 0.192870 0.401146 0.197935 0.417510 0.204431 0.415956 0.182778 0.418885 0.177245 0.424104 0.177245 0.425307 0.174940 0.422695 0.173366 0.419802 0.171208 0.417375 0.168222 0.415974 0.165815 0.416255 0.162245 0.417234 0.159926 0.418120 0.159176 0.422135 0.151296 0.431190 0.157685 0.427854 0.153977 0.426159 0.148889 0.427430 0.144745 0.431031 0.142111 0.428927 0.142708 0.428216 0.138769 0.427187 0.132579 0.427979 0.128361 0.433122 0.125685 0.440797 0.140458 0.441036 0.145241 0.439057 0.147917 0.433362 0.144935 0.439083 0.150019 0.440036 0.152093 0.444591 0.157556 0.448831 0.168667 0.444380 0.174315 0.436010 0.177139 0.433362 0.161509 0.430604 0.175944 0.427216 0.186199 0.430547 0.192361 0.431612 0.198569 0.431336 0.207523 0.433078 0.210778 0.432161 0.211917 0.426484 0.211102 0.428266 0.216954 0.425406 0.221287 0.420427 0.226750 0.414284 0.226185 0.410362 0.225431 0.408951 0.223856 0.410664 0.238148 0.404753 0.237310 0.404409 0.239338 0.404260 0.244968 0.405799 0.244912 0.406313 0.246843 0.405948 0.249787 0.403539 0.251231 0.405948 0.254296 0.406341 0.263560 0.409620 0.267352 0.404565 0.272829 0.425208 0.298088 0.424977 0.296917 0.425242 0.294694 0.425768 0.294106 0.429870 0.296250 0.430203 0.291588 0.431349 0.290255 0.433992 0.287046 0.435578 0.285556 0.436990 0.284380 0.436990 0.282421 0.438224 0.282421 0.438753 0.283833 0.442542 0.290569 0.442982 0.287907 0.443862 0.288065 0.444479 0.290176 0.444216 0.293468 0.444479 0.294486 0.447292 0.288380 0.447833 0.282523 0.442359 0.273468 0.441352 0.270736 0.440617 0.269000 0.439365 0.264662 0.438794 0.260060 0.438299 0.258116 0.438120 0.256102 0.438201 0.254162 0.438766 0.252370 0.439169 0.249931 0.439008 0.244481 0.439049 0.242833 0.440742 0.242116 0.441872 0.240250 0.445221 0.240037 0.447701 0.241829 0.449794 0.241764 0.450698 0.240898 0.453922 0.258407 0.453523 0.252611 0.454391 0.249523 0.457628 0.250787 0.459523 0.246995 0.460312 0.248259 0.460471 0.251912 0.459919 0.254579 0.462682 0.253176 0.461893 0.247838 0.461893 0.241102 0.463484 0.242361 0.463646 0.237986 0.463000 0.235977 0.462115 0.234759 0.462034 0.231028 0.465099 0.228306 0.467841 0.220773 0.470286 0.220380 0.473755 0.220093 0.474643 0.219019 0.476055 0.217227 0.477063 0.217801 0.477870 0.220954 0.474240 0.237375 0.475393 0.234417 0.478125 0.235870 0.479557 0.238176 0.480581 0.241694 0.482083 0.244606 0.484789 0.262380 0.485273 0.256046 0.485867 0.252009 0.487594 0.252778 0.489315 0.253292 0.493797 0.252523 0.497990 0.256505 0.501820 0.260106 0.503339 0.264477 0.503799 0.243269 0.504859 0.242824 0.504430 0.255574 0.505185 0.253759 0.505185 0.250704 0.505245 0.248722 0.505456 0.245560 0.506630 0.244972 0.506693 0.243741 0.507052 0.243366 0.507596 0.245347 0.508378 0.248241 0.508815 0.247551 0.509419 0.244551 0.510443 0.242995 0.512341 0.242727 0.513997 0.243264 0.515323 0.244977 0.521161 0.247954 0.521419 0.246255 0.515357 0.242366 0.515357 0.235282 0.513359 0.230435 0.511823 0.228542 0.508896 0.230773 0.507307 0.228690 0.507224 0.224083 0.503625 0.218134 0.499568 0.221398 0.500659 0.223704 0.505299 0.236685 0.502365 0.243843 0.501000 0.243597 0.497792 0.230495 0.496154 0.225764 0.498474 0.222245 0.497409 0.218810 0.498503 0.216991 0.495500 0.210806 0.493315 0.206315 0.495771 0.203769 0.502174 0.201329 0.501154 0.197935 0.491242 0.188310 0.492112 0.185764 0.495716 0.188088 0.494133 0.183611 0.490044 0.179324 0.488185 0.177009 0.481859 0.173116 0.463865 0.160787 0.463263 0.163981 0.465320 0.165593 0.468422 0.169185 0.471003 0.171667 0.473198 0.173463 0.472536 0.176870 0.471701 0.177551 0.475195 0.182273 0.476130 0.182273 0.477154 0.182329 0.478872 0.182866 0.480018 0.183292 0.481281 0.184898 0.482669 0.184898 0.483151 0.184255 0.483513 0.183991 0.484596 0.185167 0.485229 0.186454 0.487128 0.187523 0.488573 0.189347 0.486404 0.194810 0.484839 0.196468 0.485872 0.196509 0.486138 0.203296 0.478315 0.202347 0.478029 0.198829 0.475107 0.199361 0.473779 0.198829 0.472604 0.197435 0.470828 0.193097 0.470255 0.190792 0.470466 0.188866 0.468016 0.190199 0.462104 0.191037 0.459680 0.188412 0.459503 0.185046 0.463701 0.183894 0.466773 0.183894 0.470026 0.184208 0.470026 0.182944 0.464065 0.181704 0.459148 0.181333 0.458940 0.176250 0.460055 0.175880 0.459393 0.174144 0.457823 0.171106 0.458208 0.165093 0.459427 0.163917 0.461451 0.163856 0.463180 0.164005 0.463802 0.160426 0.458305 0.150903 0.458724 0.144898 0.453742 0.146444 0.451656 0.145796 0.451172 0.142083
5 0.503625 0.218134 0.507224 0.224083 0.507307 0.228690 0.508896 0.230773 0.511823 0.228542 0.513328 0.224676 0.519602 0.218736 0.520677 0.216412 0.522964 0.210435 0.523570 0.211019 0.523990 0.211431 0.524680 0.210625 0.524729 0.208231 0.523977 0.205644 0.521711 0.203338 0.518305 0.199875 0.516271 0.199037 0.519208 0.196338 0.519208 0.193097 0.518599 0.192375 0.510904 0.198676 0.507617 0.194699 0.506211 0.196616 0.505023 0.203532
1 0.546380 0.326472 0.547083 0.325778 0.547669 0.325227 0.552602 0.327356 0.555052 0.327560 0.558245 0.329991 0.557448 0.328116 0.557620 0.327051 0.558133 0.327356 0.558531 0.328773 0.560070 0.328676 0.560128 0.329889 0.559141 0.330407 0.560130 0.332213 0.561068 0.334713 0.561844 0.338005 0.562128 0.340727 0.562208 0.344889 0.562076 0.351329 0.561451 0.350449 0.561581 0.345495 0.561477 0.341421 0.561034 0.338227 0.560044 0.334431 0.558742 0.331190 0.558195 0.330634 0.557102 0.330032 0.554471 0.329060 0.552596 0.329060 0.551190 0.329662 0.549706 0.329755 0.546979 0.329444
5 0.595753 0.331639 0.595133 0.332972 0.594247 0.332435 0.592935 0.332685 0.591880 0.331824 0.590370 0.331727 0.589872 0.329056 0.588729 0.324981 0.586706 0.324440 0.584263 0.324917 0.582318 0.325458 0.581859 0.327088 0.580820 0.325620 0.580591 0.319787 0.581393 0.315037 0.583760 0.313681 0.585362 0.313407 0.588417 0.313477 0.589141 0.314833 0.589674 0.318023 0.590172 0.321009 0.591315 0.323042 0.593721 0.325894 0.595820 0.327995 0.596279 0.329963
8 0.604247 0.409731 0.604503 0.413083 0.610969 0.413352 0.622404 0.412176 0.624013 0.408866 0.617151 0.409065 0.606148 0.409537
8 0.649096 0.438495 0.640435 0.443463 0.644646 0.445056 0.649935 0.439782
8 0.629982 0.448287 0.627971 0.448412 0.627849 0.447338 0.627891 0.445685 0.629586 0.444685 0.635997 0.443537 0.638016 0.441958 0.640435 0.443463 0.648057 0.446593 0.655672 0.450329 0.662453 0.455454 0.671372 0.455616 0.675180 0.455477 0.675599 0.457176 0.675729 0.459398 0.671667 0.459213 0.666406 0.458657 0.668724 0.461389 0.668151 0.464630 0.662135 0.458796 0.656849 0.459120 0.649388 0.454306 0.646292 0.452477 0.640750 0.449296 0.638023 0.448032 0.633448 0.447528
1 0.733568 0.543769 0.734453 0.544231 0.747396 0.558079 0.747318 0.559282 0.733685 0.545750
1 0.733961 0.537750 0.734141 0.533102 0.734661 0.530509 0.736484 0.524028 0.737109 0.524537 0.736198 0.527870 0.734948 0.533287 0.734740 0.537824
1 0.734453 0.544231 0.734654 0.539306 0.733932 0.539185 0.733568 0.543769
1 0.729380 0.539306 0.733961 0.537750 0.735859 0.537856 0.738148 0.539731 0.740620 0.537968 0.743513 0.533306 0.745503 0.533731 0.753487 0.536412 0.753216 0.537750 0.748755 0.536894 0.745201 0.535231 0.744206 0.534431 0.743513 0.534806 0.741854 0.538019 0.740982 0.539519 0.739565 0.540481 0.738781 0.540856 0.737578 0.540963 0.735497 0.539356 0.734654 0.539306 0.733299 0.539306 0.730677 0.540537 0.729169 0.539949
8 0.647576 0.435523 0.643029 0.434273 0.639281 0.433514 0.634383 0.429773 0.633594 0.429889 0.633891 0.432051 0.639516 0.437009 0.640615 0.436806 0.645102 0.437755 0.646815 0.438630 0.648031 0.439106 0.649096 0.438495
8 0.633365 0.432926 0.631128 0.429130 0.630010 0.431468 0.632542 0.435032 0.632818 0.435208 0.636883 0.442750 0.638016 0.441958 0.639552 0.441000 0.637385 0.439310 0.634685 0.435319
5 0.395437 0.142806 0.391677 0.145968 0.388805 0.155940 0.386122 0.174190 0.385995 0.190458 0.390117 0.192356 0.391169 0.178819 0.391786 0.164718 0.393016 0.155718
8 0.634396 0.544241 0.634945 0.545074 0.629708 0.549560 0.628281 0.547731 0.633828 0.543565
5 0.466990 0.304287 0.474240 0.311250 0.466107 0.349324 0.457076 0.337120 0.461576 0.330944 0.461260 0.329537 0.459602 0.330380 0.460630 0.326028 0.463549 0.314097 0.462208 0.308060
1 0.504859 0.242824 0.504430 0.255574 0.503760 0.281449 0.497654 0.294981 0.495872 0.297139 0.494865 0.295551 0.497698 0.291181 0.500172 0.287699 0.501661 0.284125 0.502768 0.281194 0.503484 0.269231 0.503339 0.264477 0.503799 0.243269
1 0.388805 0.155940 0.388148 0.156403 0.385544 0.161111 0.382099 0.171162 0.379440 0.179690 0.373589 0.195454 0.372914 0.197852 0.368984 0.200046 0.365187 0.201931 0.364438 0.202481 0.364128 0.203426 0.364349 0.205153 0.365734 0.206935 0.364966 0.203894 0.368852 0.201931 0.372987 0.199250 0.373820 0.197787 0.380164 0.181519 0.386161 0.162056 0.388458 0.157500
1 0.530185 0.303551 0.528896 0.300894 0.527846 0.298958 0.526919 0.295588 0.527362 0.294944 0.529016 0.299245 0.530911 0.303333
2 0.518440 0.301019 0.518802 0.301523 0.518398 0.304819 0.516664 0.309264 0.515375 0.311204 0.514682 0.311935 0.516560 0.311852 0.516302 0.310648 0.517370 0.310509 0.518203 0.310324 0.520312 0.310463 0.521661 0.310583 0.522828 0.304111 0.522711 0.301810 0.522057 0.301019
5 0.534424 0.302023 0.527076 0.304773 0.527076 0.310083 0.524089 0.311245 0.521661 0.310583 0.522083 0.311204 0.525000 0.312176 0.527682 0.313241 0.528958 0.313981 0.530120 0.314444 0.531534 0.316694 0.531534 0.321194 0.531083 0.326227 0.541161 0.320611 0.539234 0.316769 0.539833 0.316120 0.541615 0.319676 0.542255 0.317787 0.542906 0.314824 0.543453 0.315056 0.542307 0.319685 0.546299 0.317130 0.545875 0.311343 0.546891 0.310926 0.545547 0.306713 0.548143 0.304537 0.546711 0.305000 0.544758 0.304583 0.544263 0.301019 0.543865 0.299051 0.542008 0.300773 0.541081 0.300486 0.539305 0.298981 0.540661 0.302398 0.541565 0.303949 0.542047 0.307005 0.541323 0.310699 0.539818 0.310699 0.537589 0.306949
2 0.527076 0.304773 0.526607 0.300046 0.526141 0.293907 0.525393 0.294153 0.525115 0.295315 0.525862 0.303611 0.523807 0.305273 0.524182 0.303366 0.523807 0.301292 0.523341 0.301454 0.522828 0.304111 0.521661 0.310583 0.524089 0.311245 0.527076 0.310083
2 0.548143 0.304537 0.548073 0.307546 0.548307 0.308611 0.549294 0.309519 0.548464 0.311296 0.547187 0.313056 0.546891 0.310926 0.545547 0.306713
2 0.531260 0.300306 0.532255 0.297574 0.534484 0.296880 0.536745 0.297093 0.538763 0.297255 0.539305 0.298981 0.540661 0.302398 0.541565 0.303949 0.542047 0.307005 0.541323 0.310699 0.539818 0.310699 0.537589 0.306949 0.534424 0.302023
2 0.546891 0.310926 0.545875 0.311343 0.546526 0.320046 0.544625 0.323528 0.545138 0.323931 0.545862 0.324681 0.546318 0.323009 0.547255 0.320694 0.547299 0.319500
1 0.542073 0.320519 0.544625 0.323528 0.543542 0.324412 0.541760 0.321630
1 0.541615 0.319676 0.539833 0.316120 0.539234 0.316769 0.541161 0.320611
1 0.542906 0.314824 0.542255 0.317787 0.540745 0.321861 0.538792 0.326306 0.539521 0.326861 0.541083 0.323759 0.542307 0.319685 0.543453 0.315056
2 0.551776 0.301097 0.552122 0.301782 0.550617 0.309815 0.549294 0.309519 0.549294 0.309519 0.548307 0.308611 0.548073 0.307546 0.548143 0.304537 0.548445 0.302750 0.550469 0.300185
2 0.546919 0.295278 0.544003 0.298194 0.543865 0.299051 0.544263 0.301019 0.544758 0.304583 0.546711 0.305000 0.548143 0.304537 0.548445 0.302750 0.547716 0.298398
2 0.545398 0.288630 0.545008 0.289000 0.544695 0.289972 0.544852 0.291963 0.546310 0.292611 0.546909 0.294509 0.547716 0.298398 0.548445 0.302750 0.551049 0.299231 0.550971 0.295667 0.550503 0.293306 0.549383 0.290991 0.548159 0.290435 0.546023 0.289648
2 0.550482 0.280551 0.549758 0.280769 0.548424 0.282560 0.548104 0.283852 0.546203 0.285856 0.547661 0.287338 0.549927 0.289139 0.552820 0.293972 0.552682 0.295333 0.551706 0.295333 0.551427 0.296699 0.551602 0.299921 0.551776 0.301097 0.552122 0.301782 0.552794 0.298986 0.553182 0.297597 0.553911 0.292505 0.554750 0.285542 0.554180 0.284366 0.552820 0.283685 0.551234 0.281750
2 0.548846 0.275324 0.544286 0.278907 0.542148 0.282495 0.538115 0.291676 0.538378 0.295181 0.539305 0.298981 0.541081 0.300486 0.542008 0.300773 0.543865 0.299051 0.544107 0.297764 0.542497 0.294032 0.543661 0.290162 0.544711 0.287866 0.544271 0.284708 0.546203 0.285856 0.548104 0.283852 0.548424 0.282560 0.549758 0.280769 0.550482 0.280551 0.551391 0.280176 0.551859 0.279574 0.551690 0.277755 0.551208 0.276250 0.549914 0.276681
2 0.557458 0.276380 0.556703 0.276611 0.556130 0.277444 0.555375 0.277259 0.554620 0.277167 0.553812 0.277630 0.553130 0.278319 0.552432 0.277676 0.551859 0.279574 0.551391 0.280176 0.551234 0.281750 0.552068 0.282537 0.553448 0.283185 0.555305 0.282972 0.556573 0.281796 0.557562 0.281889 0.558214 0.281611 0.558135 0.278694 0.557945 0.277435
2 0.555305 0.282972 0.555203 0.285380 0.555896 0.285542 0.556971 0.286259 0.558742 0.286630 0.559966 0.286120 0.560617 0.285565 0.560542 0.284361 0.559576 0.282648 0.558690 0.282463 0.557232 0.282787
2 0.553911 0.292505 0.553182 0.297597 0.554510 0.298153 0.557427 0.297088 0.557354 0.296606 0.556104 0.296190 0.555557 0.294894 0.554802 0.292208 0.554385 0.291329
2 0.554750 0.285542 0.554385 0.291329 0.554802 0.292208 0.555557 0.294894 0.556104 0.296190 0.557354 0.296606 0.559289 0.296315 0.560180 0.293495 0.560792 0.291560 0.560740 0.289708 0.559958 0.288829 0.558422 0.288597 0.557146 0.288458 0.556365 0.287301 0.555896 0.285542
2 0.559289 0.296315 0.552794 0.298986 0.550617 0.309815 0.554836 0.310764 0.555078 0.310190 0.562661 0.307968 0.563185 0.308542 0.561917 0.302463 0.561372 0.300745 0.559086 0.300403 0.558602 0.298319
2 0.562661 0.307968 0.555078 0.310190 0.554836 0.310764 0.561818 0.313056 0.564026 0.311407 0.563185 0.308542
2 0.564026 0.311407 0.561604 0.314417 0.563323 0.315065 0.564573 0.313491
2 0.570591 0.277361 0.568799 0.277722 0.566318 0.278778 0.564589 0.280505 0.563617 0.283384 0.563401 0.284060 0.561240 0.285593 0.560018 0.286824 0.559781 0.288259 0.561232 0.288546 0.561148 0.290625 0.560180 0.293495 0.559289 0.296315 0.558602 0.298319 0.559086 0.300403 0.561372 0.300745 0.562943 0.297523 0.564440 0.297028 0.564930 0.294116 0.566393 0.289653 0.568346 0.286181 0.569531 0.283454 0.571510 0.279032
2 0.571971 0.279671 0.569531 0.283454 0.568346 0.286181 0.566393 0.289653 0.564930 0.294116 0.564440 0.297028 0.562943 0.297523 0.561372 0.300745 0.561917 0.302463 0.565940 0.298329 0.568135 0.293972 0.567979 0.292444 0.568344 0.290778 0.570323 0.286889 0.571099 0.285500 0.573331 0.281222
5 0.557492 0.274037 0.558573 0.267125 0.559167 0.263093 0.560193 0.258486 0.564266 0.245852 0.565560 0.249593 0.567612 0.253148 0.568583 0.255644 0.570042 0.261116 0.570906 0.263611 0.570203 0.271579 0.568799 0.277722 0.566318 0.278778 0.564589 0.280505 0.563617 0.283384 0.563401 0.284060 0.561240 0.285593 0.559297 0.281560 0.557945 0.277435
2 0.570323 0.286889 0.568344 0.290778 0.567979 0.292444 0.568135 0.293972 0.568500 0.294620 0.569490 0.294667 0.570740 0.293648 0.571599 0.289435
2 0.494609 0.345324 0.493193 0.344231 0.489516 0.344338 0.489396 0.345412 0.492891 0.347981
2 0.485406 0.366361 0.482211 0.364787 0.478323 0.361903 0.476974 0.359792 0.476380 0.357681 0.477674 0.354606 0.490495 0.353056
1 0.527719 0.347023 0.525687 0.343736 0.524961 0.344380 0.524518 0.343519 0.524961 0.342731 0.525648 0.342519 0.528188 0.345602
1 0.528732 0.344481 0.528188 0.334125 0.527109 0.332755 0.527099 0.334056 0.528349 0.345097
2 0.530823 0.341940 0.530997 0.339523 0.531625 0.335931 0.532112 0.335681 0.533018 0.336676 0.533576 0.338347 0.533404 0.341755 0.532148 0.342315
2 0.531208 0.357718 0.531935 0.352287 0.533328 0.346958 0.535042 0.342995 0.534589 0.342190 0.533404 0.341755 0.532148 0.342315 0.530823 0.341940 0.529534 0.342500 0.528732 0.344481 0.527719 0.347023 0.527198 0.349875 0.527440 0.352292
2 0.527724 0.353810 0.528315 0.359329 0.529432 0.364657 0.531208 0.357718 0.528734 0.354370
2 0.541557 0.336606 0.542917 0.338032 0.544206 0.338032 0.545182 0.337287 0.546471 0.336792 0.546495 0.328806 0.546380 0.326472 0.545862 0.324681 0.545138 0.323931 0.543542 0.324412 0.542456 0.325324 0.540799 0.327574 0.540227 0.330625 0.540620 0.332074 0.541615 0.333356 0.541794 0.335125
