0 0.457674 0.335755 0.451573 0.336690 0.447365 0.371852 0.462495 0.375500 0.479961 0.384009 0.481339 0.383523 0.483443 0.385583 0.481674 0.389921 0.480591 0.393907 0.479844 0.397537 0.479771 0.400921 0.480370 0.406009 0.481844 0.412144 0.487599 0.433769 0.492534 0.449870 0.496898 0.448245 0.499445 0.440162 0.502906 0.423028 0.504716 0.410741 0.505536 0.400713 0.503549 0.392560 0.501023 0.386574 0.499971 0.379838 0.498708 0.371611 0.503391 0.363380 0.509852 0.358852 0.516396 0.358852 0.524130 0.368560 0.527221 0.382139 0.531674 0.385042 0.532672 0.372921 0.531578 0.361116 0.529674 0.353037 0.526307 0.341718 0.524130 0.337847 0.519690 0.332106 0.515206 0.330157 0.510263 0.330440 0.503654 0.333787 0.496742 0.337134
8 0.654299 0.657574 0.653333 0.657630 0.653393 0.661380 0.654966 0.674106 0.657815 0.695329 0.662349 0.732606 0.664164 0.749426 0.664844 0.756806 0.666471 0.768486 0.668367 0.786440 0.670555 0.792218 0.667133 0.759833 0.666823 0.755773 0.662792 0.722088 0.658990 0.692731
11 0.664245 0.733347 0.691503 0.776389 0.691341 0.777977 0.691060 0.779463 0.689148 0.780875 0.665245 0.741954
8 0.669042 0.707542 0.667578 0.708287 0.675526 0.726134 0.698393 0.778116 0.708237 0.803060 0.715070 0.826931 0.722299 0.855639 0.724737 0.869745 0.726112 0.869296 0.721112 0.844421 0.712000 0.810560 0.700273 0.777167 0.684935 0.743185
2 0.464607 0.381153 0.462083 0.379120 0.457630 0.376625 0.456154 0.375903 0.454779 0.377079 0.454779 0.378074 0.464555 0.383144
2 0.389753 0.394245 0.390458 0.396380 0.391862 0.397630 0.393125 0.399583 0.392813 0.400324 0.391797 0.400880 0.390898 0.400903 0.389052 0.400343 0.387578 0.396343 0.387240 0.394213 0.387813 0.393056 0.388385 0.392315 0.389010 0.391667
2 0.387240 0.394213 0.383203 0.388194 0.382318 0.388657 0.381536 0.390046 0.381146 0.392222 0.380911 0.393472 0.381484 0.394352 0.382760 0.395000 0.384297 0.394861 0.386016 0.396713 0.387760 0.397778 0.387578 0.396343
2 0.388992 0.390120 0.388159 0.389704 0.387352 0.389889 0.386674 0.390306 0.385763 0.391926 0.387240 0.394213 0.387813 0.393056 0.388385 0.392315 0.389010 0.391667
2 0.393490 0.372190 0.392133 0.373366 0.394154 0.381616 0.395508 0.380972
2 0.395706 0.365745 0.393596 0.366394 0.393701 0.368106 0.395940 0.367875
2 0.395471 0.356653 0.394716 0.355495 0.392763 0.355542 0.392112 0.356931 0.391227 0.358088 0.390654 0.358412 0.390602 0.359245 0.392453 0.359106 0.393466 0.359708 0.394768 0.360449 0.395732 0.359014
2 0.395776 0.347704 0.395203 0.348125 0.396068 0.351806 0.396589 0.354167 0.395755 0.355833 0.395471 0.356653 0.395911 0.357731 0.397682 0.357176 0.399974 0.353935 0.400964 0.351528 0.400453 0.349134 0.398477 0.350856
2 0.404083 0.348278 0.400453 0.349134 0.404349 0.352361
2 0.460516 0.281037 0.463927 0.288352 0.464214 0.290898 0.461740 0.291500 0.459865 0.287287
2 0.460620 0.289926 0.458094 0.292009 0.457026 0.301361 0.461010 0.296778 0.461740 0.291500
2 0.461339 0.381528 0.458346 0.388532 0.457328 0.391514 0.456570 0.394671 0.454661 0.401329 0.452484 0.408069 0.449984 0.410866 0.450224 0.407782 0.450893 0.403523 0.453083 0.395009 0.454018 0.392912 0.454383 0.392171 0.455216 0.389069 0.455771 0.386250 0.456682 0.385185 0.458292 0.379889
2 0.462083 0.379120 0.463359 0.375787 0.462495 0.375500 0.460286 0.374954 0.459375 0.377546
8 0.465549 0.434120 0.467266 0.433704 0.469062 0.432685 0.470365 0.431481 0.471667 0.429352 0.472656 0.429213 0.472214 0.431204 0.470729 0.434074 0.469714 0.434815 0.468177 0.435000 0.465651 0.435509
2 0.470549 0.456963 0.470081 0.457519 0.471096 0.463907 0.472424 0.463074 0.471305 0.458630
2 0.505833 0.379782 0.505617 0.361787 0.509448 0.359218 0.509883 0.382222
2 0.504604 0.332981 0.505089 0.307861 0.503443 0.292032 0.501896 0.276546 0.505766 0.276546 0.508284 0.306139 0.507896 0.331602
2 0.491888 0.269384 0.497396 0.274838 0.502242 0.278745 0.501896 0.276546 0.505766 0.276546 0.506279 0.282338 0.528753 0.302361 0.530867 0.305579 0.532242 0.308375 0.533531 0.311245 0.535227 0.318273 0.536594 0.350111 0.536378 0.363218 0.536372 0.371579 0.535833 0.371963 0.533352 0.371579 0.532672 0.372921 0.533352 0.375417 0.534753 0.376375 0.536750 0.374171 0.537995 0.370713 0.538711 0.348005 0.539198 0.326843 0.537552 0.305852 0.534909 0.299815 0.529786 0.294153 0.511049 0.277324 0.499768 0.267824 0.497292 0.266074 0.495891 0.266074 0.494258 0.265995 0.492578 0.266745
2 0.506661 0.522861 0.503339 0.495935 0.502885 0.492778 0.502224 0.486991 0.501469 0.483616 0.505000 0.476806 0.507430 0.490597 0.507659 0.493241 0.506544 0.491977 0.505643 0.494116 0.508328 0.498833 0.510422 0.516315 0.510503 0.518037 0.508997 0.518338
2 0.504716 0.410741 0.508245 0.407051 0.510680 0.403264 0.512656 0.402519 0.521062 0.407458 0.522167 0.409014 0.523536 0.411106 0.522586 0.412125 0.520417 0.410431 0.516612 0.408403 0.515547 0.408269 0.513151 0.410296 0.508464 0.414815 0.507370 0.415574 0.505469 0.417125 0.503984 0.416111
2 0.509669 0.361819 0.512677 0.364630 0.513849 0.365991 0.515482 0.363088 0.516195 0.363995 0.514563 0.369069 0.512219 0.373060 0.510435 0.374417 0.510026 0.374509
2 0.559437 0.507833 0.555208 0.510019 0.553901 0.510537 0.557380 0.515361 0.560625 0.512634
2 0.551622 0.510727 0.539708 0.519847 0.543542 0.526139 0.555870 0.515551
2 0.509430 0.534977 0.506406 0.523472 0.508997 0.518338 0.512227 0.518144 0.518682 0.532875 0.522984 0.545690 0.523417 0.551810 0.520188 0.548315
2 0.475734 0.432657 0.472214 0.431204 0.470729 0.434074 0.469714 0.434815 0.477708 0.440148
2 0.503422 0.476148 0.500229 0.475796 0.501448 0.479190
2 0.503422 0.476148 0.501940 0.474079 0.501445 0.471440 0.500586 0.470514 0.501398 0.468292 0.504229 0.470282 0.506693 0.471389 0.504792 0.474398
2 0.545393 0.566750 0.543141 0.567236 0.541094 0.569296 0.547880 0.575412 0.558161 0.585079 0.557492 0.581657 0.555820 0.577644 0.555654 0.573778 0.553312 0.570653 0.548805 0.564324 0.547852 0.565296 0.555073 0.580037 0.553398 0.579569
2 0.521490 0.517380 0.522505 0.516593 0.525370 0.515435 0.528000 0.516037 0.527687 0.512380 0.528391 0.511870 0.529406 0.514880 0.529458 0.517380 0.528755 0.519046 0.525813 0.519787 0.523365 0.520250
2 0.513284 0.518106 0.513083 0.515167 0.513729 0.514954 0.515180 0.516528
2 0.514419 0.456403 0.508878 0.454111 0.502602 0.453551 0.502159 0.455380 0.501521 0.458509 0.515430 0.460991
2 0.554651 0.433407 0.555432 0.434796 0.558557 0.437296 0.559315 0.435630 0.556031 0.432898
2 0.550734 0.454852 0.547437 0.451741 0.544719 0.448769 0.543115 0.447218 0.541094 0.442819 0.540430 0.441949 0.536031 0.446616 0.550297 0.463269
2 0.661872 0.666926 0.664247 0.665352 0.664737 0.664236 0.665224 0.658537 0.666549 0.657361 0.664667 0.650977 0.663620 0.652213 0.663133 0.654940 0.662750 0.662130 0.660378 0.664856
2 0.647404 0.640347 0.646021 0.644509 0.645721 0.647500 0.646323 0.648995 0.649096 0.650356 0.649380 0.643106 0.648685 0.639843 0.647404 0.638000
2 0.646021 0.644509 0.641578 0.638106 0.647404 0.640347
2 0.634792 0.627231 0.639599 0.627968 0.639599 0.629037 0.647448 0.637333 0.647404 0.638000 0.637896 0.633056 0.637513 0.631074
2 0.630940 0.626671 0.630549 0.628940 0.636716 0.632449 0.635628 0.629588 0.633492 0.627134
2 0.623740 0.597417 0.626953 0.603847 0.631052 0.609704 0.640786 0.625667 0.637258 0.623486 0.626750 0.611319 0.621227 0.606407 0.620018 0.598208
2 0.617893 0.592755 0.613013 0.592181 0.612648 0.597343 0.618740 0.597630
2 0.619047 0.593042 0.622510 0.593319 0.623740 0.597417 0.620018 0.598208
2 0.629245 0.556204 0.623451 0.548319 0.618831 0.543838 0.617195 0.544917 0.617755 0.547903 0.621909 0.553546 0.624427 0.556944
2 0.500773 0.383019 0.513518 0.390315 0.514609 0.393102 0.510872 0.392523 0.501023 0.386574
2 0.601518 0.582824 0.606607 0.584486 0.613654 0.590875 0.613013 0.592181 0.608099 0.589296 0.606885 0.592866 0.604117 0.590935
2 0.612701 0.572287 0.608268 0.572537 0.604815 0.572537 0.601500 0.573199 0.599555 0.576523 0.600393 0.578051 0.610927 0.578759 0.613776 0.577597 0.614195 0.575440
2 0.643732 0.559458 0.647846 0.565051 0.650268 0.567847 0.652565 0.569213 0.654221 0.569856 0.654299 0.573014 0.653898 0.573014 0.651195 0.571148 0.646982 0.568139 0.642924 0.561755 0.642724 0.559889
2 0.635419 0.544139 0.645867 0.556620 0.638807 0.553394 0.634451 0.548083
2 0.642862 0.558227 0.643732 0.559458 0.647846 0.565051 0.649612 0.566583 0.650727 0.563208 0.646549 0.556954 0.645971 0.559139
2 0.659372 0.629009 0.660628 0.630366 0.668779 0.640569 0.668888 0.643074 0.666115 0.643509 0.659542 0.634759
2 0.657133 0.625657 0.657826 0.627935 0.657870 0.640648 0.660266 0.640972 0.660995 0.642593 0.661594 0.641759 0.659542 0.634759 0.659372 0.629009
2 0.502010 0.379537 0.505833 0.379782 0.509883 0.382222 0.517560 0.390356 0.520573 0.394426 0.519818 0.395500 0.514974 0.395602 0.514609 0.393102 0.513518 0.390315
2 0.520557 0.387449 0.517604 0.388412 0.523117 0.394519 0.531659 0.399287 0.539099 0.403231 0.538445 0.401560 0.534859 0.397833 0.530378 0.397162 0.528487 0.395144
2 0.521737 0.400231 0.525464 0.399755 0.531404 0.402250 0.535937 0.405991 0.538167 0.408588 0.540617 0.411551 0.544943 0.416907 0.543690 0.418005 0.540260 0.417287 0.538687 0.417000 0.529716 0.403528 0.526826 0.403157 0.524716 0.403713
2 0.576997 0.545736 0.576464 0.558014 0.576099 0.559542 0.576070 0.561727 0.577885 0.563880 0.577870 0.560889 0.577922 0.558847 0.578651 0.548389
2 0.582000 0.555417 0.580396 0.559634 0.580031 0.561532 0.579135 0.564023 0.581031 0.565602 0.582078 0.562676 0.582271 0.560699 0.583693 0.558069
9 0.600393 0.578051 0.599562 0.578056 0.598536 0.578139 0.595302 0.577500 0.596797 0.579819 0.599125 0.580500 0.600664 0.580583
2 0.523164 0.544958 0.522984 0.545690 0.523417 0.551810 0.532333 0.561324
2 0.722143 0.674306 0.729833 0.677653 0.729172 0.688245 0.721737 0.686074
2 0.720516 0.670500 0.726320 0.666519 0.738591 0.666338 0.742326 0.671236 0.743393 0.679019 0.743701 0.684454 0.741815 0.688528 0.740849 0.689343 0.739167 0.688889 0.737690 0.684995 0.738964 0.677662 0.736266 0.675310 0.734023 0.674856 0.731581 0.675579 0.727404 0.675579 0.721904 0.673046
2 0.689471 0.707801 0.688695 0.709731 0.706846 0.725204 0.707990 0.723282 0.711471 0.720056 0.711245 0.718713 0.710336 0.717500 0.707839 0.716829 0.705797 0.716829 0.695122 0.708227
2 0.513083 0.470616 0.512318 0.471759 0.512841 0.473769 0.514052 0.476352 0.514737 0.478356 0.515302 0.477787 0.515948 0.476495 0.515745 0.473769
8 0.524047 0.471995 0.523385 0.470120 0.522510 0.469046 0.522331 0.467014 0.523143 0.467171 0.525073 0.470389 0.525193 0.472264 0.524711 0.472583
2 0.534760 0.512306 0.536466 0.511023 0.537708 0.517389
2 0.533268 0.513903 0.531362 0.515343 0.535492 0.521866 0.536185 0.521194
2 0.552096 0.519269 0.554438 0.531171 0.555484 0.531028 0.556130 0.535046 0.558268 0.533968 0.556258 0.527481 0.556154 0.525315 0.554034 0.517690
2 0.587971 0.551426 0.585602 0.555519 0.584276 0.553903 0.584346 0.551981
2 0.582078 0.562676 0.594396 0.568602 0.597182 0.572662 0.598536 0.578139 0.595302 0.577500 0.596797 0.579819 0.599125 0.580500 0.600805 0.585231 0.601878 0.584815 0.604117 0.590935 0.604333 0.591759 0.594003 0.583755 0.586052 0.572204 0.577885 0.563880 0.577885 0.563880 0.577870 0.560889 0.580031 0.561532 0.579135 0.564023 0.581031 0.565602
8 0.596826 0.638431 0.597867 0.636949 0.600159 0.636671 0.600758 0.638477 0.598076 0.640097
2 0.620523 0.586843 0.622510 0.593319 0.623740 0.597417 0.626953 0.603847 0.631052 0.609704 0.640786 0.625667 0.650500 0.627153 0.650617 0.628949 0.641461 0.628333 0.649318 0.636653 0.653159 0.640403 0.655891 0.640741 0.657870 0.640648 0.657826 0.627935 0.656279 0.627153 0.643164 0.610000 0.641951 0.610718 0.639091 0.604917 0.637617 0.604454 0.633789 0.598667 0.624138 0.591829 0.623799 0.589838
2 0.629885 0.556569 0.628635 0.559009 0.634849 0.567616 0.636667 0.569481 0.643237 0.574787 0.645740 0.576222 0.641706 0.568333 0.642208 0.566898 0.635628 0.558352 0.633701 0.559065 0.632286 0.559333
2 0.617096 0.532556 0.617862 0.530755 0.623685 0.537324 0.629013 0.547412 0.628122 0.547477
8 0.607008 0.514023 0.613003 0.522204 0.611398 0.523940 0.607659 0.518634 0.607865 0.517148 0.605891 0.514519
5 0.605042 0.526319 0.612458 0.534329 0.619146 0.543079 0.618831 0.543838 0.615732 0.544491
2 0.567664 0.471806 0.565857 0.472551 0.567315 0.479713 0.570859 0.476995
2 0.618755 0.615051 0.618471 0.616560 0.618432 0.618852 0.618997 0.622153 0.622909 0.622778 0.622422 0.619509
2 0.620911 0.609144 0.620227 0.609977 0.619500 0.611694 0.619057 0.613704 0.621937 0.617306
2 0.621883 0.609912 0.631904 0.620218 0.630404 0.622435 0.628094 0.623213 0.626258 0.622968 0.627068 0.622296 0.623448 0.618361
2 0.624570 0.576954 0.625599 0.575306 0.626273 0.574843 0.628422 0.575593 0.629573 0.577227 0.629820 0.577644 0.630000 0.579069 0.630286 0.580069 0.630313 0.581250 0.629661 0.582792 0.627461 0.582954
2 0.623365 0.578079 0.620654 0.581829 0.625956 0.582741
2 0.622078 0.567375 0.624693 0.564769 0.629539 0.569231 0.631177 0.570968 0.633060 0.575060 0.632641 0.576051 0.629573 0.577227 0.628422 0.575593 0.626273 0.574843 0.625599 0.575306 0.622914 0.571898 0.622951 0.569171
2 0.644643 0.591194 0.647747 0.599120 0.652047 0.604134 0.653615 0.603519
2 0.684232 0.690190 0.678534 0.691431 0.680693 0.706741 0.687107 0.705940
2 0.654677 0.757917 0.663333 0.772944 0.665216 0.772944 0.666242 0.772227 0.666471 0.768486 0.658081 0.756444 0.657906 0.758991 0.657143 0.759634 0.656198 0.758681 0.657143 0.755324 0.656339 0.753977
2 0.697250 0.697375 0.694344 0.697375 0.694266 0.701968 0.708482 0.709440 0.710378 0.713968 0.712721 0.712421 0.713458 0.714560 0.715203 0.712833 0.714596 0.709856 0.703409 0.701519
2 0.667133 0.759833 0.680987 0.772838 0.682388 0.770625 0.666823 0.755773
2 0.635190 0.714625 0.633716 0.715755 0.638542 0.722486 0.640451 0.720519 0.639109 0.717898
2 0.638049 0.715051 0.639109 0.717898 0.640451 0.720519 0.645151 0.728153 0.647128 0.731106 0.649807 0.729440 0.647596 0.725806 0.642068 0.719139 0.638685 0.714671
2 0.639695 0.713278 0.639591 0.715037 0.642068 0.719139 0.644904 0.721796 0.645971 0.721380 0.645841 0.719065
2 0.651565 0.755611 0.650659 0.757718 0.650797 0.759083 0.656237 0.765778 0.656828 0.766088 0.657281 0.765838 0.657630 0.765157 0.657560 0.763731 0.654180 0.757593
2 0.657255 0.750042 0.656318 0.748699 0.654911 0.749625 0.654156 0.751569 0.654026 0.753884 0.654469 0.755273 0.656786 0.751847
2 0.658375 0.751755 0.657828 0.751755 0.657464 0.752310 0.657143 0.755324 0.656198 0.758681 0.657143 0.759634 0.657906 0.758991 0.658081 0.756444
2 0.664714 0.765796 0.663359 0.759903 0.661099 0.752028 0.660076 0.749778 0.659352 0.750046 0.659503 0.751384 0.661310 0.761028
2 0.664164 0.749426 0.662898 0.747708 0.662083 0.747926 0.661302 0.751245 0.664844 0.756806
1 0.695247 0.673310 0.695073 0.674241 0.700651 0.684903 0.708174 0.702546 0.710161 0.706551 0.711398 0.707463 0.702966 0.687444 0.700089 0.682273
1 0.712294 0.707236 0.718872 0.704750 0.724122 0.702847 0.728297 0.701847 0.728612 0.703148 0.712818 0.708352
2 0.742469 0.672315 0.760854 0.691653 0.758474 0.696093 0.743393 0.679019
2 0.722797 0.689403 0.728792 0.702167 0.734396 0.714093 0.737089 0.730106 0.740130 0.745120 0.742747 0.755995 0.743583 0.755500 0.743271 0.753889 0.740865 0.740500 0.735872 0.713958 0.729539 0.700222 0.723870 0.688782
1 0.730010 0.701019 0.734177 0.697963 0.734333 0.699676 0.730557 0.702083
2 0.713604 0.638514 0.736703 0.666403 0.732034 0.666403 0.720273 0.653875 0.714268 0.644597
2 0.691250 0.635787 0.693047 0.637639 0.696068 0.641574 0.699583 0.646435 0.701667 0.650278 0.712786 0.669398 0.713620 0.673981 0.712448 0.672870 0.703203 0.656204 0.697422 0.645833 0.692839 0.639213
2 0.714646 0.680167 0.704745 0.665662 0.706846 0.671588 0.708719 0.675954 0.715378 0.685125
1 0.702146 0.656991 0.701807 0.658287 0.705870 0.663935 0.706130 0.663287
2 0.557995 0.545181 0.558911 0.543731 0.560896 0.544912 0.562271 0.545634 0.564971 0.542917 0.564461 0.539750 0.564411 0.536764 0.564513 0.533866 0.564664 0.530880 0.566497 0.530787 0.569198 0.530787 0.572711 0.533866 0.571336 0.534319 0.571641 0.537306 0.572406 0.539389 0.573221 0.544912 0.573323 0.547625 0.571896 0.550796 0.570063 0.555866 0.564357 0.549917
2 0.686487 0.671833 0.691875 0.695185 0.692943 0.693778 0.693826 0.694792 0.694344 0.697375 0.697250 0.697375 0.690784 0.672449
8 0.691865 0.609065 0.693010 0.608556 0.693948 0.608556 0.695562 0.608556 0.697021 0.608926 0.698010 0.610546 0.698844 0.612120 0.699313 0.613694 0.699547 0.617120 0.699260 0.620176 0.698057 0.620431 0.697542 0.619620 0.697646 0.618972 0.697854 0.617537 0.698036 0.615269 0.698010 0.613602 0.697594 0.611843 0.696865 0.610639 0.695771 0.609991 0.694729 0.609898 0.693089 0.610269 0.691865 0.610407
9 0.687180 0.603671 0.685852 0.600704 0.684419 0.598810 0.684602 0.598389 0.685357 0.598579 0.686529 0.599736 0.687648 0.601907 0.688638 0.603944 0.688664 0.605755
2 0.700086 0.705602 0.697977 0.704861 0.696909 0.703426 0.696258 0.703472 0.696284 0.704769 0.691206 0.704907 0.689591 0.703704 0.688862 0.704352 0.689747 0.706157 0.689930 0.707546 0.700190 0.708657 0.700477 0.707824 0.700477 0.706481
2 0.691875 0.695185 0.692943 0.693778 0.693826 0.694792 0.694115 0.696389 0.689591 0.703704 0.688862 0.704352 0.687839 0.704120 0.687135 0.703241
2 0.688323 0.689792 0.687839 0.687491 0.686573 0.684866 0.685490 0.684921 0.684706 0.685616 0.684255 0.687435 0.684255 0.688935 0.685068 0.693329 0.685911 0.697454 0.686664 0.701204 0.687839 0.701148 0.689135 0.699755 0.690430 0.697079 0.690612 0.694560 0.690370 0.692847 0.689888 0.692259 0.688924 0.691829
4 0.701617 0.659144 0.701807 0.658287 0.701773 0.656782 0.701617 0.654606 0.700862 0.652338 0.700211 0.650856 0.697422 0.645833 0.692839 0.639213 0.698167 0.650926
2 0.685193 0.627185 0.682875 0.623898 0.681365 0.624963 0.680635 0.628296 0.683393 0.632630 0.688094 0.641657 0.691427 0.639435 0.689719 0.635662
9 0.678708 0.622856 0.678656 0.625356 0.679750 0.627856 0.681078 0.625495
2 0.681651 0.629708 0.680271 0.630727 0.679721 0.631981 0.681805 0.632213 0.683393 0.632630
9 0.679070 0.608722 0.679383 0.615481 0.680529 0.616361 0.681128 0.614926 0.683133 0.614370
2 0.668542 0.665694 0.667094 0.666176 0.671760 0.684551 0.674289 0.684690 0.674107 0.683162 0.671138 0.672421 0.669185 0.672329
2 0.674435 0.677815 0.675112 0.677213 0.675633 0.677259 0.676023 0.677722 0.675815 0.685685 0.675503 0.686056 0.674799 0.685870 0.674289 0.684690 0.674107 0.683162
2 0.662279 0.677657 0.661315 0.677657 0.660326 0.677704 0.659544 0.678676 0.659544 0.679972 0.660914 0.688949 0.661576 0.690449 0.662299 0.691361 0.663443 0.691894 0.664648 0.691468 0.664891 0.690287 0.665161 0.688255
2 0.665596 0.680042 0.667888 0.682542 0.668927 0.684968 0.668927 0.686523 0.671247 0.688718 0.672120 0.688662 0.674260 0.689199 0.674953 0.690269 0.675193 0.692306 0.674922 0.694556 0.673958 0.696269 0.672872 0.696380 0.671307 0.695412 0.668172 0.692093 0.665161 0.688255 0.663956 0.683361
2 0.676245 0.689681 0.677052 0.689819 0.676844 0.694218 0.677052 0.695792 0.678016 0.698014 0.679367 0.702181 0.679609 0.704162 0.680693 0.706741 0.681326 0.708125 0.681385 0.710051 0.680398 0.709028 0.679852 0.710324 0.679565 0.710972 0.679409 0.708333 0.679305 0.705694 0.677690 0.704074 0.673958 0.696269 0.674922 0.694556 0.675193 0.692306
2 0.665471 0.672083 0.664534 0.672639 0.665680 0.675556 0.667815 0.679907 0.670107 0.684310 0.671174 0.683935
2 0.665393 0.666435 0.663750 0.667130 0.665471 0.672083 0.666771 0.674815 0.667813 0.674907 0.668464 0.673704
2 0.685354 0.681597 0.682948 0.680671 0.681729 0.678190 0.679602 0.677569 0.676534 0.675403 0.676047 0.675648 0.676023 0.677722 0.676779 0.684699 0.678974 0.686556 0.680893 0.690028 0.683576 0.689968 0.684255 0.688935 0.684255 0.687435 0.684706 0.685616 0.685490 0.684921 0.685633 0.684204
2 0.668888 0.643074 0.663297 0.643949 0.669253 0.663977
2 0.672872 0.659162 0.676432 0.668468 0.675182 0.670454 0.672948 0.670333
2 0.670669 0.651204 0.671581 0.655861 0.672091 0.657829 0.671992 0.671269 0.669625 0.671444 0.669823 0.667940 0.670349 0.667412
2 0.642815 0.659315 0.641159 0.659634 0.639771 0.660653 0.639651 0.661884 0.640977 0.664727 0.644232 0.668153 0.645857 0.669116 0.647305 0.667509 0.646852 0.665259 0.646672 0.663227
2 0.653766 0.664912 0.652982 0.663306 0.650721 0.663843 0.650299 0.665769 0.652214 0.676944 0.653906 0.680958 0.654872 0.680958 0.655719 0.680097 0.654966 0.674106
2 0.680904 0.593981 0.680227 0.595139 0.680539 0.596343 0.677831 0.599630 0.676893 0.598194 0.670526 0.583370 0.664044 0.572792 0.664161 0.568495 0.665047 0.567028 0.675828 0.583787
2 0.672721 0.598144 0.672234 0.594894 0.673648 0.593532 0.674474 0.594995 0.676240 0.597407 0.676164 0.598889 0.676424 0.602269 0.677315 0.613120 0.678596 0.627991 0.679721 0.631981 0.677492 0.632301 0.675625 0.633264 0.673052 0.629481
10 0.582693 0.637509 0.579224 0.643398 0.580169 0.649426 0.601964 0.676995 0.601885 0.673630 0.603542 0.671806 0.604883 0.673208 0.605513 0.675593 0.616083 0.666338 0.615294 0.660727 0.604331 0.648528 0.591708 0.631981
2 0.601964 0.676995 0.601885 0.673630 0.603542 0.671806 0.604883 0.673208 0.605091 0.680454
2 0.613992 0.522509 0.617380 0.520792 0.619536 0.520319 0.621034 0.516486 0.629307 0.513120 0.633797 0.512968 0.636526 0.515000 0.636456 0.530593 0.636661 0.538833 0.634214 0.548972
9 0.618711 0.513287 0.617409 0.511157 0.615091 0.511574 0.615065 0.513565 0.615742 0.517037 0.616107 0.518843 0.616654 0.520046 0.617380 0.520792 0.619536 0.520319 0.621034 0.516486 0.620169 0.513704
8 0.611133 0.512745 0.616107 0.518843 0.616654 0.520046 0.616263 0.521171 0.614336 0.521356 0.608503 0.514042
2 0.637333 0.587245 0.634813 0.592903 0.637214 0.596532 0.642706 0.607079 0.657133 0.625657 0.659372 0.629009 0.660628 0.630366 0.662648 0.630366 0.663495 0.627102 0.663945 0.624551 0.663495 0.620801 0.661346 0.615060 0.658190 0.611306
2 0.637224 0.571269 0.647365 0.589306 0.654208 0.599690 0.656185 0.595625 0.646242 0.577866
2 0.507745 0.551380 0.505591 0.556690 0.531138 0.586292 0.571294 0.625944 0.573839 0.618102 0.547310 0.592505 0.529208 0.573611
2 0.533307 0.528653 0.533906 0.528236 0.535964 0.527958 0.537109 0.528606 0.540443 0.531616 0.540807 0.535088 0.541953 0.535319 0.541953 0.533005 0.548021 0.538884 0.550091 0.541833 0.549185 0.544884 0.541794 0.538162 0.536146 0.532852 0.534560 0.532023 0.532508 0.531856
2 0.534560 0.532023 0.534596 0.534023 0.535229 0.535847 0.535982 0.537292 0.537008 0.536810 0.536826 0.534880 0.536146 0.532852
2 0.553513 0.541949 0.564357 0.549917 0.586052 0.572204 0.594003 0.583755 0.588292 0.590722 0.581909 0.589528 0.568586 0.573398 0.559289 0.566431 0.558060 0.557477
2 0.550383 0.555190 0.547539 0.562329 0.553312 0.570653 0.555654 0.573778 0.555820 0.577644 0.557492 0.581657 0.558161 0.585079 0.562010 0.589389 0.566026 0.593106 0.568534 0.588500 0.566193 0.583889 0.561424 0.573778 0.559289 0.566431 0.557604 0.560972 0.556573 0.557421
2 0.484680 0.428861 0.482076 0.427843 0.478013 0.427565 0.476268 0.427750 0.477388 0.432657 0.480487 0.434093
2 0.456625 0.471181 0.455510 0.471241 0.454672 0.472481 0.460807 0.481838 0.470451 0.494676 0.478638 0.505361 0.478273 0.501630 0.477268 0.500338 0.475695 0.496968 0.471901 0.492231 0.470771 0.490440 0.470771 0.489509 0.475169 0.492949 0.475370 0.491088 0.466174 0.483773
2 0.475169 0.492949 0.470771 0.489509 0.470771 0.490440 0.471901 0.492231 0.475695 0.496968 0.477268 0.500338 0.478273 0.501630 0.479651 0.499343
2 0.469573 0.504500 0.469432 0.502162 0.468266 0.499093 0.467005 0.497185 0.466445 0.495606 0.465044 0.493449 0.464156 0.493782 0.463596 0.495028 0.464951 0.497931 0.465557 0.501912 0.467143 0.505731
2 0.519042 0.518468 0.521518 0.522616 0.520576 0.529005 0.519156 0.529745 0.518589 0.529120 0.516917 0.528940 0.515279 0.525097 0.514651 0.521505
2 0.510422 0.516315 0.511872 0.509144 0.512721 0.508069 0.517198 0.515167 0.515180 0.516528 0.513729 0.514954 0.513083 0.515167 0.513284 0.518106 0.512227 0.518144 0.510503 0.518037
2 0.468365 0.445032 0.470187 0.445403 0.472948 0.448366 0.476177 0.451421 0.477273 0.452532 0.478937 0.455681 0.482323 0.462995 0.481070 0.466079 0.480185 0.468481 0.476732 0.471384 0.475331 0.471884 0.473839 0.469065 0.477104 0.467074 0.479578 0.465662 0.479904 0.464083 0.478737 0.462176 0.475378 0.458773 0.474023 0.455458 0.473417 0.453546 0.469310 0.449398
2 0.455896 0.474514 0.456578 0.486102 0.457359 0.489296 0.458531 0.490407 0.462073 0.483602 0.460807 0.481838
2 0.456625 0.471181 0.458612 0.469116 0.459180 0.466940 0.459862 0.466028 0.460773 0.466991 0.461057 0.468000 0.462820 0.467444 0.464414 0.467903 0.465721 0.468759 0.466576 0.470227 0.467286 0.473412 0.467542 0.476954 0.467714 0.481556 0.466174 0.483773
2 0.456917 0.463731 0.454375 0.464306 0.454094 0.466023 0.453326 0.468894 0.453406 0.472051 0.454672 0.472481 0.455510 0.471241 0.456625 0.471181 0.458612 0.469116 0.459180 0.466940 0.459036 0.464630
2 0.464617 0.460579 0.462326 0.460069 0.460607 0.460069 0.459826 0.459838 0.458862 0.460162 0.458315 0.460579 0.456909 0.461644 0.456917 0.463731 0.459036 0.464630 0.459565 0.465023 0.462586 0.462338 0.464721 0.461968
2 0.448607 0.455296 0.448034 0.454185 0.447148 0.454046 0.445820 0.456824 0.444388 0.458213 0.443659 0.459139 0.442565 0.461639 0.440924 0.467843 0.440482 0.469231 0.439753 0.470620 0.438789 0.471546 0.437891 0.474861 0.438672 0.477407 0.440156 0.475880 0.442109 0.473056 0.445339 0.467917 0.446432 0.465093 0.448490 0.457593
2 0.466143 0.453236 0.448641 0.458940 0.448630 0.460412 0.449615 0.460861 0.456391 0.459144 0.466036 0.455593 0.466701 0.454227
2 0.457591 0.451560 0.456055 0.454801 0.456315 0.456329 0.459023 0.455542 0.459805 0.452949
2 0.466479 0.450931 0.461453 0.450468 0.460516 0.451486 0.460385 0.452597 0.462443 0.454171 0.464839 0.453384 0.466193 0.452690
2 0.458133 0.427815 0.457201 0.428616 0.456747 0.439972 0.456445 0.444741 0.456146 0.447153 0.456281 0.451648 0.457591 0.451560 0.460516 0.451486 0.461453 0.450468 0.466479 0.450931 0.466698 0.447208 0.466203 0.446282 0.462370 0.446296 0.458018 0.446088 0.458177 0.444194 0.458148 0.440583
2 0.462370 0.446296 0.462187 0.444120 0.462943 0.443565 0.464062 0.444074 0.464427 0.445463 0.464427 0.446389
2 0.465339 0.441435 0.459453 0.438704 0.459323 0.437963 0.459245 0.436157 0.460286 0.435741 0.465078 0.437824
2 0.466539 0.442264 0.479909 0.448083 0.478932 0.444491 0.465930 0.438542
9 0.476583 0.472606 0.477365 0.474412 0.478406 0.475940 0.479344 0.475245 0.480151 0.473903 0.481063 0.472606 0.479604 0.469875 0.478641 0.470106 0.477625 0.470940
2 0.483724 0.518148 0.482513 0.519870 0.482513 0.521949 0.483362 0.524602 0.490372 0.533542 0.491396 0.529894
2 0.463427 0.459880 0.463219 0.458162 0.466477 0.457514 0.467023 0.457977 0.467333 0.458671 0.466711 0.461269 0.466346 0.462796 0.464721 0.461968 0.464617 0.460579
2 0.466346 0.462796 0.465208 0.462176 0.464479 0.463102 0.465312 0.464444 0.465365 0.467037 0.465365 0.467778 0.465721 0.468759 0.466576 0.470227 0.468464 0.466852
6 0.559661 0.435023 0.558872 0.437685 0.555086 0.435162 0.556349 0.441051 0.572596 0.461944 0.569995 0.448907 0.570625 0.449185 0.573937 0.462366 0.576464 0.464611 0.583797 0.462926 0.571177 0.444977
11 0.684797 0.616417 0.683990 0.616324 0.683182 0.617019 0.682193 0.619241 0.682010 0.620630 0.682089 0.621787 0.682875 0.623898 0.685372 0.627120 0.684724 0.625370 0.685565 0.624792 0.688737 0.630681 0.691250 0.635787 0.693047 0.637639 0.696068 0.641574 0.699583 0.646435 0.701667 0.650278 0.712229 0.666361 0.709807 0.652449
2 0.657279 0.691259 0.648997 0.682602 0.644349 0.677838 0.628466 0.653088 0.624977 0.656190 0.619706 0.662782 0.612753 0.672139 0.606232 0.682116 0.610346 0.687486 0.619367 0.698403 0.639695 0.713278 0.642552 0.715463 0.645841 0.719065 0.648208 0.723963 0.654198 0.735000 0.657544 0.740019 0.662747 0.736218 0.662349 0.732606 0.657815 0.695329
2 0.658990 0.692731 0.662792 0.722088 0.664245 0.733347 0.673120 0.720782 0.667578 0.708287 0.669042 0.707542 0.674198 0.719056 0.679409 0.708333 0.679305 0.705694 0.677690 0.704074
6 0.668974 0.623394 0.669138 0.597074 0.670193 0.592519 0.670760 0.596917 0.672721 0.598144 0.673052 0.629481
6 0.668953 0.627236 0.668888 0.643074 0.669253 0.663977 0.669060 0.670435 0.669602 0.670380 0.669823 0.667940 0.670349 0.667412 0.670669 0.651204 0.670461 0.639181 0.671471 0.637074 0.673336 0.634657
6 0.672091 0.657829 0.671992 0.671269 0.672919 0.671287 0.672948 0.670333 0.672872 0.659162
4 0.683393 0.632630 0.681805 0.632213 0.679721 0.631981 0.677492 0.632301 0.675625 0.633264 0.679391 0.639370 0.677583 0.641620 0.673336 0.634657 0.671471 0.637074 0.670461 0.639181 0.670669 0.651204 0.671581 0.655861 0.672872 0.659162 0.674807 0.661884 0.677510 0.664755 0.684411 0.670509 0.686487 0.671833 0.690784 0.672449 0.694599 0.672583 0.696273 0.671713 0.698190 0.670847 0.699583 0.668491 0.700526 0.666509 0.701154 0.662130 0.699893 0.658894 0.694432 0.646032 0.691427 0.639435 0.688094 0.641657
4 0.654719 0.641528 0.655891 0.640741 0.657870 0.640648 0.660266 0.640972 0.660995 0.642593 0.661594 0.641759 0.662245 0.642593 0.662974 0.644074 0.663562 0.648616 0.663424 0.651769 0.662258 0.656000 0.659737 0.658986 0.657544 0.660481 0.654135 0.656000 0.649096 0.650356 0.649656 0.648116 0.651430 0.644218 0.653063 0.643306 0.659456 0.649861 0.660622 0.648032
4 0.648180 0.652051 0.647971 0.653301 0.648544 0.654782 0.648154 0.655431 0.647034 0.654875 0.646956 0.657051 0.647294 0.659042 0.648232 0.660384 0.649273 0.661403 0.650654 0.662653 0.652008 0.662699 0.653596 0.662745 0.653393 0.661380 0.653333 0.657630 0.650784 0.655245 0.648909 0.654412 0.648935 0.652653
2 0.384672 0.383324 0.383318 0.386519 0.383708 0.387907 0.384802 0.389343 0.385297 0.389019 0.386651 0.386519
7 0.523742 0.526657 0.519156 0.529745 0.518682 0.532875 0.523164 0.544958 0.532333 0.561324 0.533958 0.563199 0.537112 0.565843 0.543128 0.562435
7 0.526422 0.525713 0.528036 0.524509 0.531005 0.530065 0.529599 0.531454
7 0.530628 0.533255 0.544607 0.559153 0.546096 0.558009 0.532154 0.532394
2 0.466938 0.413588 0.465521 0.415194 0.467607 0.419333 0.468836 0.422426 0.469951 0.424731 0.471156 0.426500 0.472029 0.426125 0.472029 0.424463 0.470945 0.423769
2 0.480326 0.405287 0.476786 0.405611 0.473401 0.406537 0.473060 0.408204 0.477177 0.407741 0.480432 0.406630
2 0.481656 0.413431 0.480227 0.417769 0.478867 0.421611 0.477612 0.424032 0.475799 0.425764 0.476078 0.427190 0.477716 0.425519 0.479284 0.422852 0.481063 0.418079 0.482563 0.414426
2 0.468299 0.459569 0.467206 0.459755 0.466711 0.461269 0.466633 0.462440 0.471375 0.470806 0.479102 0.484574 0.481227 0.481463 0.475331 0.471884 0.473839 0.469065
2 0.468503 0.467111 0.467044 0.469657 0.469727 0.475120 0.470641 0.480296 0.475724 0.490838 0.479102 0.484574 0.471286 0.471477
2 0.481227 0.481463 0.479102 0.484574 0.475724 0.490838 0.475370 0.491088 0.475169 0.492949 0.478742 0.497565 0.480357 0.495773 0.483341 0.490968 0.494070 0.508250 0.495523 0.509037 0.493263 0.500579 0.491651 0.498282
2 0.480357 0.495773 0.494070 0.508250 0.495523 0.509037 0.496208 0.510833 0.495604 0.513056 0.479651 0.499343 0.478742 0.497565 0.478742 0.497565
2 0.482505 0.509019 0.479070 0.502588 0.479464 0.501088 0.483409 0.506662
2 0.480833 0.513745 0.480026 0.511481 0.479349 0.508426 0.480026 0.507500 0.480859 0.507176 0.482396 0.509583
2 0.486615 0.467894 0.487385 0.466171 0.492464 0.477241 0.493216 0.479597 0.495643 0.489333 0.493435 0.493569 0.490917 0.482741
2 0.500586 0.470514 0.499674 0.469958 0.497930 0.469171 0.496549 0.469032 0.495404 0.469634 0.495378 0.470653 0.496367 0.471718 0.498346 0.472458 0.500091 0.473199 0.500586 0.474727 0.501419 0.475051 0.501940 0.474079 0.501445 0.471440
2 0.502885 0.492778 0.501229 0.492347 0.500055 0.492403 0.498878 0.495935 0.498034 0.496741 0.496740 0.498185 0.495354 0.499792 0.495956 0.502634 0.498607 0.500597 0.501560 0.497704 0.503339 0.495935
2 0.501469 0.483616 0.500911 0.483611 0.496380 0.491250 0.493984 0.496204 0.494721 0.498292 0.499753 0.490421 0.502224 0.486991
2 0.505802 0.475810 0.508997 0.482134 0.510685 0.485722 0.511466 0.489097 0.508365 0.491991 0.507430 0.490597 0.505000 0.476806
2 0.508359 0.477477 0.509437 0.476815 0.513492 0.479551 0.518398 0.487769 0.524135 0.498139 0.524979 0.500463 0.526841 0.509171 0.519331 0.513736 0.507659 0.493241 0.507430 0.490597 0.508365 0.491991 0.511466 0.489097 0.510685 0.485722 0.508997 0.482134
2 0.472172 0.420542 0.472591 0.424870 0.472477 0.427171 0.469966 0.427708 0.467266 0.427981 0.467151 0.429806 0.472896 0.429199 0.474760 0.428588 0.473352 0.420611
2 0.475495 0.422176 0.478422 0.422579 0.477612 0.424032 0.475552 0.424144
2 0.479284 0.422852 0.484984 0.424190 0.485354 0.425505 0.479161 0.424495
2 0.465344 0.420907 0.458573 0.428481 0.458383 0.433690 0.459143 0.433894 0.464969 0.428190 0.465839 0.423407 0.465763 0.422194
2 0.462466 0.382551 0.462922 0.390282 0.462411 0.390634 0.462523 0.391546 0.464315 0.391241 0.464740 0.390736 0.464344 0.389778 0.464258 0.386898 0.463719 0.382704
2 0.462526 0.383750 0.461643 0.383361 0.461076 0.383616 0.460849 0.384875 0.462667 0.385481
2 0.463984 0.384676 0.467128 0.385889 0.467128 0.387148 0.464258 0.386898
2 0.458346 0.388532 0.457328 0.391514 0.456570 0.394671 0.456471 0.396833 0.456440 0.402444 0.457885 0.400806 0.457492 0.398935 0.457229 0.397125 0.458510 0.390579
2 0.457885 0.393736 0.461797 0.394843 0.459859 0.398000 0.457229 0.397125
2 0.449755 0.397273 0.447880 0.396810 0.449286 0.408801 0.450224 0.407782 0.449911 0.404218
2 0.442828 0.407505 0.444729 0.407412 0.444990 0.408616 0.442932 0.408801
9 0.444781 0.410097 0.443766 0.411671 0.443740 0.412458 0.444911 0.412875 0.445354 0.411486
2 0.446039 0.389287 0.449594 0.394106 0.449625 0.396250 0.446339 0.392662
2 0.446953 0.375963 0.450052 0.376843 0.450000 0.384583 0.446042 0.382676
2 0.449154 0.385139 0.447487 0.385324 0.446445 0.386157 0.446263 0.388287 0.447148 0.389676 0.448685 0.391991 0.449701 0.392176 0.449596 0.388380
2 0.453594 0.378750 0.456656 0.380324 0.456682 0.385185 0.455771 0.386250 0.453359 0.386204
9 0.453549 0.388005 0.454018 0.387542 0.454852 0.388005 0.455216 0.389069 0.454383 0.392171 0.454018 0.392912 0.453289 0.392958
2 0.414786 0.280361 0.412135 0.281097 0.409602 0.282565 0.408010 0.285079 0.390984 0.286963 0.391690 0.290417 0.404240 0.289685 0.410604 0.286963 0.415023 0.286333
2 0.391690 0.290417 0.383529 0.295111 0.382174 0.295111 0.380583 0.295949 0.379818 0.299931 0.381469 0.301500 0.386654 0.298880 0.399260 0.294903 0.403917 0.293644 0.407865 0.290713 0.410161 0.287986 0.408982 0.287778 0.404240 0.289685
2 0.410161 0.287986 0.407865 0.290713 0.403917 0.293644 0.399260 0.294903 0.389305 0.302653 0.389656 0.305481 0.390424 0.305796 0.403797 0.296995 0.409984 0.292074 0.410987 0.289245
2 0.414964 0.291569 0.398112 0.301940 0.395344 0.304139 0.395227 0.305606 0.396049 0.306653 0.398820 0.307912 0.407833 0.302884 0.414315 0.297856
2 0.415023 0.286333 0.410604 0.286963 0.408982 0.287778 0.410161 0.287986 0.410987 0.289245 0.409984 0.292074 0.403797 0.296995 0.404438 0.298042 0.414964 0.291569
2 0.421216 0.278597 0.418708 0.280005 0.416068 0.297611 0.418099 0.300185
2 0.421128 0.273199 0.419367 0.273120 0.418971 0.276796 0.421349 0.276486
2 0.395227 0.305606 0.394701 0.304870 0.394052 0.304667 0.393255 0.305412 0.393102 0.307713 0.396982 0.311296 0.398997 0.312852 0.401852 0.312042 0.402003 0.310824 0.398820 0.307912 0.396049 0.306653
2 0.414315 0.297856 0.407833 0.302884 0.407482 0.303454 0.410104 0.309065 0.411854 0.308792
9 0.408609 0.307074 0.407734 0.306736 0.406214 0.307213 0.405872 0.308903 0.406289 0.310389 0.408115 0.311542 0.409562 0.311199 0.409714 0.308361
2 0.411854 0.308792 0.410104 0.309065 0.409714 0.308361 0.409562 0.311199 0.408115 0.311542 0.406302 0.312444 0.404628 0.312444 0.401852 0.312042 0.398997 0.312852 0.401622 0.314472 0.405654 0.314472 0.410867 0.314069
9 0.367125 0.335426 0.368578 0.338083 0.367875 0.340667 0.366201 0.341134 0.364354 0.339417 0.363560 0.337616 0.363208 0.336519 0.363870 0.335347 0.365716 0.335426
9 0.373240 0.336940 0.372102 0.336181 0.371135 0.336583 0.370568 0.337949 0.370740 0.339718 0.371620 0.340426 0.372302 0.340273 0.373581 0.339264
2 0.367771 0.344259 0.355081 0.352083 0.356034 0.353319 0.368854 0.345838 0.368953 0.344375
2 0.370253 0.364639 0.367552 0.363690 0.362797 0.362810 0.359792 0.361528 0.356255 0.360579 0.351081 0.360444 0.358232 0.369778 0.367133 0.376269 0.368388 0.376741 0.370214 0.374171 0.372154 0.372347
2 0.374760 0.342282 0.374193 0.337079 0.377120 0.336472 0.377646 0.342810 0.376068 0.341907
2 0.383406 0.336227 0.377469 0.339560 0.378042 0.340903 0.383927 0.337801
2 0.389232 0.365843 0.389203 0.368250 0.387391 0.369375 0.385617 0.369644 0.384802 0.368843 0.384471 0.367662 0.386190 0.364662 0.387333 0.364236
2 0.369990 0.352644 0.377102 0.353981 0.384635 0.355963 0.384453 0.358750 0.383518 0.359657 0.371255 0.356125
2 0.375451 0.357981 0.371906 0.357194 0.371805 0.359324 0.375604 0.359602
9 0.369990 0.352644 0.369661 0.351759 0.368698 0.351852 0.368047 0.352407 0.367630 0.353704 0.368203 0.355231 0.369010 0.355324 0.370755 0.355185
2 0.369523 0.355310 0.369010 0.355324 0.368203 0.355231 0.367596 0.355218 0.370253 0.364639 0.372154 0.372347 0.373122 0.375009 0.374310 0.374231 0.372872 0.368565
2 0.373122 0.375009 0.372154 0.372347 0.370214 0.374171 0.368388 0.376741 0.366458 0.380556 0.369297 0.383704 0.371589 0.381250 0.373802 0.378287
8 0.378354 0.372500 0.376487 0.373144 0.375945 0.373787 0.375612 0.375713 0.380174 0.389556 0.381344 0.389556 0.380698 0.385537 0.379086 0.381162 0.378521 0.377648 0.377958 0.375356 0.378682 0.374634 0.379086 0.376861 0.380055 0.376356 0.380055 0.374634 0.379651 0.373347
2 0.373190 0.369667 0.374310 0.374231 0.375221 0.374620 0.375945 0.373787 0.376487 0.373144 0.376784 0.372907 0.376784 0.372120 0.376523 0.371704 0.375586 0.371704 0.374974 0.370009 0.374284 0.369481 0.373763 0.369481
6 0.584906 0.464491 0.589846 0.471556 0.577677 0.465579
6 0.591487 0.474792 0.595695 0.481690 0.596352 0.484204 0.593195 0.484671 0.588560 0.483620 0.586096 0.482389 0.575839 0.467722
6 0.505536 0.426481 0.506828 0.426343 0.508617 0.427699 0.513372 0.439801 0.518310 0.461199 0.530802 0.511181 0.527518 0.511343 0.510815 0.440926
10 0.501458 0.430319 0.503328 0.433977 0.503328 0.440454 0.502953 0.449569 0.502159 0.455380 0.500760 0.460278 0.499029 0.461523 0.496323 0.463435 0.492125 0.464343 0.488576 0.464176 0.485589 0.463176 0.479242 0.438287 0.479992 0.435056 0.480487 0.434093 0.484680 0.428861 0.485964 0.427833 0.487599 0.433769 0.492534 0.449870 0.496898 0.448245 0.499445 0.440162
10 0.480135 0.449940 0.479536 0.451653 0.479536 0.453968 0.480240 0.456977 0.481333 0.460222 0.483547 0.462398
6 0.450078 0.372741 0.449875 0.403972 0.450893 0.403523 0.453083 0.395009 0.453745 0.373468
6 0.445648 0.388676 0.448958 0.408593 0.447430 0.416194 0.445953 0.413931 0.443661 0.399356
6 0.471010 0.381593 0.440164 0.427671 0.436596 0.458981 0.465521 0.415194 0.466938 0.413588 0.479187 0.394704
6 0.503479 0.419185 0.508891 0.426981 0.518927 0.442583 0.515612 0.440588 0.514214 0.440838 0.513372 0.439801 0.508617 0.427699 0.506828 0.426343 0.502906 0.423028
6 0.516234 0.443894 0.525753 0.459454 0.535568 0.474398 0.536898 0.471245 0.521609 0.446718
6 0.525966 0.449968 0.530607 0.454699 0.530565 0.456995 0.529839 0.459722 0.521609 0.446718
6 0.538922 0.463037 0.545198 0.468426 0.544708 0.472829
6 0.525523 0.340301 0.529576 0.332625 0.531161 0.335287 0.526492 0.342417
6 0.509641 0.377662 0.531138 0.389310 0.555083 0.401616 0.555971 0.397491 0.531674 0.385042 0.510026 0.374509
6 0.548086 0.409625 0.548042 0.398028 0.550432 0.399296 0.550284 0.409625
6 0.548393 0.393495 0.548393 0.388875 0.550789 0.389690 0.550635 0.394764
6 0.508464 0.414815 0.507370 0.415574 0.505469 0.417125 0.503984 0.416111 0.503479 0.419185 0.508891 0.426981 0.518927 0.442583 0.522469 0.444764 0.525289 0.447037 0.529255 0.450560 0.533617 0.455264 0.536612 0.459412 0.538922 0.463037 0.545198 0.468426 0.549258 0.473514 0.552122 0.470537 0.552651 0.465917
6 0.530607 0.454699 0.530565 0.456995 0.529839 0.459722 0.536898 0.471245 0.538016 0.474444 0.543612 0.480028 0.545388 0.480269 0.544703 0.475903 0.541497 0.470319 0.537401 0.463889 0.534536 0.459403
6 0.538016 0.474444 0.548003 0.494282 0.553193 0.491241 0.544703 0.475903 0.545388 0.480269 0.543612 0.480028
6 0.556349 0.441051 0.557508 0.449620 0.561331 0.452884 0.559802 0.445634
6 0.558167 0.453093 0.559047 0.461708 0.562263 0.457949 0.561734 0.455833
6 0.560500 0.468037 0.563661 0.483444 0.566872 0.480727 0.564068 0.465773
6 0.564419 0.487060 0.565138 0.493056 0.569365 0.491593 0.567990 0.485519
6 0.550909 0.499949 0.552135 0.507347 0.555208 0.510019 0.559437 0.507833 0.561214 0.506014 0.559719 0.502741 0.555617 0.495338
8 0.475495 0.422176 0.475552 0.424144 0.475799 0.425764 0.476078 0.427190 0.476268 0.427750 0.477388 0.432657 0.479242 0.438287 0.485589 0.463176 0.486615 0.467894 0.490917 0.482741 0.493435 0.493569 0.493984 0.496204 0.494721 0.498292 0.495354 0.499792 0.495956 0.502634 0.501878 0.525426 0.498927 0.522282 0.496208 0.510833 0.495523 0.509037 0.493263 0.500579 0.491909 0.494389 0.483547 0.462398 0.480135 0.449940 0.479909 0.448083 0.478932 0.444491 0.474760 0.428588 0.473742 0.422352
8 0.492464 0.477241 0.500615 0.480435 0.500052 0.481852 0.493216 0.479597
8 0.500693 0.549657 0.495857 0.543301 0.493609 0.538292 0.491893 0.534606 0.492464 0.533588 0.496695 0.540403 0.499602 0.545495
8 0.530628 0.533255 0.544607 0.559153 0.555073 0.580037 0.553398 0.579569 0.543128 0.562435 0.528198 0.534921
8 0.533307 0.528653 0.531005 0.530065 0.529599 0.531454 0.527380 0.533273 0.528198 0.534921 0.530628 0.533255 0.532154 0.532394 0.532508 0.531856
8 0.517008 0.454634 0.521008 0.459968 0.526193 0.467852 0.530255 0.476847 0.532130 0.484181 0.536203 0.502491 0.537260 0.507343 0.541953 0.533005 0.541953 0.535319 0.540807 0.535088 0.540443 0.531616 0.535906 0.508153 0.535021 0.503338 0.529427 0.477546 0.517948 0.458389
8 0.514214 0.440838 0.515612 0.440588 0.518927 0.442583 0.522469 0.444764 0.525289 0.447037 0.529255 0.450560 0.533617 0.455264 0.536612 0.459412 0.538922 0.463037 0.544708 0.472829 0.551836 0.485093 0.554896 0.489310 0.553708 0.490755 0.544703 0.475903 0.541497 0.470319 0.537401 0.463889 0.534536 0.459403 0.530607 0.454699 0.525966 0.449968 0.521609 0.446718 0.516234 0.443894
8 0.551836 0.485093 0.553672 0.485556 0.557266 0.488194 0.556016 0.489028 0.553307 0.487083
6 0.600393 0.578051 0.632633 0.584380 0.632945 0.587713 0.632107 0.587630 0.620523 0.586843 0.601518 0.582824
8 0.520453 0.427782 0.528529 0.430370 0.532224 0.431245 0.535258 0.432856 0.538997 0.434597 0.543599 0.438815 0.552674 0.445644 0.557508 0.449620 0.561331 0.452884 0.572596 0.461944 0.573937 0.462366 0.576464 0.464611 0.577677 0.465579 0.589846 0.471556 0.607049 0.479000 0.635779 0.490153 0.635568 0.492199 0.612977 0.483639 0.600221 0.478472 0.591487 0.474792 0.575839 0.467722 0.567448 0.460593 0.563411 0.457106 0.561734 0.455833 0.558167 0.453093 0.554427 0.450287 0.547034 0.444144 0.542073 0.439903 0.537148 0.436282 0.534646 0.435681 0.528680 0.433648 0.523185 0.431653 0.520539 0.428750
8 0.585503 0.448782 0.586633 0.447778 0.611307 0.464694 0.610818 0.467051
8 0.572849 0.440644 0.585958 0.450250 0.585609 0.451676 0.572641 0.442130
8 0.554927 0.447338 0.553841 0.438231 0.554565 0.437694 0.556042 0.448356
8 0.555258 0.450819 0.557367 0.463194 0.558391 0.462389 0.556555 0.451782
8 0.558380 0.470704 0.559510 0.476296 0.560195 0.475722 0.559188 0.469486
8 0.559008 0.486903 0.555987 0.475282 0.557289 0.474727 0.560154 0.486023
8 0.504990 0.433801 0.508198 0.444088 0.510951 0.448796 0.513253 0.450407 0.513391 0.453014 0.510602 0.449792 0.507081 0.445329 0.503734 0.433801
8 0.516510 0.449370 0.522883 0.455681 0.522318 0.457546 0.516549 0.451380
8 0.537227 0.537884 0.540016 0.543523 0.542560 0.547306 0.546221 0.551519 0.548945 0.556338 0.548039 0.557454 0.546086 0.556644 0.545982 0.553796 0.545596 0.552741 0.542982 0.551500 0.536917 0.540778 0.536430 0.538981
8 0.503549 0.392560 0.506849 0.393009 0.514609 0.393102 0.514974 0.395602 0.511589 0.396389 0.506901 0.395694 0.504245 0.395556
8 0.572596 0.461944 0.569995 0.448907 0.570625 0.449185 0.573937 0.462366
8 0.576464 0.464611 0.583797 0.462926 0.584906 0.464491 0.577677 0.465579
8 0.592844 0.563616 0.595922 0.568347 0.597977 0.571750 0.599555 0.576523 0.599562 0.578056 0.598536 0.578139 0.597182 0.572662 0.591583 0.564366
8 0.570839 0.555333 0.576464 0.558014 0.576099 0.559542 0.571307 0.557088
8 0.577922 0.558847 0.580396 0.559634 0.580031 0.561532 0.577870 0.560889
8 0.582271 0.560699 0.592651 0.566009 0.594396 0.568602 0.582078 0.562676
8 0.594721 0.566495 0.601258 0.569736 0.601049 0.571032 0.595922 0.568347
8 0.598810 0.574458 0.601727 0.570662 0.602456 0.571634 0.601500 0.573199 0.599555 0.576523
8 0.599125 0.580500 0.600805 0.585231 0.601878 0.584815 0.600664 0.580583
8 0.520982 0.393898 0.544310 0.405991 0.543497 0.410315 0.535937 0.405991 0.531404 0.402250 0.525464 0.399755 0.521737 0.400231 0.519576 0.399370
8 0.529404 0.390537 0.528487 0.395144 0.530378 0.397162 0.534859 0.397833 0.545172 0.403593 0.545930 0.402343 0.545766 0.400042
8 0.548086 0.409625 0.552039 0.410898 0.569784 0.418648 0.569750 0.420069 0.569193 0.422861 0.568461 0.422796 0.548518 0.413255
8 0.540375 0.409620 0.543497 0.410315 0.555141 0.419426 0.555141 0.420870 0.554750 0.422639 0.554117 0.423708 0.540617 0.411551
8 0.554750 0.422639 0.574490 0.435444 0.614143 0.461403 0.613133 0.465991 0.586633 0.447778 0.585503 0.448782 0.566664 0.435801 0.554039 0.426838
8 0.554039 0.426838 0.566664 0.435801 0.576206 0.445810 0.574104 0.449046 0.571177 0.444977 0.559661 0.435023 0.554737 0.431704 0.553617 0.429213
8 0.630286 0.580069 0.632292 0.580324 0.639505 0.583194 0.640156 0.585231 0.636693 0.584444 0.630313 0.581250
8 0.604354 0.553731 0.617599 0.581167 0.620224 0.581722 0.605914 0.552287
8 0.616760 0.571583 0.619651 0.571583 0.621672 0.572921 0.624570 0.576954 0.627461 0.582954 0.625956 0.582741 0.623365 0.578079 0.620917 0.574315 0.617935 0.573458
8 0.610273 0.604153 0.613242 0.606551 0.621937 0.617306 0.623448 0.618361 0.627068 0.622296 0.626258 0.622968 0.623664 0.621241 0.622422 0.619509 0.609786 0.605111
8 0.604786 0.608505 0.610992 0.617301 0.614120 0.621032 0.615893 0.621449 0.605719 0.607259
8 0.564299 0.571620 0.568138 0.573477 0.571102 0.576454 0.571484 0.578125 0.567930 0.575088 0.564372 0.573417
8 0.561724 0.571991 0.566641 0.581162 0.564896 0.581227 0.561424 0.573778
8 0.563258 0.572116 0.568870 0.580792 0.567232 0.580917 0.562318 0.572361
8 0.567156 0.575347 0.570711 0.580801 0.569247 0.580926 0.565865 0.575472
8 0.567406 0.583051 0.569880 0.588051 0.568969 0.589347 0.568534 0.588500 0.566193 0.583889 0.566003 0.583185
8 0.594003 0.583755 0.604333 0.591759 0.603857 0.593009 0.593120 0.585306
8 0.560745 0.490366 0.562432 0.490741 0.564964 0.491491 0.565023 0.492458 0.562010 0.492028 0.560323 0.491977
8 0.467023 0.418648 0.466154 0.422116 0.464969 0.428190 0.464862 0.434514 0.465339 0.441435 0.466169 0.445611 0.469169 0.453278 0.475586 0.466704 0.476716 0.466634 0.476716 0.465347 0.475060 0.462116 0.471794 0.455306 0.469042 0.449968 0.468367 0.448023 0.467299 0.445389 0.466539 0.442264 0.465758 0.436755 0.465549 0.434120 0.465911 0.428833 0.466198 0.426519 0.467607 0.419333
8 0.492125 0.464343 0.496323 0.463435 0.499401 0.463426 0.501719 0.464167 0.504245 0.465231 0.505938 0.466713 0.508828 0.471435 0.509453 0.474815 0.506615 0.474861 0.505000 0.476806 0.500911 0.483611 0.496380 0.491250 0.493984 0.496204 0.493435 0.493569 0.495643 0.489333 0.500052 0.481852 0.501172 0.479676 0.504792 0.474398 0.506693 0.471389 0.505365 0.470139 0.504115 0.468935 0.502370 0.467639 0.500286 0.466296 0.497656 0.465926 0.495651 0.465417 0.492656 0.465648
15 0.402367 0.316417 0.384750 0.317778 0.385104 0.324481 0.400188 0.323644 0.404547 0.320292 0.403310 0.319454
15 0.388448 0.332829 0.384586 0.335301 0.383406 0.336227 0.383927 0.337801 0.382615 0.338782 0.382940 0.342523 0.388880 0.341755
15 0.406424 0.318454 0.404547 0.320292 0.400188 0.323644 0.389427 0.331060 0.388677 0.332366 0.408440 0.326194 0.409086 0.322611
15 0.408440 0.326194 0.388677 0.332366 0.388448 0.332829 0.388880 0.341755 0.392065 0.341894 0.396581 0.341319 0.396742 0.339597 0.407594 0.334722
15 0.407594 0.334722 0.396742 0.339597 0.396581 0.341319 0.395776 0.347704 0.398477 0.350856 0.400453 0.349134 0.404083 0.348278 0.406182 0.344190
8 0.591487 0.474792 0.595695 0.481690 0.596352 0.484204 0.593195 0.484671 0.605956 0.501731 0.608602 0.506343 0.609466 0.508454 0.611680 0.507880 0.611680 0.505861 0.598503 0.482727
8 0.600221 0.478472 0.605169 0.485028 0.608156 0.490255 0.613990 0.501542 0.614596 0.506352 0.613445 0.507532 0.612451 0.507514 0.596115 0.477477
10 0.385638 0.358037 0.383057 0.360472 0.380677 0.361264 0.377974 0.361477 0.376201 0.361551 0.375070 0.362338 0.374344 0.363056 0.373214 0.365278 0.373255 0.367213 0.374974 0.370009 0.376990 0.370296 0.378604 0.370370 0.379693 0.371301 0.383122 0.379620 0.384815 0.377398 0.386510 0.373884 0.384411 0.370296 0.383604 0.368722 0.383042 0.367574 0.382961 0.366139 0.383526 0.365278 0.384776 0.364130 0.385984 0.362625 0.386995 0.361046 0.387089 0.360074 0.395203 0.348125 0.395776 0.347704 0.394156 0.344037 0.390995 0.348829 0.389135 0.347838 0.384578 0.353458 0.388021 0.355444
10 0.395674 0.403069 0.393234 0.401769 0.390898 0.400903 0.389052 0.400343 0.386958 0.399106 0.384310 0.397185 0.381875 0.395125 0.379401 0.395310 0.375844 0.392273 0.373753 0.398102 0.374310 0.399958 0.377971 0.402750 0.383922 0.404296 0.388076 0.406870 0.389383 0.409361 0.391391 0.412102 0.394190 0.411519
10 0.398451 0.379292 0.396969 0.381009 0.395898 0.381838 0.394703 0.382491 0.388383 0.374833 0.385187 0.381380 0.390049 0.389403 0.389727 0.392676 0.389753 0.394245 0.390458 0.396380 0.391862 0.397630 0.392956 0.397676 0.394310 0.396981 0.395331 0.393977 0.395174 0.391060 0.395122 0.387958 0.395513 0.386708 0.397023 0.386014 0.398039 0.384903 0.398898 0.383282 0.399237 0.381106 0.399263 0.379532
10 0.393154 0.360301 0.392294 0.361042 0.389482 0.366782 0.389203 0.368250 0.387391 0.369375 0.386435 0.370301 0.385445 0.371505 0.386510 0.373884 0.384815 0.377398 0.383122 0.379620 0.380698 0.385537 0.381344 0.389556 0.384531 0.379815 0.391065 0.367616 0.393727 0.364296 0.394987 0.361394
8 0.480609 0.467213 0.491909 0.494389 0.493263 0.500579 0.491651 0.498282 0.481063 0.472606 0.479604 0.469875 0.479609 0.469301 0.480185 0.468481
8 0.507659 0.493241 0.506544 0.491977 0.505643 0.494116 0.508328 0.498833 0.512721 0.508069 0.517198 0.515167 0.519042 0.518468 0.521518 0.522616 0.523742 0.526657 0.527380 0.533273 0.529599 0.531454 0.526422 0.525713 0.519331 0.513736
8 0.506661 0.522861 0.504141 0.524537 0.504661 0.527685 0.507161 0.526481 0.506406 0.523472
8 0.512227 0.518144 0.513284 0.518106 0.515180 0.516528 0.517198 0.515167 0.519042 0.518468 0.514651 0.521505 0.514036 0.522130
8 0.526841 0.509171 0.519331 0.513736 0.521490 0.517380 0.522505 0.516593 0.525370 0.515435 0.527839 0.514352 0.527687 0.512380 0.528391 0.511870 0.528281 0.511481 0.527518 0.511343
8 0.529786 0.507181 0.535021 0.503338 0.535906 0.508153 0.530802 0.511181
8 0.536203 0.502491 0.548003 0.494282 0.553193 0.491241 0.563661 0.483444 0.566872 0.480727 0.578307 0.471991 0.579240 0.476139 0.567990 0.485519 0.564419 0.487060 0.555617 0.495338 0.537260 0.507343
8 0.584997 0.493449 0.601146 0.510958 0.599654 0.517097 0.587518 0.500005 0.584159 0.497185
8 0.602839 0.510602 0.613445 0.507532 0.616198 0.507449 0.618438 0.508361 0.620026 0.510352 0.620164 0.512093 0.618711 0.513287 0.617409 0.511157 0.615091 0.511574 0.611133 0.512745 0.605229 0.513421
8 0.588560 0.483620 0.608596 0.508616 0.605049 0.509861 0.599214 0.504056 0.588341 0.490282 0.585586 0.485551 0.586096 0.482389
8 0.593195 0.484671 0.605956 0.501731 0.605036 0.504231 0.588560 0.483620
2 0.529716 0.403528 0.526826 0.403157 0.524716 0.403713 0.525836 0.407352 0.523536 0.411106 0.522586 0.412125 0.516031 0.419991 0.518208 0.424329 0.519404 0.425343 0.526667 0.415380 0.531115 0.420343 0.528529 0.430370 0.532224 0.431245 0.535258 0.432856 0.536656 0.426917 0.541768 0.431301 0.538997 0.434597 0.543599 0.438815 0.552674 0.445644 0.549052 0.433181 0.553617 0.429213 0.554039 0.426838 0.554117 0.423708 0.551229 0.421190 0.549310 0.421282 0.547281 0.419509 0.543690 0.418005 0.540260 0.417287 0.538687 0.417000
2 0.537148 0.436282 0.534497 0.438940 0.534646 0.435681 0.529401 0.433750 0.529359 0.439120 0.532266 0.442259 0.536031 0.446616 0.542073 0.439903
2 0.563411 0.457106 0.562263 0.457949 0.559047 0.461708 0.556711 0.463653 0.554427 0.450287 0.549477 0.446648 0.550734 0.454852 0.553417 0.468083 0.552122 0.470537 0.549258 0.473514 0.546990 0.476343 0.549188 0.480037 0.557987 0.470986 0.560500 0.468037 0.564068 0.465773 0.565339 0.463060 0.567448 0.460593
8 0.596990 0.474829 0.592190 0.466579 0.587229 0.460343 0.579604 0.453958 0.577346 0.451954 0.575974 0.451736 0.582753 0.459981 0.587833 0.466653 0.592029 0.472532
8 0.600982 0.512130 0.619451 0.536130 0.634576 0.556282 0.633701 0.559065 0.632286 0.559333 0.600036 0.516324
10 0.340659 0.348255 0.346518 0.355690 0.357956 0.360653 0.364930 0.361477 0.367161 0.359991 0.367096 0.355079 0.368659 0.349542 0.364995 0.349213 0.363255 0.351560 0.362474 0.356153 0.354255 0.352731 0.344706 0.347509
8 0.564539 0.465634 0.573846 0.474773 0.573151 0.475634 0.564815 0.467981
8 0.565648 0.462421 0.574680 0.473782 0.573846 0.474773 0.565232 0.464273
8 0.567247 0.461435 0.575305 0.474403 0.576208 0.473167 0.569818 0.462792
8 0.574401 0.467116 0.576208 0.473167 0.577526 0.472181 0.576625 0.469583
8 0.579630 0.474116 0.585909 0.483681 0.585586 0.485551 0.579240 0.476139
8 0.579182 0.477065 0.585586 0.485551 0.588341 0.490282 0.590081 0.493009 0.589049 0.493088 0.578107 0.478343
8 0.577013 0.478657 0.582305 0.484838 0.590451 0.494616 0.593115 0.498370 0.599214 0.504056 0.603383 0.508574 0.602888 0.510014 0.592398 0.498213 0.581542 0.485935 0.575893 0.479477
8 0.574641 0.480199 0.573833 0.481792 0.580964 0.488648 0.588633 0.495981 0.604938 0.514991 0.607659 0.518634 0.607865 0.517148 0.605229 0.513421 0.602839 0.510602 0.592398 0.498213 0.582305 0.487519
8 0.577266 0.485259 0.576714 0.486444 0.579870 0.490769 0.583635 0.496532 0.584417 0.495296 0.581057 0.489843
8 0.573885 0.482565 0.573216 0.483579 0.576701 0.489296 0.580250 0.494954 0.581391 0.494653
8 0.574154 0.486556 0.573250 0.487745 0.575896 0.494176 0.577102 0.494477
8 0.569766 0.484889 0.568995 0.485782 0.572815 0.492153 0.573542 0.492602 0.574354 0.492986
8 0.577102 0.494477 0.578581 0.494218 0.580250 0.494954 0.581797 0.495694 0.583635 0.496532 0.584159 0.497185 0.587518 0.500005 0.599654 0.517097 0.605042 0.526319 0.615732 0.544491 0.617755 0.547903 0.626885 0.562204 0.625849 0.563861 0.613490 0.543722 0.600479 0.521699 0.590326 0.506319 0.586638 0.501856 0.584495 0.499019 0.583042 0.497634 0.581122 0.496528 0.577906 0.495236
8 0.612732 0.523505 0.613992 0.522509 0.634214 0.548972 0.636000 0.551870 0.633979 0.551745 0.623685 0.537324
8 0.628711 0.548310 0.633086 0.550532 0.633979 0.551745 0.636000 0.551870 0.638807 0.553394 0.645867 0.556620 0.646549 0.556954 0.645971 0.559139 0.642862 0.558227 0.630661 0.551005
8 0.636888 0.556148 0.641799 0.563005 0.649427 0.574556 0.661078 0.592412 0.669010 0.605569 0.669010 0.602588 0.653979 0.579190 0.642107 0.561181 0.638844 0.555745
8 0.654883 0.569236 0.655443 0.574213 0.656891 0.574620 0.655909 0.569806
8 0.662760 0.576481 0.656891 0.574620 0.655443 0.574213 0.654276 0.574046 0.652875 0.574380 0.652875 0.575699 0.654977 0.575366 0.657682 0.575699 0.662422 0.577278 0.665784 0.578250 0.666146 0.577324
8 0.662760 0.576481 0.663932 0.573472 0.664427 0.574167 0.663438 0.576574
8 0.662422 0.577278 0.659870 0.583472 0.660469 0.584120 0.662969 0.577454
8 0.655839 0.575343 0.657401 0.583722 0.658990 0.583954 0.657167 0.575713
8 0.658990 0.583954 0.669138 0.597074 0.669047 0.601523 0.657445 0.584065
8 0.642208 0.566898 0.646198 0.570958 0.649747 0.578273 0.657211 0.589171 0.669070 0.608532 0.669109 0.610972 0.668344 0.611759 0.656161 0.592398 0.650797 0.585014 0.646242 0.577866 0.645740 0.576222 0.641706 0.568333
8 0.656557 0.596282 0.655469 0.598722 0.660753 0.607759 0.667070 0.618236 0.667714 0.616157
8 0.634654 0.570611 0.633526 0.572620 0.638122 0.579505 0.639576 0.579218 0.639576 0.582088 0.644779 0.589903 0.661346 0.615060 0.668953 0.627236 0.673336 0.634657 0.677583 0.641620 0.679391 0.639370 0.675625 0.633264 0.673052 0.629481 0.668974 0.623394 0.654208 0.599690 0.647365 0.589306
8 0.627138 0.562111 0.636667 0.569481 0.643237 0.574787 0.645740 0.576222 0.646242 0.577866 0.637224 0.571269 0.626526 0.563060
8 0.614815 0.553153 0.624549 0.562259 0.625362 0.563653 0.624849 0.564083 0.613823 0.553792
8 0.626320 0.563917 0.625201 0.564796 0.632076 0.570306 0.634211 0.570815 0.634185 0.569333 0.632154 0.568639
8 0.629820 0.577644 0.631388 0.577755 0.638122 0.579505 0.639576 0.579218 0.639576 0.582088 0.636484 0.581486 0.636484 0.581486 0.630000 0.579069
8 0.623594 0.587898 0.623799 0.589838 0.624138 0.591829 0.633789 0.598667 0.637617 0.604454 0.639091 0.604917 0.633680 0.596718
8 0.630268 0.587611 0.635607 0.597241 0.639091 0.604917 0.641951 0.610718 0.643164 0.610000 0.642706 0.607079 0.637214 0.596532 0.634813 0.592903 0.632107 0.587630
8 0.642706 0.607079 0.657133 0.625657 0.657826 0.627935 0.656279 0.627153 0.643164 0.610000
8 0.603904 0.619972 0.629810 0.623704 0.640786 0.625667 0.650500 0.627153 0.650617 0.628949 0.641461 0.628333 0.639599 0.627968 0.634792 0.627231 0.627948 0.625968 0.604656 0.623023
8 0.614680 0.585764 0.614599 0.586125 0.621214 0.588921 0.620529 0.587343
8 0.616818 0.587773 0.617893 0.592755 0.618740 0.597630 0.620125 0.605130 0.621227 0.606407 0.620018 0.598208 0.619047 0.593042 0.618310 0.588134
8 0.604117 0.590935 0.606885 0.592866 0.610219 0.595144 0.612648 0.597343 0.620125 0.605130 0.621227 0.606407 0.626750 0.611319 0.637258 0.623486 0.639294 0.625389 0.636469 0.624833 0.618865 0.606551 0.605094 0.593907
8 0.639599 0.627968 0.648008 0.637352 0.653063 0.643306 0.659456 0.649861 0.660622 0.648032 0.654719 0.641528 0.653159 0.640403 0.649318 0.636653 0.641461 0.628333
8 0.649096 0.650356 0.654135 0.656000 0.657544 0.660481 0.660378 0.664856 0.661872 0.666926 0.665091 0.671130 0.664219 0.671130 0.662547 0.669704 0.659060 0.665861 0.654945 0.659292 0.654299 0.657574 0.651599 0.654894 0.648935 0.652653 0.648180 0.652051
8 0.629969 0.642051 0.637904 0.651606 0.642901 0.657602 0.643964 0.656713 0.636966 0.647384 0.630966 0.641167
8 0.627094 0.635611 0.638589 0.642940 0.644839 0.649384 0.644901 0.652051 0.638339 0.645829 0.627594 0.637278
8 0.622052 0.625204 0.625487 0.625870 0.630549 0.628940 0.636716 0.632449 0.637896 0.633056 0.647404 0.638000 0.647404 0.640347 0.641578 0.638106 0.622177 0.626204
8 0.623773 0.627935 0.624294 0.629736 0.626073 0.631718 0.633219 0.639403 0.635102 0.640704 0.635102 0.639528 0.627432 0.631162 0.626073 0.629796 0.625482 0.628310
8 0.614383 0.624833 0.616674 0.628676 0.623117 0.635352 0.623534 0.634361 0.620396 0.629833 0.617747 0.627356 0.615969 0.624690
8 0.617049 0.624750 0.620396 0.629833 0.623534 0.634361 0.628102 0.639810 0.628138 0.638449 0.627594 0.637278 0.624547 0.632995 0.618898 0.625125
8 0.606156 0.625338 0.606641 0.629565 0.608013 0.631792 0.611591 0.638009 0.612591 0.640009 0.615526 0.649231 0.619193 0.660889 0.620138 0.662000 0.620799 0.660639 0.620138 0.657972 0.618674 0.652708 0.614143 0.638944
8 0.620911 0.609144 0.621937 0.617306 0.623448 0.618361 0.621883 0.609912
8 0.622422 0.619509 0.622909 0.622778 0.623935 0.622778 0.623664 0.621241
8 0.604786 0.601037 0.608286 0.605685 0.610945 0.610662 0.615987 0.619954 0.618997 0.622153 0.618180 0.619292 0.614680 0.612736 0.612068 0.608171 0.609034 0.604356 0.605906 0.599296
8 0.603857 0.593009 0.604742 0.596204 0.605906 0.599296 0.609034 0.604356 0.609786 0.605111 0.610273 0.604153 0.608362 0.601250 0.606747 0.598102 0.605094 0.593907
8 0.604026 0.616486 0.599357 0.597569 0.599964 0.596907 0.605891 0.619060
8 0.608880 0.624375 0.615414 0.637139 0.614245 0.638000 0.607104 0.625236
8 0.595109 0.621884 0.619193 0.660889 0.620138 0.662000 0.619706 0.662782 0.617276 0.664745 0.615294 0.660727 0.611531 0.656079 0.593596 0.624755
8 0.575510 0.581417 0.581909 0.589528 0.590042 0.600449 0.606234 0.627426 0.605872 0.629481 0.604716 0.629995 0.590258 0.604051 0.585487 0.597352 0.574500 0.581931
8 0.588099 0.593144 0.603904 0.619972 0.603911 0.622116 0.603305 0.622333 0.587776 0.594940
8 0.598221 0.606699 0.604026 0.616486 0.605891 0.619060 0.603904 0.619972 0.596771 0.607560
8 0.583336 0.596060 0.596497 0.619125 0.597852 0.617796 0.590258 0.604051 0.585487 0.597352
8 0.579005 0.591051 0.583945 0.600000 0.585482 0.600000 0.583336 0.596060 0.579909 0.589986
8 0.575057 0.584949 0.583945 0.600000 0.589341 0.607690 0.587930 0.608907 0.585630 0.604963 0.573891 0.586681
8 0.573891 0.586681 0.572951 0.588750 0.579406 0.597426 0.584568 0.605171 0.585630 0.604963
8 0.572951 0.588750 0.571943 0.589824 0.575573 0.594843 0.578437 0.598574 0.579406 0.597426
8 0.578297 0.599106 0.587250 0.613375 0.591326 0.618852 0.591979 0.616616 0.586609 0.609144 0.579193 0.598028
8 0.574385 0.595954 0.586911 0.617171 0.587831 0.616019 0.575086 0.594995
8 0.587609 0.617222 0.591339 0.624287 0.592768 0.621620 0.591326 0.618852 0.588307 0.615116
8 0.578716 0.603819 0.586911 0.617171 0.589211 0.620593 0.588276 0.621370 0.581089 0.610486 0.581089 0.609153 0.578404 0.604486
8 0.570945 0.590088 0.574385 0.595954 0.578716 0.603819 0.578404 0.604486 0.581089 0.609153 0.581089 0.610486 0.580115 0.612278 0.578612 0.610449 0.578336 0.605509 0.574607 0.601861 0.568818 0.592194
8 0.578612 0.610449 0.580115 0.612278 0.591880 0.631463 0.591708 0.631981 0.590451 0.632579 0.584523 0.621981 0.584628 0.620741 0.583201 0.618079
8 0.578612 0.610449 0.583201 0.618079 0.584628 0.620741 0.584523 0.621981 0.583792 0.622292 0.577935 0.612870
8 0.577760 0.613977 0.589055 0.631690 0.587521 0.633620 0.577073 0.615977
8 0.576911 0.617199 0.583003 0.626741 0.582237 0.627736 0.576227 0.618995
8 0.566026 0.593106 0.574065 0.582935 0.575042 0.584301 0.567094 0.594093
8 0.565513 0.581139 0.573289 0.580704 0.573357 0.582685 0.566003 0.583185
8 0.587344 0.549380 0.581349 0.549505 0.581870 0.551366 0.584346 0.551981 0.587971 0.551426
8 0.578349 0.544731 0.581349 0.549505 0.581870 0.551366 0.587693 0.560662 0.586927 0.562954 0.584940 0.560287 0.583693 0.558069 0.582000 0.555417 0.578651 0.548389 0.576997 0.545736 0.575003 0.542065 0.575875 0.539898
8 0.572711 0.533866 0.571336 0.534319 0.571641 0.537306 0.572406 0.539389 0.573221 0.544912 0.573323 0.547625 0.574299 0.548792 0.575607 0.548458 0.575003 0.542065 0.573693 0.536593
8 0.570781 0.529491 0.575401 0.530403 0.579742 0.532310 0.579742 0.534222 0.576427 0.532894 0.573302 0.532065
8 0.547969 0.503843 0.553901 0.510537 0.557380 0.515361 0.569667 0.528245 0.570781 0.529491 0.573302 0.532065 0.589380 0.548991 0.589297 0.551287 0.588893 0.551718 0.588331 0.551431 0.587344 0.549380 0.572711 0.533866 0.555870 0.515551 0.551622 0.510727 0.546896 0.505241
8 0.564513 0.533866 0.564411 0.536764 0.564461 0.539750 0.563089 0.544755 0.562271 0.545634 0.560896 0.544912
8 0.539708 0.519847 0.543542 0.526139 0.547987 0.533847 0.551719 0.541597 0.553461 0.544819 0.555589 0.549032 0.556216 0.551699 0.555518 0.552134 0.550638 0.542218 0.543771 0.529449 0.540247 0.523315
8 0.567797 0.528606 0.560930 0.526870 0.556154 0.525315 0.556258 0.527481 0.561034 0.529528 0.569198 0.530787
8 0.553146 0.524505 0.549031 0.522426 0.548870 0.525722 0.553630 0.526944
8 0.551693 0.526440 0.552904 0.533468 0.553711 0.533111 0.553630 0.531245 0.552984 0.526657
8 0.553630 0.531245 0.553711 0.533111 0.555083 0.539986 0.556615 0.539269 0.556130 0.535046 0.555484 0.531028 0.554438 0.531171
8 0.551169 0.523421 0.550440 0.520181 0.551638 0.519347 0.552471 0.524208
8 0.554268 0.517218 0.563357 0.527449 0.566794 0.528144 0.555544 0.516014
8 0.546234 0.523912 0.552138 0.533926 0.551206 0.534676 0.544997 0.524875
8 0.560891 0.511241 0.564203 0.514153 0.564760 0.515704 0.564482 0.517315 0.563750 0.516319 0.560508 0.513282
8 0.562268 0.504069 0.565344 0.511676 0.565216 0.512463 0.565133 0.514676 0.560461 0.503157
8 0.559719 0.502741 0.560461 0.503157 0.562268 0.504069 0.564445 0.505366 0.563432 0.501829 0.557044 0.497815
8 0.558563 0.498875 0.556544 0.495926 0.556906 0.494106 0.557297 0.494213 0.560281 0.499782
8 0.560924 0.492347 0.562190 0.496634 0.562313 0.496421 0.562185 0.493958 0.562010 0.492028
8 0.549096 0.499713 0.546656 0.504176 0.544216 0.509380 0.541562 0.514833 0.539471 0.516880 0.539542 0.518366 0.541740 0.516569 0.543518 0.514648 0.546549 0.507088 0.546896 0.505241 0.548536 0.502870 0.550492 0.499898 0.553211 0.496986
8 0.545677 0.506528 0.542818 0.503801 0.540727 0.505292 0.544526 0.508634
8 0.546549 0.507088 0.550638 0.511352 0.548964 0.512468 0.545479 0.509741
8 0.547508 0.502653 0.546458 0.501361 0.544320 0.502870 0.546216 0.504949 0.546458 0.504375
8 0.533982 0.512718 0.533268 0.513903 0.536185 0.521194 0.536841 0.522477 0.537477 0.520523
8 0.533346 0.509792 0.532016 0.510870 0.533982 0.512718 0.537477 0.520523 0.538312 0.520625 0.537708 0.517389 0.534760 0.512306
8 0.524844 0.487227 0.534664 0.503093 0.534146 0.504171 0.527271 0.494519 0.525826 0.491384
8 0.528253 0.499806 0.531083 0.506176 0.530216 0.506894 0.528859 0.503505
8 0.529115 0.491505 0.533021 0.494329 0.533542 0.496319 0.529974 0.495116 0.529010 0.493912
8 0.534471 0.494551 0.539836 0.497606 0.539862 0.499366 0.534966 0.496912
8 0.531273 0.480704 0.538852 0.488713 0.545609 0.495847 0.543969 0.497097 0.532130 0.484181
8 0.533083 0.488532 0.542979 0.497792 0.541130 0.499042 0.539836 0.497606 0.533839 0.491819
8 0.519951 0.467815 0.529865 0.479227 0.530315 0.481745 0.520854 0.471245
8 0.522703 0.478412 0.531471 0.486931 0.532076 0.489713 0.523336 0.481037
8 0.503120 0.458838 0.523440 0.494273 0.524346 0.498236 0.518398 0.487769 0.513492 0.479551 0.508828 0.471435 0.502109 0.459639
8 0.506630 0.460000 0.508687 0.464662 0.512156 0.469468 0.519375 0.476852 0.518690 0.474343 0.513930 0.468819 0.511068 0.464875 0.508365 0.460218
8 0.521740 0.488009 0.516617 0.476681 0.516214 0.474671 0.516979 0.474671 0.520813 0.482921
8 0.513930 0.468819 0.511437 0.461319 0.512568 0.460889 0.515391 0.470356
15 0.727404 0.675579 0.731581 0.675579 0.734023 0.674856 0.738432 0.680972 0.737690 0.684995 0.739167 0.688889 0.740849 0.689343 0.741815 0.688528 0.742492 0.686972 0.744680 0.690639 0.743680 0.694856 0.739495 0.698745 0.729560 0.683194 0.729833 0.677653 0.727310 0.676421
5 0.719674 0.710282 0.723138 0.733245 0.728943 0.765463 0.735167 0.774185 0.736659 0.774111 0.739161 0.772394 0.739966 0.773250 0.740049 0.774542 0.738758 0.776481 0.737307 0.777125 0.742729 0.782292 0.745432 0.783653 0.750719 0.786519 0.752128 0.782431 0.752773 0.777917 0.749789 0.774042 0.745836 0.772685 0.741359 0.769093 0.739945 0.770028 0.738906 0.766819 0.737896 0.765884 0.736503 0.764093 0.733596 0.754292 0.731518 0.745134 0.728776 0.736509
5 0.719599 0.706069 0.724443 0.704449 0.729185 0.732736
8 0.719599 0.706069 0.729185 0.732736 0.741359 0.769093 0.739945 0.770028 0.738906 0.766819 0.731518 0.745134 0.728776 0.736509 0.719674 0.710282 0.718286 0.706569
8 0.718872 0.704750 0.706846 0.671588 0.698167 0.650926 0.691250 0.635787 0.688737 0.630681 0.685565 0.624792 0.684724 0.625370 0.689719 0.635662 0.694432 0.646032 0.699893 0.658894 0.701154 0.662130 0.707406 0.677810 0.717953 0.705106
15 0.714268 0.644597 0.720273 0.653875 0.728326 0.666236 0.726320 0.666519 0.722164 0.669222 0.717203 0.661556
6 0.389052 0.342722 0.377646 0.342810 0.376068 0.341907 0.373521 0.342722 0.371180 0.343537 0.369549 0.346069 0.370057 0.347792 0.372706 0.349329 0.385742 0.350056 0.389612 0.345074
10 0.372240 0.311343 0.352133 0.326023 0.338190 0.333991 0.338190 0.342843 0.340680 0.343727 0.360349 0.333991 0.367125 0.335426 0.377526 0.335319 0.383406 0.336227 0.388448 0.332829 0.387487 0.329565 0.381443 0.324380 0.379216 0.315843
5 0.708667 0.611060 0.702839 0.613935 0.718872 0.704750 0.724122 0.702847
5 0.562185 0.493958 0.565138 0.493056 0.569924 0.491606 0.573542 0.492602 0.579245 0.496315 0.586638 0.501856 0.590326 0.506319 0.600479 0.521699 0.613490 0.543722 0.608250 0.549671 0.603453 0.553745 0.597469 0.558282 0.595091 0.555935 0.592979 0.551083 0.589953 0.544894 0.587401 0.541523 0.584805 0.539569 0.580573 0.532889 0.575818 0.529519 0.570940 0.524750 0.568164 0.523653 0.566581 0.521852 0.565128 0.518565 0.565216 0.512463 0.566076 0.508968 0.564445 0.505366 0.562510 0.498250
15 0.680904 0.593981 0.680227 0.595139 0.680539 0.596343 0.677831 0.599630 0.676893 0.598194 0.676164 0.598889 0.676424 0.602269 0.687372 0.619185 0.709807 0.652449 0.706461 0.632829 0.698057 0.620431
8 0.681365 0.624963 0.678943 0.619870 0.677977 0.617833 0.677315 0.613120 0.677948 0.612690 0.682875 0.623898
5 0.483776 0.505847 0.480833 0.513745 0.495031 0.534898 0.498039 0.540157 0.500693 0.549657 0.506036 0.555102 0.507745 0.551380 0.529208 0.573611 0.547310 0.592505 0.573839 0.618102 0.575833 0.620333 0.578612 0.610449 0.578336 0.605509 0.547880 0.575412 0.533958 0.563199 0.520188 0.548315 0.503576 0.527370
5 0.477674 0.508769 0.476549 0.506634 0.473875 0.504361 0.472133 0.504019 0.469573 0.504500 0.467133 0.506426 0.478503 0.527306 0.482047 0.519949
5 0.448630 0.460412 0.446755 0.464856 0.448081 0.471366 0.449318 0.477366 0.450651 0.486176 0.451302 0.488120 0.452839 0.490574 0.454062 0.491083 0.455260 0.489602 0.456901 0.487380 0.456578 0.486102 0.455896 0.474514 0.454672 0.472481 0.453406 0.472051 0.453326 0.468894 0.454094 0.466023 0.454375 0.464306 0.456917 0.463731 0.456391 0.459144 0.449615 0.460861
5 0.451635 0.457972 0.454734 0.453528 0.455750 0.456676
