0 0.756208 0.968259 0.764557 0.973102 0.772724 0.973102 0.775810 0.974069 0.777422 0.978611 0.777839 0.984167 0.781435 0.994394 0.783586 1.000000 0.707872 1.000000 0.713557 0.987620
2 0.483021 0.173116 0.485208 0.174042 0.485117 0.175361 0.484464 0.177583 0.483776 0.177931 0.483005 0.177426 0.480052 0.173671 0.480260 0.172606 0.482891 0.174333
2 0.473521 0.164458 0.479560 0.167681 0.483581 0.170593 0.482891 0.174333 0.477466 0.170361 0.473357 0.165227
2 0.472820 0.158796 0.480875 0.163824 0.479560 0.167681 0.471211 0.163181
2 0.485117 0.175361 0.492391 0.179208 0.494109 0.181403 0.493271 0.183593 0.484464 0.177583
2 0.499943 0.199676 0.501542 0.203532 0.502839 0.207190 0.506951 0.209829 0.506266 0.207324 0.502799 0.199741
2 0.469307 0.185667 0.470576 0.192208 0.471599 0.196144 0.475826 0.215861 0.478560 0.220750 0.483432 0.227079 0.481992 0.219745 0.474617 0.193421 0.472232 0.189694
2 0.480042 0.209949 0.491617 0.229171 0.492477 0.229366 0.495133 0.228069 0.496581 0.228667 0.499201 0.224866 0.491135 0.210093 0.489438 0.209227 0.487505 0.208588
2 0.495133 0.228069 0.492477 0.229366 0.495263 0.234273 0.499633 0.243412 0.503479 0.252199 0.504859 0.249329 0.500667 0.239875
2 0.507167 0.246824 0.515154 0.268833 0.515010 0.260352 0.508813 0.242931
2 0.495750 0.211310 0.506466 0.245829 0.508005 0.242194 0.498651 0.212227
2 0.515154 0.268833 0.517758 0.271532 0.520648 0.274491 0.523755 0.275185 0.523992 0.281685 0.519568 0.278426 0.514661 0.269907
1 0.427589 0.382417 0.432437 0.396606 0.442276 0.421218 0.442979 0.419690 0.432070 0.392236 0.428563 0.380130
2 0.481263 0.295028 0.490227 0.311218 0.487625 0.316102 0.481120 0.303639
2 0.453247 0.255282 0.458000 0.259889 0.463508 0.267472 0.474104 0.281972 0.473617 0.287060 0.471404 0.288116 0.458010 0.266227 0.453638 0.261523
2 0.530023 0.320718 0.530109 0.325176 0.530109 0.332167 0.533458 0.340639 0.536885 0.343028 0.542573 0.346588 0.538641 0.336620 0.532034 0.322199
2 0.524760 0.297880 0.526424 0.311759 0.528302 0.322042 0.528594 0.327824 0.529193 0.336782 0.530529 0.343167 0.532951 0.345546 0.537391 0.348079 0.542242 0.349273 0.542573 0.346588 0.536885 0.343028 0.533458 0.340639 0.531370 0.337667 0.530109 0.332167 0.530109 0.325176 0.530023 0.320718 0.526344 0.297815
2 0.519268 0.301606 0.527581 0.323454 0.528302 0.322042 0.526424 0.311759 0.522086 0.297495
2 0.521109 0.286042 0.517930 0.289000 0.494870 0.285917 0.494073 0.287843 0.495448 0.290412 0.510122 0.291185 0.515760 0.290796 0.518292 0.290796 0.521687 0.288097
2 0.524062 0.284491 0.523047 0.284630 0.522214 0.285231 0.522807 0.286875 0.523411 0.286343 0.524089 0.286157
2 0.539026 0.294722 0.539245 0.298065 0.541831 0.306421 0.547836 0.316440 0.549521 0.319579 0.547344 0.312764 0.541979 0.301648
2 0.477878 0.156528 0.481794 0.163866 0.482638 0.163329 0.478721 0.155991
2 0.414125 0.221616 0.408630 0.226245 0.409576 0.228681 0.409758 0.229884 0.409906 0.231431 0.410792 0.231755 0.410826 0.230718 0.411424 0.230208 0.412076 0.230301 0.413039 0.230671
2 0.418451 0.217875 0.417997 0.224569 0.414930 0.230023 0.416393 0.218185
1 0.416503 0.232431 0.415253 0.231597 0.413951 0.230949 0.413039 0.230671 0.412076 0.230301 0.411424 0.230208 0.410826 0.230718 0.410826 0.233125 0.410253 0.233125 0.409992 0.232569 0.409758 0.229884 0.409576 0.228681 0.408065 0.229236 0.408117 0.230116 0.408794 0.230532 0.408898 0.232708 0.407023 0.233356 0.405773 0.234190 0.404732 0.235116 0.404263 0.235903 0.404003 0.237060 0.404003 0.237894 0.404680 0.238032 0.404940 0.236505 0.406294 0.235579 0.407935 0.234560 0.409341 0.234375 0.409784 0.234514 0.411086 0.234838 0.412013 0.234940 0.412794 0.234431 0.414096 0.234801 0.413802 0.237176 0.414357 0.237764
2 0.402599 0.202032 0.400490 0.198977 0.399797 0.200370 0.401875 0.203477
2 0.397784 0.201444 0.397417 0.199620 0.399073 0.202407 0.401094 0.203208 0.401875 0.203477 0.406432 0.208657 0.408047 0.210741 0.407396 0.218009 0.406146 0.218102 0.406146 0.219630 0.407318 0.220000 0.406156 0.221319
2 0.407396 0.218009 0.406146 0.218102 0.406146 0.219630 0.407318 0.220000 0.408438 0.219028 0.408281 0.218333
2 0.419333 0.246588 0.413883 0.255889 0.414432 0.259824 0.416172 0.260926 0.418846 0.252185 0.420438 0.249222 0.424378 0.250894
1 0.410299 0.259940 0.410266 0.263597 0.410682 0.263597 0.410927 0.259815
2 0.416315 0.246069 0.414180 0.251116 0.412904 0.253245 0.413039 0.253907 0.417052 0.247588
8 0.415404 0.243454 0.416315 0.246069 0.417052 0.247588 0.417914 0.246181 0.417320 0.244940
2 0.412292 0.241528 0.412240 0.239491 0.411719 0.237546 0.412370 0.237407 0.413385 0.240093 0.412956 0.241259 0.414375 0.242407 0.414961 0.244218 0.413841 0.245838 0.413203 0.245370
2 0.412794 0.234431 0.414096 0.234801 0.413802 0.237176 0.412596 0.236782
2 0.428880 0.205602 0.427047 0.204977 0.422982 0.203509 0.418917 0.201833 0.415440 0.200579 0.413849 0.200264 0.413732 0.202046 0.418622 0.210634 0.425044 0.212519
2 0.421552 0.220264 0.418039 0.212569 0.409128 0.198083 0.396945 0.177181 0.387789 0.162153 0.388315 0.160866 0.389073 0.160287 0.387068 0.156954 0.387755 0.156250 0.389500 0.158764 0.390484 0.157481 0.396997 0.170333 0.413849 0.200264 0.413732 0.202046 0.418622 0.210634 0.423299 0.215852
2 0.410956 0.205968 0.409701 0.211421 0.409036 0.218181 0.408281 0.218333 0.407396 0.218009 0.408047 0.210741 0.409526 0.206713
2 0.409664 0.215509 0.412104 0.212847 0.412768 0.212662 0.413221 0.213407 0.409943 0.217125
2 0.414964 0.208634 0.415732 0.208759 0.416503 0.210745 0.415383 0.211486 0.412768 0.212662 0.412104 0.212847 0.409664 0.214523 0.409701 0.211421
2 0.412698 0.204231 0.414964 0.207579 0.414964 0.208634 0.409701 0.211421 0.410396 0.208694 0.411339 0.207458
2 0.411198 0.201880 0.410956 0.205968 0.410396 0.208694 0.411339 0.207458 0.412698 0.204231
2 0.406026 0.192736 0.405393 0.194454 0.405693 0.198148 0.404789 0.199593 0.404227 0.199458 0.402599 0.202032 0.401875 0.203477 0.406432 0.208657 0.408047 0.210741 0.409526 0.206713 0.410956 0.205968 0.411198 0.201880 0.409128 0.198083
2 0.408076 0.189935 0.410802 0.189037 0.411669 0.192296 0.412034 0.196880
2 0.412034 0.196880 0.412865 0.196620 0.413333 0.198292 0.413359 0.199444
2 0.419323 0.219301 0.420542 0.218931 0.421552 0.220264 0.416503 0.232431 0.416115 0.231944 0.415974 0.228347 0.417997 0.224569 0.419253 0.221282
2 0.413883 0.218380 0.411773 0.217917 0.410576 0.219074 0.410185 0.224259
2 0.407023 0.222806 0.408630 0.226245 0.410185 0.224259 0.410576 0.219074
2 0.463940 0.115787 0.465201 0.117634 0.462349 0.120718 0.458693 0.118190 0.457560 0.117736 0.456518 0.112824 0.461641 0.114306
2 0.383591 0.240319 0.383185 0.240588 0.382393 0.241106 0.383893 0.247958 0.384698 0.254116 0.387135 0.266449 0.388516 0.265662
2 0.389154 0.265306 0.387331 0.259657 0.386992 0.256972 0.387643 0.257944 0.390195 0.264801
1 0.399148 0.258093 0.399878 0.257630 0.400685 0.258556 0.399826 0.259435
1 0.400971 0.261616 0.402638 0.260227 0.403107 0.261014 0.401901 0.261824 0.401354 0.262148
2 0.417839 0.186736 0.415859 0.186370 0.414974 0.186602 0.413437 0.187014 0.412708 0.187662 0.412396 0.188866 0.412370 0.190074 0.412943 0.191875 0.414896 0.193032 0.416406 0.193032 0.417240 0.192801 0.417943 0.191463 0.418724 0.188495
2 0.451779 0.112500 0.454062 0.112037 0.455320 0.116810 0.452310 0.115532
2 0.454062 0.112037 0.455320 0.116810 0.457560 0.117736 0.456518 0.112824
2 0.447474 0.109074 0.448013 0.108662 0.448161 0.109870 0.447396 0.113519 0.446172 0.114028
2 0.423708 0.180949 0.419602 0.183523 0.419227 0.187005 0.417839 0.186736 0.418724 0.188495 0.419792 0.189074
2 0.421263 0.152935 0.421464 0.162829 0.420255 0.174231 0.419602 0.183523 0.419227 0.187005 0.417839 0.186736 0.418883 0.174231 0.419932 0.163333 0.419529 0.153796
2 0.419604 0.166495 0.416193 0.172699 0.416844 0.179639 0.417130 0.180130 0.418490 0.178394 0.418883 0.174231
2 0.428477 0.148167 0.424362 0.156968 0.422969 0.159509 0.421464 0.162829 0.420255 0.174231 0.424555 0.165134 0.429977 0.153125
2 0.428880 0.205602 0.428906 0.203704 0.429297 0.201296 0.429583 0.198981 0.429609 0.197963 0.430156 0.196713 0.430859 0.197222 0.430937 0.198194 0.430885 0.199630 0.431302 0.201019
9 0.431974 0.199796 0.431510 0.199167 0.430937 0.198194 0.431250 0.196944 0.431771 0.196574 0.432448 0.196991 0.432604 0.198704
2 0.433078 0.197838 0.430729 0.192991 0.431826 0.188014 0.432391 0.188014 0.434974 0.194898
3 0.435125 0.194361 0.433917 0.190926 0.432747 0.187694 0.433229 0.185611 0.433997 0.185468 0.434763 0.188769 0.435771 0.188481 0.436417 0.188625 0.436982 0.189486 0.437628 0.188481 0.437062 0.186759 0.435409 0.182171 0.435852 0.181236 0.437424 0.184750 0.438070 0.183319 0.440250 0.181889 0.440612 0.180384 0.441258 0.179875 0.442508 0.182606
2 0.434115 0.148171 0.430846 0.144514 0.426005 0.140426 0.422174 0.137704 0.419633 0.136412 0.415922 0.136556 0.413906 0.136630 0.410435 0.139139 0.406482 0.142579 0.406724 0.145306 0.413906 0.140787 0.414065 0.141431 0.417456 0.140569 0.422740 0.142148 0.429073 0.145949 0.432542 0.149463
2 0.428763 0.199269 0.429180 0.199870 0.429128 0.201167 0.428294 0.205333 0.427047 0.204977 0.426602 0.204639 0.426107 0.203481 0.428107 0.201454
3 0.450549 0.115764 0.452310 0.115532 0.458693 0.118190 0.462349 0.120718 0.465201 0.117634 0.467547 0.116366 0.468260 0.117097 0.467445 0.120532 0.467445 0.121977 0.468185 0.122769 0.468286 0.121944 0.470354 0.121713 0.470685 0.122065 0.470487 0.123764 0.476630 0.126796 0.479359 0.127940 0.480609 0.126523 0.482198 0.126171 0.482599 0.127329 0.481630 0.129653 0.485979 0.131523 0.486490 0.130366 0.487318 0.129755 0.488594 0.130273 0.488880 0.131241 0.488646 0.132727 0.491719 0.134060 0.492893 0.132931 0.494760 0.132931 0.494398 0.135505 0.495305 0.135935 0.495125 0.137486 0.495599 0.148745 0.496810 0.149606 0.496409 0.151468 0.483260 0.145444 0.483659 0.142861 0.474073 0.136852 0.453503 0.118894
3 0.473315 0.125144 0.470487 0.123764 0.470685 0.122065 0.470354 0.121713 0.471500 0.120838 0.469201 0.115389 0.468031 0.114815 0.467667 0.112954 0.465065 0.106356 0.463680 0.105926 0.463859 0.104477 0.462109 0.097569 0.461094 0.097801 0.460023 0.097153 0.460206 0.096042 0.460935 0.095255 0.459823 0.091977 0.460448 0.091426 0.463630 0.089366 0.464336 0.091634 0.465247 0.091444 0.466365 0.093574 0.466469 0.095338 0.466055 0.096171 0.468378 0.100625 0.469552 0.099981 0.470214 0.100407 0.470427 0.101583 0.469552 0.103514 0.471992 0.109185 0.473505 0.108449 0.473971 0.109093 0.473919 0.110162 0.473271 0.112333 0.479781 0.127472 0.479359 0.127940 0.476630 0.126796
3 0.483260 0.145444 0.486198 0.154074 0.487760 0.159120 0.489687 0.160648 0.491198 0.165139 0.491172 0.166898 0.491589 0.169676 0.492161 0.170185 0.493568 0.170602 0.496458 0.177546 0.495833 0.178472 0.495495 0.179630 0.495677 0.180602 0.496536 0.180833 0.498047 0.180787 0.500859 0.186944 0.500104 0.187870 0.499974 0.189491 0.500156 0.190509 0.501120 0.190463 0.502188 0.190694 0.504870 0.197130 0.504453 0.198472 0.504427 0.199861 0.505026 0.200833 0.506667 0.200509 0.512109 0.213056 0.512682 0.210972 0.510339 0.205000 0.511771 0.200833 0.510104 0.197176 0.510885 0.195139 0.510938 0.193102 0.510130 0.191806 0.509010 0.192407 0.508151 0.193657 0.505495 0.188287 0.506771 0.185463 0.506536 0.183519 0.505781 0.182963 0.504818 0.183194 0.504062 0.183889 0.501250 0.178009 0.502318 0.175694 0.502396 0.174120 0.502031 0.173333 0.501510 0.173194 0.499505 0.173935 0.497292 0.168611 0.498411 0.166435 0.498229 0.165046 0.497760 0.164306 0.495781 0.164074 0.492995 0.158241 0.493516 0.157269 0.494036 0.156204 0.493958 0.154815 0.493516 0.154259 0.492734 0.154306 0.491276 0.153889 0.489271 0.148148
3 0.382643 0.235403 0.393776 0.248384 0.406758 0.272134 0.402076 0.282106 0.387190 0.256222
3 0.451328 0.168139 0.431974 0.199796 0.424086 0.214421 0.412956 0.241259 0.424378 0.250894 0.438023 0.215968 0.455443 0.183796 0.460021 0.176037 0.459786 0.172046
2 0.407880 0.163190 0.407445 0.155481 0.411638 0.152139 0.415253 0.159079 0.416193 0.172699 0.416844 0.179639
2 0.522974 0.459208 0.550323 0.479296 0.554654 0.490370 0.528044 0.471787
3 0.566771 0.597528 0.563240 0.600259 0.568583 0.625028 0.569096 0.624204 0.569609 0.614241 0.568492 0.611838
3 0.561799 0.601454 0.553352 0.607449 0.566740 0.627019 0.564680 0.615685
2 0.564539 0.409773 0.566448 0.414620 0.569982 0.423509 0.570596 0.423176 0.571294 0.425329 0.572544 0.423634 0.570286 0.418657 0.565969 0.408380
2 0.526596 0.406273 0.526492 0.405352 0.528315 0.405167 0.529982 0.405769 0.530451 0.407449 0.528943 0.407231
2 0.437224 0.146185 0.441104 0.148269 0.439542 0.151231 0.436417 0.149287
1 0.402161 0.261648 0.404456 0.266185 0.404305 0.266551 0.401901 0.261824
2 0.384419 0.121134 0.384029 0.123449 0.389419 0.122338 0.389576 0.118356 0.389393 0.115935 0.387648 0.117671 0.388411 0.118241
2 0.385326 0.115736 0.384961 0.118884 0.387648 0.117671
2 0.387648 0.117671 0.381797 0.120556 0.373620 0.127222 0.373620 0.129630 0.381224 0.123611 0.388411 0.118241
2 0.382003 0.109551 0.380469 0.111532 0.383953 0.114509 0.387648 0.117671 0.389393 0.115935
1 0.403057 0.095102 0.402302 0.095565 0.403107 0.106815 0.403768 0.115583 0.403966 0.118296 0.404227 0.119963 0.404630 0.126278 0.406156 0.149301 0.407362 0.167218 0.409214 0.181199 0.410802 0.189037 0.413333 0.198292 0.413768 0.198162 0.411310 0.188139 0.409141 0.177343 0.407880 0.163190 0.406828 0.147269 0.404505 0.116620
2 0.387398 0.103898 0.385628 0.105704 0.389326 0.109130 0.397924 0.118250 0.401909 0.119685 0.404227 0.119963 0.403966 0.118296 0.401596 0.117926 0.398654 0.115843 0.388966 0.106028
2 0.391201 0.102093 0.389326 0.101444 0.388180 0.103296 0.389638 0.104870
2 0.404096 0.107014 0.407214 0.108657 0.410234 0.110417 0.404505 0.116620
2 0.393146 0.098935 0.403107 0.106815 0.403768 0.115583 0.388966 0.106028
2 0.370747 0.100773 0.382180 0.103250 0.381128 0.104764 0.373987 0.103398
3 0.299026 0.401537 0.299586 0.402171 0.312367 0.393120 0.313844 0.391944 0.315208 0.392407 0.318581 0.390495 0.330872 0.379847 0.336333 0.376093 0.339948 0.373972 0.343763 0.372986 0.350505 0.371176 0.358896 0.368144 0.366698 0.364347 0.373378 0.360269 0.381169 0.353773 0.393763 0.342389 0.402073 0.333435 0.411510 0.324861 0.418073 0.319583 0.421786 0.316560 0.421057 0.327981 0.422948 0.334792 0.420349 0.337514 0.418526 0.340551 0.415990 0.341491 0.416052 0.344421 0.416063 0.347639 0.415305 0.350481 0.414917 0.352852 0.415359 0.354347 0.415664 0.354111 0.415401 0.351287 0.417641 0.349963 0.417273 0.381787 0.419570 0.387542 0.418216 0.388278 0.431542 0.436120 0.446635 0.478741 0.462161 0.572375 0.477969 0.666208 0.481039 0.668264 0.488063 0.665847 0.489799 0.656949 0.490857 0.651815 0.491271 0.648356 0.494039 0.645426 0.495747 0.642176 0.496102 0.639352 0.496281 0.635574 0.496219 0.630866 0.495273 0.626153 0.492891 0.626903 0.492227 0.628986 0.490904 0.629708 0.491305 0.611556 0.491203 0.610111 0.488760 0.606218 0.498130 0.607032 0.500880 0.614454 0.501797 0.614815 0.512750 0.657708 0.525990 0.652259 0.523622 0.648060 0.530958 0.646093 0.525154 0.632588 0.528719 0.631866 0.538190 0.647880 0.555875 0.640708 0.552911 0.635630 0.553406 0.634889 0.552760 0.633944 0.552224 0.634750 0.542896 0.618074 0.541185 0.615097 0.540802 0.613204 0.541185 0.612796 0.541909 0.613611 0.542411 0.612546 0.543781 0.612139 0.549734 0.607194 0.551370 0.604903 0.549052 0.598278 0.560357 0.589370 0.560357 0.583176 0.560693 0.576023 0.561172 0.570810 0.562943 0.566213 0.564716 0.564755 0.565536 0.561241 0.566219 0.558699 0.568331 0.557963 0.568906 0.552278 0.569849 0.546829 0.571383 0.543898 0.573852 0.542329 0.576516 0.534491 0.576596 0.532245 0.576281 0.526069 0.577227 0.520602 0.578484 0.518222 0.579042 0.510926 0.579117 0.504616 0.578958 0.500551 0.576755 0.492981 0.572034 0.489333 0.571768 0.488403 0.570711 0.482764 0.570245 0.480009 0.565885 0.477704 0.564117 0.474981 0.563586 0.472255 0.564943 0.471208 0.567888 0.466704 0.567711 0.465551 0.563292 0.470792 0.562586 0.461889 0.567266 0.460046 0.575125 0.457069 0.575990 0.460690 0.574870 0.461505 0.574214 0.463861 0.574922 0.465398 0.577161 0.464764 0.577773 0.466486 0.578669 0.465634 0.576021 0.457306 0.579026 0.455949 0.580706 0.461380 0.581570 0.462648 0.582591 0.462375 0.582844 0.460833 0.582081 0.458208 0.582284 0.456130 0.581927 0.454681 0.582896 0.454681 0.582591 0.452597 0.579625 0.453963 0.576266 0.442014 0.575333 0.441454 0.578664 0.454509 0.575557 0.455421 0.574815 0.451991 0.573826 0.452046 0.574815 0.455324 0.570969 0.456662 0.567646 0.457583 0.566216 0.455889 0.562740 0.453343 0.561510 0.454069 0.561240 0.448736 0.565391 0.442361 0.570466 0.435995 0.572167 0.438676 0.574411 0.439028 0.575919 0.439028 0.575745 0.435685 0.574609 0.431394 0.574469 0.430292 0.574049 0.429222 0.573479 0.428806 0.572385 0.429505 0.571474 0.427005 0.570596 0.423176 0.569982 0.423509 0.572141 0.433060 0.570120 0.434611 0.568922 0.435551 0.568688 0.433977 0.568195 0.433324 0.565797 0.433042 0.563937 0.431894 0.562490 0.431569 0.559359 0.429431 0.557581 0.428245 0.557581 0.429583 0.557852 0.430074 0.558029 0.435000 0.558513 0.445000 0.558391 0.445000 0.557786 0.442375 0.557339 0.442694 0.557276 0.444468 0.555438 0.444495 0.555086 0.442574 0.554180 0.442574 0.554461 0.444185 0.551396 0.441579 0.550138 0.440468 0.546484 0.439028 0.544159 0.430472 0.543466 0.430199 0.545151 0.438926 0.544729 0.438718 0.543643 0.437056 0.542742 0.437324 0.542161 0.435019 0.541078 0.432444 0.540776 0.430625 0.540839 0.426560 0.539422 0.425537 0.536995 0.418153 0.534708 0.416819 0.530664 0.414306 0.530602 0.412375 0.531388 0.409218 0.530451 0.407449 0.528943 0.407231 0.526596 0.406273 0.526906 0.407838 0.529096 0.408356 0.527742 0.410157 0.527951 0.410708 0.528703 0.410440 0.529667 0.408907 0.530602 0.408907 0.530813 0.409787 0.530292 0.410245 0.530135 0.411644 0.530135 0.413444 0.528836 0.413398 0.529044 0.414694 0.529982 0.414884 0.529721 0.416356 0.529982 0.416731 0.530398 0.415523 0.533938 0.418023 0.533547 0.420250 0.534070 0.420620 0.534357 0.418352 0.535060 0.418583 0.537875 0.428931 0.537065 0.432773 0.537003 0.434907 0.537549 0.436213 0.538174 0.436764 0.539453 0.435190 0.540518 0.437833 0.537029 0.438102 0.535727 0.434264 0.536250 0.433477 0.536510 0.431306 0.536771 0.428940 0.536771 0.426995 0.536560 0.426116 0.536169 0.425657 0.535339 0.425282 0.533490 0.426861 0.531917 0.423412 0.527909 0.412074 0.526518 0.407250 0.525760 0.403639 0.524461 0.399898 0.524945 0.395889 0.549010 0.428218 0.549568 0.427296 0.525010 0.394523 0.525211 0.393389 0.525211 0.391843 0.524375 0.390792 0.523677 0.391162 0.522563 0.390912 0.520820 0.388250 0.518656 0.382852 0.516604 0.376681 0.518133 0.371185 0.520026 0.368875 0.525104 0.359315 0.528266 0.353505 0.544687 0.372134 0.564305 0.395403 0.564625 0.394440 0.565922 0.393583 0.568297 0.391273 0.570943 0.387435 0.572893 0.384301 0.571518 0.381639 0.568581 0.377194 0.567583 0.374088 0.566896 0.371204 0.565898 0.368866 0.565648 0.369204 0.561901 0.354926 0.563208 0.351593 0.561646 0.346931 0.562083 0.345148 0.563021 0.345375 0.563208 0.343037 0.562898 0.340931 0.561833 0.339153 0.560336 0.338042 0.558586 0.337153 0.554125 0.329042 0.551883 0.323903 0.547836 0.316440 0.541831 0.306421 0.539245 0.298065 0.539026 0.294722 0.538594 0.291120 0.538089 0.288810 0.536596 0.284866 0.538654 0.282375 0.538276 0.280384 0.533568 0.285028 0.530766 0.284944 0.530372 0.283097 0.529711 0.283634 0.530164 0.284384 0.528357 0.284278 0.526727 0.285454 0.527023 0.293431 0.524151 0.289579 0.522807 0.286875 0.521130 0.281685 0.524062 0.284491 0.523992 0.281685 0.519568 0.278426 0.513779 0.268426 0.507026 0.252028 0.505812 0.250130 0.508813 0.242931 0.513130 0.232079 0.512195 0.231704 0.506466 0.245829 0.503289 0.252870 0.495141 0.235796 0.491953 0.230574 0.488266 0.226583 0.481992 0.219745 0.483432 0.227079 0.478560 0.220750 0.475826 0.215861 0.471599 0.196144 0.470576 0.192208 0.469602 0.193356 0.459346 0.183426 0.458409 0.184755 0.456352 0.183093 0.455443 0.183796 0.438023 0.215968 0.424378 0.250894 0.420438 0.249222 0.418846 0.252185 0.416172 0.260926 0.414138 0.277514 0.412044 0.272106 0.409365 0.266333 0.408138 0.263120 0.406635 0.256755 0.405841 0.257171 0.407008 0.261569 0.404305 0.266551 0.404768 0.267375 0.405706 0.266551 0.413307 0.285324 0.418211 0.298472 0.417182 0.300389 0.417289 0.302699 0.418263 0.303657 0.420208 0.303560 0.422315 0.308648 0.421719 0.309324 0.421180 0.311523 0.421180 0.312773 0.422203 0.313352 0.423664 0.312296 0.423987 0.312583 0.417091 0.318940 0.409672 0.325167 0.402344 0.331722 0.395794 0.338602 0.389211 0.345139 0.378776 0.354634 0.372055 0.359894 0.363750 0.364486 0.354849 0.368560 0.345518 0.371454 0.340919 0.372653 0.339255 0.373301 0.335818 0.375148 0.327049 0.382194 0.315729 0.391208 0.313406 0.390838 0.307648 0.395593
2 0.343792 0.079454 0.352346 0.086333 0.362227 0.094028 0.378536 0.107139 0.377523 0.108940 0.359742 0.094769 0.350281 0.087736 0.343268 0.081546
2 0.343799 0.065259 0.340971 0.080444 0.338255 0.092986 0.332206 0.109417 0.339086 0.106986 0.343112 0.082875 0.345698 0.066148
2 0.526638 0.647190 0.525990 0.652259 0.523622 0.648060
1 0.405901 0.251634 0.404286 0.253625 0.401266 0.256403 0.401943 0.257421 0.404521 0.255292 0.406578 0.252884
2 0.363693 0.186630 0.362286 0.188296 0.364932 0.195977 0.366789 0.196912 0.368966 0.201931 0.369935 0.204940 0.370823 0.208023 0.371669 0.209102 0.372276 0.210319 0.371953 0.212255 0.373404 0.214333 0.380068 0.220639 0.380471 0.219995 0.379625 0.216264 0.377891 0.215046 0.373021 0.207361
2 0.366789 0.196912 0.364932 0.195977 0.364289 0.196407 0.364932 0.202718 0.367031 0.212472 0.369935 0.215625 0.373242 0.215051 0.373404 0.214333 0.371953 0.212255 0.372276 0.210319 0.371669 0.209102 0.370823 0.208023 0.369935 0.204940 0.368966 0.201931
2 0.362966 0.179704 0.362695 0.181634 0.362109 0.183102 0.373021 0.207361 0.377891 0.215046 0.378047 0.213426 0.374859 0.205375 0.369953 0.194472 0.368646 0.191019
2 0.359167 0.170005 0.358177 0.170051 0.358438 0.173940 0.359661 0.177875 0.360729 0.180884 0.362695 0.181634 0.362966 0.179704 0.361940 0.178528 0.360857 0.177241 0.359862 0.175954 0.359591 0.175097
1 0.360000 0.166625 0.359427 0.166718 0.358958 0.166995 0.358802 0.167366 0.358776 0.168014 0.358932 0.168662 0.359323 0.169356 0.359896 0.169958 0.360417 0.170282 0.361042 0.170421 0.360990 0.169769 0.360521 0.169588 0.360104 0.169403 0.359740 0.168801 0.359635 0.168292 0.359687 0.167921 0.360000 0.167736 0.360625 0.167731
1 0.366047 0.183556 0.364245 0.178704 0.362604 0.172870 0.361854 0.169699 0.360625 0.167731 0.360990 0.169769 0.362292 0.174583 0.362995 0.177824 0.365625 0.184306
2 0.369953 0.194472 0.366047 0.183556 0.363789 0.174093 0.364797 0.173875 0.364841 0.172852 0.364982 0.170778 0.365961 0.170611 0.366521 0.172769 0.369789 0.177333 0.369953 0.181389
8 0.565781 0.400370 0.572818 0.414694 0.577557 0.429560 0.576339 0.428444 0.565148 0.402468
2 0.355372 0.143204 0.356581 0.145218 0.359617 0.152569 0.369695 0.172759 0.369789 0.177333 0.366521 0.172769 0.365961 0.170611 0.364982 0.170778 0.364841 0.172852 0.361854 0.169699 0.358214 0.163722 0.356813 0.161486 0.356596 0.157602
2 0.389724 0.267347 0.390557 0.269338 0.391573 0.268736 0.390740 0.266653
2 0.368747 0.134417 0.363539 0.139139 0.369167 0.148972 0.368792 0.135556
2 0.373617 0.131241 0.375362 0.131519 0.377784 0.134667 0.379294 0.137444 0.380953 0.138153 0.377799 0.157870 0.373940 0.152750
5 0.388268 0.288866 0.393357 0.307704 0.394424 0.308213 0.395466 0.309231 0.395805 0.305759 0.396404 0.303120 0.397341 0.300667
2 0.366484 0.130523 0.368620 0.126125 0.368721 0.131037
2 0.361510 0.135384 0.363464 0.129782 0.368721 0.131037 0.362341 0.136917
2 0.368721 0.131037 0.362341 0.136917 0.363539 0.139139 0.368747 0.134417
2 0.351945 0.138273 0.353565 0.155722 0.357411 0.172625 0.356596 0.157602 0.355372 0.143204 0.353500 0.140208
2 0.352260 0.122926 0.350987 0.115231 0.356690 0.112060 0.361833 0.132523 0.360664 0.133968
2 0.393547 0.122407 0.389576 0.118356 0.389393 0.115935 0.389760 0.116852 0.392133 0.118685 0.394398 0.119981
2 0.398956 0.123472 0.398253 0.127500 0.404867 0.130278 0.404630 0.126278 0.404633 0.125838
2 0.409258 0.123625 0.408008 0.126079 0.421643 0.136986 0.436005 0.148394 0.437292 0.143935 0.419490 0.131194
2 0.404859 0.120907 0.407724 0.120907 0.410026 0.120417 0.415547 0.118843 0.415885 0.120185 0.410677 0.121713 0.407896 0.122856 0.406724 0.123412 0.405083 0.124292
2 0.389760 0.116852 0.391063 0.116574 0.393953 0.117593 0.398089 0.118884 0.401521 0.120074 0.404268 0.120676 0.404503 0.124333 0.401482 0.123593 0.398461 0.122019 0.394398 0.119981 0.392133 0.118685
5 0.352578 0.089352 0.352984 0.110449 0.354122 0.111556 0.360128 0.107870 0.359404 0.094528
5 0.336935 0.040954 0.341023 0.027278 0.343242 0.024569 0.348232 0.023458 0.351419 0.023458 0.352875 0.027769 0.354469 0.038120 0.358161 0.064843 0.359219 0.091620 0.352604 0.086435 0.351203 0.068870 0.349826 0.052755 0.347047 0.038171 0.342914 0.046583
2 0.413396 0.081926 0.402570 0.087486 0.394471 0.092477 0.387174 0.097894 0.378513 0.107588 0.372740 0.117565 0.373060 0.121556 0.379315 0.112005 0.386854 0.103023 0.393268 0.098037 0.414276 0.085778
1 0.432031 0.165370 0.437292 0.143935 0.445276 0.114778 0.446828 0.110148 0.447216 0.107583 0.447784 0.106560 0.448581 0.107231 0.448810 0.109194 0.447932 0.112912 0.446182 0.121773 0.443068 0.132935 0.442688 0.132935 0.445576 0.122657 0.446260 0.120093 0.447216 0.114944 0.448161 0.109870 0.448013 0.108662 0.447474 0.109074 0.445859 0.114954 0.437839 0.143889 0.432443 0.164514
2 0.448810 0.109194 0.451094 0.108148 0.455651 0.107639 0.460495 0.108426 0.466042 0.111991 0.465859 0.117269 0.461641 0.114306 0.454062 0.112037 0.449687 0.113009 0.447932 0.112912
2 0.492169 0.173727 0.503846 0.197931 0.503891 0.199417 0.502799 0.199741 0.501320 0.199676 0.497576 0.195056 0.493448 0.184380 0.494109 0.181403 0.492391 0.179208
2 0.455159 0.156606 0.457185 0.155741 0.466615 0.160218 0.473357 0.165227 0.483005 0.177426 0.487674 0.181810 0.497576 0.195056 0.501320 0.199676 0.499943 0.199676 0.501542 0.203532 0.502839 0.207190 0.506951 0.209829 0.506266 0.207324 0.504797 0.203907 0.507299 0.208120 0.512120 0.217958 0.513513 0.221315 0.505979 0.214523 0.495401 0.204644 0.490984 0.198426 0.480479 0.185028 0.473578 0.176991 0.467698 0.171449 0.462245 0.168329 0.463721 0.166880 0.463773 0.163889 0.462500 0.162167 0.455107 0.158273
2 0.525984 0.281773 0.525844 0.291755 0.524151 0.289579 0.524089 0.286157 0.524062 0.284491 0.523992 0.281685 0.523328 0.258046 0.522628 0.247593 0.523607 0.247176 0.524867 0.248088 0.525052 0.261204
2 0.525984 0.281773 0.526727 0.285454 0.527023 0.293431 0.525844 0.291755
3 0.404786 0.344458 0.405419 0.343282 0.403612 0.337120 0.404516 0.335833 0.406625 0.342157 0.407560 0.340870 0.408161 0.342157 0.408615 0.343657 0.408568 0.354616 0.407552 0.355213 0.405964 0.350079
2 0.531388 0.409218 0.530602 0.412375 0.530664 0.414306 0.534708 0.416819 0.533000 0.411037
2 0.526906 0.407838 0.529096 0.408356 0.527742 0.410157 0.527951 0.410708 0.528703 0.410440 0.529667 0.408907 0.530602 0.408907 0.530813 0.409787 0.530292 0.410245 0.530135 0.411644 0.530135 0.413444 0.528836 0.413398 0.529044 0.414694 0.529982 0.414884 0.529721 0.416356 0.529982 0.416731 0.530398 0.415523 0.533938 0.418023 0.533547 0.420250 0.534070 0.420620 0.534357 0.418352 0.535060 0.418583 0.535495 0.420463 0.531917 0.423412 0.527909 0.412074 0.526719 0.408056
2 0.579664 0.440875 0.577068 0.435245 0.575745 0.435685 0.575919 0.439028 0.574411 0.439028 0.572555 0.440505 0.573281 0.444380 0.572659 0.446407 0.571724 0.447421 0.571776 0.451296 0.572706 0.456093 0.574815 0.455324 0.573826 0.452046 0.574815 0.451991 0.575557 0.455421 0.578664 0.454509 0.575333 0.441454 0.576266 0.442014 0.579625 0.453963 0.581750 0.452995
3 0.564711 0.567611 0.563122 0.569606 0.561922 0.573741 0.561185 0.580495 0.561922 0.588347 0.564828 0.585593
2 0.527703 0.632056 0.525154 0.632588 0.527201 0.637181
2 0.469602 0.193356 0.470419 0.191523 0.469307 0.185667 0.467388 0.182755 0.465943 0.183394 0.465234 0.184824 0.467654 0.187204 0.466352 0.190259
2 0.451768 0.158449 0.453477 0.159134 0.456406 0.162046 0.456370 0.163407 0.455401 0.164537 0.454320 0.163917 0.451531 0.160755
2 0.426654 0.160704 0.429258 0.163157 0.428971 0.164361 0.425872 0.162278
9 0.444904 0.175181 0.445578 0.174625 0.446646 0.175782 0.445266 0.178190 0.444513 0.177681
2 0.450409 0.152972 0.452500 0.152662 0.452867 0.151356 0.458969 0.153028 0.457185 0.155741 0.455159 0.156606 0.452083 0.156319
2 0.442682 0.148750 0.444810 0.150301 0.446518 0.152347 0.446831 0.153213 0.446901 0.154639 0.446763 0.155630 0.446065 0.155694 0.445263 0.155009 0.443276 0.152037 0.441497 0.151046
8 0.415333 0.197699 0.419792 0.189074 0.425596 0.177449 0.432031 0.165370 0.432443 0.164514 0.441990 0.146708 0.445091 0.141375 0.445859 0.142056 0.443349 0.147514 0.432786 0.167315 0.416237 0.198630
9 0.466190 0.176069 0.466372 0.177273 0.468898 0.177921 0.468951 0.176810 0.467826 0.173204 0.466018 0.174222
2 0.405703 0.143449 0.404245 0.145069 0.402552 0.146921 0.401068 0.148958 0.401615 0.151644 0.403646 0.148773 0.405938 0.146366
5 0.570266 0.436296 0.565391 0.442361 0.566216 0.455889 0.567646 0.457583 0.570969 0.456662 0.571880 0.456546
5 0.565391 0.442361 0.561240 0.448736 0.561510 0.454069 0.562740 0.453343 0.566216 0.455889
5 0.559359 0.429431 0.562490 0.431569 0.563937 0.431894 0.562687 0.423681 0.558857 0.424935
5 0.564828 0.585593 0.561922 0.588347 0.562195 0.593412 0.563240 0.600259 0.566771 0.597528
5 0.572164 0.458227 0.567266 0.460046 0.567711 0.465551 0.567888 0.466704 0.568836 0.479120 0.570245 0.480009 0.573698 0.473801
5 0.567888 0.466704 0.564943 0.471208 0.563586 0.472255 0.564117 0.474981 0.565885 0.477704 0.568836 0.479120
5 0.567266 0.460046 0.562586 0.461889 0.563292 0.470792 0.567711 0.465551
5 0.562687 0.423681 0.563937 0.431894 0.565797 0.433042 0.568195 0.433324 0.568688 0.433977 0.568922 0.435551 0.570120 0.434611 0.567260 0.421454
5 0.399826 0.259435 0.400685 0.258556 0.402638 0.260227 0.400971 0.261616
5 0.404521 0.255292 0.401943 0.257421 0.403794 0.259532 0.405911 0.257639
5 0.404258 0.260139 0.406211 0.258472 0.407008 0.261569 0.406346 0.262681
5 0.402161 0.261648 0.403107 0.261014 0.405742 0.263903 0.404456 0.266185
5 0.504922 0.532759 0.510917 0.532759 0.519120 0.590981 0.517849 0.595259 0.511625 0.584444
5 0.562060 0.345648 0.561646 0.346931 0.563208 0.351593 0.561901 0.354926 0.565648 0.369204 0.565898 0.368866 0.566896 0.371204 0.567583 0.374088 0.568581 0.377194 0.571518 0.381639 0.572893 0.384301 0.574503 0.382157 0.571370 0.375532
5 0.488063 0.665847 0.489799 0.656949 0.490857 0.651815 0.491271 0.648356 0.494039 0.645426 0.495747 0.642176 0.496102 0.639352 0.496281 0.635574 0.496219 0.630866 0.495273 0.626153 0.495888 0.613991 0.499346 0.628333 0.503812 0.660343
5 0.495273 0.626153 0.492891 0.626903 0.492227 0.628986 0.490904 0.629708 0.491305 0.611556 0.491203 0.610111 0.488760 0.606218 0.498130 0.607032 0.500880 0.614454 0.501797 0.614815 0.512750 0.657708 0.503812 0.660343 0.499346 0.628333 0.495888 0.613991
5 0.460201 0.173986 0.466190 0.176069 0.466372 0.177273 0.468898 0.177921 0.468951 0.176810 0.473578 0.176991 0.480479 0.185028 0.490484 0.199315 0.491846 0.201917 0.495401 0.204644 0.505979 0.214523 0.513513 0.221315 0.523620 0.229116 0.525365 0.231245 0.530544 0.239056 0.532924 0.244361 0.534680 0.259051 0.535479 0.268931 0.535755 0.282894 0.533568 0.285028 0.525052 0.261204 0.524867 0.248088 0.523607 0.247176 0.522628 0.247593 0.523328 0.258046 0.516552 0.237380 0.512724 0.242361 0.523755 0.275185 0.520648 0.274491 0.517758 0.271532 0.515154 0.268833 0.515010 0.260352 0.508813 0.242931 0.513130 0.232079 0.512195 0.231704 0.508005 0.242194 0.498651 0.212227 0.494872 0.211074 0.489438 0.209227 0.484089 0.204343 0.480182 0.199458 0.477148 0.194065 0.474617 0.193421 0.472232 0.189694 0.467388 0.182755 0.465943 0.183394 0.462617 0.179667
5 0.538958 0.293417 0.540182 0.292028 0.543620 0.297722 0.549323 0.309250 0.554130 0.322653 0.558471 0.334616 0.558586 0.337153 0.554125 0.329042 0.551883 0.323903 0.549521 0.319579 0.547344 0.312764 0.541979 0.301648 0.539026 0.294722
5 0.560357 0.589370 0.549052 0.598278 0.551370 0.604903 0.553352 0.607449 0.561799 0.601454 0.560948 0.596630 0.560482 0.593255
5 0.558117 0.640708 0.542094 0.615866 0.541909 0.613611 0.542411 0.612546 0.543781 0.612139 0.549734 0.607194 0.551370 0.604903 0.553352 0.607449 0.566740 0.627019 0.568505 0.634574
5 0.579680 0.464398 0.578669 0.465634 0.577773 0.466486 0.573698 0.473801 0.570245 0.480009 0.570711 0.482764 0.571768 0.488403 0.572034 0.489333 0.576755 0.492981 0.577646 0.484537 0.578164 0.483977 0.578474 0.481676 0.579044 0.479370 0.580237 0.479278 0.580552 0.480843 0.581432 0.480940 0.582055 0.480292 0.582365 0.477435 0.583508 0.475495 0.584544 0.469593 0.583250 0.467931 0.582315 0.468667
5 0.549568 0.427296 0.525010 0.394523 0.525211 0.393389 0.525211 0.391843 0.524375 0.390792 0.523677 0.391162 0.522563 0.390912 0.520820 0.388250 0.518656 0.382852 0.516604 0.376681 0.518133 0.371185 0.520026 0.368875 0.525104 0.359315 0.528266 0.353505 0.544687 0.372134 0.564305 0.395403 0.564625 0.394440 0.565922 0.393583 0.567469 0.393171 0.567401 0.396565 0.565781 0.400370 0.564401 0.403713 0.564539 0.409773 0.566448 0.414620 0.569982 0.423509 0.567260 0.421454 0.562687 0.423681 0.558857 0.424935 0.559359 0.429431 0.557581 0.428245 0.557581 0.429583 0.557852 0.430074 0.558029 0.435000 0.555880 0.435102 0.553630 0.432681
8 0.564401 0.403713 0.577930 0.433694 0.576979 0.433968 0.572544 0.423634 0.570286 0.418657 0.565969 0.408380 0.564617 0.405565
5 0.418073 0.319583 0.412474 0.324028 0.411745 0.340093 0.411094 0.368796 0.416953 0.385972 0.417273 0.381787 0.417641 0.349963 0.415401 0.351287 0.415664 0.354111 0.415359 0.354347 0.414917 0.352852 0.415305 0.350481 0.416063 0.347639 0.416052 0.344421 0.415990 0.341491 0.417708 0.340741
5 0.412474 0.324028 0.411745 0.340093 0.411094 0.368796 0.408547 0.360014 0.408789 0.327352 0.411510 0.324861
5 0.525052 0.261204 0.533568 0.285028 0.530766 0.284944 0.530372 0.283097 0.529711 0.283634 0.530164 0.284384 0.528357 0.284278 0.526727 0.285454 0.525984 0.281773
5 0.523755 0.275185 0.512724 0.242361 0.516552 0.237380 0.523328 0.258046
1 0.503695 0.177088 0.506836 0.161801 0.507789 0.157190 0.509156 0.147727 0.510042 0.140690 0.510451 0.137171 0.511885 0.131954 0.512771 0.132685 0.511203 0.138750 0.509839 0.146514 0.508883 0.154523 0.507448 0.161560 0.504378 0.177574
5 0.445276 0.114778 0.437292 0.143935 0.410677 0.121713 0.415885 0.120185 0.415547 0.118843 0.410026 0.120417 0.404505 0.116620 0.410234 0.110417 0.407214 0.108657 0.407214 0.107083 0.416563 0.096944
5 0.437839 0.143889 0.445859 0.114954 0.447216 0.114944 0.446260 0.120093 0.445576 0.122657 0.442688 0.132935 0.443068 0.132935 0.446182 0.121773 0.447568 0.114972 0.453503 0.118894 0.474073 0.136852 0.483659 0.142861 0.483260 0.145444 0.480234 0.151356 0.476469 0.148069 0.475771 0.152718 0.472820 0.158796 0.471211 0.163181 0.466615 0.160218 0.457185 0.155741 0.458969 0.153028 0.452867 0.151356 0.443349 0.147514 0.445859 0.142056 0.445091 0.141375 0.441990 0.146708
5 0.397911 0.301088 0.397339 0.302708 0.396740 0.306319 0.396193 0.310162 0.398398 0.313491 0.402063 0.321759 0.403771 0.326097 0.408336 0.326403 0.408805 0.325940 0.408805 0.322144 0.409872 0.321958 0.409221 0.320292
5 0.372669 0.112130 0.367719 0.104259 0.368521 0.116403 0.368792 0.135556 0.369953 0.181389 0.369953 0.194472 0.374859 0.205375 0.374297 0.179718 0.373620 0.129630 0.373620 0.127222 0.373060 0.121556 0.372740 0.117565
5 0.382745 0.123306 0.384029 0.123449 0.389419 0.122338 0.393547 0.122407 0.398461 0.122019 0.398253 0.127500 0.398253 0.127500 0.397745 0.133630 0.395615 0.145329 0.394482 0.165356 0.390484 0.157481 0.389500 0.158764 0.387755 0.156250 0.387068 0.156954 0.389073 0.160287 0.388315 0.160866 0.387789 0.162153 0.393458 0.171602 0.391677 0.183796 0.377799 0.157870 0.380953 0.138153
5 0.400094 0.142880 0.398964 0.142667 0.397068 0.143023 0.396464 0.143671 0.395615 0.145329 0.394482 0.165356 0.396997 0.170333 0.403380 0.181519 0.409214 0.181199 0.407362 0.167218 0.406943 0.162514 0.404135 0.159634 0.401276 0.154255
5 0.393458 0.171602 0.396945 0.177181 0.399063 0.180838 0.396971 0.180528 0.394706 0.178481 0.393763 0.177616 0.392789 0.176125
5 0.396971 0.180528 0.400807 0.192366 0.401435 0.192986 0.405060 0.191250 0.399063 0.180838
5 0.403380 0.181519 0.409214 0.181199 0.410599 0.187870 0.407734 0.189491
5 0.339086 0.106986 0.332206 0.109417 0.332594 0.114231 0.339724 0.122917 0.348922 0.134106 0.353500 0.140208 0.356581 0.145218 0.359617 0.152569 0.369695 0.172759 0.369167 0.148972 0.360664 0.133968 0.352260 0.122926
5 0.374044 0.159403 0.384401 0.179986 0.391690 0.195657 0.401495 0.217977 0.404104 0.223509 0.402013 0.225676 0.399315 0.224870 0.398932 0.221884 0.398247 0.217829 0.397635 0.216477 0.396951 0.215796 0.396003 0.215935 0.390831 0.220667 0.374333 0.183903 0.374297 0.179718
5 0.367031 0.212472 0.369935 0.215625 0.373242 0.215051 0.374841 0.217190 0.375969 0.219986 0.376453 0.222639 0.376857 0.225796 0.377583 0.231102 0.379760 0.240852 0.378268 0.239347 0.374880 0.237769 0.375122 0.239708 0.378107 0.240995 0.379117 0.242718 0.376010 0.245301
5 0.376010 0.245301 0.382409 0.267995 0.381818 0.262296 0.381607 0.259194 0.381539 0.256343 0.381747 0.249773 0.380388 0.245190 0.379117 0.242718
5 0.382659 0.251824 0.386755 0.266718 0.384195 0.268699 0.383201 0.268866 0.382719 0.263079 0.382385 0.258741 0.382385 0.255903
5 0.387237 0.269144 0.383500 0.270852 0.383682 0.271875 0.387779 0.270588
5 0.387901 0.271500 0.383984 0.273056 0.385008 0.277713 0.393753 0.289671
5 0.410453 0.278292 0.410174 0.279778 0.409930 0.282755 0.409076 0.315681 0.409690 0.316148 0.410820 0.316579 0.411708 0.315287 0.413281 0.305463 0.413323 0.293060 0.413562 0.286389 0.413307 0.285324
5 0.409872 0.321958 0.408805 0.322144 0.408805 0.325940 0.409672 0.325167 0.411120 0.323935
5 0.409221 0.320292 0.409732 0.320454 0.411667 0.322171 0.412919 0.322458 0.411120 0.323935 0.409872 0.321958
5 0.415286 0.290417 0.415219 0.299370 0.415339 0.307833 0.415258 0.313926 0.414250 0.321241 0.417091 0.318940 0.418125 0.318009 0.418263 0.303657 0.417289 0.302699 0.417182 0.300389 0.418211 0.298472
5 0.416172 0.260926 0.410927 0.259815 0.410682 0.263597 0.410266 0.263597 0.410299 0.259940 0.409427 0.260310 0.409365 0.266333 0.412044 0.272106 0.414138 0.277514
5 0.391279 0.222069 0.391701 0.222981 0.392836 0.221704 0.393318 0.222454 0.392062 0.224051 0.392273 0.224801 0.392641 0.224574 0.393516 0.224574 0.394328 0.224787 0.395323 0.224894 0.398711 0.225083 0.398440 0.222944 0.398049 0.220157 0.397807 0.218708 0.397536 0.217694 0.397206 0.217157 0.396482 0.216949
5 0.395391 0.226620 0.398305 0.230847 0.405073 0.242380 0.407497 0.247440 0.407943 0.249074 0.410784 0.245185 0.411461 0.247083 0.408805 0.250676 0.409833 0.255407 0.410346 0.254907 0.411279 0.252671 0.411497 0.250699 0.412643 0.245375 0.412260 0.243292 0.411419 0.242296 0.410393 0.238977 0.407935 0.234560 0.406294 0.235579 0.404940 0.236505 0.404680 0.238032 0.404003 0.237894 0.404003 0.237060 0.404263 0.235903 0.404732 0.235116 0.405773 0.234190 0.407023 0.233356 0.406706 0.230681 0.404839 0.224875 0.402781 0.227347 0.402435 0.227796 0.401862 0.228431 0.400896 0.226343 0.399721 0.226287 0.398185 0.226500
5 0.409906 0.231431 0.410792 0.231755 0.410826 0.233125 0.410253 0.233125 0.409992 0.232569
5 0.392549 0.269208 0.397969 0.285972 0.397448 0.288704 0.397099 0.289454 0.399826 0.294056 0.403589 0.284907 0.406703 0.278079 0.407615 0.275440 0.408292 0.272894 0.405706 0.266551 0.404768 0.267375 0.404305 0.266551 0.401901 0.261824 0.401354 0.262148 0.406758 0.272134 0.402076 0.282106 0.394049 0.268157
5 0.391391 0.266097 0.392094 0.268366 0.393607 0.267551 0.392471 0.265347
5 0.390586 0.264708 0.387852 0.257481 0.391716 0.264005
5 0.393297 0.227500 0.386057 0.233333 0.384078 0.236065 0.385302 0.237407 0.387229 0.238935 0.388583 0.240185 0.394391 0.246019 0.393557 0.247269 0.390120 0.244028 0.393776 0.248384 0.394758 0.250227 0.395174 0.249301 0.398250 0.253505 0.400643 0.255829 0.401266 0.256403 0.404286 0.253625 0.403023 0.249213 0.401227 0.245694 0.398445 0.238806
5 0.377398 0.218171 0.379375 0.223565 0.386120 0.219769 0.385651 0.219259 0.384661 0.217685 0.384635 0.216574 0.385443 0.216389 0.387484 0.218843 0.386510 0.215495 0.384417 0.211032 0.382706 0.209681 0.382706 0.215824 0.382815 0.219856 0.382060 0.220718 0.380471 0.219995 0.380068 0.220639
5 0.379375 0.223565 0.382643 0.235403 0.383245 0.236204 0.383245 0.236204 0.385719 0.232083 0.392854 0.226343 0.391977 0.225861 0.391977 0.225056 0.392273 0.224801 0.392062 0.224051 0.390214 0.226417 0.390094 0.227491 0.389552 0.226741 0.389401 0.225667 0.391701 0.222981 0.391279 0.222069 0.389914 0.223431 0.389581 0.222139 0.390831 0.220667 0.389401 0.217454 0.388393 0.218843 0.388984 0.222435 0.388706 0.223181 0.388286 0.222745 0.387974 0.221694 0.387786 0.220833 0.387630 0.221389 0.386120 0.219769
5 0.373940 0.152750 0.377799 0.157870 0.391677 0.183796 0.396758 0.197796 0.397784 0.201444 0.406156 0.221319 0.404104 0.223509 0.401495 0.217977 0.391690 0.195657 0.384401 0.179986 0.374044 0.159403
5 0.392602 0.177519 0.391677 0.183796 0.396758 0.197796 0.397417 0.199620 0.399073 0.202407 0.401094 0.203208 0.401875 0.203477 0.399797 0.200370 0.400490 0.198977 0.402599 0.202032 0.404227 0.199458 0.404888 0.196088 0.404438 0.194745 0.403383 0.193838 0.401435 0.192986 0.400807 0.192366 0.398010 0.186065
5 0.409576 0.228681 0.408065 0.229236 0.408117 0.230116 0.408794 0.230532 0.408898 0.232708 0.407445 0.233144 0.406706 0.230681 0.404839 0.224875 0.407023 0.222806
5 0.407935 0.234560 0.410393 0.238977 0.411419 0.242296 0.411771 0.241574 0.411458 0.237176 0.411086 0.234838 0.409784 0.234514 0.409341 0.234375
5 0.409427 0.260310 0.409365 0.266333 0.408138 0.263120 0.408036 0.262588 0.408036 0.262588
6 0.475771 0.152718 0.484219 0.157773 0.489687 0.160648 0.491198 0.165139 0.491172 0.166898 0.491589 0.169676 0.492161 0.170185 0.491872 0.172023 0.488208 0.170162 0.480362 0.165542 0.480875 0.163824 0.472820 0.158796
5 0.407940 0.163843 0.408289 0.163968 0.417979 0.182560 0.418016 0.183366 0.410031 0.181755 0.409141 0.177343
5 0.410031 0.181755 0.415599 0.182870 0.415833 0.184861 0.411224 0.187593
5 0.419792 0.189074 0.418724 0.188495 0.417943 0.191463 0.417240 0.192801 0.416406 0.193032 0.414271 0.198296 0.413849 0.200264 0.415440 0.200579 0.418917 0.201833 0.422982 0.203509 0.425245 0.204324 0.428107 0.201454 0.430729 0.192991 0.431979 0.186968 0.432786 0.181231 0.430729 0.184245 0.430648 0.177861 0.427664 0.181588 0.426091 0.180227 0.416237 0.198630 0.415333 0.197699
5 0.424555 0.165134 0.424529 0.174347 0.424190 0.180273 0.423708 0.180949 0.419602 0.183523 0.420255 0.174231
5 0.424362 0.156968 0.422969 0.159509 0.421464 0.162829 0.421263 0.152935 0.419529 0.153796 0.419932 0.163333 0.419604 0.166495 0.416193 0.172699 0.415448 0.158523 0.415031 0.154000 0.423258 0.144208
6 0.423258 0.144208 0.421445 0.142287 0.418935 0.141296 0.417227 0.141421 0.416461 0.144023 0.420049 0.147991
6 0.427906 0.149458 0.423258 0.144208 0.423862 0.151194 0.425607 0.154106
6 0.429357 0.150736 0.434279 0.156014 0.433003 0.161477 0.428445 0.156662 0.429977 0.153125
6 0.422740 0.142148 0.429073 0.145949 0.432542 0.149463 0.434115 0.148171 0.436005 0.148394 0.435258 0.152755 0.429357 0.150736 0.428477 0.148167 0.427906 0.149458 0.423258 0.144208
6 0.431227 0.151458 0.435258 0.152755 0.434279 0.156014 0.430956 0.152370
6 0.428445 0.156662 0.432708 0.162315 0.432031 0.165370 0.431667 0.166111 0.427240 0.159259
6 0.432786 0.167315 0.438385 0.173009 0.443802 0.177824 0.444401 0.174213 0.434349 0.164306
6 0.434526 0.156417 0.435906 0.157898 0.433693 0.162250 0.433224 0.161602
6 0.437177 0.159046 0.443807 0.164560 0.449961 0.170407 0.446646 0.175782 0.445578 0.174625 0.440432 0.169199 0.434831 0.163505
6 0.436417 0.149287 0.439542 0.151231 0.438281 0.153657 0.435599 0.152500
6 0.435362 0.153343 0.437680 0.154731 0.435906 0.157898 0.434526 0.156417
6 0.439107 0.155477 0.448779 0.160407 0.448130 0.164472 0.437706 0.158148
6 0.448779 0.160407 0.456227 0.165167 0.455383 0.168810 0.448130 0.164472
6 0.456227 0.165167 0.461711 0.168060 0.461047 0.171810 0.455383 0.168810
6 0.451909 0.157148 0.455107 0.158273 0.462500 0.162167 0.463773 0.163889 0.463721 0.166880 0.456370 0.163407 0.456406 0.162046 0.453477 0.159134 0.451768 0.158449
6 0.444810 0.150301 0.446518 0.152347 0.446831 0.153213 0.446901 0.154639 0.446763 0.155630 0.446065 0.155694 0.445263 0.155009 0.441211 0.151644 0.439609 0.154370 0.446094 0.158093 0.451531 0.160755 0.451768 0.158449 0.451909 0.157148 0.452083 0.156319 0.450409 0.152972
6 0.457706 0.179981 0.458852 0.181370 0.458409 0.184755 0.456352 0.183093 0.456039 0.182852
6 0.458617 0.178407 0.467654 0.187204 0.466352 0.190259 0.459346 0.183426 0.458721 0.182991 0.458852 0.181370 0.457706 0.179981
2 0.374333 0.183903 0.374859 0.205375 0.374859 0.205375 0.378047 0.213426 0.377891 0.215046 0.379625 0.216264 0.380471 0.219995 0.382060 0.220718 0.382815 0.219856 0.382706 0.215824 0.382706 0.209681 0.382221 0.208046 0.382977 0.203153
8 0.382466 0.206880 0.385393 0.210042 0.386719 0.212519 0.387555 0.215125 0.388393 0.218843 0.388984 0.222435 0.388706 0.223181 0.388286 0.222745 0.387974 0.221694 0.387484 0.218843 0.386510 0.215495 0.384417 0.211032 0.382706 0.209681 0.382221 0.208046
2 0.375469 0.216481 0.378711 0.229264 0.382013 0.241282 0.383185 0.240588 0.380161 0.228273 0.377398 0.218171
2 0.383893 0.247958 0.382414 0.245171 0.381000 0.242921 0.379760 0.240852 0.378268 0.239347 0.374880 0.237769 0.375122 0.239708 0.378107 0.240995 0.379117 0.242718 0.380388 0.245190 0.381747 0.249773 0.381539 0.256343 0.381607 0.259194 0.381818 0.262296 0.382409 0.267995 0.383201 0.268866 0.382719 0.263079 0.382385 0.258741 0.382385 0.255903 0.382659 0.251824 0.384698 0.254116
1 0.391716 0.264005 0.386755 0.266718 0.384195 0.268699 0.383201 0.268866 0.383500 0.270852 0.387237 0.269144 0.392471 0.265347
1 0.393607 0.267551 0.390221 0.269634 0.387779 0.270588 0.383682 0.271875 0.383984 0.273056 0.387901 0.271500 0.390911 0.270370 0.394049 0.268157
1 0.397341 0.300667 0.396404 0.303120 0.395805 0.305759 0.395466 0.309231 0.395052 0.314120 0.395391 0.314722 0.396193 0.310162 0.396740 0.306319 0.397339 0.302708 0.397911 0.301088
2 0.385008 0.277713 0.393753 0.289671 0.399768 0.299370 0.406221 0.311060 0.408521 0.315287 0.409690 0.316148 0.410820 0.316579 0.411708 0.315287 0.413281 0.305463 0.413323 0.293060 0.413562 0.286389 0.415286 0.290417 0.415219 0.299370 0.415339 0.307833 0.415258 0.313926 0.414250 0.321241 0.412919 0.322458 0.411667 0.322171 0.409732 0.320454 0.409221 0.320292 0.397911 0.301088 0.397341 0.300667 0.388268 0.288866
2 0.418263 0.303657 0.420208 0.303560 0.420729 0.304907 0.420781 0.307593 0.418255 0.307454
2 0.409422 0.300190 0.408094 0.299773 0.407156 0.302875 0.406740 0.306347 0.406688 0.307829 0.407755 0.311671 0.409187 0.310792
2 0.408292 0.272894 0.407615 0.275440 0.406703 0.278079 0.403589 0.284907 0.399326 0.295593 0.398661 0.297329 0.399768 0.299370 0.404253 0.307639 0.405503 0.308787 0.406107 0.308718 0.406688 0.307829 0.406740 0.306347 0.407156 0.302875 0.408094 0.299773 0.409617 0.295019 0.409930 0.282755 0.410174 0.279778 0.410453 0.278292
2 0.389216 0.270968 0.389659 0.274051 0.390427 0.276486 0.391839 0.279644 0.393573 0.283370 0.395227 0.286597 0.399826 0.294056 0.399326 0.295593 0.398661 0.297329 0.393753 0.289671 0.387901 0.271500
2 0.390911 0.270370 0.397448 0.288704 0.397969 0.285972 0.392214 0.269491
2 0.387562 0.269014 0.387779 0.270588 0.389203 0.270032 0.388865 0.267903
2 0.406346 0.262681 0.403794 0.259532 0.400643 0.255829 0.398250 0.253505 0.395174 0.249301 0.394758 0.250227 0.396451 0.253144 0.398951 0.256477 0.399878 0.257630 0.400685 0.258556 0.402638 0.260227 0.403107 0.261014 0.405742 0.263903
1 0.405911 0.257639 0.403794 0.259532 0.404258 0.260139 0.406211 0.258472
1 0.406706 0.257269 0.408008 0.255694 0.408503 0.256111 0.408451 0.256528 0.406888 0.257824
8 0.413039 0.253907 0.410628 0.256481 0.407797 0.261463 0.408036 0.262588 0.409427 0.260310 0.410299 0.259940 0.410927 0.259815 0.410927 0.259815 0.413883 0.255889
1 0.410784 0.245185 0.411461 0.247083 0.407112 0.252315 0.406253 0.251435
1 0.401461 0.245139 0.401227 0.245694 0.403023 0.249213 0.405315 0.251852 0.405901 0.251634 0.406578 0.252884 0.408076 0.254954 0.408518 0.254347 0.407112 0.252315 0.406253 0.251435 0.405211 0.250412
1 0.384078 0.236065 0.385302 0.237407 0.387229 0.238935 0.388583 0.240185 0.394391 0.246019 0.393557 0.247269 0.390120 0.244028 0.383818 0.236713
1 0.383245 0.236204 0.385719 0.232083 0.392854 0.226343 0.393297 0.227500 0.386057 0.233333 0.384078 0.236065 0.383818 0.236713
1 0.392836 0.221704 0.389401 0.225667 0.389552 0.226741 0.390094 0.227491 0.390214 0.226417 0.393318 0.222454
1 0.407943 0.249074 0.406911 0.248759 0.405922 0.247972 0.404385 0.245426 0.403187 0.242926 0.402328 0.240704 0.401833 0.239130 0.401625 0.238296 0.401130 0.238481 0.401677 0.240657 0.402823 0.243574 0.403891 0.245889 0.405062 0.247694 0.406052 0.249037 0.407458 0.249731
1 0.402435 0.227796 0.401758 0.226222 0.401263 0.225620 0.399258 0.225204 0.395323 0.224894 0.394328 0.224787 0.393516 0.224574 0.392641 0.224574 0.391977 0.225056 0.391977 0.225861 0.392854 0.226343 0.395391 0.226620 0.398185 0.226500 0.399721 0.226287 0.400896 0.226343 0.401862 0.228431
8 0.418266 0.245662 0.413039 0.253907 0.413883 0.255889 0.419333 0.246588
2 0.414961 0.244218 0.413268 0.247042 0.412539 0.249218 0.412539 0.250653 0.412669 0.252319 0.412904 0.253245 0.414180 0.251116 0.416315 0.246069
8 0.412643 0.245375 0.411497 0.250699 0.411263 0.253616 0.411497 0.255514 0.412383 0.254634 0.412279 0.252644 0.412539 0.250653 0.412539 0.249218 0.413268 0.247042 0.413841 0.245838
1 0.411086 0.234838 0.411458 0.237176 0.411771 0.241574 0.412292 0.241528 0.412240 0.239491 0.411719 0.237546 0.412370 0.237407 0.413385 0.240093 0.413828 0.239352 0.412596 0.236782 0.412023 0.234977
1 0.416503 0.210745 0.404104 0.223509 0.402013 0.225676 0.402781 0.227347 0.417469 0.211829
1 0.389581 0.222139 0.390831 0.220667 0.396003 0.215935 0.396951 0.215796 0.397635 0.216477 0.398247 0.217829 0.398932 0.221884 0.399315 0.224870 0.399258 0.225204 0.398711 0.225083 0.398440 0.222944 0.398049 0.220157 0.397807 0.218708 0.397536 0.217694 0.397206 0.217157 0.396482 0.216949 0.389914 0.223431
1 0.387484 0.218843 0.385443 0.216389 0.384635 0.216574 0.384661 0.217685 0.385651 0.219259 0.387630 0.221389 0.387786 0.220833
2 0.395391 0.226620 0.398305 0.230847 0.405073 0.242380 0.407497 0.247440 0.407943 0.249074 0.406911 0.248759 0.405922 0.247972 0.404385 0.245426 0.403187 0.242926 0.402328 0.240704 0.401833 0.239130 0.401625 0.238296 0.401130 0.238481 0.401677 0.240657 0.402823 0.243574 0.403891 0.245889 0.405062 0.247694 0.406052 0.249037 0.407458 0.249731 0.406253 0.251435 0.405211 0.250412 0.401461 0.245139 0.401227 0.245694 0.398445 0.238806 0.394193 0.226472
2 0.403023 0.249213 0.405315 0.251852 0.405901 0.251634 0.404286 0.253625
2 0.404521 0.255292 0.405911 0.257639 0.405841 0.257171 0.406635 0.256755 0.406706 0.257269 0.408008 0.255694 0.408503 0.256111 0.408451 0.256528 0.406888 0.257824 0.407797 0.261463 0.410026 0.257593 0.409833 0.255407 0.408805 0.250676 0.407112 0.252315 0.408518 0.254347 0.408076 0.254954 0.406578 0.252884
2 0.445674 0.110130 0.446924 0.109481 0.446828 0.110148 0.445276 0.114778 0.443617 0.112722 0.445987 0.111333
2 0.413039 0.230671 0.414555 0.218144 0.415880 0.218199 0.414495 0.231269
2 0.415909 0.213560 0.418357 0.213421 0.420466 0.218051 0.418451 0.217875 0.416393 0.218185 0.415880 0.218199 0.414555 0.218144 0.413883 0.218380 0.411773 0.217917
2 0.445622 0.109620 0.443409 0.110500 0.443617 0.112722 0.445987 0.111333
2 0.453310 0.107875 0.452372 0.104125 0.453909 0.103569 0.454768 0.107690
2 0.480109 0.165903 0.488208 0.170162 0.488000 0.172569 0.483581 0.170593 0.479560 0.167681
