0 0.532742 0.897162 0.530695 0.891806 0.527323 0.884310 0.524792 0.883028 0.522745 0.882815 0.510701 0.866111 0.508169 0.865898 0.506003 0.866324 0.505641 0.867824 0.495883 0.869106 0.492633 0.876819 0.486560 0.893347 0.483031 0.900181 0.481357 0.907782 0.481044 0.912213 0.483393 0.920736 0.491102 0.928213 0.492667 0.931167 0.497378 0.929796 0.509953 0.935236 0.513495 0.936389 0.516396 0.938958 0.517203 0.942407 0.518987 0.950718 0.521565 0.953009 0.523841 0.951935 0.529599 0.951102 0.529214 0.953028 0.517625 0.963417 0.516927 0.961745 0.513422 0.962301 0.510701 0.964657 0.509302 0.967546 0.507966 0.968856 0.497172 0.974144 0.496005 0.975579 0.495547 0.977333 0.483576 1.000000 0.544789 1.000000 0.546427 0.999968 0.552135 0.991787 0.553677 0.994764 0.553451 1.000000 0.630589 1.000000 0.626938 0.990398 0.625047 0.983824 0.624602 0.980310 0.624865 0.976801 0.625130 0.975194 0.625130 0.973435 0.625047 0.969602 0.624961 0.967356 0.624961 0.961444 0.626130 0.954380 0.633719 0.937032 0.635888 0.928468 0.634081 0.918403 0.628130 0.906542 0.621565 0.887417 0.614182 0.871120 0.613445 0.871120 0.612206 0.871315 0.601378 0.883884 0.594185 0.885917 0.591693 0.889625 0.591065 0.893519 0.590958 0.894250 0.577792 0.907269
5 0.480135 0.245255 0.478898 0.239056 0.477922 0.234653 0.478336 0.233588 0.478898 0.232921 0.479273 0.232454 0.479536 0.232185 0.480099 0.232787 0.480172 0.233454 0.480172 0.234986 0.480323 0.236185 0.480849 0.237185 0.481224 0.237120 0.481635 0.237056 0.481898 0.237255 0.482198 0.237852 0.482273 0.239056 0.482234 0.240389 0.482047 0.241519 0.481898 0.241986 0.481672 0.242787 0.481823 0.243852
2 0.475760 0.155634 0.476607 0.160704 0.474453 0.167731 0.474401 0.167361 0.474245 0.166898 0.474115 0.166296 0.473984 0.166065 0.473802 0.166065 0.473568 0.166065 0.473099 0.166481 0.471063 0.155995 0.472430 0.156560 0.473232 0.156769 0.473682 0.156769 0.474044 0.156556 0.474406 0.156394 0.474828 0.156449 0.475521 0.156449
2 0.463534 0.162208 0.462682 0.160370 0.462057 0.159259 0.461745 0.158843 0.461589 0.158380 0.461224 0.157824 0.461120 0.157639 0.460990 0.157639 0.460573 0.157731 0.460521 0.158102 0.460521 0.158750 0.460573 0.159213 0.460781 0.159676 0.461276 0.160370 0.461563 0.161111 0.461641 0.161852 0.461536 0.161852 0.461276 0.161574 0.461120 0.161065 0.460859 0.160324 0.460521 0.159907 0.460339 0.159259 0.460052 0.158750 0.459974 0.158287 0.459271 0.158102 0.459089 0.157731 0.459089 0.157407 0.459036 0.156898 0.452901 0.156620 0.455758 0.159787 0.456039 0.159477 0.463081 0.164375
2 0.476977 0.180264 0.477706 0.180588 0.478122 0.180588 0.478305 0.180866 0.478435 0.181329 0.478513 0.181931 0.478565 0.182486 0.478565 0.183458 0.479378 0.184884 0.480284 0.186606 0.481039 0.187162 0.481560 0.187486 0.481768 0.187532 0.482055 0.187532 0.480396 0.180139 0.476771 0.179444
2 0.472227 0.138074 0.468589 0.141162 0.472951 0.140648 0.472648 0.139574
2 0.440430 0.155380 0.440755 0.155287 0.441177 0.154806 0.441177 0.154375 0.441177 0.153574 0.441177 0.152606 0.441177 0.151644 0.441208 0.150681 0.441328 0.149718 0.441328 0.148644 0.441419 0.147681 0.441570 0.147199 0.441841 0.147361 0.442232 0.147736 0.442714 0.148269 0.443318 0.148806 0.443740 0.149074 0.444310 0.149074 0.451391 0.157213 0.450094 0.156894 0.445940 0.158718 0.442320 0.159593 0.440026 0.160685 0.440026 0.159681 0.440107 0.158750 0.440268 0.157602 0.440349 0.156884
2 0.463474 0.138463 0.463344 0.138741 0.463266 0.139065 0.463318 0.139759 0.463552 0.140315 0.463760 0.140685 0.463865 0.141102 0.463578 0.141611 0.463188 0.141519 0.462927 0.141194 0.462745 0.140639 0.462589 0.139991 0.462510 0.139667 0.462510 0.139204 0.462250 0.138509 0.462094 0.138278 0.461807 0.138185 0.461729 0.138185 0.461547 0.138185 0.460792 0.138370 0.462094 0.142306 0.462875 0.142769 0.463292 0.143231 0.465284 0.141602
2 0.463669 0.171375 0.464943 0.172838 0.464201 0.174866 0.461607 0.184042 0.460477 0.187792 0.458047 0.178565 0.460255 0.178616 0.459542 0.182310 0.461458 0.183796 0.462518 0.177907
2 0.473505 0.144449 0.470435 0.144944 0.472477 0.148023
2 0.468263 0.161648 0.467898 0.161370 0.467638 0.160861 0.467508 0.160167 0.467508 0.159519 0.467508 0.158639 0.467326 0.157759 0.467169 0.157343 0.466961 0.156972 0.466701 0.156417 0.466049 0.160120 0.466154 0.160444 0.466258 0.161278 0.466258 0.161972 0.466128 0.162528 0.466049 0.163037 0.466128 0.163546 0.466466 0.163917 0.466622 0.164287 0.466674 0.164704 0.466674 0.165167 0.466622 0.165861 0.466466 0.165907 0.466284 0.165676 0.465997 0.165398 0.465867 0.165259 0.465633 0.164935 0.465555 0.164704 0.465320 0.164102 0.464289 0.169616 0.465622 0.171120 0.466198 0.168796
2 0.464349 0.157824 0.465781 0.149954 0.465547 0.149583 0.465286 0.148657 0.465104 0.147917 0.464896 0.147824 0.464740 0.147963 0.464740 0.148519 0.464609 0.148981 0.464271 0.148657 0.464036 0.148194 0.464010 0.147917 0.464115 0.147546 0.464531 0.147407 0.464870 0.147222 0.465312 0.147130 0.465469 0.147037 0.465547 0.147315 0.465911 0.149213 0.466195 0.147662 0.466979 0.147310 0.465893 0.143403 0.452841 0.154477 0.457109 0.155093 0.457109 0.154630 0.456979 0.154213 0.456875 0.153843 0.456641 0.153565 0.456354 0.153333 0.456198 0.153102 0.456406 0.152685 0.456667 0.152407 0.456953 0.152315 0.457214 0.152222 0.457648 0.152032 0.458039 0.151755 0.458430 0.151477 0.459133 0.151338 0.460201 0.151569 0.462284 0.155273 0.463779 0.155176 0.463659 0.156139 0.463174 0.156509
3 0.484620 0.272366 0.471268 0.260106 0.461740 0.252398 0.451805 0.249699 0.463521 0.260329 0.482013 0.277657 0.494760 0.288875 0.495844 0.287301 0.498820 0.282769 0.496258 0.281269 0.488445 0.275259 0.488065 0.275546 0.487482 0.274671
3 0.513828 0.386931 0.479076 0.411556 0.474203 0.414963 0.471508 0.415722 0.471393 0.416375 0.471714 0.417380 0.472240 0.418380 0.472482 0.418667 0.472521 0.419458 0.472320 0.420463 0.472359 0.422037 0.472643 0.423833 0.472643 0.425051 0.472078 0.425981 0.470867 0.426917 0.470182 0.426986 0.469214 0.426917 0.468326 0.426699 0.467682 0.426917 0.468109 0.431718 0.511737 0.400806
3 0.408206 0.251843 0.412526 0.263269 0.414208 0.277102 0.405760 0.254292
3 0.407214 0.249259 0.403076 0.238787 0.402211 0.250884 0.403398 0.253569
3 0.527370 0.345741 0.549409 0.360718 0.557919 0.382019 0.525221 0.356333
2 0.520602 0.564764 0.518602 0.563852 0.518497 0.563417 0.518219 0.562611 0.518359 0.562241 0.518706 0.562116 0.518880 0.561745 0.519055 0.561125 0.518987 0.560259 0.518776 0.560259 0.518078 0.560069 0.517661 0.560194 0.516964 0.560259 0.516406 0.559824 0.515779 0.559389 0.515289 0.559019 0.515047 0.559019 0.514732 0.559389 0.514315 0.559759 0.514036 0.560259 0.513547 0.560319 0.513128 0.560505 0.512815 0.560505 0.512500 0.559759 0.512466 0.559019 0.512396 0.558273 0.512221 0.557407 0.512047 0.557032 0.511701 0.557157 0.511664 0.557778 0.511490 0.558398 0.511315 0.558954 0.511073 0.559204 0.510375 0.558954 0.509992 0.558708 0.509607 0.558458 0.509281 0.557634 0.508349 0.556310 0.509323 0.553972 0.508094 0.555000 0.507445 0.555384 0.504987 0.557954 0.504047 0.559495 0.504047 0.562708 0.504768 0.562838 0.505638 0.562968 0.506794 0.563611 0.507516 0.563866 0.508529 0.564250 0.510552 0.564250 0.511349 0.564125 0.511927 0.563866 0.512721 0.563611 0.513734 0.564125 0.514674 0.564509 0.516120 0.565023 0.516771 0.565278 0.517565 0.566051 0.519227 0.567463
3 0.398581 0.204009 0.397885 0.204569 0.397604 0.205847 0.397062 0.206435 0.396760 0.206491 0.396279 0.206759 0.396068 0.207296 0.395857 0.207454 0.395104 0.207616 0.392453 0.209491 0.391427 0.210403 0.391424 0.219273 0.394766 0.225722 0.395568 0.225787 0.396016 0.225787 0.396578 0.225787 0.396737 0.225287 0.396940 0.224861 0.397380 0.225069 0.397628 0.226148 0.397143 0.227111 0.396542 0.227588 0.396542 0.228065 0.396708 0.229157 0.396565 0.230569 0.396492 0.231597 0.396997 0.233139 0.397648 0.235324 0.398516 0.218796 0.398745 0.215097 0.398669 0.214329
3 0.394453 0.277144 0.390643 0.261704 0.390924 0.259630 0.390784 0.248593 0.390878 0.247019 0.391159 0.246019 0.391437 0.245773 0.391578 0.247097 0.391766 0.259463 0.392138 0.259463 0.392698 0.260208 0.392977 0.261454 0.393305 0.262116 0.393771 0.261537 0.393865 0.260208 0.393818 0.258634 0.393865 0.257222 0.394005 0.255644 0.394237 0.254319 0.394424 0.252907 0.394706 0.251912 0.395031 0.250917 0.395313 0.249588 0.395266 0.248593 0.394891 0.247347 0.394284 0.245940 0.393724 0.245273 0.393117 0.244778 0.392557 0.244278 0.391857 0.242620 0.397648 0.235324
3 0.431464 0.275505 0.425945 0.290644 0.424758 0.290509 0.422576 0.276375
2 0.514964 0.275468 0.513047 0.274444 0.512253 0.289579 0.514737 0.294958 0.524844 0.302639
2 0.482784 0.164926 0.483211 0.164819 0.483510 0.165194 0.483633 0.165731 0.483784 0.166537 0.484143 0.167713 0.485651 0.171463 0.486013 0.171894 0.486073 0.173125 0.483482 0.173606 0.483331 0.170981 0.483180 0.170500 0.482818 0.170556 0.480875 0.174181 0.480310 0.171431 0.481495 0.170319 0.482091 0.169514 0.482193 0.168769 0.482260 0.167713 0.482021 0.166782 0.481424 0.165731 0.481289 0.165171 0.481529 0.164676 0.481602 0.164676 0.481914 0.164801 0.482021 0.165051 0.482260 0.166042 0.482401 0.166477 0.482474 0.166537 0.482893 0.166287
2 0.378570 0.198144 0.374740 0.193264 0.373503 0.191551 0.373654 0.190213 0.379711 0.185819 0.380734 0.184639 0.380930 0.193347 0.380302 0.194588 0.380198 0.195454 0.380198 0.196819 0.380198 0.198917
2 0.499755 0.267588 0.495880 0.265236 0.496852 0.280787 0.496258 0.281269 0.498820 0.282769 0.499776 0.281255 0.499323 0.279861 0.499083 0.279699 0.498932 0.279111 0.498630 0.277931 0.498451 0.276699 0.498060 0.274667 0.498089 0.273486 0.498331 0.272681 0.498932 0.272148 0.499263 0.272148 0.499656 0.272306 0.500026 0.269676
3 0.509336 0.261755 0.519065 0.266106 0.534898 0.275125 0.532557 0.285722 0.514964 0.275468 0.513047 0.274444 0.511667 0.274306 0.510935 0.273657 0.505820 0.270884 0.508893 0.262769
3 0.528065 0.613528 0.528359 0.607917 0.536411 0.603301 0.538031 0.603009 0.542466 0.615472 0.544073 0.648296 0.542867 0.655074 0.542266 0.667917 0.544073 0.678264 0.541263 0.756037 0.540862 0.827032 0.539055 0.848440 0.539055 0.854505 0.539857 0.857713 0.540057 0.863065 0.539656 0.875907 0.535042 0.883398 0.533836 0.889106 0.532742 0.897162 0.530695 0.891806 0.528753 0.724389
3 0.487411 0.626102 0.491052 0.628907 0.492594 0.626833 0.494344 0.625472 0.495406 0.626486 0.495794 0.627708 0.495974 0.628907 0.495794 0.632866 0.514268 0.649727 0.514656 0.659537 0.513685 0.660208 0.475078 0.625634 0.473229 0.614120 0.479167 0.618644
3 0.504888 0.495069 0.495070 0.549435 0.493510 0.549648 0.492388 0.550444 0.492161 0.551431 0.492281 0.552630 0.493286 0.556815 0.492836 0.560199 0.491039 0.560199 0.490258 0.561185 0.490154 0.561588 0.489930 0.563370 0.490034 0.564569 0.491039 0.566968 0.479167 0.618644 0.487380 0.626051 0.501646 0.557542 0.498885 0.560167 0.498609 0.558917 0.498828 0.557569 0.499904 0.556231 0.502768 0.552194 0.503042 0.550472 0.502500 0.550667 0.501740 0.550472 0.501096 0.550282 0.500664 0.549704 0.500880 0.549037 0.501531 0.548843 0.501958 0.548546 0.503794 0.548843 0.506807 0.531500 0.512594 0.493153 0.510047 0.491819
3 0.502971 0.199130 0.513909 0.241282 0.507188 0.260019 0.499458 0.233111 0.498878 0.232713 0.498365 0.231440 0.497862 0.230667 0.497427 0.230014 0.497135 0.229375 0.497135 0.227829 0.496052 0.222454 0.500729 0.229954 0.503594 0.234306 0.504479 0.232593 0.500547 0.226435 0.495635 0.218065 0.494969 0.214986 0.495117 0.211185 0.494594 0.209718 0.492448 0.207477 0.492531 0.205227 0.486924 0.190616 0.485919 0.188139 0.485982 0.186981 0.486307 0.186583 0.487586 0.188977 0.492872 0.200315 0.494583 0.202824 0.495312 0.201852 0.495807 0.200602 0.488594 0.183380 0.489039 0.180602 0.492656 0.189051 0.494492 0.194042 0.496815 0.199514 0.498596 0.199995 0.500109 0.201722 0.501836 0.201338 0.502052 0.200954 0.500271 0.195384 0.501349 0.195097
3 0.449401 0.456741 0.447956 0.459949 0.454094 0.477759 0.456146 0.493787 0.473974 0.531472 0.480477 0.524194 0.471565 0.505778 0.459880 0.482009 0.452049 0.463380
2 0.469878 0.572801 0.469419 0.575690 0.469203 0.577745 0.468984 0.578773 0.468794 0.582227 0.471083 0.581796 0.472406 0.581370 0.474094 0.580727 0.475901 0.579227 0.476383 0.577727 0.476141 0.575370 0.475299 0.571306 0.475057 0.568093 0.474818 0.564880 0.474094 0.561667 0.473370 0.559097 0.472167 0.556958 0.470602 0.556958 0.469758 0.557171 0.468914 0.559097 0.468914 0.561023 0.468914 0.563167 0.469638 0.564880 0.470721 0.566380 0.470721 0.568093 0.470479 0.570449
3 0.530310 0.272569 0.521885 0.252120 0.522534 0.247227 0.522049 0.246264 0.521401 0.245977 0.520807 0.245977 0.519943 0.247130 0.519510 0.248667 0.517901 0.246602 0.515648 0.243931 0.510276 0.259264 0.510779 0.262375 0.519065 0.266106
3 0.532576 0.285792 0.514964 0.275468 0.524844 0.302639 0.528029 0.304889
3 0.585643 0.406620 0.570096 0.369769 0.559211 0.347194 0.553253 0.331051 0.548328 0.317898 0.543185 0.302375 0.538367 0.293023 0.531898 0.323468 0.544573 0.351894 0.549409 0.360718 0.557919 0.382019 0.567362 0.395954 0.568424 0.397620 0.568549 0.398954 0.568549 0.400731 0.568549 0.401838 0.568674 0.402949 0.569112 0.403394 0.570172 0.404838 0.571109 0.406171 0.571609 0.407171 0.572359 0.408949 0.571016 0.412769 0.572427 0.413056 0.573195 0.413056 0.576219 0.419366 0.576826 0.420727 0.579044 0.420083 0.580888 0.425944 0.585253 0.418389
3 0.520224 0.879806 0.517826 0.817181 0.512638 0.665250 0.513685 0.660208 0.514656 0.659537 0.514268 0.649727 0.513148 0.628634 0.518531 0.620616 0.520089 0.619389 0.528065 0.613528 0.528753 0.724389 0.530695 0.891806 0.527323 0.884310 0.524792 0.883028 0.522745 0.882815
3 0.553818 0.489148 0.543112 0.481264 0.524125 0.461042 0.520193 0.461639 0.508984 0.452713 0.515927 0.472046 0.551224 0.506097 0.552060 0.494944
3 0.501138 0.284972 0.500432 0.284380 0.496596 0.290870 0.526190 0.315579 0.527271 0.309241 0.528029 0.304889 0.512010 0.292866 0.511135 0.292310 0.508797 0.289648 0.505247 0.287639 0.504513 0.287329
3 0.507188 0.260019 0.497302 0.254722 0.491474 0.251454 0.481159 0.247611 0.477216 0.246370 0.473167 0.245278 0.467669 0.244616 0.457815 0.241259 0.454122 0.240681 0.451805 0.249699 0.461740 0.252398 0.474266 0.255944 0.482299 0.259694 0.484620 0.260366 0.486284 0.261144 0.486284 0.261144 0.487617 0.262065 0.492315 0.263796 0.493935 0.265236 0.494367 0.264949 0.495880 0.265236 0.499755 0.267588 0.503341 0.269301 0.503643 0.270481 0.506841 0.261162
3 0.515945 0.372472 0.508284 0.423944 0.514867 0.424463 0.518966 0.401852 0.518263 0.401278 0.517992 0.400315 0.517560 0.399167 0.517292 0.398685 0.516750 0.397435 0.516643 0.395708 0.516104 0.394079 0.515995 0.392255 0.516211 0.391102 0.516698 0.389949 0.517508 0.389083 0.518102 0.388894 0.518318 0.385819 0.518401 0.385167 0.518643 0.380542 0.519047 0.379968 0.520094 0.380181 0.521427 0.380542 0.525221 0.356333 0.531898 0.323468 0.539156 0.289574 0.540898 0.290435 0.541094 0.288546 0.540706 0.287167 0.539737 0.286653 0.540802 0.280972 0.542253 0.280801 0.542737 0.279769 0.541383 0.279255 0.549706 0.240884 0.542641 0.238995 0.534898 0.275125 0.532576 0.285792 0.528029 0.304889 0.525995 0.316759 0.518872 0.353407 0.517521 0.360704
2 0.488768 0.165731 0.488919 0.165681 0.489190 0.166213 0.489432 0.166644 0.489703 0.167069 0.490156 0.167819 0.490758 0.168787 0.490638 0.169269 0.490396 0.170069 0.490891 0.171130 0.491255 0.171273 0.491724 0.171921 0.492117 0.172569 0.492375 0.173167 0.492690 0.173866 0.492948 0.174556 0.493263 0.175204 0.493391 0.175343 0.493469 0.175389 0.493576 0.175440 0.493833 0.175111 0.489331 0.163676 0.488859 0.163722
3 0.390622 0.212056 0.390440 0.212472 0.390232 0.212657 0.389841 0.212657 0.389763 0.212241 0.389633 0.212102 0.389477 0.212102 0.389346 0.211685 0.387750 0.213000 0.390456 0.217921
2 0.409349 0.170463 0.408471 0.169991 0.407974 0.169944 0.407453 0.169759 0.406620 0.169759 0.406076 0.169759 0.405477 0.169759 0.404695 0.169759 0.401328 0.171065 0.400781 0.180394
1 0.560057 0.463130 0.557521 0.458199 0.555529 0.458287 0.553747 0.455991 0.550398 0.446204 0.547755 0.440796 0.545807 0.437083 0.545076 0.435218 0.543750 0.433176 0.543294 0.432431 0.543195 0.431810 0.543331 0.431130 0.543888 0.430884 0.544169 0.430264 0.543508 0.427787 0.543018 0.425565 0.542656 0.423898 0.542656 0.423477 0.543393 0.424255 0.546286 0.434528 0.548867 0.440074 0.554115 0.448856 0.556203 0.452259 0.556896 0.450968 0.557258 0.450380 0.557471 0.450324 0.557891 0.450593 0.558164 0.451347 0.557833 0.452370 0.557352 0.453699 0.557289 0.454134 0.557682 0.454236 0.558195 0.453968 0.558914 0.453866 0.563044 0.453968 0.560102 0.448894 0.559151 0.448269 0.558307 0.448745 0.557589 0.448958 0.557253 0.448856 0.555266 0.444306 0.555177 0.443181 0.555659 0.442537 0.556021 0.442106 0.556141 0.441139 0.556622 0.440870 0.557589 0.441514 0.562799 0.450458 0.564161 0.453269 0.564576 0.453269 0.565273 0.452713 0.566044 0.451657 0.566638 0.451412 0.566911 0.451347 0.567979 0.452259 0.568237 0.454032 0.568094 0.454833 0.567536 0.455333 0.566737 0.455579 0.566076 0.455523 0.565763 0.455523 0.565099 0.456009 0.564156 0.456824 0.563388 0.455523 0.558159 0.455579 0.561052 0.461032
2 0.531898 0.323468 0.544573 0.351894 0.549409 0.360718 0.539016 0.353644 0.529831 0.333653
3 0.528268 0.341537 0.532078 0.348981 0.527370 0.345741
2 0.463164 0.243102 0.462815 0.239130 0.462536 0.236343 0.462396 0.235171 0.461734 0.235171 0.461352 0.234856 0.461315 0.234171 0.461594 0.233491 0.462049 0.232940 0.461177 0.227537 0.461177 0.226125 0.459878 0.223296 0.462573 0.213190 0.464815 0.220741 0.465841 0.220157 0.466055 0.221759 0.466336 0.222690 0.466820 0.223481 0.467625 0.224125 0.468596 0.224338 0.469646 0.218315 0.470049 0.218745 0.470208 0.219394 0.470049 0.221472 0.469646 0.223769 0.467466 0.235241 0.467992 0.235884 0.468596 0.236102 0.468716 0.236676 0.468555 0.237032 0.467951 0.237032 0.467146 0.236889 0.466901 0.237894 0.466862 0.238537 0.467227 0.239329 0.467669 0.240116 0.468271 0.241625 0.467669 0.244616 0.467669 0.244616
2 0.398404 0.172199 0.398432 0.174019 0.398734 0.174287 0.398794 0.174606 0.398643 0.175250 0.398284 0.175463 0.397799 0.175838 0.397318 0.176324 0.395523 0.178625 0.394909 0.180449 0.395180 0.180662 0.395570 0.180662 0.395904 0.180662 0.396083 0.180769 0.397560 0.183662 0.397560 0.184944 0.397289 0.185375 0.396596 0.185213 0.396385 0.185213 0.395753 0.185537 0.395391 0.185912 0.395180 0.186231 0.398471 0.191412 0.399427 0.171806
2 0.401760 0.183292 0.403010 0.185236 0.402188 0.186250 0.401977 0.186889 0.402036 0.187532 0.402398 0.187639 0.402917 0.187407 0.404568 0.185204 0.404602 0.189727 0.401359 0.195579 0.400448 0.194495 0.400852 0.184421
2 0.484372 0.177620 0.484583 0.177028 0.484523 0.175852 0.485732 0.175676 0.484404 0.193556 0.482021 0.180153 0.484844 0.180273 0.485044 0.178241 0.484708 0.177644
3 0.417664 0.305444 0.418398 0.310852 0.417313 0.313782 0.401336 0.266106 0.401510 0.263750
3 0.410393 0.249301 0.408206 0.251843 0.412526 0.263269 0.412128 0.260486
3 0.420828 0.266856 0.435604 0.264028 0.444622 0.238972 0.436109 0.237218 0.432237 0.235440 0.431049 0.233995 0.428844 0.232750 0.427495 0.231597 0.452729 0.212444 0.455607 0.210352 0.455216 0.209144 0.455346 0.207472 0.457034 0.201653 0.459992 0.191880 0.460885 0.189352 0.461758 0.185773 0.462565 0.183153 0.463857 0.178991 0.464237 0.177819 0.464711 0.175801 0.464898 0.175130 0.465159 0.173880 0.465401 0.173329 0.466047 0.171750 0.466701 0.169861 0.468747 0.162269 0.469336 0.160065 0.470503 0.156412 0.471063 0.155995 0.472430 0.156560 0.471906 0.154801 0.471552 0.154523 0.471104 0.154324 0.471211 0.152806 0.472055 0.151583 0.472995 0.149167 0.473904 0.146366 0.474352 0.147759 0.474464 0.148356 0.474687 0.148356 0.475013 0.147588 0.474573 0.146875 0.474388 0.146343 0.474201 0.145681 0.474016 0.144287 0.473505 0.144449 0.472477 0.148023 0.470872 0.152176 0.470516 0.154102 0.468906 0.157750 0.468305 0.156315 0.467969 0.155718 0.467633 0.155120 0.467521 0.154722 0.467073 0.154324 0.466849 0.155718 0.467745 0.157310 0.467969 0.158106 0.468081 0.158704 0.468305 0.159301 0.467898 0.161370 0.468263 0.161648 0.466198 0.168796 0.465622 0.171120 0.464943 0.172838 0.464201 0.174866 0.461607 0.184042 0.460477 0.187792 0.459750 0.190227 0.458536 0.193741 0.458497 0.195250 0.458336 0.196037 0.458133 0.196755 0.457406 0.199264 0.457003 0.199051 0.456440 0.200741 0.454867 0.205287 0.454419 0.207676 0.454195 0.208870 0.452919 0.209903 0.426896 0.230718 0.425036 0.229273 0.424698 0.218454 0.424161 0.218111 0.424253 0.219824 0.424253 0.221218 0.424253 0.221968 0.424161 0.223037 0.423922 0.223468 0.423500 0.223468 0.422958 0.224750 0.422596 0.225019 0.422203 0.224968 0.422234 0.224324 0.422354 0.222449 0.422354 0.221431 0.422234 0.220574 0.422023 0.219662 0.421753 0.218806 0.421331 0.217412 0.420849 0.215218 0.420516 0.213181 0.420159 0.213167 0.419823 0.213167 0.419542 0.212819 0.419318 0.212569 0.419094 0.212569 0.418589 0.212569 0.418224 0.212370 0.417945 0.211773 0.417917 0.210880 0.419878 0.210000 0.419995 0.207023 0.419148 0.206880 0.418701 0.205884 0.418141 0.205884 0.417693 0.205884 0.416573 0.205685 0.415565 0.205486 0.415005 0.205685 0.413773 0.205884 0.411531 0.210380 0.409714 0.214681 0.405297 0.207486 0.405297 0.207486 0.403076 0.238787 0.407214 0.249259 0.413396 0.242255 0.416430 0.243000
2 0.512318 0.235093 0.512682 0.234514 0.513229 0.234190 0.513776 0.233912 0.514661 0.233958 0.515260 0.233958 0.515885 0.234005 0.516198 0.234190 0.516406 0.234329 0.513909 0.241282
2 0.555755 0.337778 0.556169 0.337389 0.556682 0.336722 0.557008 0.335727 0.557008 0.334153 0.556354 0.332991 0.555328 0.332245 0.554443 0.331579 0.553789 0.331083 0.553253 0.331051
1 0.543792 0.304009 0.543792 0.297870 0.543417 0.296708 0.542951 0.296458 0.542672 0.296542 0.542672 0.297454 0.543185 0.302375
3 0.482299 0.259694 0.474266 0.255944 0.461740 0.252398 0.471268 0.260106 0.484620 0.272366
1 0.512169 0.216394 0.515052 0.203926 0.515536 0.203639 0.516182 0.204569 0.512190 0.219917 0.512029 0.221134 0.512109 0.222139 0.512310 0.223144 0.512310 0.224005 0.512148 0.225153 0.511625 0.225366 0.511422 0.225440 0.511060 0.226301 0.510495 0.227157 0.510312 0.227315 0.509487 0.224292 0.509768 0.224005 0.510253 0.223287 0.510375 0.222069 0.511677 0.217713
3 0.608594 0.556199 0.607628 0.577190 0.607047 0.588718 0.607047 0.593708 0.607047 0.603171 0.607336 0.608676 0.608013 0.609361 0.610820 0.608505 0.613628 0.608847 0.614789 0.599384 0.612951 0.591986 0.612174 0.585278 0.612370 0.579426 0.612370 0.573579 0.611112 0.564458
3 0.568263 0.552699 0.564583 0.575898 0.564497 0.577532 0.566005 0.578870 0.567258 0.579764 0.570018 0.566528 0.570857 0.560731 0.571107 0.556417 0.571190 0.553444 0.569852 0.551806
3 0.532073 0.541352 0.530266 0.533792 0.530326 0.531250 0.528518 0.526134 0.528474 0.524037 0.529125 0.522241 0.529414 0.519796 0.528979 0.517356 0.528474 0.514398 0.527099 0.511185 0.526385 0.508079 0.524260 0.507074 0.523695 0.504852 0.524383 0.503963 0.528878 0.499079 0.531690 0.497190 0.533130 0.497861 0.534380 0.498296 0.535190 0.498861 0.535630 0.500417 0.536253 0.502523 0.536563 0.501306 0.536440 0.499417 0.536005 0.497407 0.534943 0.496306 0.533815 0.495083 0.532875 0.493296 0.532687 0.491523 0.532320 0.491088 0.531193 0.492861 0.530693 0.494194 0.529883 0.495417 0.525133 0.500852 0.525323 0.500083 0.525380 0.497861 0.524070 0.494634 0.523456 0.492449 0.522878 0.489750 0.522518 0.488977 0.519914 0.482681 0.515927 0.472046 0.551224 0.506097 0.550922 0.513241 0.551193 0.516120 0.551893 0.517560 0.552651 0.519481 0.552703 0.520537 0.553083 0.523130 0.553352 0.524667 0.554216 0.525144 0.554971 0.525625 0.555297 0.527449 0.558266 0.541847 0.560643 0.549819 0.562424 0.551833 0.555922 0.588653 0.555565 0.589162 0.554802 0.588653 0.547133 0.569579 0.546034 0.565102 0.545117 0.562412 0.543440 0.557074 0.542768 0.557241 0.534073 0.543375
3 0.538031 0.603009 0.536794 0.599208 0.536216 0.598051 0.535781 0.596509 0.535781 0.595222 0.536070 0.593940 0.536432 0.592782 0.536505 0.590343 0.536216 0.588282 0.535711 0.585972 0.535349 0.584944 0.534771 0.584171 0.534193 0.583657 0.533904 0.582884 0.534354 0.572255 0.533099 0.569278 0.532346 0.567051 0.531344 0.565713 0.529253 0.562736 0.527745 0.560657 0.527161 0.558870 0.524016 0.552167 0.519839 0.546824 0.519951 0.542662 0.519010 0.541375 0.518721 0.540731 0.518359 0.540218 0.518143 0.539704 0.518000 0.539449 0.517927 0.539060 0.517927 0.538292 0.517927 0.537394 0.518143 0.536875 0.518143 0.536875 0.518505 0.537648 0.518648 0.538162 0.518938 0.538935 0.519010 0.538935 0.519299 0.538806 0.519589 0.538676 0.519661 0.538421 0.519734 0.537648 0.519516 0.536875 0.519299 0.536491 0.518664 0.535556 0.518245 0.535796 0.517544 0.535722 0.515323 0.541505 0.518359 0.549602 0.518867 0.550884 0.519344 0.551079 0.519156 0.552194 0.519516 0.552940 0.519661 0.552940 0.519734 0.553454 0.519807 0.554097 0.520023 0.554870 0.520312 0.555384 0.520745 0.555769 0.522263 0.559495 0.521974 0.560009 0.521469 0.560523 0.521396 0.560782 0.521180 0.562454 0.520964 0.563481 0.520602 0.564764 0.519227 0.567463 0.517565 0.566051 0.516771 0.565278 0.516120 0.565023 0.514674 0.564509 0.513734 0.564125 0.512721 0.563611 0.511927 0.563866 0.511349 0.564125 0.510552 0.564250 0.508529 0.564250 0.507516 0.563866 0.506794 0.563611 0.505638 0.562968 0.504768 0.562838 0.504047 0.562708 0.504047 0.559495 0.504987 0.557954 0.507445 0.555384 0.508094 0.555000 0.509323 0.553972 0.508240 0.550630 0.507263 0.550537 0.501646 0.557542 0.487411 0.626102 0.491052 0.628907 0.492594 0.626833 0.494344 0.625472 0.495406 0.626486 0.495794 0.627708 0.495974 0.628907 0.495794 0.632866 0.514268 0.649727 0.513148 0.628634 0.518531 0.620616 0.520089 0.619389 0.528065 0.613528 0.528359 0.607917 0.536411 0.603301
3 0.475078 0.625634 0.482388 0.668199 0.484388 0.668532 0.486388 0.668866 0.513685 0.660208
3 0.473229 0.614120 0.472706 0.608884 0.473581 0.609218 0.474078 0.608995 0.474703 0.608551 0.475203 0.608106 0.476703 0.607440 0.477016 0.607106 0.476891 0.605440 0.476391 0.603551 0.475953 0.601995 0.475328 0.601551 0.474266 0.602551 0.474266 0.604218 0.474141 0.605329 0.473393 0.605662 0.472081 0.605440 0.470706 0.597778 0.470768 0.596444 0.471081 0.595111 0.469768 0.582005 0.471083 0.581796 0.472406 0.581370 0.474094 0.580727 0.475901 0.579227 0.476383 0.577727 0.476141 0.575370 0.475299 0.571306 0.475057 0.568093 0.474818 0.564880 0.474094 0.561667 0.473370 0.559097 0.472167 0.556958 0.470602 0.556958 0.471896 0.556079 0.472672 0.555218 0.473638 0.554875 0.474510 0.554875 0.475477 0.554704 0.476057 0.554014 0.476833 0.552810 0.477607 0.549884 0.477896 0.549884 0.480414 0.555565 0.481187 0.557972 0.483414 0.563824 0.484187 0.563134 0.483607 0.562102 0.483122 0.560551 0.482156 0.557630 0.478961 0.549542 0.479253 0.548681 0.480607 0.549884 0.486799 0.564852 0.487380 0.565028 0.487672 0.564681 0.483951 0.555458 0.484138 0.554903 0.483888 0.554014 0.483826 0.553236 0.483888 0.552014 0.484263 0.551458 0.484576 0.551458 0.485201 0.551681 0.485638 0.552014 0.486076 0.552236 0.486513 0.552458 0.486951 0.552903 0.487451 0.553347 0.488888 0.554903 0.489076 0.555681 0.492823 0.554903 0.493286 0.556815 0.492836 0.560199 0.491039 0.560199 0.490258 0.561185 0.490154 0.561588 0.489930 0.563370 0.490034 0.564569 0.491039 0.566968 0.479167 0.618644
3 0.477922 0.234653 0.477857 0.233435 0.477857 0.232796 0.477646 0.231352 0.477404 0.231083 0.477284 0.231083 0.477073 0.231296 0.476891 0.231565 0.476862 0.232315 0.476531 0.232370 0.476169 0.231940 0.475867 0.230546 0.475536 0.230389 0.475385 0.230495 0.475234 0.231028 0.475174 0.231727 0.475414 0.232796 0.475927 0.235958 0.475747 0.236440 0.475688 0.236815 0.475927 0.237083 0.475927 0.237509 0.475807 0.237727 0.475174 0.238102 0.474904 0.238370 0.474602 0.238685 0.474451 0.239227 0.474570 0.240023 0.474844 0.240083 0.474924 0.240625 0.473870 0.241639 0.473898 0.243731 0.474109 0.244532 0.474260 0.245551 0.477216 0.246370 0.481159 0.247611 0.491474 0.251454 0.497302 0.254722 0.507188 0.260019 0.501409 0.239898 0.500870 0.241264 0.500383 0.240954 0.493898 0.234815 0.494349 0.236806 0.497034 0.239653 0.497141 0.240889 0.497557 0.242134 0.497836 0.243060 0.498396 0.244116 0.498641 0.244616 0.498779 0.245171 0.498674 0.245972 0.498466 0.245972 0.497383 0.245542 0.496383 0.245231 0.494794 0.245491 0.487534 0.243356 0.485143 0.243565 0.483568 0.243037 0.483044 0.243222 0.482661 0.243287 0.481823 0.243852 0.480135 0.245255 0.478898 0.239056
3 0.487531 0.151088 0.487328 0.151088 0.486766 0.151088 0.486281 0.151375 0.484143 0.147000 0.485086 0.145259 0.485297 0.144394 0.485297 0.143588 0.485260 0.143278 0.484807 0.142722 0.484599 0.142657 0.484146 0.142657 0.483586 0.142907 0.482646 0.143523 0.482195 0.143093 0.482299 0.142468 0.482331 0.141546 0.482089 0.140611 0.481776 0.141051 0.481529 0.141481 0.481461 0.141236 0.481286 0.140491 0.481219 0.139315 0.480729 0.138009 0.481354 0.135968 0.481078 0.135282 0.480380 0.134977 0.479891 0.134977 0.478883 0.135657 0.477112 0.132199 0.476878 0.131514 0.476901 0.131005 0.477089 0.130352 0.477346 0.129796 0.477633 0.129333 0.478047 0.128315 0.478000 0.127856 0.477737 0.127620 0.477294 0.127523 0.476878 0.127523 0.476383 0.127523 0.475891 0.127713 0.475031 0.128130 0.473466 0.124884 0.473260 0.124241 0.473260 0.122755 0.473021 0.121977 0.472711 0.122019 0.472396 0.122435 0.472320 0.123500 0.472529 0.124426 0.472815 0.125352 0.472357 0.126023 0.471422 0.130583 0.472417 0.132574 0.473547 0.135046 0.474107 0.134963 0.474292 0.136287 0.475362 0.138292 0.475964 0.140380 0.480057 0.139736 0.479745 0.140977 0.479221 0.142463 0.477706 0.143037 0.479893 0.148546 0.478029 0.154843 0.476974 0.154560 0.477437 0.157125 0.478141 0.159954 0.479031 0.156167 0.480646 0.150144 0.481987 0.151222 0.487112 0.161384 0.487312 0.155375 0.487250 0.153597
1 0.483534 0.226954 0.485563 0.229417 0.492005 0.234065 0.491831 0.233282 0.483635 0.225875
1 0.464380 0.207384 0.465469 0.203148 0.466021 0.202981 0.466872 0.198250 0.467279 0.197898 0.468279 0.194144 0.469284 0.190486 0.469984 0.188356 0.471573 0.189931 0.471758 0.189769 0.470339 0.186380 0.471794 0.182630 0.472005 0.180819 0.472872 0.178741 0.473148 0.176449 0.473766 0.175662 0.473906 0.174667 0.474003 0.173444 0.475026 0.170556 0.475286 0.169491 0.476909 0.162282 0.476607 0.160704 0.474453 0.167731 0.473771 0.169935 0.472510 0.174167 0.472354 0.175829 0.471758 0.177986 0.471104 0.179676 0.470732 0.180389 0.470591 0.180722 0.470313 0.181056 0.470190 0.181861 0.469797 0.182565 0.469461 0.183435 0.469237 0.183889 0.468529 0.184884 0.468435 0.186144 0.468771 0.187208 0.468120 0.189231 0.467318 0.191685 0.466510 0.191671 0.464620 0.192019 0.464971 0.193625 0.466625 0.193667 0.465177 0.198644 0.464747 0.200616 0.464292 0.203782 0.464292 0.203782 0.462732 0.204884 0.463385 0.207315 0.463880 0.208458 0.472823 0.217514 0.473167 0.217398 0.473464 0.216208
1 0.473464 0.216208 0.477245 0.220528 0.477812 0.217644 0.478615 0.218634 0.478997 0.219194 0.479312 0.220060 0.479451 0.221301 0.479732 0.222106 0.480148 0.222662 0.480497 0.223097 0.481508 0.223968 0.481346 0.225843 0.479922 0.223838 0.478417 0.222681 0.477604 0.222398 0.473167 0.217398
2 0.372831 0.167736 0.370596 0.168162 0.368862 0.169574 0.366044 0.171759 0.368573 0.180241 0.378549 0.219699 0.375659 0.202949 0.376633 0.201407 0.377385 0.200546 0.377870 0.199778 0.378570 0.198144 0.374740 0.193264 0.373503 0.191551 0.373654 0.190213 0.379711 0.185819 0.380734 0.184639 0.380721 0.183495 0.380057 0.182380 0.380057 0.181634 0.380302 0.181574 0.380755 0.182069 0.380792 0.180519 0.380685 0.180208 0.380477 0.179773 0.380164 0.179343 0.380164 0.178968 0.380406 0.178782 0.380721 0.178782 0.381208 0.179093 0.381628 0.179032 0.382081 0.178782 0.382742 0.178537
2 0.467273 0.385440 0.467576 0.389296 0.467698 0.390370 0.467737 0.390657 0.468424 0.390875 0.469148 0.390875 0.469552 0.390731 0.470279 0.390588 0.471490 0.390731 0.472174 0.390875 0.472135 0.395463 0.471771 0.399333 0.471529 0.401130 0.471005 0.402847 0.470240 0.403278 0.469432 0.403421 0.468383 0.403278 0.468344 0.402491 0.468302 0.401130 0.467456 0.399907 0.467333 0.400843 0.467414 0.401417 0.466971 0.401917 0.466448 0.401917 0.465318 0.401486 0.462896 0.399477 0.460760 0.396968 0.458622 0.394315 0.457411 0.392736 0.456484 0.391662 0.455958 0.391231 0.454794 0.390644 0.455596 0.389463 0.456604 0.388352 0.457617 0.388227 0.458352 0.388227 0.459221 0.388162 0.460021 0.388162 0.463719 0.385681
3 0.435604 0.264028 0.415398 0.267759 0.415979 0.277051 0.431464 0.275505
3 0.418398 0.310852 0.412128 0.260486 0.410393 0.249301 0.416430 0.243000 0.420828 0.266856 0.415398 0.267759 0.415979 0.277051 0.422576 0.276375 0.424758 0.290509 0.419385 0.290755 0.419628 0.293644 0.420135 0.295199 0.420815 0.297194 0.421320 0.298528 0.423633 0.297750
3 0.420833 0.333843 0.423745 0.352519 0.434010 0.350333 0.427505 0.315505
3 0.436172 0.298935 0.441112 0.340917 0.450500 0.334722 0.445466 0.298764
3 0.447083 0.336944 0.447841 0.340894 0.456542 0.335542 0.452193 0.298662 0.445466 0.298764 0.450500 0.334722
3 0.444581 0.290991 0.442490 0.275079 0.437109 0.289995 0.436771 0.290880 0.436771 0.290880
3 0.442490 0.275079 0.445651 0.266662 0.447151 0.262551 0.448276 0.263106 0.451336 0.291208 0.444581 0.290991
3 0.401336 0.266106 0.417313 0.313782 0.410286 0.331894 0.399875 0.294620
3 0.417664 0.305444 0.401510 0.263750 0.401823 0.256773 0.402656 0.257593 0.405760 0.254292 0.414208 0.277102
3 0.409805 0.207579 0.406880 0.203856 0.406346 0.202398 0.405344 0.201208 0.402719 0.197685 0.401359 0.195579 0.400448 0.194495 0.398471 0.191412 0.393727 0.183856 0.392555 0.182514 0.387789 0.176079 0.386214 0.173926 0.384573 0.171065 0.383031 0.168657 0.381271 0.166463 0.379573 0.163852 0.377690 0.161019 0.374445 0.157028 0.364729 0.142875 0.363435 0.140667 0.362193 0.139227 0.357279 0.132218 0.353065 0.125880 0.351716 0.121755 0.350419 0.122329 0.346479 0.117528 0.344427 0.126935 0.361328 0.150074 0.371859 0.164088 0.371534 0.165912 0.372831 0.167736 0.382742 0.178537 0.388844 0.187213 0.396664 0.199736 0.397154 0.199551 0.399594 0.203454 0.401104 0.201190 0.405297 0.207486 0.409714 0.214681 0.411531 0.210380 0.411531 0.210380
3 0.462573 0.213190 0.459878 0.223296 0.461177 0.226125 0.461177 0.227537 0.460456 0.230236 0.459878 0.230620 0.457492 0.230366 0.454122 0.240681 0.451805 0.249699 0.437109 0.289995 0.433513 0.299065 0.414984 0.349884 0.410286 0.331778 0.417313 0.313782 0.418398 0.310852 0.423633 0.297750 0.425945 0.290644 0.444622 0.238972 0.445232 0.238995 0.450232 0.237440 0.451604 0.236773 0.452229 0.235440 0.452792 0.231329 0.452792 0.228884 0.452792 0.226218 0.453042 0.224000 0.453104 0.222222 0.453104 0.220222 0.452729 0.212444 0.455607 0.210352 0.457906 0.209662 0.460786 0.209551 0.461953 0.210241 0.463346 0.207245 0.463880 0.208458
3 0.398516 0.218796 0.397648 0.235324 0.394453 0.277144 0.399875 0.294620 0.401823 0.256773 0.401823 0.256356 0.401914 0.255282 0.405297 0.207486 0.401104 0.201190 0.399594 0.203454 0.399312 0.203944 0.398581 0.204009 0.398672 0.214491 0.401823 0.206944 0.402820 0.208356 0.399633 0.216389 0.399148 0.215815 0.398745 0.215097
8 0.441211 0.124194 0.441523 0.124750 0.441768 0.125495 0.441909 0.126426 0.441872 0.127602 0.441570 0.129426 0.439461 0.129644
2 0.466646 0.202759 0.468521 0.205625 0.469120 0.205356 0.469870 0.205356 0.470547 0.206093 0.470807 0.206894 0.470846 0.207759 0.470620 0.209227 0.472646 0.212227 0.472833 0.211426 0.473172 0.211093 0.474185 0.212093 0.473464 0.216208 0.464396 0.207426 0.465469 0.203148
2 0.475286 0.169491 0.475789 0.170884 0.476180 0.171366 0.476633 0.171741 0.477357 0.172222 0.477596 0.172491 0.478049 0.172972 0.478320 0.173509 0.478591 0.173671 0.479104 0.173722 0.476909 0.162282
2 0.474203 0.188787 0.474089 0.188009 0.474089 0.187315 0.474297 0.186944 0.474740 0.186713 0.475052 0.186481 0.475781 0.186065 0.477948 0.189843 0.480128 0.194523 0.479805 0.195866 0.477651 0.193764 0.474927 0.190824
2 0.462094 0.169574 0.452794 0.159093 0.453169 0.163519 0.453578 0.162477 0.454143 0.162046 0.457266 0.174954 0.460862 0.175792
2 0.469919 0.162593 0.468747 0.162269 0.466701 0.169861 0.466638 0.170509 0.466742 0.170833 0.466768 0.171250 0.466768 0.171574 0.466768 0.172546 0.471758 0.177986 0.472354 0.175829 0.472510 0.174167
5 0.512477 0.482667 0.513995 0.485241 0.515078 0.486782 0.515367 0.486269 0.516706 0.486741 0.517581 0.487181 0.518388 0.487296 0.515005 0.476181 0.513161 0.471412 0.508182 0.464343 0.508182 0.463185 0.508977 0.463056 0.512737 0.468199 0.509990 0.460356 0.507964 0.456505 0.507531 0.455218 0.506802 0.451810 0.504292 0.449139 0.502622 0.448546 0.501112 0.448546 0.499109 0.448097 0.498857 0.447352 0.499443 0.445861 0.501112 0.444977 0.502203 0.444977 0.503542 0.445130 0.504544 0.445565 0.505708 0.447787 0.506339 0.448125 0.505964 0.447120 0.505839 0.446468 0.505839 0.445347 0.505964 0.443690 0.506526 0.442236 0.507336 0.443356 0.507589 0.443907 0.507589 0.445463 0.507711 0.448019 0.519646 0.451569 0.522083 0.452454 0.522771 0.453458 0.523581 0.453676 0.524021 0.454241 0.523333 0.455565 0.522206 0.455463 0.521453 0.454676 0.509836 0.450898 0.509836 0.451347 0.521583 0.460681 0.521518 0.461449 0.520193 0.461639 0.508984 0.452713 0.515927 0.472046 0.519914 0.482681 0.522518 0.488977 0.522878 0.489750 0.523456 0.492449 0.524070 0.494634 0.525380 0.497861 0.525323 0.500083 0.525133 0.500852 0.529883 0.495417 0.530693 0.494194 0.531193 0.492861 0.532320 0.491088 0.532687 0.491523 0.532875 0.493296 0.533815 0.495083 0.534943 0.496306 0.536005 0.497407 0.536440 0.499417 0.536563 0.501306 0.536253 0.502523 0.535630 0.500417 0.535190 0.498861 0.534380 0.498296 0.533130 0.497861 0.531690 0.497190 0.528878 0.499079 0.524383 0.503963 0.523695 0.504852 0.524260 0.507074 0.526385 0.508079 0.527099 0.511185 0.528474 0.514398 0.528979 0.517356 0.529414 0.519796 0.529125 0.522241 0.528474 0.524037 0.528518 0.526134 0.530326 0.531250 0.530266 0.533792 0.532073 0.541352 0.530578 0.540014 0.527078 0.528690 0.526638 0.529796 0.525328 0.531250 0.524518 0.531685 0.522206 0.531634 0.520529 0.527454 0.519857 0.527653 0.519417 0.527921 0.519039 0.528755 0.518339 0.530579 0.517781 0.532574 0.518294 0.533227 0.518852 0.533639 0.518990 0.534065 0.518664 0.535556 0.518245 0.535796 0.517544 0.535722 0.512534 0.548866 0.519344 0.551079 0.519156 0.552194 0.518404 0.552634 0.511781 0.550977 0.509281 0.557634 0.508349 0.556310 0.510596 0.550861 0.507263 0.550537 0.501646 0.557542 0.498885 0.560167 0.498609 0.558917 0.498828 0.557569 0.499904 0.556231 0.502768 0.552194 0.503042 0.550472 0.502500 0.550667 0.501740 0.550472 0.501096 0.550282 0.500664 0.549704 0.500880 0.549037 0.501531 0.548843 0.501958 0.548546 0.503794 0.548843 0.505414 0.549037 0.506281 0.547685 0.507740 0.546056 0.508060 0.545861 0.509143 0.546245 0.509844 0.545963 0.510654 0.546440 0.510112 0.547019 0.509359 0.547597 0.508549 0.548162 0.508276 0.549037 0.509302 0.548931 0.510385 0.548931 0.511089 0.549125 0.516083 0.535093 0.516401 0.533870 0.512086 0.528537 0.510336 0.526764 0.509836 0.526764 0.507898 0.525759 0.512594 0.493153 0.510609 0.492074
5 0.456146 0.493787 0.465026 0.557282 0.466865 0.565542 0.467930 0.565884 0.468414 0.565713 0.469638 0.564880 0.468914 0.563167 0.468914 0.561023 0.468914 0.559097 0.469758 0.557171 0.470602 0.556958 0.471896 0.556079 0.472672 0.555218 0.473638 0.554875 0.474510 0.554875 0.475477 0.554704 0.476057 0.554014 0.476833 0.552810 0.477607 0.549884 0.477896 0.549884 0.480414 0.555565 0.481187 0.557972 0.483414 0.563824 0.484187 0.563134 0.483607 0.562102 0.483122 0.560551 0.482156 0.557630 0.478961 0.549542 0.479253 0.548681 0.480607 0.549884 0.486799 0.564852 0.487380 0.565028 0.487672 0.564681 0.482542 0.551949 0.481284 0.548509 0.481284 0.547477 0.481961 0.546963 0.483898 0.546787 0.485638 0.546102 0.487672 0.545241 0.488638 0.545412 0.489318 0.546273 0.492388 0.550444 0.493510 0.549648 0.490091 0.544380 0.490672 0.543866 0.491253 0.543519 0.492219 0.543005 0.493188 0.542662 0.493768 0.542486 0.494156 0.542144 0.494542 0.543176 0.494833 0.543866 0.495122 0.544380 0.495799 0.545069 0.504888 0.495069 0.510047 0.491819 0.505964 0.478144 0.504802 0.476935 0.504026 0.475903 0.503349 0.473843 0.503060 0.472810 0.502479 0.470745 0.502284 0.470056 0.501995 0.468681 0.501414 0.467301 0.501122 0.466958 0.499961 0.466787 0.498510 0.467819 0.497542 0.469023 0.496284 0.469884 0.494930 0.470745 0.494060 0.471259 0.492414 0.472120 0.489898 0.474528 0.487768 0.477454 0.487091 0.478829 0.485737 0.483301 0.484961 0.487259 0.483799 0.491389 0.481380 0.497241 0.480703 0.500162 0.479833 0.500852 0.479057 0.500852 0.478576 0.499991 0.477896 0.498444 0.477122 0.497065 0.476833 0.495690 0.476638 0.494144 0.476253 0.491560 0.475576 0.487259 0.474995 0.485884 0.473930 0.483130 0.473154 0.482958 0.472672 0.482444 0.471703 0.482958 0.470833 0.484509 0.470445 0.485713 0.470833 0.487778 0.471703 0.489843 0.471219 0.490014 0.470542 0.489495 0.469961 0.487949 0.469091 0.487259 0.467930 0.487606 0.466284 0.488292 0.465026 0.488463 0.463284 0.488981 0.471565 0.505778 0.480477 0.524194 0.473974 0.531472
3 0.435789 0.421833 0.429766 0.418838 0.426034 0.416051 0.420854 0.411130 0.419409 0.408773 0.414469 0.404704 0.412060 0.403417 0.409771 0.399991 0.408326 0.395921 0.407122 0.391213 0.405195 0.379005 0.404833 0.378148 0.404232 0.377935 0.403870 0.378148 0.406641 0.392926 0.408568 0.399565 0.411940 0.404917 0.413987 0.405986 0.418565 0.409843 0.424828 0.416481 0.429284 0.420551 0.431695 0.421620 0.436391 0.423764 0.436753 0.425259 0.438922 0.433185 0.435669 0.431685 0.434224 0.430829 0.432779 0.429759 0.419286 0.422903 0.419286 0.424190 0.434104 0.432329 0.434826 0.433185 0.438078 0.437894 0.439766 0.440894 0.439284 0.442819 0.438078 0.444532 0.437354 0.445176 0.436633 0.445602 0.435427 0.446032 0.426875 0.446458 0.423622 0.446889 0.422659 0.446458 0.417482 0.445389 0.386404 0.432329 0.386523 0.433185 0.413867 0.445389 0.416878 0.446458 0.420732 0.447532 0.420492 0.447958 0.416638 0.448171 0.416878 0.449458 0.423745 0.449245 0.426393 0.448602 0.428320 0.448602 0.430490 0.448389 0.430852 0.449458 0.430852 0.450528 0.430852 0.452671 0.431091 0.454597 0.431573 0.456523 0.432536 0.458667 0.431453 0.462306 0.430971 0.465306 0.431091 0.469375 0.431453 0.472801 0.432297 0.476440 0.433260 0.481792 0.433862 0.486718 0.434344 0.489287 0.435549 0.496995 0.435789 0.499782 0.436995 0.504491 0.437836 0.506634 0.437836 0.507917 0.437234 0.509417 0.431573 0.525477 0.429164 0.530833 0.428320 0.533616 0.427719 0.534472 0.426755 0.534472 0.426755 0.535755 0.427961 0.536185 0.430971 0.536829 0.431573 0.537042 0.432177 0.537042 0.432297 0.536611 0.430490 0.535116 0.430128 0.531472 0.430370 0.529546 0.435187 0.516486 0.438440 0.508347 0.438560 0.506634 0.437115 0.502565 0.436151 0.496356 0.433380 0.477509 0.432055 0.472370 0.431815 0.468944 0.431815 0.466375 0.431815 0.465093 0.432055 0.463593 0.433018 0.460167 0.435909 0.463806 0.438198 0.465949 0.440849 0.466162 0.443016 0.465519 0.445065 0.463380 0.447956 0.459949 0.449401 0.456741 0.452049 0.463380 0.459878 0.481977 0.463284 0.488981 0.465026 0.488463 0.466284 0.488292 0.467930 0.487606 0.469091 0.487259 0.469961 0.487949 0.470542 0.489495 0.471219 0.490014 0.471703 0.489843 0.470833 0.487778 0.470445 0.485713 0.470833 0.484509 0.471703 0.482958 0.472672 0.482444 0.473154 0.482958 0.473930 0.483130 0.474995 0.485884 0.475576 0.487259 0.476253 0.491560 0.476638 0.494144 0.476833 0.495690 0.477122 0.497065 0.477896 0.498444 0.478576 0.499991 0.479057 0.500852 0.479833 0.500852 0.480703 0.500162 0.481380 0.497241 0.483799 0.491389 0.484961 0.487259 0.485737 0.483301 0.487091 0.478829 0.487768 0.477454 0.489898 0.474528 0.492414 0.472120 0.494060 0.471259 0.494930 0.470745 0.496284 0.469884 0.497542 0.469023 0.498510 0.467819 0.499961 0.466787 0.501122 0.466958 0.501414 0.467301 0.501995 0.468681 0.502284 0.470056 0.502479 0.470745 0.503060 0.472810 0.503349 0.473843 0.504026 0.475903 0.504802 0.476935 0.505964 0.478144 0.510047 0.491819 0.510609 0.492074 0.512477 0.482667 0.513995 0.485241 0.515078 0.486782 0.515367 0.486269 0.516706 0.486741 0.517581 0.487181 0.518388 0.487296 0.515005 0.476181 0.513161 0.471412 0.508182 0.464343 0.508182 0.463185 0.508977 0.463056 0.512737 0.468199 0.509990 0.460356 0.507964 0.456505 0.507531 0.455218 0.506802 0.451810 0.504292 0.449139 0.502622 0.448546 0.501112 0.448546 0.499109 0.448097 0.498857 0.447352 0.499443 0.445861 0.501112 0.444977 0.502203 0.444977 0.503542 0.445130 0.504544 0.445565 0.505708 0.447787 0.506339 0.448125 0.505964 0.447120 0.505839 0.446468 0.505839 0.445347 0.505964 0.443690 0.506526 0.442236 0.507336 0.443356 0.507589 0.443907 0.507589 0.445463 0.507711 0.448019 0.519646 0.451569 0.522083 0.452454 0.522771 0.453458 0.523581 0.453676 0.524021 0.454241 0.523333 0.455565 0.522206 0.455463 0.521453 0.454676 0.509836 0.450898 0.509836 0.451347 0.521583 0.460681 0.521518 0.461449 0.524125 0.461042 0.543112 0.481264 0.553818 0.489148 0.554604 0.482130 0.556060 0.474903 0.557799 0.468699 0.558768 0.466023 0.558518 0.464699 0.558518 0.463361 0.558268 0.461801 0.558141 0.461250 0.557206 0.459912 0.556578 0.459361 0.556076 0.459361 0.555138 0.459361 0.554143 0.458917 0.553266 0.458810 0.552146 0.458810 0.551266 0.458810 0.550891 0.458810 0.550891 0.458023 0.550581 0.458023 0.550271 0.458023 0.549896 0.459583 0.549393 0.460583 0.546708 0.455912 0.545010 0.446023 0.545102 0.444611 0.545102 0.443690 0.544727 0.443199 0.544122 0.443032 0.541740 0.430171 0.540969 0.429505 0.540552 0.429921 0.541531 0.434722 0.542885 0.441278 0.542836 0.441949 0.540685 0.440046 0.539055 0.439213 0.537516 0.434810 0.537372 0.433074 0.537232 0.431750 0.536771 0.430917 0.536628 0.430500 0.535885 0.427347 0.541182 0.421722 0.548242 0.413282 0.551305 0.410060 0.553742 0.407282 0.555052 0.403727 0.556615 0.397954 0.557365 0.391509 0.567362 0.395954 0.557919 0.382019 0.525221 0.356333 0.521427 0.380542 0.523646 0.381116 0.524573 0.380898 0.525701 0.380685 0.526669 0.378319 0.528161 0.373370 0.528687 0.371722 0.529253 0.370787 0.535422 0.376236 0.529188 0.379972 0.524786 0.381903 0.518401 0.385167 0.518318 0.385819 0.523987 0.383611 0.524581 0.384190 0.525174 0.384958 0.526687 0.382269 0.527930 0.381981 0.530682 0.380444 0.536406 0.376991 0.549789 0.388000 0.552164 0.389921 0.556484 0.391454 0.555836 0.398773 0.553362 0.406866 0.547159 0.413644 0.541607 0.419912 0.540625 0.417921 0.539599 0.415514 0.535023 0.408218 0.534510 0.407968 0.534604 0.408792 0.534885 0.409704 0.533393 0.410120 0.533393 0.411116 0.535023 0.411278 0.540299 0.418912 0.540534 0.420574 0.538945 0.422843 0.536294 0.425338 0.535273 0.425727 0.533107 0.419958 0.531435 0.415449 0.530198 0.411810 0.529979 0.411319 0.530964 0.411278 0.525315 0.405806 0.525924 0.404731 0.527372 0.404398 0.528724 0.404972 0.531948 0.406134 0.532130 0.405806 0.529102 0.403898 0.523404 0.403569 0.520802 0.400125 0.518966 0.401852 0.514867 0.424463 0.508284 0.423944 0.511737 0.400806 0.468109 0.431718 0.467682 0.426917 0.466510 0.427417 0.465786 0.427130 0.465141 0.426630 0.465018 0.426412 0.464615 0.426630 0.464049 0.426773 0.463648 0.426486 0.463122 0.425912 0.462315 0.425194 0.461549 0.425481 0.461188 0.425481 0.460419 0.425194 0.460096 0.423833 0.460177 0.422611 0.460581 0.420894 0.460945 0.419097 0.461307 0.417306 0.461711 0.416875 0.462357 0.416875 0.462557 0.416875 0.462961 0.416806 0.463487 0.416301 0.463768 0.415370 0.463768 0.414079 0.463648 0.413218 0.463445 0.412431 0.462799 0.411213 0.462195 0.410565 0.459982 0.409491 0.459497 0.408986 0.458529 0.407843 0.457602 0.407125 0.456672 0.406264 0.456029 0.405185 0.456109 0.407412 0.455180 0.407125 0.455060 0.403824 0.454695 0.402676 0.454333 0.401815 0.453810 0.400241 0.453284 0.398662 0.452880 0.398088 0.452560 0.398088 0.451872 0.398088 0.450945 0.398088 0.450299 0.398088 0.450138 0.398231 0.450018 0.398662 0.449573 0.399306 0.448242 0.399236 0.447234 0.399236 0.446266 0.399380 0.445297 0.399810 0.445016 0.399810 0.444370 0.399093 0.444128 0.398014 0.444331 0.397157 0.445378 0.396653 0.446104 0.395935 0.446549 0.394787 0.446911 0.394644 0.447638 0.394644 0.448203 0.394574 0.449008 0.394000 0.448807 0.393069 0.448526 0.391991 0.448081 0.390847 0.448081 0.389912 0.448203 0.388764 0.448404 0.387403 0.448786 0.387426 0.452982 0.390866 0.458427 0.396389 0.460122 0.399042 0.460526 0.401264 0.462422 0.401759 0.463917 0.403991 0.465141 0.404986 0.465695 0.404986 0.466742 0.405106 0.467995 0.405417 0.469531 0.405852 0.470367 0.406097 0.471622 0.406472 0.472357 0.406602 0.472982 0.406602 0.473542 0.406537 0.474341 0.406347 0.474586 0.406843 0.474693 0.408083 0.475005 0.408579 0.475526 0.408579 0.475701 0.408579 0.475878 0.409074 0.475701 0.410194 0.475318 0.411181 0.474797 0.412486 0.474414 0.413787 0.474203 0.414963 0.479076 0.411556 0.513828 0.386931 0.515945 0.372472 0.514693 0.373620 0.511346 0.365301 0.506062 0.351819 0.505779 0.349384 0.515286 0.341565 0.516581 0.342505 0.515372 0.345662 0.514888 0.349819 0.515130 0.352042 0.515169 0.353120 0.515534 0.354551 0.515695 0.355199 0.516823 0.355630 0.516945 0.355630 0.517349 0.355343 0.517792 0.354551 0.518154 0.352833 0.518872 0.353407 0.525995 0.316759 0.526190 0.315579 0.517583 0.308426 0.521458 0.316421 0.520771 0.319532 0.520458 0.323532 0.519958 0.324093 0.519849 0.324477 0.519849 0.326394 0.519849 0.327065 0.513862 0.316597 0.513026 0.315167 0.512531 0.316556 0.512773 0.318264 0.512951 0.319657 0.513133 0.320944 0.513344 0.322231 0.513586 0.323356 0.513945 0.324907 0.515042 0.328468 0.515148 0.330583 0.515201 0.332310 0.515201 0.334134 0.515148 0.335088 0.514646 0.336644 0.514737 0.338792 0.512794 0.337815 0.503398 0.332056 0.502370 0.331481 0.501995 0.331963 0.501076 0.331866 0.500156 0.331481 0.499562 0.330903 0.499078 0.329940 0.498591 0.329940 0.497135 0.329273 0.496807 0.328315 0.496216 0.327259 0.495242 0.324759 0.488656 0.339181 0.488586 0.340917 0.486807 0.341042 0.485693 0.339741 0.485029 0.339245 0.484508 0.339060 0.484159 0.338870 0.483984 0.338440 0.483565 0.338005 0.483008 0.337755 0.482625 0.337199 0.482729 0.336394 0.482833 0.335093 0.483635 0.334718 0.485901 0.329264 0.486669 0.327532 0.487227 0.326727 0.488724 0.323995 0.492841 0.315782 0.491719 0.313708 0.491159 0.312796 0.490786 0.311634 0.490927 0.310889 0.491487 0.310806 0.491953 0.310806 0.492701 0.310806 0.493495 0.310806 0.495078 0.310972 0.497964 0.303856 0.501065 0.307079 0.502112 0.309125 0.504331 0.313569 0.506268 0.317731 0.507474 0.320417 0.507667 0.318759 0.507294 0.317435 0.506922 0.316523 0.506641 0.315690 0.506128 0.314611 0.505893 0.313370 0.505846 0.312125 0.505893 0.310380 0.505893 0.308806 0.505893 0.307144 0.505799 0.306565 0.505474 0.306065 0.504961 0.305736 0.504307 0.305569 0.503690 0.305579 0.503318 0.305907 0.502570 0.306157 0.498883 0.302671 0.501917 0.295287 0.500130 0.293796 0.499885 0.294056 0.498922 0.294130 0.498755 0.294204 0.498154 0.294560 0.497953 0.295065 0.497711 0.295926 0.497424 0.296356 0.496982 0.296060 0.496898 0.295569 0.496740 0.294769 0.496456 0.294204 0.496255 0.293699 0.495526 0.292477 0.481292 0.316148 0.468995 0.336074 0.465565 0.339347 0.464396 0.335926 0.467740 0.332806 0.472258 0.325074 0.485641 0.303065 0.491245 0.293995 0.494760 0.288875 0.482013 0.277657 0.463521 0.260329 0.451805 0.249699 0.447151 0.262551 0.448276 0.263106 0.451336 0.291208 0.455573 0.291250 0.474062 0.291435 0.474010 0.298903 0.454852 0.298773 0.452193 0.298662 0.456542 0.335542 0.447841 0.340894 0.447083 0.336944 0.441112 0.340917 0.436172 0.298935 0.433513 0.299065 0.433406 0.299171 0.427505 0.315505 0.434010 0.350333 0.423745 0.352519 0.420833 0.333843 0.414984 0.349884 0.424008 0.379829 0.425841 0.378199 0.446578 0.362935 0.451815 0.358231 0.453867 0.357176 0.454786 0.357176 0.454664 0.356352 0.454456 0.355731 0.454003 0.354926 0.453966 0.354181 0.454526 0.353810 0.455641 0.353810 0.456513 0.353500 0.457070 0.353315 0.458010 0.352880 0.459091 0.352444 0.459648 0.352444 0.459964 0.352694 0.460242 0.353745 0.460521 0.355046 0.460729 0.355731 0.460870 0.357032 0.460904 0.358519 0.460836 0.359819 0.460940 0.360505 0.461289 0.360935 0.461672 0.361310 0.461917 0.361866 0.462091 0.362301 0.462438 0.362796 0.462508 0.363662 0.462544 0.365153 0.461742 0.366884 0.460625 0.369921 0.459510 0.372648 0.458779 0.373764 0.459372 0.374509 0.459734 0.375870 0.460018 0.377449 0.462055 0.376940 0.465156 0.376755 0.466693 0.376569 0.467273 0.376634 0.468008 0.377069 0.468602 0.377685 0.468844 0.379486 0.469016 0.381102 0.469263 0.382958 0.469542 0.384384 0.469542 0.385120 0.469263 0.385440 0.468529 0.385495 0.467273 0.385440 0.467576 0.389296 0.467698 0.390370 0.467737 0.390657 0.468424 0.390875 0.469148 0.390875 0.469552 0.390731 0.470279 0.390588 0.471490 0.390731 0.472174 0.390875 0.472135 0.395463 0.471771 0.399333 0.471529 0.401130 0.471005 0.402847 0.470240 0.403278 0.469432 0.403421 0.468383 0.403278 0.468344 0.402491 0.468302 0.401130 0.467456 0.399907 0.467333 0.400843 0.467414 0.401417 0.466971 0.401917 0.466448 0.401917 0.465318 0.401486 0.462896 0.399477 0.460760 0.396968 0.458622 0.394315 0.457411 0.392736 0.456484 0.391662 0.455958 0.391231 0.454794 0.390644 0.449247 0.385264 0.452273 0.381681 0.457638 0.377880 0.457677 0.376588 0.457354 0.375583 0.456831 0.374796 0.455458 0.373866 0.454250 0.373218 0.453685 0.372718 0.453443 0.372287 0.452997 0.371569 0.452555 0.370782 0.452070 0.370065 0.451909 0.369417 0.451870 0.367912 0.425625 0.386532
8 0.437943 0.130231 0.442477 0.116671 0.457974 0.064398 0.459354 0.060463 0.459841 0.061037 0.460057 0.062000 0.447266 0.104815 0.439461 0.129644
8 0.390552 0.196153 0.390878 0.195907 0.391437 0.196074 0.391424 0.219273 0.390456 0.217921 0.390690 0.210593
15 0.413396 0.242255 0.401914 0.255282 0.401823 0.256356 0.401823 0.256773 0.402656 0.257593 0.416430 0.243000
8 0.362193 0.139227 0.364802 0.106046 0.365865 0.105935 0.366052 0.109602 0.363435 0.140667
8 0.512010 0.292866 0.513047 0.274444 0.511667 0.274306 0.511448 0.282866 0.511135 0.292310
8 0.484620 0.260366 0.486284 0.261144 0.488661 0.274296 0.488445 0.275259 0.488065 0.275546 0.487482 0.274671
8 0.510391 0.302361 0.510034 0.309796 0.510430 0.310796 0.511326 0.311088 0.511589 0.303426
8 0.404672 0.179750 0.404602 0.183282 0.404568 0.185204 0.404602 0.189727 0.405544 0.188181 0.405648 0.183718 0.405648 0.181731 0.405682 0.178574
15 0.383031 0.168657 0.384573 0.171065 0.390594 0.168657 0.397633 0.166569 0.399266 0.166319 0.399745 0.166144 0.399414 0.165093 0.390266 0.165671
8 0.409062 0.176852 0.408719 0.179292 0.405648 0.183718 0.405648 0.181731
8 0.404602 0.183282 0.404568 0.185204 0.402917 0.187407 0.402398 0.187639 0.402036 0.187532 0.401977 0.186889 0.402188 0.186250
8 0.410414 0.175009 0.416135 0.165819 0.417734 0.165833 0.409971 0.178204
8 0.460862 0.175792 0.457266 0.174954 0.458047 0.178565 0.460255 0.178616
8 0.467633 0.175810 0.466336 0.175856 0.465010 0.175750 0.464711 0.175801 0.464237 0.177819 0.465193 0.177944 0.466427 0.178157 0.469620 0.178162
8 0.425841 0.378199 0.446578 0.362935 0.451815 0.358231 0.453867 0.357176 0.454786 0.357176 0.455326 0.357463 0.455651 0.358134 0.455758 0.359958 0.453221 0.360630 0.450143 0.363319 0.447766 0.366389 0.424979 0.382903 0.424005 0.379829
5 0.454786 0.357176 0.454664 0.356352 0.454456 0.355731 0.454003 0.354926 0.453966 0.354181 0.454526 0.353810 0.455641 0.353810 0.456513 0.353500 0.457070 0.353315 0.458010 0.352880 0.459091 0.352444 0.459648 0.352444 0.459964 0.352694 0.460242 0.353745 0.460521 0.355046 0.460729 0.355731 0.460870 0.357032 0.460904 0.358519 0.460836 0.359819 0.460940 0.360505 0.461289 0.360935 0.461672 0.361310 0.461917 0.361866 0.462091 0.362301 0.462438 0.362796 0.462508 0.363662 0.462544 0.365153 0.461742 0.366884 0.460625 0.369921 0.459510 0.372648 0.458779 0.373764 0.458115 0.373764 0.458010 0.372898 0.457802 0.371532 0.457487 0.370296 0.456930 0.369426 0.455674 0.368620 0.454909 0.368375 0.454211 0.367755 0.453898 0.366514 0.425625 0.386532 0.424979 0.382903 0.447766 0.366389 0.450143 0.363319 0.453221 0.360630 0.455758 0.359958 0.455651 0.358134 0.455326 0.357463
5 0.571016 0.412769 0.572427 0.413056 0.573195 0.413056 0.576219 0.419366 0.576826 0.420727 0.579044 0.420083 0.583198 0.432847 0.583279 0.434782 0.583279 0.436287 0.580164 0.439264 0.577086 0.441667 0.574388 0.443486 0.569581 0.448292 0.568930 0.448000 0.568016 0.446083 0.567096 0.443838 0.567096 0.442060 0.567096 0.441065 0.567346 0.439065 0.567781 0.437282 0.567781 0.428176 0.568096 0.420181
5 0.571016 0.412769 0.572359 0.408949 0.571609 0.407171 0.571109 0.406171 0.570172 0.404838 0.569112 0.403394 0.568674 0.402949 0.568549 0.401838 0.568549 0.400731 0.568549 0.398954 0.568424 0.397620 0.567362 0.395954 0.557365 0.391509 0.556615 0.397954 0.555052 0.403727 0.553742 0.407282 0.551305 0.410060 0.548242 0.413282 0.541182 0.421722 0.546180 0.427389 0.553680 0.434940 0.555365 0.435718 0.556990 0.438051 0.558427 0.439495 0.559552 0.440495 0.560990 0.441495 0.563362 0.443829 0.565737 0.446491 0.566487 0.446491 0.566862 0.445824 0.567096 0.443838 0.567096 0.442060 0.567096 0.441065 0.567346 0.439065 0.567781 0.437282 0.567781 0.428176 0.568096 0.420181
5 0.556484 0.391454 0.552164 0.389921 0.549789 0.388000 0.536406 0.376991 0.530682 0.380444 0.527930 0.381981 0.526687 0.382269 0.525174 0.384958 0.524581 0.384190 0.523987 0.383611 0.518318 0.385819 0.518102 0.388894 0.517508 0.389083 0.516698 0.389949 0.516211 0.391102 0.515995 0.392255 0.516104 0.394079 0.516643 0.395708 0.516750 0.397435 0.517292 0.398685 0.517560 0.399167 0.517992 0.400315 0.518263 0.401278 0.518966 0.401852 0.520802 0.400125 0.523404 0.403569 0.529102 0.403898 0.532130 0.405806 0.531948 0.406134 0.528724 0.404972 0.527372 0.404398 0.525924 0.404731 0.525315 0.405806 0.530964 0.411278 0.538247 0.419833 0.540534 0.420574 0.540299 0.418912 0.535023 0.411278 0.533393 0.411116 0.533393 0.410120 0.534885 0.409704 0.534604 0.408792 0.534510 0.407968 0.535023 0.408218 0.539599 0.415514 0.540625 0.417921 0.541607 0.419912 0.547159 0.413644 0.553362 0.406866 0.555836 0.398773
5 0.535422 0.376236 0.529253 0.370787 0.528687 0.371722 0.528161 0.373370 0.526669 0.378319 0.525701 0.380685 0.524573 0.380898 0.523646 0.381116 0.521427 0.380542 0.520094 0.380181 0.519047 0.379968 0.518643 0.380542 0.518401 0.385167 0.524786 0.381903 0.529188 0.379972
5 0.502112 0.309125 0.504331 0.313569 0.506268 0.317731 0.507474 0.320417 0.508604 0.322644 0.508763 0.323861 0.509167 0.325870 0.510471 0.328602 0.513604 0.335227 0.513117 0.337046 0.512794 0.337815 0.503398 0.332056 0.502370 0.331481 0.501995 0.331963 0.501076 0.331866 0.500156 0.331481 0.499562 0.330903 0.499078 0.329940 0.498591 0.329940 0.497135 0.329273 0.496807 0.328315 0.496216 0.327259 0.495242 0.324759
5 0.495078 0.310972 0.493495 0.310806 0.492701 0.310806 0.491953 0.310806 0.491487 0.310806 0.490927 0.310889 0.490786 0.311634 0.491159 0.312796 0.491719 0.313708 0.492841 0.315782
5 0.502112 0.309125 0.501065 0.307079 0.497964 0.303856 0.495078 0.310972 0.492841 0.315782 0.488724 0.323995 0.487227 0.326727 0.486669 0.327532 0.485901 0.329264 0.483635 0.334718 0.482833 0.335093 0.482729 0.336394 0.482625 0.337199 0.483008 0.337755 0.483565 0.338005 0.483984 0.338440 0.484159 0.338870 0.484508 0.339060 0.485029 0.339245 0.485693 0.339741 0.486807 0.341042 0.488586 0.340917 0.488656 0.339181 0.495242 0.324759
5 0.510935 0.273657 0.508232 0.280468 0.505247 0.287639 0.508797 0.289648 0.511448 0.282866 0.511667 0.274306
5 0.508232 0.280468 0.505268 0.272486 0.503263 0.277134 0.506062 0.285681
5 0.503263 0.277134 0.502945 0.278704 0.501198 0.283204 0.501138 0.284972 0.504513 0.287329 0.505247 0.287639 0.506062 0.285681
5 0.502307 0.274880 0.501495 0.273486 0.500620 0.274023 0.499956 0.274023 0.499836 0.273968 0.499776 0.273380 0.499807 0.272736 0.499656 0.272306 0.499263 0.272148 0.498932 0.272148 0.498331 0.272681 0.498089 0.273486 0.498060 0.274667 0.498451 0.276699 0.498630 0.277931 0.498932 0.279111 0.499083 0.279699 0.499323 0.279861 0.499776 0.281255
5 0.425945 0.290644 0.419385 0.290755 0.419628 0.293644 0.420135 0.295199 0.420815 0.297194 0.421320 0.298528 0.423633 0.297750
5 0.482299 0.259694 0.484620 0.260366 0.487482 0.274671 0.484620 0.272366
5 0.487617 0.262065 0.492315 0.263796 0.494583 0.270995 0.495286 0.270514 0.493935 0.265236 0.494367 0.264949 0.495880 0.265236 0.496852 0.280787 0.496258 0.281269 0.488445 0.275259 0.488661 0.274296 0.488211 0.271861
5 0.436771 0.290880 0.455573 0.291250 0.474062 0.291435 0.474010 0.298903 0.454852 0.298773 0.433513 0.299065
1 0.590878 0.391468 0.590568 0.386245 0.591128 0.383801 0.592628 0.367917 0.592440 0.360477 0.593628 0.347370 0.594628 0.346704 0.595190 0.346481 0.596128 0.346815 0.596190 0.348481 0.594378 0.348593 0.592565 0.376250 0.591190 0.387468 0.591378 0.390912
5 0.539633 0.579894 0.542182 0.584995 0.544859 0.588565 0.545612 0.589458 0.546365 0.589903 0.548039 0.590796 0.550297 0.593028 0.553307 0.595704 0.555565 0.589162 0.555922 0.588653 0.554802 0.588653 0.547133 0.569579 0.546034 0.565102 0.545117 0.562412 0.543440 0.557074 0.542768 0.557241 0.534073 0.543375 0.522206 0.531634 0.520529 0.527454 0.519857 0.527653 0.520266 0.529111 0.519839 0.546824 0.524016 0.552167 0.527161 0.558870 0.527745 0.560657 0.529253 0.562736 0.531344 0.565713 0.532346 0.567051 0.533099 0.569278 0.534354 0.572255 0.535190 0.573741 0.537784 0.577162
5 0.501917 0.295287 0.498883 0.302671 0.502570 0.306157 0.503318 0.305907 0.503690 0.305579 0.506070 0.298773
5 0.507831 0.300259 0.508810 0.303991 0.508951 0.305236 0.509091 0.305981 0.509326 0.306981 0.509604 0.308306 0.509745 0.308972 0.510430 0.310796 0.511154 0.312032 0.511695 0.312565 0.512177 0.312778 0.512419 0.313528 0.512656 0.314065 0.512810 0.314713 0.512898 0.315352 0.512531 0.316556 0.512773 0.318264 0.512951 0.319657 0.513133 0.320944 0.513344 0.322231 0.513586 0.323356 0.513945 0.324907 0.515042 0.328468 0.515148 0.330583 0.515201 0.332310 0.515201 0.334134 0.515148 0.335088 0.514646 0.336644 0.514737 0.338792 0.512794 0.337815 0.513117 0.337046 0.513604 0.335227 0.510471 0.328602 0.509167 0.325870 0.508763 0.323861 0.508604 0.322644 0.507474 0.320417 0.507667 0.318759 0.507294 0.317435 0.506922 0.316523 0.506641 0.315690 0.506128 0.314611 0.505893 0.313370 0.505846 0.312125 0.505893 0.310380 0.505893 0.308806 0.505893 0.307144 0.505799 0.306565 0.505474 0.306065 0.504961 0.305736 0.504307 0.305569 0.503690 0.305579 0.506070 0.298773
5 0.608594 0.556199 0.608693 0.553509 0.608971 0.552185 0.609859 0.551190 0.610372 0.550523 0.610698 0.550273 0.611258 0.550773 0.610885 0.551602 0.610651 0.552269 0.610560 0.553426 0.610607 0.554505 0.610698 0.555667 0.611120 0.557162 0.611352 0.558074 0.612193 0.559069 0.611958 0.563884 0.612286 0.566454 0.612659 0.567949 0.612370 0.573579 0.611112 0.564458
5 0.499776 0.281255 0.495844 0.287301 0.491245 0.293995 0.485641 0.303065 0.472258 0.325074 0.467740 0.332806 0.464396 0.335926 0.465565 0.339347 0.468995 0.336074 0.481292 0.316148 0.496596 0.290870 0.501198 0.283204 0.502945 0.278704 0.503263 0.277134 0.505268 0.272486 0.508854 0.262755 0.509336 0.261755 0.520003 0.231958 0.519724 0.231125 0.518164 0.229778 0.516406 0.234329 0.513909 0.241282 0.507188 0.260019 0.506828 0.261116 0.503643 0.270481 0.502307 0.274880
5 0.489346 0.158528 0.491268 0.158977 0.492357 0.161653 0.502896 0.188120 0.511724 0.213097 0.512169 0.216394 0.511643 0.217685 0.509922 0.215481 0.507831 0.209759 0.502971 0.199130 0.501349 0.195097 0.500419 0.193102 0.495919 0.180329 0.488932 0.162639
5 0.387023 0.248690 0.397648 0.235324 0.396997 0.233139 0.396492 0.231597 0.396565 0.230569 0.396708 0.229157 0.396542 0.228065 0.396542 0.227588 0.397143 0.227111 0.397628 0.226148 0.397380 0.225069 0.396940 0.224861 0.396737 0.225287 0.396578 0.225787 0.396016 0.225787 0.395568 0.225787 0.394766 0.225722 0.391424 0.219273 0.390456 0.217921 0.385917 0.209671 0.385107 0.209866 0.384029 0.208903 0.383003 0.205829 0.382568 0.204287 0.382245 0.203426 0.381651 0.202759 0.381276 0.202269 0.380951 0.201602 0.380682 0.200639 0.380406 0.199495 0.380198 0.198917 0.378570 0.198144 0.377870 0.199778 0.377385 0.200546 0.376633 0.201407 0.375659 0.202949 0.379273 0.223333
5 0.391427 0.210403 0.391427 0.210403 0.392453 0.209491 0.395104 0.207616 0.395857 0.207454 0.396068 0.207296 0.396279 0.206759 0.396760 0.206491 0.397062 0.206435 0.397604 0.205847 0.397885 0.204569 0.398581 0.204009 0.399312 0.203944 0.399594 0.203454 0.397154 0.199551 0.396664 0.199736 0.396281 0.200417 0.395724 0.200417 0.395482 0.199736 0.395094 0.198495 0.394852 0.197870 0.394680 0.197255 0.394505 0.197134 0.394154 0.197134 0.394016 0.197190 0.393979 0.197565 0.394086 0.198245 0.394362 0.198991 0.395094 0.201222 0.394888 0.201532 0.393773 0.199736 0.391854 0.196824 0.391437 0.196074
8 0.401823 0.206944 0.398706 0.214380 0.398745 0.215097 0.399148 0.215815 0.399633 0.216389 0.402820 0.208356
5 0.380198 0.198917 0.380198 0.196819 0.380198 0.195454 0.380302 0.194588 0.380930 0.193347 0.380721 0.183495 0.380057 0.182380 0.380057 0.181634 0.380302 0.181574 0.380755 0.182069 0.380792 0.180519 0.380685 0.180208 0.380477 0.179773 0.380164 0.179343 0.380164 0.178968 0.380406 0.178782 0.380721 0.178782 0.381208 0.179093 0.381628 0.179032 0.382081 0.178782 0.382742 0.178537 0.388844 0.187213 0.389122 0.188764 0.389297 0.190185 0.389367 0.190931 0.389367 0.191986 0.389471 0.192977 0.389576 0.193472 0.389716 0.194218 0.389820 0.194898 0.389958 0.195579 0.390224 0.196153 0.386958 0.199060 0.385276 0.200468 0.383878 0.202380 0.383036 0.203292 0.382245 0.203426 0.381651 0.202759 0.381276 0.202269 0.380951 0.201602 0.380682 0.200639 0.380406 0.199495
5 0.425036 0.229273 0.424698 0.218454 0.424388 0.209125 0.424388 0.207338 0.424320 0.200352 0.424010 0.198014 0.424010 0.196463 0.424078 0.194796 0.424263 0.193676 0.424388 0.192130 0.424388 0.190356 0.424388 0.188014 0.424388 0.184903 0.424552 0.181185 0.425065 0.179208 0.425299 0.177213 0.425578 0.175218 0.425859 0.171569 0.430109 0.165514 0.432807 0.164426 0.435935 0.163931 0.436477 0.164616 0.437076 0.164792 0.437424 0.164736 0.437492 0.164120 0.437492 0.163310 0.437453 0.162380 0.437453 0.161880 0.436068 0.161435 0.436758 0.160644 0.438211 0.160685 0.440026 0.160685 0.442320 0.159593 0.445940 0.158718 0.450094 0.156894 0.452687 0.157565 0.453169 0.163519 0.453810 0.174819 0.453867 0.176556 0.454138 0.181926 0.454021 0.183662 0.454138 0.189407 0.453867 0.191903 0.453161 0.192866 0.452841 0.194019 0.452919 0.209903 0.426896 0.230718
5 0.452729 0.212444 0.453104 0.220222 0.453104 0.222222 0.453042 0.224000 0.452792 0.226218 0.452792 0.228884 0.452792 0.231329 0.452229 0.235440 0.451604 0.236773 0.450232 0.237440 0.445232 0.238995 0.436109 0.237218 0.432237 0.235440 0.431049 0.233995 0.428844 0.232750 0.427495 0.231597
5 0.449247 0.385264 0.452273 0.381681 0.457638 0.377880 0.457677 0.376588 0.457354 0.375583 0.456831 0.374796 0.455458 0.373866 0.454250 0.373218 0.453685 0.372718 0.453443 0.372287 0.452997 0.371569 0.452555 0.370782 0.452070 0.370065 0.451909 0.369417 0.451870 0.367912 0.453898 0.366514 0.454211 0.367755 0.454612 0.370495 0.455419 0.370495 0.456227 0.370852 0.456911 0.371282 0.458010 0.372898 0.458115 0.373764 0.458779 0.373764 0.459372 0.374509 0.459734 0.375870 0.460018 0.377449 0.462055 0.376940 0.465156 0.376755 0.466693 0.376569 0.467273 0.376634 0.468008 0.377069 0.468602 0.377685 0.468844 0.379486 0.469016 0.381102 0.469263 0.382958 0.469542 0.384384 0.469542 0.385120 0.469263 0.385440 0.468529 0.385495 0.467273 0.385440 0.463719 0.385681 0.460021 0.388162 0.459221 0.388162 0.458352 0.388227 0.457617 0.388227 0.456604 0.388352 0.455596 0.389463 0.454794 0.390644
5 0.448786 0.387426 0.452982 0.390866 0.458427 0.396389 0.460122 0.399042 0.460526 0.401264 0.462422 0.401759 0.463917 0.403991 0.465141 0.404986 0.465695 0.404986 0.466742 0.405106 0.467995 0.405417 0.469531 0.405852 0.470367 0.406097 0.471622 0.406472 0.472357 0.406602 0.472982 0.406602 0.473542 0.406537 0.474341 0.406347 0.474586 0.406843 0.474693 0.408083 0.475005 0.408579 0.475526 0.408579 0.475701 0.408579 0.475878 0.409074 0.475701 0.410194 0.475318 0.411181 0.474797 0.412486 0.474414 0.413787 0.474203 0.414963 0.471508 0.415722 0.471393 0.416375 0.471714 0.417380 0.472240 0.418380 0.472482 0.418667 0.472521 0.419458 0.472320 0.420463 0.472359 0.422037 0.472643 0.423833 0.472643 0.425051 0.472078 0.425981 0.470867 0.426917 0.470182 0.426986 0.469214 0.426917 0.468326 0.426699 0.467682 0.426917 0.466510 0.427417 0.465786 0.427130 0.465141 0.426630 0.465018 0.426412 0.464615 0.426630 0.464049 0.426773 0.463648 0.426486 0.463122 0.425912 0.462315 0.425194 0.461549 0.425481 0.461188 0.425481 0.460419 0.425194 0.460096 0.423833 0.460177 0.422611 0.460581 0.420894 0.460945 0.419097 0.461307 0.417306 0.461711 0.416875 0.462357 0.416875 0.462557 0.416875 0.462961 0.416806 0.463487 0.416301 0.463768 0.415370 0.463768 0.414079 0.463648 0.413218 0.463445 0.412431 0.462799 0.411213 0.462195 0.410565 0.459982 0.409491 0.459497 0.408986 0.458529 0.407843 0.457602 0.407125 0.456672 0.406264 0.456029 0.405185 0.456109 0.407412 0.455180 0.407125 0.455060 0.403824 0.454695 0.402676 0.454333 0.401815 0.453810 0.400241 0.453284 0.398662 0.452880 0.398088 0.452560 0.398088 0.451872 0.398088 0.450945 0.398088 0.450299 0.398088 0.450138 0.398231 0.450018 0.398662 0.449573 0.399306 0.448242 0.399236 0.447234 0.399236 0.446266 0.399380 0.445297 0.399810 0.445016 0.399810 0.444370 0.399093 0.444128 0.398014 0.444331 0.397157 0.445378 0.396653 0.446104 0.395935 0.446549 0.394787 0.446911 0.394644 0.447638 0.394644 0.448203 0.394574 0.449008 0.394000 0.448807 0.393069 0.448526 0.391991 0.448081 0.390847 0.448081 0.389912 0.448203 0.388764 0.448404 0.387403
6 0.473464 0.216208 0.475625 0.204208 0.479620 0.208815 0.479081 0.211310 0.478216 0.215537 0.477245 0.220528
5 0.486479 0.205394 0.487565 0.214005 0.488721 0.219014 0.491831 0.233282 0.492841 0.239319 0.493419 0.240352 0.494794 0.245491 0.496383 0.245231 0.493565 0.233407 0.493492 0.230069 0.493125 0.228009 0.492120 0.226083 0.487854 0.207833
5 0.479081 0.211310 0.482234 0.216120 0.481784 0.220176 0.478216 0.215537
5 0.486005 0.239856 0.485563 0.229417 0.492005 0.234065 0.492841 0.239319 0.493419 0.240352 0.494794 0.245491 0.487534 0.243356
5 0.479922 0.223838 0.483536 0.232407 0.484289 0.233745 0.484289 0.234551 0.484440 0.235620 0.485896 0.238565 0.486005 0.239856 0.487534 0.243356 0.485143 0.243565 0.479120 0.225801 0.478516 0.223926 0.478417 0.222681
5 0.484328 0.218704 0.485023 0.218162 0.485805 0.218009 0.486586 0.217931 0.487279 0.217856 0.488495 0.218162 0.488721 0.219014 0.491831 0.233282 0.483635 0.225875
5 0.382245 0.203426 0.384479 0.203657 0.389401 0.203426 0.390625 0.203194 0.390677 0.208796 0.385917 0.209671 0.385107 0.209866 0.384029 0.208903 0.383003 0.205829 0.382568 0.204287
5 0.383036 0.203292 0.383878 0.202380 0.385276 0.200468 0.386958 0.199060 0.390224 0.196153 0.390552 0.196153 0.390625 0.203194 0.389401 0.203426 0.384479 0.203657 0.382245 0.203426
5 0.390677 0.208796 0.385917 0.209671 0.387750 0.213000 0.389346 0.211685 0.390690 0.210593
6 0.517583 0.308426 0.521458 0.316421 0.520771 0.319532 0.520458 0.323532 0.513185 0.307861 0.515279 0.306449
6 0.529831 0.333653 0.539016 0.353644 0.532078 0.348981 0.528268 0.341537
6 0.467669 0.244616 0.473167 0.217398 0.477604 0.222398 0.475867 0.230546 0.475536 0.230389 0.475385 0.230495 0.475234 0.231028 0.475174 0.231727 0.475414 0.232796 0.473151 0.245278
1 0.401299 0.149958 0.401221 0.151995 0.401302 0.154769 0.402031 0.152870 0.401768 0.149495
1 0.421260 0.136019 0.425992 0.129111 0.430208 0.125880 0.431836 0.122574 0.432229 0.122144 0.432469 0.122736 0.432529 0.123431 0.423128 0.135537
8 0.411909 0.158407 0.412919 0.151713 0.413409 0.148801 0.414245 0.142537 0.414583 0.142407 0.414932 0.140611 0.415023 0.138681 0.415315 0.137634 0.415599 0.135486 0.415656 0.133824 0.416260 0.129755 0.416831 0.130231 0.417044 0.130551 0.417227 0.131037 0.417253 0.131144 0.417135 0.131681 0.416984 0.132106 0.416742 0.132593 0.416484 0.134769 0.416286 0.136819 0.415906 0.137931 0.415687 0.139926 0.415414 0.141894 0.414753 0.147787 0.414359 0.151000 0.413385 0.157685
8 0.411591 0.160278 0.411292 0.163009 0.412828 0.162903 0.412977 0.160333
8 0.423818 0.144745 0.422443 0.142435 0.420568 0.140236 0.419242 0.140769 0.421229 0.143403 0.422641 0.145407 0.424193 0.148333 0.425234 0.149907 0.426198 0.150926 0.427448 0.152593 0.428828 0.154306 0.430260 0.153704 0.429453 0.152315 0.428438 0.150880 0.427266 0.149028 0.426771 0.148380 0.425833 0.147222
8 0.424193 0.148333 0.417253 0.156356 0.420055 0.156356 0.425234 0.149907
8 0.395628 0.163009 0.398724 0.162144 0.401193 0.161074 0.404974 0.159787 0.410341 0.158176 0.411909 0.158407 0.413385 0.157685 0.417180 0.156949 0.420055 0.156356 0.421773 0.156093 0.421773 0.156093 0.425177 0.155287 0.428828 0.154306 0.430260 0.153704 0.436198 0.152574 0.436198 0.154620 0.431630 0.155426 0.430201 0.156042 0.422253 0.157903 0.419604 0.158273 0.412977 0.160333 0.411591 0.160278 0.409492 0.160755 0.408099 0.161190 0.400846 0.162986 0.397346 0.163523
1 0.407318 0.163194 0.408099 0.161190 0.409216 0.160843 0.409138 0.161398 0.409008 0.161769 0.408643 0.162046 0.407992 0.163204
8 0.431385 0.157778 0.429771 0.158287 0.427375 0.159074 0.419667 0.161574 0.418698 0.162963 0.422479 0.162870 0.432583 0.159583
8 0.431630 0.155426 0.436068 0.161435 0.433620 0.161065 0.432583 0.159583 0.431385 0.157778 0.430201 0.156042
8 0.433021 0.157315 0.436057 0.157097 0.435456 0.158991 0.434336 0.159083
5 0.436057 0.157097 0.436719 0.155926 0.437500 0.155509 0.438620 0.155509 0.438307 0.158889 0.436068 0.161435 0.434336 0.159083 0.435456 0.158991
5 0.439641 0.137611 0.439180 0.142181 0.438776 0.147060 0.438654 0.152148 0.438620 0.155509 0.438307 0.158889 0.438211 0.160685 0.440026 0.160685 0.440026 0.159681 0.440107 0.158750 0.440268 0.157602 0.440349 0.156884 0.440430 0.155380 0.440914 0.145194 0.440914 0.143329 0.441195 0.133005 0.440312 0.133009 0.440031 0.133806
5 0.463880 0.208458 0.467008 0.218333 0.466589 0.219579 0.465841 0.220157 0.464815 0.220741 0.462573 0.213190
5 0.497815 0.187454 0.500419 0.193102 0.501349 0.195097 0.500271 0.195384 0.502052 0.200954 0.501836 0.201338 0.500109 0.201722 0.498596 0.199995 0.496815 0.199514 0.494492 0.194042 0.492656 0.189051 0.489039 0.180602 0.489523 0.177051 0.491042 0.177454 0.495878 0.188454
5 0.483724 0.201389 0.482784 0.211514 0.481784 0.220176 0.481346 0.225843 0.481846 0.226731 0.483534 0.226954 0.484656 0.215181 0.484906 0.212069 0.485719 0.204292
5 0.487729 0.204116 0.488706 0.203583 0.494594 0.209718 0.495117 0.211185 0.494969 0.214986 0.492568 0.213051
5 0.463346 0.207245 0.462732 0.204884 0.460104 0.207532 0.460786 0.209551 0.461953 0.210241
5 0.474927 0.190824 0.477651 0.193764 0.479805 0.195866 0.480630 0.204981 0.480279 0.204356 0.474003 0.195963 0.475560 0.194769 0.475659 0.193250 0.475307 0.192093
8 0.504479 0.232593 0.500547 0.226435 0.495635 0.218065 0.492568 0.213051 0.487729 0.204116 0.486193 0.201384 0.484083 0.197366 0.478948 0.187681 0.475128 0.181435 0.472872 0.178741 0.472005 0.180819 0.474742 0.184208 0.477948 0.189843 0.480128 0.194523 0.483724 0.201389 0.485719 0.204292 0.486479 0.205394 0.487854 0.207833 0.496052 0.222454 0.500729 0.229954 0.503594 0.234306
8 0.492531 0.205227 0.486755 0.196958 0.486268 0.196889 0.486005 0.197023 0.485930 0.198759 0.490695 0.205690 0.492448 0.207477
5 0.487586 0.188977 0.492872 0.200315 0.494583 0.202824 0.495312 0.201852 0.495807 0.200602 0.488594 0.183380
5 0.486313 0.173037 0.487000 0.164597 0.487312 0.155375 0.487250 0.153597 0.487875 0.149157 0.490000 0.150269 0.489346 0.158528 0.488932 0.162639 0.488750 0.166481 0.488255 0.171019 0.488125 0.172815
5 0.485732 0.175676 0.488995 0.174787 0.489523 0.177051 0.489039 0.180602 0.487586 0.188977 0.486307 0.186583 0.485982 0.186981 0.485919 0.188139 0.486924 0.190616 0.486268 0.196889 0.486005 0.197023 0.485917 0.198741 0.486068 0.200023 0.486307 0.200616 0.486193 0.201384 0.484083 0.197366 0.484404 0.193556
8 0.465622 0.171120 0.452430 0.156046 0.450810 0.154394 0.440914 0.143329 0.440914 0.145194 0.451391 0.157213 0.452687 0.157565 0.452794 0.159093 0.464943 0.172838
8 0.484404 0.193556 0.482935 0.191519 0.479378 0.184884 0.477208 0.181028 0.476771 0.179444 0.475602 0.179176 0.475128 0.181435 0.478948 0.187681 0.484083 0.197366
5 0.484844 0.164611 0.484375 0.164722 0.484089 0.165093 0.483784 0.166537 0.484143 0.167713 0.485651 0.171463 0.486013 0.171894 0.486073 0.173125 0.486313 0.173037 0.487000 0.164597
8 0.436242 0.136278 0.438555 0.133912 0.438828 0.132898 0.438797 0.132412 0.438750 0.131944 0.440818 0.131407 0.440031 0.133806 0.436693 0.137778 0.426771 0.148380 0.425833 0.147222
8 0.386214 0.173926 0.396375 0.170069 0.398484 0.169241 0.399594 0.168824 0.401328 0.168194 0.406857 0.165977 0.410469 0.166167 0.410289 0.167653 0.401328 0.171065 0.399427 0.171806 0.397320 0.172606 0.395602 0.173255 0.387789 0.176079
8 0.410294 0.167653 0.408271 0.182769 0.407352 0.188718 0.405344 0.201208 0.406346 0.202398 0.411784 0.165963 0.410469 0.166167
8 0.399427 0.171806 0.398471 0.191412 0.400448 0.194495 0.400852 0.184421 0.400781 0.180394 0.401328 0.171065
8 0.401328 0.168194 0.401521 0.165769 0.399745 0.166144 0.399594 0.168824
8 0.379573 0.163852 0.384570 0.163731 0.387393 0.163662 0.395628 0.163009 0.397346 0.163523 0.400846 0.162986 0.407318 0.163194 0.407992 0.163204 0.411292 0.163009 0.412828 0.162903 0.416016 0.162778 0.418698 0.162963 0.422479 0.162870 0.429000 0.161995 0.433620 0.161065 0.436068 0.161435 0.437453 0.161880 0.437453 0.162380 0.437492 0.163310 0.437492 0.164120 0.437424 0.164736 0.437076 0.164792 0.436477 0.164616 0.435935 0.163931 0.432807 0.164426 0.430109 0.165514 0.427427 0.166019 0.416135 0.165819 0.413148 0.165745 0.411784 0.165963 0.410469 0.166167 0.406857 0.165977 0.401521 0.165769 0.401521 0.165769 0.399745 0.166144 0.399414 0.165093 0.390266 0.165671 0.381271 0.166463
8 0.408271 0.182769 0.405544 0.188181 0.404602 0.189727 0.401359 0.195579 0.402719 0.197685 0.407216 0.189755 0.407352 0.188718
8 0.408716 0.186634 0.414924 0.174903 0.419594 0.165856 0.418086 0.165861 0.409492 0.181278
8 0.407760 0.197824 0.406682 0.199921 0.406346 0.202398 0.406880 0.203856 0.408578 0.199995 0.408578 0.199995
8 0.408633 0.196056 0.416997 0.177625 0.420560 0.174421 0.414766 0.187130
5 0.419630 0.194181 0.420870 0.197745 0.419995 0.207023 0.417336 0.198722 0.417573 0.198241
5 0.419878 0.210000 0.417917 0.210880 0.417945 0.211773 0.418224 0.212370 0.418589 0.212569 0.419094 0.212569 0.419318 0.212569 0.419542 0.212819 0.419823 0.213167 0.420159 0.213167 0.420943 0.213218 0.421698 0.212819 0.421867 0.212023 0.421951 0.211426 0.422091 0.210481 0.424388 0.209125 0.424388 0.207338 0.424388 0.206796 0.422203 0.208556
5 0.422734 0.201995 0.423724 0.207315 0.422203 0.208556
5 0.421786 0.212278 0.423740 0.217787 0.424698 0.218454 0.424388 0.209125 0.422091 0.210481 0.421951 0.211426 0.421867 0.212023
5 0.420516 0.213181 0.420849 0.215218 0.421331 0.217412 0.421753 0.218806 0.422023 0.219662 0.422234 0.220574 0.422354 0.221431 0.422354 0.222449 0.422234 0.224324 0.422203 0.224968 0.422596 0.225019 0.422958 0.224750 0.423500 0.223468 0.423922 0.223468 0.424161 0.223037 0.424253 0.221968 0.424253 0.221218 0.424253 0.219824 0.424161 0.218111 0.423740 0.217787 0.421786 0.212278 0.421698 0.212819 0.420943 0.213218
5 0.420560 0.174421 0.424682 0.170356 0.424786 0.173083 0.417758 0.182810 0.417083 0.182069
5 0.426206 0.165949 0.419591 0.172042 0.417857 0.174769 0.418138 0.176560 0.420560 0.174421 0.424682 0.170356 0.428102 0.166949 0.427427 0.166019
5 0.407005 0.198009 0.408198 0.195269 0.413565 0.181162 0.414544 0.180745 0.414964 0.180662 0.416130 0.178259 0.416997 0.177625 0.418138 0.176560 0.417857 0.174769 0.419591 0.172042 0.422180 0.169662 0.421820 0.168292 0.421255 0.167505 0.420570 0.167009 0.420164 0.166931 0.419034 0.166931 0.414924 0.174903 0.408716 0.186634
5 0.463698 0.201343 0.460885 0.189352 0.461758 0.185773 0.464971 0.189343 0.463966 0.190056 0.464318 0.191218 0.464620 0.192019 0.464971 0.193625 0.465122 0.194606 0.465122 0.195324 0.464771 0.195500 0.464419 0.195500 0.463867 0.195500 0.463667 0.195769 0.463716 0.196569 0.464117 0.197194 0.464117 0.198088 0.464318 0.199069 0.464747 0.200616
8 0.457266 0.174954 0.454143 0.162046 0.453578 0.162477 0.453169 0.163519 0.456323 0.176676 0.457492 0.181051 0.459750 0.190227 0.460477 0.187792 0.458047 0.178565
8 0.460885 0.189352 0.459992 0.191880 0.462500 0.202130 0.463698 0.201343
5 0.459992 0.191880 0.457034 0.201653 0.457245 0.202273 0.457487 0.202894 0.457487 0.203514 0.457977 0.203884 0.459852 0.203898 0.462500 0.202130
8 0.466047 0.171750 0.471758 0.177986 0.471104 0.179676 0.469620 0.178162 0.467633 0.175810 0.465401 0.173329
8 0.441721 0.128435 0.448674 0.120634 0.460997 0.109435 0.466456 0.104292 0.467716 0.105699 0.467625 0.106366 0.450263 0.122130 0.444833 0.127963 0.441570 0.129426
6 0.451615 0.136574 0.454651 0.128380 0.459492 0.129884 0.460661 0.132394 0.459896 0.134329 0.453966 0.148315 0.451745 0.140556
5 0.460372 0.145315 0.457870 0.139079 0.455628 0.144356 0.457258 0.148421
5 0.460672 0.145259 0.458161 0.138384 0.459661 0.134907 0.462589 0.143833
8 0.450539 0.154074 0.457258 0.148421 0.460372 0.145315 0.460672 0.145259 0.462589 0.143833 0.465284 0.141602 0.467664 0.139278 0.473547 0.135046 0.474107 0.134963 0.474292 0.136287 0.451797 0.155380 0.450810 0.154394
5 0.464534 0.135116 0.457630 0.118940 0.456935 0.118940 0.456630 0.120616 0.456070 0.121532 0.455745 0.122361 0.455745 0.123852 0.458216 0.129500 0.459492 0.129884 0.460661 0.132394 0.461578 0.135227 0.465284 0.141602 0.466406 0.140509 0.464898 0.136829
5 0.455044 0.128477 0.454034 0.125611 0.454357 0.124250 0.454760 0.123963 0.455745 0.123852 0.458216 0.129500
5 0.454034 0.125611 0.453701 0.124903 0.453297 0.124903 0.452974 0.125546 0.452693 0.126620 0.452570 0.128130 0.452328 0.129204 0.452005 0.129847 0.451401 0.131282 0.451615 0.136574 0.451583 0.136565 0.454651 0.128380 0.455044 0.128477
5 0.450539 0.154074 0.449747 0.138523 0.449849 0.129995 0.449854 0.128954 0.449576 0.128273 0.449539 0.126722 0.449294 0.126412 0.449021 0.123394 0.450263 0.122130 0.450674 0.123106 0.451401 0.131282 0.451583 0.136565 0.451745 0.140556 0.452086 0.152722
5 0.454398 0.147259 0.455096 0.147139 0.455271 0.146023 0.456003 0.146208 0.456143 0.147199 0.456771 0.147139 0.457258 0.148421 0.454508 0.150718 0.453966 0.148315
5 0.448354 0.126722 0.448333 0.126065 0.448229 0.125463 0.448125 0.124398 0.446250 0.126435 0.446510 0.127361
5 0.448815 0.152139 0.447872 0.138255 0.447560 0.137079 0.447141 0.137079 0.446792 0.137824 0.446654 0.138750 0.445922 0.139250 0.445956 0.148977
5 0.444701 0.147551 0.442052 0.139060 0.441703 0.136523 0.443271 0.135282 0.445922 0.146190 0.445956 0.148977
5 0.445901 0.143861 0.443948 0.134500 0.444367 0.133755 0.445831 0.133509 0.446792 0.137824 0.446654 0.138750 0.445922 0.139250
5 0.446792 0.137824 0.445831 0.133509 0.447971 0.132051 0.449747 0.138523 0.450375 0.150458 0.450539 0.154074 0.449227 0.152690 0.449156 0.146370 0.448250 0.143269 0.447872 0.138255 0.447560 0.137079 0.447141 0.137079
5 0.468589 0.141162 0.475107 0.140421 0.480057 0.139736 0.479745 0.140977 0.479221 0.142463 0.473505 0.144449 0.470435 0.144944 0.468154 0.141519
5 0.469857 0.127477 0.470701 0.124634 0.472357 0.126023 0.471422 0.130583
5 0.469010 0.130741 0.468349 0.135241 0.467664 0.139278 0.470398 0.137324 0.470729 0.134306 0.469714 0.132213
5 0.462008 0.117833 0.459656 0.116440 0.458812 0.116014 0.458271 0.115852 0.458000 0.115852 0.457638 0.116171 0.457487 0.116333 0.457458 0.117620 0.457630 0.118940 0.464534 0.135116 0.464385 0.134259
5 0.468865 0.131796 0.466234 0.126241 0.465714 0.125731 0.465312 0.126157 0.467664 0.139278 0.468349 0.135241
5 0.478141 0.159954 0.479031 0.156167 0.480646 0.150144 0.481987 0.151222 0.481917 0.154815 0.482195 0.159032 0.482542 0.161259 0.482784 0.164926 0.482893 0.166287 0.482474 0.166537 0.482401 0.166477 0.482260 0.166042 0.482021 0.165051 0.481914 0.164801 0.481602 0.164676 0.481529 0.164676 0.481289 0.165171 0.481424 0.165731 0.482021 0.166782 0.482260 0.167713 0.482193 0.168769 0.482091 0.169514 0.481495 0.170319 0.480310 0.171431
5 0.476651 0.147306 0.479893 0.148546 0.478029 0.154843 0.476974 0.154560
5 0.458536 0.193741 0.457568 0.187935 0.456198 0.184634 0.455794 0.183273 0.455672 0.181981 0.455552 0.181051 0.455471 0.180046 0.455310 0.179542 0.454786 0.179116 0.454018 0.179542 0.454138 0.181926 0.454021 0.183662 0.454060 0.186931 0.456318 0.196898 0.457003 0.199051 0.457406 0.199264 0.458133 0.196755 0.458336 0.196037 0.458497 0.195250
8 0.466427 0.178157 0.467995 0.181204 0.469237 0.183889 0.468529 0.184884 0.466068 0.180046 0.465469 0.178935 0.465193 0.177944
8 0.466336 0.175856 0.466005 0.174731 0.465826 0.174301 0.465615 0.173981 0.465159 0.173880 0.464898 0.175130 0.465010 0.175750
5 0.463857 0.178991 0.465469 0.178935 0.466068 0.180046 0.468529 0.184884 0.468435 0.186144 0.468771 0.187208 0.468120 0.189231 0.462565 0.183153
5 0.452862 0.202681 0.453164 0.202361 0.453885 0.202306 0.454339 0.201931 0.455031 0.201667 0.455393 0.201181 0.455362 0.200593 0.455273 0.200324 0.455091 0.199792 0.455302 0.199574 0.455635 0.199681 0.455995 0.200005 0.456440 0.200741 0.457003 0.199051 0.456318 0.196898 0.454060 0.186931 0.454138 0.189407 0.453867 0.191903 0.453161 0.192866 0.452841 0.194019
5 0.459750 0.190227 0.457492 0.181051 0.456323 0.176676 0.453169 0.163519 0.453810 0.174819 0.453867 0.176556 0.454018 0.179542 0.454786 0.179116 0.455310 0.179542 0.455471 0.180046 0.455552 0.181051 0.455672 0.181981 0.455794 0.183273 0.456198 0.184634 0.457568 0.187935 0.458536 0.193741
5 0.475201 0.146671 0.475260 0.145463 0.475260 0.144907 0.475211 0.143856 0.474016 0.144287 0.474201 0.145681 0.474388 0.146343 0.474573 0.146875 0.475013 0.147588
5 0.475430 0.152593 0.475760 0.155634 0.475521 0.156449 0.474828 0.156449 0.474406 0.156394 0.474044 0.156556 0.473682 0.156769 0.473232 0.156769 0.472430 0.156560 0.471906 0.154801 0.471211 0.152806 0.472055 0.151583 0.472995 0.149167
5 0.447971 0.132051 0.448651 0.131824 0.449161 0.131773 0.449826 0.131662 0.449747 0.138523
5 0.473904 0.146366 0.474352 0.147759 0.474464 0.148356 0.474687 0.148356 0.475013 0.147588 0.475107 0.149829 0.475430 0.152593 0.472995 0.149167
5 0.505779 0.349384 0.506062 0.351819 0.511346 0.365301 0.514693 0.373620 0.515945 0.372472 0.517521 0.360704 0.518872 0.353407 0.518154 0.352833 0.517792 0.354551 0.517349 0.355343 0.516945 0.355630 0.516823 0.355630 0.515695 0.355199 0.515534 0.354551 0.515169 0.353120 0.515130 0.352042 0.514888 0.349819 0.515372 0.345662 0.516581 0.342505 0.515286 0.341565
5 0.510703 0.284769 0.511331 0.285829 0.511135 0.292310 0.508797 0.289648
5 0.499755 0.267588 0.503341 0.269301 0.503643 0.270481 0.502307 0.274880 0.501495 0.273486 0.501201 0.271981 0.500628 0.271231 0.500388 0.270907 0.500146 0.270213 0.500026 0.269676
5 0.486893 0.208940 0.486680 0.213167 0.484906 0.212069 0.485719 0.204292 0.486479 0.205394
5 0.483724 0.201389 0.480128 0.194523 0.479805 0.195866 0.480831 0.207287 0.481047 0.210171 0.481531 0.211032 0.482784 0.211514
5 0.480875 0.174181 0.486313 0.173037 0.488125 0.172815 0.488794 0.172875 0.488956 0.173449 0.488995 0.174787 0.485732 0.175676 0.481318 0.176472
5 0.479547 0.176069 0.475026 0.170556 0.474003 0.173444 0.474484 0.174412 0.476852 0.177176 0.479599 0.177644 0.479854 0.177699
5 0.469477 0.149389 0.470872 0.152176 0.472477 0.148023 0.468154 0.141519 0.466766 0.142699 0.468943 0.146787
5 0.452841 0.154477 0.460193 0.155495 0.463779 0.155176 0.463659 0.156139 0.462573 0.157051 0.452901 0.156620 0.452430 0.156046 0.451797 0.155380
5 0.463081 0.164375 0.456039 0.159477 0.455758 0.159787 0.462380 0.167477
5 0.463818 0.160537 0.461188 0.157019 0.462573 0.157051 0.463177 0.156528 0.464349 0.157824
5 0.462284 0.155273 0.460201 0.151569 0.459133 0.151338 0.458430 0.151477 0.458039 0.151755 0.457648 0.152032 0.457362 0.152681 0.459784 0.155458 0.460193 0.155495
5 0.483799 0.176065 0.483862 0.177671 0.481414 0.177764 0.481318 0.176472
5 0.483482 0.173606 0.480875 0.174181 0.482818 0.170556 0.483180 0.170500 0.483331 0.170981
5 0.511677 0.217713 0.510375 0.222069 0.509568 0.221639 0.508799 0.221639 0.502971 0.199130 0.507857 0.209773 0.509922 0.215481
5 0.512253 0.289579 0.514737 0.294958 0.512010 0.292866
15 0.470516 0.154102 0.468943 0.146787 0.466766 0.142699 0.465893 0.143403 0.466979 0.147310 0.467602 0.150519 0.467602 0.151588 0.468906 0.157750
15 0.471063 0.155995 0.473771 0.169935 0.472510 0.174167 0.469336 0.160065 0.470503 0.156412
15 0.415906 0.137931 0.421260 0.136019 0.423128 0.135537 0.437943 0.130231 0.439461 0.129644 0.441570 0.129426 0.440818 0.131407 0.438753 0.132000 0.438797 0.132412 0.438828 0.132898 0.438555 0.133912 0.434862 0.135208 0.431518 0.136315 0.431518 0.136315 0.420568 0.140236 0.419242 0.140769 0.415414 0.141894 0.415687 0.139926
8 0.402682 0.146667 0.384570 0.163731 0.387393 0.163662 0.403609 0.147667 0.403333 0.146481
8 0.416484 0.134769 0.429716 0.124009 0.430201 0.124583 0.430208 0.125880 0.424784 0.130019 0.416286 0.136819
15 0.413409 0.148801 0.402880 0.155556 0.401641 0.159583 0.412919 0.151713
15 0.414753 0.147787 0.421229 0.143403 0.422641 0.145407 0.414359 0.151000
15 0.422443 0.142435 0.431721 0.136278 0.434862 0.135208 0.436242 0.136278 0.423818 0.144745
15 0.427266 0.149028 0.440031 0.133806 0.439641 0.137611 0.428438 0.150880
15 0.426198 0.150926 0.421773 0.156093 0.425177 0.155287 0.427448 0.152593
15 0.419604 0.158273 0.416016 0.162778 0.418698 0.162963 0.422253 0.157903
15 0.426651 0.156861 0.427375 0.159074 0.429771 0.158287 0.429047 0.156306
15 0.438776 0.147060 0.433294 0.145130 0.430888 0.147981 0.436258 0.151699 0.438654 0.152148
15 0.438083 0.146815 0.436690 0.141116 0.438292 0.139194 0.439180 0.142181 0.438776 0.147060
15 0.426836 0.146167 0.426263 0.145472 0.426159 0.145333 0.426003 0.144870 0.425951 0.144500 0.426055 0.144134 0.426367 0.143764 0.426549 0.143620 0.426732 0.143389 0.426706 0.142745 0.428867 0.141306 0.430352 0.142463
15 0.488750 0.166481 0.497815 0.186343 0.497815 0.187454 0.495878 0.188454 0.488255 0.171019
15 0.474003 0.195963 0.480279 0.204356 0.480630 0.204981 0.480831 0.207287 0.479620 0.208815 0.475625 0.204208 0.471594 0.198551
15 0.455346 0.207472 0.459852 0.203898 0.464747 0.200616 0.464292 0.203782 0.462732 0.204884 0.460104 0.207532 0.457906 0.209662 0.455607 0.210352 0.455216 0.209144
15 0.466872 0.198250 0.469836 0.196106 0.473250 0.193787 0.472948 0.192356 0.470339 0.186380 0.471794 0.182630 0.474203 0.188787 0.475307 0.192093 0.475659 0.193250 0.475560 0.194769 0.474003 0.195963 0.471594 0.198551 0.466646 0.202759 0.466021 0.202981
15 0.481987 0.151222 0.487112 0.161384 0.487000 0.164597 0.484844 0.164611 0.482195 0.159032 0.481917 0.154815
15 0.406701 0.143736 0.402880 0.155556 0.401193 0.161074 0.398724 0.162144 0.401302 0.154769 0.402031 0.152870 0.403609 0.147667 0.404328 0.146074 0.404917 0.145875 0.405339 0.143991 0.405641 0.141894 0.415805 0.110324 0.429128 0.070435 0.430440 0.072315 0.430250 0.074102 0.416318 0.115708 0.407789 0.140870 0.406701 0.143736
15 0.405641 0.141894 0.372409 0.154005 0.373391 0.155583 0.374445 0.157028 0.402682 0.146667 0.403333 0.146481 0.404328 0.146074 0.404917 0.145875 0.405339 0.143991
15 0.407789 0.140870 0.409911 0.140292 0.412935 0.139287 0.415023 0.138681 0.414932 0.140611 0.414583 0.142407 0.414245 0.142537 0.406214 0.145199 0.406701 0.143736
15 0.444833 0.127963 0.446510 0.127361 0.448354 0.126722 0.449539 0.126722 0.449576 0.128273 0.449854 0.128954 0.449849 0.129995 0.441195 0.133005 0.440312 0.133009 0.440818 0.131407 0.441570 0.129426
15 0.413148 0.165745 0.411589 0.167269 0.410810 0.172273 0.416135 0.165819
15 0.410018 0.169671 0.400781 0.180394 0.400852 0.184421 0.409445 0.173944
15 0.397633 0.166569 0.396375 0.170069 0.398484 0.169241 0.399266 0.166319
15 0.395602 0.173255 0.392555 0.182514 0.393727 0.183856 0.395523 0.178625 0.397320 0.172606
15 0.425859 0.171569 0.417758 0.182810 0.408633 0.196056 0.407760 0.197824 0.408578 0.199995 0.414896 0.190583 0.415544 0.191352 0.416083 0.191259 0.416299 0.190875 0.416464 0.188667 0.419271 0.184347 0.419865 0.184731 0.420404 0.184921 0.420674 0.184440 0.420891 0.183963 0.421430 0.183579 0.421539 0.183000 0.421591 0.182042 0.421539 0.180986 0.423482 0.178583 0.425427 0.176472 0.425578 0.175218
15 0.422367 0.179829 0.422167 0.183130 0.421638 0.184486 0.420891 0.183963 0.420674 0.184440 0.420734 0.185301 0.420799 0.185583 0.420799 0.185986 0.420604 0.186102 0.420279 0.186333 0.420154 0.186505 0.420089 0.186968 0.420089 0.187486 0.419956 0.188806 0.409805 0.207579 0.411531 0.210380 0.417573 0.198241 0.419630 0.194181 0.422372 0.188380 0.424388 0.184903 0.424552 0.181185 0.424260 0.177755 0.423482 0.178583
15 0.420469 0.192421 0.420526 0.196704 0.420870 0.197745 0.419995 0.207023 0.419878 0.210000 0.422203 0.208556 0.423469 0.192875 0.423307 0.188324 0.422951 0.187403 0.422372 0.188380
15 0.469284 0.190486 0.471492 0.192093 0.473250 0.193787 0.469836 0.196106 0.468279 0.194144
15 0.462380 0.167477 0.463534 0.162208 0.466195 0.147662 0.466648 0.148912 0.467099 0.149444 0.467602 0.150519 0.467602 0.151588 0.464289 0.169616
15 0.473547 0.135046 0.472417 0.132574 0.464471 0.116653 0.463865 0.116653 0.463664 0.116940 0.464401 0.121019 0.469714 0.132213 0.471690 0.136375
15 0.463664 0.116940 0.463404 0.115093 0.463172 0.114759 0.462844 0.113514 0.462052 0.113764 0.461630 0.114926 0.464385 0.134259 0.464898 0.136829 0.466406 0.140509 0.467664 0.139278 0.467664 0.139278
15 0.453966 0.148315 0.454508 0.150718 0.452086 0.152722 0.451745 0.140556
15 0.472227 0.138074 0.472648 0.139574 0.472951 0.140648 0.475107 0.140421 0.475964 0.140380 0.475362 0.138292 0.474292 0.136287
15 0.462094 0.169574 0.459542 0.182310 0.461458 0.183796 0.463669 0.171375
15 0.468125 0.189259 0.462565 0.183153 0.461758 0.185773 0.464971 0.189343 0.464734 0.189472 0.466510 0.191671 0.467318 0.191685
15 0.476253 0.146310 0.475211 0.143856 0.477706 0.143037 0.479893 0.148546 0.476651 0.147306 0.476599 0.146176
8 0.409911 0.140292 0.415599 0.135486 0.415315 0.137634 0.412935 0.139287
8 0.479854 0.177699 0.476909 0.162282 0.475760 0.155634 0.475107 0.149829 0.475013 0.147588 0.475201 0.146671 0.475945 0.146426 0.476599 0.146176 0.476974 0.154560 0.477437 0.157125 0.478141 0.159954 0.480286 0.171435 0.480875 0.174181 0.481318 0.176472 0.481414 0.177764
8 0.473148 0.176449 0.479599 0.177644 0.481414 0.177764 0.484708 0.177644 0.485044 0.178241 0.484844 0.180273 0.482021 0.180153 0.480878 0.180153 0.480396 0.180139 0.476771 0.179444 0.475602 0.179176 0.472862 0.178736
8 0.480396 0.180139 0.482935 0.191519 0.484404 0.193556 0.482021 0.180153 0.480878 0.180153
15 0.466823 0.178935 0.469643 0.178944 0.469956 0.179176 0.469982 0.179407 0.469669 0.179685 0.469591 0.179963 0.469643 0.180657 0.469878 0.181167 0.470190 0.181861 0.469797 0.182565 0.469461 0.183435 0.468523 0.180704 0.468159 0.180148 0.467508 0.180241
