8 0.499797 0.326741 0.507578 0.330463 0.506885 0.334056 0.499010 0.330477
8 0.540648 0.369162 0.546240 0.339972 0.543365 0.339301 0.536859 0.371713 0.540206 0.371315 0.540568 0.370741
8 0.465260 0.542593 0.462951 0.534560 0.462331 0.535065 0.465099 0.544005
8 0.506555 0.512204 0.507312 0.518657 0.509581 0.519194 0.508521 0.513954
6 0.539159 0.503194 0.539839 0.513954 0.538401 0.526056 0.535526 0.526056
6 0.489602 0.248208 0.490000 0.239991 0.494680 0.237560 0.516984 0.264532 0.516755 0.286440 0.515044 0.282588 0.508542 0.271935
6 0.493995 0.272037 0.491029 0.276833 0.491029 0.284847 0.496500 0.289620 0.520919 0.303708 0.524398 0.300060 0.524570 0.291745 0.516755 0.286440
8 0.435815 0.322440 0.448060 0.359426 0.459245 0.391306 0.460120 0.391417 0.449672 0.359833 0.449003 0.357306 0.434753 0.316551
8 0.442956 0.332204 0.440253 0.327722 0.439964 0.329523 0.446760 0.340190 0.449797 0.345329 0.453516 0.351111 0.454401 0.349815 0.448141 0.340236
1 0.441555 0.307125 0.441904 0.316731 0.442182 0.318093 0.442948 0.318838 0.443750 0.318093 0.443297 0.317227 0.442599 0.316606 0.442357 0.306750 0.441518 0.306505
1 0.443367 0.308486 0.445354 0.316917 0.446156 0.316731 0.443961 0.308176
5 0.549021 0.215153 0.548833 0.225593 0.549771 0.228148 0.549833 0.237255 0.547771 0.237255 0.546646 0.238366 0.544461 0.252917 0.546271 0.250361 0.548208 0.250028 0.549896 0.251028 0.551708 0.253694 0.553896 0.247588 0.554831 0.246366 0.555643 0.246588 0.556018 0.246255 0.556393 0.237032 0.549958 0.214819
5 0.555643 0.246588 0.557143 0.262315 0.559195 0.281806 0.557411 0.285259 0.553125 0.260787 0.551708 0.253694 0.553896 0.247588 0.554831 0.246366
5 0.486505 0.385162 0.493125 0.390093 0.495862 0.388894 0.497839 0.387458 0.498927 0.386667 0.499534 0.386310 0.500380 0.386023 0.500742 0.386454 0.500542 0.390111 0.501188 0.390755 0.502560 0.385736 0.501227 0.384301 0.496549 0.381435 0.494573 0.380861 0.490901 0.381218 0.489086 0.381648 0.487552 0.382296 0.486586 0.383801
8 0.466422 0.341032 0.466995 0.341681 0.471135 0.333579 0.470875 0.332606
8 0.463906 0.340139 0.466104 0.342088 0.466682 0.342347 0.478427 0.353671 0.478896 0.352931 0.464521 0.339319
8 0.458224 0.356611 0.466682 0.342347 0.466104 0.342088 0.458732 0.354171
1 0.508896 0.364639 0.509708 0.359750 0.511458 0.356528 0.513896 0.355306 0.517643 0.351417 0.520831 0.346199 0.516393 0.358861 0.510583 0.369745 0.511271 0.371079 0.517081 0.359083 0.521768 0.345755 0.521768 0.344421 0.521393 0.344310 0.520393 0.345532 0.517831 0.348977 0.515768 0.351972 0.514458 0.353306 0.512396 0.354083 0.510583 0.355306 0.508771 0.359639 0.508333 0.364194
8 0.466708 0.539056 0.466602 0.534255 0.465466 0.534639 0.465195 0.543088
8 0.555138 0.403403 0.556063 0.405352 0.556763 0.403528 0.544375 0.386111 0.544292 0.388708
6 0.527995 0.231481 0.548833 0.225593 0.549771 0.228148 0.549833 0.237255 0.547771 0.237255 0.546646 0.238366 0.535242 0.242995 0.534924 0.240722 0.531490 0.241611
2 0.465383 0.505435 0.471393 0.492958 0.468612 0.490088 0.465872 0.489931 0.462398 0.498694 0.462602 0.503787 0.463487 0.505074
2 0.461672 0.499556 0.461956 0.504861 0.462479 0.505505 0.465073 0.506731 0.461240 0.508597 0.458708 0.504356
2 0.461563 0.513546 0.462172 0.515653 0.463810 0.521667 0.466216 0.530407 0.466320 0.530838 0.468383 0.529356 0.470833 0.514329 0.469911 0.516213 0.469667 0.509829 0.467935 0.508843
2 0.483617 0.601731 0.483917 0.605574 0.486302 0.613546 0.487458 0.618815 0.488906 0.627167 0.491508 0.642458 0.492591 0.647343 0.493966 0.654028 0.498302 0.675875 0.501339 0.674204 0.505172 0.673176 0.506039 0.653514 0.506617 0.641690 0.506617 0.629606 0.506906 0.626653 0.509146 0.628968 0.510302 0.629222 0.510883 0.629222 0.511026 0.628968 0.510591 0.627037 0.509870 0.624981 0.508495 0.621125 0.510375 0.608917 0.512039 0.607120 0.512760 0.603519 0.512760 0.602620 0.512690 0.600051 0.512039 0.597606 0.511531 0.596579 0.510086 0.592852 0.509724 0.591824 0.508930 0.591056 0.506906 0.590282 0.505461 0.589898 0.504302 0.590023 0.502930 0.592468 0.501862 0.593296 0.501609 0.595069 0.500734 0.596509 0.493990 0.599620
2 0.494227 0.415019 0.502661 0.416907 0.505536 0.425685 0.503724 0.428569 0.501474 0.429458 0.498974 0.430236 0.495602 0.430236 0.485979 0.429458 0.485979 0.424019 0.493039 0.415463
2 0.435385 0.305352 0.459070 0.310287 0.459008 0.304403 0.440779 0.293102 0.440719 0.294866 0.438971 0.300222 0.438701 0.301940 0.438398 0.302472 0.437646 0.302690
2 0.441260 0.291440 0.442284 0.287903 0.442495 0.288921 0.442888 0.288815 0.443008 0.288278 0.443190 0.287153 0.443190 0.285065 0.443159 0.283565 0.442586 0.281745 0.442195 0.280296 0.442586 0.279815 0.442857 0.279227 0.443852 0.276171 0.444393 0.274352 0.447687 0.276769 0.450128 0.278315 0.451591 0.278875 0.452393 0.280176 0.453893 0.282347 0.456612 0.285319 0.457521 0.295315 0.458487 0.299611 0.459263 0.302532
2 0.524570 0.291745 0.525919 0.289167 0.526857 0.287495 0.529026 0.289426 0.532352 0.290579 0.533943 0.290324 0.535099 0.290194 0.536039 0.288394 0.536471 0.285056 0.537557 0.273745 0.537945 0.265472 0.536380 0.261056 0.536271 0.259810 0.535487 0.257940 0.530990 0.245829 0.529677 0.243833 0.527927 0.243722 0.525555 0.244056 0.522742 0.244829 0.522516 0.247324 0.522117 0.248440 0.520521 0.250065 0.518810 0.251991 0.517781 0.253509 0.516927 0.255537 0.515271 0.261421 0.515443 0.262843 0.516984 0.264532 0.516755 0.286440
2 0.554135 0.377343 0.552966 0.377056 0.552039 0.374833 0.552120 0.372181 0.553854 0.369097 0.555023 0.366940 0.555750 0.366875 0.556112 0.367088 0.556516 0.368736 0.556638 0.370028 0.557443 0.370745 0.557727 0.371176 0.558169 0.376125 0.557846 0.377630 0.555156 0.377824 0.555214 0.370472 0.555214 0.370472 0.554133 0.370472
2 0.539563 0.471977 0.540240 0.470472 0.540805 0.467856 0.541370 0.466352 0.542104 0.465347 0.543008 0.465347 0.543799 0.466551 0.543857 0.469366 0.542049 0.475495 0.540919 0.479310 0.539958 0.480616 0.539393 0.480417 0.539055 0.478606
2 0.514461 0.366556 0.515651 0.394167 0.514396 0.392481 0.513203 0.390556 0.512286 0.368935 0.514042 0.365069
2 0.443508 0.341593 0.449797 0.345329 0.446760 0.340190 0.441737 0.336593
2 0.451432 0.345185 0.456250 0.347315 0.456719 0.346620 0.456938 0.344185 0.448141 0.340236
2 0.459263 0.348750 0.458732 0.354171 0.458224 0.356611 0.458375 0.363190 0.456102 0.363019 0.455763 0.360782 0.456461 0.350412 0.457763 0.348676
2 0.462133 0.342727 0.464302 0.342088 0.464479 0.344722 0.461771 0.349213 0.457763 0.348676
2 0.457344 0.339074 0.456719 0.346620 0.459505 0.342824 0.460208 0.336574
1 0.523143 0.354032 0.529557 0.371532 0.530927 0.373755 0.531935 0.374329 0.543516 0.372593 0.543552 0.370815 0.542625 0.369667 0.540648 0.369162 0.540568 0.370741 0.540206 0.371315 0.532096 0.372176 0.531130 0.371676 0.528669 0.366796 0.524070 0.353676
2 0.518380 0.375477 0.516633 0.378255 0.515758 0.376477 0.518505 0.373366 0.520568 0.372810 0.522193 0.372810 0.526065 0.373810 0.528253 0.375477 0.530690 0.377699 0.531878 0.378255 0.533250 0.378588 0.534687 0.378366 0.535375 0.379255 0.536875 0.380921 0.538125 0.381032 0.539125 0.381588 0.540313 0.382032 0.541685 0.382032 0.542310 0.382477 0.543125 0.384398 0.543125 0.387546 0.538187 0.388250 0.536687 0.388806 0.535937 0.388806 0.534625 0.386361 0.533190 0.385028 0.532253 0.384694 0.531003 0.383032 0.529503 0.379921 0.528190 0.378255 0.527565 0.377366 0.527190 0.377144 0.526253 0.377144 0.525440 0.377144 0.524005 0.376255 0.523255 0.375810 0.522630 0.375144 0.521380 0.374032
2 0.519477 0.394093 0.519117 0.395954 0.523349 0.402551 0.524357 0.403917 0.525526 0.406139 0.526534 0.407787 0.527346 0.408574 0.529201 0.407213 0.521977 0.396458
2 0.460729 0.386866 0.461253 0.387546 0.462018 0.388602 0.462281 0.391505 0.461956 0.407352 0.462375 0.408681 0.462982 0.408764 0.463589 0.408102 0.463776 0.407685 0.464242 0.404866 0.464008 0.396731 0.463401 0.395491 0.463122 0.393745 0.462703 0.389764 0.462508 0.387421 0.462266 0.386991 0.461779 0.386245 0.460867 0.386181
2 0.522260 0.396528 0.525648 0.396097 0.524156 0.389574 0.524156 0.387852 0.522143 0.389356 0.521331 0.390792 0.521094 0.390361 0.521094 0.389069 0.523833 0.386921 0.523917 0.381898 0.524643 0.381898 0.525203 0.386347 0.526133 0.386921 0.527346 0.387421 0.527427 0.387421 0.527867 0.384625 0.528310 0.384912 0.528677 0.387352 0.530326 0.387921 0.533070 0.388426 0.533594 0.388926 0.533680 0.389574 0.529602 0.389500 0.529802 0.391509 0.529964 0.392944 0.531581 0.393231 0.536094 0.391366 0.536359 0.392500 0.538477 0.394921 0.540974 0.398824 0.542638 0.404338 0.542034 0.406218 0.539612 0.404606 0.537872 0.401380 0.535906 0.400977 0.534544 0.398690 0.534167 0.397477 0.533271 0.400833 0.532182 0.402551 0.532182 0.402694 0.532060 0.403199 0.532060 0.403199 0.531500 0.409940 0.529359 0.409722 0.529201 0.407213 0.521977 0.396458
2 0.522742 0.244829 0.522516 0.247324 0.522117 0.248440 0.520521 0.250065 0.518810 0.251991 0.517781 0.253509 0.516927 0.255537 0.515271 0.261421 0.515443 0.262843 0.504661 0.249630 0.504263 0.247630 0.505576 0.243773 0.507115 0.239921 0.509055 0.235458 0.510424 0.233023 0.512591 0.230796 0.513846 0.230287 0.514872 0.230287 0.516013 0.230593 0.517214 0.230324 0.521680 0.243611
2 0.514878 0.479630 0.516930 0.480880 0.518385 0.481935 0.519737 0.482509 0.520115 0.484718 0.520276 0.486926 0.519792 0.491917 0.519250 0.494319 0.519250 0.496241 0.519411 0.498065 0.519844 0.499505 0.519898 0.502958 0.519521 0.504593 0.518172 0.505356 0.516497 0.505454 0.515146 0.504301 0.513365 0.510736 0.512177 0.511981
2 0.492034 0.493264 0.513419 0.480014 0.510396 0.515727 0.504185 0.510352 0.492576 0.500079 0.492305 0.498255 0.492359 0.497870 0.502240 0.500269 0.502133 0.498157 0.491872 0.496046
2 0.506237 0.466190 0.508128 0.470991 0.511961 0.476176 0.492466 0.489037 0.493221 0.486352 0.494357 0.484046 0.494844 0.482606 0.495490 0.481454 0.495544 0.480301 0.496299 0.478477 0.497867 0.476463
2 0.497211 0.446125 0.496057 0.446579 0.495245 0.448574 0.494807 0.450241 0.494870 0.452019 0.495870 0.456463 0.498432 0.463236 0.499182 0.465903 0.500367 0.466236 0.502992 0.464347 0.511240 0.453574 0.512536 0.451653 0.499596 0.444454 0.498224 0.444838
2 0.553750 0.441157 0.546198 0.447546 0.547154 0.462185 0.550122 0.466218 0.551148 0.464301 0.552281 0.462380 0.553508 0.458940
2 0.501563 0.307546 0.503557 0.302616 0.504099 0.300986 0.504799 0.294458 0.496500 0.289620 0.494977 0.294287 0.494349 0.296065
2 0.533792 0.517843 0.534318 0.520667 0.533122 0.524236 0.530865 0.532116 0.527518 0.547880 0.525760 0.548769 0.524339 0.551296 0.523086 0.556500 0.520826 0.555162 0.520826 0.553380 0.522247 0.551000 0.523503 0.547880 0.524758 0.546093 0.526766 0.541931 0.530865 0.525870 0.531031 0.523046 0.530865 0.521259 0.529943 0.519921 0.530026 0.518287 0.530612 0.517097
2 0.508427 0.637894 0.509177 0.641556 0.510365 0.645333 0.516674 0.637338 0.517674 0.636782 0.518107 0.632176 0.516737 0.630560
2 0.488159 0.396417 0.485823 0.390773 0.485333 0.389352 0.486904 0.387926 0.487602 0.387926 0.488820 0.388481 0.489583 0.388935 0.490703 0.392824
2 0.488576 0.398644 0.489120 0.399694 0.489643 0.400130 0.490479 0.400625 0.491247 0.401861 0.491945 0.402296 0.492607 0.401676 0.492677 0.400810 0.492497 0.397644 0.492122 0.395986 0.491281 0.394241
2 0.434914 0.311912 0.436828 0.316560 0.437576 0.318551 0.438042 0.318551 0.438273 0.317306 0.438927 0.315894 0.439628 0.314565 0.440469 0.314565 0.441354 0.315565 0.441904 0.316731 0.441354 0.321870 0.442148 0.321949 0.442336 0.320375 0.442849 0.320375 0.443164 0.323134 0.440841 0.322866 0.440253 0.327722 0.439964 0.329523 0.439870 0.331250 0.434753 0.316551
1 0.492122 0.395986 0.492497 0.397644 0.493852 0.398972 0.495018 0.401296 0.496510 0.406440 0.497958 0.413412 0.498938 0.413495 0.496370 0.402458 0.495250 0.399139 0.493245 0.396319
8 0.594117 0.518060 0.603021 0.526065 0.604062 0.524120 0.594385 0.515852
7 0.616435 0.527213 0.614016 0.531000 0.612370 0.535815 0.610630 0.541667 0.609854 0.557667 0.601628 0.552162 0.599768 0.537514 0.601674 0.524755 0.603021 0.526065 0.603021 0.526065 0.604062 0.524120 0.602036 0.522394 0.602036 0.522394 0.605698 0.496648 0.610630 0.495384
8 0.512755 0.584593 0.513620 0.578806 0.513802 0.575486 0.513982 0.571093 0.512536 0.569380 0.511753 0.577412 0.510969 0.583250 0.509552 0.586843 0.507594 0.590593 0.508930 0.591056 0.509724 0.591824 0.510914 0.587713
6 0.494167 0.256014 0.490742 0.262102 0.490857 0.269097 0.493995 0.272037 0.516755 0.286440 0.515044 0.282588 0.508542 0.271935
8 0.506643 0.635625 0.508036 0.635625 0.509328 0.658866 0.508247 0.659796 0.506617 0.641690
8 0.480862 0.603847 0.482570 0.603477 0.483930 0.611597 0.488240 0.630134 0.496299 0.667792 0.494862 0.669014
5 0.473568 0.526000 0.474268 0.525134 0.478372 0.535505 0.480188 0.540481 0.480937 0.543255 0.491560 0.566917 0.492052 0.568694 0.491240 0.570134 0.480867 0.577912 0.476687 0.580356 0.469677 0.556431 0.466604 0.547412 0.468302 0.540546 0.469367 0.535134 0.470339 0.528333 0.470904 0.528144 0.470721 0.532171 0.469628 0.550477 0.469573 0.552398 0.470279 0.552597 0.470815 0.543190 0.471083 0.543190 0.471141 0.549042 0.472596 0.548565
8 0.468240 0.608370 0.475432 0.611343 0.476604 0.612977 0.472005 0.619519 0.472255 0.620116 0.476018 0.615801 0.477273 0.613574 0.477440 0.611787 0.476438 0.610005 0.468323 0.606583
5 0.466130 0.578833 0.466693 0.604046 0.463880 0.579074
5 0.467674 0.563792 0.470698 0.571472 0.471130 0.572338 0.473021 0.575602 0.476208 0.581843 0.479615 0.596069 0.480182 0.595514 0.478870 0.589185 0.480182 0.593630 0.480927 0.593736 0.476687 0.580356 0.480867 0.577912 0.485862 0.574745 0.493990 0.574296 0.495484 0.574296 0.496737 0.575190 0.497927 0.577856 0.498984 0.581074 0.501862 0.593296 0.501609 0.595069 0.500734 0.596509 0.493990 0.599620 0.483617 0.601731 0.467870 0.605181 0.467185 0.563523
5 0.467240 0.551806 0.472427 0.568977 0.475721 0.579250 0.467352 0.560435
1 0.525573 0.224352 0.538911 0.210019 0.538474 0.208130 0.524948 0.222731
1 0.561932 0.429907 0.560633 0.461523 0.559188 0.460620 0.561138 0.428750
1 0.449242 0.420009 0.448534 0.427671 0.447974 0.427176 0.448992 0.418343 0.452302 0.410120 0.452927 0.410898 0.452177 0.413454 0.451052 0.415454
1 0.521120 0.472282 0.521120 0.481889 0.521052 0.488148 0.520773 0.495958 0.519898 0.502958 0.519844 0.499505 0.519411 0.498065 0.519250 0.496241 0.519250 0.494319 0.519792 0.491917 0.520276 0.486926 0.520115 0.484718 0.520180 0.472500 0.520719 0.472880
1 0.481417 0.405611 0.491237 0.392088 0.491378 0.392583 0.491844 0.393333 0.488576 0.398644 0.488169 0.400236 0.488089 0.402602 0.488615 0.403676 0.489703 0.404468 0.490227 0.405829 0.491034 0.407190 0.492568 0.409343 0.494180 0.410847 0.494180 0.412282 0.492445 0.410921 0.489823 0.407190 0.489299 0.405972 0.488937 0.405111 0.488211 0.403963 0.487646 0.403676 0.481138 0.407023 0.481716 0.406116 0.486596 0.403532 0.486961 0.402889 0.487445 0.400954 0.487768 0.398514 0.487768 0.398514 0.482401 0.405255
1 0.475651 0.430093 0.473891 0.421875 0.473641 0.417653 0.474388 0.417986 0.480513 0.429981 0.481888 0.429981 0.474076 0.415875 0.473250 0.415403 0.472831 0.417394 0.473203 0.422542 0.474576 0.430315
8 0.445099 0.392426 0.454440 0.402602 0.454279 0.404616 0.444935 0.394153
8 0.508276 0.564394 0.506906 0.590282 0.505461 0.589898 0.507016 0.562815
8 0.515552 0.453634 0.514992 0.456042 0.513419 0.480014 0.510396 0.515727 0.507115 0.560370 0.508701 0.562940 0.512177 0.511981 0.514878 0.479630 0.516654 0.452931
8 0.469802 0.437046 0.476182 0.445292 0.477125 0.444671 0.470292 0.435810
8 0.475367 0.432287 0.480078 0.437384 0.489979 0.447662 0.489497 0.449213 0.474250 0.432394
8 0.462904 0.419449 0.472383 0.430204 0.473995 0.430273 0.463589 0.418875
8 0.454716 0.416134 0.460276 0.423722 0.464435 0.429481 0.466109 0.431593 0.467352 0.432458 0.469727 0.432648 0.484344 0.431731 0.495982 0.432889 0.498078 0.432630 0.503646 0.430315 0.505958 0.429931 0.516224 0.429162 0.523836 0.424486 0.525779 0.421130 0.524698 0.420648 0.522810 0.423815 0.518596 0.426120 0.516760 0.427560 0.510930 0.428903 0.503724 0.428569 0.501474 0.429458 0.498974 0.430236 0.495602 0.430236 0.485979 0.429458 0.477180 0.430250 0.467081 0.430250 0.454552 0.414120
8 0.472969 0.414491 0.477888 0.413981 0.494227 0.415019 0.502661 0.416907 0.522414 0.420537 0.541969 0.423606 0.541596 0.421532 0.520081 0.417884 0.501646 0.413898 0.477964 0.411583 0.475490 0.413245 0.474883 0.412912 0.474435 0.412074 0.470682 0.412250 0.471664 0.413574
8 0.449672 0.359833 0.450495 0.358861 0.456102 0.363019 0.462839 0.368972 0.463542 0.369769 0.465268 0.371593 0.467602 0.373667 0.461146 0.368972 0.455336 0.364167
8 0.439844 0.353301 0.440005 0.355810 0.448060 0.359426 0.447104 0.356671
8 0.478094 0.322847 0.480958 0.322917 0.507339 0.323778 0.507378 0.321769 0.480674 0.321125
1 0.443617 0.322204 0.444070 0.323319 0.449336 0.328093 0.447698 0.329208 0.443409 0.323940 0.443164 0.323134 0.443375 0.321954
1 0.443932 0.319972 0.451393 0.326542 0.452891 0.324060 0.453344 0.324870 0.452195 0.326292 0.450346 0.327532 0.443721 0.321213
1 0.456057 0.310472 0.456091 0.312269 0.456128 0.314810 0.455500 0.316236 0.454104 0.316731 0.454349 0.317972 0.455883 0.317352 0.456544 0.316236 0.456893 0.314870 0.457138 0.312269 0.456997 0.309852 0.455964 0.309630
8 0.446143 0.383227 0.444375 0.399565 0.443578 0.396606 0.444789 0.383227 0.445818 0.370366 0.446891 0.371528
8 0.454539 0.363634 0.452448 0.368194 0.452031 0.366991 0.453937 0.363102
8 0.499362 0.551699 0.498943 0.553356 0.507016 0.562815 0.508276 0.564394 0.522326 0.581069 0.522698 0.579079 0.508701 0.562940 0.507115 0.560370
1 0.479260 0.302375 0.472812 0.302750 0.472708 0.301139 0.477518 0.301199
8 0.433578 0.285009 0.443760 0.273546 0.444164 0.272741 0.449151 0.266977 0.449500 0.265861 0.450128 0.253218 0.450174 0.219329 0.448880 0.219269 0.448917 0.251875 0.448549 0.265231 0.442805 0.272042 0.432307 0.284088
8 0.459008 0.304403 0.467753 0.308287 0.467883 0.306981 0.459263 0.302532 0.441234 0.291384 0.433667 0.285602 0.433578 0.285009 0.432307 0.284088 0.432401 0.285653 0.434089 0.288708 0.440779 0.293102
8 0.470391 0.331204 0.486643 0.336986 0.487206 0.336074 0.487065 0.335574 0.471430 0.329935
1 0.513344 0.353662 0.514635 0.345699 0.514797 0.342833 0.517560 0.332755 0.516732 0.332148 0.513990 0.342472 0.513789 0.345630 0.512396 0.354083
8 0.542891 0.300690 0.540354 0.326727 0.538669 0.325838 0.541484 0.299074
1 0.537302 0.484296 0.534818 0.486023 0.533685 0.488134 0.533576 0.488903 0.533956 0.489769 0.534333 0.490824 0.534818 0.492745 0.535089 0.494088 0.536385 0.495338 0.537411 0.496199 0.537734 0.496778 0.537734 0.498407 0.536224 0.497546 0.534818 0.496009 0.533523 0.495241 0.533036 0.494088 0.532604 0.493222 0.531849 0.492935 0.530552 0.493032 0.528339 0.493898 0.528177 0.496102 0.527474 0.498023 0.526719 0.496870 0.526557 0.495241 0.527474 0.493801 0.529042 0.492458 0.530984 0.491690 0.532120 0.491495 0.532497 0.489574 0.533685 0.486023 0.534279 0.484681 0.536602 0.483431 0.537411 0.483338
1 0.566284 0.424347 0.557276 0.423269 0.556529 0.421856 0.556484 0.421361 0.556904 0.420282 0.562831 0.417958 0.567685 0.413810 0.567552 0.416157 0.563297 0.418787 0.557977 0.420694 0.557789 0.421523 0.558258 0.422106 0.567109 0.423287 0.566984 0.424676
1 0.545599 0.438657 0.548385 0.438954 0.548628 0.440458 0.548547 0.441676 0.545807 0.441806 0.546068 0.444954 0.553698 0.441250 0.553750 0.440602 0.549839 0.441676 0.549516 0.439384 0.553711 0.440028 0.553776 0.438843 0.548667 0.437088 0.545440 0.429199 0.545000 0.429630 0.547781 0.437157 0.545469 0.437037
1 0.520719 0.472880 0.524570 0.465324 0.528253 0.458338 0.532060 0.450324 0.533951 0.449843 0.539831 0.447486 0.541651 0.446991 0.544750 0.445616 0.544661 0.443889 0.533193 0.448690 0.536813 0.443412 0.540214 0.439282 0.540969 0.440912 0.541995 0.442065 0.544479 0.442269 0.544263 0.437171 0.541562 0.437264 0.541240 0.437171 0.540591 0.435921 0.539997 0.435056 0.539565 0.434292 0.538971 0.434292 0.538323 0.434292 0.529846 0.422963 0.529198 0.423153 0.532870 0.429778 0.534544 0.432176 0.534544 0.437264 0.534706 0.442162 0.535299 0.442259 0.535354 0.433523 0.539349 0.438032 0.537568 0.440819 0.533786 0.444944 0.530492 0.450898 0.520180 0.472500
8 0.581911 0.526125 0.584898 0.540426 0.585169 0.543787 0.586664 0.550699 0.585315 0.550699 0.580724 0.526796
8 0.586016 0.525370 0.591380 0.545000 0.588802 0.543102 0.584289 0.525741
8 0.586880 0.528426 0.591328 0.545046 0.592604 0.545806 0.587474 0.527565
8 0.599802 0.550986 0.584898 0.540426 0.585169 0.543787 0.599911 0.554157 0.609359 0.559338 0.609854 0.557667
1 0.591271 0.514745 0.593323 0.515565 0.592891 0.524491 0.592891 0.525931 0.593591 0.527657 0.596076 0.533037 0.598831 0.536972 0.599789 0.537537 0.601628 0.552162 0.599802 0.550986 0.598505 0.540426 0.597266 0.538125 0.595482 0.535338 0.594456 0.533708 0.594023 0.532843 0.591971 0.528810 0.592458 0.536009 0.590945 0.534954 0.590568 0.529963 0.590768 0.526940 0.590685 0.520398
1 0.575180 0.418032 0.573219 0.420769 0.574620 0.420023 0.574573 0.421102 0.574013 0.422514 0.572753 0.423259 0.571820 0.423838 0.571445 0.425417 0.571867 0.426412 0.573172 0.429731 0.572706 0.431389 0.571958 0.432634 0.570000 0.432139 0.572659 0.448815 0.575414 0.448731 0.576534 0.447986 0.577794 0.446907 0.576440 0.419606 0.577047 0.419606 0.578260 0.447736 0.577654 0.455370 0.576253 0.467069 0.575693 0.466986 0.576813 0.449644 0.572893 0.450639 0.572612 0.451884 0.571586 0.451884 0.568411 0.429565 0.569253 0.429148 0.570372 0.430560 0.572005 0.431139 0.572146 0.430644 0.572240 0.429315 0.571680 0.428653 0.570701 0.426329 0.570232 0.423755 0.569719 0.422181 0.570185 0.421435 0.570979 0.422264 0.572005 0.421764 0.573219 0.418694 0.575227 0.416125
1 0.571513 0.379431 0.575862 0.386569 0.575529 0.400843 0.575445 0.408130 0.575529 0.410361 0.569062 0.413769 0.568922 0.415875 0.576667 0.411120 0.576198 0.400903 0.576758 0.386644 0.577370 0.381917 0.578021 0.379579 0.578112 0.379671 0.578297 0.382986 0.579091 0.382657 0.579000 0.378838 0.578633 0.378005 0.578346 0.377843 0.577745 0.378259 0.576107 0.383907 0.571815 0.378583
8 0.535299 0.400032 0.533635 0.409986 0.531500 0.409940 0.532060 0.403199 0.532060 0.403199 0.532182 0.402694 0.532182 0.402551 0.533271 0.400833 0.534167 0.397477 0.534544 0.398690
8 0.513203 0.390556 0.507070 0.382213 0.505885 0.385023 0.512044 0.393662 0.513286 0.395875 0.512721 0.397681 0.512891 0.399287 0.514021 0.400194 0.515326 0.399972 0.516570 0.400273 0.517526 0.400694 0.518938 0.399088 0.518768 0.396778 0.516734 0.395069 0.515651 0.394167 0.514078 0.392255 0.514479 0.392454
8 0.504760 0.423880 0.508036 0.421065 0.510354 0.418454 0.515102 0.419157 0.514648 0.420667 0.512896 0.423278 0.509451 0.426694 0.507247 0.428500 0.506625 0.428801 0.503724 0.428569 0.503742 0.428704 0.505536 0.425685
8 0.516570 0.400273 0.514932 0.414940 0.513802 0.414134 0.514253 0.406801 0.515326 0.399972
8 0.530521 0.412685 0.526169 0.411343 0.517526 0.400694 0.518938 0.399088 0.526534 0.407787 0.527346 0.408574 0.529359 0.409722 0.531500 0.409940 0.542839 0.410509 0.542805 0.413301 0.542805 0.413301
8 0.531307 0.426560 0.530232 0.435602 0.528312 0.430079 0.529198 0.423153
8 0.528932 0.453986 0.529443 0.448764 0.528370 0.449208 0.526448 0.449264 0.524922 0.462523
8 0.537995 0.448287 0.538268 0.465852 0.536703 0.482083 0.536703 0.482083 0.536461 0.471074 0.536461 0.448972
8 0.555130 0.410833 0.566852 0.411356 0.567685 0.413810 0.555232 0.413796
8 0.543867 0.409801 0.554115 0.410509 0.554049 0.413574 0.543792 0.412810
16 0.518107 0.632176 0.521693 0.612097 0.524742 0.591792 0.525135 0.589708 0.524482 0.587491 0.523172 0.585514 0.520099 0.584236 0.515786 0.582958 0.514870 0.583315 0.512755 0.584593 0.510914 0.587713 0.510831 0.591120 0.511531 0.596579 0.512039 0.597606 0.512690 0.600051 0.512760 0.602620 0.512760 0.603519 0.512039 0.607120 0.512003 0.614926 0.512419 0.621009 0.513508 0.625764 0.515849 0.629347
8 0.511573 0.520218 0.517565 0.523097 0.517057 0.527176 0.511409 0.524634
6 0.532005 0.501389 0.534318 0.520667 0.537643 0.499204
6 0.543547 0.304778 0.544922 0.315329 0.545047 0.319106 0.545859 0.325551 0.548859 0.334667 0.560167 0.368759 0.563917 0.350764 0.560792 0.341370 0.557839 0.332778 0.554646 0.323380 0.552260 0.315745 0.548935 0.314204 0.547734 0.297894
5 0.468383 0.529356 0.468328 0.534542 0.468221 0.536176 0.468057 0.537519 0.466708 0.539056 0.466602 0.534255 0.465466 0.534639 0.465260 0.542593 0.462951 0.534560 0.462331 0.535065 0.465099 0.544005 0.464766 0.546065 0.462820 0.551440 0.461039 0.544333 0.460120 0.535597
5 0.527919 0.300713 0.538458 0.302199 0.538458 0.303685 0.538542 0.306213 0.537286 0.311269 0.535112 0.318111 0.532937 0.320787 0.528505 0.324801 0.521396 0.328519 0.520224 0.328519 0.519891 0.328519 0.517297 0.330301 0.511510 0.324815 0.515122 0.320338 0.518719 0.320338 0.520810 0.322125 0.523234 0.324056 0.525159 0.324352 0.526497 0.322718 0.527083 0.320639 0.525745 0.318852 0.524992 0.316769 0.524656 0.314394 0.523904 0.312014 0.523987 0.310676 0.524740 0.309634 0.525076 0.308296 0.525578 0.306806 0.525911 0.305023
8 0.470849 0.620366 0.488667 0.668523 0.489961 0.671028 0.490648 0.670741 0.490846 0.669231 0.489792 0.666898 0.471576 0.618431 0.470810 0.618931
1 0.466122 0.488486 0.468393 0.488755 0.469828 0.489671 0.471630 0.492088 0.472953 0.493722 0.473799 0.495426 0.474315 0.495620 0.475198 0.496144 0.476448 0.496796 0.477552 0.497449 0.477956 0.497843 0.478396 0.498560 0.477625 0.499019 0.476299 0.498102 0.475182 0.497894 0.474375 0.496722 0.472857 0.495824 0.472659 0.494903 0.471393 0.492958 0.468612 0.490088 0.465872 0.489931
8 0.475182 0.497894 0.474297 0.508287 0.472807 0.520440 0.472185 0.528329 0.471083 0.543190 0.471141 0.549042 0.472596 0.548565 0.473568 0.526000 0.476250 0.498102
5 0.455378 0.424949 0.456500 0.445278 0.455208 0.447685 0.449930 0.432782 0.449242 0.420009 0.451052 0.415454 0.452177 0.413454 0.452927 0.410898 0.452302 0.410120 0.448992 0.418343 0.448430 0.405569 0.448617 0.404903 0.453990 0.407014
1 0.528958 0.292949 0.528958 0.295532 0.529484 0.296394 0.530815 0.296250 0.531904 0.295458 0.533073 0.293741 0.533719 0.293023 0.534284 0.292806 0.534849 0.292736 0.535695 0.293380 0.538560 0.294671 0.539529 0.293597 0.540010 0.292231 0.538560 0.291370 0.538599 0.290296 0.540320 0.290722 0.540917 0.291394 0.541727 0.291394 0.543076 0.293505 0.543779 0.294273 0.545901 0.296606 0.547734 0.297894 0.546951 0.298972 0.545417 0.298042 0.545740 0.300694 0.545755 0.301102 0.544661 0.302861 0.542891 0.300690 0.540911 0.298417 0.540654 0.298093 0.539560 0.297032 0.538724 0.296148 0.535365 0.300546 0.534872 0.300639 0.534768 0.299991 0.537708 0.296333 0.537708 0.296014 0.537451 0.295681 0.534609 0.293968 0.533805 0.294713 0.532372 0.296014 0.531695 0.296889 0.531536 0.297167 0.530807 0.297444 0.529846 0.297625 0.529036 0.297259 0.528385 0.296380 0.528125 0.295588 0.528099 0.294153 0.528258 0.292815
1 0.464997 0.489931 0.462073 0.489657 0.461727 0.489903 0.461854 0.492625 0.462151 0.492625 0.462664 0.493005 0.462961 0.493231 0.463302 0.493458 0.463813 0.493685 0.463854 0.493838 0.463768 0.494444 0.463471 0.494745 0.463302 0.494745 0.462536 0.494519 0.461854 0.494065 0.462398 0.498694 0.462602 0.503787 0.463487 0.505074 0.465383 0.505435 0.466292 0.506625 0.469154 0.507968 0.471310 0.509523 0.471229 0.510741 0.469667 0.509829 0.467935 0.508843 0.465073 0.506731 0.462479 0.505505 0.461956 0.504861 0.461672 0.499556 0.461174 0.494671 0.460706 0.494671 0.460026 0.494065 0.459513 0.493306 0.458961 0.492398 0.458833 0.491944 0.458833 0.490889 0.458833 0.490282 0.458875 0.488995 0.458536 0.489069 0.457047 0.491190 0.456154 0.491796 0.456008 0.490005 0.457258 0.488454 0.458633 0.487120 0.459570 0.487676 0.461471 0.488162 0.464000 0.487708
8 0.519375 0.352546 0.524068 0.363926 0.525005 0.363815 0.525503 0.363815 0.519943 0.350931
8 0.524154 0.457819 0.523112 0.466301 0.524112 0.464194 0.525049 0.457306
8 0.523906 0.466574 0.522693 0.468903 0.521526 0.477694 0.522740 0.477366
8 0.486849 0.513472 0.489893 0.548759 0.492599 0.549426 0.492552 0.547847 0.489565 0.514662
8 0.485607 0.497903 0.486570 0.509801 0.489305 0.511051 0.487820 0.496838
8 0.466292 0.506625 0.469154 0.507968 0.471586 0.506722 0.472016 0.502787
8 0.461240 0.508597 0.465073 0.506731 0.467935 0.508843 0.461563 0.513546
8 0.485607 0.497903 0.475638 0.504306 0.476089 0.500074 0.480937 0.496894 0.482687 0.495782 0.483438 0.494894 0.492466 0.489037 0.511961 0.476176 0.513693 0.475111 0.513419 0.480014 0.492034 0.493264 0.487820 0.496838
8 0.517297 0.330301 0.534315 0.347773 0.534128 0.349931 0.517560 0.332755 0.507378 0.321769 0.507945 0.321056 0.511911 0.325120
8 0.527497 0.524782 0.523810 0.537894 0.518875 0.553884 0.518375 0.557218 0.520104 0.575972 0.521312 0.577546 0.519375 0.557440 0.519813 0.554106 0.526122 0.533116 0.528872 0.522565
8 0.510823 0.531977 0.513687 0.558292 0.512607 0.567338 0.510057 0.543375
8 0.514479 0.569583 0.519299 0.533579 0.528253 0.458338 0.524570 0.465324 0.519898 0.502958 0.512607 0.567338
5 0.450333 0.439370 0.451055 0.452259 0.453378 0.451940 0.454076 0.449843 0.454076 0.449843
8 0.454076 0.449843 0.448990 0.435282 0.448701 0.429125 0.449930 0.432782 0.455234 0.447639
8 0.452398 0.380319 0.455888 0.391093 0.455047 0.398310 0.454982 0.402315 0.449880 0.382389 0.452023 0.382148
8 0.457458 0.413593 0.460320 0.421370 0.463128 0.425208 0.463885 0.423287 0.462904 0.419449 0.461909 0.415981
8 0.499885 0.325028 0.492266 0.331574 0.491302 0.329398 0.498747 0.323472
6 0.492604 0.300972 0.502398 0.318130 0.505648 0.318352 0.505961 0.314685 0.494349 0.296065
6 0.454164 0.341870 0.462779 0.334287 0.465036 0.324620 0.460185 0.321051 0.442956 0.332204 0.448141 0.340236
8 0.449672 0.359833 0.474596 0.325486 0.483044 0.319389 0.483128 0.316713 0.473927 0.322806 0.449003 0.357306
5 0.472596 0.378977 0.479784 0.386611 0.480156 0.385949 0.480438 0.383042 0.479831 0.382213 0.472784 0.378148
5 0.468815 0.369935 0.468208 0.374000 0.471010 0.375245 0.476703 0.377815 0.479737 0.380472 0.479411 0.377319 0.478570 0.376157 0.478289 0.374912 0.477685 0.373750 0.477078 0.372421 0.476378 0.371509 0.475724 0.371176 0.474742 0.370597
5 0.463542 0.369769 0.465268 0.371593 0.467602 0.373667 0.468255 0.368690 0.464336 0.368273 0.463635 0.368190
5 0.462703 0.389764 0.463122 0.393745 0.463401 0.395491 0.464008 0.396731 0.464477 0.397977 0.464990 0.403204 0.465268 0.405944 0.465596 0.406356 0.466062 0.407352 0.467182 0.408681 0.469284 0.409509 0.469797 0.410259 0.471148 0.409509 0.472409 0.409343 0.473156 0.409926 0.474044 0.410588 0.474883 0.412912 0.475490 0.413245 0.477964 0.411583 0.481138 0.407023 0.481417 0.405611 0.480951 0.400801 0.481276 0.397565 0.481417 0.395407 0.481044 0.391259 0.480297 0.389102 0.468117 0.376407 0.467742 0.377981 0.467555 0.381468 0.466857 0.381468 0.467135 0.378560 0.467323 0.376157 0.463076 0.374329
5 0.461674 0.391588 0.455888 0.391093 0.455047 0.398310 0.454909 0.410755 0.454956 0.411833 0.455654 0.412829 0.461909 0.415981 0.463216 0.417144 0.465596 0.419551 0.469609 0.421042 0.470635 0.421042 0.471570 0.420380 0.472224 0.419301 0.472831 0.417394 0.473250 0.415403 0.472969 0.414491 0.471664 0.413574 0.470682 0.412250 0.469797 0.410259 0.469284 0.409509 0.467182 0.408681 0.466062 0.407352 0.465596 0.406356 0.464242 0.404866 0.463776 0.407685 0.463589 0.408102 0.462982 0.408764 0.462375 0.408681 0.461956 0.407352 0.462281 0.391505
5 0.565258 0.343273 0.563917 0.350764 0.560167 0.368759 0.555354 0.390491 0.556417 0.397713 0.557169 0.401708 0.558919 0.395940 0.571289 0.341176 0.566539 0.340394
5 0.539781 0.281315 0.540320 0.290722 0.540917 0.291394 0.541727 0.291394 0.543076 0.293505 0.543779 0.294273 0.545992 0.291491 0.547201 0.291069 0.545031 0.261894 0.539510 0.257986 0.537362 0.257495 0.536271 0.259810 0.536380 0.261056 0.537945 0.265472 0.538378 0.266435 0.539242 0.266528 0.539458 0.267204 0.539133 0.267681 0.538810 0.268352
5 0.557839 0.332778 0.554646 0.323380 0.554141 0.315102 0.553924 0.309060 0.554646 0.307648 0.556091 0.306491 0.557177 0.305079 0.559057 0.302250 0.560357 0.301657 0.560503 0.299731 0.561586 0.299218 0.564333 0.337259 0.563320 0.339185 0.560792 0.341370
5 0.558333 0.292481 0.557411 0.285259 0.553125 0.260787 0.551708 0.253694 0.549896 0.251028 0.548208 0.250028 0.546271 0.250361 0.544461 0.252917 0.544164 0.256370 0.544310 0.259324 0.545031 0.261894 0.547201 0.291069 0.548935 0.314204 0.552260 0.315745 0.554141 0.315102 0.553924 0.309060 0.554646 0.307648 0.556091 0.306491 0.557177 0.305079 0.559057 0.302250
5 0.596039 0.450954 0.596792 0.468801 0.595284 0.472963 0.594701 0.476977 0.594867 0.486644 0.594198 0.492741 0.593862 0.496009 0.593612 0.498542 0.593026 0.506569 0.592190 0.510435 0.591271 0.514745 0.590685 0.520398 0.590768 0.526940 0.587674 0.523671 0.586753 0.520991 0.584161 0.516532 0.583409 0.511181 0.583240 0.502106 0.583909 0.491995 0.586370 0.485380 0.587724 0.482125 0.587622 0.475759 0.585690 0.475060 0.585206 0.472144 0.584529 0.468694 0.583943 0.462153 0.586560 0.458898 0.592073 0.451833 0.594297 0.449944
5 0.484344 0.431731 0.495982 0.432889 0.498078 0.432630 0.503646 0.430315 0.505958 0.429931 0.506826 0.430315 0.510656 0.434815 0.512609 0.433528 0.516224 0.429162 0.519982 0.427491 0.526128 0.425560 0.527068 0.426463 0.532562 0.442269 0.532201 0.444838 0.532055 0.446639 0.530536 0.448181 0.528370 0.449208 0.523888 0.449468 0.522513 0.450750 0.519404 0.453065 0.517453 0.452551 0.512536 0.451653 0.499596 0.444454 0.498224 0.444838 0.497211 0.446125 0.494320 0.447153 0.491573 0.445481 0.482826 0.438157 0.480078 0.437384 0.480224 0.436616 0.480872 0.435074 0.481958 0.433787
5 0.469122 0.470157 0.474190 0.458463 0.477750 0.447685 0.479125 0.444579 0.480375 0.443356 0.481063 0.443245 0.482250 0.444912 0.491185 0.455130 0.493995 0.458685 0.494932 0.460019 0.494745 0.462458 0.484935 0.490894 0.483438 0.494894 0.482687 0.495782 0.480937 0.496894 0.477938 0.493671 0.471315 0.488231 0.470003 0.486898 0.468440 0.484231 0.467122 0.481931 0.467185 0.480153
5 0.452065 0.461273 0.456008 0.490005 0.457258 0.488454 0.458633 0.487120 0.459570 0.487676 0.461505 0.488231 0.464000 0.487708 0.463687 0.478046 0.463375 0.472491 0.463063 0.468824 0.461938 0.466380 0.461438 0.465602 0.459875 0.465602 0.457875 0.465157 0.457125 0.464602 0.456065 0.463162 0.454503 0.463162 0.453128 0.462384
5 0.456500 0.445278 0.455378 0.424949 0.459875 0.424727 0.462125 0.427838 0.464497 0.443389 0.462875 0.441389 0.460562 0.439944 0.459750 0.440278
5 0.522742 0.244829 0.525555 0.244056 0.527927 0.243722 0.529677 0.243833 0.530990 0.245829 0.535487 0.257940 0.537362 0.257495 0.534924 0.240722 0.531490 0.241611 0.523430 0.218282 0.522805 0.218505 0.515432 0.221949 0.515057 0.222949 0.515057 0.223838 0.521680 0.243611
5 0.446891 0.371528 0.446143 0.383227 0.452023 0.382148 0.452398 0.380319 0.451557 0.378162 0.449971 0.374514 0.449224 0.370282 0.447682 0.364310 0.440404 0.365551 0.440263 0.366134 0.442224 0.384139 0.444789 0.383227 0.445818 0.370366
8 0.461240 0.508597 0.462612 0.533657 0.460805 0.535329 0.458708 0.504356
8 0.463776 0.553796 0.466604 0.547412 0.468302 0.540546 0.469375 0.535231 0.473253 0.506778 0.474375 0.496722 0.472857 0.495824 0.470833 0.514329 0.468383 0.529356 0.468328 0.534542 0.468221 0.536176 0.468057 0.537519 0.466708 0.539056 0.465195 0.543088 0.464766 0.546065 0.462221 0.552995 0.462898 0.557565
8 0.470938 0.528148 0.474375 0.496722 0.475182 0.497894 0.474297 0.508287 0.472807 0.520440 0.472185 0.528329 0.471083 0.543190 0.470815 0.543190 0.470279 0.552597 0.469573 0.552398 0.469628 0.550477
8 0.463776 0.553796 0.466130 0.578833 0.464523 0.579000 0.462898 0.557565
8 0.478740 0.506588 0.478740 0.510042 0.509789 0.523292 0.510060 0.519644
8 0.561586 0.299218 0.561664 0.294005 0.563625 0.293593 0.564510 0.324042 0.566146 0.341389 0.565258 0.343273 0.564333 0.337259
8 0.567562 0.357597 0.568122 0.381079 0.568451 0.400375 0.567385 0.419301 0.564362 0.464634 0.565984 0.465074 0.566549 0.465185 0.568922 0.415875 0.570172 0.394102 0.568620 0.352963
8 0.555130 0.401250 0.555214 0.370472 0.554133 0.370472 0.554203 0.399940
8 0.553508 0.458940 0.555445 0.460051 0.555138 0.403403 0.554219 0.402037
8 0.546396 0.474079 0.542792 0.413032 0.543167 0.381375 0.543604 0.369491 0.544604 0.369380 0.544292 0.388708 0.543792 0.412810 0.548977 0.487565 0.547583 0.487963
8 0.544336 0.456194 0.546396 0.474079 0.547583 0.487963 0.546023 0.488630 0.542523 0.456306
8 0.539831 0.447486 0.536703 0.482083 0.538711 0.482083 0.541651 0.446991
5 0.432401 0.285653 0.434089 0.288708 0.440779 0.293102 0.440719 0.294866 0.438971 0.300222 0.438701 0.301940 0.438398 0.302472 0.437646 0.302690 0.435385 0.305352 0.433935 0.306014 0.433565 0.304023 0.433471 0.300037 0.432818 0.298130 0.432302 0.295060 0.432396 0.292069 0.432258 0.286676
5 0.433578 0.285009 0.443760 0.273546 0.444393 0.274352 0.443852 0.276171 0.442857 0.279227 0.442586 0.279815 0.442195 0.280296 0.442586 0.281745 0.443159 0.283565 0.443190 0.285065 0.443190 0.287153 0.443008 0.288278 0.442888 0.288815 0.442495 0.288921 0.442284 0.287903 0.441260 0.291440 0.433667 0.285602
9 0.586495 0.549819 0.588083 0.550005 0.588630 0.549264 0.587745 0.545653 0.585169 0.543787 0.585169 0.543787
9 0.583953 0.543560 0.580789 0.542917 0.580909 0.548278 0.585128 0.549560
2 0.426018 0.216519 0.518945 0.194065 0.519036 0.220324 0.515432 0.221949 0.515339 0.203329 0.474286 0.213056 0.475099 0.251940 0.489602 0.248208 0.493909 0.253380 0.458763 0.262412 0.453464 0.256667 0.471354 0.252500 0.470911 0.213898 0.450159 0.219301 0.448880 0.219269 0.437500 0.221889 0.426828 0.224338
5 0.453378 0.451940 0.454036 0.449954 0.456500 0.445278 0.459750 0.440278 0.460562 0.439944 0.462875 0.441389 0.464497 0.443389 0.465622 0.446389 0.467435 0.447167 0.472870 0.449056 0.474120 0.450051 0.474245 0.451606 0.472807 0.456606 0.471060 0.462384 0.469122 0.470157 0.467185 0.480153 0.467122 0.481931 0.466122 0.488486 0.465872 0.489931 0.464997 0.489931 0.464000 0.487708 0.463687 0.478046 0.463375 0.472491 0.463063 0.468824 0.461938 0.466380 0.461438 0.465602 0.459875 0.465602 0.457875 0.465157 0.457125 0.464602 0.456065 0.463162 0.454503 0.463162 0.453128 0.462384 0.452065 0.461273 0.451503 0.459051
5 0.450128 0.253218 0.449500 0.265861 0.449151 0.266977 0.444164 0.272741 0.443760 0.273546 0.444393 0.274352 0.447687 0.276769 0.450128 0.278315 0.451591 0.278875 0.452393 0.280176 0.453893 0.282347 0.456612 0.285319 0.461143 0.289843 0.471227 0.297125 0.480505 0.303218 0.486339 0.307250 0.487904 0.308019 0.489474 0.307731 0.491687 0.303412 0.494977 0.294287 0.496500 0.289843 0.496500 0.289620 0.488190 0.282514 0.487565 0.280958 0.486503 0.281292 0.483443 0.279296 0.472818 0.272412 0.462823 0.264856 0.458763 0.262412 0.453464 0.256759
8 0.466693 0.604046 0.467674 0.617718 0.468049 0.621875 0.468602 0.621245 0.468240 0.608370 0.468323 0.606583 0.467870 0.605181 0.467185 0.563523 0.467185 0.563523 0.467352 0.560435 0.467240 0.551806 0.466604 0.547412 0.466604 0.547412 0.465417 0.550139 0.466130 0.578833 0.466130 0.578833
8 0.475721 0.579250 0.478870 0.589185 0.478870 0.589185 0.480182 0.593630 0.480927 0.593736 0.480927 0.593736 0.476687 0.580356 0.469677 0.556431 0.466604 0.547412 0.467240 0.551806 0.472427 0.568977
8 0.467185 0.563523 0.467352 0.560435 0.475721 0.579250 0.475721 0.579250 0.478870 0.589185 0.478870 0.589185 0.480182 0.595514 0.480182 0.595514 0.479615 0.596069 0.476208 0.581843 0.476208 0.581843 0.473021 0.575602 0.471130 0.572338 0.470698 0.571472 0.467674 0.563792 0.467674 0.563792
5 0.472148 0.657505 0.481589 0.664120 0.487708 0.669028 0.488698 0.668611 0.488698 0.668611 0.482682 0.652269 0.482682 0.652269 0.473362 0.657421
5 0.489792 0.666898 0.493568 0.663148 0.489115 0.646389 0.483984 0.651204 0.483880 0.651204
5 0.432307 0.284088 0.442805 0.272042 0.441036 0.270861 0.437685 0.267194 0.435964 0.264352 0.435477 0.263856 0.434003 0.265032 0.433193 0.267130
5 0.431424 0.242838 0.432786 0.242250 0.434039 0.242315 0.436839 0.243167 0.438865 0.243819 0.442620 0.246310 0.445677 0.248995 0.448917 0.251875 0.448549 0.265231 0.442805 0.272042 0.441036 0.270861 0.437685 0.267194 0.432935 0.259273 0.428182 0.251218 0.427669 0.248861 0.427779 0.247356 0.428294 0.245981 0.429031 0.245394
5 0.434039 0.242315 0.436839 0.243167 0.438865 0.243819 0.442620 0.246310 0.445677 0.248995 0.448917 0.251875 0.448880 0.219269 0.437500 0.221889 0.435695 0.223852 0.434664 0.226144 0.433930 0.229023 0.433745 0.235245 0.433818 0.238977
8 0.452500 0.368148 0.461021 0.371088 0.467602 0.373667 0.468208 0.374000 0.471010 0.375245 0.476703 0.377815 0.479737 0.380472 0.486505 0.385162 0.499688 0.394944 0.499474 0.395838 0.479831 0.382213 0.472784 0.378148 0.468117 0.376407 0.467742 0.377981 0.467555 0.381468 0.466857 0.381468 0.467135 0.378560 0.467323 0.376157 0.463076 0.374329 0.452969 0.369769
