10 0.550516 0.378481 0.546068 0.380972 0.539935 0.368944 0.540443 0.361157 0.541615 0.344824 0.542695 0.344722 0.543872 0.344954 0.545310 0.345884 0.546880 0.346463 0.547534 0.347278 0.548122 0.349602 0.548643 0.349602 0.549010 0.348148 0.549755 0.356227 0.550357 0.361704
10 0.509617 0.321685 0.509818 0.311806 0.502232 0.313537 0.498286 0.313894 0.495461 0.316583 0.492599 0.319935 0.488799 0.321685 0.486831 0.326940 0.487253 0.329690 0.490828 0.333361 0.493755 0.339366 0.495104 0.346569 0.495781 0.354769 0.498112 0.371426 0.506904 0.387884 0.510745 0.395884 0.515052 0.408519 0.521823 0.407593 0.522010 0.390685 0.525758 0.378931 0.523099 0.377907 0.520786 0.374208 0.518823 0.366398 0.516047 0.362083 0.512234 0.353245 0.509576 0.347083 0.508188 0.336806 0.507956 0.324065
10 0.501224 0.253380 0.499003 0.254949 0.497789 0.254454 0.495221 0.257773 0.495461 0.258833 0.499818 0.263981 0.499786 0.261523 0.501523 0.261588 0.502891 0.259491 0.502057 0.256574
10 0.527828 0.449759 0.528523 0.448213 0.520245 0.445315 0.513318 0.440546 0.511742 0.442681 0.504570 0.433264 0.501445 0.432819 0.499448 0.436153 0.499063 0.441481 0.515961 0.445759 0.515755 0.447454 0.517161 0.446667
8 0.504896 0.238935 0.515938 0.246574 0.516458 0.244398 0.504979 0.236856 0.497839 0.232870 0.496354 0.233889
10 0.540232 0.301343 0.541799 0.300810 0.544932 0.301130 0.546500 0.302736 0.546922 0.305736 0.541523 0.322032 0.540841 0.314694
10 0.469174 0.422583 0.463648 0.420750 0.462125 0.420343 0.459279 0.420843 0.464786 0.438931 0.466747 0.445648 0.467125 0.443972 0.469466 0.438722 0.469734 0.424324
10 0.483359 0.581528 0.487891 0.581204 0.497521 0.586319 0.493552 0.593546
10 0.488609 0.384500 0.489479 0.383657 0.491596 0.383759 0.492654 0.384713 0.494188 0.388491 0.493844 0.391310 0.492969 0.399537 0.479359 0.426361 0.475062 0.427356 0.471510 0.420880 0.471503 0.418088 0.472112 0.416278 0.475268 0.410667 0.479266 0.412407 0.478672 0.408935 0.478177 0.406389 0.476042 0.404676 0.476391 0.402162 0.483719 0.394741 0.486469 0.391662 0.488099 0.387139
10 0.508281 0.453009 0.505911 0.453565 0.504839 0.455245 0.504714 0.456579 0.505255 0.458634 0.506227 0.459931 0.507589 0.460245 0.509115 0.460185 0.511510 0.455046 0.513227 0.451079 0.516068 0.451759 0.516263 0.450588 0.517068 0.446653 0.515760 0.447370 0.509924 0.449870 0.510328 0.452736
10 0.560995 0.326361 0.560362 0.324259 0.556255 0.337625 0.555523 0.337556 0.554005 0.338972 0.553789 0.340898 0.553716 0.341671 0.551042 0.341412 0.550977 0.349056 0.553023 0.360005 0.553609 0.360301 0.556258 0.349894 0.556536 0.342218
10 0.435167 0.353421 0.436878 0.350347 0.443500 0.342991 0.445430 0.338579 0.447362 0.336125 0.447086 0.332935 0.443776 0.330977 0.441844 0.328278 0.440188 0.325579 0.444385 0.324894 0.452266 0.326528 0.458807 0.329093 0.462495 0.330991 0.462495 0.334403 0.465013 0.329074 0.468247 0.324602 0.468789 0.324755 0.467737 0.326157 0.466690 0.328787 0.463846 0.334750 0.463643 0.336921 0.464760 0.340171 0.469943 0.344509 0.469740 0.338546 0.468471 0.334394 0.470714 0.337519 0.473341 0.342343 0.472711 0.344769 0.472484 0.352171 0.473047 0.354569 0.473948 0.344769 0.478112 0.346769 0.481938 0.350968 0.479013 0.369977 0.480250 0.371574 0.483625 0.373176 0.484057 0.378389 0.487081 0.382685 0.486477 0.386352 0.483836 0.391986 0.475391 0.400880 0.475208 0.403472 0.468284 0.397222 0.467578 0.399944 0.467341 0.406231 0.465573 0.406231 0.465102 0.404347 0.463924 0.407069 0.460859 0.404972 0.459562 0.402671 0.455557 0.398060 0.457612 0.398032 0.459760 0.397866 0.457708 0.362593 0.449583 0.366528 0.440010 0.362194 0.438034 0.365153
10 0.507956 0.324065 0.508188 0.336806 0.509576 0.347083 0.512234 0.353245 0.516047 0.362083 0.518823 0.366398 0.520786 0.374208 0.523099 0.377907 0.525758 0.378931 0.528740 0.375458 0.531536 0.366343 0.530052 0.363426 0.531615 0.360653 0.534997 0.359023 0.539432 0.349713 0.537284 0.374306 0.538380 0.374958 0.539388 0.374144 0.539935 0.368944 0.541615 0.344824 0.542250 0.331569 0.541523 0.322032 0.540841 0.314694 0.540276 0.302694 0.540276 0.297435 0.538589 0.291931 0.535917 0.290694 0.530854 0.289690 0.528740 0.289194 0.524948 0.298935 0.521146 0.307194 0.517771 0.312949 0.516927 0.317944
10 0.555758 0.419829 0.556763 0.419343 0.557586 0.419019 0.558958 0.419991 0.559232 0.419181 0.560672 0.419606 0.561185 0.418028 0.561885 0.419190 0.561419 0.420931 0.562398 0.423005 0.563193 0.422843 0.564896 0.428009 0.567187 0.444491 0.552693 0.444245 0.551698 0.441417 0.550672 0.438097 0.554125 0.432375 0.555292 0.429472 0.552023 0.422500 0.550591 0.419023 0.547135 0.411204 0.549063 0.411574 0.552008 0.412190
10 0.473190 0.447477 0.473833 0.449486 0.473352 0.450704 0.473190 0.451852 0.473513 0.452787 0.475286 0.454435 0.475651 0.454218 0.481216 0.451278 0.483797 0.450634 0.486219 0.450273 0.485078 0.447009 0.488497 0.438782 0.493802 0.440139 0.502005 0.429861 0.491198 0.415509
10 0.520443 0.413380 0.520930 0.427065 0.517781 0.433639 0.512188 0.438981 0.513318 0.440546 0.520245 0.445315 0.530922 0.448968 0.540638 0.449940 0.536198 0.427454 0.534948 0.410694
10 0.513227 0.451079 0.508297 0.462037 0.512406 0.462764 0.512268 0.475181 0.513638 0.480782 0.516924 0.486380 0.521854 0.490519 0.524594 0.493194 0.525005 0.495144 0.531714 0.491491 0.533357 0.489301 0.536781 0.467394 0.543523 0.461139 0.542016 0.458097
10 0.502435 0.411838 0.512055 0.409699 0.513049 0.409264 0.514878 0.413977 0.517164 0.413815 0.520443 0.413380 0.520930 0.427065 0.517781 0.433639 0.512156 0.439019 0.498107 0.420301 0.497898 0.418380 0.500406 0.413977
10 0.481951 0.499634 0.486682 0.490139 0.492875 0.473954 0.497607 0.468773 0.497607 0.464894 0.506227 0.459931 0.505255 0.458634 0.501005 0.459495 0.501068 0.454352 0.491417 0.455954 0.491214 0.452912 0.490810 0.450218 0.485911 0.449352 0.486219 0.450273 0.483797 0.450634 0.481216 0.451278 0.475328 0.454218 0.470539 0.456046 0.471786 0.461935 0.470784 0.464676 0.468961 0.464458 0.468484 0.467176 0.466414 0.478704
10 0.497305 0.374139 0.497685 0.390060 0.501086 0.396657 0.500250 0.401889 0.507318 0.408171 0.509526 0.404505 0.508937 0.392463 0.506904 0.387884 0.498188 0.373352
10 0.503779 0.508347 0.489865 0.540426 0.487779 0.569764 0.486276 0.578153 0.477516 0.568875 0.478047 0.543935 0.470391 0.546944 0.469102 0.533588 0.468427 0.515921 0.478536 0.503051 0.481951 0.499634 0.486682 0.490139 0.492875 0.473954 0.497607 0.468773 0.500909 0.464477 0.504453 0.465366 0.512406 0.462764 0.512268 0.475181 0.513638 0.480782 0.516924 0.486380 0.521854 0.490519 0.524594 0.493194 0.525005 0.495144 0.531714 0.491491 0.522630 0.525778 0.517737 0.523421
10 0.520427 0.533884 0.520596 0.549736 0.526484 0.553329 0.529516 0.551833 0.537927 0.515333 0.541294 0.516829 0.534562 0.561704 0.532711 0.559009 0.527159 0.557815 0.522109 0.571435 0.513125 0.572639 0.503255 0.574722 0.503255 0.571713 0.512013 0.569481 0.509687 0.561435 0.512188 0.550926 0.513698 0.539565
10 0.552023 0.422500 0.549549 0.419847 0.545443 0.418019 0.541383 0.423495 0.537188 0.432361 0.539661 0.445231 0.540000 0.446481 0.541109 0.444556 0.543865 0.443435 0.546409 0.443130 0.547370 0.440630 0.551698 0.441417 0.550672 0.438097 0.554125 0.432375 0.555292 0.429472
10 0.493568 0.259444 0.493932 0.264259 0.494802 0.267644 0.496927 0.267954 0.497576 0.266801 0.499388 0.272171 0.499349 0.266065
10 0.531536 0.366343 0.528740 0.375458 0.525758 0.378931 0.522010 0.390685 0.521786 0.405514 0.521797 0.407454 0.528099 0.406176 0.524940 0.404597 0.523161 0.399505 0.524643 0.393361 0.526815 0.390028 0.529284 0.387394 0.532344 0.387921 0.533896 0.390718 0.533896 0.389106 0.536859 0.383963 0.539091 0.387000 0.537940 0.389292 0.537977 0.390347 0.537313 0.392144 0.536023 0.392764 0.535052 0.393657 0.536687 0.398278 0.533727 0.406528 0.537466 0.406824 0.537185 0.402898 0.539727 0.398741 0.542656 0.388935
10 0.419258 0.236282 0.421880 0.235056 0.422294 0.228917 0.424229 0.224745 0.429060 0.218116 0.431271 0.216644 0.432789 0.219588 0.429474 0.223028 0.429750 0.225727 0.435549 0.224009 0.437482 0.223519 0.436102 0.211491 0.430854 0.208792 0.430440 0.203389 0.428922 0.196764 0.429917 0.196106 0.434659 0.199722 0.437370 0.200407 0.438919 0.201440 0.442112 0.204194 0.443542 0.206620 0.444109 0.211000 0.447977 0.210264 0.452120 0.213454 0.454052 0.206333 0.454328 0.199463 0.449495 0.195287 0.450323 0.191606 0.455708 0.195778 0.462060 0.190380 0.466203 0.203880 0.468826 0.200444 0.471172 0.208792 0.476005 0.204861 0.481805 0.212472 0.483599 0.217380 0.487742 0.215662 0.501826 0.218852 0.502930 0.229407 0.489674 0.238491 0.479766 0.252454 0.480518 0.264699 0.486003 0.274056 0.489138 0.278236 0.490930 0.281222 0.492122 0.282574 0.493440 0.283917 0.494768 0.282921 0.495891 0.284088 0.496685 0.284606 0.498560 0.283986 0.499346 0.284477 0.499667 0.284662 0.502833 0.286278 0.502375 0.288528 0.502049 0.290519 0.501716 0.291657 0.502232 0.293986 0.502185 0.294995 0.496159 0.292926 0.495320 0.294657 0.495141 0.296231 0.496542 0.297069 0.501435 0.297903 0.501867 0.298426 0.501484 0.303333 0.498094 0.305106 0.494148 0.306005 0.490529 0.308157 0.483456 0.312639 0.474677 0.318199 0.474487 0.319097 0.475091 0.322685 0.475568 0.324319 0.475198 0.324319 0.473016 0.323324 0.470451 0.322431 0.468424 0.321648 0.466930 0.317995 0.463214 0.320764 0.462495 0.330991 0.458807 0.329093 0.452266 0.326528 0.452266 0.326528 0.444357 0.324819 0.440896 0.325491 0.438417 0.319347 0.437656 0.317810 0.436581 0.317810 0.436146 0.317917 0.436240 0.319741 0.436102 0.324157 0.436654 0.326856 0.436068 0.330046 0.424091 0.296176 0.421466 0.285620 0.419672 0.291509 0.413044 0.262056 0.416779 0.253505 0.416945 0.249639 0.410253 0.250532 0.408831 0.241014 0.408831 0.239676 0.409333 0.238634 0.414435 0.240866 0.416109 0.240269 0.418201 0.239231
10 0.539948 0.446481 0.541109 0.444556 0.543865 0.443435 0.546409 0.443130 0.545328 0.455343 0.542820 0.454167 0.527828 0.449759 0.528523 0.448213 0.530922 0.448968 0.540638 0.449940
10 0.553023 0.360005 0.553609 0.360301 0.559602 0.369713 0.559526 0.379745 0.553750 0.394352
10 0.524940 0.404597 0.523161 0.399505 0.524643 0.393361 0.526815 0.390028 0.529284 0.387394 0.532336 0.387926 0.533896 0.390718 0.535052 0.393657 0.536687 0.398278 0.533727 0.406528 0.529583 0.406296 0.528099 0.406176
10 0.493542 0.318935 0.492599 0.319935 0.488799 0.321685 0.486831 0.326940 0.487253 0.329690 0.487339 0.330764 0.483852 0.330560 0.479461 0.331963 0.475299 0.336963 0.472745 0.332597 0.476742 0.328852 0.478685 0.327986 0.479656 0.324435 0.479922 0.323194 0.484776 0.319995 0.491336 0.316227
6 0.555482 0.411213 0.553013 0.394792 0.539935 0.368944 0.539388 0.374144 0.538380 0.374958 0.537284 0.374306 0.538198 0.366014 0.534997 0.359023 0.531615 0.360653 0.530000 0.363287 0.554385 0.412838 0.557586 0.419019 0.558958 0.419991 0.559232 0.419181
5 0.457708 0.362593 0.459760 0.397866 0.457612 0.398032 0.455654 0.369644 0.449635 0.366528
8 0.453083 0.414819 0.452391 0.421250 0.454018 0.420236 0.454982 0.414718
2 0.544622 0.410528 0.545591 0.413755 0.544826 0.415046 0.543979 0.415046 0.541857 0.409912
2 0.538411 0.410384 0.538049 0.412394 0.542284 0.421144 0.543695 0.419708 0.544464 0.416120 0.541857 0.409912
2 0.543523 0.461139 0.545234 0.459889 0.544430 0.456847 0.542820 0.454167 0.517068 0.446653 0.516016 0.451806 0.542016 0.458097
2 0.537466 0.406824 0.537185 0.402898 0.539727 0.398741 0.542917 0.406528
9 0.519008 0.305588 0.518513 0.307486 0.518695 0.309060 0.519216 0.309106 0.520023 0.308458 0.520049 0.307116
2 0.450240 0.116412 0.449068 0.115074 0.436940 0.162806 0.430247 0.186894 0.426534 0.200634 0.422344 0.221704 0.419258 0.236282 0.421880 0.235056 0.422294 0.228917 0.423151 0.225972 0.428922 0.196764 0.437682 0.163847 0.446281 0.132306
9 0.526948 0.292551 0.524831 0.296319 0.523115 0.300625 0.520813 0.304190 0.521406 0.306421 0.524948 0.298935 0.527612 0.292046
5 0.527914 0.288181 0.528305 0.287750 0.535523 0.286454 0.540271 0.291556 0.539906 0.293593 0.539182 0.293431 0.538589 0.291931 0.535917 0.290694 0.530854 0.289690 0.528740 0.289194 0.528034 0.290699
2 0.509596 0.263912 0.510531 0.264741 0.510648 0.266773 0.510484 0.270880 0.509271 0.271380 0.508057 0.271380 0.505815 0.267977 0.506003 0.266981
2 0.503622 0.266403 0.503576 0.264657 0.504068 0.263708 0.505745 0.262083 0.505956 0.261255 0.508336 0.262750
8 0.550820 0.390301 0.550357 0.361704 0.549010 0.348148 0.549885 0.318477 0.550068 0.300218 0.552615 0.300380 0.552432 0.313792 0.551130 0.338884 0.550977 0.349056 0.552995 0.360093 0.553727 0.394833 0.553013 0.394792 0.550862 0.390667
1 0.480055 0.253458 0.483542 0.257685 0.484219 0.265972 0.482760 0.264398 0.481734 0.257690 0.479961 0.254949
2 0.504247 0.305287 0.513263 0.303060 0.513857 0.308435 0.503643 0.310130 0.503128 0.308875
2 0.536859 0.383963 0.533896 0.389106 0.533896 0.390718 0.536023 0.392764 0.537313 0.392144 0.537977 0.390347 0.537940 0.389292 0.539091 0.387000
9 0.474495 0.436106 0.472721 0.433120 0.471367 0.435111 0.473328 0.438597
9 0.475940 0.433037 0.473841 0.430963 0.473654 0.431875 0.475333 0.434449
2 0.522474 0.266296 0.523167 0.272787 0.525008 0.272569 0.524583 0.268500
11 0.429521 0.311236 0.428870 0.313162 0.428292 0.315222 0.427424 0.317148 0.426771 0.319213 0.430255 0.333181 0.435083 0.336370 0.436148 0.329745 0.435826 0.329065
1 0.496979 0.416852 0.499427 0.412083 0.502091 0.409926 0.512161 0.407500 0.512055 0.409699 0.502430 0.411806 0.500406 0.413977 0.497898 0.418380
1 0.485146 0.373204 0.483625 0.373176 0.484057 0.378389 0.487081 0.382685 0.486477 0.386352 0.483836 0.391986 0.475372 0.400894 0.475120 0.403718 0.474057 0.409162 0.470688 0.415556 0.470281 0.418815 0.469466 0.438722 0.467125 0.443972 0.468245 0.443972 0.470484 0.439449 0.471096 0.437639 0.471503 0.418088 0.472112 0.416278 0.475268 0.410667 0.475982 0.405421 0.476391 0.402162 0.483719 0.394741 0.486469 0.391662 0.488099 0.387139 0.488411 0.382685 0.486469 0.378449 0.485247 0.377185
2 0.488497 0.438782 0.485896 0.444968 0.485078 0.447009 0.485492 0.448194 0.490615 0.449560 0.500536 0.451352 0.501062 0.451639 0.509924 0.449870 0.515760 0.447370 0.515961 0.445759
2 0.457612 0.398032 0.455654 0.369644 0.449531 0.366435 0.440010 0.362194 0.438034 0.365153 0.444526 0.392565 0.455557 0.398060
1 0.511742 0.442681 0.513318 0.440546 0.490143 0.409616 0.488643 0.412148
2 0.541523 0.322032 0.554250 0.283731 0.558068 0.291810 0.552432 0.313792 0.552615 0.300380 0.550068 0.300218 0.549885 0.318477 0.544615 0.339491 0.541615 0.344824 0.542250 0.331569
5 0.526518 0.279343 0.525406 0.266676 0.525016 0.248894 0.522333 0.244125 0.522268 0.233074 0.525536 0.230759 0.526977 0.251917 0.532206 0.283759
1 0.517039 0.257843 0.516974 0.252264 0.515732 0.252958 0.515732 0.260153 0.525604 0.269347 0.525406 0.266676
1 0.512909 0.261657 0.512013 0.265671 0.511505 0.272528 0.510456 0.272875 0.510648 0.266773 0.511779 0.263032
1 0.513026 0.258741 0.516961 0.242199 0.518284 0.243227 0.514818 0.257222
1 0.499953 0.282440 0.501802 0.283551 0.506073 0.285079 0.510031 0.285912 0.510813 0.287764 0.508234 0.287718 0.504563 0.287023 0.499667 0.284662
10 0.472484 0.352171 0.472711 0.344769 0.475299 0.336963 0.479461 0.331963 0.483852 0.330560 0.487339 0.330764 0.490828 0.333361 0.493755 0.339366 0.495104 0.346569 0.495781 0.354769 0.494992 0.363773 0.492065 0.369773 0.488352 0.372375 0.483625 0.373176 0.480250 0.371574 0.479013 0.369977 0.481938 0.350968 0.478112 0.346769 0.473948 0.344769 0.473047 0.354569
2 0.467943 0.449444 0.497685 0.390060 0.501086 0.396657 0.492552 0.412963 0.490143 0.409616 0.488643 0.412148 0.491172 0.415509 0.469375 0.454398
2 0.522396 0.263380 0.517563 0.225986 0.519458 0.224718 0.524661 0.265741
2 0.487135 0.380139 0.493107 0.374917 0.494695 0.376537 0.494461 0.381259 0.491596 0.383759 0.488862 0.383806
1 0.491417 0.455954 0.491214 0.452912 0.501073 0.451662 0.509924 0.449870 0.510328 0.452736
1 0.468789 0.324755 0.469313 0.326157 0.468174 0.329116 0.471414 0.335028 0.474479 0.339231 0.473341 0.342343 0.470714 0.337519 0.468419 0.334208 0.466690 0.328787 0.467737 0.326157
2 0.502240 0.269120 0.504896 0.271991 0.504435 0.273245 0.501870 0.271981
2 0.498865 0.245102 0.500430 0.244236 0.505745 0.262083 0.504068 0.263708
2 0.484193 0.265926 0.482677 0.247995 0.486888 0.244537 0.488182 0.267185 0.491529 0.262579 0.493148 0.282343 0.496927 0.267954 0.497576 0.266801 0.499948 0.282407 0.499667 0.284662 0.499339 0.284449 0.497250 0.273519 0.494768 0.282921 0.493440 0.283917 0.491615 0.282176 0.490396 0.266514 0.487839 0.269861
2 0.499786 0.263523 0.499786 0.261523 0.503263 0.261606 0.503057 0.266880 0.502604 0.267222 0.499802 0.263935
2 0.499375 0.266111 0.499388 0.272171 0.500844 0.272171 0.501432 0.268287
2 0.572292 0.433704 0.576076 0.429944 0.577193 0.427542 0.580078 0.426597 0.581547 0.432037 0.583313 0.438208 0.583667 0.445741 0.583844 0.451495 0.581312 0.453481 0.579490 0.453065 0.577135 0.448042 0.574724 0.445111 0.572708 0.444120
1 0.501380 0.268333 0.500844 0.272171 0.501307 0.275398 0.507258 0.280810 0.507961 0.280727 0.507352 0.279231 0.502245 0.274398 0.501870 0.271981 0.502266 0.269028
1 0.502604 0.267222 0.515180 0.257398 0.515414 0.259231 0.513117 0.261481 0.503643 0.268338
1 0.480234 0.261528 0.490964 0.273241 0.491120 0.275787 0.480565 0.264250
1 0.492602 0.275764 0.494323 0.277870 0.494010 0.279213 0.492836 0.277894
2 0.501484 0.303333 0.501867 0.298426 0.504758 0.293389 0.510604 0.292213 0.511930 0.294889 0.512008 0.295958 0.511563 0.300046
9 0.549883 0.405435 0.546896 0.399792 0.543411 0.400833 0.546875 0.407407 0.549036 0.407546
2 0.513935 0.311204 0.515615 0.312884 0.516927 0.317944 0.507956 0.324065 0.509617 0.321685 0.509766 0.311898
2 0.523115 0.300625 0.519169 0.301699 0.520885 0.306005 0.520482 0.307977 0.518271 0.304208 0.517456 0.307259 0.516042 0.307079 0.515437 0.302417 0.504247 0.305287 0.503128 0.308875 0.503643 0.310130 0.516557 0.307977 0.517667 0.308333 0.517151 0.310847 0.513935 0.311204 0.502232 0.313537 0.498286 0.313894 0.494427 0.314722 0.492924 0.312810 0.491898 0.311944 0.491143 0.312042 0.490385 0.313769 0.491305 0.316167 0.484776 0.319995 0.476807 0.325194 0.475990 0.325912 0.475091 0.322685 0.474487 0.319097 0.474677 0.318199 0.483456 0.312639 0.490529 0.308157 0.494148 0.306005 0.498094 0.305106 0.501589 0.303287 0.511563 0.300000 0.512008 0.295958 0.511953 0.294907 0.510651 0.292269 0.502232 0.293986 0.501716 0.291657 0.511513 0.289505 0.506266 0.276412 0.505753 0.273000 0.501716 0.268699 0.494060 0.260088 0.491122 0.255782 0.491828 0.253630 0.495461 0.258833 0.499203 0.263315 0.503643 0.268338 0.510807 0.273181 0.511906 0.272644 0.512310 0.270671 0.514841 0.270134 0.517151 0.272287 0.518867 0.272287 0.520180 0.274616 0.523518 0.277130 0.525839 0.279278 0.530771 0.282866 0.532698 0.284662 0.535523 0.284481 0.535523 0.286454 0.524427 0.288245 0.526948 0.290398 0.526948 0.292551 0.524831 0.296319
9 0.558193 0.404884 0.555299 0.398579 0.554367 0.400653 0.558008 0.407870 0.557995 0.406991
1 0.495703 0.279259 0.498888 0.282361 0.499346 0.284477 0.498555 0.283968 0.495336 0.280824
5 0.462495 0.330991 0.463214 0.320764 0.466930 0.317995 0.468424 0.321648 0.468247 0.324602 0.465013 0.329074 0.462495 0.334403
6 0.552081 0.408972 0.549036 0.407546 0.546875 0.407407 0.546875 0.407407 0.542917 0.406528 0.537430 0.406806 0.533727 0.406528 0.528099 0.406176 0.512969 0.408843 0.514878 0.413977 0.517164 0.413815 0.536461 0.410565 0.541857 0.409912 0.552008 0.412190 0.555758 0.419829 0.556763 0.419343
5 0.459323 0.470370 0.469961 0.460796 0.471237 0.462907 0.471786 0.461935 0.457917 0.417491 0.452169 0.421546
5 0.463643 0.336921 0.463846 0.334750 0.466690 0.328787 0.468419 0.334208 0.469740 0.338546 0.469943 0.344509 0.464760 0.340171
5 0.459844 0.473611 0.468484 0.467176 0.466458 0.478657 0.475469 0.490787 0.463411 0.504306
5 0.553609 0.360301 0.556258 0.349894 0.556536 0.342218 0.560995 0.326361 0.568937 0.343208 0.570193 0.368227 0.572560 0.384824 0.576510 0.425231 0.572109 0.429074 0.572708 0.444306 0.567187 0.444491 0.564896 0.428009 0.557995 0.406991 0.561135 0.381852 0.559602 0.369713
5 0.555714 0.316546 0.556255 0.337625 0.560362 0.324259
5 0.440188 0.325579 0.437154 0.323375 0.435083 0.336370 0.430255 0.333181 0.433844 0.347898 0.436878 0.350347 0.443500 0.342991 0.445430 0.338579 0.447362 0.336125 0.447086 0.332935 0.443776 0.330977 0.441844 0.328278
5 0.462359 0.414486 0.463648 0.420750 0.469273 0.419667 0.470018 0.415810 0.467341 0.413144
5 0.447896 0.404556 0.455557 0.398060 0.459562 0.402671 0.460859 0.404972 0.463924 0.407069 0.465102 0.404347 0.465573 0.406231 0.467341 0.406231 0.467578 0.399944 0.468284 0.397222 0.474294 0.403088 0.475120 0.403718 0.474057 0.409162 0.472172 0.410421 0.467341 0.410421 0.466516 0.410213 0.467341 0.413144 0.461802 0.414194 0.453083 0.414819 0.450372 0.414819
5 0.476094 0.404722 0.478146 0.406463 0.479266 0.412407 0.475268 0.410667
