5 0.556354 0.336037 0.556117 0.315907 0.559680 0.322380 0.558888 0.323083 0.556750 0.322662 0.556750 0.324069 0.560471 0.325477 0.557224 0.337444
5 0.464482 0.336181 0.466279 0.332065 0.468029 0.328958 0.469966 0.326269 0.470438 0.343241 0.467745 0.340889 0.464672 0.339708
5 0.474010 0.294722 0.471198 0.311296 0.469982 0.323352 0.466299 0.327847 0.464422 0.333366 0.464279 0.323995 0.465794 0.312315 0.468880 0.298102
5 0.444802 0.360509 0.453122 0.351657 0.452745 0.357708 0.452807 0.358602 0.453437 0.357931 0.453690 0.359167 0.452177 0.366000 0.444359 0.361407
10 0.498492 0.251023 0.494531 0.256435 0.496016 0.258426 0.499706 0.253514
2 0.421458 0.300880 0.428891 0.324375 0.429781 0.323417 0.420396 0.289227 0.425599 0.280926 0.426276 0.280046 0.430104 0.296111 0.437057 0.320551 0.438307 0.318255 0.442594 0.324532 0.445221 0.322616 0.446263 0.318917 0.449523 0.322366 0.452227 0.321514 0.456518 0.318167 0.459208 0.310005 0.463732 0.290560 0.467615 0.275190 0.466104 0.274282 0.463901 0.276356 0.465328 0.271060 0.465456 0.268296 0.464602 0.267028 0.443201 0.294227 0.426870 0.239523 0.425240 0.237708 0.422987 0.237356 0.419526 0.240255 0.410573 0.252685
1 0.518385 0.270509 0.520391 0.270602 0.520703 0.272269 0.518711 0.272088
1 0.497344 0.416116 0.500583 0.410671 0.512221 0.407560 0.512310 0.409894 0.501195 0.413005 0.498133 0.418296
2 0.451130 0.281921 0.450057 0.282171 0.444456 0.286319 0.443430 0.285407 0.441284 0.287315 0.443201 0.294227 0.451411 0.283583
8 0.453396 0.415204 0.451932 0.422644 0.452628 0.424005 0.453396 0.422148 0.454651 0.415144
1 0.501221 0.283653 0.502927 0.285634 0.503555 0.287991 0.503383 0.291398 0.502544 0.293194 0.501604 0.292884 0.502370 0.290032 0.502302 0.287431 0.501255 0.285574 0.500661 0.284458
1 0.487104 0.267134 0.490003 0.270889 0.490956 0.270782 0.493318 0.272907 0.493151 0.274236 0.486294 0.267903
9 0.539740 0.400116 0.538948 0.400444 0.537500 0.402935 0.537313 0.405755 0.537885 0.406157 0.538432 0.407912 0.539320 0.407250 0.540721 0.403764
9 0.542867 0.409657 0.541187 0.409491 0.540346 0.410736 0.539461 0.413889 0.540953 0.416708 0.541841 0.416375 0.543008 0.412060
1 0.486523 0.377440 0.487656 0.381903 0.488792 0.384491 0.490086 0.387514 0.490328 0.391255 0.489617 0.393102 0.487932 0.396528 0.484578 0.399231 0.484253 0.394815 0.484253 0.394815 0.481687 0.401213 0.479159 0.404782 0.478430 0.407083 0.478430 0.411116 0.477635 0.413435 0.475859 0.415495 0.475859 0.415495 0.473815 0.419315 0.473250 0.422481 0.471711 0.441046 0.468716 0.445796 0.469039 0.447523 0.472521 0.442199 0.473250 0.439606 0.474383 0.421620 0.478914 0.413991 0.479805 0.406940 0.483286 0.402481 0.489599 0.397301 0.491542 0.388810 0.487576 0.377296
1 0.493802 0.276157 0.493620 0.277917 0.498161 0.281764 0.498411 0.279986
1 0.472812 0.257546 0.483927 0.267778 0.492891 0.275370 0.492552 0.277083 0.471875 0.259444
2 0.507721 0.268454 0.510234 0.271481 0.511901 0.269907 0.511667 0.265940 0.509729 0.263824 0.505563 0.261310 0.505563 0.261310
1 0.461615 0.339852 0.462729 0.336491 0.464422 0.333366 0.466299 0.327847 0.469982 0.323352 0.472698 0.320296 0.473594 0.321884 0.473055 0.325866 0.478518 0.341153 0.477714 0.342426 0.472250 0.328417 0.472518 0.323000 0.469966 0.326269 0.468029 0.328958 0.466279 0.332065 0.464482 0.336181 0.463797 0.337750 0.462799 0.341009
2 0.548789 0.469782 0.542406 0.458602 0.514401 0.449815 0.515964 0.445370 0.542781 0.453259 0.549727 0.466111
1 0.490107 0.265333 0.489143 0.265981 0.490003 0.270889 0.490956 0.270782 0.490784 0.269593
1 0.543490 0.304106 0.540654 0.304046 0.540781 0.306389 0.542083 0.306852 0.543073 0.306991 0.542578 0.307963 0.542839 0.309306 0.543490 0.309815 0.544531 0.308750 0.544896 0.307361 0.544609 0.306343
1 0.468086 0.276032 0.469177 0.273880 0.472029 0.271935 0.476094 0.268917 0.478701 0.267194 0.480339 0.267625 0.481914 0.268593 0.483128 0.270644 0.484523 0.273556 0.486464 0.277542 0.489922 0.285306 0.492346 0.290269 0.492953 0.294690 0.491378 0.300079 0.489068 0.303806 0.490182 0.308111 0.488852 0.307162 0.487995 0.303056 0.489862 0.299542 0.491802 0.295875 0.491802 0.292532 0.488768 0.284981 0.487005 0.286759 0.486563 0.285139 0.487737 0.283472 0.483604 0.273287 0.481552 0.269889 0.479792 0.268704 0.476396 0.270426
5 0.470260 0.396528 0.465039 0.394116 0.463206 0.401213 0.462799 0.405486 0.464594 0.407995 0.466893 0.413296 0.472388 0.415495 0.475859 0.415495 0.477635 0.413435 0.477789 0.410282 0.474935 0.405616 0.471016 0.401389 0.469536 0.411412 0.467930 0.410222
2 0.453458 0.424611 0.458677 0.419162 0.458594 0.415185 0.459669 0.415333 0.472924 0.461139 0.472180 0.462023 0.470523 0.458486 0.459115 0.468824
1 0.520948 0.296556 0.520055 0.298148 0.521844 0.303319 0.522318 0.303796 0.523359 0.301620
2 0.515349 0.320574 0.507495 0.323991 0.507708 0.328319 0.508849 0.337597 0.509354 0.336866 0.514857 0.326213 0.515990 0.321167
2 0.510362 0.319630 0.516146 0.321065 0.516862 0.317667 0.509995 0.316361 0.508891 0.316435 0.509055 0.319412
1 0.514320 0.279208 0.514411 0.274602 0.513477 0.275773 0.513417 0.277653 0.513391 0.278690 0.513357 0.280171 0.516656 0.292245 0.516719 0.301542 0.517057 0.317130 0.519240 0.311343 0.518065 0.294662 0.519062 0.293722 0.518768 0.291843 0.517068 0.289759 0.517008 0.287773 0.516891 0.272866 0.515938 0.273241 0.516302 0.286528
1 0.505807 0.287037 0.501302 0.297361 0.501229 0.301324 0.501737 0.301403 0.501852 0.299931 0.502370 0.297454 0.507904 0.285042 0.508385 0.283935 0.509409 0.281940 0.509409 0.281236 0.507872 0.283116
2 0.464602 0.267028 0.474589 0.250153 0.487823 0.222630 0.489195 0.223074 0.479456 0.247046 0.466846 0.267690
2 0.520055 0.246426 0.512633 0.220685 0.514620 0.219676 0.519839 0.237023
1 0.523763 0.237676 0.525047 0.234130 0.525760 0.235523 0.524263 0.239833
1 0.519060 0.249338 0.520341 0.247310 0.520271 0.250097 0.519630 0.250606
1 0.516635 0.253394 0.516065 0.256940 0.516471 0.260949 0.517490 0.254912
1 0.516742 0.260981 0.517320 0.259236 0.518013 0.259338 0.517435 0.264574
1 0.516396 0.272375 0.511776 0.277921 0.511042 0.276944 0.513857 0.273403 0.516328 0.270926
1 0.514781 0.263403 0.513620 0.273657 0.514924 0.272278 0.515914 0.264727
1 0.526156 0.271347 0.528234 0.273093 0.529388 0.276481 0.531294 0.289213 0.532599 0.290199 0.536625 0.291440 0.537940 0.292065 0.540042 0.295648 0.540654 0.304046 0.541469 0.318921 0.542242 0.327616 0.542370 0.339750 0.540055 0.364921 0.538766 0.369500 0.540828 0.342491 0.541602 0.332657 0.540885 0.325019 0.539234 0.303565 0.539615 0.297241 0.537375 0.292926 0.531375 0.291602 0.530862 0.289991 0.529440 0.280884 0.527956 0.274440 0.526409 0.272745
2 0.487401 0.438574 0.484961 0.446417 0.486180 0.447588 0.500354 0.449421 0.514341 0.449921 0.515935 0.445250 0.488620 0.438074
1 0.491437 0.452259 0.491437 0.455931 0.510586 0.451926 0.510023 0.449755 0.503828 0.449755
10 0.476299 0.360574 0.475789 0.357810 0.475789 0.353042 0.477383 0.343389 0.480828 0.337435 0.484078 0.334634 0.488312 0.334810 0.490776 0.334810 0.493534 0.338662 0.495010 0.343037 0.495305 0.344616 0.497177 0.353370 0.497177 0.358273 0.497570 0.363875 0.497177 0.368250 0.493633 0.374903 0.488018 0.376829 0.484375 0.375606 0.481141 0.373931 0.485982 0.353704 0.485159 0.351185 0.481966 0.358718 0.480841 0.348153 0.477799 0.347347
1 0.493318 0.272907 0.494167 0.273014 0.492773 0.286815 0.494896 0.278944 0.495622 0.279486 0.492893 0.290481 0.492591 0.290269 0.491922 0.288866 0.492346 0.278620
2 0.498581 0.305157 0.498492 0.274116 0.499919 0.273639 0.501076 0.303889
10 0.487557 0.286384 0.488768 0.284981 0.491802 0.292532 0.491802 0.295875 0.489862 0.299542 0.488646 0.301852 0.486953 0.286759
5 0.456641 0.397037 0.459747 0.402801 0.462109 0.405463 0.464594 0.407995 0.466893 0.413296 0.459669 0.415333 0.458594 0.415185 0.450612 0.415287 0.447505 0.404681
1 0.469693 0.253569 0.471565 0.250019 0.474010 0.251343 0.473177 0.252685 0.471815 0.251796 0.470193 0.254236
1 0.470807 0.256250 0.467445 0.251130 0.466570 0.252241 0.470182 0.257778
1 0.475807 0.252917 0.489047 0.263560 0.488172 0.264894 0.474870 0.254583
1 0.481615 0.259769 0.483927 0.267778 0.485365 0.268981 0.483125 0.260787
9 0.537352 0.383616 0.534492 0.388199 0.534742 0.388898 0.534974 0.390324 0.535547 0.393194 0.539026 0.387088
9 0.511763 0.271329 0.510253 0.273134 0.510174 0.274477 0.510305 0.275681 0.511432 0.276481 0.513464 0.273889 0.513273 0.272255 0.512857 0.271653
1 0.492240 0.279769 0.486464 0.277542 0.487102 0.278880 0.492156 0.281171
1 0.498750 0.271204 0.498385 0.270787 0.496214 0.274935 0.495469 0.277639 0.496060 0.277889
2 0.504167 0.264583 0.502161 0.259444 0.499034 0.259565 0.497661 0.264005 0.498411 0.270884 0.500909 0.275546 0.504404 0.274218
2 0.460664 0.416199 0.461039 0.419866 0.462914 0.425366 0.469286 0.431199 0.472193 0.429032 0.473130 0.423532 0.472388 0.415495 0.466893 0.413296
1 0.551534 0.340597 0.554648 0.341278 0.554266 0.343315 0.551049 0.342440
1 0.542432 0.344574 0.546305 0.345255 0.547661 0.348259 0.547661 0.348259 0.548049 0.349130 0.549086 0.348843 0.549521 0.351264 0.547341 0.352236 0.546414 0.350681 0.546141 0.347384 0.541885 0.347384
1 0.552167 0.356227 0.555117 0.340569 0.557224 0.337444 0.560471 0.325477 0.556750 0.324069 0.556750 0.322662 0.558888 0.323083 0.559680 0.322380 0.560974 0.323949 0.561344 0.326606 0.557305 0.340398 0.553401 0.358676
5 0.442594 0.324532 0.438307 0.318255 0.436354 0.322625 0.434398 0.327560 0.430365 0.323745 0.429656 0.323370 0.428891 0.324375 0.430464 0.332977 0.442026 0.346162 0.444234 0.344259 0.446945 0.341681 0.448773 0.337083 0.444096 0.327667 0.442594 0.324532
1 0.500891 0.281611 0.505727 0.282273 0.505461 0.284065 0.500625 0.283403
1 0.503867 0.288412 0.505461 0.284065 0.507109 0.279907 0.508490 0.277829 0.509872 0.277264 0.511180 0.277208 0.511776 0.277921 0.512557 0.277375 0.513422 0.277671 0.513391 0.278690 0.511628 0.278745 0.509964 0.278519 0.508586 0.279426 0.505159 0.287231
1 0.519997 0.282356 0.521932 0.284648 0.521875 0.286111 0.519880 0.284130 0.519880 0.284130
2 0.439922 0.283704 0.453086 0.281481 0.453964 0.280444 0.452562 0.276185 0.451044 0.274736 0.438312 0.277537
2 0.436589 0.359259 0.439594 0.357625 0.444359 0.361407 0.452177 0.366000 0.455474 0.369301 0.457682 0.396296 0.447474 0.404861
2 0.422682 0.296991 0.430260 0.300731 0.433445 0.310917 0.430747 0.312829 0.430120 0.310495 0.426042 0.310000
2 0.543216 0.296556 0.539747 0.290787 0.535607 0.281639 0.531245 0.270894 0.529341 0.260551 0.528109 0.253986 0.525201 0.244833 0.524305 0.240657 0.522740 0.236083 0.520055 0.236282 0.520055 0.246426 0.520500 0.254384 0.518263 0.247421 0.515130 0.239065 0.514458 0.237870 0.512109 0.239861 0.511661 0.241454 0.514570 0.261745 0.515914 0.264727 0.517255 0.274477 0.517591 0.286611 0.517703 0.288403 0.518935 0.290986 0.519383 0.293773 0.518375 0.295167 0.519383 0.305907 0.521508 0.305907 0.521844 0.303319 0.520055 0.298148 0.520948 0.296556 0.519047 0.279648 0.518711 0.272088 0.516471 0.260949 0.514794 0.245431 0.519047 0.258560 0.518823 0.262940 0.520724 0.272486 0.523299 0.299144 0.525312 0.295963 0.523747 0.284421 0.523188 0.271093 0.525133 0.278236 0.528927 0.290412 0.530862 0.289991 0.529331 0.281241 0.526589 0.273940 0.525224 0.269204 0.523690 0.266060 0.524732 0.258741 0.522482 0.245986 0.526914 0.261028 0.528279 0.268347 0.530057 0.275231 0.532799 0.282394 0.534333 0.287704 0.539333 0.293574 0.541432 0.296065 0.544036 0.300370
1 0.524630 0.288505 0.527154 0.292884 0.526565 0.293509 0.524747 0.289968
6 0.537885 0.406157 0.523802 0.406157 0.513273 0.408343 0.514641 0.413935 0.517648 0.414421 0.538159 0.410773
2 0.541740 0.319898 0.551961 0.282306 0.556372 0.289792 0.551560 0.311884 0.550458 0.333796 0.551862 0.356778 0.550359 0.355889 0.548956 0.344843 0.548854 0.323463 0.548956 0.318653 0.546951 0.332370 0.544747 0.340921 0.542370 0.339750 0.542242 0.327616
10 0.434974 0.352500 0.442026 0.346162 0.444234 0.344259 0.446945 0.341681 0.448773 0.337083 0.444107 0.327671 0.442594 0.324532 0.445221 0.322616 0.449924 0.323426 0.455263 0.325903 0.457935 0.329000 0.458630 0.335810 0.462115 0.336426 0.462729 0.336491 0.461615 0.339852 0.462799 0.341009 0.463797 0.337750 0.464672 0.339708 0.467745 0.340889 0.470438 0.343241 0.473922 0.347222 0.475789 0.353042 0.475789 0.357810 0.476010 0.359648 0.476299 0.360574 0.477799 0.347347 0.480841 0.348153 0.481966 0.358718 0.485159 0.351185 0.485982 0.353704 0.481141 0.373931 0.484578 0.380722 0.488654 0.388130 0.489617 0.393102 0.487932 0.396528 0.484578 0.399231 0.484253 0.394815 0.484253 0.394815 0.481687 0.401213 0.478891 0.401069 0.470964 0.401389 0.474083 0.379296 0.472888 0.379028 0.470260 0.396759 0.465039 0.394116 0.463206 0.401213 0.462799 0.405486 0.460557 0.400657 0.460638 0.398944 0.459513 0.362083 0.452177 0.366000 0.453690 0.359167 0.453437 0.357931 0.452807 0.358602 0.452745 0.357708 0.453122 0.351657 0.444802 0.360509 0.444359 0.361407 0.439594 0.357625 0.436693 0.359537
10 0.465794 0.312315 0.468880 0.298102 0.474010 0.294722 0.471198 0.311296 0.486302 0.305556 0.488589 0.301389 0.486885 0.286259 0.483604 0.273287 0.479469 0.272421 0.469984 0.274801 0.465607 0.282583 0.463732 0.290560 0.462445 0.298579 0.463661 0.311551
10 0.501852 0.299931 0.508385 0.283935 0.509901 0.285005 0.511953 0.287963 0.513229 0.291759 0.515786 0.295009 0.514055 0.304088 0.514922 0.316088 0.510680 0.315625 0.510505 0.309009 0.510161 0.308088 0.507305 0.309778 0.505859 0.308380 0.503229 0.304120
10 0.507815 0.273153 0.504727 0.266329 0.502391 0.256241 0.500388 0.239324 0.501807 0.238282 0.503057 0.245111 0.504310 0.255347 0.505563 0.261310 0.509151 0.273449
10 0.503677 0.426125 0.504247 0.424102 0.503831 0.413440 0.512310 0.409894 0.514641 0.413935 0.517648 0.414421 0.520521 0.413935 0.520672 0.428958 0.519922 0.431181 0.518924 0.432736 0.512987 0.438176 0.512362 0.437176
10 0.534844 0.406065 0.536719 0.399769 0.534742 0.388898 0.530229 0.386708 0.526128 0.388167 0.523255 0.396917 0.522435 0.402269 0.523802 0.406157 0.523802 0.406157
10 0.497177 0.368250 0.497570 0.363875 0.497177 0.358273 0.497177 0.353370 0.495305 0.344616 0.495010 0.343037 0.493534 0.338662 0.492414 0.317935 0.501177 0.313046 0.507021 0.313046 0.507708 0.328319 0.510026 0.347412 0.514151 0.357037 0.518445 0.366046 0.521797 0.363755 0.527036 0.363755 0.530302 0.373069 0.532193 0.378417 0.532969 0.384306 0.533490 0.388287 0.530229 0.386708 0.526128 0.388167 0.523234 0.396903 0.522760 0.400093 0.521479 0.401231 0.522031 0.406528 0.515268 0.407741 0.509424 0.392468 0.505904 0.385597
10 0.496747 0.373273 0.497477 0.394907 0.506547 0.407185 0.505661 0.407514 0.505753 0.409176 0.508927 0.408181 0.509424 0.392468 0.505904 0.385597 0.497177 0.368250
10 0.546974 0.490421 0.539247 0.498981 0.537456 0.500972 0.536112 0.502366 0.535216 0.504157 0.534219 0.529352 0.539115 0.528750 0.542151 0.526051
10 0.542083 0.292685 0.543443 0.288722 0.545747 0.285870 0.547854 0.286583 0.546641 0.299412 0.546516 0.300301 0.546826 0.301745 0.546016 0.303741 0.544328 0.302856 0.544974 0.301329 0.543844 0.299602 0.543216 0.296556 0.541766 0.294523
10 0.501555 0.455352 0.504885 0.459051 0.504885 0.461028 0.497112 0.464236 0.496971 0.467940 0.494716 0.471269 0.480201 0.499630 0.476591 0.494273 0.473357 0.497579 0.475354 0.506194 0.473424 0.507579 0.467109 0.500718 0.474966 0.490718 0.466193 0.477440 0.468344 0.469097 0.470273 0.460731 0.470578 0.458954 0.472190 0.462111 0.472966 0.460880 0.469039 0.447796 0.475161 0.437949 0.479755 0.427065 0.483172 0.421537 0.486477 0.408653 0.489609 0.396944 0.491224 0.394583 0.490938 0.391157 0.491516 0.388514 0.489375 0.382361 0.496292 0.382588 0.495971 0.387352 0.497263 0.394264 0.502943 0.405074 0.502622 0.408676 0.500430 0.410699 0.497112 0.415736 0.498000 0.418204 0.501247 0.413144 0.503831 0.413440 0.504247 0.424102 0.503677 0.426125 0.490544 0.409838 0.489253 0.409838 0.488753 0.412134 0.502706 0.429435 0.492974 0.437653 0.492487 0.438667 0.487378 0.437505 0.484714 0.446144 0.485031 0.447454 0.489169 0.448884 0.491266 0.450611 0.491266 0.456537 0.497513 0.454782
10 0.535766 0.449120 0.538990 0.447847 0.541857 0.442116 0.543917 0.438134 0.547500 0.437815 0.548932 0.445778 0.548396 0.455171 0.549164 0.463944 0.549727 0.466111 0.542781 0.453259 0.534107 0.450537 0.535326 0.449671
10 0.426094 0.309954 0.430120 0.310495 0.430747 0.312829 0.429607 0.315977 0.429833 0.316991 0.431604 0.315162 0.434115 0.312931 0.434456 0.312120 0.437057 0.320551 0.436354 0.322625 0.434398 0.327560 0.430365 0.323745 0.429781 0.323417
10 0.521581 0.524495 0.514948 0.540616 0.513969 0.547333 0.510750 0.554792 0.509911 0.562505 0.511591 0.568227 0.502917 0.570213 0.504315 0.573699 0.513969 0.573199 0.517188 0.582403 0.524323 0.580912 0.528438 0.526986
10 0.501852 0.299931 0.501737 0.301403 0.501229 0.301324 0.501076 0.303889 0.498581 0.305157 0.498138 0.305995 0.499406 0.313366 0.501177 0.313046 0.507021 0.313046 0.507495 0.323991 0.511294 0.322116 0.510362 0.319630 0.509055 0.319412 0.508891 0.316435 0.509995 0.316361 0.510680 0.315625 0.510505 0.309009 0.510161 0.308088 0.507305 0.309778 0.505859 0.308380 0.503229 0.304120
10 0.486331 0.305565 0.490182 0.308111 0.492510 0.305088 0.493573 0.304111 0.494956 0.303699 0.496432 0.304356 0.498138 0.305995 0.499406 0.313366 0.492414 0.317935 0.493534 0.338662 0.490776 0.334810 0.488312 0.334810 0.484078 0.334634 0.480828 0.337435 0.478518 0.341153 0.473055 0.325866 0.473594 0.321884 0.472698 0.320296 0.469982 0.323352 0.471198 0.311296
10 0.508773 0.460083 0.506195 0.459574 0.505240 0.456519 0.505240 0.453801 0.510586 0.451926 0.514341 0.449921 0.542406 0.458602 0.548789 0.469782 0.547547 0.479949 0.544490 0.481644 0.541721 0.470102 0.539143 0.467213 0.535133 0.469593 0.531503 0.487417 0.529305 0.492852 0.525294 0.494208 0.521760 0.488435 0.514216 0.479949 0.511448 0.460931
8 0.473021 0.379255 0.467930 0.410222 0.469536 0.411412 0.474094 0.379134
10 0.512641 0.279329 0.511797 0.278792 0.510984 0.279648 0.510141 0.282329 0.510169 0.283935 0.511375 0.286130 0.513305 0.289398 0.514359 0.292454 0.515414 0.292935 0.516562 0.291898
10 0.520422 0.413852 0.520672 0.428958 0.519922 0.431181 0.518924 0.432736 0.512987 0.438176 0.513583 0.439329 0.513583 0.439329 0.514297 0.441065 0.515935 0.445250 0.519635 0.446389 0.526224 0.442685 0.529828 0.431829 0.534005 0.430972 0.535451 0.425833 0.534010 0.411389
10 0.460349 0.305088 0.459208 0.310005 0.456518 0.318167 0.452227 0.321514 0.463990 0.334375 0.464422 0.333366 0.464279 0.323995 0.465794 0.312315 0.463661 0.311551 0.463055 0.306167
10 0.535326 0.449671 0.535570 0.448060 0.534802 0.447069 0.533721 0.447190 0.532919 0.444958 0.531909 0.442977 0.530758 0.442231 0.529922 0.442171 0.529365 0.444218 0.529992 0.447190 0.528703 0.447255 0.529086 0.445829 0.528529 0.443843 0.527482 0.441551 0.526854 0.440995 0.526297 0.442421 0.525948 0.444403 0.525495 0.446264 0.525495 0.448431 0.534107 0.450537
5 0.452177 0.366000 0.459086 0.362130 0.460411 0.399602 0.457682 0.396296 0.455474 0.369301
10 0.544974 0.301329 0.543438 0.299477 0.541250 0.295958 0.540573 0.296606 0.540260 0.297995 0.540547 0.303843 0.543490 0.304106
10 0.484510 0.581264 0.486182 0.581708 0.488896 0.581597 0.488943 0.583421 0.497203 0.585745 0.496878 0.587819 0.493471 0.592880
10 0.507815 0.273153 0.506875 0.273611 0.505130 0.275787 0.503906 0.278333 0.503984 0.280139 0.505727 0.282273 0.505990 0.282546 0.507109 0.279907 0.508490 0.277829 0.509872 0.277264
10 0.489599 0.397301 0.483286 0.402481 0.479805 0.406940 0.478914 0.413991 0.474383 0.421620 0.473250 0.439606 0.472521 0.442199 0.475161 0.437949 0.479755 0.427065 0.483172 0.421537 0.486477 0.408653
10 0.469966 0.326269 0.472518 0.323000 0.472250 0.328417 0.477714 0.342426 0.477383 0.343389 0.475789 0.353042 0.473922 0.347222 0.470438 0.343241
10 0.509354 0.336866 0.514857 0.326213 0.516862 0.317667 0.519240 0.311343 0.521508 0.305907 0.527154 0.292884 0.528927 0.290412 0.530862 0.289991 0.531375 0.291602 0.537375 0.292926 0.539615 0.297241 0.539234 0.303565 0.540885 0.325019 0.541602 0.332657 0.540828 0.342491 0.540313 0.348255 0.534318 0.361245 0.533648 0.361185 0.532279 0.361426 0.528589 0.365074 0.527036 0.363755 0.521797 0.363755 0.518445 0.366046 0.514151 0.357037 0.510026 0.347412
10 0.543083 0.392056 0.529135 0.368477 0.528589 0.365074 0.532279 0.361426 0.533648 0.361185 0.538766 0.369500 0.545406 0.383306
10 0.541271 0.360185 0.544776 0.354218 0.549326 0.354745 0.550359 0.355889 0.551862 0.356778 0.553401 0.358676 0.552310 0.360583 0.548432 0.363764 0.545406 0.383306 0.538766 0.369500 0.540055 0.364921 0.540055 0.364921
10 0.499888 0.255347 0.490622 0.264843 0.490956 0.270782 0.496214 0.274935 0.498437 0.270787 0.497661 0.264005 0.499034 0.259565 0.501536 0.257546
10 0.498185 0.293366 0.496247 0.292546 0.493573 0.295500 0.492326 0.300009 0.493573 0.304111 0.494956 0.303699 0.496432 0.304356 0.498138 0.305995
10 0.531013 0.579153 0.536245 0.577356 0.537089 0.566255 0.538271 0.558755 0.542151 0.526051 0.539115 0.528750 0.534219 0.529352
8 0.512448 0.440787 0.489060 0.412449 0.488964 0.411759 0.489352 0.410037 0.490417 0.409866 0.497591 0.418653 0.512419 0.437259 0.513698 0.439676
10 0.504510 0.510069 0.489680 0.541662 0.486182 0.581708 0.479466 0.572005 0.482964 0.533949 0.479607 0.535440 0.476109 0.546384 0.469812 0.544398 0.467854 0.530218 0.468971 0.515046 0.479607 0.501366 0.494716 0.471269 0.500594 0.464301 0.511086 0.461815 0.514026 0.479972 0.522979 0.490667 0.525497 0.494648 0.515844 0.498630 0.516544 0.505097 0.527177 0.502361 0.528438 0.516042 0.528438 0.526986 0.521581 0.524495 0.511367 0.512310
5 0.460081 0.473750 0.468281 0.468968 0.466117 0.477481 0.474906 0.490542 0.463885 0.503954
5 0.557305 0.340398 0.561344 0.326606 0.570133 0.347296 0.570370 0.358560 0.567521 0.357718 0.564906 0.358421 0.563956 0.358704 0.563323 0.355884 0.559922 0.354676 0.553724 0.359074 0.554714 0.354722 0.556198 0.349815 0.559010 0.347778
