1 0.507292 0.331579 0.511727 0.312398 0.511643 0.310315 0.510555 0.301542 0.511391 0.298569 0.511977 0.293958 0.512799 0.275005 0.512193 0.275671 0.511398 0.276667 0.511893 0.279093 0.511167 0.291208 0.509995 0.298884 0.509594 0.301542 0.509836 0.303625 0.510721 0.311296 0.510396 0.313736 0.506005 0.331657
2 0.431667 0.336500 0.432690 0.336713 0.433263 0.337838 0.433745 0.338102 0.434440 0.338208 0.434799 0.338856 0.435312 0.342593 0.435466 0.344551 0.436969 0.352296 0.438115 0.361296 0.438234 0.362741 0.437633 0.363713 0.437331 0.363713
8 0.489318 0.478639 0.488089 0.484421 0.487365 0.485838 0.486859 0.487250 0.486424 0.488662 0.486424 0.490722 0.488594 0.492519 0.490328 0.485324 0.491703 0.478384 0.491630 0.475685 0.491341 0.472986 0.485268 0.456019 0.482378 0.445481 0.481943 0.443167 0.481583 0.441884 0.480932 0.441500 0.480354 0.443042 0.480281 0.447667 0.480424 0.450366 0.481654 0.455380 0.484474 0.463991 0.487003 0.471444 0.488883 0.476324
2 0.454320 0.275185 0.457518 0.270597 0.460703 0.265528 0.465115 0.284866 0.459445 0.283963 0.458070 0.285852 0.450706 0.310528 0.449750 0.311421 0.449135 0.310431 0.448578 0.309037 0.447570 0.308440 0.445232 0.308843 0.443492 0.301431 0.442682 0.296690 0.442151 0.292153 0.450474 0.281403 0.451792 0.279681 0.452341 0.278667
2 0.447318 0.312963 0.445000 0.313583 0.440503 0.316458 0.434174 0.312366 0.430633 0.322852 0.428893 0.321204 0.417193 0.278356 0.410008 0.248491 0.411052 0.246019 0.416380 0.237986 0.419625 0.233454 0.422289 0.230569 0.423680 0.230569 0.425651 0.232426 0.427156 0.236750 0.438924 0.277370 0.439461 0.279079 0.439833 0.280907 0.440945 0.283713 0.441870 0.289278 0.442682 0.296690 0.443492 0.301431 0.445232 0.308843 0.446622 0.311111
5 0.515865 0.289148 0.519552 0.296255 0.520318 0.297333 0.521609 0.300343 0.522659 0.301634 0.524190 0.299843 0.523529 0.297588 0.522776 0.297292 0.523021 0.296685 0.515930 0.283185 0.514716 0.283023 0.514753 0.281481 0.513583 0.278829 0.512896 0.279546 0.513219 0.283005 0.514784 0.286458 0.515378 0.286269 0.516026 0.287037 0.515542 0.288477
5 0.510279 0.272102 0.509029 0.269037 0.508596 0.270282 0.507948 0.269611 0.507680 0.269130 0.507807 0.267991 0.506062 0.264583 0.503344 0.261421 0.497651 0.253981 0.495815 0.256028 0.498763 0.260292 0.500383 0.260866 0.502922 0.263361 0.503206 0.265324 0.505401 0.268426 0.507667 0.272949 0.509253 0.276333 0.509437 0.274593 0.510000 0.273514
8 0.475143 0.257806 0.477870 0.252810 0.488401 0.237546 0.494341 0.227468 0.493583 0.226509 0.482245 0.243981 0.475846 0.253097 0.475198 0.254542 0.473307 0.256745 0.472497 0.257324 0.471768 0.259051 0.471380 0.259815 0.473523 0.260106
10 0.471336 0.539532 0.469117 0.539148 0.468117 0.537926 0.467992 0.535593 0.467617 0.532926 0.467492 0.530259 0.466617 0.526815 0.466242 0.524042 0.466492 0.522486 0.466747 0.520458 0.467930 0.522819 0.468745 0.523722 0.468745 0.523722 0.469716 0.525931 0.471391 0.527370 0.472552 0.527259 0.476359 0.528111 0.477763 0.529167 0.478896 0.529648 0.480193 0.530509 0.482510 0.531694 0.482310 0.533486 0.482914 0.534421 0.483036 0.535495 0.482672 0.536931 0.482026 0.538509 0.481422 0.540014 0.480937 0.541519 0.479607 0.541736
10 0.466747 0.520458 0.468203 0.520361 0.468961 0.518347 0.469339 0.514602 0.469339 0.513833 0.468799 0.513069 0.469016 0.507403 0.468635 0.504907 0.469177 0.501162 0.469500 0.499245 0.469500 0.496361 0.469177 0.495403 0.469122 0.493866 0.469068 0.492718 0.470094 0.490699 0.472794 0.485037 0.473010 0.485421 0.476737 0.487819 0.476792 0.488778 0.473281 0.486861 0.473281 0.489069 0.474221 0.493991 0.474891 0.495625 0.475727 0.497560 0.476060 0.499491 0.476479 0.502463 0.475872 0.502602 0.474953 0.503370 0.474198 0.504333 0.474143 0.506250 0.474630 0.508556 0.475169 0.513162 0.475766 0.515949 0.476143 0.517389 0.477221 0.518731 0.478734 0.520458 0.479906 0.521745 0.479349 0.528069 0.478896 0.529648 0.477763 0.529167 0.476359 0.528111 0.472578 0.527343 0.471497 0.527468 0.471391 0.527370 0.469716 0.525931 0.468745 0.523722 0.468745 0.523722 0.467930 0.522819
2 0.439833 0.280907 0.450286 0.278995 0.451547 0.278912 0.451969 0.279329 0.451792 0.279681 0.450474 0.281403 0.440440 0.282898
2 0.439461 0.279079 0.446508 0.277255 0.449323 0.276898 0.451432 0.276991 0.452341 0.278667 0.454320 0.275185 0.454208 0.274435 0.449271 0.274769 0.438924 0.277370
5 0.433266 0.333259 0.435391 0.334722 0.439888 0.338833 0.441013 0.340611 0.441326 0.341167 0.442888 0.342056 0.442951 0.345056 0.476750 0.355495 0.486247 0.324060 0.491122 0.309287 0.496245 0.299292 0.497120 0.296847 0.496995 0.294403 0.496745 0.290296 0.489372 0.262856 0.459133 0.257861 0.465115 0.284866 0.464979 0.284810 0.474875 0.285292 0.475961 0.285773 0.477180 0.288426 0.480435 0.290833 0.487484 0.293005 0.488568 0.293968 0.490060 0.296620 0.491958 0.297343 0.492094 0.298787 0.491549 0.299995 0.487349 0.300236 0.484771 0.300718 0.480299 0.295898 0.478266 0.293486 0.475156 0.290370 0.462945 0.332532 0.458828 0.332685 0.449271 0.330972 0.445018 0.329296 0.438510 0.330870 0.438510 0.330870
8 0.472549 0.549653 0.481685 0.558653 0.482096 0.557676 0.473815 0.549065
6 0.453643 0.385366 0.452383 0.394125 0.452221 0.394986 0.451680 0.395273 0.451302 0.395755 0.449411 0.394315 0.450885 0.384176 0.452138 0.376296 0.454815 0.378227
5 0.431281 0.323032 0.426948 0.320106 0.429216 0.329995 0.433266 0.333259 0.438510 0.330870
5 0.439667 0.317634 0.440503 0.316458 0.447253 0.322315 0.445161 0.329329 0.444440 0.326759 0.442198 0.322259
5 0.445161 0.329329 0.438510 0.330870 0.431281 0.323032 0.434174 0.312366 0.436341 0.313907 0.439667 0.317634 0.442198 0.322259 0.444440 0.326759
9 0.472760 0.437667 0.472383 0.436171 0.472052 0.435634 0.471901 0.435634 0.470378 0.435514 0.470393 0.437134 0.470576 0.438046 0.470997 0.438204 0.471870 0.439222 0.472172 0.439759 0.472414 0.440829 0.473076 0.442060 0.474643 0.440403 0.474312 0.439704 0.473828 0.438954 0.473326 0.438602
10 0.439888 0.338833 0.439576 0.342500 0.438888 0.349606 0.439263 0.351718 0.446385 0.357495 0.449260 0.359829 0.450323 0.361606 0.461068 0.366713 0.459693 0.363935 0.459508 0.361051 0.459570 0.356718 0.459383 0.355495 0.442951 0.345056 0.442888 0.342056 0.441326 0.341167 0.441013 0.340611
10 0.449260 0.359829 0.447286 0.372727 0.446786 0.376296 0.447872 0.376593 0.448794 0.378079 0.448961 0.379565 0.448708 0.381796 0.450885 0.384176 0.452138 0.376296 0.454815 0.378227 0.453643 0.385366 0.454648 0.385662 0.456320 0.386106 0.457492 0.384324 0.458914 0.383134 0.459333 0.382838 0.461068 0.366713 0.450323 0.361606
2 0.551424 0.522917 0.553888 0.528889 0.556352 0.534662 0.560271 0.544218 0.561727 0.548597 0.560495 0.564125 0.557807 0.580449 0.556576 0.582440 0.554112 0.582838 0.552208 0.582042 0.549969 0.577463 0.543250 0.555963 0.542466 0.551981 0.542018 0.548995 0.541906 0.544616 0.549633 0.522519
10 0.456320 0.386106 0.456508 0.388819 0.456508 0.392481 0.456195 0.395926 0.455758 0.397370 0.456070 0.399148 0.457133 0.403370 0.457945 0.404148 0.458508 0.404259 0.459570 0.404477 0.462505 0.405810 0.464318 0.406144 0.465568 0.405921 0.467005 0.405144 0.467628 0.403593 0.468190 0.403259 0.469065 0.403259 0.469940 0.403259 0.470378 0.402370 0.471315 0.401926 0.471878 0.401037 0.471503 0.397926 0.470190 0.390704 0.469690 0.386708 0.469440 0.385708 0.468503 0.385486 0.463818 0.383042 0.462818 0.382486 0.461630 0.382375 0.459333 0.382838 0.458914 0.383134 0.457492 0.384324
10 0.468219 0.352731 0.468266 0.362194 0.468312 0.364102 0.468544 0.365097 0.469432 0.366259 0.476107 0.368000 0.476760 0.367338 0.477086 0.365097 0.477693 0.362940 0.477740 0.361032 0.477974 0.355968 0.477740 0.355722 0.476750 0.355495
10 0.482500 0.360866 0.481659 0.364847 0.481299 0.367875 0.481674 0.369653 0.482552 0.370537 0.484109 0.367759 0.485612 0.365986 0.487172 0.365759 0.488297 0.365759 0.492797 0.369653 0.493234 0.368764 0.489734 0.364542 0.490919 0.360435 0.492297 0.357653 0.492422 0.355880 0.492237 0.353986 0.492237 0.352769 0.489422 0.349431 0.488109 0.349097 0.486924 0.349324 0.485109 0.351880
10 0.554594 0.500565 0.555833 0.508306 0.554576 0.509681 0.553898 0.518630 0.555544 0.520005 0.556026 0.523102 0.555930 0.527745 0.552641 0.525681 0.551424 0.522917 0.549633 0.522519 0.548187 0.524477 0.547221 0.523792 0.546349 0.523273 0.543445 0.528264 0.543156 0.529981 0.542284 0.529639 0.540060 0.524648 0.537349 0.513639 0.539401 0.501250 0.545594 0.502454 0.548013 0.502282 0.551112 0.502972
10 0.553336 0.493338 0.554594 0.500565 0.551112 0.502972 0.548013 0.502282 0.545594 0.502454 0.539401 0.501250 0.542208 0.490926 0.545885 0.492306 0.546078 0.490241 0.546563 0.488866
10 0.499125 0.343074 0.493010 0.338181 0.491937 0.338014 0.490865 0.338926 0.490771 0.341083 0.491003 0.342162 0.491656 0.343657 0.492031 0.344986 0.492870 0.345565 0.493523 0.345231 0.494505 0.344736 0.499544 0.348718 0.499732 0.349218 0.500125 0.350995 0.501240 0.350352 0.500945 0.348801 0.503622 0.351412 0.503932 0.350792 0.504456 0.350176 0.505193 0.348801 0.504539 0.347639 0.503138 0.346065
10 0.467948 0.482352 0.467388 0.481852 0.466687 0.480111 0.466315 0.479528 0.466081 0.479528 0.464961 0.478782 0.463549 0.478954 0.463841 0.472727 0.464727 0.471481 0.465427 0.471398 0.466174 0.471398 0.467247 0.471148 0.468042 0.470569 0.468927 0.470236 0.469443 0.468991 0.469909 0.467750 0.470141 0.467167 0.470422 0.466421 0.471216 0.466255 0.471776 0.466505 0.472474 0.466833 0.472755 0.466833 0.473875 0.466505 0.474318 0.465894 0.475073 0.466083 0.475828 0.466083 0.477375 0.465426 0.478682 0.465755 0.474341 0.475796 0.473596 0.476130 0.472708 0.476958 0.473128 0.477620 0.472849 0.478370 0.471542 0.480278 0.470841 0.481023 0.470375 0.480278 0.469581 0.480278 0.469534 0.480773 0.468927 0.481523 0.468273 0.482102
10 0.467604 0.493287 0.467221 0.489278 0.466573 0.486111 0.465708 0.485153 0.462956 0.485343 0.463065 0.482824 0.462500 0.482106 0.461693 0.487125 0.463888 0.502926
10 0.486448 0.459269 0.487982 0.457069 0.489159 0.454769 0.489552 0.453537 0.490000 0.451931 0.490753 0.451606 0.490589 0.447894 0.489880 0.445981 0.489612 0.445287 0.489578 0.444593 0.489427 0.443681 0.489487 0.442606 0.489401 0.442019 0.489128 0.441375 0.488859 0.441162 0.489005 0.439986 0.488859 0.438861 0.488555 0.437681 0.488193 0.436824 0.487773 0.436074 0.486747 0.435324 0.486474 0.434574 0.485542 0.434412 0.485120 0.435218 0.485661 0.436125 0.486294 0.436986 0.486839 0.438431 0.486839 0.441000 0.486659 0.442556 0.485992 0.443843 0.485240 0.444750 0.484760 0.447806 0.484279 0.447162 0.484279 0.444806 0.484367 0.443731 0.484034 0.443037 0.483586 0.443625 0.483375 0.444481 0.483102 0.445125 0.482378 0.445481 0.485268 0.456019
10 0.462818 0.382486 0.461443 0.380486 0.461318 0.379486 0.461443 0.378597 0.462068 0.377264 0.462568 0.375931 0.462943 0.375380 0.463130 0.374824 0.463193 0.374269 0.463693 0.371824 0.463943 0.369602 0.464193 0.367046 0.464380 0.366046 0.464568 0.364602 0.465193 0.363935 0.466005 0.364269 0.466818 0.365380 0.467568 0.366157 0.468690 0.366380 0.469432 0.366259 0.476107 0.368000 0.476760 0.367338 0.477086 0.365097 0.477693 0.362940 0.478250 0.361606 0.479187 0.361162 0.480188 0.361051 0.482500 0.360866 0.481659 0.364847 0.480812 0.367046 0.480063 0.368713 0.479438 0.369046 0.479125 0.368713 0.478875 0.366380 0.478688 0.366157 0.478187 0.366157 0.477812 0.367491 0.477188 0.373713 0.477938 0.376264 0.477875 0.377597 0.477500 0.377597 0.476000 0.378264 0.475378 0.378264 0.474878 0.380153 0.475602 0.383486 0.470688 0.393472 0.470190 0.390704 0.469690 0.386708 0.469440 0.385708 0.468503 0.385486 0.463818 0.383042
10 0.513667 0.410222 0.513260 0.408986 0.514792 0.405903 0.515802 0.404394 0.516526 0.404394 0.517010 0.404681 0.517333 0.405542 0.518625 0.409199 0.519714 0.411565 0.520802 0.412856 0.521490 0.413718 0.521852 0.414148 0.521732 0.419454 0.520521 0.418236 0.520198 0.418236 0.518906 0.418236 0.517940 0.418236 0.516971 0.418236 0.516367 0.417519 0.515232 0.414444 0.515341 0.413870 0.515286 0.412620 0.514747 0.411662
10 0.467318 0.422296 0.471690 0.423185 0.472440 0.423741 0.473065 0.425741 0.473253 0.427958 0.472815 0.430847 0.471690 0.433069 0.470378 0.435514 0.469253 0.437736 0.468315 0.442287 0.468065 0.443287 0.467193 0.443287 0.464318 0.444176 0.463318 0.445287 0.462443 0.444509 0.460115 0.440542 0.460552 0.436315 0.460714 0.434301 0.461411 0.433245 0.462172 0.431611 0.462982 0.428731 0.465245 0.418458 0.466443 0.418852 0.467628 0.420185 0.468003 0.420963
10 0.476479 0.502463 0.475872 0.502602 0.474953 0.503370 0.474198 0.504333 0.474143 0.506250 0.474630 0.508556 0.475169 0.513162 0.475766 0.515949 0.476143 0.517389 0.477221 0.518731 0.478734 0.520458 0.482568 0.524394 0.488995 0.530731 0.489534 0.528907 0.489102 0.528718 0.490505 0.526796 0.491263 0.525741 0.492505 0.524394 0.492505 0.524301 0.492828 0.523532 0.493044 0.522093 0.493099 0.520556 0.492773 0.519019 0.492505 0.518921 0.491531 0.519116 0.490237 0.517866 0.489589 0.516426 0.489102 0.514315 0.488240 0.512875 0.486456 0.509514 0.485917 0.509130 0.484729 0.508653 0.483432 0.508074 0.481974 0.508074 0.480680 0.508074 0.479273 0.508171 0.479706 0.505773 0.479922 0.504907 0.480409 0.503755 0.480893 0.503565 0.481758 0.503949 0.482622 0.504523 0.483589 0.504546 0.482167 0.501870 0.480578 0.501125 0.479156 0.501426 0.478904 0.504694
10 0.488995 0.530731 0.489677 0.532389 0.489888 0.533815 0.489573 0.535486 0.489190 0.536977 0.489016 0.537782 0.488807 0.539204 0.488354 0.541500 0.487516 0.543421 0.485703 0.546519 0.485320 0.546519 0.484352 0.545681 0.485052 0.545005 0.485323 0.544333 0.485971 0.542991 0.486672 0.541935 0.487482 0.540014 0.487214 0.538287 0.486672 0.536847 0.485862 0.535310 0.484891 0.533102 0.483919 0.532046 0.482516 0.531759 0.481893 0.530236 0.482276 0.529060 0.482568 0.524394
10 0.461128 0.465829 0.461128 0.467333 0.460927 0.468125 0.460685 0.469273 0.460362 0.469991 0.460120 0.470991 0.460281 0.472787 0.460885 0.474935 0.460885 0.475940 0.460766 0.478954 0.461693 0.487125 0.462500 0.482106 0.463065 0.482824 0.464073 0.483111 0.464557 0.482181 0.464596 0.480889 0.463872 0.479597 0.463549 0.478954 0.463992 0.469847 0.463589 0.468625 0.463346 0.467120 0.463104 0.462458 0.463388 0.461241 0.463911 0.461023 0.464880 0.458731 0.467945 0.450625 0.468591 0.448690 0.468995 0.448046 0.469641 0.447185 0.470326 0.446537 0.470688 0.445968 0.471536 0.441449 0.470930 0.441231 0.471010 0.439796 0.470648 0.438796 0.469253 0.437736 0.468315 0.442287 0.468065 0.443287 0.467193 0.443287 0.464318 0.444176 0.463318 0.445287 0.461169 0.447829 0.459919 0.450625 0.459031 0.453421 0.458628 0.454644 0.458586 0.456079 0.458104 0.458731 0.458305 0.461167 0.458346 0.462389 0.458870 0.465255 0.459273 0.465829 0.460323 0.466190
10 0.507799 0.425968 0.507193 0.426181 0.506773 0.428259 0.506750 0.432278 0.507193 0.432995 0.507273 0.433352 0.507273 0.434856 0.507638 0.435074 0.508120 0.435074 0.508685 0.434500 0.509896 0.435861 0.511591 0.438301 0.512195 0.439449 0.512599 0.440449 0.513122 0.441528 0.514495 0.441097 0.514211 0.439375 0.514148 0.437398 0.510419 0.429407 0.508888 0.427185
10 0.508120 0.435074 0.507573 0.436593 0.507208 0.438815 0.507370 0.441037 0.507573 0.442329 0.508138 0.443838 0.508703 0.444551 0.509346 0.445125 0.510034 0.444625 0.511930 0.441972 0.513122 0.441528 0.512599 0.440449 0.512195 0.439449 0.511591 0.438301 0.509896 0.435861 0.508685 0.434500
10 0.506336 0.442588 0.506872 0.443935 0.507198 0.444597 0.508133 0.446093 0.507758 0.446921 0.506732 0.450407 0.506313 0.451069 0.505612 0.451236 0.504958 0.451486 0.505005 0.451981 0.505891 0.453227 0.506219 0.454722 0.506266 0.455884 0.504818 0.460944 0.504211 0.463435 0.503651 0.464347 0.502917 0.465509 0.502211 0.461694 0.501648 0.455917 0.501273 0.449477 0.501211 0.440477 0.501711 0.432259 0.502159 0.431491 0.502391 0.430495 0.502484 0.429500 0.502484 0.428583 0.502812 0.427838 0.503091 0.427921 0.504026 0.429083 0.504398 0.430991 0.504523 0.437704 0.504523 0.440810 0.504898 0.442255
10 0.511320 0.465181 0.510570 0.464847 0.509820 0.466514 0.509695 0.467958 0.510008 0.471181 0.510320 0.473514 0.510633 0.475403 0.509820 0.475292 0.508760 0.474958 0.508135 0.475292 0.507885 0.476287 0.508260 0.478398 0.508385 0.480287 0.508135 0.481731 0.507635 0.482954 0.506823 0.484287 0.506698 0.484954 0.507573 0.485843 0.508573 0.485287 0.510070 0.483954 0.510133 0.483843 0.511695 0.484954 0.512570 0.484287 0.512945 0.482065 0.513570 0.479398 0.514320 0.477398 0.515008 0.475731 0.515133 0.473958 0.515133 0.471625 0.515008 0.469625 0.515070 0.467069 0.514383 0.463736 0.513570 0.464069 0.512570 0.464069
10 0.506698 0.484954 0.505789 0.486185 0.505031 0.488106 0.504870 0.490602 0.504979 0.492523 0.505357 0.493481 0.506057 0.495019 0.512107 0.497037 0.512539 0.495213 0.512539 0.494347 0.512539 0.493292 0.512378 0.492042 0.512268 0.490315 0.512268 0.489162 0.511945 0.488204 0.511297 0.487148 0.508573 0.485287 0.507573 0.485843
10 0.506042 0.497500 0.505018 0.499500 0.504365 0.500329 0.504039 0.501245 0.503852 0.503403 0.503898 0.505060 0.504552 0.506056 0.505018 0.507134 0.505906 0.508213 0.507773 0.508630 0.509779 0.508713 0.511273 0.509042 0.512065 0.508046 0.513141 0.504315 0.512906 0.503236 0.512440 0.500412
10 0.508133 0.512361 0.507432 0.513023 0.506872 0.514769 0.506172 0.516593 0.505612 0.517421 0.505005 0.518255 0.503979 0.518667 0.502812 0.518667 0.502344 0.518583 0.501831 0.518583 0.501177 0.519000 0.500010 0.520491 0.499732 0.520741 0.499172 0.521736 0.498659 0.526468 0.499031 0.527546 0.499310 0.527796 0.499779 0.528954 0.499964 0.531278 0.500151 0.531944 0.500570 0.532440 0.501458 0.532690 0.502531 0.533185 0.503464 0.534347 0.503792 0.534597 0.504305 0.533769 0.504117 0.532190 0.504633 0.531444 0.505193 0.530699 0.505518 0.528458 0.506497 0.524144 0.506919 0.523231 0.507198 0.523065 0.507339 0.521986 0.507805 0.520574 0.508318 0.518667 0.508271 0.517009 0.508786 0.515847 0.509206 0.514352 0.509065 0.513606 0.508924 0.512528 0.508831 0.512444
10 0.506078 0.508630 0.505240 0.509954 0.504586 0.511199 0.503839 0.512278 0.503932 0.513690 0.504211 0.514852 0.504586 0.516343 0.504539 0.517338 0.503232 0.517505 0.502484 0.516843 0.502112 0.516843 0.501737 0.517588 0.500617 0.517838 0.499872 0.517588 0.502065 0.503898 0.502297 0.503565 0.502904 0.503403 0.503852 0.503403 0.503898 0.505060 0.504552 0.506056 0.505018 0.507134 0.505906 0.508213
10 0.505135 0.403023 0.505352 0.404366 0.505568 0.405616 0.506216 0.408111 0.507349 0.410417 0.510372 0.418861 0.511669 0.422796 0.512370 0.422222 0.512479 0.421264 0.511940 0.419532 0.512534 0.418769 0.514099 0.418769 0.515070 0.419824 0.515589 0.421671 0.516089 0.423227 0.516464 0.423560 0.516839 0.422560 0.517195 0.421319 0.517901 0.420787 0.518776 0.420787 0.520211 0.422227 0.521461 0.424782 0.522076 0.426523 0.522740 0.425472 0.522773 0.424477 0.522565 0.421940 0.521833 0.420574 0.521169 0.419458 0.520437 0.418713 0.519844 0.418593 0.518763 0.419023 0.518031 0.418903 0.517578 0.418653 0.516484 0.418102 0.515232 0.414444 0.515341 0.413870 0.515286 0.412620 0.514747 0.411662 0.513667 0.410222 0.511831 0.407440 0.511130 0.406477 0.509240 0.400620 0.507997 0.398222 0.507565 0.399181 0.506810 0.400046 0.505836 0.401005 0.505458 0.400815
10 0.475182 0.481602 0.475323 0.483181 0.476021 0.483097 0.476628 0.482102 0.480690 0.484838 0.481109 0.485833 0.481297 0.486417 0.481995 0.487412 0.483255 0.489319 0.484703 0.492060 0.486010 0.493139 0.487878 0.493468 0.488484 0.495708 0.486943 0.496375 0.486289 0.497287 0.486104 0.498032 0.485870 0.498532 0.485094 0.499491 0.485513 0.500681 0.485513 0.502912 0.485409 0.504792 0.486943 0.505583 0.487969 0.505333 0.488297 0.507074 0.490490 0.509731 0.491703 0.510560 0.493057 0.510644 0.493711 0.509648 0.493990 0.507157 0.495065 0.509315 0.495904 0.502764 0.493245 0.502681 0.492544 0.501602 0.491378 0.499856 0.491143 0.497120 0.490164 0.494380 0.488857 0.492060 0.488594 0.492519 0.486424 0.490722 0.486424 0.488662 0.486859 0.487250 0.487365 0.485838 0.484422 0.483843 0.483302 0.483347 0.483070 0.481685 0.483443 0.480028 0.484656 0.477620 0.484375 0.475546 0.482648 0.476130 0.482789 0.474468 0.483724 0.472394 0.482464 0.468079 0.480922 0.470903 0.480409 0.470069 0.478964 0.470403 0.478310 0.471315 0.477656 0.473139 0.478964 0.473306 0.479289 0.473472 0.479289 0.475546 0.478542 0.476792 0.478029 0.477620 0.476815 0.477787 0.474763 0.477704 0.474435 0.478287 0.474810 0.480194
10 0.483260 0.411796 0.483289 0.414935 0.482201 0.417014 0.481273 0.418162 0.479539 0.419815 0.478208 0.420315 0.477359 0.420384 0.476312 0.420102 0.475487 0.419565 0.475065 0.419833 0.474656 0.421819 0.474255 0.423185 0.473852 0.424690 0.473065 0.425741 0.473253 0.427958 0.472815 0.430847 0.472560 0.435444 0.472760 0.437667 0.473326 0.438602 0.474094 0.438241 0.474536 0.436880 0.474779 0.434727 0.475221 0.433079 0.476271 0.427556 0.476674 0.425620 0.477682 0.424185 0.478208 0.422681 0.478974 0.422037 0.480104 0.421319 0.482643 0.419597 0.483411 0.418593 0.483612 0.418019 0.483977 0.417231 0.485146 0.416875 0.485831 0.416301 0.486073 0.415870 0.486396 0.415296 0.486112 0.413718 0.484339 0.414648 0.484339 0.413144 0.484339 0.411852 0.484177 0.411495 0.483773 0.411421 0.483612 0.411421
2 0.462945 0.332532 0.458828 0.332685 0.449271 0.330972 0.445018 0.329296 0.447253 0.322315 0.450706 0.310528 0.458070 0.285852 0.459445 0.283963 0.465115 0.284866 0.474875 0.285292 0.475961 0.285773 0.477180 0.288426 0.480435 0.290833 0.487484 0.293005 0.488568 0.293968 0.490060 0.296620 0.491958 0.297343 0.492094 0.298787 0.491549 0.299995 0.487349 0.300236 0.484771 0.300718 0.480299 0.295898 0.478266 0.293486 0.475156 0.290370
5 0.494089 0.255315 0.489539 0.249458 0.490375 0.246731 0.496023 0.253426
8 0.469482 0.550787 0.471911 0.549954 0.474253 0.548894 0.476128 0.548287 0.478174 0.547981 0.479794 0.549194 0.481411 0.550255 0.482945 0.551847 0.483841 0.552907 0.484865 0.554648 0.485716 0.555255 0.486740 0.556014 0.486995 0.555481 0.485503 0.553588 0.483714 0.550935 0.481924 0.549269 0.479326 0.547074 0.476854 0.546315 0.474807 0.546921 0.469438 0.549421
10 0.442596 0.370352 0.440786 0.369926 0.439992 0.369097 0.439573 0.368764 0.439245 0.369843 0.439432 0.372333 0.440039 0.372662 0.440599 0.372000 0.441253 0.371583 0.441953 0.371417 0.442372 0.372083 0.441812 0.377227 0.441953 0.377310 0.442466 0.377722 0.442839 0.378222 0.442745 0.378968 0.442651 0.379880 0.442932 0.381042 0.443445 0.382204 0.443586 0.383116 0.443492 0.384278 0.444286 0.386352 0.445312 0.388926 0.445826 0.389009 0.446945 0.388097 0.447039 0.385606 0.446060 0.385111 0.447367 0.384111 0.448112 0.382870 0.448708 0.381796 0.448961 0.379565 0.448794 0.378079 0.447872 0.376593 0.446786 0.376296 0.447286 0.372727 0.446432 0.372912 0.446245 0.375069 0.445732 0.373245 0.446245 0.371917 0.447552 0.371583 0.448018 0.368347 0.446714 0.368514 0.446667 0.360796 0.446432 0.360468 0.446154 0.360218 0.445594 0.360880 0.445312 0.368681 0.445685 0.369509 0.444271 0.370106 0.443365 0.370602
10 0.448112 0.382870 0.447792 0.384236 0.447792 0.385773 0.446945 0.388097 0.446875 0.388745 0.446659 0.391917 0.446714 0.392685 0.447307 0.395370 0.448333 0.397481 0.449034 0.394602 0.448927 0.392685 0.449359 0.391245 0.450060 0.390282 0.450885 0.384176 0.450924 0.384333 0.448708 0.381796 0.448766 0.381741
10 0.449411 0.394315 0.449034 0.394602 0.448333 0.397481 0.450492 0.403528 0.450914 0.402282 0.451052 0.399630 0.451099 0.398718 0.451521 0.397968 0.451799 0.398718 0.451799 0.400125 0.452406 0.402037 0.453432 0.403528 0.453758 0.404079 0.454820 0.402968 0.455508 0.402301 0.455628 0.400542 0.455758 0.397370 0.456195 0.395926 0.456508 0.392481 0.456508 0.388819 0.456320 0.386106 0.454648 0.385662 0.453643 0.385366 0.453201 0.388759 0.453760 0.389588 0.453948 0.390667 0.454039 0.392245 0.453901 0.393491 0.453432 0.394069 0.452383 0.394125 0.452221 0.394986 0.451680 0.395273 0.451302 0.395755 0.450914 0.396889 0.450214 0.398884 0.449560 0.397389 0.450026 0.394815
2 0.497630 0.273056 0.499141 0.272676 0.500112 0.272000 0.501841 0.271713 0.503948 0.271523 0.502922 0.263361 0.500383 0.260866 0.498763 0.260292 0.498385 0.260292 0.497198 0.260769 0.496224 0.262116 0.495414 0.263264 0.495036 0.264417 0.495146 0.266241 0.494659 0.267588 0.494065 0.268546 0.493849 0.269986 0.493362 0.276130 0.492878 0.276130 0.494388 0.281602 0.494768 0.279491 0.495740 0.279681 0.496510 0.279736 0.496604 0.279153 0.496495 0.278144 0.494982 0.277088 0.495531 0.269694 0.496138 0.267870 0.496839 0.268782 0.497414 0.270755
10 0.502065 0.290606 0.502495 0.289676 0.503466 0.289097 0.504115 0.288333 0.504654 0.287755 0.505789 0.288810 0.506112 0.289866 0.507083 0.291213 0.507464 0.291981 0.507299 0.293898 0.505518 0.297069 0.505573 0.298125 0.506383 0.296778 0.506706 0.296778 0.506977 0.297259 0.507516 0.297449 0.507948 0.297449 0.508490 0.297644 0.507786 0.299273 0.507409 0.300333 0.507031 0.300718 0.505734 0.300718 0.502602 0.300523 0.503143 0.299755 0.503195 0.298509 0.502818 0.297259 0.502602 0.297162 0.501685 0.297162 0.501253 0.297069 0.499219 0.296745 0.499404 0.295833 0.499872 0.294671 0.500664 0.293093 0.501458 0.291435
9 0.501685 0.297162 0.499201 0.300755 0.496638 0.301292 0.496729 0.300593 0.497784 0.299949 0.501253 0.297069
10 0.495383 0.301833 0.496638 0.301292 0.499201 0.300755 0.502602 0.300523 0.505734 0.300718 0.507031 0.300718 0.507435 0.301190 0.508247 0.301296 0.508398 0.300708 0.508109 0.299852 0.509995 0.298884 0.509594 0.301542 0.509836 0.303625 0.509555 0.305440 0.508992 0.305657 0.508953 0.306014 0.508911 0.307375 0.508911 0.308954 0.508992 0.310245 0.509031 0.311606 0.509234 0.312394 0.509396 0.313542 0.509477 0.314977 0.509435 0.316125 0.508953 0.316625 0.507419 0.316625 0.506732 0.315907 0.506612 0.313542 0.506492 0.311394 0.507299 0.311319 0.507661 0.310676 0.507299 0.307736 0.506935 0.306014 0.506492 0.305153 0.505602 0.303861 0.504797 0.303218 0.503828 0.302713 0.502135 0.302639 0.499633 0.303074 0.497253 0.303074 0.494875 0.303574
2 0.492995 0.308500 0.493211 0.310227 0.493482 0.311861 0.493482 0.312630 0.492294 0.313301 0.491701 0.313588 0.490781 0.313972 0.490297 0.314259 0.489755 0.314935 0.489594 0.316565 0.489594 0.318676 0.489594 0.319542 0.489055 0.321171 0.488135 0.322995 0.485922 0.326551 0.485706 0.327796 0.487435 0.331060 0.491268 0.325204 0.491375 0.323574 0.490781 0.319639 0.490674 0.318676 0.490836 0.317718 0.491591 0.316662 0.494346 0.315699 0.494562 0.316852 0.494615 0.318292 0.495263 0.319060 0.496073 0.319060 0.495966 0.315699 0.496073 0.314644 0.496398 0.314356 0.496776 0.313588 0.496776 0.312148 0.496182 0.311380 0.495318 0.310421 0.494995 0.309750 0.495805 0.309079 0.496344 0.309079 0.496615 0.308213 0.496615 0.307255 0.496128 0.306870 0.495589 0.306773 0.495156 0.306676 0.495156 0.306676
2 0.492995 0.308500 0.492883 0.310602 0.490992 0.311565 0.492612 0.307722 0.493799 0.306282 0.494875 0.303574 0.497253 0.303074 0.498823 0.303116 0.498930 0.309546 0.499091 0.311852 0.499688 0.315500 0.499794 0.320875 0.499633 0.321741 0.499794 0.322986 0.500117 0.324139 0.500281 0.325481 0.499523 0.326542 0.498497 0.328171 0.498065 0.324042 0.497852 0.319722 0.497365 0.319148 0.496771 0.318764 0.496661 0.318667 0.496716 0.316940 0.496987 0.315403 0.497255 0.314347 0.496776 0.312148 0.496716 0.310894 0.496878 0.309546 0.496615 0.308213 0.496615 0.307255 0.496128 0.306870 0.495589 0.306773 0.495156 0.306676 0.495156 0.306676
2 0.525766 0.563731 0.530536 0.560773 0.532417 0.560259 0.533214 0.560134 0.533503 0.561801 0.534151 0.562574 0.534948 0.562958 0.536536 0.563347 0.538273 0.564759 0.539430 0.565917 0.540151 0.567972 0.541021 0.571569 0.541380 0.575296 0.546008 0.574269 0.544852 0.570671 0.543188 0.568616 0.542466 0.567972 0.540948 0.561287 0.539719 0.559361 0.537911 0.556662 0.536320 0.553963 0.527211 0.556792
2 0.543044 0.555250 0.541091 0.554222 0.537766 0.553708 0.536320 0.553963 0.527211 0.556792 0.528224 0.552421 0.533503 0.550620 0.536104 0.549208 0.539646 0.548824 0.542018 0.548995
2 0.485109 0.351880 0.484656 0.348602 0.483677 0.345616 0.482323 0.344949 0.481203 0.344537 0.480784 0.347773 0.481529 0.347940 0.482695 0.349514 0.483349 0.350926 0.483117 0.353829 0.483208 0.355903 0.483630 0.356981
10 0.518302 0.347671 0.518531 0.349773 0.522307 0.350097 0.521935 0.352074 0.518911 0.351981 0.518102 0.351981 0.517292 0.352653 0.516211 0.352361 0.515669 0.350829 0.515617 0.348426 0.515185 0.347273 0.514104 0.346412 0.513617 0.345644 0.514104 0.344588 0.514914 0.343532 0.515346 0.342477 0.515401 0.341324 0.515508 0.339884 0.515833 0.338542 0.515940 0.336042 0.515940 0.335370 0.515995 0.334699 0.516479 0.333644 0.516750 0.333162 0.517938 0.333162 0.518102 0.333162 0.518531 0.334602 0.518747 0.336620 0.518747 0.338250 0.518911 0.339690 0.519721 0.338542 0.520260 0.338444 0.520682 0.339782 0.520036 0.340069 0.518948 0.342722 0.519068 0.343296 0.518060 0.347171
10 0.507076 0.338273 0.507484 0.340606 0.507667 0.341199 0.507547 0.341894 0.507424 0.343074 0.507607 0.343662 0.507727 0.344412 0.507607 0.345537 0.507365 0.346662 0.506352 0.349745 0.505341 0.350319 0.505286 0.350894 0.505919 0.351801 0.506792 0.351431 0.507154 0.350894 0.507094 0.352019 0.507154 0.352769 0.507727 0.353894 0.508419 0.354644 0.509172 0.354694 0.509534 0.354106 0.509534 0.353250 0.509474 0.352019 0.509112 0.350037 0.509294 0.349500 0.510047 0.349069 0.511102 0.348269 0.512529 0.340176 0.511945 0.341306 0.511854 0.340500 0.511674 0.339213 0.511432 0.338519 0.511674 0.337394 0.512307 0.336912 0.512880 0.336481 0.513000 0.336106 0.512940 0.335731 0.512818 0.335356 0.512125 0.334181 0.511885 0.333968 0.511432 0.334343 0.510799 0.335574 0.510497 0.335949 0.509865 0.336806 0.509112 0.337556 0.508240 0.337875 0.507607 0.337875
2 0.502693 0.331037 0.504182 0.331458 0.506273 0.333190 0.507836 0.333139 0.508964 0.332347 0.507292 0.331579 0.506005 0.331657 0.506344 0.330278 0.504599 0.327986 0.504286 0.327116 0.503589 0.326560 0.503206 0.326375 0.502333 0.325259 0.501635 0.325194 0.500281 0.325481 0.499523 0.326542 0.498497 0.328171 0.499828 0.329602 0.501563 0.329815 0.502732 0.330032
2 0.514167 0.332347 0.509125 0.335505 0.505867 0.337912 0.505294 0.339162 0.504891 0.339949 0.503922 0.340093 0.503518 0.340023 0.502995 0.339088 0.502711 0.338083 0.502872 0.336366 0.503115 0.335718 0.503237 0.335144 0.503318 0.334282 0.503318 0.333421 0.503398 0.332634 0.503964 0.332921 0.504810 0.333352 0.505536 0.333995 0.506221 0.334356 0.507836 0.333139 0.508964 0.332347 0.509367 0.331704 0.509891 0.332778 0.511990 0.331630 0.512312 0.330412 0.513120 0.329694 0.514531 0.330412
10 0.526346 0.320736 0.528305 0.318773 0.528589 0.317912 0.528023 0.316907 0.527620 0.316190 0.527419 0.314903 0.528115 0.313213 0.528333 0.311926 0.529273 0.310384 0.526958 0.309616 0.526120 0.308593 0.522440 0.317069 0.520935 0.318704 0.519596 0.319449 0.518786 0.319060 0.518161 0.324069 0.518859 0.323759 0.520984 0.321528 0.521682 0.321528 0.521927 0.321898 0.522031 0.322208 0.521333 0.322889 0.521508 0.323509 0.521995 0.324005 0.525797 0.319792
9 0.526529 0.321431 0.527378 0.321069 0.528266 0.321713 0.528508 0.321856 0.528992 0.321356 0.529557 0.320782 0.530039 0.321856 0.530081 0.322861 0.531339 0.326301 0.530188 0.328282 0.529422 0.329583 0.528445 0.330144 0.527609 0.330079 0.527227 0.329523
9 0.525690 0.321588 0.525534 0.322880 0.524570 0.324005 0.524599 0.324912 0.524810 0.325718 0.524992 0.326736 0.525292 0.326949 0.525987 0.326949 0.526529 0.329523 0.527227 0.329523 0.526529 0.321431 0.526346 0.320736 0.525797 0.319792
10 0.517115 0.329458 0.516698 0.330514 0.517151 0.331384 0.519068 0.333116 0.520810 0.333861 0.522589 0.334046 0.525443 0.333597 0.526878 0.333056 0.528865 0.331630 0.530049 0.330329 0.531758 0.327676 0.531339 0.326301 0.530188 0.328282 0.529422 0.329583 0.528445 0.330144 0.527609 0.330079 0.527227 0.329523 0.526529 0.329523 0.525760 0.329958 0.525133 0.329769 0.524156 0.327847 0.523146 0.326426 0.522380 0.325741 0.522206 0.325310 0.525690 0.321588 0.525797 0.319792 0.521995 0.324005 0.521508 0.323509 0.521333 0.322889 0.522031 0.322208 0.521927 0.321898 0.521682 0.321528 0.520984 0.321528 0.518859 0.323759 0.518161 0.324069 0.517638 0.325060 0.517672 0.326361 0.517497 0.327477
10 0.524466 0.344144 0.523172 0.346644 0.521448 0.346310 0.520279 0.346310 0.519836 0.346523 0.519190 0.347745 0.518302 0.347671 0.518060 0.347171 0.519068 0.343296 0.518948 0.342722 0.520036 0.340069 0.520682 0.339782 0.521974 0.339782 0.522578 0.339639 0.522617 0.338565 0.522982 0.337273 0.523667 0.337634 0.524474 0.338472 0.524312 0.339782 0.524513 0.340431 0.525563 0.341148 0.525846 0.341361 0.526247 0.341866 0.526680 0.342801 0.526680 0.342801
2 0.526128 0.334602 0.525685 0.336463 0.525685 0.338255 0.526490 0.339116 0.527016 0.338255 0.526935 0.337111 0.526490 0.335389 0.527297 0.334884 0.527862 0.335676 0.528305 0.337611 0.527862 0.339546 0.527177 0.340407 0.526008 0.340338 0.525078 0.339764 0.524474 0.338472 0.524393 0.336968 0.524393 0.335819 0.524594 0.335102 0.524797 0.334384 0.525443 0.333597
10 0.526680 0.342801 0.526867 0.341926 0.527529 0.341801 0.527911 0.342296 0.528818 0.342667 0.530906 0.343273 0.529656 0.344773 0.528521 0.346741 0.528016 0.346870 0.527654 0.348028 0.527654 0.349699 0.527333 0.351366 0.526557 0.354269 0.526047 0.354375 0.525594 0.353301 0.524841 0.352819 0.524451 0.351481 0.524539 0.350463 0.524451 0.349556 0.523333 0.348694 0.523766 0.347412 0.524682 0.345588 0.526141 0.343667
10 0.522740 0.350676 0.523154 0.352287 0.523185 0.353463 0.522521 0.355176 0.521797 0.356787 0.521737 0.357750 0.522039 0.359407 0.522763 0.360750 0.523333 0.361394 0.524029 0.361069 0.526346 0.358500 0.526497 0.357481 0.526497 0.356838 0.527102 0.355713 0.527823 0.354750 0.527523 0.353731 0.526557 0.354269 0.526047 0.354375 0.525594 0.353301 0.524841 0.352819 0.524451 0.351481 0.524539 0.350463 0.524451 0.349556 0.523333 0.348694
10 0.510477 0.373074 0.512047 0.371958 0.513440 0.371338 0.514849 0.369449 0.516208 0.369199 0.518266 0.369574 0.519451 0.369199 0.520461 0.368023 0.520914 0.366412 0.520810 0.362134 0.520182 0.361824 0.519768 0.363537 0.519174 0.363537 0.520391 0.358472 0.519940 0.358167 0.519172 0.358106 0.517604 0.358231 0.516208 0.358727 0.515268 0.359162 0.514570 0.359782 0.514083 0.360153 0.513003 0.361394 0.512339 0.361824 0.511922 0.361083 0.511294 0.361019 0.510701 0.362134 0.510281 0.363190 0.509852 0.367833 0.509852 0.367833 0.509586 0.373477 0.509586 0.373477
10 0.515148 0.381875 0.514799 0.380514 0.514346 0.379273 0.513859 0.378653 0.513544 0.378403 0.513091 0.377847 0.512117 0.376731 0.511490 0.375986 0.511000 0.375491 0.510409 0.374005 0.510477 0.373074 0.512047 0.371958 0.513440 0.371338 0.514383 0.371278 0.515115 0.371773 0.515497 0.371958 0.516055 0.371773 0.516404 0.371338 0.516648 0.371093 0.516997 0.370718 0.517555 0.370657 0.518253 0.371773 0.518669 0.372764 0.518984 0.374398 0.515365 0.381958
10 0.522953 0.386069 0.523659 0.389042 0.524021 0.390833 0.524062 0.393273 0.523901 0.396931 0.525401 0.390194 0.527661 0.383884 0.528185 0.380301 0.531008 0.375495 0.530523 0.374060 0.529193 0.375926 0.528628 0.377144 0.528224 0.378292 0.527742 0.377935 0.527096 0.378222 0.527055 0.379440 0.526612 0.379583 0.526128 0.378435 0.524997 0.376931 0.525078 0.368611 0.524474 0.369542 0.523789 0.378148 0.523263 0.379083 0.522659 0.379870 0.521690 0.381593 0.520057 0.384046 0.519956 0.383884
2 0.520057 0.384046 0.520268 0.382440 0.524094 0.374028 0.523732 0.372690 0.520357 0.379921 0.520086 0.379278 0.519214 0.380884 0.519362 0.382116 0.519302 0.383347
10 0.523659 0.389042 0.524021 0.390833 0.524062 0.393273 0.523901 0.396931 0.522461 0.402116 0.522180 0.400792 0.521714 0.400125 0.521247 0.400042 0.520779 0.400125 0.520219 0.400375 0.519753 0.400958 0.519867 0.399009 0.520190 0.397505 0.520836 0.395856 0.520875 0.394778 0.521078 0.393847 0.520500 0.390875 0.520641 0.389940 0.521401 0.388898 0.522490 0.388398
10 0.516177 0.392981 0.517049 0.392981 0.517466 0.392981 0.518130 0.392981 0.518654 0.392602 0.519315 0.392301 0.519698 0.392046 0.520047 0.391495 0.520500 0.390875 0.520641 0.389940 0.519872 0.387458 0.519070 0.386593 0.517461 0.386454 0.516086 0.388898 0.513339 0.390051 0.512052 0.392329 0.512753 0.392741 0.513638 0.393986 0.514292 0.393736 0.514992 0.393324 0.515927 0.392991
10 0.509078 0.387278 0.507760 0.387176 0.507630 0.385417 0.507552 0.385139 0.506823 0.385093 0.506328 0.385093 0.506068 0.385324 0.505990 0.387407 0.505443 0.387870 0.505339 0.385833 0.505104 0.385509 0.504687 0.385509 0.504375 0.386019 0.503828 0.389352 0.503802 0.389954 0.504089 0.390463 0.504479 0.390509 0.504896 0.390648 0.505443 0.390278 0.505729 0.390880 0.505833 0.391435 0.505911 0.392546 0.506172 0.393009 0.507573 0.394069 0.507854 0.393852 0.508138 0.394426 0.510591 0.390181 0.510591 0.390181 0.511068 0.388611 0.511068 0.388611
2 0.511068 0.388611 0.509078 0.387278 0.508591 0.385667 0.508172 0.384741 0.507930 0.383560 0.508068 0.382880 0.510648 0.381019 0.513961 0.379532 0.514203 0.379903 0.513857 0.380773 0.512979 0.382472 0.512398 0.383370 0.510719 0.385917 0.510508 0.386722 0.511604 0.386713 0.511604 0.386713
10 0.512052 0.392329 0.513339 0.390051 0.516086 0.388898 0.517461 0.386454 0.517026 0.384912 0.522810 0.387741 0.522953 0.386069 0.518401 0.382727 0.521219 0.376815 0.527438 0.363319 0.531122 0.364861 0.532352 0.364991 0.533219 0.362551 0.534594 0.358694 0.530906 0.356639 0.531773 0.354454 0.532424 0.352139 0.534375 0.347898 0.538208 0.350343 0.539508 0.349056 0.541099 0.344815 0.543701 0.343144 0.545148 0.341472 0.545365 0.338644 0.544570 0.337231 0.540810 0.335819 0.539365 0.334917 0.537701 0.334532 0.535172 0.336204 0.538641 0.332093 0.537753 0.330773 0.536112 0.329778 0.534883 0.331449 0.532279 0.334792 0.530401 0.337102 0.529604 0.338389 0.529242 0.340060 0.529823 0.341472 0.530906 0.343273 0.531411 0.344685 0.530906 0.345458 0.529534 0.346356 0.528521 0.346741 0.528016 0.346870 0.527727 0.348028 0.527654 0.348028 0.527654 0.349699 0.528375 0.355097 0.515365 0.381958 0.512979 0.382472 0.512398 0.383370 0.511604 0.386713 0.510591 0.390181 0.508138 0.394426 0.508581 0.396435 0.508703 0.396579 0.508943 0.397366 0.508622 0.398588 0.507997 0.398222 0.509240 0.400620 0.509643 0.401884 0.511232 0.403046 0.511557 0.402880 0.511232 0.401556 0.511417 0.400227 0.511745 0.399231 0.511885 0.397986 0.512536 0.396824 0.513005 0.396574 0.511818 0.395065 0.511398 0.393736 0.511120 0.393241
1 0.500458 0.430181 0.501805 0.428704 0.502451 0.427125 0.502370 0.425264 0.502812 0.423542 0.503294 0.422903 0.503133 0.421463 0.501966 0.421463 0.500352 0.422898 0.498820 0.424259 0.498417 0.425407 0.498536 0.425764 0.499424 0.425551 0.500635 0.424616 0.501401 0.423972 0.501078 0.425407 0.500836 0.426699 0.500474 0.427556 0.499703 0.428838 0.500135 0.429606
2 0.497219 0.425574 0.496841 0.428167 0.497706 0.429315 0.498568 0.430949 0.498839 0.431523 0.499000 0.432870 0.498893 0.435653 0.498622 0.437093 0.498622 0.438917 0.498190 0.440838 0.496680 0.440574 0.496570 0.448903 0.498622 0.445731 0.499326 0.443815 0.499542 0.442181 0.500148 0.438037 0.501023 0.431148 0.500458 0.430181 0.500135 0.429606 0.499703 0.428838 0.498839 0.428069
10 0.482943 0.420815 0.484404 0.424556 0.484836 0.424940 0.485766 0.426579 0.486326 0.427139 0.486883 0.427199 0.487299 0.426704 0.488172 0.424347 0.487927 0.423171 0.487406 0.422426 0.485661 0.419454 0.485138 0.418958 0.484966 0.418833 0.484651 0.418833 0.484302 0.420074 0.483604 0.419949 0.483292 0.420009
9 0.474094 0.438241 0.474552 0.439009 0.475185 0.439278 0.475607 0.438634 0.475698 0.436329 0.475997 0.433866 0.476510 0.432315 0.476932 0.431190 0.477023 0.430546 0.476932 0.429366 0.476089 0.429421 0.475221 0.433079 0.474779 0.434727 0.474536 0.436880
9 0.477026 0.437157 0.477297 0.435065 0.477930 0.433676 0.478260 0.433083 0.478503 0.432440 0.478323 0.431801 0.478112 0.431639 0.477930 0.431532 0.477357 0.431315 0.476846 0.432227 0.476273 0.433995 0.476151 0.435815 0.476242 0.438546
9 0.482180 0.434708 0.481211 0.434028 0.480669 0.433972 0.480096 0.434028 0.479674 0.434509 0.477188 0.439028 0.478078 0.439759 0.478469 0.440296 0.479133 0.440991 0.479359 0.441468 0.479719 0.440083 0.480083 0.439083 0.480406 0.438005 0.481133 0.436644
2 0.480573 0.440509 0.483029 0.435713 0.485125 0.433199 0.487505 0.430977 0.488917 0.430190 0.489602 0.429903 0.490651 0.429759 0.491055 0.429685 0.493516 0.426602 0.496581 0.423662 0.497388 0.421727 0.497549 0.421083 0.497227 0.419648 0.496661 0.418718 0.495977 0.418644 0.496581 0.420653 0.495331 0.422944 0.493716 0.423736 0.492951 0.424454 0.492224 0.424741 0.491417 0.425602 0.491094 0.426458 0.490693 0.427250 0.489279 0.428181 0.484844 0.431551 0.482180 0.434708 0.481133 0.436644 0.480406 0.438005 0.480083 0.439083 0.479719 0.440083 0.480122 0.440657
2 0.480424 0.450366 0.479951 0.449958 0.479393 0.450824 0.479010 0.451819 0.478557 0.452005 0.478349 0.451755 0.478836 0.449463 0.478034 0.448968 0.478044 0.447653 0.475872 0.447417 0.475594 0.447292 0.475174 0.446671 0.475315 0.444440 0.475000 0.444319 0.474721 0.443699 0.474617 0.443079 0.475107 0.441713 0.476359 0.440491 0.477109 0.438981 0.477581 0.440597 0.477789 0.441468 0.478000 0.441838 0.478349 0.442519 0.478487 0.442583 0.478698 0.442644 0.478802 0.442644 0.479115 0.442088 0.479359 0.441468 0.479604 0.441218 0.480057 0.441097 0.480195 0.441963 0.479883 0.443204 0.479951 0.444255 0.480057 0.444815 0.480336 0.445495 0.480281 0.447667 0.480195 0.447602
2 0.478370 0.456241 0.478086 0.459542 0.479135 0.462194 0.479539 0.462838 0.479901 0.462912 0.480224 0.462769 0.480547 0.462051 0.481193 0.461259 0.481516 0.459468 0.481273 0.459468 0.480547 0.460616 0.479982 0.461477 0.479620 0.461259 0.478852 0.459542 0.479255 0.457819 0.479578 0.456528 0.479659 0.456241 0.480185 0.455454 0.480305 0.455023 0.479701 0.453014 0.479297 0.452727 0.478893 0.453301 0.478529 0.453806 0.478370 0.455023
2 0.477375 0.465426 0.477763 0.465204 0.478370 0.456241 0.478370 0.455023 0.477966 0.455093 0.477602 0.456384 0.477240 0.457676 0.476755 0.465634
2 0.466456 0.458264 0.467536 0.459505 0.467956 0.460431 0.467781 0.461546 0.468201 0.463407 0.468687 0.463653 0.469107 0.462847 0.469419 0.461051 0.468549 0.459069 0.467346 0.456838
9 0.488906 0.457176 0.489401 0.457731 0.489740 0.458704 0.489609 0.459722 0.489245 0.460509 0.488203 0.461435 0.487656 0.461204 0.487135 0.460972 0.486927 0.459861 0.487109 0.459306 0.487604 0.458287
10 0.491630 0.475685 0.494107 0.473398 0.493565 0.472111 0.492359 0.472542 0.491698 0.470829 0.491547 0.469917 0.492057 0.468310 0.492523 0.466963 0.492763 0.466606 0.493008 0.466537 0.493854 0.465676 0.494458 0.464958 0.494500 0.464310 0.494862 0.463023 0.494680 0.461773 0.492721 0.463597 0.492661 0.463491 0.493565 0.462255 0.493203 0.461667 0.491990 0.463657 0.491148 0.463657 0.490823 0.461134 0.490341 0.460810 0.488352 0.462310 0.488232 0.462741 0.488745 0.463435 0.490099 0.463380 0.490432 0.464505 0.488984 0.466329 0.491341 0.472986 0.491365 0.473023
2 0.492521 0.468648 0.492974 0.469519 0.493495 0.470634 0.494333 0.471935 0.495029 0.472556 0.495656 0.473111 0.496042 0.473361 0.496320 0.473546 0.496669 0.473671 0.497471 0.473671 0.500573 0.479870 0.501271 0.475222 0.498099 0.470694 0.496669 0.466667 0.496391 0.464000 0.496484 0.457995 0.496680 0.440574 0.495346 0.440722 0.495188 0.456069 0.494057 0.456782 0.493854 0.457000 0.493977 0.458361 0.494622 0.458579 0.494862 0.463023 0.494500 0.464310 0.494458 0.464958 0.493854 0.465676 0.493008 0.466537 0.492763 0.466606 0.492523 0.466963
2 0.498497 0.328171 0.496091 0.326366 0.494737 0.324787 0.493245 0.322301 0.492404 0.320889 0.491378 0.319477 0.490781 0.319639 0.490674 0.318676 0.490836 0.317718 0.491591 0.316662 0.493570 0.316657 0.494615 0.318292 0.495263 0.319060 0.496417 0.321968 0.496839 0.322218 0.497445 0.321968 0.497911 0.321801 0.498065 0.324042 0.498065 0.324042
2 0.495414 0.263264 0.495703 0.262185 0.495555 0.262028 0.494589 0.262347 0.492339 0.264981 0.491909 0.266204 0.491607 0.267009 0.491547 0.267972 0.491635 0.271185 0.491969 0.272579 0.493620 0.273704 0.493849 0.269986 0.494065 0.268546 0.494659 0.267588 0.495146 0.266241 0.495036 0.264417
2 0.509029 0.269037 0.509898 0.270097 0.510352 0.270532 0.511083 0.270037 0.512234 0.268796 0.512094 0.265079 0.511607 0.264398 0.510909 0.263713 0.510526 0.263468 0.509677 0.262894
2 0.507667 0.272949 0.507076 0.272579 0.506482 0.271588 0.506099 0.271398 0.505542 0.271278 0.505052 0.271278 0.504495 0.271958 0.504042 0.272579 0.503484 0.275241 0.503510 0.276500 0.504398 0.276500 0.505146 0.276750 0.505378 0.276917 0.506266 0.277579 0.507711 0.278157 0.508646 0.277329 0.509253 0.276333
10 0.512805 0.308648 0.511807 0.307227 0.511484 0.306296 0.511081 0.303139 0.511242 0.301134 0.511391 0.298569 0.511977 0.293958 0.512576 0.293819 0.513542 0.293532 0.514268 0.293819 0.514953 0.294176 0.515487 0.296347 0.516620 0.295292 0.517333 0.295037 0.518383 0.296042 0.519552 0.296255 0.520318 0.297333 0.521609 0.300343 0.522094 0.304287 0.522482 0.307745 0.520893 0.309676 0.520560 0.311773 0.518885 0.311921 0.516378 0.320995 0.515276 0.326662 0.513865 0.328597 0.513422 0.328741 0.512602 0.328509 0.513612 0.326218 0.515831 0.309722 0.514378 0.308792 0.513409 0.309079
2 0.462331 0.366125 0.461969 0.365120 0.461807 0.362824 0.461807 0.360815 0.461969 0.357157 0.462854 0.354505 0.463904 0.353361 0.464065 0.353931 0.463057 0.355870 0.462451 0.359884 0.462612 0.364403 0.462977 0.364546 0.463461 0.363111 0.464427 0.356227 0.465276 0.356801 0.464711 0.361532 0.464023 0.363898 0.463581 0.365264 0.463299 0.367199 0.463138 0.370139 0.462370 0.369995 0.462331 0.368921 0.462612 0.367130
9 0.497924 0.352440 0.498174 0.351694 0.498357 0.351162 0.498445 0.350306 0.498266 0.349606 0.498115 0.348963 0.497664 0.348644 0.497120 0.348431 0.496398 0.348537 0.495312 0.349444 0.494648 0.349981 0.494349 0.350838 0.494711 0.351801 0.495492 0.353194 0.496427 0.354106
9 0.492237 0.352769 0.492896 0.352713 0.493625 0.352667 0.493938 0.352667 0.494432 0.353269 0.494745 0.353824 0.495188 0.354843 0.495604 0.355630 0.495630 0.356463 0.495604 0.357296 0.495135 0.358083 0.494667 0.358685 0.494120 0.358731 0.493651 0.358593 0.493312 0.358269 0.493026 0.357898 0.492792 0.357343 0.492422 0.355880 0.492237 0.353986 0.492237 0.353986
9 0.499544 0.368889 0.500208 0.368657 0.500391 0.369676 0.500625 0.370000 0.501042 0.370417 0.501667 0.370602 0.502188 0.370000 0.503023 0.368227 0.502396 0.366898 0.500651 0.366944
2 0.508596 0.361477 0.508266 0.364690 0.508055 0.366889 0.507604 0.368171 0.507091 0.368870 0.506789 0.368870 0.505734 0.372139 0.505372 0.372671 0.505102 0.372778 0.503294 0.373046 0.503203 0.372458 0.504680 0.371278 0.505042 0.370370 0.505253 0.368333 0.504651 0.367157 0.505344 0.366083 0.505555 0.365282 0.505523 0.363032 0.505615 0.362014 0.505706 0.361208 0.506188 0.360458 0.506458 0.360301 0.507393 0.360032 0.508659 0.360352
2 0.503234 0.364102 0.503023 0.364046 0.502060 0.366083 0.503023 0.368227 0.503867 0.368546 0.504651 0.367157 0.505344 0.366083 0.505555 0.365282 0.505523 0.363032 0.505615 0.362014 0.505706 0.361208 0.506188 0.360458 0.506458 0.360301 0.507393 0.360032 0.509201 0.360514 0.509266 0.359060 0.509352 0.357620 0.508596 0.357190 0.506909 0.357833 0.504771 0.359389 0.504500 0.360139 0.503836 0.363565 0.503747 0.364745 0.503716 0.365333 0.503685 0.365977
2 0.497917 0.372440 0.499544 0.368889 0.501635 0.365236 0.502367 0.363810 0.502961 0.362509 0.503135 0.361204 0.503763 0.358912 0.504669 0.355565 0.504773 0.353023 0.504529 0.352032 0.504216 0.351477 0.503622 0.351412 0.503135 0.352157 0.503135 0.353333 0.503344 0.354514 0.502612 0.358292 0.501357 0.358477 0.500870 0.358852 0.498185 0.357736 0.497870 0.357796 0.497174 0.358231 0.496826 0.359097 0.496896 0.360028 0.497487 0.360278 0.499057 0.361764 0.497417 0.362444 0.497000 0.362815 0.496789 0.363250 0.496896 0.364366 0.497417 0.365171 0.497557 0.365421 0.497000 0.365421 0.496443 0.366287 0.496477 0.367157 0.496336 0.368829 0.495570 0.370069 0.495570 0.370130 0.495604 0.372051 0.495779 0.372051 0.496268 0.372236 0.496859 0.371866 0.496057 0.373231 0.497542 0.374264 0.497542 0.374264
9 0.493948 0.371856 0.492797 0.369653 0.493234 0.368764 0.493201 0.366968 0.493268 0.366042 0.493583 0.365236 0.494003 0.364926 0.494872 0.364491 0.495255 0.364801 0.495779 0.366042 0.495953 0.366782 0.495990 0.367963 0.495815 0.368829 0.495570 0.370069 0.495068 0.372690 0.495068 0.372690
2 0.479201 0.371028 0.479383 0.376231 0.479802 0.373491 0.480596 0.372995 0.480784 0.373657 0.480677 0.376528 0.480083 0.376958 0.480083 0.378819 0.479867 0.382046 0.478247 0.382046 0.477875 0.377597 0.478263 0.376315 0.478404 0.374736 0.477888 0.370338 0.477812 0.367491 0.477935 0.366440 0.478187 0.366157 0.478688 0.366157 0.478875 0.366380 0.479125 0.368713
10 0.479201 0.371028 0.481906 0.372852 0.482187 0.375093 0.482281 0.376005 0.483187 0.377704 0.484268 0.378574 0.484930 0.379315 0.485872 0.379500 0.486812 0.379500 0.487719 0.379380 0.489148 0.378880 0.491833 0.377644 0.492221 0.377083 0.493193 0.374231 0.494445 0.373880 0.495536 0.375426 0.497401 0.377833 0.498943 0.378329 0.500482 0.378329 0.500922 0.378005 0.502164 0.379347 0.504247 0.380769 0.505000 0.380028 0.505896 0.379079 0.501695 0.375843 0.499828 0.375093 0.499221 0.374597 0.498943 0.372190 0.497917 0.372440 0.497542 0.374264 0.495068 0.372690 0.493948 0.371856 0.492456 0.371611 0.491008 0.369782 0.489422 0.367463 0.488674 0.367130 0.487320 0.367130 0.484893 0.368704 0.484055 0.369287 0.483260 0.370366 0.482375 0.371194 0.479438 0.369046
2 0.457945 0.404148 0.457951 0.405370 0.458253 0.406014 0.458643 0.407028 0.458945 0.407995 0.459216 0.409977 0.459849 0.410139 0.460089 0.409065 0.460451 0.408370 0.461055 0.407889 0.461688 0.407458 0.462591 0.407565 0.463734 0.408208 0.464005 0.408528 0.464005 0.408796 0.463977 0.409977 0.463826 0.410671 0.464023 0.412319 0.464427 0.412676 0.464911 0.412014 0.465091 0.411639 0.465682 0.411005 0.465693 0.409653 0.465633 0.409065 0.466055 0.408477 0.466115 0.407889 0.465513 0.406870 0.465568 0.405921 0.464318 0.406144 0.462505 0.405810 0.459570 0.404477 0.458508 0.404259
2 0.472414 0.402958 0.473466 0.402731 0.474201 0.402856 0.475456 0.403847 0.475839 0.404218 0.476326 0.404468 0.476990 0.404468 0.477232 0.404588 0.477581 0.405273 0.477685 0.405398 0.477964 0.405644 0.478174 0.405704 0.478661 0.405023 0.476604 0.400065 0.477302 0.399630 0.479044 0.403972 0.479430 0.399880 0.479883 0.400375 0.480125 0.400995 0.479813 0.403412 0.480161 0.403412 0.480589 0.404231 0.479695 0.405431 0.479641 0.406968 0.479497 0.407750 0.479151 0.408431 0.478307 0.409574 0.477930 0.408245 0.477547 0.407935 0.476883 0.407815 0.476187 0.407935 0.475000 0.408639 0.470523 0.405343 0.470523 0.405343
2 0.471878 0.401037 0.473859 0.399208 0.474401 0.398458 0.474672 0.397495 0.475034 0.396264 0.475365 0.395833 0.475758 0.395565 0.476813 0.395190 0.477354 0.395190 0.478169 0.394870 0.478711 0.394815 0.479221 0.394551 0.479523 0.394389 0.479734 0.394333 0.480398 0.394227 0.480669 0.394227 0.481302 0.394764 0.482026 0.394926 0.482477 0.394333 0.482779 0.393745 0.482930 0.393157 0.482867 0.392620 0.482656 0.391977 0.482385 0.391551 0.481784 0.392083 0.481302 0.392620 0.480638 0.392676 0.480760 0.391819 0.480760 0.390958 0.480156 0.390157 0.479615 0.389995 0.479073 0.389995 0.478591 0.390477 0.477987 0.391120 0.477685 0.391764 0.477958 0.392407 0.478107 0.393315 0.477656 0.393958 0.476872 0.394120 0.476180 0.394176 0.475667 0.394282 0.475154 0.394495 0.473891 0.395792
2 0.480432 0.397708 0.479859 0.396319 0.479391 0.395949 0.478505 0.395718 0.478245 0.395898 0.478063 0.396412 0.478323 0.397106 0.478635 0.397569 0.479521 0.398866 0.479990 0.399421 0.480458 0.400023 0.480745 0.400579 0.480745 0.401782 0.480589 0.404231 0.481208 0.403417 0.481208 0.403417 0.481500 0.402662 0.481745 0.401898 0.481734 0.400579 0.481630 0.399833 0.481266 0.398958 0.481083 0.398542 0.480901 0.398310
2 0.470523 0.405343 0.472414 0.402958 0.474492 0.401458 0.476240 0.400333 0.477536 0.399583 0.477958 0.399583 0.478229 0.399583 0.478529 0.399264 0.478620 0.398190 0.478469 0.397977 0.478138 0.397657 0.477536 0.397870 0.471630 0.402102 0.470182 0.403870 0.469878 0.404694
9 0.486430 0.397727 0.486234 0.397153 0.484984 0.397727 0.484063 0.398102 0.483099 0.399120 0.482448 0.399722 0.482109 0.400417 0.481901 0.401157 0.481745 0.401898 0.481979 0.403102 0.482865 0.405046 0.484529 0.404949 0.484711 0.403468 0.485076 0.402356 0.485544 0.400875 0.485987 0.399347 0.486195 0.398560 0.486247 0.398236
10 0.490654 0.391903 0.489992 0.392815 0.489750 0.393509 0.489901 0.394583 0.490443 0.394421 0.490654 0.394259 0.491258 0.394583 0.491469 0.394903 0.491951 0.394958 0.492102 0.394472 0.492372 0.394153 0.492552 0.394153 0.492854 0.394153 0.493125 0.394634 0.493305 0.395009 0.493789 0.396991 0.494422 0.398759 0.494781 0.399190 0.495083 0.399347 0.495385 0.399296 0.495578 0.398356 0.495794 0.395764 0.495266 0.396833 0.494872 0.396134 0.494693 0.395009 0.494904 0.394046 0.495326 0.393509 0.495685 0.393190 0.496409 0.392440 0.496469 0.391958 0.496169 0.391690 0.495716 0.390884 0.495294 0.389977 0.494661 0.389227 0.494089 0.388958 0.493245 0.388958 0.491979 0.389653 0.491409 0.390028 0.491047 0.390940 0.491286 0.391958 0.491167 0.392653
10 0.490232 0.395065 0.489810 0.396028 0.489299 0.398440 0.489359 0.399722 0.489630 0.400903 0.490836 0.403046 0.491135 0.403259 0.491497 0.403366 0.491891 0.402884 0.491951 0.401222 0.491680 0.399829 0.493245 0.399829 0.493396 0.401065 0.493818 0.401222 0.494331 0.400421 0.494510 0.399940 0.494422 0.398759 0.493789 0.396991 0.493276 0.396083 0.492794 0.395440 0.492281 0.395384 0.491919 0.395759 0.491859 0.397690 0.491409 0.398116 0.491198 0.397903 0.490896 0.395972 0.490805 0.395546
1 0.484529 0.404949 0.484711 0.403468 0.485076 0.402356 0.485544 0.400875 0.485987 0.399347 0.486195 0.398560 0.486247 0.398236 0.486430 0.397727 0.486794 0.395782 0.487549 0.395644 0.487471 0.398375 0.487393 0.398884 0.487185 0.399579 0.486742 0.401060 0.485909 0.404347 0.485865 0.405111
10 0.482865 0.405046 0.485865 0.405111 0.486630 0.404616 0.487049 0.403005 0.487190 0.402259 0.487469 0.401208 0.487885 0.400648 0.488724 0.400523 0.488096 0.402074 0.487885 0.403870 0.488271 0.404306 0.489630 0.404306 0.489664 0.403250 0.490187 0.403065 0.490466 0.404306 0.493953 0.404366 0.494370 0.403005 0.495068 0.403625 0.494755 0.404986 0.494581 0.406472 0.493938 0.407620 0.493010 0.410347 0.493776 0.410491 0.495352 0.410273 0.495875 0.410778 0.496706 0.411574 0.495302 0.413014 0.494685 0.413292 0.491143 0.413880 0.491521 0.413014 0.488552 0.409370 0.487310 0.409847 0.484177 0.406296
10 0.500378 0.410713 0.505135 0.403023 0.505458 0.400815 0.505836 0.401005 0.506810 0.400046 0.507565 0.399181 0.507997 0.398222 0.508622 0.398588 0.508943 0.397366 0.508703 0.396579 0.508581 0.396435 0.508138 0.394426 0.507854 0.393852 0.507573 0.394069 0.507128 0.394931 0.507008 0.396222 0.506443 0.396292 0.506201 0.395792 0.505797 0.394500 0.505635 0.394139 0.504911 0.393995 0.504385 0.394139 0.503740 0.395718 0.503539 0.397296 0.503078 0.399208 0.501823 0.400694 0.501924 0.396292 0.499424 0.398370 0.497568 0.400810 0.496656 0.403542 0.495414 0.405366 0.493938 0.407620 0.493010 0.410347 0.493776 0.410491 0.495352 0.410273 0.495875 0.410778 0.496706 0.411574 0.497083 0.410903 0.497786 0.410519 0.499081 0.410426
10 0.506216 0.408111 0.505018 0.408431 0.504495 0.408495 0.503971 0.408741 0.503240 0.409116 0.502857 0.409426 0.502786 0.410167 0.502753 0.411282 0.503125 0.413208 0.503401 0.414361 0.504146 0.414569 0.504635 0.414569 0.504914 0.414880 0.505958 0.416181 0.506760 0.415931 0.507180 0.416366 0.507807 0.416551 0.508573 0.416801 0.509760 0.417231 0.507349 0.410417 0.507349 0.410417
2 0.486310 0.561370 0.486539 0.564917 0.487565 0.565222 0.487339 0.569685 0.487167 0.572319 0.480320 0.570093 0.479294 0.568468 0.478896 0.566542 0.478951 0.565931 0.479237 0.564208 0.479352 0.563398 0.479578 0.562181 0.480833 0.560556 0.481404 0.560556 0.482888 0.560963
10 0.470539 0.557509 0.471919 0.559361 0.472779 0.559639 0.473612 0.559917 0.474263 0.560241 0.474810 0.560333 0.475383 0.560241 0.476190 0.559824 0.477961 0.558713 0.479003 0.558667 0.482414 0.558944 0.486555 0.559500 0.486310 0.561370 0.482888 0.560963 0.481404 0.560556 0.480833 0.560556 0.479578 0.562181 0.479352 0.563398 0.479237 0.564208 0.478951 0.565931 0.478896 0.566542 0.479294 0.568468 0.480320 0.570093 0.481997 0.570611 0.481945 0.571444 0.479628 0.573759 0.478794 0.572463 0.479055 0.572139 0.477154 0.567556 0.475018 0.568898 0.473560 0.567648 0.475643 0.565843 0.476372 0.565426 0.476841 0.564917 0.476867 0.564639 0.476815 0.563852 0.476451 0.563019 0.476451 0.563019 0.475826 0.563111 0.475174 0.563204 0.474602 0.563204 0.474159 0.563111 0.473508 0.562741 0.472440 0.562694 0.471529 0.562000 0.470539 0.560056
10 0.469068 0.492718 0.465505 0.505389 0.464964 0.508074 0.465667 0.508269 0.465721 0.509130 0.466099 0.509227 0.466747 0.508843 0.466964 0.507787 0.468583 0.508269 0.469016 0.507403 0.468635 0.504907 0.469177 0.501162 0.469500 0.499245 0.469500 0.496361 0.469177 0.495403 0.469122 0.493866
10 0.464964 0.508074 0.463888 0.502926 0.468836 0.490398 0.468229 0.489069 0.468742 0.487579 0.469581 0.484838 0.469115 0.483926 0.468880 0.483843 0.468042 0.483843 0.467948 0.482352 0.468273 0.482102 0.468927 0.481523 0.469534 0.480773 0.469581 0.480278 0.470375 0.480278 0.470841 0.481023 0.471542 0.480278 0.472849 0.478370 0.473128 0.477620 0.472708 0.476958 0.473596 0.476130 0.474341 0.475796 0.478682 0.465755 0.478964 0.463847 0.479755 0.464181 0.480036 0.465593 0.480315 0.465921 0.479615 0.467500 0.474763 0.477704 0.474435 0.478287 0.474810 0.480194 0.475182 0.481602 0.474622 0.483597 0.474341 0.484093 0.473781 0.485421 0.472794 0.485037 0.470094 0.490699 0.469068 0.492718 0.465505 0.505389
10 0.488089 0.484421 0.486677 0.477755 0.487445 0.477324 0.488008 0.477181 0.487284 0.475028 0.486961 0.475389 0.486396 0.476106 0.485911 0.474741 0.486154 0.473380 0.485872 0.471657 0.485346 0.471014 0.483773 0.464991 0.483008 0.464130 0.482766 0.461833 0.482563 0.460616 0.482240 0.460259 0.481596 0.460329 0.481193 0.461259 0.481635 0.463343 0.482464 0.468079 0.483724 0.472394 0.483370 0.473597 0.483896 0.474958 0.484500 0.473310 0.485266 0.478542 0.486112 0.482704 0.486477 0.484139 0.487365 0.485838 0.487323 0.485931
10 0.454380 0.432046 0.454625 0.434093 0.455253 0.435144 0.455216 0.435829 0.455182 0.436694 0.455565 0.437560 0.455984 0.438370 0.456227 0.439236 0.456227 0.440167 0.456297 0.441097 0.456924 0.441903 0.456508 0.444009 0.456471 0.445370 0.458104 0.458731 0.458586 0.456079 0.458628 0.454644 0.459031 0.453421 0.459331 0.451694 0.459227 0.450949 0.458911 0.450514 0.458563 0.449708 0.458284 0.448347 0.458529 0.447167 0.458703 0.446486 0.459750 0.446486 0.460271 0.446241 0.460516 0.446176 0.461073 0.445806 0.461492 0.445745 0.461701 0.445745 0.462086 0.445745 0.462443 0.444509 0.461526 0.443019 0.461039 0.444069 0.460724 0.444875 0.459958 0.445125 0.459331 0.445125 0.459260 0.444319 0.460115 0.440542 0.460552 0.436315 0.460714 0.434301 0.461411 0.433245 0.462172 0.431611 0.462982 0.428731 0.465245 0.418458 0.465602 0.416056 0.465484 0.414625 0.465000 0.414694 0.464435 0.415912 0.463828 0.417847 0.463065 0.420139 0.462443 0.421185 0.462130 0.421519 0.460880 0.422963 0.459630 0.424630 0.459112 0.426958 0.458909 0.427671 0.458706 0.428819 0.458706 0.429394 0.459112 0.430472 0.459148 0.430972 0.458747 0.430972 0.458628 0.431042 0.458583 0.431546 0.458302 0.431903 0.458104 0.432625 0.457982 0.433333 0.457982 0.433769 0.457820 0.433769 0.457172 0.433769 0.456693 0.433194 0.455359 0.432190 0.454833 0.431759
2 0.467417 0.412870 0.467055 0.414519 0.466732 0.415454 0.466448 0.415741 0.465602 0.416056 0.465440 0.413588 0.465440 0.412296 0.465682 0.411005 0.466529 0.408926 0.467013 0.406060 0.467820 0.404194 0.468190 0.403259 0.469070 0.403694 0.469878 0.404694 0.470523 0.405343 0.475000 0.408639 0.476938 0.409144 0.478307 0.409574 0.479799 0.409644 0.481372 0.409574 0.481576 0.409431 0.481695 0.411005 0.480406 0.411005 0.476857 0.410792 0.473789 0.409287 0.472661 0.408139 0.470482 0.406847 0.469677 0.406347 0.468747 0.405986 0.468466 0.406273 0.467781 0.407278 0.467135 0.408926 0.467013 0.409644 0.466852 0.411653 0.466974 0.412440
2 0.466901 0.411389 0.468409 0.411486 0.470065 0.412074 0.470487 0.412880 0.471302 0.413310 0.471391 0.412292 0.471724 0.409185 0.471542 0.408486 0.471091 0.408218 0.470609 0.408218 0.470487 0.407736 0.470482 0.406847 0.469677 0.406347 0.469102 0.407468 0.468771 0.408699 0.468469 0.409292 0.468349 0.409611 0.468078 0.409880 0.467505 0.409986 0.467013 0.409644
2 0.521461 0.424782 0.521148 0.428116 0.520648 0.431449 0.520211 0.432782 0.519773 0.434338 0.519023 0.435227 0.518464 0.435227 0.516151 0.431116 0.515026 0.426227 0.514839 0.422671 0.514964 0.421671 0.515589 0.421671 0.516089 0.423227 0.516464 0.423560 0.516839 0.422560 0.517214 0.421343 0.517901 0.420787 0.518776 0.420787 0.520211 0.422227
1 0.501711 0.432259 0.501211 0.440477 0.501273 0.449477 0.501648 0.455917 0.502211 0.461694 0.503398 0.468023 0.503023 0.470134 0.502023 0.468356 0.501023 0.463694 0.500336 0.456361 0.500336 0.446810 0.500148 0.438037 0.501023 0.431148
2 0.504523 0.427926 0.504523 0.437704 0.504523 0.440810 0.504898 0.442255 0.506336 0.442588 0.506773 0.441699 0.506773 0.428259
10 0.515258 0.455963 0.515883 0.458185 0.515758 0.460963 0.515320 0.462403 0.514570 0.462847 0.514383 0.463736 0.513570 0.464069 0.512570 0.464069 0.511508 0.463736 0.511383 0.462514 0.511508 0.460296 0.512195 0.457630 0.512195 0.456741 0.512945 0.456741 0.513383 0.456519 0.514070 0.455852
9 0.510810 0.405204 0.512352 0.405537 0.513237 0.406116 0.514031 0.406366 0.513984 0.404870 0.513612 0.404208 0.514591 0.402880 0.514872 0.402051 0.514917 0.401222 0.514078 0.399398 0.513005 0.396574 0.512536 0.396824 0.511885 0.397986 0.511745 0.399231 0.511417 0.400227 0.511232 0.401556 0.511557 0.402880 0.511232 0.403046 0.509643 0.401884
9 0.514872 0.402051 0.517654 0.402366 0.518539 0.402037 0.519052 0.401704 0.519753 0.400958 0.520219 0.400375 0.520779 0.400125 0.521247 0.400042 0.521714 0.400125 0.522180 0.400792 0.522461 0.402116 0.522320 0.403694 0.522180 0.405602 0.522039 0.406514 0.521807 0.406764 0.521385 0.406931 0.520826 0.406019 0.520500 0.404194 0.520219 0.403444 0.516534 0.403611 0.514898 0.403528 0.514591 0.402880
10 0.517654 0.402366 0.518445 0.400958 0.519005 0.399130 0.510443 0.419444 0.518633 0.396727 0.517372 0.394069 0.515927 0.392991 0.514992 0.393324 0.514292 0.393736 0.513638 0.393986 0.512753 0.392741 0.512052 0.392329 0.511120 0.393241 0.511398 0.393736 0.511818 0.395065 0.513005 0.396574 0.514078 0.399398 0.514917 0.401222 0.514872 0.402051
1 0.510703 0.254583 0.511135 0.251449 0.511674 0.249144 0.512917 0.245593 0.515508 0.241273 0.517398 0.237144 0.518424 0.235514 0.520099 0.226870 0.519612 0.226199 0.519289 0.226199 0.518586 0.227065 0.516750 0.234935 0.515669 0.237815 0.513888 0.241750 0.511997 0.244634 0.510865 0.247319 0.510326 0.250394 0.509870 0.252824
1 0.472497 0.257324 0.471768 0.259051 0.466854 0.254347 0.464370 0.251181 0.463453 0.248875 0.463453 0.247819 0.464479 0.247630 0.465018 0.249741 0.465612 0.250986 0.469068 0.254634
1 0.472497 0.257324 0.467044 0.251181 0.467096 0.250412 0.467906 0.249162 0.469529 0.248009 0.470607 0.248009 0.475846 0.253097 0.475198 0.254542 0.471417 0.250796 0.470174 0.250028 0.469313 0.250028 0.468716 0.250028 0.468232 0.250986 0.469258 0.252718 0.473307 0.256745
1 0.478060 0.253866 0.477250 0.256556 0.478815 0.257708 0.479570 0.258861 0.480706 0.261449 0.481786 0.261449 0.480706 0.258380 0.485242 0.262412 0.486701 0.262412
9 0.475143 0.257806 0.476656 0.260588 0.473523 0.260106
2 0.499794 0.322986 0.501279 0.323218 0.502086 0.323505 0.503458 0.323505 0.504385 0.323505 0.505677 0.323935 0.506404 0.324870 0.507370 0.325801 0.507977 0.323648 0.506323 0.322144 0.503943 0.320639 0.502651 0.320065 0.501401 0.320065 0.499794 0.320875 0.499633 0.321741
2 0.508521 0.326398 0.508924 0.324676 0.512279 0.328366 0.512602 0.328509 0.513120 0.329694 0.512312 0.330412
2 0.453659 0.426588 0.454445 0.420185 0.454667 0.418343 0.454667 0.414542 0.454706 0.412532 0.455151 0.411315 0.455755 0.411315 0.456643 0.411315 0.459305 0.411958 0.459789 0.412102 0.461362 0.412819 0.462169 0.413324 0.463177 0.413468 0.463542 0.413537 0.464185 0.414255 0.464589 0.413898 0.464427 0.412676 0.464023 0.412319 0.463339 0.411745 0.462169 0.411676 0.461443 0.410884 0.460797 0.410454 0.457693 0.409593 0.455195 0.408412 0.454625 0.409162 0.453859 0.410310 0.453698 0.412319 0.453336 0.416694 0.452971 0.417986 0.452971 0.418773 0.453013 0.420134 0.452971 0.421426 0.452932 0.425014
2 0.454667 0.414542 0.455156 0.414722 0.456536 0.415000 0.458542 0.414630 0.458750 0.414861 0.459948 0.416019 0.460885 0.415324 0.459974 0.414444 0.459661 0.413657 0.459401 0.413287 0.458724 0.413287 0.454688 0.413333
2 0.471302 0.413310 0.472625 0.415278 0.473286 0.416028 0.473617 0.415333 0.474039 0.414315 0.474583 0.413620 0.475094 0.413403 0.475427 0.413727 0.475969 0.414958 0.476570 0.415009 0.477174 0.414259 0.477414 0.411852 0.477474 0.410833 0.478138 0.410940 0.477927 0.413083 0.478047 0.413565 0.478799 0.412708 0.481695 0.411005 0.483018 0.410352 0.483380 0.410833 0.483260 0.411796 0.482867 0.412333 0.481904 0.413083 0.480156 0.413509 0.479555 0.414102 0.479042 0.414583 0.478500 0.415278 0.477958 0.416028 0.476813 0.417315 0.475969 0.418815 0.475487 0.419565 0.475065 0.419833 0.474643 0.419940 0.474341 0.419995 0.474010 0.419458 0.473768 0.418759 0.473227 0.418384 0.472865 0.418171 0.472292 0.417745 0.471630 0.416833 0.471177 0.416565 0.470695 0.416403 0.470424 0.416134 0.469760 0.415227 0.469250 0.414477 0.468797 0.413778 0.468164 0.413352 0.467893 0.412921 0.467417 0.412870 0.466974 0.412440 0.466852 0.411653 0.466901 0.411389 0.468409 0.411486 0.470065 0.412074 0.470487 0.412880
2 0.481208 0.403417 0.479695 0.405431 0.479641 0.406968 0.482234 0.408986 0.487094 0.413782 0.493034 0.418870 0.494492 0.419255 0.498003 0.417431 0.499945 0.416954 0.501133 0.417241 0.502430 0.418486 0.503401 0.419255 0.504211 0.419833 0.504482 0.420310 0.503563 0.420694 0.503133 0.421463 0.503294 0.422903 0.505508 0.421944 0.507289 0.422713 0.514148 0.437398 0.515331 0.440569 0.516302 0.441722 0.516625 0.441815 0.517706 0.440375 0.519062 0.437690 0.518354 0.436921 0.516896 0.438838 0.516201 0.438551 0.515169 0.437398 0.510146 0.425208 0.508477 0.421847 0.506799 0.419255 0.505940 0.417431 0.503510 0.415704 0.503401 0.415514 0.503401 0.414361 0.503125 0.413208 0.502591 0.412250 0.501620 0.411769 0.500378 0.410713 0.499081 0.410426 0.497786 0.410519 0.497083 0.410903 0.496706 0.411574 0.495302 0.413014 0.494815 0.414745 0.494708 0.416185 0.491682 0.415222 0.491143 0.413880 0.491521 0.413014 0.488552 0.409370 0.487310 0.409847 0.484177 0.406296 0.482070 0.404282
1 0.496026 0.354639 0.497924 0.352440 0.500125 0.350995 0.501240 0.350352 0.502112 0.350352 0.502625 0.350833 0.502776 0.351264 0.502656 0.351903 0.502414 0.352389 0.502023 0.352708 0.499010 0.353940 0.498406 0.354315 0.497503 0.355440 0.496961 0.356028 0.496297 0.356458 0.496057 0.355389
1 0.498583 0.255315 0.501719 0.253333 0.501893 0.252093 0.501547 0.251907 0.498060 0.254574
2 0.502682 0.303671 0.503224 0.308088 0.503924 0.312120 0.505005 0.314616 0.507760 0.320185 0.506896 0.321722 0.503385 0.312889 0.502737 0.310968 0.501927 0.305495
2 0.487435 0.331060 0.487727 0.333259 0.488573 0.333259 0.491841 0.331898 0.493656 0.331181 0.494786 0.331611 0.495310 0.331824 0.496198 0.332042 0.496763 0.331755 0.497568 0.331037 0.498375 0.330894 0.500109 0.332185 0.500797 0.332542 0.502208 0.331824 0.502693 0.331037 0.502732 0.330032 0.501563 0.329815 0.499828 0.329602 0.498497 0.328171 0.494625 0.328167 0.492526 0.328884 0.492083 0.328884 0.491276 0.328023 0.490833 0.327667 0.490388 0.327380 0.489784 0.327667 0.490227 0.329458 0.489380 0.330032
1 0.528911 0.317069 0.531758 0.327676 0.533083 0.326500 0.530711 0.318130 0.529995 0.318097
1 0.538177 0.328287 0.544622 0.331704 0.544622 0.332759 0.544378 0.333069 0.544237 0.333440 0.537753 0.330773 0.533815 0.327986 0.534339 0.326931 0.536141 0.328250 0.536935 0.329148 0.536935 0.329148
1 0.507076 0.338273 0.507036 0.346444 0.506352 0.349745 0.505341 0.350319 0.504294 0.350750 0.504456 0.350176 0.505464 0.348384 0.505544 0.346375 0.505987 0.343792 0.506029 0.340421 0.505867 0.337912
2 0.526141 0.343667 0.524682 0.345588 0.523766 0.347412 0.522740 0.350676 0.519768 0.363537 0.519174 0.363537 0.522307 0.350097 0.523172 0.346644 0.524466 0.344144 0.526680 0.342801
2 0.470688 0.445968 0.476359 0.440491 0.484836 0.424940 0.484404 0.424556 0.475818 0.439245 0.470958 0.444333
2 0.489003 0.437852 0.489888 0.441838 0.490122 0.443745 0.490589 0.447894 0.490867 0.454449 0.490914 0.460171 0.491148 0.463657 0.491990 0.463657 0.491661 0.458681 0.491521 0.450963 0.491148 0.446481 0.490589 0.440921 0.489841 0.437273
2 0.478044 0.447653 0.478206 0.451111 0.477557 0.453606 0.476586 0.457444 0.475937 0.459366 0.475398 0.461574 0.475344 0.462630 0.475234 0.463204 0.475451 0.463875 0.475828 0.465894 0.475828 0.466083 0.475073 0.466083 0.474318 0.465894 0.472966 0.465412 0.472589 0.464935 0.472750 0.463875 0.472966 0.462727 0.473398 0.461861 0.473992 0.460903 0.474586 0.459653 0.476909 0.452356 0.477180 0.448519 0.477070 0.447463
2 0.465198 0.466046 0.464872 0.463806 0.464919 0.462148 0.465620 0.459574 0.467346 0.456838 0.468560 0.455676 0.471872 0.454181 0.472013 0.452940 0.467953 0.454931 0.464880 0.458731 0.463911 0.461023 0.463753 0.463889 0.464172 0.466630 0.464826 0.468787 0.465479 0.469449 0.466039 0.469699 0.466227 0.469282 0.465945 0.467954
1 0.510792 0.281810 0.510432 0.282477 0.508596 0.282667 0.505464 0.284972 0.505573 0.287181 0.506112 0.287565 0.509083 0.285546 0.509893 0.285449 0.510000 0.285931 0.509245 0.290157 0.508758 0.291597 0.505518 0.297069 0.505573 0.298125 0.508867 0.292458 0.509245 0.291981 0.508490 0.297644 0.507786 0.299273 0.508109 0.299852 0.509995 0.298884 0.509784 0.297069 0.510271 0.294861 0.511352 0.287273 0.511893 0.279093 0.511398 0.276667 0.510513 0.277662 0.511305 0.279319 0.511445 0.280153 0.511305 0.281394
1 0.512625 0.285597 0.514245 0.288380 0.514948 0.290491 0.515164 0.292894 0.515487 0.296347 0.516620 0.295292 0.516352 0.292028 0.515865 0.289148 0.515542 0.288477 0.516026 0.287037 0.515378 0.286269 0.514784 0.286458 0.513219 0.283005
1 0.439271 0.345694 0.437318 0.343657 0.435312 0.342593 0.435466 0.344551 0.437482 0.345699 0.438331 0.347278 0.439036 0.348287
1 0.522693 0.311269 0.521521 0.315431 0.524281 0.309634 0.525703 0.306065 0.526622 0.302347 0.526622 0.297292 0.526120 0.289412 0.525786 0.285394 0.524198 0.281676 0.523445 0.278556 0.523445 0.276324 0.523945 0.274542 0.525786 0.273944 0.529719 0.273796 0.530219 0.273500 0.531055 0.271269 0.531307 0.269931 0.530135 0.267255 0.530971 0.265023 0.533648 0.270079 0.533815 0.272903 0.532310 0.274542 0.530888 0.275282 0.527208 0.275282 0.525620 0.275731 0.524951 0.276769 0.524365 0.277662 0.524951 0.279894 0.526456 0.284505 0.526706 0.290153 0.527711 0.298481 0.527375 0.303241 0.526120 0.308593 0.522440 0.317069 0.520935 0.318704 0.519596 0.319449 0.519680 0.317218 0.521271 0.312014
1 0.524198 0.294019 0.524406 0.299866 0.523987 0.302838 0.522482 0.307745 0.520893 0.309676 0.520560 0.311773 0.522901 0.309083 0.524573 0.304620 0.525159 0.299866 0.524826 0.293319
1 0.522190 0.261306 0.522190 0.268889 0.522190 0.271269 0.523026 0.277810 0.523359 0.282125 0.524281 0.288815 0.524198 0.294019 0.523529 0.297588 0.522776 0.297292 0.523529 0.292681 0.523529 0.289259 0.522107 0.278259 0.521271 0.269338 0.521437 0.260116
1 0.501784 0.282144 0.502812 0.281477 0.503651 0.281560 0.504958 0.281810 0.505844 0.281894 0.506544 0.281227 0.507104 0.280648 0.507245 0.280153 0.507898 0.280231 0.508786 0.279903 0.509299 0.279153 0.509719 0.277995 0.510513 0.277662 0.511305 0.279319 0.511445 0.280153 0.511305 0.281394 0.510792 0.281810 0.510560 0.279819 0.509906 0.280398 0.509253 0.281310 0.508786 0.281977 0.508086 0.281894 0.507758 0.281894 0.507339 0.282972 0.506919 0.283306 0.505938 0.283634 0.505146 0.283634 0.503839 0.283551 0.502625 0.283551
2 0.498659 0.285625 0.499497 0.290769 0.498190 0.292681 0.498143 0.291185 0.498005 0.289028 0.498143 0.286458
2 0.498190 0.292681 0.499497 0.290769 0.500898 0.289361 0.501552 0.287370 0.501411 0.285380 0.500477 0.283718 0.501318 0.282889 0.501971 0.283551 0.502391 0.285380 0.502391 0.288449 0.502065 0.290606 0.501458 0.291435 0.500664 0.293093 0.499872 0.294671 0.499404 0.295833 0.499219 0.296745 0.498797 0.296829 0.498237 0.297241 0.497120 0.296847 0.498005 0.295750 0.498190 0.294255
2 0.497120 0.296847 0.498005 0.295750 0.498190 0.294255 0.498190 0.292681 0.498143 0.291185 0.498005 0.289028 0.498143 0.286458 0.498659 0.285625 0.498844 0.284963 0.499872 0.284301 0.500477 0.283718 0.501318 0.282889 0.501784 0.282144 0.502766 0.280069 0.503185 0.278907 0.503932 0.278491 0.505284 0.279074 0.507245 0.280153 0.507898 0.280231 0.508786 0.279903 0.509299 0.279153 0.509719 0.277995 0.510513 0.277662 0.511398 0.276667 0.512193 0.275671 0.512799 0.275005 0.513779 0.274593 0.514339 0.275421 0.514857 0.276880 0.516440 0.276917 0.516859 0.276667 0.517326 0.276333 0.517654 0.275838 0.517513 0.275005 0.517047 0.274343 0.516534 0.274259 0.515839 0.274560 0.514857 0.274394 0.514646 0.272421 0.513583 0.271421 0.512940 0.270773 0.512146 0.270278 0.511305 0.270940 0.510279 0.272102 0.510000 0.273514 0.509437 0.274593 0.509253 0.276333 0.508646 0.277329 0.507711 0.278157 0.506266 0.277579 0.505378 0.276917 0.505146 0.276750 0.504398 0.276500 0.503510 0.276500 0.502951 0.277162 0.501784 0.278574 0.500432 0.281810 0.499172 0.283551 0.498096 0.284218 0.497398 0.284963 0.496977 0.287616 0.496745 0.290296 0.496995 0.294403
1 0.515792 0.276796 0.515930 0.283185 0.514716 0.283023 0.514857 0.276880
1 0.517049 0.263856 0.515651 0.268750 0.514857 0.274394 0.515839 0.274560 0.516536 0.269333 0.517518 0.264769 0.517750 0.264185 0.517518 0.263940
1 0.509333 0.255093 0.507680 0.269130 0.507948 0.269611 0.508596 0.270282 0.509029 0.269037 0.509677 0.262894 0.510109 0.262125 0.510326 0.256843
1 0.490591 0.267421 0.492339 0.264981 0.493714 0.260870 0.494776 0.257204 0.497651 0.253981 0.503148 0.249542 0.504961 0.249319 0.506023 0.249542 0.506836 0.250653 0.509333 0.255093 0.510896 0.257759 0.512208 0.260537 0.513083 0.262759 0.513583 0.271421 0.514646 0.272421 0.514083 0.263870 0.513458 0.260870 0.512021 0.257204 0.509583 0.252097 0.507461 0.248764 0.505523 0.247097 0.503711 0.247097 0.500648 0.249208 0.494089 0.255315 0.493151 0.258204 0.490779 0.264981 0.490966 0.261759 0.489372 0.262856
2 0.503078 0.399208 0.503161 0.391773 0.504164 0.385380 0.504750 0.383296 0.507091 0.380324 0.508766 0.378241 0.509518 0.375713 0.509852 0.367833 0.510604 0.359954 0.517297 0.325750 0.520560 0.311773 0.518885 0.311921 0.516378 0.320995 0.512529 0.340176 0.509266 0.359060 0.508346 0.369319 0.507677 0.374227 0.507177 0.377352 0.505000 0.380028 0.504247 0.380769 0.502995 0.383449 0.501990 0.390139 0.501823 0.400694
1 0.500870 0.379060 0.500167 0.382037 0.498492 0.387796 0.496818 0.392597 0.496063 0.394324 0.495794 0.395764 0.495578 0.398356 0.495414 0.401815 0.495414 0.405366 0.496656 0.403542 0.496818 0.398551 0.497250 0.395958 0.498008 0.393556 0.498763 0.391926 0.500276 0.386838 0.501732 0.382227 0.502164 0.379347 0.500922 0.378005
2 0.493193 0.374231 0.492112 0.379380 0.490370 0.384338 0.489266 0.388574 0.488453 0.389727 0.488719 0.392310 0.489424 0.392505 0.489964 0.390681 0.491581 0.386171 0.493039 0.382236 0.493797 0.378009 0.494445 0.373880
2 0.480083 0.376958 0.480083 0.378819 0.483221 0.380245 0.485628 0.381176 0.487299 0.381731 0.488870 0.381486 0.492112 0.379380 0.491833 0.377644 0.489148 0.378880 0.487719 0.379380 0.486812 0.379500 0.485872 0.379500 0.484930 0.379315 0.484268 0.378574 0.483187 0.377704 0.480677 0.376528
2 0.471878 0.401037 0.473891 0.395792 0.475060 0.393278 0.477401 0.389981 0.478167 0.389264 0.479255 0.388977 0.480870 0.388977 0.482240 0.389769 0.483289 0.391056 0.483977 0.392278 0.484984 0.397727 0.486234 0.397153 0.485185 0.392565 0.484016 0.389120 0.482966 0.387972 0.480547 0.386468 0.479781 0.386111 0.479013 0.386181 0.477724 0.386681 0.476917 0.387185 0.476312 0.387685 0.475706 0.388977 0.471503 0.397926
1 0.498242 0.281278 0.500432 0.281810 0.500948 0.280449 0.498008 0.279287
2 0.497398 0.284963 0.496464 0.281227 0.496510 0.279736 0.496604 0.279153 0.495531 0.271190 0.495531 0.269694 0.496138 0.267870 0.496839 0.268782 0.497911 0.278241 0.498424 0.282889 0.498096 0.284218
2 0.471174 0.396542 0.474685 0.390111 0.475927 0.387231 0.476898 0.385981 0.478247 0.385792 0.479815 0.385310 0.480948 0.385023 0.481974 0.384352 0.483378 0.384926 0.484513 0.385597 0.487159 0.388958 0.488453 0.389727 0.489266 0.388574 0.486456 0.385213 0.484404 0.382718 0.483216 0.382718 0.481919 0.382718 0.481057 0.382718 0.479867 0.382046 0.478247 0.382046 0.476953 0.382718 0.475602 0.383486 0.470688 0.393472
2 0.442911 0.356657 0.442630 0.364963 0.442563 0.365644 0.442492 0.366509 0.442596 0.367440 0.442596 0.370352 0.443365 0.370602 0.444271 0.370106 0.444549 0.367875 0.444339 0.358579 0.443852 0.357278 0.443539 0.356843
1 0.440401 0.356968 0.439354 0.358019 0.438971 0.358514 0.438552 0.359569 0.438518 0.364218 0.438971 0.365208 0.440016 0.365829 0.440818 0.366139 0.440818 0.364157 0.439773 0.363782 0.439458 0.363537 0.439424 0.362236 0.439320 0.360560 0.439529 0.359755 0.440190 0.358949 0.440576 0.358083 0.440576 0.358019
1 0.440992 0.355106 0.440818 0.364157 0.440818 0.366139 0.441445 0.366699 0.441898 0.366634 0.442039 0.354736 0.441586 0.354361 0.441271 0.354361
1 0.513409 0.309079 0.513854 0.309940 0.513773 0.314741 0.512844 0.322991 0.512805 0.308648
1 0.515831 0.309722 0.513612 0.326218 0.512602 0.328509 0.512279 0.328366 0.514378 0.308792
10 0.476312 0.491014 0.485094 0.499491 0.485513 0.500681 0.485513 0.502912 0.485430 0.504843 0.484844 0.505440 0.483589 0.504546 0.482167 0.501870 0.480578 0.501125 0.479156 0.501426 0.478904 0.504694 0.476479 0.502463 0.476060 0.499491 0.475727 0.497560 0.474891 0.495625 0.474221 0.493991 0.474555 0.492352
2 0.525333 0.569000 0.524320 0.574782 0.530826 0.578380 0.532779 0.578894 0.535018 0.578380 0.541380 0.575296 0.541021 0.571569 0.539719 0.569644 0.538995 0.569384 0.535669 0.571440 0.536466 0.567329 0.535091 0.567074 0.534513 0.570671 0.533573 0.570671 0.530682 0.570671
9 0.491143 0.497120 0.490630 0.495824 0.491479 0.495037 0.492042 0.494463 0.492284 0.494606 0.492648 0.494894 0.493172 0.495324 0.494018 0.495468 0.494786 0.495468 0.495068 0.495468 0.494906 0.496042 0.494664 0.498194 0.494180 0.499556 0.493938 0.500560 0.493576 0.501204 0.492544 0.501602 0.491378 0.499856 0.491378 0.499856
2 0.506062 0.264583 0.504036 0.262269 0.504878 0.261606 0.505367 0.260986 0.505505 0.260616 0.505820 0.259500 0.506273 0.259130 0.506552 0.259190 0.506901 0.260060 0.506935 0.260986 0.507458 0.261671 0.508435 0.262907 0.507807 0.267991
10 0.479906 0.521745 0.479349 0.528069 0.478896 0.529648 0.480193 0.530509 0.481336 0.530611 0.481893 0.530236 0.482276 0.529060 0.482568 0.524394
10 0.499310 0.527796 0.498951 0.528792 0.498742 0.529412 0.499021 0.531519 0.499753 0.536292 0.500451 0.538028 0.500799 0.539269 0.501602 0.538958 0.500904 0.535551 0.501115 0.534806 0.501531 0.534806 0.502089 0.535301 0.503135 0.536356 0.503792 0.534597 0.503464 0.534347 0.502531 0.533185 0.501458 0.532690 0.500570 0.532440 0.500151 0.531944 0.499964 0.531278 0.499779 0.528954
10 0.503443 0.496491 0.513346 0.500731 0.514214 0.499190 0.513492 0.497519 0.504094 0.494435
10 0.529995 0.304472 0.526888 0.308843 0.526958 0.309616 0.530430 0.309227 0.529273 0.310384 0.528333 0.311926 0.528115 0.313213 0.528333 0.315398 0.528911 0.317069 0.529995 0.318097 0.531297 0.317968 0.532742 0.316296 0.534549 0.323236 0.534766 0.325681 0.536141 0.328250 0.536935 0.329148 0.538742 0.327991 0.539828 0.323106 0.537513 0.318352 0.537802 0.316940 0.537586 0.315782 0.537224 0.314495 0.537297 0.308972 0.537224 0.306403 0.536068 0.306144 0.533682 0.305630
10 0.463193 0.415407 0.463818 0.416963 0.463005 0.418407 0.462443 0.419741 0.462443 0.421185 0.462130 0.421519 0.460880 0.422963 0.459630 0.424630 0.458695 0.426519 0.458133 0.428958 0.457008 0.430847 0.455195 0.431292 0.454445 0.430625 0.455445 0.428181 0.456133 0.426741 0.455508 0.425074 0.454633 0.421741 0.454445 0.420185 0.461630 0.414741 0.462880 0.414296
2 0.456133 0.403190 0.455195 0.408412 0.449948 0.412745 0.448573 0.408968 0.453758 0.404079 0.454820 0.402968 0.455508 0.402301
