0 0.403844 0.283731 0.406167 0.299042 0.406844 0.304204 0.406362 0.308505 0.405201 0.311602 0.404716 0.313148 0.399781 0.321407 0.393102 0.331903 0.362133 0.287343 0.345391 0.263255 0.345875 0.252074 0.347810 0.237449 0.349359 0.231773 0.351391 0.226093 0.353229 0.221620 0.357875 0.216977 0.364844 0.213361 0.373456 0.212329 0.373747 0.207856 0.376263 0.208028 0.387005 0.208370 0.388940 0.207856 0.392328 0.208546 0.393490 0.211815 0.394167 0.214394 0.397362 0.216458 0.399102 0.217491 0.400167 0.219384 0.400555 0.221620 0.400747 0.224546 0.401135 0.229880 0.401716 0.244949
5 0.416568 0.301824 0.422391 0.285403 0.421659 0.284657 0.420891 0.286579 0.416917 0.286144 0.408479 0.311306
5 0.405201 0.311602 0.406672 0.311065 0.414932 0.283981 0.411935 0.285903 0.410471 0.288690 0.408727 0.292222 0.407263 0.296750 0.406167 0.299042 0.406844 0.304204 0.406362 0.308505
8 0.484948 0.340046 0.494120 0.342921 0.495745 0.344366 0.496570 0.345597 0.496320 0.348375 0.484534 0.342477
8 0.665964 0.615231 0.671766 0.624116 0.671068 0.621514 0.666674 0.613949
15 0.656201 0.447704 0.662630 0.449120 0.671513 0.432079 0.671729 0.428093 0.672451 0.424495 0.638693 0.413829 0.639922 0.427449 0.639922 0.428352 0.638958 0.430185 0.631766 0.435241
15 0.630422 0.428333 0.628951 0.433468 0.630701 0.434690 0.638323 0.429250 0.638760 0.427917 0.639198 0.426361 0.638073 0.413477 0.635901 0.413097 0.631924 0.411995 0.632633 0.422051
5 0.584391 0.314009 0.592826 0.307009 0.597698 0.299125 0.598073 0.297903 0.597448 0.296681 0.587641 0.305787 0.585391 0.304569 0.580044 0.311648 0.581477 0.313102
6 0.585391 0.304569 0.591526 0.294847 0.589026 0.288963 0.584154 0.295069 0.586279 0.296181 0.586466 0.297292 0.586154 0.298736 0.585654 0.299958 0.584716 0.301181 0.584029 0.302069 0.582779 0.302292 0.581404 0.302292 0.580279 0.302847 0.577094 0.308843 0.578102 0.310736 0.580044 0.311648
7 0.515177 0.195880 0.513240 0.195769 0.509115 0.194213 0.509802 0.193324 0.508052 0.193769 0.504367 0.192102 0.504367 0.190551 0.499805 0.191880 0.494245 0.209097 0.492932 0.213208 0.492307 0.216542 0.504992 0.214319 0.506367 0.213653 0.506367 0.213653
7 0.516362 0.198102 0.519174 0.198435 0.521112 0.200880 0.522424 0.198102 0.523049 0.198769 0.522049 0.201546 0.523549 0.203102 0.524484 0.200991 0.525047 0.201213 0.524547 0.204435 0.527234 0.208764 0.534044 0.215986 0.536107 0.218653 0.555164 0.238977 0.555974 0.241644 0.555414 0.245977 0.548841 0.264245 0.547841 0.263356 0.544216 0.269023 0.543620 0.270139 0.534727 0.264694 0.535596 0.263894 0.535766 0.262407 0.534930 0.262407 0.533508 0.263745 0.532669 0.262852 0.531417 0.260472 0.529995 0.258838 0.528237 0.258241 0.527122 0.259565 0.523492 0.257708 0.524862 0.233370 0.525203 0.227995 0.518701 0.222926 0.517216 0.222213 0.514193 0.221606 0.503927 0.220389 0.489151 0.217954 0.505430 0.216875 0.506367 0.216542 0.508865 0.213208
5 0.577938 0.446176 0.583810 0.456736 0.583414 0.467532 0.583745 0.473046 0.584471 0.478093 0.585396 0.481731 0.587310 0.487481 0.582721 0.494037 0.567667 0.513106 0.560911 0.505556 0.563482 0.503940 0.572768 0.495125 0.569667 0.494991 0.564219 0.497144 0.560964 0.498333 0.554573 0.498861 0.550529 0.492972 0.550414 0.485134 0.555240 0.488056 0.557961 0.488056 0.559026 0.486162 0.560091 0.481958 0.560445 0.469551 0.560799 0.457565 0.559990 0.445824 0.564148 0.440662 0.565534 0.444532 0.566195 0.447935 0.574578 0.451690
15 0.484534 0.342477 0.495745 0.362069 0.499112 0.366019 0.500424 0.365926 0.501448 0.366537 0.501878 0.366810 0.501406 0.372606 0.499870 0.386699 0.499357 0.390079 0.495026 0.382435 0.481784 0.355157
15 0.466380 0.328407 0.478458 0.350495 0.481169 0.336468 0.472393 0.319556
15 0.468125 0.315139 0.464633 0.308782 0.461951 0.309185 0.459841 0.308685 0.453398 0.305338 0.452885 0.305231 0.462982 0.323088
15 0.452427 0.285556 0.461781 0.301782 0.448318 0.296509 0.446836 0.294481 0.446549 0.292556 0.446492 0.281093 0.447747 0.283023 0.449346 0.284644 0.450544 0.285255
15 0.721865 0.561750 0.749107 0.565861 0.750107 0.564972 0.751292 0.556194 0.750482 0.550644 0.725990 0.547644
6 0.611255 0.598500 0.605771 0.594528 0.604521 0.599306 0.615768 0.608634 0.648758 0.633069 0.649174 0.629542 0.619250 0.605042
6 0.598760 0.584708 0.604521 0.599306 0.610945 0.615144 0.612570 0.618366 0.612820 0.619921 0.608445 0.617366 0.601198 0.600370
1 0.635901 0.396917 0.638073 0.413477 0.639198 0.426361 0.638760 0.427917 0.638323 0.429250 0.630701 0.434690 0.622016 0.440468 0.622370 0.441667 0.631766 0.435241 0.638906 0.430185 0.639922 0.428352 0.639922 0.427449 0.638693 0.413829 0.636448 0.396481
7 0.517273 0.299778 0.519112 0.305231 0.519523 0.307593 0.525859 0.314681 0.530971 0.319588 0.537208 0.324315 0.539867 0.325403 0.543648 0.326856 0.549578 0.328495 0.555201 0.331949 0.560323 0.337944 0.564310 0.344671 0.566969 0.350667 0.568297 0.356667 0.569935 0.362481 0.570445 0.371023 0.570445 0.373384 0.587917 0.394343 0.589758 0.395069 0.592313 0.393977 0.595583 0.390343 0.596799 0.387551 0.585771 0.371056 0.583320 0.368255 0.580784 0.367167 0.578682 0.366699 0.574656 0.367477 0.573607 0.368097 0.572992 0.368412 0.573344 0.339935 0.574130 0.339782 0.573956 0.366542 0.576581 0.365296 0.580958 0.365296 0.583146 0.366231 0.586122 0.369032 0.597422 0.385509 0.598036 0.382708 0.598242 0.380167 0.598242 0.376894 0.598242 0.373986 0.599266 0.373440 0.601513 0.373079 0.604375 0.372167 0.606216 0.371259 0.607852 0.370352 0.608977 0.368718 0.610409 0.365079 0.611122 0.362356 0.611328 0.359630 0.612146 0.360356 0.615315 0.361083 0.617156 0.357630 0.618177 0.355449 0.618586 0.353810 0.618484 0.350361 0.618076 0.347634 0.617565 0.345088 0.616133 0.343088 0.615724 0.342727 0.622573 0.329639 0.621859 0.328551 0.616234 0.338907 0.617870 0.321097 0.616339 0.320551 0.615417 0.340907 0.614190 0.342361 0.613065 0.342181 0.612044 0.341634 0.610305 0.340361 0.607953 0.339093 0.603253 0.342000 0.601513 0.342000 0.604581 0.336000 0.603865 0.335273 0.600286 0.339819 0.598958 0.338727 0.598445 0.338727 0.596299 0.340181 0.593336 0.345815 0.592721 0.346722 0.592109 0.348176 0.590880 0.348176 0.588836 0.350361 0.586383 0.351995 0.584440 0.352542 0.583828 0.350542 0.583828 0.347634 0.584339 0.344361 0.584951 0.342542 0.585771 0.339454 0.585362 0.336000 0.585156 0.334000 0.585667 0.331639 0.586589 0.327458 0.588529 0.320370 0.588529 0.318370 0.587917 0.316917 0.587201 0.316009 0.585771 0.314736 0.581477 0.313102 0.580044 0.311648 0.578102 0.310736 0.576518 0.307898 0.577094 0.308843 0.580279 0.302847 0.581404 0.302292 0.582779 0.302292 0.584029 0.302069 0.584716 0.301181 0.585654 0.299958 0.586154 0.298736 0.586466 0.297292 0.586279 0.296181 0.584154 0.295069 0.575456 0.295014 0.574729 0.293292 0.573604 0.292019 0.572276 0.291838 0.570536 0.292926 0.569516 0.292745 0.568185 0.290926 0.566755 0.289472 0.564607 0.289472 0.562971 0.289838 0.562052 0.288565 0.560721 0.284745 0.560721 0.284745 0.559599 0.284745 0.558677 0.285472 0.558268 0.285292 0.556633 0.283477 0.555201 0.282565 0.553464 0.284019 0.552747 0.285472 0.551727 0.286745 0.550805 0.287292 0.545591 0.282384 0.546206 0.278750 0.545591 0.276569 0.544979 0.276204 0.543753 0.275116 0.542628 0.275116 0.541401 0.273477 0.540174 0.271116 0.539151 0.269481 0.537414 0.268935 0.535982 0.268935 0.534857 0.268935 0.533221 0.268028 0.532404 0.267481 0.532096 0.267481 0.531380 0.267481 0.530870 0.267481 0.529745 0.268574 0.528417 0.270569 0.526984 0.272208 0.525349 0.273116 0.523102 0.275116 0.521568 0.276931 0.521159 0.278384 0.520443 0.280931 0.519216 0.284931 0.518193 0.288926 0.517068 0.294199
8 0.437250 0.336954 0.442654 0.333361 0.442695 0.335301 0.438359 0.338519
8 0.458750 0.411542 0.458357 0.422120 0.457310 0.422005 0.457508 0.414681
1 0.601526 0.395019 0.599424 0.389727 0.597422 0.385509 0.586122 0.369032 0.583146 0.366231 0.580958 0.365296 0.576581 0.365296 0.573956 0.366542 0.574130 0.339782 0.573344 0.339935 0.572992 0.368412 0.573607 0.368097 0.574656 0.367477 0.578682 0.366699 0.580784 0.367167 0.583320 0.368255 0.585771 0.371056 0.596799 0.387551 0.601034 0.396444
6 0.564219 0.497144 0.569667 0.494991 0.572768 0.495125 0.563482 0.503940 0.560911 0.505556 0.559326 0.500139
8 0.665146 0.444194 0.670945 0.446333 0.670727 0.447634 0.664672 0.445231
6 0.605771 0.594528 0.602622 0.584329 0.599615 0.586653 0.604521 0.599306
8 0.659219 0.611574 0.654440 0.620741 0.653721 0.617722 0.658297 0.609468
8 0.659219 0.611574 0.660940 0.613384 0.661266 0.610713 0.658586 0.607106 0.657932 0.608736 0.658297 0.609468
8 0.653789 0.630403 0.654628 0.625796 0.653570 0.625667 0.652221 0.631699
8 0.661711 0.653681 0.659854 0.663921 0.661711 0.664963 0.663091 0.654319
5 0.687979 0.673431 0.688323 0.682657 0.668089 0.671134 0.684167 0.664167
5 0.684180 0.694523 0.685883 0.696792 0.688630 0.697199 0.688630 0.693671 0.690617 0.686338 0.689854 0.683491 0.668089 0.671134 0.660453 0.675208 0.659917 0.674394 0.667859 0.670185 0.669115 0.669352 0.667706 0.668014 0.649836 0.659185 0.647393 0.658778 0.645943 0.658778 0.646018 0.660546 0.646172 0.665977 0.646630 0.668148 0.647682 0.670935 0.648341 0.670583 0.682992 0.692528 0.684180 0.694051
5 0.677779 0.651069 0.678703 0.654472 0.680221 0.657875 0.682135 0.662102 0.683125 0.663273 0.669089 0.669444 0.667680 0.665269 0.668341 0.663977 0.667878 0.661750 0.667417 0.661750 0.665435 0.653769 0.664380 0.652245 0.663721 0.646963 0.663193 0.645324 0.659099 0.642505 0.659495 0.630421 0.660289 0.628662 0.661211 0.628190
5 0.692161 0.613241 0.703362 0.628787 0.711049 0.641194 0.712286 0.660986 0.707339 0.670569 0.693643 0.659259
5 0.693828 0.669352 0.693997 0.677481 0.703628 0.677796 0.704336 0.677167
5 0.682661 0.600718 0.686177 0.605366 0.680964 0.643380 0.678437 0.635093
5 0.551880 0.507157 0.552737 0.515486 0.554320 0.517954 0.555773 0.520898 0.557159 0.523829 0.558940 0.528875 0.562292 0.539815 0.563693 0.544130 0.564750 0.546477 0.578677 0.539907
2 0.417469 0.307907 0.443672 0.346329 0.462982 0.323088 0.468125 0.315139 0.472784 0.309301 0.476479 0.313880 0.472393 0.319556 0.466380 0.328407 0.449159 0.351898 0.456661 0.360259 0.454422 0.365037 0.454422 0.365833 0.458229 0.364042 0.460805 0.368421 0.471891 0.381361 0.473232 0.381759 0.478458 0.350495 0.481169 0.336468 0.483310 0.322639 0.487117 0.328014 0.484534 0.342477 0.481784 0.355157 0.475695 0.392111 0.492526 0.417593 0.491128 0.421185 0.490589 0.419704 0.487185 0.415583 0.486099 0.415463 0.483500 0.415843 0.474464 0.403000 0.473815 0.406843 0.472081 0.407736 0.471138 0.409153 0.470557 0.411861 0.470490 0.413907 0.471352 0.415324 0.471789 0.416477 0.469336 0.438333 0.465495 0.433718 0.470927 0.396690 0.414031 0.314060 0.414536 0.310634 0.416047 0.307069
5 0.422948 0.354556 0.431224 0.339074 0.467445 0.391731 0.455484 0.419241 0.450052 0.411806 0.448794 0.398866 0.449128 0.393366 0.449128 0.391579 0.448039 0.385486 0.447872 0.383551 0.448794 0.378495 0.440177 0.377454 0.436917 0.369870 0.435578 0.368236 0.434073 0.368236 0.425122 0.376560 0.420940 0.371505
5 0.478458 0.350495 0.474401 0.342963 0.468784 0.346106 0.464935 0.349380 0.463180 0.351463 0.461255 0.354731 0.460253 0.359343 0.459667 0.361426 0.460805 0.368421 0.470651 0.379954 0.475057 0.370644
2 0.399781 0.321407 0.419362 0.298676 0.419867 0.302403 0.418854 0.304074 0.418565 0.309731 0.417469 0.307907 0.416047 0.307069 0.414536 0.310634 0.414031 0.314060 0.416542 0.317569 0.414661 0.318727 0.413432 0.319241 0.413216 0.319755 0.412927 0.322454 0.411625 0.324380 0.410036 0.317569 0.409602 0.316926 0.407867 0.317440 0.407362 0.318597 0.407143 0.319755 0.406927 0.321296 0.407505 0.323611 0.408229 0.327338 0.407000 0.326949 0.404977 0.328880 0.397096 0.337875 0.393102 0.331903
2 0.414193 0.338056 0.421146 0.328463 0.421568 0.328144 0.422260 0.327819 0.424036 0.328569 0.431268 0.338963 0.428708 0.343731 0.424458 0.346894 0.423255 0.347213 0.419969 0.347588 0.417651 0.348176 0.417081 0.348764 0.416867 0.349250 0.416354 0.349838
2 0.412682 0.330185 0.414313 0.324676 0.414070 0.324088 0.413469 0.323019 0.412927 0.322454 0.413216 0.319755 0.413432 0.319241 0.414661 0.318727 0.416542 0.317569 0.424036 0.328569 0.422260 0.327819 0.421568 0.328144 0.421146 0.328463 0.414193 0.338056
2 0.397096 0.337875 0.399201 0.341051 0.399807 0.340222 0.400648 0.339972 0.401349 0.339394 0.402328 0.338315 0.402516 0.337236 0.406622 0.333088 0.408068 0.332838 0.409234 0.333005 0.408229 0.327338 0.407000 0.326949 0.404977 0.328880
10 0.399201 0.341051 0.404474 0.347694 0.405625 0.347509 0.410599 0.340741 0.409234 0.333005 0.408068 0.332838 0.406622 0.333088 0.402516 0.337236 0.402328 0.338315 0.401349 0.339394 0.400648 0.339972 0.399807 0.340222
10 0.443672 0.346329 0.441419 0.343148 0.441745 0.339403 0.442716 0.336042 0.443148 0.334028 0.443742 0.332204 0.444065 0.329995 0.444714 0.328556 0.445523 0.326829 0.446875 0.325194 0.448766 0.323657 0.450437 0.322894 0.452167 0.331148 0.452599 0.331435 0.453409 0.331435 0.452706 0.324333 0.454057 0.322028 0.456378 0.319148 0.457620 0.318569 0.460104 0.317806 0.462982 0.323088
2 0.429367 0.318481 0.429367 0.325421 0.433276 0.331037 0.444065 0.329995 0.444714 0.328556 0.445523 0.326829 0.446875 0.325194 0.448766 0.323657 0.450437 0.322894 0.452167 0.331148 0.452599 0.331435 0.453409 0.331435 0.452706 0.324333 0.454057 0.322028 0.456378 0.319148 0.457620 0.318569 0.460104 0.317806 0.457698 0.313792 0.455781 0.314722 0.454698 0.313856 0.452971 0.313088 0.451297 0.312801 0.450487 0.313185 0.449568 0.313282 0.449190 0.312995 0.448698 0.311954 0.447323 0.314620 0.445885 0.316287 0.444510 0.317954 0.442076 0.319505 0.438768 0.321440 0.436682 0.322324 0.432568 0.321319 0.430914 0.320537
2 0.429367 0.318481 0.428042 0.315153 0.430167 0.315153 0.431229 0.314375 0.431979 0.313375 0.433039 0.311819 0.433914 0.309931 0.434539 0.308486 0.435039 0.306602 0.435289 0.304046 0.435477 0.302046 0.434914 0.302046 0.433102 0.303824 0.432727 0.304713 0.431604 0.303269 0.433703 0.299847 0.435391 0.297514 0.436638 0.295514 0.438701 0.294514 0.442672 0.294986 0.443299 0.296407 0.444839 0.299551 0.446036 0.301176 0.450635 0.303958 0.450385 0.307620 0.449635 0.309620 0.448698 0.311954 0.447323 0.314620 0.445885 0.316287 0.444510 0.317954 0.442076 0.319505 0.438859 0.321542 0.436682 0.322324 0.432568 0.321319 0.430914 0.320537
2 0.435414 0.286389 0.435482 0.287241 0.434398 0.291222 0.433820 0.292380 0.434471 0.294435 0.435391 0.297514 0.433703 0.299847 0.432664 0.299579 0.432013 0.298421 0.431362 0.296750 0.431362 0.294694 0.430422 0.293023 0.430570 0.291394 0.430714 0.288569 0.431508 0.286000 0.432885 0.284329
2 0.431604 0.303269 0.432727 0.304713 0.433102 0.303824 0.434914 0.302046 0.435477 0.302046 0.435289 0.304046 0.435039 0.306602 0.434539 0.308486 0.433914 0.309931 0.433039 0.311819 0.431979 0.313375 0.431229 0.314375 0.430167 0.315153 0.428042 0.315153 0.428141 0.312509 0.428891 0.308620 0.429516 0.306509 0.430016 0.305731 0.430766 0.304736
10 0.476479 0.313880 0.483310 0.322639 0.481169 0.336468 0.472393 0.319556
10 0.472784 0.309301 0.471135 0.307565 0.464633 0.308782 0.468125 0.315139
2 0.487117 0.328014 0.490560 0.330838 0.491745 0.332949 0.491682 0.335389 0.490372 0.335389 0.485872 0.335278
10 0.449159 0.351898 0.456661 0.360259 0.460135 0.353051 0.466268 0.344519 0.471995 0.338639 0.466380 0.328407
2 0.500424 0.365926 0.502391 0.358060 0.502112 0.356153 0.500432 0.353250 0.498659 0.350593 0.496279 0.348852 0.494365 0.348602 0.493805 0.348602 0.491844 0.349431 0.490536 0.350926 0.490117 0.352255 0.495745 0.362069 0.499112 0.366019 0.499112 0.366019
10 0.478865 0.396671 0.481305 0.391338 0.484755 0.383282 0.492250 0.391463 0.492109 0.392940 0.483523 0.403894
10 0.476362 0.388329 0.478977 0.388449 0.479568 0.387769 0.480510 0.386407 0.480859 0.384981 0.483474 0.380333 0.484901 0.378657 0.485635 0.378782 0.487029 0.381694 0.490586 0.385352 0.490828 0.384731 0.491143 0.384301 0.492294 0.384236 0.492747 0.383431 0.492922 0.382315 0.492711 0.380954 0.491909 0.379153 0.490445 0.378102 0.488878 0.377917 0.487448 0.377606 0.486646 0.377111 0.485740 0.375065 0.485599 0.373019 0.485320 0.372153 0.484344 0.371963 0.483055 0.372833 0.481521 0.374384 0.478174 0.377111
2 0.464849 0.409398 0.463734 0.414699 0.462409 0.418236 0.462109 0.420167 0.461867 0.422574 0.461596 0.423537 0.461146 0.425361 0.460844 0.426755 0.461688 0.428093 0.462349 0.426968 0.463312 0.426806 0.463826 0.426699 0.464307 0.424986 0.464854 0.423056 0.465667 0.422630 0.466359 0.421556 0.468526 0.409560
2 0.467641 0.418944 0.466359 0.421556 0.464643 0.427495 0.463826 0.426699 0.463312 0.426806 0.462349 0.426968 0.461688 0.428093 0.465495 0.433718
2 0.478370 0.417463 0.480083 0.431819 0.478682 0.435889 0.475461 0.446259 0.469336 0.438333 0.470464 0.428074 0.471354 0.428505 0.472008 0.428583 0.472430 0.427755 0.473456 0.426097 0.474245 0.423056
2 0.482354 0.421375 0.481831 0.427694 0.481307 0.428625 0.481029 0.429431 0.480083 0.431819 0.478659 0.419884 0.478763 0.418833 0.478971 0.418338 0.479495 0.418708 0.480122 0.419514 0.480891 0.420505 0.481760 0.421125
2 0.483203 0.458241 0.476750 0.448894 0.478203 0.443102 0.482526 0.438611 0.482930 0.440366 0.483070 0.441282 0.483443 0.441778 0.484469 0.441861 0.484750 0.441116 0.486633 0.438708 0.487057 0.438657
2 0.498568 0.394898 0.498336 0.389407 0.497568 0.388403 0.494971 0.390194 0.493669 0.393023 0.493464 0.395847 0.485833 0.407361 0.492526 0.417593 0.493138 0.415926 0.497161 0.399315
2 0.515495 0.493736 0.518208 0.500394 0.522635 0.495981 0.521802 0.492597 0.522133 0.491306 0.528797 0.490250 0.525065 0.479468 0.522906 0.480139 0.520422 0.480907 0.519505 0.481097 0.518315 0.480426 0.517271 0.479014
2 0.548862 0.514421 0.548990 0.512106 0.552607 0.514125 0.552737 0.515486 0.554320 0.517954 0.555773 0.520898 0.557159 0.523829 0.558940 0.528875 0.547578 0.519676 0.547872 0.515829 0.548732 0.515241
2 0.560070 0.532699 0.555534 0.529917 0.554508 0.534139 0.562284 0.539708
2 0.568372 0.544810 0.573034 0.548838 0.574466 0.543005 0.573685 0.542356
2 0.573034 0.548838 0.569221 0.554542 0.562474 0.561870 0.558349 0.556542 0.566221 0.551986 0.564596 0.551097 0.563599 0.549986 0.562099 0.548319 0.560724 0.545991 0.559599 0.544880 0.557724 0.544435 0.554039 0.546657 0.554508 0.534139 0.562284 0.539708 0.563693 0.544130 0.564750 0.546477 0.568372 0.544810
2 0.573034 0.548838 0.563971 0.564394 0.574281 0.578722 0.577130 0.576569 0.574669 0.571560 0.578000 0.568347 0.580505 0.573426 0.584440 0.571426 0.580505 0.565870 0.580380 0.564759 0.581505 0.556431 0.582443 0.554986 0.583065 0.554208 0.583003 0.553431 0.583065 0.551431 0.582693 0.550875 0.580880 0.550875
2 0.589948 0.565648 0.584440 0.571426 0.580505 0.565870 0.580380 0.564759 0.581505 0.556431 0.582443 0.554986 0.583065 0.554208 0.583003 0.553431 0.583065 0.551431 0.582693 0.550875 0.580880 0.550875 0.573034 0.548838 0.574466 0.543005 0.573685 0.542356 0.578677 0.539907 0.586122 0.550097 0.585685 0.551542 0.585310 0.553986 0.584247 0.555097 0.583435 0.556764 0.583185 0.559431 0.583122 0.561870 0.583685 0.562537 0.584310 0.561870 0.585310 0.560319 0.586622 0.558986 0.586872 0.558986 0.587310 0.560431 0.587122 0.563426
2 0.577130 0.576569 0.574669 0.571560 0.578000 0.568347 0.580505 0.573426
2 0.587786 0.576806 0.588044 0.580134 0.587844 0.580708 0.584495 0.582861 0.583729 0.582574 0.583125 0.581569 0.582802 0.580495
2 0.584693 0.582782 0.585135 0.584287 0.585661 0.585361 0.590260 0.585648 0.589573 0.595116 0.588688 0.595259 0.587557 0.589523 0.587234 0.588875 0.586469 0.588519 0.583362 0.589954 0.578604 0.583421 0.582802 0.580495 0.583125 0.581569 0.583729 0.582574 0.584495 0.582861
2 0.583362 0.589954 0.588852 0.597796 0.588688 0.595259 0.587557 0.589523 0.587234 0.588875 0.586469 0.588519
5 0.655122 0.613199 0.664193 0.595060 0.663625 0.592213 0.664013 0.576278 0.652224 0.560505 0.645190 0.572278 0.641786 0.577792 0.647344 0.577782
2 0.630286 0.547407 0.630698 0.552718 0.630594 0.553583 0.630070 0.554079 0.621948 0.555815 0.622760 0.548056
2 0.621198 0.556157 0.616263 0.556870 0.616047 0.556005 0.615135 0.553273 0.614484 0.551931 0.614594 0.551653 0.612622 0.548894 0.620797 0.548194 0.622138 0.548144
2 0.612440 0.554968 0.612474 0.557755 0.613206 0.557634 0.615404 0.557324 0.614016 0.552671 0.613156 0.554431
2 0.641135 0.671505 0.637667 0.696440 0.638315 0.696824 0.642003 0.695667 0.644656 0.695241 0.644581 0.696398 0.643786 0.699097 0.641742 0.702972 0.641310 0.704792 0.637268 0.704356 0.636573 0.704111 0.635831 0.702361 0.634586 0.699458 0.634969 0.695060 0.638526 0.670694
2 0.670716 0.705551 0.675706 0.727153 0.687995 0.706847 0.687995 0.705435 0.687706 0.702991 0.687417 0.701963 0.686839 0.699653 0.686620 0.698620 0.685883 0.696792 0.684180 0.694523 0.684180 0.694051 0.683719 0.696986 0.682003 0.701093 0.681146 0.704028 0.678966 0.706255
2 0.656802 0.643296 0.656943 0.656491 0.657596 0.658731 0.657737 0.659477 0.657456 0.660060 0.656242 0.660722 0.655635 0.660722 0.654375 0.659560 0.653117 0.657819 0.652789 0.657153 0.653070 0.655991 0.653396 0.654995 0.653208 0.654250 0.652354 0.651972 0.652065 0.646958 0.651414 0.643745 0.651109 0.642634 0.651156 0.640060 0.651294 0.636954 0.654602 0.641972
2 0.669063 0.723606 0.669063 0.726690 0.670073 0.728106 0.671229 0.731574 0.672388 0.734403 0.675706 0.727153 0.670716 0.705551 0.667747 0.706255 0.667904 0.708699 0.667904 0.710111 0.667544 0.712426 0.667687 0.714611 0.668773 0.716407 0.670146 0.719620 0.671086 0.721037 0.670940 0.722319 0.669930 0.722319
9 0.699396 0.677699 0.699828 0.679500 0.695781 0.688625 0.697081 0.690296 0.703628 0.677796
9 0.684401 0.642917 0.688406 0.642458 0.688594 0.640903 0.688406 0.636014 0.687719 0.635236 0.686534 0.634458 0.684958 0.636616
2 0.572276 0.291838 0.562911 0.282185 0.561661 0.282741 0.560721 0.284745 0.562052 0.288565 0.562971 0.289838 0.564607 0.289472 0.566755 0.289472 0.568185 0.290926 0.569516 0.292745 0.570536 0.292926
2 0.543620 0.270139 0.561086 0.281019 0.548841 0.264245 0.547841 0.263356 0.544216 0.269023
2 0.545591 0.276569 0.555201 0.282565 0.553464 0.284019 0.552747 0.285472 0.551727 0.286745 0.550805 0.287292 0.545591 0.282384 0.546206 0.278750
1 0.512846 0.293037 0.515104 0.284264 0.521294 0.271773 0.527148 0.261069 0.528237 0.260028 0.529742 0.260028 0.531667 0.262852 0.533089 0.264787 0.534091 0.265231 0.535596 0.263894 0.535766 0.262407 0.534930 0.262407 0.533508 0.263745 0.532669 0.262852 0.531417 0.260472 0.529995 0.258838 0.528237 0.258241 0.525979 0.260769 0.514352 0.283671 0.512094 0.293185
2 0.416078 0.225921 0.420917 0.236417 0.422078 0.243815 0.418690 0.245708 0.414917 0.239171 0.413078 0.230565
2 0.410271 0.241750 0.411141 0.248634 0.411336 0.253968 0.407078 0.249319 0.408432 0.242093
2 0.438367 0.203204 0.442922 0.191764 0.440536 0.191894 0.435836 0.202815
2 0.447693 0.195231 0.448560 0.211940 0.451523 0.213870 0.450729 0.196134
2 0.456661 0.360259 0.454422 0.365037 0.454422 0.365833 0.458229 0.364042 0.459331 0.359431 0.461255 0.354731 0.463180 0.351463 0.465500 0.347745 0.467073 0.345736 0.471349 0.342009 0.472760 0.340213 0.471995 0.338639 0.466268 0.344519 0.460135 0.353051
2 0.410833 0.341944 0.410599 0.340741 0.405625 0.347509 0.404505 0.347639 0.405802 0.348384
2 0.410547 0.344236 0.409641 0.346528 0.409466 0.347708 0.409885 0.348204 0.411104 0.347523 0.411839 0.348079 0.412292 0.350310 0.411943 0.351426 0.411698 0.352171 0.411490 0.352727 0.410862 0.353718 0.410164 0.354153 0.409432 0.354213 0.409258 0.353347 0.410130 0.352602 0.410583 0.352106 0.410966 0.351486 0.410930 0.350310 0.410896 0.349815 0.410443 0.348884 0.408315 0.348884 0.408003 0.348884 0.407794 0.347954 0.407898 0.346963 0.409013 0.345042 0.410305 0.343491
2 0.416977 0.353167 0.416563 0.355569 0.416703 0.364866 0.417310 0.364866 0.417076 0.355569 0.417451 0.352500
1 0.473815 0.406843 0.472081 0.407736 0.471138 0.409153 0.470557 0.411861 0.470490 0.413907 0.471352 0.415324 0.471789 0.416477 0.472362 0.416588 0.474846 0.417644 0.486565 0.417162 0.488617 0.419273 0.490703 0.421898 0.491128 0.421185 0.490589 0.419704 0.487185 0.415583 0.486099 0.415463 0.483500 0.415843 0.483055 0.415917 0.481974 0.415917 0.476737 0.416394 0.473065 0.415819 0.472307 0.415435 0.471768 0.414569 0.471445 0.412940 0.471552 0.411213 0.472091 0.409481 0.473443 0.407949 0.475117 0.409097 0.481164 0.416009 0.481490 0.414954
1 0.481831 0.427694 0.483151 0.425880 0.484505 0.420231 0.485026 0.420093 0.489818 0.424676 0.490182 0.422866 0.483385 0.417315 0.482552 0.417407 0.483802 0.419120 0.482526 0.423750 0.481953 0.425787
1 0.476750 0.448894 0.480260 0.434981 0.479534 0.434694 0.475784 0.448463
1 0.478255 0.443009 0.483729 0.437491 0.484779 0.436773 0.485060 0.437704 0.485667 0.438421 0.486633 0.438708 0.487057 0.438657 0.487422 0.437037 0.486352 0.436556 0.485667 0.435556 0.488151 0.433148 0.488437 0.431667 0.483448 0.436343 0.482721 0.436125 0.482357 0.434981 0.481794 0.431898 0.480745 0.432111 0.480906 0.434190 0.481552 0.436343 0.482237 0.437204 0.478768 0.440861
2 0.578604 0.583421 0.574281 0.578722 0.577130 0.576569 0.580505 0.573426 0.584440 0.571426 0.589948 0.565648 0.598474 0.559097 0.600411 0.560981 0.601661 0.557764 0.602284 0.554986 0.603458 0.554458 0.605828 0.553782 0.612622 0.548894 0.614594 0.551653 0.613156 0.554431 0.597849 0.568648 0.591227 0.574315
2 0.618635 0.623005 0.620083 0.624829 0.618263 0.632875 0.618961 0.633208 0.620781 0.625162 0.622742 0.626486 0.623815 0.627153 0.624609 0.627565 0.625076 0.627403 0.625357 0.626653 0.624375 0.624912 0.622182 0.622338
2 0.612622 0.548894 0.620797 0.548194 0.632232 0.547264 0.631812 0.545838 0.620646 0.547319 0.613370 0.547884
2 0.591227 0.574315 0.589276 0.597861 0.593151 0.602083 0.596523 0.569648
2 0.638315 0.696824 0.644693 0.689944 0.644844 0.688421 0.646513 0.688616 0.650992 0.685130 0.650526 0.682560 0.638206 0.692185 0.637667 0.696440
2 0.658594 0.647134 0.658997 0.648713 0.659635 0.650880 0.662943 0.653333 0.663091 0.654319 0.663456 0.665866 0.664464 0.666296 0.664102 0.655898 0.666117 0.660991 0.666602 0.662708 0.666802 0.663856 0.666440 0.664718 0.665674 0.666940 0.667706 0.668014 0.669089 0.669444 0.667680 0.665269 0.668341 0.663977 0.667878 0.661750 0.667417 0.661750 0.665435 0.653769 0.664341 0.652241 0.663721 0.646963 0.663193 0.645324 0.659099 0.642468 0.659495 0.630421 0.658628 0.626319 0.656982 0.627343 0.651294 0.632505 0.650768 0.633296 0.650445 0.634083 0.650526 0.635375 0.651294 0.636954 0.654602 0.641972 0.658542 0.644120
2 0.664776 0.725968 0.666161 0.724968 0.667031 0.724454 0.667898 0.726255 0.668331 0.727282 0.669344 0.730111 0.670211 0.733194 0.670643 0.735380 0.670716 0.736537 0.670211 0.737819 0.661607 0.752486 0.661607 0.745681 0.663786 0.729134
2 0.444872 0.204231 0.444151 0.199347 0.443211 0.188806 0.443427 0.177241 0.445596 0.163875 0.445596 0.160532 0.445451 0.154236 0.446318 0.151537 0.446680 0.145370 0.446102 0.145370 0.445596 0.149611 0.444799 0.152949 0.444729 0.154620 0.444872 0.163745 0.442922 0.174028 0.442271 0.184181 0.442922 0.191764 0.443281 0.198704 0.443570 0.203588
1 0.591620 0.345444 0.591182 0.344000 0.594414 0.331685 0.594932 0.328671 0.595680 0.329227
17 0.616893 0.542231 0.617539 0.544523 0.618023 0.545745 0.618427 0.546315 0.619031 0.546676 0.620646 0.547319 0.624396 0.545889 0.625083 0.544884 0.627380 0.539792 0.628510 0.536634 0.628391 0.529106 0.624078 0.523778 0.619802 0.537218
5 0.423987 0.317333 0.430240 0.300912 0.430570 0.291394 0.430714 0.288569 0.431508 0.286000 0.432885 0.284329 0.435414 0.286389 0.436716 0.278162 0.433826 0.279574 0.430570 0.283685 0.427648 0.290375 0.426245 0.292296 0.424732 0.292972 0.423760 0.293546 0.423005 0.293546 0.422034 0.294986 0.421224 0.297574 0.419867 0.302403 0.418854 0.304074 0.418565 0.309731
8 0.596141 0.604963 0.594784 0.590560 0.595677 0.590079 0.597227 0.605444 0.596794 0.605356
8 0.411625 0.324380 0.416977 0.353167 0.416469 0.354194 0.415096 0.355352 0.413721 0.355222 0.412927 0.354194 0.408229 0.327338 0.407505 0.323611 0.406927 0.321296 0.407143 0.319755 0.407362 0.318597 0.407867 0.317440 0.409602 0.316926 0.410036 0.317569
8 0.420940 0.371505 0.420128 0.370130 0.423255 0.347213 0.423893 0.347139 0.422948 0.354556
5 0.421667 0.358889 0.420362 0.361370 0.418615 0.364046 0.417500 0.366481 0.418312 0.367796 0.420128 0.370130
8 0.484776 0.379398 0.483620 0.381968 0.493669 0.393023 0.494971 0.390194
8 0.485833 0.407361 0.493464 0.395847 0.492109 0.392940 0.483523 0.403894
6 0.462365 0.403287 0.466896 0.403537 0.467557 0.405208 0.469370 0.406634 0.469266 0.407815 0.460865 0.407009
8 0.470464 0.428074 0.478370 0.417463 0.474846 0.417644 0.471107 0.422481
8 0.478880 0.416204 0.479969 0.414718 0.477990 0.412449 0.475391 0.416250 0.476737 0.416394
6 0.534474 0.485792 0.526352 0.476801 0.525065 0.479468 0.528797 0.490250 0.531768 0.498463 0.536057 0.497523 0.536453 0.494005
2 0.586122 0.550097 0.596505 0.560681 0.598474 0.559097 0.600411 0.560981 0.601661 0.557764 0.602026 0.556069 0.599641 0.552829 0.596969 0.549574 0.594753 0.546315 0.593227 0.546722 0.590630 0.541968 0.587880 0.537491 0.585341 0.535319 0.582570 0.533560 0.571878 0.519009 0.590161 0.494616 0.587310 0.487481 0.582755 0.494167 0.567667 0.513106 0.554573 0.498861 0.550547 0.492995 0.550547 0.492995 0.533948 0.475648 0.526909 0.472625 0.526352 0.476801 0.534474 0.485792 0.549326 0.503741 0.551880 0.507157 0.578677 0.539907
1 0.595982 0.614398 0.603667 0.641722 0.604917 0.639060 0.602229 0.618398 0.601354 0.617287 0.599979 0.615620 0.598417 0.614509
1 0.604292 0.620843 0.605167 0.629838 0.607727 0.629949 0.610227 0.626394 0.609539 0.624620 0.608102 0.623398 0.606789 0.622731
1 0.611508 0.627134 0.609828 0.631282 0.610576 0.632528 0.611276 0.633690 0.611695 0.635102 0.611695 0.636264 0.611555 0.638667 0.610716 0.640579 0.606982 0.644394 0.607169 0.653106 0.608148 0.655843 0.612161 0.652940 0.612161 0.640741 0.616268 0.635931 0.616690 0.635347 0.616503 0.634519 0.612815 0.637921 0.614823 0.630037 0.614823 0.629042 0.614169 0.628380 0.612161 0.627134
8 0.687328 0.606667 0.684148 0.645995 0.684221 0.649079 0.685305 0.651778 0.693643 0.659259 0.707339 0.670569 0.706810 0.671829 0.693466 0.661458 0.684365 0.652935 0.683570 0.651134 0.683281 0.649079 0.682992 0.647278 0.686177 0.605366
8 0.602229 0.618398 0.596711 0.580755 0.598086 0.579977 0.604292 0.620843 0.605167 0.629838 0.606982 0.644394 0.607169 0.653106 0.605208 0.644625 0.604917 0.639060 0.604917 0.639060
8 0.606102 0.637213 0.609828 0.631282 0.611508 0.627134 0.614411 0.622106 0.614036 0.620773 0.611477 0.623995 0.610227 0.626394 0.607727 0.629949 0.605602 0.633329
8 0.606102 0.637213 0.607021 0.635625 0.611695 0.636264 0.611555 0.638667 0.610716 0.640579 0.608583 0.640958 0.606271 0.639069
8 0.612630 0.640185 0.620521 0.640852 0.620521 0.638310 0.614594 0.637875
8 0.667878 0.604102 0.678065 0.638884 0.680273 0.645171 0.681177 0.649009 0.681930 0.646630 0.680964 0.643380 0.668240 0.601597 0.664971 0.591384 0.665034 0.577037 0.664013 0.576278 0.663625 0.592213 0.664193 0.595060 0.667641 0.603542
5 0.597552 0.570991 0.601021 0.575231 0.603406 0.579986 0.607961 0.590014 0.609479 0.592583 0.610057 0.594384 0.610057 0.595537 0.611255 0.598500 0.626898 0.584870 0.635180 0.579236 0.641786 0.577792 0.645190 0.572278 0.644901 0.571634 0.639117 0.574977 0.636516 0.574593 0.629938 0.573306 0.625529 0.571894 0.624227 0.571894 0.622781 0.572407 0.621479 0.572662 0.620323 0.572662 0.618299 0.572532 0.615263 0.570093 0.606081 0.568551 0.604346 0.568167
5 0.630286 0.547407 0.634383 0.557690 0.635367 0.558356 0.636206 0.559347 0.637044 0.560185 0.643716 0.556699 0.647266 0.553537 0.633169 0.535046 0.633169 0.540097 0.629763 0.540931 0.631812 0.545838 0.632232 0.547264
5 0.597849 0.568648 0.596901 0.569884 0.596760 0.570880 0.597180 0.571296 0.597552 0.570991 0.604346 0.568167 0.606081 0.568551 0.615263 0.570093 0.618299 0.572532 0.620323 0.572662 0.621479 0.572662 0.622781 0.572407 0.624227 0.571894 0.625529 0.571894 0.629938 0.573306 0.636516 0.574593 0.639117 0.574977 0.644901 0.571634 0.645190 0.572278 0.652224 0.560505 0.649732 0.557440 0.640258 0.566815 0.639979 0.566815 0.638206 0.566815 0.635310 0.561421 0.636206 0.559347 0.635367 0.558356 0.634383 0.557690 0.630286 0.547407 0.630698 0.552718 0.630594 0.553583 0.630070 0.554079 0.621948 0.555815 0.621753 0.557806 0.621615 0.562083 0.631562 0.562037 0.631927 0.562870 0.621510 0.563287 0.621229 0.568287 0.620984 0.570889 0.620182 0.570083 0.620885 0.563102 0.617583 0.562625 0.618182 0.565634 0.617453 0.566097 0.616823 0.562454 0.613776 0.562130 0.613620 0.561389 0.616589 0.561667 0.615404 0.557324 0.613206 0.557634 0.612474 0.557755 0.612440 0.554968
5 0.617396 0.561759 0.620984 0.562148 0.621128 0.556634 0.621198 0.556157 0.616263 0.556870
5 0.627380 0.539792 0.629763 0.540931 0.631812 0.545838 0.620646 0.547319 0.624396 0.545889 0.625083 0.544884
5 0.627380 0.539792 0.629763 0.540931 0.633169 0.540097 0.633169 0.535046 0.628391 0.529106 0.628510 0.536634
5 0.649732 0.557440 0.647266 0.553537 0.643716 0.556699 0.637044 0.560185 0.636206 0.559347 0.635310 0.561421 0.638206 0.566815 0.639979 0.566815 0.640258 0.566815
5 0.611693 0.605417 0.614286 0.618185 0.614036 0.620773 0.614411 0.622106 0.612768 0.624736 0.618635 0.623005 0.622182 0.622338 0.631565 0.620370
5 0.602206 0.607597 0.605380 0.610250 0.608445 0.617366 0.612008 0.619380 0.610701 0.620620 0.609161 0.621037 0.607529 0.621037 0.604292 0.620843
5 0.600435 0.606681 0.596794 0.605356 0.595346 0.604773 0.593151 0.602083 0.592547 0.602532 0.592500 0.603944 0.593339 0.608259 0.593992 0.609588 0.598417 0.614509 0.599979 0.615620 0.601354 0.617287 0.602229 0.618398
5 0.626102 0.635616 0.627289 0.659273 0.627914 0.659718 0.632661 0.657718 0.632786 0.655829 0.638224 0.656495 0.642034 0.656273 0.645409 0.655162 0.645943 0.658778 0.646018 0.660546 0.646172 0.665977 0.645971 0.668162 0.644221 0.668606 0.634911 0.670269 0.631227 0.671935 0.625352 0.671491 0.625352 0.673380 0.623542 0.673824 0.620521 0.640852 0.620521 0.638310 0.620604 0.634394 0.621917 0.634060 0.622417 0.635394
6 0.621167 0.647611 0.618229 0.645722 0.617542 0.645278 0.615669 0.649944 0.613732 0.672935 0.619979 0.686264 0.622229 0.660384
5 0.648758 0.633069 0.651414 0.643745 0.652065 0.646958 0.652354 0.651972 0.652284 0.652870 0.651849 0.653769 0.645409 0.655162 0.642034 0.656273 0.638224 0.656495 0.632786 0.655829 0.632661 0.657718 0.627914 0.659718 0.627289 0.659273 0.626102 0.635616 0.625318 0.621639 0.631565 0.620370
5 0.620294 0.682444 0.623547 0.685398 0.625758 0.687755 0.627437 0.687912 0.628760 0.687912 0.629911 0.689167 0.630630 0.688866 0.632437 0.685653 0.636198 0.676657 0.638333 0.669630 0.634911 0.670269 0.631227 0.671935 0.625352 0.671491 0.625352 0.673380 0.623542 0.673824 0.622229 0.660384
8 0.645971 0.668162 0.645000 0.668431 0.646211 0.672519 0.650526 0.682560 0.652664 0.687866 0.653513 0.687148 0.654237 0.686287 0.654318 0.684995 0.647682 0.670935 0.646630 0.668148 0.646172 0.665977 0.646130 0.665852
8 0.669089 0.669444 0.669094 0.669278 0.683125 0.663273 0.684219 0.664167 0.668089 0.671134 0.660453 0.675208 0.659917 0.674394 0.667859 0.670185
8 0.689266 0.676079 0.688766 0.670727 0.688523 0.668792 0.688081 0.667574 0.684893 0.662120 0.681828 0.658106 0.681263 0.657032 0.680536 0.655523 0.678924 0.650005 0.677779 0.651069 0.678703 0.654472 0.680221 0.657875 0.682135 0.662102 0.683125 0.663273 0.684167 0.664167 0.686870 0.667356 0.687396 0.668431 0.687758 0.669579 0.687979 0.673431 0.688323 0.682657 0.689190 0.683056
8 0.704336 0.677167 0.704599 0.675912 0.693997 0.667583 0.686042 0.661569 0.683615 0.658829 0.682961 0.657171 0.682635 0.655509 0.682992 0.647278 0.685156 0.618093 0.684456 0.617426 0.682917 0.633773 0.681930 0.646630 0.681609 0.651694 0.681422 0.654681 0.681841 0.657171 0.684893 0.662120 0.693557 0.669120
8 0.687779 0.662968 0.693049 0.660986 0.691664 0.659755 0.686042 0.661569
8 0.684958 0.636616 0.689719 0.629444 0.690445 0.628444 0.690565 0.627301 0.690242 0.626440 0.689719 0.625505 0.689034 0.625435 0.685724 0.626366
8 0.685833 0.625417 0.688589 0.624218 0.689112 0.624065 0.690203 0.625218 0.692422 0.627014 0.692341 0.625292 0.688992 0.622565 0.686016 0.623611
8 0.676201 0.627602 0.679508 0.626630 0.679273 0.628250 0.676565 0.628944
8 0.677083 0.630463 0.679091 0.630380 0.678779 0.632417 0.677529 0.632324
8 0.669979 0.612051 0.674411 0.633949 0.673479 0.632713 0.669044 0.611463
8 0.665107 0.618102 0.671451 0.625727 0.672185 0.626472 0.672672 0.628704 0.669151 0.626782 0.667023 0.623866 0.668208 0.623931 0.664724 0.620194
8 0.673292 0.618356 0.677719 0.610361 0.677964 0.609556 0.677477 0.607449 0.676359 0.606769 0.676849 0.609741 0.672909 0.616931
8 0.669143 0.604537 0.673674 0.606583 0.674164 0.605218 0.668656 0.602861
8 0.668070 0.606407 0.669003 0.609477 0.669044 0.611463 0.670357 0.617528 0.668391 0.617028 0.667977 0.616282 0.668070 0.613380 0.667505 0.606574
8 0.651250 0.624514 0.655404 0.624514 0.657969 0.624847 0.658716 0.624431 0.658716 0.623269 0.658250 0.622106 0.657409 0.621940 0.652042 0.622440
8 0.722177 0.574412 0.735609 0.576523 0.736422 0.575634 0.736297 0.573856 0.736047 0.572745 0.720052 0.571745
5 0.631766 0.435241 0.656201 0.447704 0.675695 0.465630 0.682951 0.472690 0.678367 0.488440 0.677604 0.489389 0.664852 0.479204 0.658875 0.472769 0.657935 0.468139 0.656201 0.465310 0.654682 0.463130 0.652732 0.461713 0.651068 0.461329
5 0.665039 0.455796 0.665602 0.454574 0.664602 0.452352 0.665539 0.451241 0.666977 0.453241 0.669289 0.452463 0.670477 0.453685 0.671349 0.455019 0.672974 0.455241 0.674599 0.454685 0.677599 0.464236 0.676305 0.462917 0.675695 0.465630
5 0.687656 0.473903 0.688594 0.473347 0.688969 0.471681 0.688344 0.470014 0.687531 0.469014 0.685659 0.468014 0.684284 0.467236 0.683409 0.467236 0.675474 0.445023 0.677161 0.443245 0.676474 0.440690 0.666977 0.453241 0.669289 0.452463 0.670477 0.453685 0.671349 0.455019 0.672974 0.455241 0.674599 0.454685 0.677599 0.464236
8 0.524305 0.264204 0.511656 0.257236 0.483914 0.239319 0.477143 0.232093 0.473945 0.233472 0.449172 0.219190 0.447044 0.215236 0.446268 0.210588 0.461495 0.219667 0.466247 0.222366 0.467930 0.224144 0.476544 0.229213 0.523492 0.257708 0.527122 0.259565 0.525979 0.260769
5 0.483914 0.239319 0.488185 0.246977 0.493245 0.253750 0.521174 0.270301 0.524305 0.264204 0.511656 0.257236 0.511656 0.257236
5 0.498701 0.260259 0.503073 0.267921 0.505885 0.265259 0.508198 0.268477 0.507573 0.275588 0.514352 0.283671 0.520068 0.272588
5 0.523102 0.275116 0.520641 0.273236 0.515104 0.284264 0.518193 0.288926 0.519216 0.284931 0.520443 0.280931 0.521159 0.278384 0.521568 0.276931
6 0.473945 0.233472 0.473940 0.237630 0.480953 0.247014 0.493245 0.253750 0.488185 0.246977 0.483914 0.239319 0.477143 0.232093 0.477143 0.232093
6 0.484560 0.253167 0.498701 0.260259 0.503073 0.267921 0.499018 0.272190
6 0.507573 0.275588 0.506167 0.273546 0.502549 0.277773 0.512430 0.291884 0.514352 0.283671
6 0.512846 0.293037 0.514107 0.294255 0.514992 0.294088 0.515599 0.294505 0.515927 0.296912 0.517273 0.299778 0.517068 0.294199 0.518193 0.288926 0.515104 0.284264
5 0.471635 0.245722 0.495927 0.275847 0.499018 0.272190 0.484560 0.253167 0.483740 0.251745
5 0.454003 0.225759 0.468747 0.241532 0.480953 0.247014 0.473940 0.237630 0.473945 0.233472 0.458563 0.224648
8 0.395367 0.208718 0.394979 0.209921 0.413659 0.218523 0.412982 0.215255
8 0.415302 0.215944 0.416271 0.218694 0.425755 0.223167 0.424594 0.220074
8 0.428948 0.221620 0.429724 0.224375 0.433690 0.225407 0.433786 0.223856
8 0.429995 0.210935 0.429510 0.213861 0.440641 0.213861 0.440930 0.212139
5 0.585667 0.331639 0.594414 0.331685 0.594917 0.326481 0.595169 0.321130 0.594331 0.318449 0.593411 0.318005 0.588529 0.318370 0.588529 0.320370 0.586589 0.327458
5 0.585156 0.334000 0.588227 0.333620 0.589229 0.334213 0.592109 0.348176 0.590880 0.348176 0.588836 0.350361 0.586383 0.351995 0.584440 0.352542 0.583828 0.350542 0.583828 0.347634 0.584339 0.344361 0.584951 0.342542 0.585771 0.339454 0.585362 0.336000
8 0.403927 0.186097 0.402844 0.191495 0.412529 0.197792 0.413904 0.197532 0.415276 0.197019 0.422143 0.200620 0.422724 0.198176 0.421495 0.197921 0.420698 0.195861 0.420555 0.194963
8 0.428651 0.199847 0.428940 0.204986 0.440930 0.212139 0.444844 0.213856 0.445495 0.210384 0.444701 0.209356 0.433422 0.202162
5 0.689266 0.676079 0.689190 0.683056 0.689854 0.683491 0.690617 0.686338 0.688630 0.693671 0.691854 0.700148 0.696833 0.691213
5 0.571878 0.519009 0.590161 0.494616 0.593526 0.499542 0.596167 0.503167 0.598940 0.504458 0.603096 0.504458 0.605672 0.503639 0.606331 0.506347 0.607190 0.509398 0.609104 0.511630 0.612602 0.512671 0.615440 0.512435 0.616826 0.513259 0.585341 0.535319 0.582570 0.533560
5 0.622576 0.692468 0.621516 0.698278 0.621781 0.701106 0.626112 0.716343 0.637068 0.750588 0.639010 0.758282 0.642544 0.759699 0.639099 0.722000 0.639099 0.714458 0.640070 0.711315 0.635831 0.702361 0.631589 0.692782 0.629911 0.689167 0.628760 0.687912 0.627437 0.687912 0.625758 0.687755 0.625049 0.688542
5 0.640070 0.711315 0.640620 0.707546 0.641742 0.702972 0.643786 0.699097 0.644581 0.696398 0.644844 0.688421 0.648078 0.688773 0.648539 0.695227 0.647813 0.703556 0.646031 0.716935 0.645240 0.722097 0.645437 0.739694 0.644646 0.751194 0.644182 0.755653 0.644448 0.760935 0.642544 0.759699 0.639099 0.722000 0.639099 0.714458
5 0.644448 0.760935 0.653687 0.765394 0.654018 0.764926 0.661607 0.752486 0.661607 0.745681 0.663786 0.729134 0.664776 0.725968 0.665766 0.723620 0.667747 0.706255 0.668737 0.704963 0.669859 0.692056 0.649992 0.688069 0.649464 0.688421 0.648539 0.695227 0.647813 0.703556 0.646031 0.716935 0.645240 0.722097 0.645437 0.739694 0.644646 0.751194 0.644182 0.755653
5 0.667747 0.706255 0.670716 0.705551 0.678966 0.706255 0.681146 0.704028 0.682003 0.701093 0.683719 0.696986 0.684180 0.694523 0.684180 0.694051 0.682992 0.692528 0.648341 0.670583 0.647682 0.670935 0.656484 0.689537 0.669859 0.692056 0.668737 0.704963
5 0.693466 0.661458 0.706810 0.671829 0.704599 0.675912 0.693997 0.667583
5 0.711049 0.641194 0.717721 0.650449 0.712286 0.660986 0.712331 0.661602
5 0.671703 0.587051 0.670990 0.591111 0.681875 0.607176 0.682661 0.600718
5 0.678065 0.638884 0.680273 0.645171 0.679568 0.649097 0.677779 0.651069 0.661211 0.628190 0.660289 0.628662 0.659495 0.630421 0.658628 0.626319 0.664193 0.595060 0.667641 0.603542 0.664724 0.620194 0.665341 0.621606
5 0.670909 0.591606 0.668240 0.601597 0.664971 0.591384 0.666206 0.579898 0.671776 0.586069 0.671703 0.587051 0.670990 0.591111
5 0.611255 0.598500 0.626898 0.584870 0.635180 0.579236 0.641786 0.577792 0.647344 0.577782 0.655523 0.613769 0.649174 0.629542 0.619250 0.605042
5 0.686320 0.522000 0.688893 0.511088 0.693182 0.514255 0.696219 0.507921 0.709289 0.519653 0.712060 0.514255 0.712852 0.515662 0.710938 0.520125 0.730938 0.537370 0.730146 0.539954 0.728362 0.539130 0.720839 0.565648 0.718529 0.566120 0.713247 0.562245 0.685792 0.523292
5 0.664852 0.479204 0.677604 0.489389 0.678367 0.488440 0.682951 0.472690 0.675695 0.465630 0.676305 0.462917 0.704714 0.491426 0.703951 0.492782 0.701813 0.492648 0.696219 0.507921 0.693182 0.514255 0.688893 0.511088 0.683409 0.505273 0.681880 0.502694 0.671878 0.489389 0.671112 0.489116 0.668594 0.491287 0.658055 0.480426
5 0.700469 0.496435 0.704792 0.497532 0.703359 0.514259 0.696219 0.507921
5 0.528797 0.490250 0.522133 0.491306 0.521802 0.492597 0.522529 0.493769 0.526620 0.499519 0.522990 0.500106 0.523255 0.502921 0.522331 0.503037 0.522133 0.503037 0.523320 0.512542 0.534013 0.526037 0.543781 0.528032 0.544771 0.527329 0.545102 0.526625 0.546224 0.526037 0.547081 0.524630 0.547872 0.515829 0.548732 0.515241 0.548862 0.514421 0.549326 0.503741 0.534474 0.485792 0.536453 0.494005 0.536057 0.497523 0.531768 0.498463
5 0.544771 0.527329 0.554518 0.527222 0.554690 0.528440 0.554120 0.530569 0.553263 0.546491 0.555831 0.554606 0.534013 0.526037 0.543781 0.528032
5 0.585341 0.535319 0.587880 0.537491 0.590630 0.541968 0.593227 0.546722 0.594753 0.546315 0.596969 0.549574 0.599641 0.552829 0.601779 0.553782 0.603458 0.554458 0.605828 0.553782 0.612622 0.548894 0.614914 0.546042 0.619802 0.537218 0.624078 0.523778 0.616826 0.513259
5 0.442729 0.281398 0.442500 0.292148 0.442672 0.294986 0.443299 0.296407 0.444839 0.299551 0.446036 0.301176 0.452885 0.305231 0.453398 0.305338 0.459841 0.308685 0.461951 0.309185 0.464633 0.308782 0.471135 0.307565 0.468000 0.303306 0.461781 0.301782 0.448318 0.296509 0.446836 0.294481 0.446549 0.292556 0.446492 0.281093
5 0.470935 0.192093 0.463013 0.214389 0.461495 0.219667 0.466247 0.222366 0.482747 0.218259 0.485784 0.215444 0.488359 0.211574 0.488424 0.208523 0.487896 0.208171 0.486115 0.207231 0.482747 0.204769 0.481427 0.204769 0.478393 0.200306 0.472781 0.194440 0.472122 0.192565 0.471065 0.190569
5 0.482305 0.219884 0.476544 0.229213 0.467930 0.224144
5 0.482305 0.219884 0.485729 0.218259 0.489151 0.217954 0.503927 0.220389 0.514193 0.221606 0.517216 0.222213 0.518701 0.222926 0.525203 0.227995 0.524862 0.233370 0.523492 0.257708 0.476544 0.229213
5 0.631042 0.399588 0.631924 0.411995 0.635901 0.413097 0.635901 0.396917 0.635018 0.383093 0.631836 0.384352 0.622383 0.355292 0.617344 0.360046 0.625776 0.368171 0.625961 0.368801 0.616055 0.401000
5 0.616055 0.401000 0.625961 0.368801 0.625776 0.368171 0.616354 0.359074 0.615315 0.361083 0.612146 0.360356 0.611328 0.359630 0.611122 0.362356 0.610409 0.365079 0.608977 0.368718 0.607852 0.370352 0.607839 0.373514 0.607130 0.376023 0.605719 0.379639 0.606602 0.381995 0.606513 0.383565 0.606424 0.385606 0.605453 0.386708 0.604922 0.387019 0.601034 0.396444 0.603331 0.398176 0.606424 0.394718 0.607307 0.393931 0.610578 0.400060 0.611992 0.401787 0.613669 0.402102
5 0.611992 0.401787 0.607891 0.403986 0.624326 0.425977 0.625917 0.425190 0.627154 0.425190 0.630422 0.428333 0.632633 0.422051 0.631042 0.399588 0.616055 0.401000 0.613669 0.402102
5 0.450052 0.411806 0.448794 0.398866 0.449128 0.393366 0.449128 0.391579 0.448039 0.385486 0.447872 0.383551 0.448794 0.378495 0.440177 0.377454 0.436917 0.369870 0.435578 0.368236 0.434073 0.368236 0.425122 0.376560
5 0.479646 0.368116 0.481742 0.367731 0.487370 0.366574 0.481784 0.355157
8 0.525344 0.264403 0.530870 0.267481 0.531380 0.267481 0.532096 0.267481 0.532404 0.267481 0.533221 0.268028 0.534857 0.268935 0.535982 0.268935 0.537414 0.268935 0.539151 0.269481 0.540174 0.271116 0.541401 0.273477 0.542628 0.275116 0.543753 0.275116 0.544979 0.276204 0.545591 0.276569 0.555201 0.282565 0.556633 0.283477 0.558268 0.285292 0.558677 0.285472 0.559599 0.284745 0.560721 0.284745 0.561661 0.282741 0.561953 0.281333 0.561086 0.281019 0.534727 0.264694 0.534091 0.265231 0.533089 0.264787 0.531667 0.262852 0.527630 0.260509 0.527148 0.261069
8 0.622760 0.548056 0.621753 0.557806 0.621589 0.562130 0.621229 0.568287 0.620984 0.570889 0.620182 0.570083 0.620984 0.562148 0.621128 0.556634 0.622138 0.548144
8 0.621615 0.562083 0.631562 0.562037 0.631927 0.562870 0.621510 0.563287
8 0.620984 0.562148 0.613620 0.561389 0.613776 0.562130 0.620885 0.563102
8 0.617583 0.562625 0.618182 0.565634 0.617453 0.566097 0.616823 0.562454
8 0.616589 0.561667 0.614016 0.552671 0.614484 0.551931 0.615135 0.553273 0.616047 0.556005 0.617396 0.561759
8 0.628885 0.558458 0.632844 0.562764 0.633313 0.561977 0.629224 0.557162
8 0.634195 0.383630 0.627716 0.356653 0.625771 0.354255 0.624206 0.353296 0.622802 0.353296 0.622964 0.354255 0.624313 0.354542 0.625664 0.355505 0.626852 0.356944 0.633331 0.383824
8 0.482747 0.218259 0.466247 0.222366 0.467930 0.224144 0.482305 0.219884 0.485729 0.218259 0.489151 0.217954 0.505430 0.216875 0.506367 0.216542 0.508865 0.213208 0.516362 0.198102 0.515862 0.196880 0.515177 0.195880 0.506367 0.213653 0.504992 0.214319
7 0.502958 0.351370 0.557961 0.417398 0.560799 0.457565 0.560445 0.469551 0.560091 0.481958 0.559026 0.486162 0.557961 0.488056 0.555240 0.488056 0.533948 0.475648 0.526909 0.472625 0.526352 0.476801 0.525065 0.479468 0.522906 0.480139 0.520422 0.480907 0.519505 0.481097 0.518315 0.480426 0.517271 0.479014 0.515495 0.493736 0.516323 0.502565 0.483203 0.458241 0.490182 0.422866 0.491128 0.421185 0.493138 0.415926 0.497161 0.399315 0.498568 0.394898 0.499870 0.386699 0.501406 0.372606
