8 0.496867 0.297634 0.496385 0.300213 0.495964 0.302963 0.494224 0.310375 0.493831 0.311773 0.493961 0.312815 0.493112 0.316306 0.493961 0.316769 0.494443 0.313264 0.496943 0.305375 0.498130 0.297824
5 0.514857 0.435139 0.529578 0.438560 0.539281 0.441833 0.532758 0.451644 0.528576 0.449417 0.521466 0.444806 0.518203 0.443764 0.516615 0.447333 0.514690 0.446440 0.513518 0.436773
5 0.568755 0.508514 0.571852 0.513333 0.577271 0.519699 0.584432 0.541546 0.590982 0.543079 0.595372 0.544431 0.609299 0.547889 0.597206 0.526792 0.583174 0.509028 0.582690 0.510750 0.569529 0.507139
5 0.491406 0.374259 0.500831 0.376403 0.498573 0.390977 0.500411 0.392315 0.504344 0.372986 0.490878 0.370144 0.488255 0.370463 0.490339 0.374051
5 0.636474 0.701102 0.640573 0.683407 0.646453 0.682009 0.649479 0.686231 0.657151 0.685741 0.658487 0.683833 0.655865 0.683403 0.650234 0.676403 0.637234 0.661088 0.615180 0.637148 0.622906 0.661310 0.631815 0.689565
5 0.611781 0.628269 0.615180 0.637148 0.637234 0.661088 0.650234 0.676403 0.655865 0.683403 0.655865 0.680616 0.643195 0.660981 0.632862 0.650787
5 0.606539 0.612176 0.611781 0.628269 0.632862 0.650787 0.630531 0.645056 0.623792 0.636449 0.606469 0.611329
5 0.587099 0.552208 0.601398 0.597171 0.602240 0.595671 0.607531 0.593972 0.617091 0.615185 0.620529 0.623940 0.622448 0.626676 0.623880 0.628519 0.626448 0.622481 0.609117 0.592079 0.613721 0.591917 0.611966 0.585972 0.603841 0.575366 0.599779 0.570384 0.601609 0.565028 0.599091 0.560042 0.595073 0.565745
8 0.678732 0.663773 0.683794 0.642968 0.685865 0.638204 0.685159 0.637472 0.685753 0.633727 0.687318 0.634593 0.681161 0.660894
8 0.686714 0.628810 0.689990 0.615611 0.691174 0.617097 0.688490 0.630421
8 0.677292 0.646343 0.681117 0.653301 0.681885 0.650792 0.677969 0.644259
8 0.675508 0.652389 0.679984 0.658245 0.679552 0.660259 0.674747 0.654694
8 0.682995 0.653241 0.684555 0.656019 0.683440 0.657194 0.682474 0.655278
8 0.679047 0.641579 0.682534 0.648519 0.681885 0.650792 0.677969 0.644259
8 0.683646 0.650324 0.685776 0.654468 0.684974 0.655773 0.683099 0.652546
8 0.684505 0.646667 0.687844 0.651079 0.688833 0.649458 0.687792 0.647699 0.685161 0.644227
8 0.673854 0.657407 0.678841 0.662806 0.679401 0.660907 0.674612 0.655356
8 0.672292 0.662130 0.676622 0.667310 0.675867 0.668653 0.671674 0.664023
8 0.595049 0.514741 0.625341 0.553968 0.625990 0.553606 0.617268 0.539588 0.606247 0.525153 0.595844 0.511042
8 0.506622 0.435361 0.505961 0.423833 0.505708 0.421861 0.506594 0.420120 0.507948 0.420120 0.508740 0.420949 0.508974 0.422028 0.508760 0.429162 0.508961 0.432208 0.508995 0.438148
8 0.557240 0.487269 0.555130 0.473889 0.553854 0.474259 0.555737 0.485616
8 0.554039 0.472477 0.555849 0.461856 0.557417 0.453130 0.559086 0.453829 0.557393 0.461514 0.555331 0.472542
8 0.517677 0.446444 0.520664 0.446861 0.524958 0.449264 0.532240 0.453912 0.532758 0.451644 0.528576 0.449417 0.521466 0.444806 0.518203 0.443764 0.517586 0.445449
8 0.562547 0.502032 0.567607 0.507810 0.568755 0.508514 0.569529 0.507139 0.577479 0.506810 0.582664 0.499037 0.582164 0.495704 0.579417 0.497815 0.569789 0.500088 0.561417 0.501199
2 0.501823 0.321435 0.503833 0.324560 0.508896 0.328333 0.517643 0.333667 0.518831 0.337222 0.518143 0.343662 0.517268 0.347218 0.514581 0.357324 0.512831 0.360769 0.507708 0.359657 0.500797 0.356227 0.491846 0.338380 0.489477 0.332111 0.493151 0.322306 0.496536 0.318347 0.499924 0.319204
2 0.479948 0.389861 0.482708 0.385231 0.486818 0.383319 0.490938 0.383843 0.493828 0.387176 0.497083 0.394116 0.498096 0.399259 0.497951 0.404014 0.497516 0.405042 0.495276 0.402083 0.492312 0.401444 0.489565 0.400801 0.486745 0.401056 0.484505 0.401829 0.483638 0.402472 0.480745 0.402986 0.479445 0.402986 0.478143 0.401569 0.478070 0.396560
5 0.663867 0.634856 0.667297 0.634560 0.667630 0.632921 0.675326 0.633222 0.680094 0.637384 0.669211 0.671139 0.665029 0.683778 0.661099 0.684523 0.659552 0.680167 0.655109 0.672509 0.650995 0.665111 0.653609 0.659949 0.649641 0.655306 0.631156 0.618454 0.652432 0.649037 0.666539 0.668347 0.669898 0.664963 0.647505 0.633907 0.651648 0.621764 0.662620 0.641472 0.664747 0.637292
5 0.612206 0.530463 0.614305 0.527796 0.629281 0.550917 0.635471 0.561324 0.644914 0.576542 0.641570 0.584699 0.638961 0.591329 0.638635 0.590690 0.623630 0.564810 0.626732 0.554528
5 0.643893 0.590375 0.667612 0.617319 0.685865 0.638204 0.683794 0.642968 0.680094 0.637384 0.675326 0.633222 0.667630 0.632921 0.667297 0.634560 0.663867 0.634856 0.641570 0.595486 0.641000 0.594593 0.642828 0.589856
2 0.531484 0.391037 0.530227 0.396546 0.525583 0.414611 0.521740 0.410773 0.516969 0.406662 0.516456 0.408329 0.520367 0.412199 0.512914 0.408468 0.505539 0.402431 0.505326 0.401532 0.505326 0.397921 0.504891 0.395616 0.503807 0.395477 0.506266 0.391759 0.506487 0.386995 0.505974 0.381472 0.506344 0.376468 0.508510 0.370806 0.509661 0.367208 0.510747 0.366176 0.513281 0.368106 0.518490 0.376069 0.521016 0.378134 0.523909 0.380199 0.524266 0.383144 0.530411 0.388681
2 0.483724 0.407671 0.494599 0.421361 0.497820 0.420616 0.499781 0.421694 0.500201 0.424431 0.503607 0.426597 0.504680 0.424185 0.505708 0.421861 0.506594 0.420120 0.507948 0.420120 0.508740 0.420949 0.508974 0.422028 0.509302 0.420282 0.509255 0.417880 0.508927 0.416718 0.502299 0.410495 0.497516 0.405042 0.495276 0.402083 0.492312 0.401444 0.489565 0.400801 0.486745 0.401056
2 0.529279 0.344741 0.525591 0.344102 0.520096 0.345644 0.517268 0.347218 0.514581 0.357324 0.512831 0.360769 0.516339 0.361963 0.518146 0.360551 0.519953 0.362222 0.520602 0.364917 0.520880 0.367681 0.522385 0.369907 0.525563 0.371245 0.525563 0.369759 0.524727 0.367824 0.525982 0.365593 0.527906 0.364403 0.528656 0.363361 0.529911 0.363361 0.528992 0.359204 0.529326 0.355481 0.530245 0.352958
2 0.530443 0.354023 0.533089 0.376773 0.524612 0.375620 0.525367 0.374662 0.525638 0.373894 0.525638 0.372551 0.525563 0.371245 0.525563 0.369759 0.524727 0.367824 0.525982 0.365593 0.527906 0.364403 0.528656 0.363361 0.529911 0.363361 0.528992 0.359204 0.529326 0.355481 0.530245 0.352958
2 0.540586 0.356810 0.548570 0.365606 0.545862 0.369588 0.546656 0.372162 0.547076 0.372991 0.543279 0.379546 0.540216 0.357333
2 0.548055 0.375278 0.551344 0.381991 0.555120 0.392657 0.562667 0.410722 0.557635 0.419153 0.554732 0.416569 0.555797 0.413130 0.557539 0.408486 0.556086 0.405560 0.554635 0.405731 0.551247 0.400227 0.545635 0.394204 0.545151 0.389213 0.549602 0.394551 0.550667 0.393519 0.550859 0.391968 0.543698 0.382505 0.543258 0.379495 0.547076 0.372991
2 0.555193 0.368190 0.560503 0.377630 0.566503 0.390069 0.567534 0.394157 0.566690 0.397634 0.561698 0.388759 0.553156 0.368843
15 0.533719 0.381278 0.533766 0.383852 0.545635 0.394204 0.545151 0.389213 0.539927 0.380949
8 0.496005 0.367389 0.501068 0.370500 0.507471 0.373486 0.508510 0.370806 0.503042 0.368644 0.498755 0.366602 0.496732 0.365681
8 0.517932 0.375000 0.523357 0.375750 0.524612 0.375620 0.533089 0.376773 0.533448 0.377481 0.540263 0.377977 0.543698 0.382505 0.550859 0.391968 0.550667 0.393519 0.549602 0.394551 0.545151 0.389213 0.539927 0.380949 0.533719 0.381278 0.527648 0.379917 0.523742 0.379667 0.522557 0.378181 0.521016 0.378134 0.518490 0.376069
6 0.682630 0.490208 0.683440 0.496065 0.655430 0.518218 0.639508 0.530898 0.634841 0.534847 0.634781 0.530852 0.633906 0.530403 0.632909 0.531630 0.632844 0.533630 0.633031 0.536519 0.626034 0.542181 0.627221 0.536296 0.625409 0.535403 0.651901 0.513852 0.655836 0.510194 0.657521 0.508861 0.681016 0.489083
8 0.644586 0.490718 0.657521 0.508861 0.655836 0.510194 0.650187 0.502333 0.644961 0.495032 0.644026 0.492542
8 0.661398 0.514449 0.671076 0.528074 0.676404 0.535171 0.677331 0.536968 0.673539 0.534384 0.664302 0.522551 0.659260 0.515884 0.659055 0.515454 0.661115 0.513731
5 0.505440 0.310708 0.503378 0.316704 0.502065 0.317593 0.494443 0.313264 0.496943 0.305375 0.498130 0.297824 0.499094 0.297116 0.501997 0.297806 0.504901 0.306065 0.506169 0.310245
6 0.476057 0.356213 0.484177 0.370403 0.489779 0.380278 0.492299 0.384426 0.494352 0.380690 0.490339 0.374051 0.484224 0.363269 0.478531 0.353889 0.477549 0.353806
5 0.541643 0.325546 0.548784 0.324968 0.551398 0.326625 0.552424 0.331190 0.551539 0.338324 0.550932 0.339569 0.519521 0.338324 0.518831 0.337222 0.517643 0.333667 0.508896 0.328333 0.524945 0.326458 0.527188 0.326898 0.532500 0.332037 0.536169 0.329856 0.541172 0.324861
5 0.601398 0.597171 0.608172 0.606634 0.622448 0.626676 0.623880 0.628519 0.623375 0.629773 0.623367 0.631185 0.624286 0.632611 0.625409 0.632356 0.625747 0.631426 0.642604 0.653741 0.649805 0.664509 0.655109 0.672509 0.659552 0.680167 0.658487 0.683833 0.655865 0.683403 0.655865 0.680616 0.643195 0.660981 0.623792 0.636449 0.606469 0.611329
5 0.607531 0.593972 0.617091 0.615185 0.620529 0.623940 0.613487 0.614153 0.608172 0.606634 0.601398 0.597171 0.602240 0.595671
5 0.638635 0.590690 0.623630 0.564810 0.606724 0.535944 0.599781 0.524005 0.597206 0.526792 0.609299 0.547889 0.605503 0.563241 0.606997 0.566144 0.617872 0.590681 0.629104 0.614769 0.638961 0.591329
5 0.641570 0.595486 0.664747 0.637292 0.662620 0.641472 0.651648 0.621764 0.647505 0.633907 0.669898 0.664963 0.666539 0.668347 0.652432 0.649037 0.631156 0.618454 0.641000 0.594593
5 0.450477 0.367389 0.441792 0.348171 0.441417 0.346153 0.445328 0.331269 0.448534 0.319338 0.453927 0.299579 0.455049 0.300690 0.456021 0.303944 0.456482 0.307120 0.457076 0.311106 0.458281 0.313574 0.458732 0.314861 0.458943 0.321380 0.460435 0.330014 0.460299 0.332500 0.459956 0.334509 0.459117 0.338231 0.459286 0.342241 0.456094 0.359769 0.454089 0.361111 0.452578 0.360787 0.451797 0.363611
2 0.550120 0.480032 0.566180 0.496389 0.565594 0.498023 0.561328 0.499065 0.559070 0.496685 0.558401 0.497727 0.553549 0.492074 0.553969 0.490736 0.547109 0.483750 0.547529 0.481815 0.548281 0.479736
2 0.543016 0.478120 0.547820 0.466986 0.550305 0.469671 0.545661 0.481384
2 0.549323 0.420926 0.556872 0.420903 0.566995 0.423125 0.566432 0.427569 0.564557 0.427569 0.563935 0.429458 0.550339 0.428750
2 0.508961 0.432208 0.511552 0.427750 0.512807 0.421208 0.513979 0.418681 0.513477 0.415704 0.512307 0.413176 0.509630 0.414815 0.508542 0.416000 0.508927 0.416718 0.509255 0.417880 0.509302 0.420282 0.508974 0.422028 0.508760 0.429162
2 0.499375 0.426944 0.506622 0.435361 0.505961 0.423833 0.505708 0.421861 0.504680 0.424185 0.503607 0.426597 0.500201 0.424431
2 0.492221 0.356894 0.490500 0.361884 0.487638 0.363130 0.484224 0.363269 0.481753 0.359389 0.483156 0.356509 0.483852 0.355356 0.491526 0.356028
2 0.642203 0.505222 0.644451 0.509000 0.646263 0.515551 0.646326 0.518440 0.632393 0.529657 0.631206 0.528102 0.630518 0.523995 0.630706 0.521773 0.631789 0.518764 0.632875 0.519153 0.634031 0.519278 0.635188 0.519796 0.636271 0.520181 0.637430 0.520181 0.638297 0.518894 0.638513 0.516838 0.638802 0.514782 0.639237 0.512981 0.639453 0.511056 0.639742 0.509125 0.640393 0.507458 0.641115 0.505912 0.641693 0.504116
10 0.641982 0.472755 0.642852 0.474301 0.643573 0.475968 0.644081 0.477769 0.644440 0.479694 0.644729 0.481625 0.644729 0.483681 0.644875 0.485606 0.644948 0.487537 0.644586 0.490718 0.644026 0.492542 0.643719 0.494861 0.643500 0.496917 0.643430 0.498847 0.642995 0.500903 0.642417 0.502574 0.641693 0.504116 0.641115 0.505912 0.640393 0.507458 0.639742 0.509125 0.639453 0.511056 0.639237 0.512981 0.638802 0.514782 0.638513 0.516838 0.638297 0.518894 0.637430 0.520181 0.636271 0.520181 0.635188 0.519796 0.634031 0.519278 0.632875 0.519153 0.631789 0.518764 0.630706 0.518639 0.629622 0.518250 0.628536 0.518125 0.627669 0.519407 0.626656 0.520181 0.626367 0.522236 0.625211 0.522491 0.624055 0.522750 0.622971 0.522620 0.622174 0.521208 0.621958 0.519278 0.621596 0.517222 0.620513 0.516065 0.619500 0.514782 0.619138 0.512856 0.619357 0.510926 0.619719 0.509000 0.619284 0.507199 0.618344 0.506042 0.617404 0.505014 0.616826 0.503218 0.617042 0.501287 0.617331 0.499361 0.616247 0.498588 0.616536 0.496662 0.617549 0.495759 0.618055 0.493963 0.618201 0.492032 0.618706 0.490236 0.618779 0.488306 0.619500 0.486764 0.620469 0.483472 0.625807 0.465556 0.628906 0.464481 0.636677 0.464481 0.639380 0.468389 0.640755 0.469931
2 0.459284 0.376773 0.461586 0.375005 0.467607 0.372181 0.468820 0.372269 0.469422 0.373176 0.469799 0.374338 0.469982 0.375676 0.470076 0.377000 0.470034 0.378250 0.469891 0.379481 0.469849 0.380731 0.470125 0.381889 0.470310 0.383139 0.470635 0.384301 0.471010 0.385551 0.471388 0.386620 0.471755 0.387704 0.472182 0.388866 0.472549 0.389935 0.471990 0.390769 0.471297 0.391023 0.469482 0.387079 0.467966 0.381134 0.467372 0.382472 0.463375 0.383718 0.459109 0.377963
2 0.463620 0.350329 0.464190 0.351236 0.464885 0.351718 0.465156 0.352255 0.466000 0.352417 0.466633 0.351880 0.466753 0.351023 0.466844 0.350435 0.468169 0.349523 0.469102 0.347810 0.469917 0.346579 0.470760 0.345829 0.470701 0.344167 0.471482 0.342829 0.471844 0.340898 0.471573 0.339880 0.471091 0.339398 0.471362 0.338222 0.471122 0.337310 0.470784 0.336625 0.470187 0.335167 0.469284 0.335329 0.468680 0.335491 0.463219 0.349421
2 0.455247 0.372801 0.462346 0.366060 0.468276 0.360824 0.475820 0.352505 0.480336 0.346625 0.481385 0.346912 0.483935 0.343394 0.487542 0.336000 0.489128 0.332097 0.489477 0.332111 0.487633 0.337991 0.484552 0.344713 0.481846 0.348940 0.482221 0.350435 0.479885 0.352009 0.479932 0.353509 0.479651 0.354005 0.478531 0.353889 0.477549 0.353806 0.476057 0.356213 0.474237 0.357403 0.465977 0.366204 0.455990 0.374662 0.455010 0.373417
2 0.596826 0.544926 0.596542 0.546134 0.598859 0.550454 0.605187 0.552259 0.605299 0.553366 0.605641 0.554569 0.607221 0.556579 0.609299 0.547889
2 0.584432 0.541546 0.586857 0.550773 0.595445 0.565338 0.597706 0.561824 0.590586 0.551579 0.595503 0.551981 0.593526 0.548361 0.588609 0.548162
2 0.417448 0.278236 0.417448 0.281894 0.417125 0.282824 0.416964 0.283898 0.416721 0.285046 0.416479 0.286051 0.416237 0.287199 0.415995 0.288204 0.415633 0.289134 0.414987 0.289639 0.414422 0.290139 0.413737 0.290426 0.413130 0.290713 0.412445 0.291069 0.411841 0.291144 0.411154 0.291356 0.410510 0.291787 0.409904 0.292361 0.409219 0.292648 0.408372 0.292648 0.407646 0.292648 0.406961 0.292648 0.406315 0.292866 0.405669 0.292792 0.405065 0.292505 0.404339 0.292505 0.403651 0.292505 0.403047 0.292648 0.402320 0.292648 0.401555 0.292648 0.400870 0.292648 0.400224 0.292648 0.399578 0.292648 0.396352 0.292005 0.396310 0.290782 0.395867 0.289782 0.395344 0.289134 0.394737 0.288704 0.394133 0.288204 0.393487 0.287843 0.392883 0.287773 0.392398 0.288560 0.391833 0.289134 0.391268 0.288704 0.390664 0.288347 0.389979 0.287986 0.389372 0.287699 0.388888 0.286912 0.388807 0.285694 0.388646 0.284616 0.388646 0.283472 0.388807 0.282324 0.388930 0.281176 0.389052 0.279727 0.390227 0.278838 0.391484 0.277940 0.392651 0.276898 0.393740 0.275565 0.394914 0.274676 0.396250 0.274676 0.397508 0.274218 0.398174 0.272144 0.398174 0.269764 0.399005 0.267977 0.400180 0.267088 0.401349 0.266199 0.402604 0.265898 0.403862 0.265602 0.405117 0.265000 0.406372 0.264269 0.407622 0.264111 0.408966 0.264111 0.410216 0.264412 0.411557 0.265000 0.412646 0.266343 0.413732 0.267532 0.414901 0.269023 0.415987 0.270509 0.416745 0.272440 0.417831 0.273931 0.417971 0.276227
2 0.455255 0.260694 0.456490 0.260856 0.459383 0.262731 0.459201 0.270713 0.459034 0.272801 0.458333 0.273218 0.457680 0.273884 0.456982 0.274213 0.454953 0.273940 0.455073 0.272866 0.455357 0.271787 0.455034 0.270713 0.455034 0.269495 0.455276 0.268491 0.455396 0.267412 0.455357 0.266338 0.455396 0.265264 0.455438 0.264116 0.455396 0.262968 0.455154 0.261963
2 0.463190 0.290227 0.463279 0.289190 0.465708 0.283162 0.467630 0.279144 0.469268 0.277134 0.470852 0.275931 0.472263 0.275528 0.473562 0.276130 0.474919 0.277338 0.476018 0.278972 0.473820 0.277782 0.471932 0.277306 0.469878 0.278463 0.468745 0.280671 0.469552 0.282306 0.469552 0.284417 0.468797 0.286815 0.468208 0.289079 0.470333 0.289301 0.475268 0.289301 0.475206 0.291301 0.478643 0.291301 0.482641 0.293301 0.481563 0.296250 0.475651 0.299120 0.469802 0.302319 0.468216 0.304977 0.465979 0.305889 0.460297 0.309250 0.460333 0.308176 0.460456 0.307028 0.460781 0.306093 0.461185 0.304875 0.461141 0.303801 0.461023 0.302653 0.460419 0.302722 0.459773 0.302653 0.459854 0.301579 0.460297 0.300718 0.460435 0.299440 0.461133 0.299269 0.461833 0.298861 0.462253 0.297778 0.462630 0.296699 0.462906 0.295537 0.463190 0.294292 0.463516 0.292963 0.463419 0.291472
2 0.463805 0.318727 0.469250 0.324130 0.470052 0.322931 0.469883 0.322102 0.464057 0.314824 0.464690 0.314000 0.469461 0.320153 0.470768 0.318352 0.471570 0.318954 0.470516 0.320755 0.471359 0.321806 0.469714 0.326380 0.468237 0.327731 0.463846 0.331708 0.463172 0.331032 0.462875 0.329981 0.464141 0.328032 0.466799 0.325856 0.468237 0.324653 0.463805 0.320528
2 0.471570 0.318954 0.472404 0.319315 0.480208 0.299769 0.475026 0.303148 0.468266 0.306718 0.466315 0.309444 0.466805 0.310833 0.465260 0.313009
2 0.466799 0.325856 0.463247 0.323074 0.463242 0.323968 0.462555 0.327968 0.460435 0.330014 0.460299 0.332500 0.459956 0.334509 0.459117 0.338231 0.459286 0.342241 0.458469 0.346356 0.458505 0.352454 0.457883 0.353102 0.457628 0.353556 0.457591 0.354333 0.457810 0.354852 0.457956 0.355046 0.462297 0.347588 0.461544 0.345773 0.469714 0.326380 0.468237 0.327731 0.463846 0.331708 0.463172 0.331032 0.462875 0.329981 0.464141 0.328032
2 0.485255 0.313921 0.486414 0.315852 0.486846 0.319704 0.490461 0.323944 0.490318 0.324718 0.489089 0.327639 0.486354 0.333102 0.484714 0.336278 0.483922 0.334366 0.482055 0.329722 0.479299 0.324495 0.475286 0.320593 0.474815 0.320273 0.475714 0.318551 0.478318 0.320606 0.480992 0.320736 0.482365 0.319704 0.483448 0.317648 0.483883 0.314949
2 0.475286 0.320593 0.479299 0.324495 0.482055 0.329722 0.483922 0.334366 0.484714 0.336278 0.482500 0.339676 0.483542 0.340278 0.485044 0.337713 0.488312 0.331787 0.489477 0.332111 0.487542 0.336000 0.483935 0.343394 0.481385 0.346912 0.480336 0.346625 0.476938 0.350847 0.475891 0.348870 0.477984 0.346199 0.476034 0.346565 0.475940 0.345903 0.477107 0.343907 0.477107 0.342500 0.476594 0.340755 0.475799 0.338352 0.475474 0.337519 0.474539 0.336111 0.473648 0.335116 0.472034 0.337412 0.470784 0.336625 0.470984 0.335116 0.471956 0.331671 0.471711 0.329167 0.471711 0.327657 0.472885 0.324750 0.474815 0.320273
2 0.470784 0.336625 0.471122 0.337310 0.471362 0.338222 0.471091 0.339398 0.471573 0.339880 0.471844 0.340898 0.471482 0.342829 0.470701 0.344167 0.470760 0.345829 0.469917 0.346579 0.469102 0.347810 0.468169 0.349523 0.466844 0.350435 0.466753 0.351023 0.466633 0.351880 0.471263 0.351694 0.476034 0.346565 0.475940 0.345903 0.477107 0.343907 0.477107 0.342500 0.476594 0.340755 0.475799 0.338352 0.475474 0.337519 0.474539 0.336111 0.473648 0.335116 0.472034 0.337412
2 0.505018 0.369653 0.505214 0.367097 0.506456 0.366167 0.508612 0.365468 0.510378 0.365468 0.512339 0.365583 0.513385 0.365120 0.515609 0.366051 0.516589 0.367676 0.523128 0.373722 0.524612 0.375620 0.525367 0.374662 0.525638 0.373894 0.525638 0.372551 0.525563 0.371245 0.522385 0.369907 0.520880 0.367681 0.520602 0.364917 0.519953 0.362222 0.518146 0.360551 0.516339 0.361963 0.512831 0.360769 0.507708 0.359657 0.500797 0.356227 0.500898 0.358264 0.502010 0.358727 0.502534 0.359657 0.502469 0.361634 0.502599 0.363491 0.502664 0.364537 0.501633 0.363662 0.501094 0.364653 0.502010 0.365468 0.502924 0.366282 0.503188 0.367213 0.503042 0.368644
2 0.643716 0.504176 0.652188 0.513319 0.654682 0.511301 0.648935 0.502157 0.647271 0.501218 0.645607 0.499736 0.644471 0.497046 0.643719 0.494861 0.643500 0.496917 0.643430 0.498847 0.642995 0.500903 0.642417 0.502574
2 0.498135 0.403259 0.502901 0.403662 0.504943 0.404069 0.503961 0.401648 0.502070 0.398958 0.501086 0.396000 0.497083 0.394116 0.496849 0.392773 0.503807 0.395477 0.504891 0.395616 0.505326 0.397921 0.505326 0.401532 0.505539 0.402431 0.507138 0.403935 0.509557 0.405412 0.509786 0.407565 0.509406 0.409176 0.506987 0.411329 0.504188 0.412407 0.502299 0.410495 0.497516 0.405042
2 0.559810 0.479204 0.562352 0.477949 0.563409 0.477949 0.564620 0.480102 0.565302 0.482792 0.565302 0.485884 0.565076 0.490593 0.564544 0.491667 0.562729 0.486560 0.562729 0.483870 0.562049 0.481449 0.561216 0.480370 0.560232 0.480236
2 0.582628 0.499773 0.583682 0.500273 0.584341 0.500875 0.584904 0.502384 0.583661 0.503667 0.582812 0.504829 0.582690 0.510750 0.580719 0.510407 0.581112 0.507847 0.577255 0.508778 0.576667 0.508199 0.577479 0.506810
5 0.463117 0.317972 0.463242 0.323968 0.462555 0.327968 0.460435 0.330014 0.458943 0.321380 0.459367 0.319417 0.462680 0.317306
5 0.482776 0.369944 0.481482 0.372458 0.481482 0.373319 0.481482 0.374282 0.481359 0.375083 0.481148 0.375995 0.480969 0.376745 0.480786 0.377495 0.480576 0.378245 0.480365 0.378995 0.480154 0.379852 0.479914 0.380602 0.479703 0.381407 0.479492 0.382157 0.479461 0.383065 0.479552 0.383921 0.479612 0.384727 0.479521 0.385639 0.479341 0.386389 0.479130 0.387190 0.478888 0.387889 0.478617 0.388639 0.478318 0.389440 0.478076 0.390245 0.477805 0.390940 0.477563 0.391639 0.477352 0.392389 0.476992 0.393083 0.476599 0.393514 0.476117 0.393778 0.475664 0.393833 0.475154 0.393833 0.474701 0.393778 0.474250 0.393352 0.473828 0.392921 0.473557 0.392227 0.473135 0.391903 0.472714 0.391421 0.472260 0.391208 0.471990 0.390769 0.472549 0.389935 0.472182 0.388866 0.471755 0.387704 0.471388 0.386620 0.471010 0.385551 0.471357 0.384727 0.471596 0.383977 0.471990 0.383227 0.472320 0.382532 0.472682 0.381995 0.473044 0.381458 0.473224 0.380708 0.473557 0.380065 0.473977 0.379370 0.474339 0.378782 0.474701 0.378245 0.475031 0.377657 0.475333 0.377014 0.475695 0.376477 0.476117 0.376051 0.476508 0.375620 0.476961 0.375514 0.477323 0.374977 0.477323 0.374120 0.477714 0.373639 0.478044 0.372995 0.478255 0.372194 0.478557 0.371495 0.478951 0.371069 0.479492 0.370852 0.480005 0.370852 0.480396 0.370370 0.480758 0.369727 0.481120 0.369083 0.481630 0.368870 0.482112 0.368819 0.482596 0.368819
5 0.470542 0.362000 0.470620 0.365241 0.471870 0.364963 0.475125 0.365333 0.475802 0.366537 0.478120 0.365704 0.479005 0.367231 0.480177 0.366722 0.479161 0.361630 0.476057 0.356213 0.474237 0.357403 0.470620 0.361259
5 0.644474 0.586125 0.650076 0.591569 0.645612 0.583787 0.647135 0.579259 0.658432 0.598375 0.658128 0.599194 0.674065 0.615486 0.696130 0.638384 0.694201 0.641963 0.685753 0.633727 0.661818 0.608667 0.643893 0.590375 0.643893 0.590375 0.642828 0.589856
8 0.476034 0.346565 0.465935 0.357199 0.466974 0.358856 0.477995 0.346231
8 0.461781 0.352162 0.471263 0.351694 0.468844 0.353903 0.460737 0.354833
8 0.623375 0.629773 0.641570 0.584699 0.651818 0.558565 0.652497 0.556565 0.655188 0.558958 0.654750 0.560282 0.642828 0.589856 0.625409 0.632356 0.624286 0.632611 0.623367 0.631185
5 0.651404 0.571972 0.676581 0.587736 0.699667 0.605727 0.703263 0.607657 0.704435 0.599037 0.703102 0.594454 0.702453 0.583407 0.700768 0.582940 0.700643 0.596981 0.654750 0.560282 0.650484 0.571093
5 0.647760 0.568333 0.635471 0.561324 0.629281 0.550917 0.649607 0.564000
5 0.476018 0.278972 0.480581 0.279861 0.486979 0.282676 0.482641 0.293301 0.478643 0.291301 0.475206 0.291301 0.475268 0.289301 0.470333 0.289301 0.468208 0.289079 0.468797 0.286815 0.469552 0.284417 0.469552 0.282306 0.468745 0.280671 0.469878 0.278463 0.471932 0.277306 0.473820 0.277782
5 0.491266 0.284611 0.500654 0.288222 0.513911 0.295278 0.524846 0.300782 0.537622 0.313171 0.543042 0.318333 0.543234 0.320741 0.541172 0.324861 0.536169 0.329856 0.532500 0.332037 0.527188 0.326898 0.518698 0.318056 0.506169 0.310245 0.504901 0.306065 0.501997 0.297806 0.499094 0.297116 0.496867 0.297634 0.496385 0.300213 0.493094 0.303481 0.483997 0.299528 0.490482 0.284319
5 0.587510 0.444083 0.583156 0.464227 0.584896 0.466278 0.586349 0.464898 0.588479 0.455093 0.588091 0.468514 0.591672 0.465069 0.595349 0.461977 0.596122 0.464227 0.586253 0.474361 0.584607 0.492773 0.593318 0.506019 0.606865 0.524602 0.610445 0.516856 0.615289 0.487495 0.614414 0.481949 0.612768 0.481588 0.611802 0.486579 0.611026 0.486231 0.611026 0.477630 0.611802 0.475565 0.613901 0.478856 0.610956 0.471449 0.592055 0.444634 0.592737 0.440019 0.591013 0.436315 0.587888 0.441870
5 0.647680 0.580181 0.658432 0.598375 0.669063 0.590880 0.654560 0.573958 0.651404 0.571972 0.650484 0.571093 0.647135 0.579259
5 0.669362 0.591477 0.681911 0.605421 0.694375 0.621019 0.699039 0.609005 0.701570 0.608486 0.703263 0.607657 0.699667 0.605727 0.676581 0.587736 0.654560 0.573958 0.669063 0.590880
5 0.650995 0.665111 0.653609 0.659949 0.649641 0.655306 0.631156 0.618454 0.628469 0.625148 0.631094 0.629954 0.637031 0.640370
5 0.595372 0.544431 0.600893 0.553653 0.606997 0.566144 0.617872 0.590681 0.629104 0.614769 0.627299 0.619528 0.602690 0.566829 0.590982 0.543079
8 0.611018 0.543250 0.617461 0.543750 0.619268 0.545963 0.612448 0.545787
8 0.614844 0.549801 0.618674 0.550644 0.619112 0.551944 0.619039 0.552528 0.618341 0.552657 0.616083 0.551880
8 0.619039 0.552528 0.626385 0.555704 0.626130 0.557130 0.618760 0.553630
5 0.388052 0.243606 0.387961 0.261204 0.388083 0.288815 0.374128 0.270310 0.375609 0.257435 0.384992 0.242750 0.386156 0.241171 0.387464 0.242583
5 0.402120 0.251546 0.407068 0.245986 0.408701 0.249389 0.410849 0.259593 0.407768 0.258102 0.401794 0.261505 0.400534 0.262829 0.399461 0.261338 0.401419 0.257769
3 0.388792 0.289565 0.407323 0.313028 0.426346 0.337097 0.420495 0.298736 0.419576 0.296208 0.419823 0.293532 0.421417 0.292639 0.425596 0.292935 0.425763 0.296056 0.427687 0.318963 0.429695 0.341560 0.437870 0.352315 0.438232 0.349806 0.438594 0.348519 0.440125 0.349019 0.440773 0.344208 0.439805 0.342708 0.440448 0.341343 0.440974 0.341130 0.441862 0.334597 0.441523 0.323060 0.439656 0.313852 0.439419 0.312440 0.438862 0.310954 0.438487 0.309787 0.438018 0.308787 0.437651 0.307542 0.437370 0.306384 0.437130 0.305144 0.436763 0.303977 0.436294 0.302898 0.435732 0.301579 0.435406 0.300333 0.435081 0.299167 0.433833 0.295088 0.433469 0.294093 0.433065 0.292935 0.432745 0.292000 0.432339 0.291069 0.431940 0.290134 0.431534 0.289282 0.431089 0.288417 0.430602 0.287625 0.430003 0.287269 0.429477 0.286625 0.428953 0.286051 0.428747 0.284981 0.428591 0.283829 0.428104 0.283037 0.427578 0.282472 0.427016 0.281894 0.426409 0.281037 0.425685 0.280319 0.425159 0.279671 0.424635 0.278884 0.424073 0.278306 0.423505 0.277875 0.422898 0.277454 0.422299 0.276954 0.421773 0.276296 0.421250 0.275583 0.418750 0.276009 0.417831 0.273931 0.417971 0.276227 0.417448 0.278236 0.417448 0.281894 0.417125 0.282824 0.416964 0.283898 0.416721 0.285046 0.416479 0.286051 0.416237 0.287199 0.415995 0.288204 0.415633 0.289134 0.414987 0.289639 0.414422 0.290139 0.413737 0.290426 0.413130 0.290713 0.412445 0.291069 0.411841 0.291144 0.411154 0.291356 0.410510 0.291787 0.409904 0.292361 0.409219 0.292648 0.408372 0.292648 0.407646 0.292648 0.406961 0.292648 0.406315 0.292866 0.405669 0.292792 0.405065 0.292505 0.404339 0.292505 0.403651 0.292505 0.403047 0.292648 0.402320 0.292648 0.401555 0.292648 0.400870 0.292648 0.400224 0.292648 0.399578 0.292648 0.396352 0.292005 0.396310 0.290782 0.395867 0.289782 0.395344 0.289134 0.394737 0.288704 0.394133 0.288204 0.393487 0.287843 0.392883 0.287773 0.392398 0.288560 0.391833 0.289134 0.391268 0.288704 0.390664 0.288347 0.389979 0.287986 0.389372 0.287699 0.388888 0.286912 0.388807 0.285694 0.388646 0.284616 0.388646 0.283472 0.388807 0.282324 0.388930 0.281176 0.389052 0.279727 0.388060 0.282560 0.388083 0.288815
6 0.471651 0.250856 0.473669 0.248991 0.475646 0.253222 0.470039 0.266060 0.467458 0.268926 0.462414 0.271940 0.468708 0.257310
6 0.490542 0.275472 0.492854 0.278806 0.480854 0.306463 0.472885 0.324750 0.463219 0.349421 0.461544 0.345773 0.466784 0.333296 0.480909 0.297968 0.486979 0.282676
6 0.491846 0.338380 0.500797 0.356227 0.501633 0.363662 0.497451 0.365444 0.492349 0.354292 0.489255 0.346264 0.491513 0.340759
5 0.639508 0.530898 0.633906 0.541236 0.635367 0.545625 0.651818 0.558565 0.652497 0.556565 0.655188 0.558958 0.654750 0.560282 0.700643 0.596981 0.700768 0.582940 0.702453 0.583407 0.703102 0.594454 0.704919 0.592148 0.704523 0.585005 0.705307 0.580861 0.701292 0.570037 0.700120 0.566819 0.699211 0.560593 0.696240 0.558287 0.694807 0.550926 0.689630 0.545847 0.666443 0.529278 0.655430 0.518218
5 0.566044 0.401042 0.571641 0.374963 0.576120 0.368792 0.619680 0.426917 0.617440 0.429704 0.608930 0.421144 0.635130 0.459764 0.636677 0.464481 0.628906 0.464481 0.625807 0.465556 0.620469 0.483472 0.617969 0.486667 0.615289 0.487495 0.613901 0.478856 0.610956 0.471449 0.592055 0.444634 0.592737 0.440019 0.591013 0.436315 0.587888 0.441870 0.580992 0.428847 0.576557 0.421264 0.574216 0.419634 0.572964 0.412046 0.568698 0.403130
3 0.431078 0.273319 0.431391 0.274986 0.432138 0.276208 0.432951 0.277431 0.433888 0.278764 0.434638 0.279875 0.435138 0.281315 0.435701 0.282870 0.436326 0.284426 0.437138 0.285537 0.438076 0.286870 0.438951 0.288093 0.439513 0.289648 0.440073 0.291204 0.440573 0.292648 0.441510 0.294093 0.442135 0.295421 0.443247 0.297468 0.443693 0.298255 0.444172 0.299620 0.444578 0.300556 0.444904 0.301556 0.445185 0.302556 0.445385 0.303630 0.445547 0.304708 0.445828 0.305852 0.446073 0.306866 0.446315 0.307866 0.446596 0.308940 0.446833 0.309940 0.447078 0.310954 0.447359 0.312028 0.447646 0.313028 0.447927 0.314028 0.448247 0.314963 0.448289 0.316037 0.448289 0.317185 0.448453 0.318259 0.448534 0.319338 0.445328 0.331269 0.441417 0.346153 0.441135 0.352958 0.441135 0.356472 0.437870 0.352315 0.438232 0.349806 0.438594 0.348519 0.440125 0.349019 0.440773 0.344208 0.439805 0.342708 0.440448 0.341343 0.440974 0.341130 0.441862 0.334597 0.441523 0.323060 0.439656 0.313852 0.439419 0.312440 0.438862 0.310954 0.438487 0.309787 0.438018 0.308787 0.437651 0.307542 0.437370 0.306384 0.437130 0.305144 0.436763 0.303977 0.436294 0.302898 0.435732 0.301579 0.435406 0.300333 0.435081 0.299167 0.433833 0.295088 0.433469 0.294093 0.433065 0.292935 0.432745 0.292000 0.432339 0.291069 0.431940 0.290134 0.431534 0.289282 0.431089 0.288417 0.430602 0.287625 0.430003 0.287269 0.429477 0.286625 0.428953 0.286051 0.428747 0.284981 0.428591 0.283829 0.428104 0.283037 0.427578 0.282472 0.427016 0.281894 0.426409 0.281037 0.425685 0.280319 0.425159 0.279671 0.424635 0.278884 0.424073 0.278306 0.423505 0.277875 0.422898 0.277454 0.422299 0.276954 0.421773 0.276296 0.421250 0.275583 0.418750 0.276009 0.417831 0.273931 0.416745 0.272440 0.415987 0.270509 0.414901 0.269023 0.413732 0.267532 0.412646 0.266343 0.411557 0.265000 0.410216 0.264412 0.408966 0.264111 0.407622 0.264111 0.406372 0.264269 0.405117 0.265000 0.403862 0.265602 0.402604 0.265898 0.401349 0.266199 0.400180 0.267088 0.399005 0.267977 0.398174 0.269764 0.398174 0.272144 0.397508 0.274218 0.396250 0.274676 0.394914 0.274676 0.393740 0.275565 0.392651 0.276898 0.391484 0.277940 0.390227 0.278838 0.389052 0.279727 0.388060 0.282560 0.387984 0.269231 0.390646 0.265333 0.391253 0.264412 0.391953 0.263921 0.392651 0.263667 0.393396 0.263667 0.394096 0.263588 0.394844 0.263755 0.395544 0.263588 0.396245 0.263421 0.396987 0.263167 0.397875 0.262921 0.398576 0.262755 0.399326 0.262514 0.400534 0.262829 0.401794 0.261505 0.407768 0.258102 0.410849 0.259593 0.412352 0.259690 0.413352 0.260023 0.414352 0.260356 0.415289 0.260690 0.416352 0.260801 0.417411 0.261134 0.418349 0.261579 0.419349 0.262245 0.420286 0.262356 0.420974 0.261134 0.421599 0.259690 0.422474 0.258912 0.423536 0.259356 0.424536 0.259690 0.425659 0.259801 0.426471 0.260801 0.427284 0.261912 0.428159 0.262690 0.429034 0.263356 0.429971 0.264023 0.430846 0.265023 0.431284 0.266690 0.431534 0.268356 0.431659 0.270019 0.430909 0.271352
3 0.434622 0.253074 0.438253 0.251208 0.440391 0.251926 0.440997 0.252569 0.441560 0.253074 0.442247 0.253505 0.442852 0.253718 0.443456 0.253787 0.443859 0.254722 0.444466 0.255079 0.445151 0.255079 0.445755 0.255440 0.446362 0.255727 0.446966 0.255870 0.447570 0.255940 0.448258 0.256227 0.448901 0.256588 0.449508 0.257088 0.450112 0.257231 0.450758 0.257588 0.451323 0.258019 0.451969 0.258306 0.452534 0.258880 0.453096 0.259384 0.453703 0.259958 0.454307 0.260315 0.454750 0.261102 0.455154 0.261963 0.455396 0.262968 0.455438 0.264116 0.455396 0.265264 0.455357 0.266338 0.455396 0.267412 0.455276 0.268491 0.455034 0.269495 0.455034 0.270713 0.455357 0.271787 0.455073 0.272866 0.454953 0.273940 0.456982 0.274213 0.457680 0.273884 0.458333 0.273218 0.459034 0.272801 0.459781 0.272634 0.460576 0.272634 0.461229 0.273301 0.461414 0.274630 0.461414 0.275954 0.461458 0.277282 0.461742 0.278528 0.461883 0.279769 0.462208 0.280931 0.462396 0.282181 0.462396 0.283505 0.462253 0.284755 0.461508 0.285667 0.461927 0.286903 0.462487 0.287736 0.462862 0.288898 0.463190 0.290227 0.463419 0.291472 0.463516 0.292963 0.463190 0.294292 0.462906 0.295537 0.462630 0.296699 0.462253 0.297778 0.461833 0.298861 0.461133 0.299269 0.460435 0.299440 0.460297 0.300718 0.459854 0.301579 0.459773 0.302653 0.460419 0.302722 0.461023 0.302653 0.461141 0.303801 0.461185 0.304875 0.460781 0.306093 0.460456 0.307028 0.460333 0.308176 0.460297 0.309250 0.459651 0.309606 0.459008 0.309537 0.458523 0.308606 0.458401 0.307528 0.458078 0.306380 0.457594 0.305593 0.457151 0.304806 0.456547 0.304588 0.456021 0.303944 0.455977 0.302866 0.455977 0.301648 0.456021 0.300431 0.456102 0.299139 0.456182 0.297991 0.456344 0.296843 0.456344 0.295556 0.456344 0.294407 0.456102 0.293329 0.455617 0.292542 0.454893 0.292111 0.454284 0.291968 0.453721 0.291468 0.453596 0.290319 0.453641 0.289028 0.453641 0.287880 0.453320 0.286949 0.452875 0.286157 0.452714 0.285083 0.452068 0.285014 0.451706 0.286014 0.451464 0.287019 0.450898 0.287449 0.450294 0.287236 0.449771 0.287810 0.449771 0.288954 0.449286 0.289815 0.448760 0.290532 0.448357 0.291468 0.448115 0.292611 0.448070 0.293690 0.448034 0.294764 0.447391 0.295556 0.446945 0.296343 0.446583 0.297417 0.446620 0.298495 0.446299 0.299426 0.445898 0.300287 0.445776 0.301361 0.445414 0.302296 0.445185 0.302556 0.444904 0.301556 0.444578 0.300556 0.444172 0.299620 0.443693 0.298255 0.443247 0.297468 0.442135 0.295421 0.441510 0.294093 0.440573 0.292648 0.440073 0.291204 0.439513 0.289648 0.438951 0.288093 0.438076 0.286870 0.437138 0.285537 0.436326 0.284426 0.435701 0.282870 0.435138 0.281315 0.434638 0.279875 0.433888 0.278764 0.432951 0.277431 0.432138 0.276208 0.431391 0.274986 0.431078 0.273319 0.430909 0.271352 0.431659 0.270019 0.431534 0.268356 0.431284 0.266690 0.430846 0.265023 0.430586 0.263630 0.430560 0.262931 0.430953 0.262704 0.431188 0.262102 0.431211 0.261310 0.431005 0.260389 0.430872 0.259648 0.430794 0.258954 0.430846 0.258213 0.430484 0.257704 0.430117 0.257287 0.429755 0.256731 0.429677 0.255991 0.429883 0.255204 0.430117 0.254602 0.430273 0.253903 0.430560 0.253218 0.430977 0.253218 0.431344 0.253630 0.431784 0.253819 0.432203 0.253861 0.432646 0.253769 0.433086 0.253769 0.433477 0.253630 0.433870 0.253486 0.434260 0.253444
6 0.471146 0.265741 0.473047 0.271481 0.473333 0.273102 0.471615 0.275139 0.463771 0.280449 0.462208 0.280931 0.461883 0.279769 0.461742 0.278528 0.461458 0.277282 0.461414 0.275954 0.461414 0.274630 0.461229 0.273301 0.462414 0.271940 0.467458 0.268926 0.470039 0.266060
6 0.480208 0.299769 0.475026 0.303148 0.468266 0.306718 0.465654 0.310454 0.458732 0.314861 0.458281 0.313574 0.457076 0.311106 0.459008 0.309537 0.459651 0.309606 0.460297 0.309250 0.465979 0.305889 0.468216 0.304977 0.469802 0.302319 0.475651 0.299120 0.481641 0.296204 0.480909 0.297968
3 0.455977 0.302866 0.455049 0.300690 0.453927 0.299579 0.450284 0.313097 0.449549 0.313704 0.448870 0.313801 0.447927 0.314028 0.447646 0.313028 0.447359 0.312028 0.447078 0.310954 0.446833 0.309940 0.446596 0.308940 0.446315 0.307866 0.446073 0.306866 0.445828 0.305852 0.445547 0.304708 0.445385 0.303630 0.445185 0.302556 0.445479 0.302352 0.445776 0.301361 0.445898 0.300287 0.446299 0.299426 0.446620 0.298495 0.446583 0.297417 0.446945 0.296343 0.447391 0.295556 0.448034 0.294764 0.448070 0.293690 0.448115 0.292611 0.448357 0.291468 0.448760 0.290532 0.449286 0.289815 0.449771 0.288954 0.449771 0.287810 0.450294 0.287236 0.450898 0.287449 0.451464 0.287019 0.451706 0.286014 0.452068 0.285014 0.452714 0.285083 0.452875 0.286157 0.453320 0.286949 0.453641 0.287880 0.453641 0.289028 0.453596 0.290319 0.453721 0.291468 0.454284 0.291968 0.454893 0.292111 0.455617 0.292542 0.456102 0.293329 0.456344 0.294407 0.456344 0.295556 0.456344 0.296843 0.456182 0.297991 0.456102 0.299139 0.456021 0.300431 0.455977 0.301648
5 0.411349 0.259514 0.411742 0.258120 0.414029 0.255912 0.414682 0.254981 0.415729 0.254750 0.418997 0.254750 0.420568 0.254750 0.421549 0.254866 0.422268 0.256259 0.422594 0.257421 0.422474 0.258912 0.421599 0.259690 0.420974 0.261134 0.420286 0.262356 0.419349 0.262245 0.418349 0.261579 0.417411 0.261134 0.416352 0.260801 0.415289 0.260690 0.414352 0.260356 0.413352 0.260023 0.412352 0.259690
6 0.426346 0.337097 0.420495 0.298736 0.419576 0.296208 0.419823 0.293532 0.421417 0.292639 0.425596 0.292935 0.425763 0.296056 0.427687 0.318963 0.429695 0.341560
8 0.466805 0.310833 0.463336 0.315866 0.462680 0.317306 0.459966 0.318991 0.458844 0.318472 0.458891 0.317343 0.461089 0.314565 0.462604 0.313435 0.464216 0.311528 0.465654 0.310454 0.465654 0.310454 0.466315 0.309444
8 0.463219 0.349421 0.457935 0.360847 0.452771 0.370185 0.451021 0.368315 0.456094 0.359769 0.457956 0.355046 0.462297 0.347588
1 0.459844 0.359259 0.459289 0.359560 0.458500 0.359759 0.457935 0.360847 0.456974 0.363176 0.456182 0.365889 0.455901 0.368903 0.455786 0.372218 0.457594 0.370407 0.457143 0.368699 0.457312 0.366287 0.457990 0.366491 0.458669 0.367597 0.459346 0.367597 0.459742 0.368097 0.460250 0.368199 0.463586 0.365083 0.463471 0.363977 0.462456 0.363176 0.461549 0.362574 0.461495 0.360963 0.464659 0.361468 0.466466 0.361366 0.468276 0.360824 0.469630 0.359458 0.469404 0.358556 0.468500 0.358454 0.466974 0.358856 0.464885 0.359157 0.462568 0.359356 0.461326 0.359458
1 0.463471 0.368296 0.463529 0.370708 0.463414 0.371815 0.462680 0.373019 0.462229 0.373926 0.461586 0.375005 0.460477 0.375833 0.460081 0.375431 0.458839 0.375231 0.458047 0.374625 0.457539 0.373222 0.457990 0.372921 0.458724 0.373523 0.459516 0.373926 0.460195 0.374023 0.460477 0.373824 0.460646 0.370912 0.461099 0.370810 0.461099 0.372616 0.461154 0.373421 0.462229 0.372819 0.462794 0.371514 0.462964 0.370005 0.462995 0.368704
6 0.466474 0.365546 0.476654 0.367491 0.481177 0.368333 0.481120 0.369083 0.480758 0.369727 0.480396 0.370370 0.480005 0.370852 0.479492 0.370852 0.478951 0.371069 0.472641 0.369116 0.465380 0.368139 0.463740 0.368009
8 0.605484 0.533856 0.610326 0.534528 0.611763 0.536273 0.606724 0.535944
5 0.530242 0.343667 0.531036 0.345991 0.535609 0.342921 0.538831 0.345079 0.540216 0.357333 0.543698 0.382505 0.540263 0.377977 0.533448 0.377481 0.533089 0.376773 0.530443 0.354023 0.530245 0.352958 0.529279 0.344741
5 0.534906 0.394694 0.536424 0.405620 0.538883 0.416417 0.540471 0.423481 0.543797 0.450472 0.546401 0.453815 0.550883 0.449699 0.550883 0.451630 0.552690 0.452144 0.550159 0.428625 0.547484 0.409731 0.546039 0.403051 0.541628 0.400736 0.535773 0.395338
6 0.531521 0.388273 0.534906 0.394694 0.535773 0.395338 0.541628 0.400736 0.546039 0.403051 0.547484 0.409731 0.554250 0.415736 0.554732 0.416569 0.555797 0.413130 0.557539 0.408486 0.556086 0.405560 0.554635 0.405731 0.551247 0.400227 0.545635 0.394204 0.533766 0.383852 0.530125 0.380574 0.527648 0.379917 0.523742 0.379667 0.523909 0.380199 0.524266 0.383144 0.527083 0.384648
5 0.549076 0.364801 0.550810 0.362616 0.553156 0.368843 0.561698 0.388759 0.566690 0.397634 0.566044 0.401042 0.568698 0.403130 0.572964 0.412046 0.574216 0.419634 0.576557 0.421264 0.580992 0.428847 0.587888 0.441870 0.587510 0.444083 0.585357 0.454227 0.576409 0.439884 0.573581 0.436157 0.567971 0.424051 0.562667 0.410722 0.555120 0.392657 0.551344 0.381991 0.548055 0.375278 0.547076 0.372991 0.546656 0.372162 0.545862 0.369588 0.548570 0.365606
5 0.524393 0.423245 0.516029 0.422500 0.515023 0.429639 0.514773 0.432907 0.538529 0.438708 0.542370 0.438935 0.542182 0.437282 0.541089 0.429102 0.528474 0.419764 0.526633 0.428208 0.525229 0.432241 0.523823 0.433981 0.522536 0.433681 0.521724 0.430042 0.523557 0.426588
5 0.551057 0.429190 0.567615 0.430301 0.570174 0.429190 0.573581 0.436157 0.576409 0.439884 0.585357 0.454227 0.583734 0.461481 0.573607 0.462722 0.568615 0.446963 0.566089 0.446218 0.565628 0.463315 0.557393 0.461514 0.559086 0.453829 0.557417 0.453130 0.555849 0.461856 0.539961 0.456472 0.536133 0.452708 0.541990 0.438921 0.541990 0.438921 0.542370 0.438935 0.543755 0.450431 0.546401 0.453815 0.550883 0.449699 0.550883 0.451630 0.552690 0.452144 0.550159 0.428625
8 0.495964 0.302963 0.484651 0.313653 0.479747 0.316792 0.479029 0.319116 0.477721 0.319347 0.476938 0.318185 0.477003 0.316560 0.477656 0.315630 0.487922 0.307843 0.493094 0.303481 0.496385 0.300213
6 0.487922 0.307843 0.485464 0.300148 0.483174 0.301079 0.485659 0.309565
8 0.484714 0.336278 0.482500 0.339676 0.483542 0.340278 0.485044 0.337713 0.488312 0.331787 0.489711 0.328741 0.491740 0.324556 0.490461 0.323944 0.490318 0.324718 0.489089 0.327639 0.486354 0.333102
5 0.503833 0.324560 0.518174 0.323569 0.522865 0.323301 0.524000 0.323301 0.527188 0.326898 0.524945 0.326458 0.508896 0.328333
6 0.524612 0.375620 0.523128 0.373722 0.516589 0.367676 0.515609 0.366051 0.513385 0.365120 0.512339 0.365583 0.511875 0.366745 0.513281 0.368106 0.518151 0.371745 0.521224 0.375579
8 0.657378 0.516630 0.663427 0.524560 0.664336 0.523486 0.658586 0.515685
8 0.625211 0.522491 0.629901 0.531880 0.626953 0.534296 0.620294 0.520852 0.615453 0.504713 0.616826 0.503218 0.617404 0.505014 0.618344 0.506042 0.619284 0.507199 0.619719 0.509000 0.619357 0.510926 0.619138 0.512856 0.619500 0.514782 0.620513 0.516065 0.621596 0.517222 0.621958 0.519278 0.622174 0.521208 0.622971 0.522620 0.624055 0.522750
8 0.610779 0.515296 0.620917 0.523769 0.620234 0.525250 0.610445 0.516856
8 0.611536 0.510454 0.615091 0.514894 0.614333 0.515699 0.611232 0.512069
8 0.608964 0.520005 0.612594 0.523366 0.615091 0.527264 0.614305 0.527796 0.611461 0.524037 0.608435 0.521213
8 0.612594 0.523366 0.619690 0.528514 0.626497 0.534435 0.625409 0.535403 0.618857 0.529727 0.615091 0.527264
8 0.618948 0.534931 0.625409 0.535403 0.627221 0.536296 0.626966 0.537352 0.620083 0.536815
5 0.674065 0.615486 0.676568 0.605759 0.681911 0.605421 0.674469 0.597981 0.668953 0.594403 0.668693 0.598134 0.675081 0.603583 0.674643 0.606069 0.672367 0.609806 0.670617 0.609495 0.658432 0.598375 0.658128 0.599194
5 0.625747 0.631426 0.628469 0.625148 0.631094 0.629954 0.637031 0.640370 0.650995 0.665111 0.649805 0.664509
5 0.643201 0.682551 0.652552 0.701616 0.650523 0.704287 0.640573 0.683407
8 0.588091 0.468514 0.584063 0.473245 0.584214 0.477009 0.585044 0.477009 0.586253 0.474361 0.596122 0.464227 0.595349 0.461977 0.591672 0.465069
8 0.585044 0.477009 0.582664 0.499037 0.582471 0.499870 0.583682 0.500273 0.584607 0.492773 0.586253 0.474361
1 0.585000 0.472343 0.584544 0.469653 0.583789 0.468042 0.582201 0.466560 0.580839 0.466426 0.579930 0.466560 0.579099 0.464407 0.577737 0.463870 0.576526 0.464273 0.576224 0.464810 0.576299 0.470597 0.578190 0.476245 0.579023 0.473421 0.579779 0.470731 0.580159 0.473690 0.580234 0.476380 0.580612 0.478662 0.581672 0.479472 0.581974 0.478394 0.581898 0.475167 0.581367 0.472208 0.580763 0.470190 0.580612 0.469116 0.581367 0.468444 0.582427 0.468444 0.583638 0.469384 0.584091 0.470731 0.584063 0.473245
5 0.574182 0.473148 0.568508 0.470056 0.568508 0.480949 0.581518 0.492111
5 0.565482 0.470597 0.559810 0.479204 0.558448 0.475838 0.565711 0.464407
6 0.536133 0.452708 0.533560 0.458759 0.532880 0.459972 0.531745 0.464542 0.530156 0.463333 0.532240 0.453912 0.532758 0.451644 0.539281 0.441833 0.529578 0.438560 0.514857 0.435139 0.514773 0.432907 0.538529 0.438708 0.541990 0.438921
6 0.520367 0.412199 0.518099 0.416227 0.516813 0.419319 0.516029 0.422500 0.518401 0.422815 0.521276 0.417704 0.523167 0.414880
8 0.526125 0.417111 0.528474 0.419764 0.526633 0.428208 0.525229 0.432241 0.523823 0.433981 0.522536 0.433681 0.521724 0.430042 0.523557 0.426588 0.524393 0.423245
8 0.532706 0.395194 0.529375 0.414815 0.526352 0.414690 0.530227 0.396546 0.531268 0.391963 0.532781 0.392773
8 0.529375 0.414815 0.533531 0.415551 0.538523 0.417301 0.538297 0.418912 0.533758 0.417569 0.529445 0.416361 0.527102 0.416361 0.526352 0.414690
8 0.540951 0.426931 0.528393 0.417514 0.527102 0.416361 0.525583 0.414611 0.521740 0.410773 0.516969 0.406662 0.516456 0.408329 0.520367 0.412199 0.523167 0.414880 0.526125 0.417111 0.528474 0.419764 0.541089 0.429102
8 0.530208 0.418995 0.539815 0.419667 0.540471 0.423481 0.536411 0.423431
1 0.512354 0.441903 0.513531 0.438000 0.513518 0.436773 0.514857 0.435139 0.514773 0.432907 0.515023 0.429639 0.516029 0.422500 0.516813 0.419319 0.518099 0.416227 0.518951 0.414815 0.518359 0.414815 0.517531 0.415426 0.516607 0.416380 0.515924 0.417597 0.515674 0.418551 0.515380 0.420287 0.515039 0.423065 0.513969 0.433398 0.513578 0.435218 0.512945 0.436259 0.512500 0.437389 0.512401 0.438606 0.511474 0.441208
2 0.568539 0.457106 0.568477 0.496870 0.569789 0.500088 0.561417 0.501199 0.560229 0.499315 0.561328 0.499065 0.565594 0.498023 0.566180 0.496389 0.565539 0.495315 0.565628 0.463315 0.566089 0.446218 0.568615 0.446963 0.573607 0.462722 0.583471 0.490759 0.582846 0.495426 0.575849 0.477986 0.573474 0.471319
2 0.533698 0.459861 0.536693 0.459167 0.542135 0.458935 0.551224 0.461713 0.554352 0.469389 0.554940 0.466718 0.552456 0.460671 0.539961 0.456472 0.538857 0.457301 0.534870 0.455907 0.533560 0.458759 0.532880 0.459972 0.532385 0.465556 0.533628 0.466718
6 0.536693 0.459167 0.537307 0.463917 0.551953 0.463565 0.551224 0.461713 0.542135 0.458935
2 0.545297 0.473306 0.539414 0.474005 0.540208 0.475278 0.544708 0.474699
2 0.556018 0.469588 0.557000 0.472491 0.557784 0.472375 0.557982 0.473421 0.557589 0.473653 0.558448 0.475838 0.559810 0.479204 0.565695 0.494574 0.565539 0.495315 0.565367 0.495736 0.565367 0.495736 0.558766 0.478306 0.557065 0.473889 0.548359 0.474491 0.548932 0.473056 0.556281 0.472491 0.555693 0.470519
6 0.532240 0.453912 0.530378 0.461241 0.529005 0.461472 0.517237 0.447759 0.517677 0.446444 0.520664 0.446861 0.524958 0.449264
8 0.568487 0.492852 0.576276 0.496884 0.576201 0.498231 0.568487 0.494602
8 0.575672 0.486801 0.573479 0.494870 0.572570 0.494194 0.574992 0.486532
2 0.584477 0.493852 0.588766 0.507856 0.587453 0.507704 0.586315 0.508324 0.583865 0.498523
8 0.614599 0.491111 0.619828 0.485532 0.619500 0.486764 0.618779 0.488306 0.618784 0.489134 0.614141 0.494019
8 0.614141 0.494019 0.613474 0.498782 0.618182 0.493204 0.618201 0.492032 0.618706 0.490236 0.618706 0.490236 0.618784 0.489134 0.618784 0.489134
8 0.670365 0.667449 0.673089 0.673097 0.673995 0.671750 0.671047 0.664894
