8 0.679401 0.632824 0.683792 0.638176 0.684557 0.641454 0.684628 0.645611 0.682714 0.648843 0.674966 0.658806 0.657432 0.679319 0.656211 0.676782 0.668818 0.661532 0.676078 0.653005 0.682005 0.645477 0.683055 0.643611 0.683135 0.641102 0.681724 0.637944 0.677125 0.633255
8 0.672969 0.625231 0.677878 0.630690 0.675940 0.631403 0.672148 0.627176
8 0.675255 0.631833 0.676102 0.633486 0.699620 0.628894 0.700062 0.627032 0.685865 0.629255 0.677878 0.630690
8 0.651089 0.649208 0.647260 0.661324 0.645768 0.659167 0.648516 0.650741
8 0.649305 0.676630 0.644328 0.693194 0.643492 0.693282 0.638122 0.686144 0.639336 0.684065 0.643076 0.688880 0.643583 0.688139 0.647203 0.676606 0.647875 0.674417 0.649414 0.676093
8 0.632526 0.671204 0.638479 0.679764 0.640099 0.676981 0.633880 0.669213
8 0.630648 0.673236 0.636534 0.665940 0.634643 0.664116 0.629352 0.670741
8 0.644740 0.673981 0.635833 0.690037 0.634536 0.686389 0.642745 0.672370
8 0.651354 0.657824 0.654195 0.653176 0.654896 0.652014 0.655729 0.650370 0.659839 0.643917 0.663857 0.636745 0.666237 0.633014 0.672211 0.623056 0.675122 0.619796 0.675458 0.619931 0.673326 0.624792 0.668870 0.633352 0.658029 0.651731 0.656719 0.654074 0.653122 0.659565 0.649628 0.665681 0.648508 0.663935
8 0.656719 0.654074 0.651906 0.669639 0.650789 0.667778 0.653122 0.659565
8 0.663125 0.632176 0.659839 0.643917 0.655729 0.650370 0.660495 0.634861
8 0.659742 0.623412 0.656747 0.631296 0.653466 0.635310 0.656292 0.627315
8 0.651344 0.637801 0.656747 0.631296 0.665357 0.620921 0.667857 0.618375 0.671016 0.613639 0.673474 0.612222 0.673727 0.611028 0.680909 0.603097 0.682208 0.604898 0.678305 0.609528 0.661674 0.628880 0.652034 0.639685 0.651711 0.641546 0.650438 0.640259 0.650969 0.637972
8 0.685052 0.609444 0.659510 0.635903 0.653427 0.643481 0.651711 0.641546 0.655464 0.637278 0.673956 0.617370 0.683729 0.607296
8 0.693016 0.583884 0.695044 0.587653 0.696031 0.590560 0.696141 0.594116 0.695958 0.595551 0.695464 0.597542 0.692547 0.601477 0.688250 0.605968 0.686609 0.603699 0.694083 0.595551 0.694083 0.590227 0.692521 0.588421 0.691612 0.586130 0.691961 0.584954
8 0.695221 0.579301 0.696464 0.581509 0.696734 0.584870 0.696573 0.587366 0.696193 0.590338 0.696031 0.590560 0.695044 0.587653 0.695432 0.585801 0.695458 0.584130 0.694784 0.582324 0.693924 0.580421 0.694445 0.579125
8 0.670052 0.612500 0.667857 0.618375 0.665357 0.620921 0.668802 0.611065
8 0.674687 0.593472 0.672544 0.599440 0.670852 0.604255 0.674445 0.599579 0.675799 0.595088
8 0.670078 0.605417 0.676745 0.596620 0.677513 0.597667 0.677229 0.599102 0.678661 0.599657 0.678596 0.601722 0.676607 0.601347 0.671755 0.607292
8 0.666953 0.608935 0.661596 0.616769 0.657898 0.621815 0.656508 0.623426 0.654211 0.625796 0.653292 0.627014 0.652146 0.632384 0.653109 0.632755 0.654695 0.629454 0.663690 0.617926 0.668802 0.610972
8 0.665156 0.606667 0.661596 0.616769 0.657898 0.621815 0.661146 0.613194 0.662005 0.611759 0.663583 0.607551 0.663185 0.607139 0.663888 0.605333
8 0.660667 0.612477 0.657458 0.619606 0.654211 0.625796 0.653609 0.625519 0.655018 0.618856 0.656839 0.616218 0.655953 0.614870 0.656448 0.612787 0.657568 0.614690 0.658586 0.612329 0.656943 0.610292 0.657180 0.609162 0.661154 0.612130
8 0.670258 0.586565 0.665570 0.600269 0.666951 0.601889 0.671612 0.588602
8 0.664271 0.577315 0.661523 0.585681 0.659625 0.593597 0.660461 0.594616 0.661055 0.595264 0.665573 0.579306 0.664703 0.578046
8 0.571615 0.492935 0.577943 0.500296 0.586068 0.510157 0.588776 0.511824 0.588672 0.509648 0.584870 0.503954 0.576797 0.494093 0.573177 0.490065 0.572708 0.489787 0.571068 0.492269
8 0.566641 0.486296 0.569404 0.489667 0.569917 0.489051 0.571276 0.487375 0.568805 0.484250
8 0.603299 0.501079 0.593924 0.492699 0.588354 0.487144 0.585943 0.485245 0.588820 0.488995 0.590495 0.490602 0.591753 0.492639 0.598995 0.500694 0.601232 0.503241 0.603404 0.501495
8 0.577552 0.482917 0.582578 0.489931 0.584896 0.494051 0.585938 0.495583 0.591172 0.503819 0.594010 0.508778 0.592503 0.510023 0.587685 0.502847 0.581510 0.492852 0.576383 0.485116 0.576302 0.484722
8 0.574167 0.487870 0.579336 0.494889 0.589727 0.510861 0.591284 0.515704 0.593138 0.514977 0.591289 0.511069 0.592010 0.510398 0.588380 0.504588 0.581281 0.493690 0.576406 0.486574 0.575365 0.485833
8 0.570234 0.482500 0.572786 0.485463 0.573958 0.483796 0.573451 0.482481 0.571844 0.480315
8 0.554089 0.471750 0.557760 0.475880 0.559177 0.472681 0.557190 0.469644 0.555839 0.468384 0.553914 0.471301
8 0.572029 0.479991 0.572888 0.479708 0.574086 0.480963 0.574971 0.482417 0.576250 0.480694 0.575232 0.478782 0.574529 0.478319 0.573487 0.477625 0.571818 0.479065
8 0.591753 0.492639 0.598995 0.500694 0.601232 0.503241 0.599435 0.504528 0.596771 0.501111 0.596180 0.500139
8 0.578828 0.481435 0.582758 0.485602 0.586508 0.490093 0.588805 0.492208 0.590313 0.490819 0.585943 0.485245 0.583099 0.481898 0.581849 0.481620 0.581633 0.480694 0.580234 0.479134
8 0.576536 0.474722 0.578701 0.477148 0.577344 0.479074 0.576299 0.478935 0.574086 0.476995
8 0.568208 0.466361 0.570318 0.467699 0.571674 0.469787 0.569625 0.471500 0.567937 0.470486 0.566479 0.469181
8 0.570937 0.465787 0.571854 0.465343 0.573964 0.466093 0.574836 0.466894 0.577076 0.464843 0.573417 0.462236 0.571185 0.462116 0.570768 0.463630 0.570648 0.464861
8 0.580867 0.477894 0.580234 0.479134 0.578698 0.481481 0.577445 0.483037 0.576302 0.484722 0.575365 0.485833 0.574193 0.487731 0.571068 0.492269 0.567057 0.498287 0.565070 0.496051 0.569917 0.489051 0.571276 0.487375 0.572786 0.485463 0.573958 0.483796 0.574971 0.482417 0.576250 0.480694 0.577344 0.479074 0.578701 0.477148 0.580482 0.475292
8 0.579492 0.454875 0.579052 0.458486 0.578945 0.463116 0.580068 0.462190 0.580198 0.458255 0.580615 0.455338
8 0.581266 0.471000 0.583099 0.481898 0.581849 0.481620 0.579852 0.471532 0.581117 0.470250
8 0.548565 0.464440 0.552378 0.469079 0.554250 0.466579 0.550073 0.460426 0.549292 0.461120 0.548477 0.463639
8 0.548464 0.475278 0.550208 0.474213 0.552396 0.472778 0.553914 0.471301 0.555839 0.468384 0.559409 0.464912 0.562219 0.463431 0.564383 0.463245 0.566727 0.463801 0.568016 0.461120 0.566331 0.460565 0.561331 0.460676 0.559458 0.461898 0.556594 0.464079 0.554250 0.466579 0.552378 0.469079 0.550659 0.470421 0.546594 0.473199
8 0.554555 0.482870 0.557760 0.475880 0.560760 0.468500 0.562677 0.465949 0.563549 0.465523 0.565781 0.465523 0.562992 0.471162 0.558898 0.479042 0.556789 0.482051 0.555362 0.483329
8 0.558099 0.481065 0.562992 0.471162 0.566443 0.464532 0.568016 0.461120 0.568953 0.460343 0.571497 0.458954 0.574148 0.459449 0.577844 0.462301 0.578542 0.463602 0.577076 0.464843 0.573417 0.462236 0.571185 0.462116 0.569232 0.463972 0.567909 0.466389 0.566479 0.469181 0.562120 0.477796
8 0.561714 0.491519 0.566792 0.486241 0.569500 0.483370 0.571844 0.480315 0.571818 0.479065 0.570052 0.480801 0.560029 0.489847
8 0.555362 0.483329 0.567315 0.473606 0.581216 0.461171 0.585539 0.456819 0.586151 0.458042 0.572896 0.471144 0.557010 0.485819
6 0.603063 0.440870 0.602281 0.439204 0.588565 0.424968 0.588245 0.431148 0.599870 0.443426 0.602359 0.441750
5 0.574076 0.434773 0.581203 0.448366 0.587964 0.461407 0.593219 0.468435 0.596495 0.475370 0.598367 0.476106 0.599187 0.476935 0.600784 0.479296 0.603625 0.472833 0.607091 0.473648 0.608839 0.472153 0.609560 0.469903 0.608177 0.471403 0.605167 0.470005 0.602940 0.463588 0.600474 0.462088 0.597682 0.454028 0.592104 0.443153 0.587849 0.437181 0.584016 0.436667 0.573810 0.433838
5 0.437508 0.298231 0.441484 0.295273 0.446617 0.287690 0.452617 0.297074 0.464320 0.314528 0.459948 0.315079 0.455695 0.317301 0.452198 0.321968 0.449508 0.324963 0.445453 0.324861 0.440826 0.327417 0.437263 0.317185 0.434458 0.309940 0.438956 0.301500 0.436880 0.298528
8 0.557010 0.485819 0.572896 0.471144 0.586151 0.458042 0.587115 0.459940 0.587070 0.460218 0.558474 0.488403
8 0.588562 0.463056 0.570052 0.480801 0.560029 0.489847 0.558474 0.488403 0.587070 0.460218 0.587964 0.461407 0.588818 0.462704
2 0.509424 0.384468 0.509362 0.389130 0.510547 0.396130 0.510297 0.397130 0.504549 0.399130 0.502174 0.394685 0.501115 0.394685 0.498302 0.397574 0.493867 0.402352 0.489305 0.399574 0.489305 0.395907 0.489367 0.393130 0.490604 0.391231 0.493753 0.389444 0.491979 0.392310 0.491573 0.395028 0.491573 0.396398 0.492135 0.397185 0.493792 0.396972 0.494841 0.394963 0.498995 0.385856 0.505089 0.384343 0.508635 0.384056
2 0.540117 0.370528 0.538250 0.379153 0.536198 0.379819 0.535638 0.381310 0.535638 0.382889 0.535638 0.383968 0.533911 0.385542 0.529523 0.382144 0.525089 0.379986 0.523784 0.380153 0.523221 0.382060 0.520362 0.380069 0.521758 0.377162 0.524698 0.363556 0.525958 0.354431 0.525117 0.350694 0.525836 0.345759 0.527510 0.341046 0.530648 0.338134 0.535286 0.337884 0.538909 0.339745 0.540008 0.342569 0.540708 0.361894 0.540964 0.367440 0.539922 0.368255
2 0.521198 0.351606 0.522784 0.350199 0.525117 0.350694 0.525958 0.354431 0.524698 0.363556 0.521758 0.377162 0.520362 0.380069 0.514336 0.379903 0.507013 0.376995 0.503917 0.372940 0.501992 0.370560 0.499984 0.371454 0.500487 0.367736 0.498062 0.369222 0.497727 0.367139 0.498312 0.361491 0.500154 0.353310 0.500417 0.350523 0.502523 0.341894 0.504576 0.336708 0.506302 0.337764 0.510299 0.341028 0.513052 0.345829 0.517578 0.348787
2 0.498852 0.334116 0.497284 0.337190 0.497122 0.338620 0.497068 0.340069 0.497068 0.341602 0.497177 0.343032 0.497878 0.345542 0.498258 0.346884 0.498742 0.348134 0.499284 0.349370 0.499984 0.350148 0.500417 0.350523 0.502523 0.341894 0.504576 0.336708 0.506302 0.337764 0.510299 0.341028 0.513052 0.345829 0.517578 0.348787 0.524388 0.339125 0.524576 0.335903 0.524138 0.329681 0.520203 0.320801 0.514888 0.314685 0.510143 0.318019 0.505893 0.323356 0.505318 0.325713 0.502419 0.332162 0.499760 0.332875
5 0.535286 0.425000 0.546523 0.442347 0.554333 0.451676 0.559458 0.461898 0.561331 0.460676 0.566331 0.460565 0.568016 0.461120 0.568953 0.460343 0.567706 0.458565 0.568453 0.457120 0.568016 0.455898 0.567143 0.456009 0.561581 0.445903 0.551336 0.438125 0.550961 0.436241 0.553771 0.428907 0.555680 0.427102 0.539807 0.425722
5 0.569974 0.501181 0.570721 0.498278 0.572448 0.497116 0.595802 0.531889 0.606638 0.546167 0.623674 0.563366 0.623146 0.566222 0.621560 0.572769 0.620552 0.576644 0.617542 0.589574 0.610427 0.579630 0.599656 0.565236 0.593151 0.557657 0.579542 0.513477
5 0.620458 0.593389 0.622234 0.596255 0.624492 0.599194 0.640083 0.620213 0.649083 0.632097 0.648958 0.633653 0.647083 0.636542 0.645956 0.636426 0.623654 0.605440 0.623029 0.608556 0.629026 0.618435 0.630279 0.620435 0.630898 0.619769 0.633148 0.623213 0.627466 0.631653 0.613482 0.617153 0.615052 0.611125 0.617943 0.600278 0.619812 0.592787
5 0.440096 0.341815 0.456703 0.362389 0.458622 0.356292 0.460935 0.350250 0.461151 0.346394 0.461151 0.341639 0.459922 0.338167 0.457755 0.333801 0.454789 0.329685 0.455224 0.328403 0.459372 0.334056 0.461469 0.330843 0.462555 0.329171 0.463901 0.326412 0.456542 0.328819 0.455188 0.325713 0.453596 0.326231 0.451339 0.332181 0.452510 0.335898 0.449247 0.341102
5 0.472969 0.355394 0.464411 0.372093 0.457612 0.363727 0.460284 0.355389 0.461729 0.349222 0.462237 0.346653 0.462315 0.344236 0.462880 0.345236 0.463682 0.346315 0.464615 0.346255 0.465698 0.345815 0.466667 0.347755 0.469573 0.347755 0.472154 0.347898 0.473854 0.347537 0.475060 0.345162
5 0.486169 0.342731 0.485977 0.343796 0.484846 0.346472 0.493560 0.349551 0.489549 0.345708
5 0.487565 0.329745 0.480784 0.321708 0.478581 0.319097 0.476583 0.317801 0.477260 0.321417 0.479513 0.322606 0.481154 0.326139 0.481466 0.329185 0.481646 0.331190 0.482411 0.331625 0.484820 0.331255 0.486945 0.329829
5 0.593151 0.557657 0.599656 0.565236 0.610427 0.579630 0.617542 0.589574 0.615536 0.597602 0.613862 0.604144 0.613023 0.607421 0.605534 0.595657
5 0.524669 0.395736 0.531862 0.391556 0.543154 0.384880 0.548005 0.385176 0.552354 0.388153 0.556453 0.390218 0.559370 0.389069 0.562049 0.392343 0.566229 0.393537 0.569167 0.395569 0.569333 0.397963 0.567828 0.400181 0.558331 0.396407 0.555911 0.397560 0.547115 0.403153 0.534844 0.401380 0.524005 0.400056 0.523112 0.397847
5 0.629922 0.552407 0.647169 0.579421 0.639797 0.572088 0.628674 0.558204 0.628932 0.556472
5 0.590495 0.490602 0.598919 0.504745 0.602115 0.509046 0.613151 0.525926 0.627396 0.548565 0.625906 0.555671 0.610911 0.537454 0.601958 0.526116 0.603411 0.518546 0.588070 0.495454 0.588281 0.492870
6 0.611625 0.613486 0.613023 0.607421 0.613862 0.604144 0.615536 0.597602 0.617542 0.589574 0.620552 0.576644 0.621560 0.572769 0.623146 0.566222 0.625906 0.555671 0.627245 0.549130 0.628854 0.542028 0.632096 0.529935 0.634701 0.532718 0.632458 0.543468 0.628932 0.556472 0.619812 0.592787 0.617943 0.600278 0.615052 0.611125 0.612719 0.620171
5 0.599187 0.476935 0.598320 0.478861 0.607138 0.495310 0.609091 0.497227 0.611888 0.494565 0.610305 0.489759 0.609458 0.489426 0.608714 0.487935 0.608997 0.486431 0.603625 0.472833 0.600784 0.479296
5 0.615104 0.511019 0.626435 0.540653 0.628854 0.542028 0.632096 0.529935 0.621672 0.517889
5 0.632458 0.543468 0.641242 0.559079 0.641995 0.562796 0.643583 0.564880 0.645172 0.565620 0.654674 0.562736 0.655872 0.564602 0.668315 0.583523 0.693948 0.622963 0.696602 0.618245 0.681820 0.596741 0.686716 0.590755 0.674862 0.577523 0.655323 0.556431 0.648229 0.548157 0.642190 0.541116 0.634701 0.532718
5 0.559370 0.389069 0.549083 0.370926 0.544651 0.368546 0.540964 0.367440 0.539922 0.368255 0.540117 0.370528 0.538250 0.379153 0.536198 0.379819 0.535638 0.381310 0.535638 0.382889 0.535638 0.383968 0.540029 0.381769 0.544510 0.378949 0.546331 0.377954 0.550576 0.378032 0.550529 0.381852 0.550250 0.383014 0.545349 0.383014 0.543154 0.384880 0.547927 0.385074 0.552354 0.388153 0.556453 0.390218
8 0.690805 0.586639 0.691612 0.586130 0.692521 0.588421 0.692372 0.591292 0.691458 0.593847 0.689169 0.597102 0.685049 0.601403 0.683875 0.600125 0.688122 0.595708 0.689888 0.593500 0.690607 0.591292 0.691130 0.589083
8 0.650315 0.582389 0.660776 0.588778 0.660187 0.591102 0.652930 0.586222 0.650138 0.583199
5 0.641937 0.561556 0.633617 0.558194 0.629922 0.552407 0.630440 0.551338 0.640424 0.557523 0.641242 0.559079
8 0.638646 0.488380 0.634055 0.480843 0.634023 0.482745 0.638141 0.489370
8 0.637750 0.489602 0.634479 0.484370 0.634581 0.486292 0.634547 0.486694 0.636833 0.490764
8 0.633167 0.478259 0.633161 0.477296 0.629500 0.471185 0.628984 0.472796 0.632318 0.478796
8 0.631432 0.479542 0.628831 0.475500 0.628266 0.476690 0.630503 0.480514
5 0.416820 0.313606 0.426190 0.296944 0.427503 0.292167 0.428190 0.292722 0.429878 0.290394 0.433687 0.293611 0.436331 0.297722 0.438956 0.301500 0.434458 0.309940 0.425586 0.324602
2 0.487331 0.337000 0.485977 0.343796 0.484846 0.346472 0.483674 0.349889 0.470042 0.366843 0.474391 0.357324 0.472969 0.355394 0.475060 0.345162 0.476333 0.345255 0.476292 0.344019 0.476708 0.342519 0.477268 0.340449 0.480206 0.340199 0.487490 0.335468
2 0.604924 0.449333 0.603292 0.451157 0.601193 0.454477 0.600771 0.457130 0.601146 0.459954 0.601753 0.461278 0.602125 0.462440 0.602497 0.462856 0.602940 0.463588 0.603591 0.463231 0.604398 0.462949 0.604857 0.463171 0.605302 0.461389 0.605544 0.459722 0.605484 0.453611 0.605484 0.451722 0.605484 0.449954 0.605419 0.448167
2 0.654188 0.568606 0.652109 0.577037 0.650138 0.583199 0.648354 0.581375 0.651974 0.566782 0.654026 0.567551
2 0.549573 0.466421 0.546495 0.467000 0.543633 0.465079 0.538773 0.463833 0.546594 0.473199 0.550659 0.470421 0.552378 0.469079
2 0.506182 0.415176 0.504672 0.416139 0.503159 0.417875 0.502617 0.419981 0.506667 0.424583 0.507750 0.425843 0.510180 0.420074 0.507872 0.415769
2 0.553956 0.405106 0.558349 0.409880 0.560646 0.412667 0.561276 0.408704 0.562250 0.408954 0.563508 0.410125 0.564065 0.409319 0.558279 0.401944 0.557786 0.401759 0.553747 0.404301
2 0.531232 0.387338 0.527977 0.389782 0.526169 0.388495 0.521760 0.396208 0.524669 0.395736 0.531862 0.391556
2 0.521760 0.396208 0.526169 0.388495 0.526458 0.386171 0.525448 0.385269 0.522555 0.384639 0.519664 0.387468 0.515760 0.394537 0.515615 0.396852 0.516195 0.397236
2 0.486518 0.343227 0.489549 0.345708 0.493560 0.349551 0.497057 0.350782 0.500154 0.353310 0.500417 0.350523 0.499984 0.350148 0.499284 0.349370 0.498742 0.348134 0.498258 0.346884 0.497878 0.345542 0.497177 0.343032 0.497068 0.341602 0.497068 0.340069 0.497122 0.338620 0.491885 0.331144 0.491365 0.330894 0.488065 0.333903 0.487331 0.337000 0.486169 0.342731
2 0.512935 0.380093 0.510990 0.386523 0.510451 0.390745 0.510547 0.396130 0.512393 0.393051 0.515633 0.390074 0.516714 0.387769 0.516823 0.386713 0.516607 0.383833 0.516607 0.382296 0.516552 0.381532 0.516013 0.380856 0.514336 0.379903
2 0.459372 0.334056 0.461469 0.330843 0.462555 0.329171 0.463901 0.326412 0.470284 0.323481 0.471638 0.323139 0.473286 0.323481 0.475430 0.325958 0.475857 0.324931 0.476651 0.321977 0.477260 0.321417 0.479513 0.322606 0.481154 0.326139 0.481466 0.329185 0.481646 0.331190 0.482411 0.331625 0.484820 0.331255 0.486945 0.329829 0.488167 0.329403 0.489143 0.330019 0.492104 0.327579 0.492427 0.326574 0.490091 0.324713 0.490656 0.321130 0.491299 0.318694 0.492104 0.318694 0.495086 0.320704 0.496214 0.322852 0.496698 0.325287 0.493716 0.328579 0.488065 0.333903 0.487490 0.335468 0.480206 0.340199 0.477268 0.340449 0.476708 0.342519 0.476292 0.344019 0.476333 0.345255 0.475060 0.345162 0.473854 0.347537 0.472154 0.347898 0.469573 0.347755 0.466667 0.347755 0.465698 0.345815 0.464615 0.346255 0.463682 0.346315 0.462880 0.345236 0.462315 0.344236 0.462193 0.341306 0.460898 0.336639
10 0.633013 0.447394 0.633180 0.449625 0.633430 0.451856 0.633263 0.454083 0.632844 0.456315 0.632008 0.458102 0.632008 0.460630 0.632008 0.463157 0.631591 0.465389 0.631089 0.467468 0.630503 0.469699 0.629500 0.471185 0.628831 0.473120 0.628831 0.475500 0.627909 0.477282 0.626487 0.477579 0.624815 0.477579 0.623643 0.478769 0.622305 0.479958 0.621721 0.482042 0.620633 0.483231 0.619378 0.483676 0.619880 0.481593 0.620883 0.479958 0.621219 0.477727 0.619880 0.477880 0.618458 0.477431 0.617203 0.476690 0.616284 0.475051 0.615195 0.473713 0.613943 0.472972 0.612352 0.472972 0.611096 0.472819 0.609844 0.472671 0.608839 0.472153 0.609560 0.469903 0.608177 0.471403 0.605167 0.470005 0.604857 0.463171 0.605302 0.461389 0.605544 0.459722 0.605484 0.453611 0.605484 0.451722 0.605484 0.449954 0.605419 0.448167 0.605302 0.446500 0.605302 0.444731 0.605544 0.443065 0.606172 0.441727 0.607174 0.441389 0.607987 0.440389 0.608479 0.438949 0.608732 0.437181 0.608044 0.435944 0.608237 0.434278 0.608672 0.432731 0.608672 0.430949 0.609232 0.429403 0.610044 0.428287 0.610982 0.427958 0.612169 0.427958 0.613172 0.427843 0.614109 0.427736 0.615104 0.427736 0.616107 0.427736 0.616794 0.426500 0.617672 0.425727 0.618609 0.426069 0.619544 0.426620 0.620357 0.427736 0.621352 0.428065 0.622289 0.428407 0.622917 0.429847 0.623854 0.430176 0.624789 0.430620 0.625602 0.431514 0.626539 0.431616 0.627474 0.432065 0.628411 0.432616 0.628789 0.434278 0.629724 0.434727 0.630729 0.434949 0.631664 0.435065 0.632477 0.436065 0.632911 0.437611 0.633289 0.439171 0.633414 0.440838 0.633229 0.442500 0.633161 0.444167
3 0.507872 0.415769 0.516188 0.429519 0.517922 0.432991 0.518789 0.434917 0.519224 0.439028 0.520234 0.441213 0.521898 0.439671 0.525586 0.446481 0.529055 0.439801 0.529779 0.435815 0.526523 0.429778 0.528003 0.423657 0.529503 0.420185 0.529609 0.417773 0.529503 0.415884 0.527188 0.414333 0.523792 0.416569 0.521188 0.421389 0.516445 0.413130 0.512576 0.406593 0.510445 0.409000 0.508813 0.412042
1 0.510445 0.409000 0.504549 0.399130 0.502174 0.394685 0.501115 0.394685 0.498302 0.397574 0.493867 0.402352 0.492000 0.406264 0.493112 0.407662 0.495008 0.411032 0.499846 0.418005 0.501003 0.417829 0.496229 0.410273 0.494203 0.405046 0.495969 0.401907 0.498258 0.400046 0.500349 0.398769 0.502049 0.398306 0.502703 0.398653 0.506625 0.405509 0.509521 0.410912
2 0.506625 0.405509 0.503552 0.411319 0.501003 0.417829 0.496229 0.410273 0.494203 0.405046 0.495969 0.401907 0.498258 0.400046 0.500349 0.398769 0.502049 0.398306 0.502703 0.398653
2 0.535875 0.450116 0.536859 0.449574 0.536859 0.449574 0.537690 0.448634 0.539505 0.448097 0.541245 0.448097 0.542682 0.448500 0.544802 0.449440 0.543656 0.453875 0.546536 0.442593 0.547943 0.444120 0.544901 0.456162 0.545557 0.453343 0.547146 0.453343 0.548810 0.453343 0.550247 0.453745 0.550930 0.455491 0.552745 0.463023 0.552971 0.464639 0.550073 0.460426 0.549292 0.461120 0.548477 0.463639 0.548565 0.464440 0.550247 0.466116 0.549573 0.466421 0.546495 0.467000 0.543633 0.465079 0.542154 0.464505 0.542911 0.462889 0.542758 0.461139 0.541776 0.459931 0.541245 0.460736 0.540867 0.462148 0.537539 0.453810 0.538826 0.455088 0.539581 0.453343
2 0.535648 0.439958 0.537766 0.443727 0.540339 0.446282 0.542305 0.447222 0.544120 0.448162 0.545029 0.448431 0.546523 0.442347 0.540729 0.433426 0.540729 0.433426 0.539885 0.433977 0.537917 0.434111 0.537539 0.434380 0.537010 0.435722 0.536026 0.435454 0.535951 0.437606
2 0.639768 0.477361 0.638122 0.472398 0.633938 0.467287 0.632956 0.468565 0.632695 0.470190 0.632956 0.472981 0.635833 0.481699 0.636227 0.483907 0.638698 0.488426 0.639253 0.487773 0.639253 0.487773
5 0.625529 0.540755 0.620284 0.537458 0.613151 0.525926 0.603094 0.510417 0.609836 0.505458 0.615104 0.511019 0.626435 0.540653
8 0.597786 0.454120 0.601440 0.451190 0.604513 0.448412 0.605375 0.447625 0.605302 0.446500 0.605302 0.444731 0.605544 0.443065 0.606172 0.441727 0.607174 0.441389 0.607987 0.440389 0.606128 0.441005 0.604724 0.443181 0.602901 0.445171 0.597508 0.450356 0.596440 0.451560
8 0.594661 0.448056 0.598367 0.444384 0.599870 0.443426 0.602359 0.441750 0.603063 0.440870 0.604513 0.439292 0.606206 0.437625 0.608081 0.436838 0.608732 0.437181 0.608479 0.438949 0.607987 0.440389 0.606128 0.441005 0.603682 0.443736 0.600893 0.446699 0.596250 0.451204
8 0.588880 0.473495 0.592557 0.473495 0.595479 0.474190 0.595781 0.475583 0.595690 0.476495 0.591352 0.476546 0.588729 0.474083
8 0.582112 0.474181 0.592706 0.484718 0.599240 0.491338 0.604276 0.496051 0.604698 0.495384 0.606216 0.495250 0.606292 0.494500 0.598714 0.487852 0.593365 0.482569 0.581365 0.470278 0.581117 0.470250 0.581266 0.471000 0.581828 0.474097
8 0.582865 0.468611 0.586354 0.472176 0.596380 0.482083 0.604638 0.490755 0.607138 0.495310 0.598714 0.487852 0.581365 0.470278
8 0.654740 0.641898 0.656122 0.645292 0.656927 0.646250 0.657555 0.644597 0.655810 0.640569
8 0.651302 0.650023 0.654094 0.653366 0.654896 0.652014 0.652456 0.648412 0.651089 0.649208
6 0.617539 0.499681 0.621549 0.508218 0.620599 0.510542 0.620599 0.510542 0.615789 0.505310 0.614997 0.501690
6 0.608997 0.486431 0.609516 0.486181 0.613529 0.486181 0.617143 0.487185 0.617258 0.488995 0.612284 0.490301 0.610534 0.490403 0.610305 0.489759 0.609458 0.489426 0.608714 0.487935
6 0.603810 0.473704 0.607594 0.474407 0.619122 0.478630 0.619065 0.480639 0.618615 0.485157 0.617708 0.486463 0.607651 0.483148
6 0.585539 0.456819 0.581203 0.448366 0.581203 0.448366 0.579510 0.445097 0.572786 0.439870 0.571544 0.453736 0.579052 0.458486 0.579492 0.454875 0.580615 0.455338 0.580198 0.458255 0.580302 0.459662 0.581885 0.460565
8 0.573341 0.433755 0.572786 0.439870 0.571544 0.453736 0.571419 0.455954 0.571984 0.459069 0.570969 0.459069 0.570685 0.454949 0.572211 0.438574 0.572664 0.433755
6 0.572201 0.439296 0.559904 0.429319 0.555680 0.427102 0.553771 0.428907 0.550961 0.436241 0.551336 0.438125 0.561581 0.445903 0.570880 0.453028
8 0.552240 0.415852 0.563159 0.417134 0.569609 0.423704 0.568716 0.423407 0.556039 0.419824 0.556039 0.419824
1 0.535286 0.425000 0.528003 0.423657 0.526523 0.429778 0.529779 0.435815 0.529055 0.439801 0.525586 0.446481 0.528766 0.448231 0.534060 0.450519 0.532169 0.448769 0.530883 0.447019 0.529445 0.445139 0.530505 0.444194 0.534815 0.449171 0.535875 0.450116 0.536859 0.449574 0.537690 0.448634 0.536935 0.447019 0.535724 0.441102 0.535951 0.437606 0.536026 0.435454 0.537010 0.435722 0.537539 0.434380 0.537917 0.434111 0.539885 0.433977 0.540729 0.433426
1 0.667388 0.519065 0.673164 0.521370 0.676242 0.524634 0.677539 0.527130 0.677862 0.529528 0.677760 0.530991 0.677760 0.531986 0.676417 0.536565 0.674737 0.537759 0.672833 0.537759 0.671154 0.536963 0.669362 0.536366 0.667682 0.535569 0.665667 0.534972 0.663987 0.534176 0.662307 0.533579 0.660516 0.532583 0.658836 0.531588 0.657380 0.529398 0.656260 0.527009 0.656036 0.524023 0.656708 0.521236 0.658052 0.519245 0.659844 0.518449 0.661635 0.518449 0.663539 0.518449 0.666909 0.518569
8 0.535875 0.450116 0.539581 0.453343 0.538826 0.455088 0.534060 0.450519 0.532169 0.448769 0.530883 0.447019 0.529445 0.445139 0.530505 0.444194 0.534815 0.449171
8 0.537539 0.453810 0.540867 0.462148 0.541323 0.464435 0.538773 0.463833 0.537010 0.460537 0.535497 0.455023 0.534135 0.453273 0.532547 0.453005 0.530201 0.452065 0.528159 0.450181 0.525586 0.446481 0.528766 0.448231 0.534060 0.450519
6 0.498995 0.385856 0.503885 0.375319 0.503185 0.373917 0.498107 0.381231 0.493753 0.389444 0.491979 0.392310 0.491573 0.395028 0.491573 0.396398 0.492135 0.397185 0.493792 0.396972 0.494841 0.394963
8 0.533911 0.385542 0.529523 0.382144 0.525089 0.379986 0.523784 0.380153 0.523221 0.382060 0.529279 0.385926 0.531232 0.387338 0.531862 0.391556 0.535409 0.389319 0.533076 0.388491 0.533029 0.387245
8 0.663940 0.656824 0.665753 0.660296 0.667216 0.662648 0.667698 0.662958 0.668870 0.661708 0.666161 0.657593 0.664799 0.657236
8 0.670365 0.630509 0.676609 0.637125 0.680542 0.641384 0.682937 0.642495 0.682312 0.640134 0.680385 0.637356 0.676102 0.633486 0.675255 0.631833 0.671510 0.628426
8 0.667057 0.636389 0.675125 0.646477 0.676948 0.648514 0.678276 0.649995 0.679604 0.648514 0.676766 0.644347 0.668047 0.634769
8 0.665573 0.638981 0.670802 0.644903 0.676635 0.652171 0.677677 0.650921 0.677182 0.649347 0.666609 0.637125
8 0.410766 0.305935 0.412430 0.295986 0.414547 0.298005 0.413188 0.308898
8 0.448268 0.281912 0.450557 0.280167 0.455133 0.280051 0.455003 0.282028 0.450818 0.282028 0.448987 0.283074
6 0.594193 0.470421 0.586620 0.464796 0.588818 0.462704 0.593219 0.468435 0.593219 0.468435
6 0.458427 0.294921 0.481310 0.309671 0.505318 0.325713 0.502419 0.332162 0.499760 0.332875 0.493716 0.328579 0.496698 0.325287 0.496214 0.322852 0.495086 0.320704 0.492104 0.318694 0.491299 0.318694 0.490656 0.321130 0.490091 0.324713 0.492427 0.326574 0.492104 0.327579 0.476583 0.317801 0.475227 0.312301 0.472526 0.312685
6 0.565078 0.413838 0.573359 0.420597 0.574010 0.421616 0.573750 0.424162 0.571289 0.424194 0.569661 0.423704 0.562451 0.416384 0.563323 0.413162
1 0.454789 0.329685 0.457755 0.333801 0.459922 0.338167 0.461151 0.341639 0.461151 0.346394 0.460935 0.350250 0.458622 0.356292 0.456307 0.363231 0.457247 0.364384 0.460284 0.355389 0.461729 0.349222 0.462237 0.346653 0.462315 0.344236 0.462193 0.341306 0.460898 0.336639 0.459372 0.334056 0.455224 0.328403
8 0.467927 0.300801 0.467143 0.298472 0.458122 0.289407 0.455898 0.288829 0.454461 0.288713 0.454003 0.288944 0.455115 0.290806 0.456880 0.290806 0.459036 0.292083 0.463547 0.296148 0.466161 0.299403 0.466229 0.299870
5 0.458427 0.294921 0.447143 0.280532 0.445404 0.280935 0.433687 0.293611 0.436331 0.297722 0.436880 0.298528 0.437508 0.298231 0.441484 0.295273 0.446617 0.287690 0.452617 0.297074 0.464320 0.314528 0.468260 0.313162 0.472682 0.312778
5 0.434458 0.309940 0.437263 0.317185 0.440826 0.327417 0.438065 0.327097 0.431786 0.331528 0.426229 0.323625
5 0.540995 0.307579 0.536458 0.315546 0.537323 0.318231 0.536081 0.323704 0.536620 0.327449 0.538706 0.330356 0.540008 0.342569 0.540708 0.361894 0.540964 0.367440 0.544651 0.368546 0.549083 0.370926 0.559370 0.389069 0.562049 0.392343 0.566229 0.393537 0.566229 0.381486 0.565224 0.373009 0.565393 0.370926 0.565393 0.364685 0.563638 0.365130 0.562216 0.332718 0.559958 0.329889 0.557115 0.334199 0.542922 0.318491 0.543299 0.310829
5 0.687951 0.592898 0.689966 0.591903 0.690750 0.582546 0.704633 0.567218 0.704745 0.560454 0.701385 0.558264 0.700937 0.554481 0.698474 0.551097 0.695453 0.550699 0.677760 0.530991 0.677760 0.531986 0.676417 0.536565 0.674737 0.537759 0.672833 0.537759 0.671154 0.536963 0.669362 0.536366 0.667682 0.535569 0.665667 0.534972 0.663987 0.534176 0.662307 0.533579 0.660516 0.532583 0.658836 0.531588 0.657380 0.529398 0.656260 0.527009 0.656036 0.524023 0.656708 0.521236 0.658052 0.519245 0.659844 0.518449 0.661635 0.518449 0.663539 0.518449 0.666909 0.518569 0.652286 0.497806 0.643664 0.484685 0.639768 0.477361 0.639253 0.487773 0.625445 0.502681 0.627326 0.494977 0.625737 0.493944 0.621549 0.508218 0.628961 0.515306 0.657068 0.546556 0.676997 0.570046 0.686852 0.581394 0.685508 0.583981 0.689091 0.587167
5 0.483674 0.349889 0.470042 0.366843 0.474391 0.357324 0.472969 0.355394 0.463935 0.373384 0.482505 0.395690 0.499984 0.371454 0.500487 0.367736 0.498062 0.369222 0.497727 0.367139 0.498312 0.361491 0.500154 0.353310 0.497057 0.350782 0.484846 0.346472
5 0.503917 0.372940 0.485432 0.398366 0.484177 0.398069 0.482505 0.395690 0.499984 0.371454 0.501992 0.370560
5 0.528003 0.423657 0.539807 0.425722 0.555680 0.427102 0.563906 0.431574 0.584016 0.436667 0.587849 0.437181 0.588565 0.424968 0.576284 0.424329 0.571289 0.424194 0.556039 0.419824 0.547581 0.410565 0.546138 0.407745 0.548016 0.407866 0.558565 0.401190 0.558331 0.396407 0.555911 0.397560 0.547115 0.403153 0.534844 0.401380 0.524005 0.400056 0.522417 0.404065 0.512885 0.402014 0.510833 0.402463 0.509180 0.402120 0.508500 0.405042 0.510349 0.407625 0.510445 0.409000 0.512576 0.406593 0.516445 0.413130 0.521188 0.421389 0.523792 0.416569 0.527188 0.414333 0.529503 0.415884 0.529609 0.417773 0.529503 0.420185
5 0.603961 0.499310 0.621672 0.517889 0.642190 0.541116 0.655323 0.556431 0.674862 0.577523 0.686716 0.590755 0.686862 0.592560 0.687951 0.592898 0.689091 0.587167 0.685508 0.583981 0.686852 0.581394 0.676997 0.570046 0.657068 0.546556 0.628961 0.515306 0.621549 0.508218 0.620599 0.510542 0.606216 0.495250 0.604698 0.495384 0.604049 0.496796
5 0.592039 0.524616 0.595039 0.522037 0.599297 0.521866 0.601958 0.526116 0.610911 0.537454 0.625906 0.555671 0.623674 0.563366 0.606638 0.546167 0.595802 0.531889 0.591469 0.525407
5 0.647810 0.580736 0.660461 0.594616 0.673833 0.609653 0.673474 0.612222 0.671016 0.613639 0.662268 0.603356 0.660750 0.604384 0.648018 0.590032 0.627081 0.566940 0.626419 0.566384 0.628674 0.558204 0.639797 0.572088 0.647169 0.579421
5 0.629286 0.668843 0.633542 0.662671 0.647203 0.676606 0.647875 0.674417 0.651177 0.677727 0.654302 0.680171 0.655615 0.681838 0.656487 0.683838 0.658286 0.681185 0.653586 0.671231 0.651906 0.669639 0.644964 0.657694 0.645388 0.652681 0.643831 0.649931 0.644224 0.646926 0.644089 0.646009 0.642846 0.646426 0.642130 0.648102 0.627466 0.631653 0.613482 0.617153 0.612719 0.620171
5 0.431180 0.331884 0.439211 0.341847 0.449247 0.341102 0.452510 0.335898 0.451339 0.332181 0.453596 0.326231 0.455188 0.325713 0.456542 0.328819 0.463901 0.326412 0.470284 0.323481 0.471638 0.323139 0.473286 0.323481 0.477260 0.321417 0.476583 0.317801 0.475227 0.312301 0.468260 0.313162 0.464320 0.314528 0.459948 0.315079 0.455695 0.317301 0.452198 0.321968 0.449508 0.324963 0.445453 0.324861 0.440826 0.327417 0.438065 0.327097
6 0.567891 0.400278 0.575380 0.411319 0.576104 0.412926 0.578872 0.414745 0.588565 0.424968 0.582682 0.424644 0.576724 0.420287 0.569091 0.410894 0.562026 0.399704 0.561117 0.397454
6 0.612313 0.494537 0.625341 0.484500 0.633167 0.478259 0.634055 0.480843 0.634581 0.486292 0.619576 0.498269 0.613414 0.502778 0.608628 0.497681 0.609091 0.497227 0.611888 0.494565
6 0.591289 0.511069 0.593138 0.514977 0.595370 0.514912 0.599414 0.512681 0.595891 0.507477 0.594010 0.508778
6 0.599435 0.504528 0.604969 0.500412 0.609836 0.505458 0.603094 0.510417 0.602115 0.509046 0.598919 0.504745
5 0.627081 0.566940 0.648018 0.590032 0.663583 0.607551 0.662005 0.611759 0.661154 0.612130 0.657180 0.609162 0.650438 0.640259 0.653427 0.643481 0.653159 0.647843 0.645388 0.652681 0.643831 0.649931 0.644224 0.646926 0.644089 0.646009 0.642846 0.646426 0.642130 0.648102 0.627466 0.631653 0.633148 0.623213 0.630898 0.619769 0.630279 0.620435 0.629026 0.618435 0.623029 0.608556 0.623654 0.605440 0.645956 0.636426 0.647083 0.636542 0.648958 0.633653 0.649083 0.632097 0.640083 0.620213 0.624492 0.599194 0.622234 0.596255 0.620458 0.593389 0.619812 0.592787 0.626419 0.566384
8 0.669081 0.634130 0.678802 0.645458 0.680617 0.644384 0.683055 0.643611 0.682937 0.642495 0.680542 0.641384 0.676609 0.637125 0.670365 0.630509 0.668870 0.633352
6 0.652109 0.577037 0.656875 0.581213 0.658365 0.583519 0.659013 0.587343 0.657201 0.587102 0.656685 0.584278 0.654344 0.581292 0.651174 0.579537
8 0.550576 0.378032 0.550529 0.381852 0.550250 0.383014 0.545349 0.383014 0.543154 0.384880 0.535409 0.389319 0.533076 0.388491 0.533029 0.387245 0.533911 0.385542 0.535638 0.383968 0.540029 0.381769 0.544510 0.378949 0.546331 0.377954
6 0.546536 0.442593 0.543656 0.453875 0.543505 0.454671 0.544901 0.456162 0.547943 0.444120
8 0.662214 0.644769 0.665839 0.649250 0.670711 0.655130 0.672195 0.656264 0.672586 0.657097 0.673628 0.655824 0.663125 0.643009
8 0.658906 0.650185 0.660581 0.653023 0.662430 0.655199 0.664799 0.657236 0.668419 0.658208 0.670893 0.658810 0.671492 0.658347 0.672586 0.657097 0.672195 0.656264 0.669227 0.656032 0.665789 0.654968 0.663706 0.653718 0.662352 0.652514 0.660008 0.648532
8 0.656479 0.655838 0.659635 0.660324 0.664901 0.666361 0.665971 0.664921 0.664427 0.662963 0.657065 0.653815 0.656719 0.654074 0.656232 0.655662
8 0.638883 0.668449 0.637391 0.673347 0.638789 0.675255 0.640469 0.669778
8 0.648927 0.692264 0.658214 0.684296 0.662937 0.679843 0.669458 0.672838 0.671857 0.668741 0.671721 0.668250 0.670885 0.668250 0.666385 0.672773 0.658286 0.681185 0.656487 0.683838 0.655932 0.683005 0.653505 0.685759 0.648680 0.691866
8 0.645596 0.695981 0.649919 0.701495 0.651279 0.699389 0.647164 0.694000
8 0.642818 0.699097 0.653505 0.685759 0.655615 0.681838 0.654302 0.680171 0.652135 0.682102 0.644328 0.693194 0.643492 0.693282 0.640263 0.697032
8 0.674365 0.666819 0.680049 0.657380 0.684234 0.649935 0.684805 0.646769 0.684779 0.645435 0.682714 0.648843 0.679531 0.654167 0.673539 0.664778 0.671857 0.668741 0.667435 0.677861
