0 0.315292 0.000000 0.307406 0.000019 0.306570 0.006264 0.312508 0.014889 0.317026 0.013102 0.321240 0.008704 0.324922 0.008806 0.339049 0.025477 0.343732 0.024139 0.345789 0.029028 0.344109 0.035574 0.343917 0.042028 0.338547 0.045787 0.333169 0.040690 0.316799 0.055023 0.309365 0.050352 0.305122 0.057685 0.301810 0.066009 0.300682 0.077565 0.298432 0.083454 0.297310 0.089222 0.298724 0.107468 0.302154 0.112986 0.303549 0.121120 0.306026 0.116968 0.307198 0.112657 0.310042 0.110338 0.312844 0.111083 0.313729 0.113907 0.322563 0.108227 0.324562 0.086440 0.347294 0.069356 0.348156 0.073773 0.349938 0.076065 0.352206 0.076556 0.349654 0.110352 0.348326 0.114519 0.345781 0.116227 0.339568 0.122694 0.339484 0.130681 0.340128 0.144315 0.342234 0.151704 0.346307 0.165356 0.349578 0.168019 0.350323 0.170755 0.352464 0.175898 0.360964 0.178144 0.364367 0.176569 0.365018 0.172819 0.369922 0.168597 0.371234 0.158634 0.375484 0.132880 0.374839 0.128375 0.364141 0.112153 0.366375 0.078620 0.369904 0.078310 0.371844 0.072273 0.376880 0.067898 0.379263 0.073356 0.389008 0.090083 0.393073 0.097384 0.395776 0.116806 0.400542 0.122963 0.406992 0.129593 0.413164 0.134917 0.419438 0.137028 0.424214 0.127366 0.427141 0.114903 0.425961 0.096866 0.424255 0.086042 0.420867 0.076227 0.416586 0.068255 0.414695 0.068403 0.406833 0.072347 0.404005 0.068106 0.390255 0.049685 0.388849 0.050694 0.386992 0.055440 0.384617 0.051782 0.385344 0.042593 0.384016 0.033981 0.391643 0.030560 0.390773 0.014338 0.378786 0.000227 0.373560 0.000000
5 0.617560 0.598704 0.616807 0.599398 0.615677 0.600278 0.614792 0.606620 0.614349 0.608241 0.613724 0.610787 0.613542 0.615815 0.619047 0.614653 0.624370 0.613907 0.622188 0.609537 0.621094 0.605093 0.621016 0.602731 0.622005 0.602824 0.621875 0.598796 0.622526 0.595694 0.621641 0.594074 0.619427 0.595694
5 0.613594 0.617639 0.622687 0.616477 0.625674 0.615981 0.626042 0.618287 0.625781 0.619907 0.621536 0.624120 0.620521 0.624398 0.620417 0.622130 0.619271 0.620926 0.618698 0.621389 0.618984 0.623333 0.616380 0.622083 0.616432 0.620324 0.615156 0.620185
6 0.569005 0.472519 0.562794 0.472736 0.562268 0.475889 0.562268 0.479046 0.562500 0.481574 0.570161 0.480528 0.574849 0.480481 0.576849 0.479954 0.577292 0.475556 0.576797 0.471389
5 0.544500 0.485880 0.539935 0.480546 0.537984 0.477329 0.536589 0.474167 0.531497 0.490213 0.535831 0.500190 0.536945 0.499653 0.536919 0.498046 0.536557 0.496815 0.536885 0.494727 0.535781 0.496204 0.535339 0.495139 0.538281 0.491528 0.536042 0.488704 0.535990 0.487315 0.536901 0.486713 0.538568 0.489583 0.538125 0.484259 0.539583 0.482778 0.540182 0.483472 0.540573 0.489861
5 0.504375 0.466343 0.504938 0.467449 0.505417 0.472315 0.500755 0.480556 0.499740 0.476574
5 0.492310 0.413324 0.499135 0.430769 0.496927 0.436991 0.496510 0.438611 0.491711 0.427352 0.488690 0.420500 0.488924 0.418833 0.487779 0.415176 0.489758 0.414065
5 0.474445 0.364611 0.474818 0.366944 0.475943 0.367722 0.477693 0.374278 0.477880 0.376273 0.479557 0.363843 0.480753 0.363991 0.481417 0.363079 0.479740 0.357870 0.478854 0.355370 0.477839 0.354676
5 0.440612 0.394097 0.451953 0.417028 0.460964 0.415269 0.458146 0.402292 0.457122 0.400630 0.456159 0.399986 0.454229 0.385042 0.450643 0.388097 0.446547 0.391898
5 0.446547 0.391898 0.450643 0.388097 0.454229 0.385042 0.453073 0.375972 0.451380 0.375972 0.447031 0.375509 0.446693 0.373380 0.445000 0.374213 0.443437 0.377454 0.444661 0.392639
5 0.439182 0.390829 0.440612 0.394097 0.444661 0.392639 0.443685 0.380366
5 0.435430 0.371435 0.435469 0.380648 0.435807 0.381343 0.437370 0.380000 0.437943 0.380602 0.438333 0.379259 0.439531 0.378704 0.439635 0.376111 0.438307 0.376065 0.438984 0.370185 0.438984 0.364815 0.436682 0.368796
5 0.477880 0.376273 0.479557 0.363843 0.480753 0.363991 0.480961 0.365546 0.478943 0.380829
5 0.462510 0.266838 0.463393 0.268736 0.465971 0.278366 0.467013 0.282949 0.466664 0.285019 0.465581 0.286949 0.464224 0.286144 0.462508 0.286949 0.458198 0.291444 0.457234 0.293537 0.456964 0.293000 0.458591 0.286306 0.460940 0.284537 0.461302 0.278324 0.460609 0.277574
5 0.469130 0.261977 0.467211 0.260949 0.465857 0.258634 0.466091 0.255903 0.468305 0.257245 0.469477 0.260255 0.469656 0.259477 0.469453 0.256806 0.467422 0.251667 0.465000 0.252176 0.465286 0.254630 0.464661 0.257778 0.467187 0.268380 0.467005 0.270278 0.468042 0.270440
8 0.465573 0.261574 0.467187 0.268380 0.467005 0.270278 0.468042 0.270440 0.467482 0.273102 0.466432 0.271991 0.464878 0.261713
5 0.531190 0.439282 0.526031 0.435750 0.521987 0.434750 0.517138 0.434565 0.515781 0.435556 0.516234 0.437542 0.516292 0.439181 0.517104 0.440574 0.518461 0.440898 0.522510 0.442009 0.523591 0.443620 0.528438 0.446037
5 0.516318 0.394218 0.518206 0.395273 0.522474 0.411208 0.524141 0.407083 0.524096 0.405231 0.523549 0.404630 0.523263 0.402731 0.524201 0.400880 0.520690 0.387597 0.516411 0.388829 0.516562 0.392046
5 0.520651 0.455866 0.519846 0.457394 0.520052 0.459245 0.519505 0.460727 0.519401 0.466097 0.518698 0.467394 0.518698 0.472255 0.519141 0.474662 0.521122 0.475588 0.521068 0.478319 0.524219 0.477625 0.524479 0.475356 0.524167 0.468551 0.525185 0.464986 0.525680 0.459106 0.525911 0.455912 0.523906 0.455866
5 0.513135 0.324472 0.501510 0.350602 0.503943 0.353912 0.503982 0.356421 0.506786 0.356222 0.509422 0.354310 0.511484 0.353981 0.511323 0.351185 0.510073 0.349750 0.508500 0.348532 0.509427 0.341148 0.514471 0.325444
8 0.563672 0.458565 0.564672 0.460125 0.567987 0.458898 0.568378 0.458144 0.569344 0.458472 0.568378 0.461625 0.565940 0.466782 0.562029 0.472449 0.556622 0.482991 0.554146 0.487657 0.552766 0.488398 0.555964 0.481287 0.561599 0.470472 0.567927 0.460769 0.564732 0.461894 0.563021 0.460417
8 0.551594 0.490065 0.552656 0.489954 0.552786 0.491481 0.551562 0.493796 0.549974 0.494028
8 0.550487 0.498097 0.549714 0.501528 0.546172 0.519352 0.545385 0.518630 0.548776 0.499954 0.550000 0.496157
5 0.465727 0.351060 0.465049 0.365412 0.466820 0.370597 0.467602 0.369255 0.467211 0.362125
5 0.459138 0.349625 0.463721 0.362310 0.464320 0.348560
5 0.450279 0.351426 0.450190 0.356727 0.451094 0.366639 0.452570 0.368032 0.452690 0.369796 0.454951 0.375755 0.459820 0.380565 0.463073 0.375755 0.463359 0.369176 0.455966 0.350199
5 0.474492 0.320014 0.477990 0.334208 0.480036 0.336514 0.482117 0.334903 0.484164 0.335171 0.486443 0.338083 0.486544 0.334046 0.482237 0.314819 0.481724 0.314333 0.480279 0.314176
5 0.379818 0.250694 0.385521 0.244120 0.390073 0.239111 0.393659 0.229847 0.394260 0.240935 0.394049 0.243292 0.391909 0.243560 0.391307 0.245273 0.387510 0.248968 0.381635 0.255130 0.379406 0.258449 0.377026 0.253417
5 0.404799 0.205880 0.404487 0.221250 0.404870 0.227694 0.406557 0.228866 0.408305 0.230949 0.409633 0.233495 0.410333 0.233310 0.408409 0.229889 0.408253 0.227759 0.408823 0.224333 0.409396 0.224009 0.409839 0.212204 0.406690 0.207481
5 0.394146 0.295681 0.396484 0.293602 0.397937 0.284352 0.398089 0.282491 0.397531 0.280755 0.396312 0.281005 0.395195 0.283356 0.392198 0.286273 0.390628 0.288009
5 0.498828 0.508389 0.511948 0.520213 0.512669 0.523431 0.514628 0.526213 0.515893 0.529227 0.521828 0.542403 0.531297 0.560579 0.526294 0.566954 0.498133 0.510741
5 0.571823 0.507120 0.574844 0.511611 0.576953 0.512815 0.577732 0.510463 0.580307 0.504120 0.580276 0.502116 0.579542 0.500884 0.578776 0.498713 0.577974 0.499083 0.576615 0.500819 0.573719 0.501625 0.572010 0.500694 0.571245 0.498463 0.570198 0.498588 0.569781 0.500574
5 0.594292 0.600134 0.595211 0.598889 0.602664 0.607046 0.602284 0.609255 0.602737 0.610542 0.606685 0.616486 0.608763 0.617343 0.606896 0.619218 0.591557 0.610810 0.591378 0.608236 0.593336 0.602185
5 0.539096 0.592731 0.547846 0.584477 0.548372 0.587569 0.549302 0.589282 0.540625 0.597963
5 0.537654 0.574102 0.543581 0.571375 0.544138 0.569639 0.548500 0.565769 0.551146 0.565481 0.554302 0.575736 0.538570 0.591005 0.532081 0.577917 0.535154 0.575296
5 0.544138 0.569639 0.535901 0.529019 0.532565 0.513454 0.541268 0.521676 0.549615 0.530245 0.556763 0.543019 0.563789 0.557685 0.567622 0.566218 0.579820 0.592264 0.580198 0.595338 0.576474 0.600713 0.565133 0.615977 0.550445 0.608491 0.556562 0.602917 0.569911 0.591287 0.571125 0.587704 0.568138 0.574514 0.568055 0.571213 0.566281 0.566694 0.564867 0.566264 0.554302 0.575736 0.551146 0.565481 0.548500 0.565769
5 0.567622 0.566218 0.572948 0.565931 0.576174 0.564569 0.578190 0.563921 0.580328 0.565856 0.581174 0.569370 0.580693 0.570449 0.581336 0.573745 0.582385 0.576111 0.584086 0.585931 0.585167 0.595431 0.585760 0.598889 0.586409 0.598694 0.586570 0.602056 0.581711 0.604361 0.576474 0.600713 0.580198 0.595338 0.579820 0.592264
5 0.561109 0.676931 0.565263 0.677759 0.571659 0.693690 0.579857 0.691380 0.586445 0.690838 0.590495 0.664583 0.588432 0.663106 0.586331 0.659620 0.585911 0.655144 0.584063 0.657282 0.581432 0.668472 0.572044 0.669042 0.557117 0.660509
5 0.407969 0.294954 0.405794 0.301278 0.406549 0.303361 0.407305 0.304148 0.405716 0.307713 0.400732 0.308991 0.394146 0.295681 0.396484 0.293602 0.397937 0.284352
5 0.575677 0.434028 0.576146 0.442185 0.574047 0.441972 0.573927 0.438028 0.571951 0.439032 0.564005 0.441255 0.566354 0.444861 0.568099 0.444907 0.569271 0.447870 0.570729 0.449722 0.571589 0.449907 0.574297 0.445185 0.576510 0.445787 0.578385 0.444676
5 0.529023 0.416079 0.518146 0.416014 0.509464 0.416449 0.508872 0.418620 0.508836 0.424940 0.510057 0.432315 0.512193 0.438431 0.513789 0.436449 0.516263 0.434236 0.521911 0.432935 0.529372 0.429898 0.529826 0.421778 0.530591 0.416944
5 0.529826 0.421778 0.529372 0.429898 0.529367 0.431523 0.532081 0.437042 0.533224 0.438111 0.533195 0.441806 0.533677 0.442287 0.534943 0.440468 0.535786 0.441218 0.536630 0.440843 0.536630 0.439667 0.537833 0.438917 0.537865 0.436880 0.537383 0.434898 0.536479 0.434523 0.535305 0.432111 0.534008 0.429435 0.534068 0.427505 0.532742 0.424343 0.530904 0.421185
5 0.531008 0.349102 0.518799 0.350667 0.517188 0.352750 0.509422 0.354310 0.506786 0.356222 0.522560 0.370287 0.525979 0.369417 0.528859 0.366639 0.530227 0.363773 0.537260 0.363773 0.539995 0.359259 0.544536 0.355528 0.544195 0.354486 0.538930 0.352704 0.537055 0.351963
5 0.535305 0.432111 0.536479 0.434523 0.537383 0.434898 0.537865 0.436880 0.537833 0.438917 0.536630 0.439667 0.536630 0.440843 0.535786 0.441218 0.534943 0.440468 0.533677 0.442287 0.533195 0.441806 0.533224 0.438111 0.532081 0.437042 0.525701 0.452588 0.525911 0.455912 0.525227 0.464713 0.525555 0.470032 0.526904 0.469255 0.528693 0.473014 0.528984 0.475417 0.530188 0.478009 0.530115 0.480731 0.531391 0.482616 0.541956 0.449870 0.543039 0.447880 0.544570 0.448694 0.546859 0.443704 0.545911 0.438644 0.545034 0.434556 0.542154 0.427426 0.539161 0.421069 0.539234 0.416269 0.539052 0.414324 0.538542 0.413870 0.536828 0.415102 0.536315 0.421134 0.536719 0.423727 0.536792 0.427750 0.536279 0.430278
8 0.413570 0.231005 0.409013 0.239898 0.408005 0.242769 0.409375 0.244991 0.411836 0.239685 0.414690 0.234616 0.415497 0.231468
5 0.444987 0.329255 0.451914 0.329532 0.453034 0.329625 0.452982 0.335644 0.451602 0.340366 0.448734 0.339597 0.446151 0.338884 0.431445 0.337218 0.431081 0.335690
5 0.431445 0.337218 0.446151 0.338884 0.444307 0.340565 0.438102 0.339282 0.431833 0.338907
5 0.440786 0.231296 0.440917 0.234537 0.440786 0.237917 0.439943 0.243954 0.438714 0.251894 0.437281 0.259671 0.437018 0.263421 0.438714 0.272444 0.438607 0.274250 0.439568 0.275875 0.443977 0.274949 0.444911 0.270074 0.445904 0.268787 0.447411 0.270125 0.450906 0.266806 0.451742 0.264102 0.451891 0.260833 0.452333 0.243079 0.452125 0.241597 0.450727 0.241523 0.447802 0.240986 0.447802 0.239060 0.448888 0.229954 0.442802 0.230301
5 0.456721 0.237667 0.455336 0.237773 0.454401 0.239329 0.453227 0.238792 0.452112 0.239167 0.450727 0.241523 0.452125 0.241597 0.452333 0.243079 0.451891 0.260833 0.451742 0.264102 0.450906 0.266806 0.453346 0.264287 0.454401 0.262949 0.456271 0.264019 0.455443 0.243611 0.456641 0.243148
5 0.451914 0.329532 0.453034 0.329625 0.453021 0.333935 0.454401 0.337500 0.455104 0.337269 0.455443 0.338472 0.454948 0.339028 0.455391 0.339630 0.456328 0.339676 0.469740 0.339861 0.470547 0.338796 0.470469 0.336713 0.469818 0.336852 0.468802 0.335741 0.468490 0.334537 0.468385 0.332778 0.462396 0.332407 0.454219 0.331667 0.453906 0.328611 0.452630 0.328148
5 0.551401 0.396097 0.550854 0.395634 0.548172 0.396144 0.545984 0.395634 0.544448 0.393736 0.542234 0.391977 0.542026 0.389847 0.541583 0.389801 0.541141 0.391097 0.539917 0.391005 0.539031 0.391606 0.535672 0.400310 0.536714 0.401560 0.537781 0.404199 0.537911 0.406514 0.537057 0.407213 0.536276 0.411148 0.537943 0.413324 0.539141 0.413370 0.542693 0.407597 0.546701 0.402579
5 0.550445 0.608491 0.565133 0.615977 0.572271 0.620245 0.572339 0.623343 0.571294 0.626565 0.567969 0.650037 0.553125 0.644662 0.545099 0.613454
5 0.561109 0.676931 0.568297 0.706134 0.573758 0.699000 0.573526 0.696347 0.571659 0.693690 0.565263 0.677759
1 0.469677 0.314597 0.467161 0.326852 0.466484 0.332685 0.468385 0.332778 0.469078 0.324227 0.470589 0.314551
1 0.462510 0.266838 0.463055 0.264477 0.463813 0.264523 0.464409 0.266838 0.465747 0.273287 0.466672 0.277037 0.467234 0.279046 0.468341 0.281190 0.469435 0.285958 0.473263 0.301792 0.472508 0.302116 0.468576 0.286190 0.467849 0.285125 0.467013 0.282949 0.465971 0.278366 0.463393 0.268736
5 0.413570 0.231005 0.412370 0.231185 0.411284 0.232042 0.410333 0.233310 0.409633 0.233495 0.402909 0.237292 0.398357 0.241523 0.391339 0.249718 0.390826 0.251861 0.392302 0.259736 0.395255 0.270125 0.396641 0.271037 0.397484 0.270019 0.400589 0.261236 0.402094 0.259306 0.403602 0.259306 0.403570 0.257056 0.405680 0.256787 0.406794 0.253523 0.407969 0.253361 0.412732 0.245167 0.415393 0.243690 0.414846 0.241884 0.414794 0.238134 0.414690 0.234616 0.411836 0.239685 0.409375 0.244991 0.408005 0.242769 0.409013 0.239898
2 0.431099 0.190648 0.432099 0.189644 0.434211 0.188208 0.435331 0.187236 0.435826 0.185940 0.436344 0.186130 0.436578 0.187093 0.437672 0.186171 0.438505 0.186264 0.440591 0.191588 0.443786 0.198556 0.443474 0.201903 0.442602 0.206796 0.440091 0.208843 0.438906 0.208532 0.438245 0.206116 0.436849 0.207292 0.436885 0.210083 0.435734 0.210083 0.435664 0.207046 0.431888 0.202435 0.430250 0.199088 0.429948 0.197315 0.431029 0.194838 0.432456 0.194153
2 0.417951 0.193995 0.421138 0.195991 0.422826 0.196315 0.423065 0.205046 0.418195 0.209745 0.418526 0.206741
2 0.412599 0.191102 0.410682 0.190412 0.385594 0.186037 0.386682 0.195792 0.388578 0.196653 0.389385 0.199593 0.406125 0.201597 0.407094 0.204324 0.412820 0.204898
2 0.465263 0.198718 0.465596 0.201343 0.465083 0.206431 0.464120 0.207236 0.462672 0.207236 0.461286 0.203431 0.459930 0.203380 0.458966 0.200273 0.461286 0.200167 0.462552 0.199148
9 0.440237 0.288847 0.438792 0.292213 0.438818 0.293880 0.439586 0.294310 0.440680 0.295699 0.441044 0.294866 0.440784 0.293616 0.441565 0.292088 0.441826 0.289819
9 0.436161 0.289759 0.435484 0.291565 0.435276 0.293602 0.436500 0.296287 0.437516 0.297491 0.438326 0.299907 0.439234 0.299111 0.438531 0.297537 0.439286 0.297398 0.439573 0.295685 0.438818 0.293880 0.438792 0.292213 0.438271 0.291426 0.437385 0.291102 0.437177 0.289620
2 0.491596 0.259935 0.491068 0.261389 0.490008 0.265120 0.490477 0.270722 0.494411 0.270769 0.494721 0.269935 0.496104 0.270259 0.497951 0.270120 0.498159 0.268176 0.497951 0.264426 0.495867 0.264241 0.495555 0.261231 0.494982 0.259889
2 0.376883 0.225181 0.375495 0.224954 0.371328 0.232500 0.371302 0.237407 0.370573 0.237269 0.370156 0.238565 0.370130 0.240278 0.371354 0.240046 0.371562 0.243981 0.372656 0.246713 0.373125 0.245000 0.373021 0.240046 0.377057 0.239630 0.380964 0.236713 0.384427 0.234398 0.389036 0.231991 0.389870 0.232315 0.391250 0.228750 0.389349 0.228843 0.383750 0.231435 0.380156 0.233796 0.378203 0.233611 0.375755 0.228889 0.375964 0.227269 0.377005 0.227375
2 0.378872 0.219662 0.377034 0.221750 0.376883 0.225181 0.377005 0.227375 0.378570 0.230806 0.382128 0.230375 0.383604 0.229681 0.385229 0.228394 0.388031 0.227162 0.390411 0.227856 0.390833 0.226787 0.388214 0.223306 0.386828 0.220361 0.385711 0.218750
2 0.412505 0.173759 0.412086 0.177245 0.412599 0.191102 0.412831 0.206213 0.414396 0.208940 0.418195 0.209745 0.418526 0.206741 0.417951 0.193995 0.417396 0.180880 0.418151 0.178241 0.417578 0.176111 0.415651 0.175926
2 0.400156 0.218644 0.398562 0.219069 0.397526 0.219069 0.395927 0.218532 0.395956 0.213389 0.396951 0.212856 0.397826 0.210389 0.397885 0.207819 0.398609 0.203375 0.397854 0.202782 0.398401 0.201347 0.403505 0.203190 0.404302 0.208009 0.403984 0.212546
2 0.410365 0.207727 0.411719 0.206593 0.412677 0.207727 0.414271 0.209713 0.415945 0.212264 0.416982 0.215097 0.417302 0.217227 0.417302 0.218500 0.415706 0.220912 0.414669 0.222185 0.414591 0.223606 0.414750 0.225449 0.415307 0.228139 0.415497 0.231468 0.413570 0.231005 0.412370 0.231185 0.411284 0.232042 0.409688 0.229255 0.409326 0.227060 0.409990 0.225185 0.409396 0.224009 0.409839 0.212204
1 0.491974 0.241134 0.496034 0.260981 0.496865 0.260981 0.492990 0.241134
2 0.486740 0.205157 0.492299 0.221407 0.494398 0.224481 0.494521 0.228435 0.492052 0.232824 0.489581 0.238097 0.487112 0.240949 0.485505 0.242046 0.483495 0.243796 0.483320 0.237537 0.484055 0.235866 0.483844 0.233384 0.482589 0.227125 0.481893 0.225889 0.481508 0.215287
1 0.464320 0.348560 0.463721 0.362310 0.465049 0.365412 0.465727 0.351060 0.465859 0.347685 0.466276 0.346806 0.465964 0.345370 0.464844 0.343611 0.464453 0.344213
9 0.483109 0.343926 0.482563 0.344713 0.482904 0.346194 0.483995 0.347306 0.485247 0.347306 0.485221 0.345778 0.483971 0.345222
9 0.434789 0.280148 0.434659 0.281444 0.435182 0.283611 0.435859 0.283750 0.435807 0.285278 0.437003 0.284593 0.437628 0.281861 0.436846 0.279731 0.435414 0.279454
9 0.467799 0.305343 0.468867 0.304463 0.469753 0.304741 0.471029 0.306454 0.470768 0.307565 0.469518 0.306824 0.467930 0.306454
9 0.491651 0.341222 0.491417 0.344093 0.492057 0.345046 0.493698 0.346759 0.494203 0.345157 0.494255 0.344185 0.495115 0.344000 0.495141 0.342611 0.494359 0.342287 0.493682 0.342843 0.492797 0.341454
9 0.456721 0.283356 0.456180 0.283250 0.456029 0.284750 0.456542 0.286787 0.457161 0.286713 0.458672 0.284213 0.459583 0.283935 0.459922 0.280926 0.459193 0.280463 0.458047 0.283056
9 0.490966 0.368986 0.491659 0.369787 0.491417 0.371181 0.490885 0.372407 0.488411 0.373241 0.488099 0.370648 0.487292 0.369491 0.487240 0.368148 0.487786 0.367269 0.488854 0.367824 0.489687 0.369676
2 0.438307 0.376065 0.439635 0.376111 0.439531 0.378704 0.438333 0.379259 0.437943 0.380602 0.437370 0.380000 0.435807 0.381343 0.435365 0.382731 0.438333 0.388148 0.441745 0.380093 0.442656 0.378889 0.443437 0.377454 0.445000 0.374213 0.446693 0.373380 0.447031 0.375509 0.451380 0.375972 0.453073 0.375972 0.457422 0.380324 0.457943 0.382454 0.459820 0.380565 0.454951 0.375755 0.452690 0.369796 0.452570 0.368032 0.451094 0.366639 0.450130 0.366574 0.446120 0.357639 0.444505 0.358472
9 0.454401 0.337500 0.455104 0.337269 0.455443 0.338472 0.454948 0.339028 0.454818 0.339676 0.454010 0.339630 0.454010 0.338102
2 0.461120 0.246292 0.462779 0.246343 0.463591 0.245218 0.463984 0.243472 0.464271 0.244583 0.464167 0.246620 0.463568 0.247315 0.463594 0.248935 0.462057 0.251435 0.462344 0.253287 0.462318 0.255880 0.462891 0.256806 0.462865 0.258194 0.461693 0.256667 0.460417 0.252269 0.458359 0.251065 0.458307 0.249583 0.459740 0.249676 0.460026 0.248102
9 0.466091 0.255903 0.468305 0.257245 0.469477 0.260255 0.469130 0.261977 0.467211 0.260949 0.465857 0.258634
9 0.440917 0.234537 0.440786 0.231296 0.441875 0.230741 0.440544 0.227500 0.439047 0.227560 0.437339 0.229111 0.438315 0.231153 0.440128 0.236051
10 0.418805 0.230264 0.423284 0.227995 0.425081 0.227764 0.424641 0.225407 0.423349 0.223472 0.421010 0.222681 0.418919 0.224310
9 0.411443 0.252699 0.414099 0.252653 0.414568 0.253486 0.414750 0.257699 0.411937 0.257606 0.411365 0.255847
5 0.467602 0.369255 0.466820 0.370597 0.464948 0.373190 0.463073 0.375755 0.459820 0.380565 0.455888 0.384495 0.460964 0.415269 0.461510 0.417537 0.462385 0.423440 0.464513 0.421148 0.466117 0.422699 0.473430 0.409625 0.474078 0.409676 0.474263 0.411106 0.466987 0.424370 0.467721 0.426852 0.467443 0.430444 0.464635 0.436144 0.467258 0.449028 0.480380 0.475463 0.498133 0.510741 0.498828 0.508389 0.498167 0.505343 0.499701 0.501935 0.500497 0.499903 0.499935 0.493681 0.499685 0.488903 0.493688 0.462468 0.493323 0.457519 0.490117 0.443880 0.490523 0.442833 0.486378 0.421926 0.478943 0.380829 0.477880 0.376273 0.477693 0.374278 0.475943 0.367722 0.474818 0.366944 0.474445 0.364611 0.473820 0.361944 0.472695 0.362389 0.470445 0.364389
2 0.603404 0.617880 0.596005 0.625750 0.593359 0.646005 0.586445 0.690838 0.585961 0.699764 0.597138 0.728468 0.607398 0.717718 0.607560 0.715222 0.609396 0.707157 0.609289 0.703796 0.614042 0.697671 0.629599 0.669343 0.629469 0.667565 0.629232 0.665764 0.628112 0.664139 0.626104 0.664139 0.625742 0.663718 0.625797 0.662384 0.627070 0.662241 0.626888 0.657977 0.627643 0.656171 0.632487 0.653579 0.632513 0.651727 0.633086 0.649690 0.631732 0.649088 0.631914 0.647514 0.638815 0.650528 0.639026 0.649431 0.640484 0.649856 0.640641 0.648644 0.640299 0.647347 0.639469 0.647213 0.638870 0.648838 0.637591 0.648134 0.637542 0.646755 0.638714 0.646148 0.641122 0.646042 0.640651 0.643634 0.640445 0.640255 0.640807 0.636926 0.640161 0.636685 0.640263 0.635347 0.640917 0.634468 0.641617 0.634417 0.642451 0.632708 0.644195 0.630579 0.645891 0.629694 0.647505 0.630301 0.649563 0.632287 0.649276 0.630116 0.648935 0.624694 0.648281 0.619741 0.647451 0.617111 0.645227 0.613796 0.645706 0.612676 0.647818 0.611389 0.650081 0.611551 0.652185 0.614019 0.654383 0.617236 0.655620 0.622426 0.655815 0.625250 0.657974 0.625431 0.660060 0.626912 0.667846 0.629139 0.668375 0.631278 0.670221 0.629014 0.670924 0.629620 0.671031 0.631653 0.669003 0.633458 0.669547 0.634199 0.669596 0.636231 0.668052 0.637579 0.668596 0.639005 0.669797 0.638449 0.670260 0.639199 0.670029 0.639977 0.667813 0.642204 0.675628 0.639565 0.675255 0.619509 0.671474 0.585144 0.658510 0.556236 0.650766 0.563551 0.651615 0.567208 0.652365 0.568014 0.652607 0.571171 0.650594 0.576616 0.649255 0.579806 0.650685 0.579995 0.650896 0.583278 0.649411 0.586208 0.651917 0.590653 0.633810 0.611963 0.612122 0.635454
17 0.655815 0.625250 0.655620 0.622426 0.654383 0.617236 0.652185 0.614019 0.650081 0.611551 0.647818 0.611389 0.645706 0.612676 0.645227 0.613796 0.647451 0.617111 0.648281 0.619741 0.648935 0.624694 0.649276 0.630116 0.649563 0.632287 0.649398 0.633796 0.647826 0.633296 0.646331 0.633722 0.643508 0.636019 0.642500 0.634727 0.641617 0.634417 0.640917 0.634468 0.640263 0.635347 0.640161 0.636685 0.640807 0.636926 0.641734 0.636093 0.642458 0.637523 0.642339 0.639819 0.641370 0.641542 0.641734 0.645986 0.642701 0.648856 0.644315 0.651292 0.642984 0.654736 0.645242 0.657676 0.645242 0.659611 0.647018 0.659898 0.648872 0.662051 0.650810 0.659542 0.652987 0.661403 0.654198 0.664199 0.664161 0.654880 0.665331 0.651366 0.665531 0.648208 0.665411 0.645986 0.661458 0.647421 0.658151 0.651796 0.652341 0.651366 0.652503 0.649356 0.653029 0.647708 0.654641 0.647778 0.654641 0.646204 0.652745 0.643838 0.652786 0.641255 0.653833 0.640681 0.654440 0.637597 0.655568 0.631431
10 0.655625 0.629491 0.655568 0.631431 0.654440 0.637597 0.653833 0.640681 0.652786 0.641255 0.652784 0.642898 0.655154 0.643546 0.657784 0.643361 0.660883 0.639657 0.661352 0.636787 0.660883 0.633778 0.659060 0.630769 0.657810 0.629750
2 0.566766 0.514838 0.569036 0.514389 0.569505 0.517954 0.571615 0.521657 0.571677 0.523625 0.571167 0.527051 0.570172 0.534176 0.569328 0.536375 0.564807 0.537500 0.562487 0.535250 0.560440 0.530963 0.560922 0.529356 0.560378 0.523301 0.561312 0.522176 0.562247 0.522444 0.562247 0.524912 0.563091 0.527319 0.564927 0.525713 0.565531 0.518644
10 0.571823 0.507120 0.574844 0.511611 0.576953 0.512815 0.573880 0.523093 0.571615 0.521657 0.569505 0.517954 0.569036 0.514389 0.569167 0.510546 0.569974 0.508324
1 0.660060 0.626912 0.667846 0.629139 0.667846 0.629139 0.668229 0.630741 0.667891 0.631204 0.667031 0.631343 0.665911 0.630648 0.661120 0.629398
10 0.655815 0.625250 0.657974 0.625431 0.660060 0.626912 0.661120 0.629398 0.661883 0.632569 0.661909 0.633866 0.662065 0.635208 0.661154 0.635579 0.660883 0.633778 0.659060 0.630769 0.657810 0.629750 0.655625 0.629491
9 0.664305 0.631921 0.664539 0.633310 0.664974 0.634306 0.666094 0.634028 0.666328 0.633380 0.667318 0.632593 0.667031 0.631343 0.665911 0.630648 0.664792 0.630741
9 0.661883 0.632569 0.662690 0.631227 0.663758 0.630440 0.664305 0.631921 0.664539 0.633310 0.663133 0.635255 0.661909 0.633866
9 0.661154 0.635579 0.662065 0.635208 0.662768 0.636551 0.662742 0.638079 0.660883 0.639657 0.661352 0.636787
10 0.641617 0.634417 0.642451 0.632708 0.644195 0.630579 0.645891 0.629694 0.647505 0.630301 0.649563 0.632287 0.649398 0.633796 0.647826 0.633296 0.646331 0.633722 0.643508 0.636019 0.642500 0.634727
10 0.640807 0.636926 0.640445 0.640255 0.640651 0.643634 0.641122 0.646042 0.641198 0.647778 0.641823 0.648657 0.642701 0.648856 0.641734 0.645986 0.641370 0.641542 0.642339 0.639819 0.642458 0.637523 0.641734 0.636093
9 0.640484 0.649856 0.639026 0.649431 0.638815 0.650528 0.641771 0.652269 0.641302 0.651157
10 0.636453 0.659449 0.633742 0.656713 0.632487 0.653579 0.632513 0.651727 0.633086 0.649690 0.640104 0.652546 0.641797 0.653750
10 0.632487 0.653579 0.627643 0.656171 0.626888 0.657977 0.627070 0.662241 0.628307 0.662176 0.629896 0.664491 0.630026 0.666111 0.631042 0.666713 0.636453 0.659449 0.633742 0.656713
1 0.642701 0.648856 0.641823 0.648657 0.641198 0.647778 0.641122 0.646042 0.638714 0.646148 0.637542 0.646755 0.637591 0.648134 0.638870 0.648838 0.639469 0.647213 0.640299 0.647347 0.640641 0.648644 0.640484 0.649856 0.641719 0.650694 0.643854 0.650509
5 0.506568 0.496111 0.506534 0.499278 0.508589 0.510181 0.504372 0.506958 0.499701 0.501935 0.498167 0.505343 0.498828 0.508389 0.511948 0.520213 0.512669 0.523431 0.514628 0.526213 0.515893 0.529227 0.521828 0.542403 0.531297 0.560579 0.535635 0.559028 0.535875 0.560685 0.534820 0.562778 0.535242 0.564810 0.534398 0.567917 0.529518 0.573005 0.531380 0.577014 0.533820 0.571685 0.534760 0.573361 0.537305 0.571995 0.537654 0.572491 0.537654 0.574102 0.543581 0.571375 0.544138 0.569639 0.535901 0.529019 0.532565 0.513454 0.530349 0.513222 0.523167 0.505236 0.517805 0.499824 0.517292 0.495593 0.517503 0.492542 0.518708 0.492167 0.521013 0.493403 0.530128 0.502616 0.525557 0.480745 0.524443 0.480995 0.515656 0.486449
5 0.604701 0.553662 0.603526 0.538880 0.603948 0.537917 0.604971 0.537968 0.609190 0.534218 0.609583 0.532880 0.610576 0.532667 0.616271 0.544292 0.622057 0.556986 0.623865 0.560037 0.626516 0.561324 0.627602 0.563093 0.629711 0.562287 0.630977 0.563787 0.630977 0.566144 0.631729 0.567912 0.632151 0.571287 0.631518 0.573218 0.631398 0.579000 0.625039 0.582963 0.624589 0.580287 0.624438 0.566787 0.623773 0.565394 0.617508 0.561755 0.612344 0.560102 0.610885 0.558069 0.606716 0.566032 0.605388 0.562417 0.604607 0.557884
10 0.563789 0.557685 0.564273 0.551014 0.565365 0.546704 0.566857 0.543773 0.569115 0.540185 0.572099 0.537319 0.575891 0.536162 0.579078 0.536880 0.582870 0.540042 0.585047 0.543773 0.587266 0.549148 0.588435 0.553741 0.588596 0.560481 0.587711 0.567079 0.585773 0.572023 0.584323 0.575181 0.582385 0.576111 0.581336 0.573745 0.580693 0.570449 0.581174 0.569370 0.580328 0.565856 0.578190 0.563921 0.576174 0.564569 0.572948 0.565931 0.567622 0.566218
2 0.571385 0.453806 0.571174 0.452144 0.570458 0.451296 0.570729 0.449722 0.571589 0.449907 0.574297 0.445185 0.576510 0.445787 0.578385 0.444676 0.579870 0.445792 0.580229 0.447801 0.579393 0.449602 0.579156 0.451509 0.579156 0.454472 0.578917 0.455745 0.578620 0.455958 0.578143 0.454051 0.577964 0.452144 0.577010 0.454472 0.576057 0.455319 0.574747 0.456486 0.573557 0.457861
2 0.576797 0.471389 0.576417 0.468722 0.578411 0.466028 0.578888 0.465889 0.581841 0.468440 0.583195 0.469718 0.584232 0.470565 0.584391 0.472833 0.583945 0.474347 0.582503 0.475620 0.580549 0.478167 0.576849 0.479954 0.577292 0.475556
5 0.599651 0.478481 0.607062 0.498028 0.613115 0.514056 0.612497 0.520426 0.608732 0.521301 0.604273 0.521620 0.603398 0.518727 0.601320 0.521620 0.599156 0.519546 0.593276 0.508986 0.592253 0.508083 0.585581 0.497981 0.587568 0.488250 0.594036 0.484366
5 0.609583 0.532880 0.609190 0.534218 0.604971 0.537968 0.603948 0.537917 0.603526 0.538880 0.604701 0.553662 0.604607 0.557884 0.605388 0.562417 0.606716 0.566032 0.608766 0.568935 0.613409 0.573255 0.618484 0.576329 0.624589 0.580287 0.625039 0.582963 0.631398 0.579000 0.631518 0.573218 0.632151 0.571287 0.637060 0.577579 0.636844 0.580361 0.618701 0.594088 0.600841 0.567361 0.598549 0.567690 0.596922 0.566616 0.596651 0.565329 0.598216 0.564097 0.589745 0.550944 0.585047 0.543773 0.584510 0.540620 0.585247 0.538653 0.585802 0.537995 0.588201 0.538324 0.588201 0.539968 0.588299 0.537255 0.597154 0.534185 0.606172 0.533130
5 0.549510 0.494134 0.550487 0.498097 0.555568 0.527241 0.556844 0.529282 0.559289 0.529653 0.560922 0.529356 0.560378 0.523301 0.561312 0.522176 0.562247 0.522444 0.562247 0.524912 0.563091 0.527319 0.564927 0.525713 0.565531 0.518644 0.566766 0.514838 0.569036 0.514389 0.569167 0.510546 0.569974 0.508324 0.571823 0.507120 0.569781 0.500574 0.570198 0.498588 0.571245 0.498463 0.572010 0.500694 0.573719 0.501625 0.576615 0.500819 0.577974 0.499083 0.578776 0.498713 0.579542 0.500884 0.580276 0.502116 0.584995 0.487269 0.586406 0.486556 0.587568 0.488250 0.594036 0.484366 0.593706 0.481639 0.589729 0.470977 0.583945 0.474347 0.582503 0.475620 0.580549 0.478167 0.574445 0.481977 0.566008 0.488042 0.562622 0.489986 0.559133 0.492718 0.554339 0.494431 0.555044 0.498926 0.554654 0.499662 0.553401 0.499019 0.552958 0.493505
2 0.635357 0.564287 0.640174 0.572204 0.639966 0.574519 0.638898 0.576463 0.637060 0.577579 0.632753 0.569843 0.632831 0.566046 0.633794 0.564935
2 0.613594 0.617639 0.610695 0.617889 0.608763 0.617343 0.606896 0.619218 0.612604 0.622176 0.612865 0.619491 0.614323 0.618796
9 0.615156 0.620185 0.616432 0.620324 0.616380 0.622083 0.615286 0.622083 0.614531 0.622917 0.614245 0.621898 0.613620 0.621296 0.614062 0.620648
9 0.618984 0.623333 0.618698 0.621389 0.619271 0.620926 0.620417 0.622130 0.620521 0.624398 0.620365 0.625231 0.619766 0.625741 0.619115 0.625324
2 0.589745 0.550944 0.598216 0.564097 0.596651 0.565329 0.596922 0.566616 0.598549 0.567690 0.600880 0.567403 0.596885 0.572968 0.592133 0.578440 0.586193 0.583338 0.583695 0.583856 0.582385 0.576111 0.584323 0.575181 0.585773 0.572023 0.587711 0.567079 0.588336 0.562292 0.589742 0.562940 0.590263 0.558773
2 0.608440 0.592551 0.608872 0.597931 0.609401 0.600556 0.612135 0.605000 0.614349 0.608241 0.614792 0.606620 0.614036 0.605000 0.613724 0.601852 0.612708 0.602037 0.611432 0.599907 0.610078 0.596944 0.610180 0.594847 0.610240 0.593241 0.608818 0.591495
1 0.612448 0.560833 0.610602 0.562407 0.608938 0.565602 0.608729 0.568241 0.609667 0.568194 0.610005 0.565880 0.610943 0.563889 0.612010 0.563611 0.612792 0.562454
2 0.613099 0.564167 0.616016 0.571157 0.613409 0.573255 0.611693 0.571620
2 0.597154 0.534185 0.606172 0.533130 0.609583 0.532880 0.610576 0.532667 0.614844 0.541389 0.616745 0.539306 0.622370 0.544491 0.620576 0.538653 0.612258 0.529333 0.608732 0.521301 0.604273 0.521620 0.603398 0.518727 0.601320 0.521620 0.599120 0.529176
2 0.616271 0.544292 0.616797 0.542454 0.619583 0.544028 0.623724 0.548981 0.626276 0.551528 0.632396 0.561204 0.630977 0.563787 0.629711 0.562287 0.627602 0.563093 0.620807 0.548102 0.617214 0.546296
2 0.616271 0.544292 0.616797 0.542454 0.619583 0.544028 0.623724 0.548981 0.626276 0.551528 0.628984 0.551759 0.629115 0.548889 0.627370 0.548657 0.626953 0.547593 0.622370 0.544491 0.616745 0.539306 0.614844 0.541389
2 0.611357 0.586889 0.610547 0.585736 0.607630 0.584106 0.605849 0.587079 0.608818 0.591495 0.610240 0.593241 0.610180 0.594847 0.611596 0.596130 0.616807 0.599398 0.617560 0.598704 0.617471 0.597630 0.616656 0.596667 0.611203 0.593398 0.610964 0.591579 0.611896 0.590079 0.611896 0.587884
2 0.567969 0.650037 0.574464 0.652620 0.577214 0.646343 0.573479 0.639306 0.572607 0.638824 0.569893 0.643537
5 0.580172 0.642282 0.585117 0.637468 0.587406 0.636389 0.589831 0.636556 0.591745 0.640537 0.593359 0.646005 0.596005 0.625750 0.603404 0.617880 0.612122 0.635454 0.620576 0.626324 0.606896 0.619218 0.591557 0.610810 0.581711 0.604361 0.576474 0.600713 0.565133 0.615977 0.572271 0.620245 0.572339 0.623343 0.571294 0.626565 0.569849 0.636801
2 0.571885 0.718940 0.571927 0.721949 0.573258 0.725824 0.574023 0.732421 0.588182 0.731773 0.586326 0.721306 0.587659 0.718509 0.587818 0.715926 0.586729 0.715495 0.581729 0.715926 0.575516 0.713991 0.574065 0.713630 0.573378 0.710907 0.572128 0.708611 0.571766 0.709542 0.572570 0.711912 0.572570 0.715856 0.573500 0.716000 0.573661 0.718222
2 0.557190 0.457116 0.558758 0.458111 0.555099 0.469454 0.541083 0.510912 0.541536 0.514185 0.542625 0.515403 0.543875 0.511102 0.543875 0.506009 0.546055 0.503356 0.547747 0.494894 0.549724 0.492884 0.551047 0.490667 0.549146 0.490667 0.549172 0.488861 0.551646 0.488954 0.560495 0.467574 0.564367 0.456602 0.564810 0.453875 0.564609 0.445343 0.563924 0.443694 0.562552 0.443981
2 0.526755 0.486435 0.527406 0.486389 0.527536 0.483102 0.526781 0.481343 0.526651 0.479347 0.527120 0.477218 0.527849 0.475741 0.528344 0.475181 0.528526 0.477032 0.529281 0.477958 0.529490 0.478981 0.528995 0.479532 0.529099 0.480787 0.530859 0.484537 0.528125 0.492963
2 0.525555 0.470032 0.526904 0.469255 0.528693 0.473014 0.528984 0.475417 0.530188 0.478009 0.530115 0.480731 0.531391 0.482616 0.530859 0.484537 0.529099 0.480787 0.528995 0.479532 0.529490 0.478981 0.529281 0.477958 0.528526 0.477032 0.528344 0.475181 0.527849 0.475741 0.527120 0.477218 0.526651 0.479347 0.526781 0.481343 0.527536 0.483102 0.527406 0.486389 0.526755 0.486435 0.525557 0.480745 0.524443 0.480995 0.524219 0.477625 0.524906 0.475412 0.524906 0.472778 0.525141 0.471065
9 0.515547 0.453796 0.514896 0.454259 0.514583 0.456065 0.513862 0.456421 0.513732 0.458917 0.514669 0.459241 0.515911 0.458519 0.516302 0.454861
2 0.536885 0.494727 0.536557 0.496815 0.536919 0.498046 0.536945 0.499653 0.535831 0.500190 0.538961 0.506889 0.545654 0.489227 0.545052 0.487546
2 0.528125 0.492963 0.541956 0.449870 0.543039 0.447880 0.544570 0.448694 0.544500 0.451912 0.546419 0.456250 0.549242 0.459787 0.552065 0.462079 0.554297 0.463875 0.557190 0.457116 0.558758 0.458111 0.555099 0.469454 0.541083 0.510912 0.538961 0.506889 0.545654 0.489227 0.544500 0.485880 0.539935 0.480546 0.537984 0.477329 0.536589 0.474167 0.531497 0.490213 0.529164 0.497963
2 0.526294 0.566954 0.531297 0.560579 0.535635 0.559028 0.535875 0.560685 0.534820 0.562778 0.535242 0.564810 0.534398 0.567917 0.529518 0.573005
5 0.538570 0.591005 0.554302 0.575736 0.564867 0.566264 0.566281 0.566694 0.568055 0.571213 0.568138 0.574514 0.571125 0.587704 0.569911 0.591287 0.556562 0.602917 0.557690 0.597606 0.558979 0.587926 0.557122 0.581606 0.549544 0.590083 0.541187 0.599542 0.540625 0.597963 0.549302 0.589282 0.548372 0.587569 0.547846 0.584477 0.539096 0.592731
9 0.512948 0.485083 0.512323 0.484713 0.511682 0.487125 0.511198 0.488472 0.511536 0.490880 0.514922 0.487222
2 0.517370 0.459167 0.517318 0.463889 0.516797 0.466528 0.516875 0.470046 0.516979 0.472083 0.515625 0.470463 0.515312 0.471065 0.514792 0.469259 0.513776 0.468194 0.513445 0.466833 0.513862 0.465676 0.514979 0.465167 0.515057 0.462991 0.515417 0.460093
2 0.520651 0.455866 0.523906 0.455866 0.525911 0.455912 0.525701 0.452588 0.526432 0.450787 0.525677 0.450278 0.522604 0.450463 0.522370 0.449028 0.521536 0.448889 0.520990 0.449676 0.520938 0.450694 0.520000 0.450741 0.519870 0.455787
1 0.545052 0.487546 0.536885 0.494727 0.535781 0.496204 0.535339 0.495139 0.538281 0.491528 0.536042 0.488704 0.535990 0.487315 0.536901 0.486713 0.538568 0.489583 0.539479 0.490417 0.540573 0.489861 0.544500 0.485880
2 0.571167 0.527051 0.570172 0.534176 0.569328 0.536375 0.564807 0.537500 0.562487 0.535250 0.561669 0.533565 0.560763 0.534264 0.559198 0.534690 0.558745 0.537315 0.557268 0.537370 0.552448 0.532815 0.551484 0.533565 0.556763 0.543019 0.563789 0.557685 0.564273 0.551014 0.565365 0.546704 0.566857 0.543773 0.569115 0.540185 0.572099 0.537319 0.575891 0.536162 0.579078 0.536880 0.571495 0.531144 0.572818 0.526657
2 0.494352 0.455750 0.495833 0.455741 0.497526 0.457361 0.497318 0.454722 0.493646 0.452778
2 0.498437 0.457963 0.500130 0.456667 0.505078 0.461019 0.503945 0.462264 0.503529 0.464810 0.504375 0.466343 0.499740 0.476574 0.498547 0.472185 0.501948 0.464519 0.501948 0.461250
9 0.498073 0.453472 0.499141 0.453380 0.499922 0.454074 0.500443 0.455602 0.500130 0.456667 0.498437 0.457963 0.497526 0.457361 0.497318 0.454722
2 0.499935 0.493681 0.500497 0.499903 0.499701 0.501935 0.504372 0.506958 0.508589 0.510181 0.506534 0.499278 0.506568 0.496111 0.505781 0.494028 0.504401 0.493843
2 0.502984 0.488051 0.505794 0.490134 0.508427 0.492727 0.508568 0.493981 0.506568 0.496111 0.505781 0.494028 0.504401 0.493843 0.501172 0.491389 0.501094 0.488889
2 0.502984 0.488051 0.503060 0.487171 0.507305 0.481384 0.508844 0.480319 0.511151 0.481241 0.511958 0.481981 0.512323 0.484713 0.511682 0.487125 0.510380 0.490782 0.508427 0.492727 0.505794 0.490134
2 0.505078 0.461019 0.506224 0.464583 0.508542 0.469954 0.513880 0.481713 0.515026 0.483472 0.513938 0.484806 0.512948 0.485083 0.512323 0.484713 0.511958 0.481981 0.511151 0.481241 0.507740 0.473833 0.504938 0.467449 0.503529 0.464810 0.503945 0.462264
5 0.499135 0.430769 0.499284 0.432375 0.505372 0.457389 0.504766 0.456852 0.504323 0.458704 0.500443 0.455602 0.499922 0.454074 0.499141 0.453380 0.498073 0.453472 0.496120 0.447824 0.495938 0.446389 0.495677 0.441991 0.496927 0.436991
2 0.541693 0.601250 0.551276 0.592963 0.558724 0.587037 0.558979 0.587926 0.557690 0.597606 0.556562 0.602917 0.550445 0.608491 0.545099 0.613454
5 0.504034 0.379324 0.504268 0.383764 0.504060 0.387190 0.503096 0.386218 0.502289 0.384829 0.501250 0.385338 0.499070 0.383125 0.498589 0.385963 0.499292 0.386310 0.499833 0.393810 0.499776 0.398167 0.502849 0.407148 0.507734 0.427560 0.509240 0.435486 0.512193 0.438431 0.510057 0.432315 0.508836 0.424940 0.508872 0.418620 0.509464 0.416449 0.518146 0.416014 0.529023 0.416079 0.528250 0.414856 0.522474 0.411208 0.518206 0.395273 0.516318 0.394218 0.512914 0.392583 0.509297 0.391431
8 0.430250 0.199088 0.421604 0.211917 0.418745 0.216194 0.417107 0.220037 0.416375 0.224620 0.416174 0.231097 0.416227 0.235958 0.417242 0.236606 0.418857 0.236329 0.418805 0.230264 0.418919 0.224310 0.419826 0.220532 0.422755 0.215759 0.431888 0.202435
8 0.466198 0.287014 0.465813 0.291852 0.464943 0.298977 0.464245 0.307343 0.462396 0.332407 0.464133 0.332472 0.465542 0.307333 0.466167 0.300435 0.466945 0.293583 0.467622 0.290106 0.467622 0.287194
8 0.473893 0.297116 0.473451 0.303319 0.472617 0.309014 0.471029 0.322532 0.470326 0.323875 0.469935 0.326190 0.469753 0.330819 0.469414 0.333319 0.470482 0.333644 0.471133 0.331468 0.471263 0.326838 0.472044 0.322440 0.472773 0.313736 0.473919 0.306699 0.474518 0.301514 0.475143 0.297486 0.474414 0.296699
2 0.535385 0.402472 0.532760 0.408704 0.532005 0.408657 0.531979 0.406991 0.529036 0.404444 0.531615 0.397176 0.532240 0.396204
5 0.538510 0.377755 0.545464 0.377986 0.546609 0.379005 0.548042 0.380949 0.549786 0.381597 0.550542 0.381042 0.552208 0.381319 0.553224 0.380671 0.554057 0.380856 0.553745 0.383125 0.555021 0.383264 0.554969 0.384468 0.554422 0.384977 0.552286 0.395856 0.551401 0.396097 0.550854 0.395634 0.548172 0.396144 0.545984 0.395634 0.544448 0.393736 0.542234 0.391977 0.542026 0.389847 0.541583 0.389801 0.541141 0.391097 0.539917 0.391005 0.539031 0.391606 0.535672 0.400310 0.533172 0.394324
2 0.490875 0.363199 0.490966 0.368986 0.491659 0.369787 0.491417 0.371181 0.492563 0.376644 0.495185 0.382431 0.497805 0.386287 0.498589 0.385963 0.499070 0.383125 0.501250 0.385338 0.502289 0.384829 0.503096 0.386218 0.504060 0.387190 0.504268 0.383764 0.504034 0.379324 0.502656 0.372306 0.500555 0.367343 0.498836 0.366468 0.498602 0.365310 0.497872 0.362806 0.495763 0.360356 0.494617 0.360356 0.493393 0.359060 0.491883 0.360537
9 0.547344 0.443764 0.546859 0.443704 0.544570 0.448694 0.544539 0.450806 0.547781 0.449690 0.548445 0.446093
2 0.482122 0.396653 0.483690 0.396917 0.484896 0.386435 0.487146 0.396870 0.485789 0.398315 0.483258 0.399176 0.484161 0.405065 0.485036 0.407528 0.486154 0.408644 0.487247 0.411699 0.487779 0.415176 0.487169 0.421231 0.486378 0.421926 0.480260 0.388102 0.480984 0.386593 0.482786 0.385741
9 0.536719 0.423727 0.536792 0.427750 0.536279 0.430278 0.535305 0.432111 0.534008 0.429435
2 0.542786 0.408611 0.542971 0.410514 0.544784 0.413796 0.542500 0.421481 0.539234 0.416269
2 0.539234 0.416269 0.539161 0.421069 0.542154 0.427426 0.545034 0.434556 0.545911 0.438644 0.546823 0.436296 0.545234 0.428102 0.544297 0.425000 0.542500 0.421481
2 0.536276 0.411148 0.534344 0.415065 0.533094 0.416500 0.532078 0.419556 0.531062 0.418815 0.530880 0.415852 0.532182 0.414833 0.535516 0.408167 0.536115 0.405991 0.535385 0.402472 0.532760 0.408704 0.532005 0.408657 0.529023 0.416079 0.530591 0.416944 0.529826 0.421778 0.530904 0.421185 0.532742 0.424343 0.536120 0.416620 0.536484 0.413843 0.537214 0.412407
9 0.529036 0.404444 0.530625 0.399907 0.529870 0.398843 0.528776 0.400046 0.527109 0.400833 0.527161 0.402824 0.527786 0.402917 0.527839 0.403935
9 0.524141 0.407083 0.524096 0.405231 0.523549 0.404630 0.523263 0.402731 0.524201 0.400880 0.524904 0.401204 0.525346 0.402500 0.525729 0.403194
2 0.522474 0.411208 0.528250 0.414856 0.529023 0.416079 0.532005 0.408657 0.531979 0.406991 0.529036 0.404444 0.525729 0.403194
2 0.432026 0.320472 0.432992 0.320366 0.434047 0.319347 0.435130 0.319347 0.435130 0.321384 0.434135 0.321384 0.433049 0.322454 0.432180 0.322991 0.429948 0.323935 0.426563 0.323843 0.424141 0.325185 0.424036 0.323981 0.426224 0.322593
5 0.418823 0.337046 0.419344 0.337046 0.420503 0.341023 0.423672 0.339120 0.431081 0.335690 0.444987 0.329255 0.452141 0.323801 0.456208 0.322245 0.461633 0.319245 0.461331 0.314000 0.460096 0.306444 0.459372 0.306338 0.457565 0.307407 0.453859 0.309713 0.449531 0.312278 0.444469 0.315491 0.438839 0.320366 0.433716 0.324273 0.432477 0.324486 0.430357 0.324657 0.427073 0.328245 0.424784 0.328514 0.423547 0.327602 0.421198 0.330444 0.421107 0.333069 0.420083 0.334458 0.418758 0.334139
2 0.431081 0.335690 0.431445 0.337218 0.431833 0.338907 0.432917 0.343704 0.433906 0.343750 0.435622 0.352338 0.429799 0.364977 0.429010 0.353750 0.427266 0.353843 0.423672 0.339120
2 0.451953 0.417028 0.460964 0.415269 0.461510 0.417537 0.457448 0.418463 0.459010 0.425454 0.461771 0.424713 0.460339 0.427731 0.457240 0.428231
7 0.429646 0.308046 0.430190 0.309116 0.432026 0.320472 0.432992 0.320366 0.434047 0.319347 0.435130 0.319347 0.435130 0.321384 0.434135 0.321384 0.433049 0.322454 0.432180 0.322991 0.432477 0.324486 0.433716 0.324273 0.438839 0.320366 0.444469 0.315491 0.449531 0.312278 0.449773 0.307986 0.448599 0.302847 0.446971 0.293741 0.446971 0.290958 0.445888 0.290583 0.443565 0.294171 0.440586 0.297653 0.438326 0.299907 0.436185 0.300329 0.431815 0.303759
2 0.453073 0.375972 0.454229 0.385042 0.456159 0.399986 0.457122 0.400630 0.458146 0.402292 0.458776 0.401944 0.455888 0.384495 0.456615 0.383843 0.455208 0.379815
9 0.430487 0.313773 0.428779 0.312468 0.426687 0.312282 0.426687 0.313648 0.427943 0.314579 0.428708 0.316931 0.430521 0.320403 0.431602 0.319597
1 0.434977 0.277625 0.431930 0.276426 0.427945 0.276056 0.427685 0.277213 0.425602 0.290681 0.426591 0.291421 0.428622 0.278088 0.431148 0.278690 0.432815 0.278370 0.435159 0.278741
2 0.403286 0.277579 0.404945 0.278491 0.405909 0.277741 0.409167 0.267963 0.408099 0.266528 0.406979 0.264769 0.406250 0.265093 0.404297 0.272917
2 0.405716 0.307713 0.407305 0.304148 0.406549 0.303361 0.405794 0.301278 0.407969 0.294954 0.409961 0.289657 0.411992 0.290306 0.412695 0.286833 0.413919 0.284102 0.416419 0.285120 0.417409 0.288870 0.416055 0.293917 0.415560 0.292898 0.414023 0.293269 0.415169 0.297019 0.412044 0.306000
2 0.414857 0.262981 0.417469 0.262213 0.419221 0.261884 0.421159 0.262866 0.421622 0.263523 0.422083 0.265986 0.422148 0.268634 0.408242 0.276319 0.406674 0.275333 0.409167 0.267963 0.408099 0.266528 0.406979 0.264769
2 0.416055 0.293917 0.415560 0.292898 0.414023 0.293269 0.415169 0.297019 0.416828 0.301944 0.418185 0.304894 0.419328 0.304569 0.419148 0.302481
2 0.421120 0.286528 0.420573 0.289630 0.418906 0.289861 0.417409 0.288870 0.416419 0.285120 0.413919 0.284102 0.412695 0.286833 0.412292 0.288704 0.411823 0.287639 0.412396 0.284306 0.414193 0.282731 0.414740 0.281435 0.416667 0.280509 0.419193 0.283009
2 0.398089 0.282491 0.397937 0.284352 0.406719 0.293657 0.406667 0.292454 0.404271 0.289954 0.403086 0.286750 0.401240 0.283370 0.399818 0.282361
2 0.510333 0.325273 0.506599 0.332454 0.502591 0.340380 0.501266 0.341449 0.499969 0.346380 0.499096 0.347023 0.497557 0.350824 0.497286 0.353074 0.498281 0.354037 0.499125 0.352912 0.500932 0.351949 0.513135 0.324472
2 0.482831 0.309347 0.481529 0.312542 0.481724 0.314333 0.482237 0.314819 0.487266 0.314028 0.501901 0.310972 0.502474 0.309537 0.502318 0.308241 0.501380 0.307454
2 0.501203 0.299806 0.502219 0.299667 0.502115 0.298741 0.503755 0.297444 0.504333 0.295514 0.510714 0.304745 0.511237 0.306546 0.513443 0.309620 0.513359 0.310880 0.509948 0.314815 0.500859 0.304861 0.502266 0.302454
2 0.494328 0.296472 0.503885 0.294713 0.504333 0.295514 0.503755 0.297444 0.502115 0.298741 0.502219 0.299667 0.501203 0.299806 0.500969 0.298463 0.499745 0.298741 0.497531 0.300315 0.496698 0.299667 0.494250 0.300083
2 0.481529 0.300352 0.492206 0.297343 0.492232 0.300074 0.491841 0.301000 0.489419 0.301278 0.489312 0.302481 0.486893 0.302944 0.486789 0.301880 0.481294 0.303593 0.481268 0.302157
2 0.474518 0.301514 0.479714 0.300602 0.479714 0.302824 0.479245 0.304676 0.475573 0.305000 0.474237 0.304394
9 0.479917 0.285028 0.478893 0.287171 0.478922 0.288833 0.479737 0.290009 0.479885 0.290815 0.483081 0.294727 0.484768 0.294352 0.485039 0.291671 0.484828 0.289903 0.483953 0.288245 0.481635 0.287815 0.481424 0.286046
2 0.466167 0.300435 0.465542 0.307333 0.464133 0.332472 0.465286 0.332593 0.465286 0.328241 0.465859 0.316667 0.466901 0.307963 0.467214 0.301620
2 0.473672 0.308194 0.476841 0.309903 0.480383 0.312495 0.481529 0.312542 0.482831 0.309347 0.476711 0.305505 0.474237 0.304394 0.473919 0.306699
2 0.466167 0.300435 0.472839 0.307593 0.473451 0.303319 0.472508 0.302116 0.466719 0.295602
2 0.461919 0.289255 0.465539 0.293931 0.464943 0.298977 0.460409 0.293144 0.460852 0.289440
10 0.457508 0.300134 0.457482 0.303653 0.457565 0.307407 0.459372 0.306338 0.460096 0.306444 0.460268 0.307449 0.462221 0.307356 0.463552 0.305968 0.463497 0.300319 0.462586 0.298745 0.460138 0.298097
2 0.423242 0.350023 0.427266 0.353843 0.427266 0.353843 0.429141 0.355046 0.429688 0.363241 0.427161 0.362454
2 0.518708 0.492167 0.517503 0.492542 0.517292 0.495593 0.517805 0.499824 0.523167 0.505236 0.530349 0.513222 0.532565 0.513454 0.541268 0.521676 0.549615 0.530245 0.557268 0.537370 0.558745 0.537315 0.559581 0.532940 0.558930 0.531593 0.545385 0.518630 0.535909 0.507565 0.530128 0.502616 0.521013 0.493403
2 0.522703 0.298403 0.530930 0.322014 0.539607 0.347333 0.539659 0.350435 0.538930 0.352704 0.537055 0.351963 0.522693 0.308218
10 0.491219 0.324199 0.493198 0.321792 0.495229 0.320079 0.497365 0.321329 0.497836 0.323940 0.498435 0.325329 0.497937 0.328366 0.496375 0.333042 0.494370 0.334940 0.491792 0.335588 0.490854 0.333644 0.490776 0.328273
10 0.501456 0.312083 0.500701 0.314306 0.498148 0.318847 0.497836 0.323940 0.498435 0.325329 0.500128 0.325509 0.501352 0.326528 0.504424 0.322176 0.504529 0.319213 0.505310 0.318241 0.505492 0.314306 0.504555 0.311389 0.503305 0.311019
2 0.486633 0.287556 0.498375 0.281685 0.500427 0.281815 0.503148 0.293593 0.503885 0.294713 0.494328 0.296472 0.494299 0.297935 0.492201 0.298375 0.492206 0.297343 0.489875 0.292699
5 0.532578 0.338097 0.530849 0.345343 0.531008 0.349102 0.518799 0.350667 0.511484 0.353981 0.511323 0.351185 0.510073 0.349750 0.508500 0.348532 0.509427 0.341148 0.514471 0.325444 0.513135 0.324472 0.510333 0.325273 0.506599 0.332454 0.505104 0.329444 0.509948 0.314815 0.513359 0.310880 0.513443 0.309620 0.514695 0.308222 0.515964 0.309167 0.515607 0.311977 0.514643 0.313551 0.514904 0.314616 0.516388 0.312255 0.516745 0.309676 0.518151 0.310694 0.517057 0.311667 0.516198 0.315231 0.516849 0.316065 0.517813 0.315926 0.517917 0.314167 0.518490 0.312269 0.520083 0.312023 0.520422 0.313134 0.521646 0.312532 0.522792 0.310264 0.522693 0.308218
9 0.466945 0.293583 0.466719 0.295602 0.469479 0.298704 0.469505 0.297176 0.469036 0.295509
9 0.465813 0.291852 0.465539 0.293931 0.462839 0.290417 0.463333 0.289722 0.464297 0.289815
2 0.460609 0.277574 0.461302 0.278324 0.460940 0.284537 0.458591 0.286306 0.458672 0.284213 0.459583 0.283935 0.459922 0.280926 0.459193 0.280463 0.458047 0.283056 0.456721 0.283356 0.456797 0.281667
2 0.456328 0.339676 0.455391 0.339630 0.454948 0.339028 0.454818 0.339676 0.454010 0.339630 0.454010 0.338102 0.454401 0.337500 0.453021 0.333935 0.452982 0.335644 0.451602 0.340366 0.448734 0.339597 0.448698 0.340926 0.447667 0.342282 0.447482 0.343625 0.448161 0.344412 0.449021 0.344227 0.449333 0.346310 0.449271 0.348009
2 0.466901 0.307963 0.465859 0.316667 0.465286 0.328241 0.467161 0.326852 0.469677 0.314597 0.470589 0.314551 0.469078 0.324227 0.471029 0.322532 0.472617 0.309014
2 0.473443 0.309509 0.472773 0.313736 0.472044 0.322440 0.474492 0.320014 0.480279 0.314176 0.479482 0.312565 0.478049 0.311407
10 0.509490 0.364273 0.509490 0.366819 0.509073 0.368069 0.510401 0.370847 0.506990 0.373394 0.507276 0.375847 0.508214 0.377375 0.509620 0.377236 0.510297 0.375894 0.511130 0.377375 0.510422 0.381319 0.510635 0.386806 0.511313 0.388611 0.512484 0.383333 0.512641 0.389769 0.514333 0.386759 0.514464 0.384120 0.516156 0.381250 0.516755 0.377731 0.515740 0.376759 0.515167 0.374259 0.518057 0.369630 0.518031 0.367269 0.515766 0.365648 0.513500 0.370694
2 0.456208 0.322245 0.452141 0.323801 0.444987 0.329255 0.451914 0.329532 0.452630 0.328148 0.453906 0.328611 0.454219 0.331667 0.455521 0.327269
2 0.462221 0.307356 0.460268 0.307449 0.461331 0.314000 0.461633 0.319245 0.456208 0.322245 0.455833 0.331806 0.462396 0.332407 0.464245 0.307343
2 0.469753 0.330819 0.469414 0.333319 0.470482 0.333644 0.471133 0.331468 0.473099 0.329537 0.474193 0.329630 0.477990 0.334208 0.480036 0.336514 0.482117 0.334903 0.484164 0.335171 0.486417 0.338042 0.484427 0.336296 0.483664 0.337509 0.483555 0.339639 0.486063 0.341963 0.485781 0.344444 0.481979 0.340648 0.479974 0.341944 0.476068 0.341759 0.475547 0.339861 0.473568 0.339722 0.470547 0.338796 0.470469 0.336713 0.469818 0.336852 0.468802 0.335741 0.468490 0.334537 0.468385 0.332778
2 0.469898 0.261773 0.470313 0.267083 0.471068 0.273565 0.472914 0.279255 0.472753 0.282407 0.474849 0.291273 0.473352 0.292139 0.473893 0.297116 0.473557 0.301699 0.473263 0.301792 0.469435 0.285958 0.468341 0.281190 0.467234 0.279046 0.469049 0.269509
2 0.473893 0.297116 0.474414 0.296699 0.475143 0.297486 0.474518 0.301514 0.479714 0.300602 0.481529 0.300352 0.492206 0.297343 0.489875 0.292699 0.486633 0.287556 0.485307 0.287181 0.483953 0.288245 0.484828 0.289903 0.485039 0.291671 0.484768 0.294352 0.483081 0.294727 0.479885 0.290815 0.479737 0.290009 0.474849 0.291273 0.473352 0.292139
7 0.400732 0.308991 0.410333 0.329431 0.414125 0.328139 0.414648 0.338894 0.419057 0.348375 0.418130 0.306139 0.417323 0.304630
2 0.410333 0.329431 0.414648 0.338894 0.414125 0.328139
5 0.541187 0.599542 0.549544 0.590083 0.556224 0.582639 0.557005 0.585972 0.551276 0.592963 0.541693 0.601250
10 0.439943 0.243954 0.431474 0.247704 0.430781 0.254134 0.432409 0.263347 0.434427 0.271542 0.435969 0.277625 0.436776 0.279292 0.437740 0.279523 0.438818 0.278509 0.438607 0.274250 0.438714 0.272444 0.437018 0.263421 0.437281 0.259671 0.438714 0.251894
5 0.498156 0.214667 0.496891 0.215736 0.496258 0.229556 0.501862 0.240162 0.508641 0.254144 0.513104 0.263185 0.513260 0.264579 0.517398 0.275181 0.519117 0.277537 0.522471 0.286028 0.527177 0.299287 0.534812 0.321352 0.536518 0.327644 0.544073 0.351491 0.548461 0.365171 0.552831 0.380009 0.555018 0.380565 0.557727 0.382370 0.560201 0.379958 0.564628 0.373019 0.565799 0.371810 0.565669 0.370194 0.554555 0.342843 0.541565 0.310356 0.518815 0.254995 0.517651 0.257176 0.523344 0.270407 0.523193 0.271958 0.522651 0.271852 0.516956 0.257602 0.514305 0.251870 0.508128 0.241639 0.508490 0.239282 0.512107 0.246620 0.513221 0.245444 0.513161 0.243625
5 0.476557 0.182875 0.475581 0.184116 0.474815 0.186718 0.474849 0.188329 0.476523 0.194028 0.477534 0.195889 0.469203 0.197810 0.468052 0.206921 0.468016 0.213861 0.469471 0.214574 0.470357 0.215778 0.470148 0.220407 0.469680 0.221519 0.469602 0.223000 0.470461 0.222444 0.473013 0.226148 0.472310 0.227120 0.466945 0.226750 0.468609 0.243056 0.469656 0.259477 0.470247 0.256194 0.471258 0.246338 0.470352 0.245347 0.470458 0.244356 0.471258 0.244481 0.471885 0.246153 0.471818 0.249315 0.471083 0.257681 0.469898 0.261773 0.470313 0.267083 0.471927 0.266713 0.472932 0.264435 0.477396 0.260037 0.480357 0.256440 0.480323 0.255079 0.483461 0.253528 0.484576 0.252972 0.485518 0.251236 0.484786 0.246648 0.483495 0.243796 0.483320 0.237537 0.484055 0.235866 0.483844 0.233384 0.482589 0.227125 0.481893 0.225889 0.481508 0.215287 0.478823 0.190560
5 0.553125 0.644662 0.567969 0.650037 0.574464 0.652620 0.578779 0.654699 0.582167 0.655491 0.584063 0.657282 0.581432 0.668472 0.572044 0.669042 0.557117 0.660509
5 0.508542 0.469954 0.514792 0.469259 0.515312 0.471065 0.515625 0.470463 0.516979 0.472083 0.517396 0.474398 0.518672 0.475046 0.519427 0.477176 0.519687 0.479583 0.520208 0.483611 0.518958 0.484398 0.515026 0.483472 0.513880 0.481713
5 0.505372 0.457389 0.504766 0.456852 0.504323 0.458704 0.506224 0.464583 0.508542 0.469954 0.514792 0.469259 0.513776 0.468194 0.513445 0.466833 0.506831 0.462625
5 0.502396 0.426204 0.499135 0.430769 0.499284 0.432375 0.505372 0.457389 0.506831 0.462625 0.513445 0.466833 0.513862 0.465676 0.514979 0.465167 0.515057 0.462991 0.514669 0.459241 0.513732 0.458917 0.513862 0.456421 0.511589 0.457500 0.510339 0.451759 0.508456 0.441648 0.507401 0.436398 0.502701 0.430880
5 0.508456 0.441648 0.510445 0.444648 0.512013 0.440736 0.513729 0.442398 0.515547 0.453796 0.514896 0.454259 0.514583 0.456065 0.511589 0.457500 0.510339 0.451759
5 0.507401 0.436398 0.508456 0.441648 0.510445 0.444648 0.512013 0.440736
5 0.502849 0.407148 0.502589 0.409463 0.501987 0.411176 0.501573 0.415157 0.502701 0.430880 0.507401 0.436398 0.513729 0.442398 0.518401 0.444273 0.518461 0.440898 0.517104 0.440574 0.516292 0.439181 0.514362 0.439236 0.513789 0.436449 0.512193 0.438431 0.509240 0.435486 0.507734 0.427560
5 0.491849 0.373148 0.492563 0.376644 0.495185 0.382431 0.497805 0.386287 0.498589 0.385963 0.499292 0.386310 0.499833 0.393810 0.499776 0.398167 0.502849 0.407148 0.502589 0.409463 0.501987 0.411176 0.501573 0.415157 0.500505 0.415065 0.499750 0.414000 0.491182 0.408815 0.485635 0.406551 0.485659 0.404977 0.487273 0.397708 0.488474 0.391505
5 0.446151 0.338884 0.443292 0.341431 0.439318 0.346755 0.435622 0.352338 0.429799 0.364977 0.428266 0.368694 0.430198 0.372731 0.431474 0.370370 0.433401 0.371343 0.435430 0.371435 0.436682 0.368796 0.439990 0.363014 0.444391 0.355278 0.448161 0.348856 0.449201 0.348671 0.449333 0.346310 0.449021 0.344227 0.448161 0.344412 0.447482 0.343625 0.447667 0.342282 0.448698 0.340926 0.448734 0.339597
5 0.441826 0.289819 0.441565 0.292088 0.441044 0.294866 0.440680 0.295699 0.440586 0.297653 0.443565 0.294171 0.445888 0.290583 0.446971 0.290958 0.446971 0.293741 0.448599 0.302847 0.449773 0.307986 0.449531 0.312278 0.453859 0.309713 0.454492 0.306338 0.455516 0.305750 0.455818 0.304463 0.456419 0.294019 0.456542 0.286787 0.456029 0.284750 0.456180 0.283250 0.456721 0.283356 0.456841 0.276769 0.457203 0.275269 0.456904 0.272000 0.456271 0.264019 0.454401 0.262949 0.453346 0.264287 0.450906 0.266806 0.447411 0.270125 0.445904 0.268787 0.444911 0.270074 0.443977 0.274949 0.442831 0.277250
5 0.491068 0.261389 0.490008 0.265120 0.490477 0.270722 0.494411 0.270769 0.494721 0.269935 0.496104 0.270259 0.497951 0.270120 0.498159 0.268176 0.497951 0.264426 0.495867 0.264241 0.495555 0.261231 0.500573 0.261065 0.501589 0.265509 0.502292 0.265694 0.503255 0.264491 0.505911 0.267824 0.506042 0.269074 0.505448 0.270125 0.504198 0.273088 0.499628 0.275556 0.478568 0.283333 0.475234 0.284398 0.474167 0.282963 0.471068 0.273565 0.470313 0.267083 0.471927 0.266713
5 0.463560 0.212954 0.463260 0.221810 0.464706 0.225454 0.466945 0.226750 0.472310 0.227120 0.473013 0.226148 0.470461 0.222444 0.469602 0.223000 0.469680 0.221519 0.470148 0.220407 0.470357 0.215778 0.469471 0.214574 0.465852 0.212861
5 0.454872 0.200537 0.457487 0.201282 0.458771 0.205579 0.462115 0.211417 0.462536 0.213722 0.463260 0.221810 0.463773 0.228130 0.463984 0.232630 0.464646 0.234773 0.464857 0.236060 0.464617 0.238954 0.465099 0.240611 0.464677 0.242111 0.464255 0.242218 0.463591 0.245218 0.462779 0.246343 0.461120 0.246292 0.456721 0.237667 0.455336 0.237773 0.454401 0.239329 0.453227 0.238792 0.452112 0.239167 0.450727 0.241523 0.447802 0.240986 0.447802 0.239060 0.448888 0.229954 0.450516 0.217792 0.452263 0.206921 0.450333 0.206384 0.447141 0.203921 0.446406 0.201574
5 0.416174 0.231097 0.415497 0.231468 0.414690 0.234616 0.414794 0.238134 0.414846 0.241884 0.415393 0.243690 0.416669 0.252023 0.417919 0.256931 0.419039 0.258875 0.420003 0.258505 0.431474 0.247704 0.435159 0.245403 0.437477 0.242625 0.436695 0.239106 0.435211 0.238690 0.435315 0.236792 0.436487 0.237116 0.435341 0.232394 0.434117 0.225912 0.433362 0.225310 0.431253 0.225634 0.425081 0.227764 0.423284 0.227995 0.418805 0.230264 0.418857 0.236329 0.417242 0.236606 0.416227 0.235958
5 0.440591 0.191588 0.441552 0.188903 0.447013 0.178190 0.447482 0.172681 0.449721 0.171056 0.452227 0.170486 0.455271 0.171019 0.465542 0.172958 0.469620 0.175250 0.471190 0.173454 0.476661 0.181944 0.476557 0.182875 0.475581 0.184116 0.474815 0.186718 0.474849 0.188329 0.476523 0.194028 0.477534 0.195889 0.465263 0.198718 0.462552 0.199148 0.461286 0.200167 0.458966 0.200273 0.457487 0.201282 0.454872 0.200537 0.443474 0.201903 0.443786 0.198556
3 0.546701 0.402579 0.548549 0.403694 0.551060 0.405866 0.553010 0.410759 0.553849 0.415532 0.554372 0.420185 0.553987 0.423037 0.553151 0.421917 0.551268 0.423838 0.553255 0.427310 0.553221 0.432884 0.551060 0.433569 0.549315 0.432389 0.549875 0.425449 0.548096 0.414356 0.547224 0.412620 0.544784 0.413796 0.542971 0.410514 0.542693 0.407597
3 0.555766 0.419125 0.558346 0.419685 0.559635 0.422472 0.556359 0.425333 0.553987 0.423037 0.554372 0.420185
3 0.554789 0.393718 0.556253 0.393593 0.558938 0.397185 0.560404 0.400843 0.560995 0.406361 0.561135 0.413796 0.560820 0.422162 0.559635 0.422472 0.558346 0.419685 0.555766 0.419125 0.556289 0.412060 0.555695 0.404130 0.553849 0.401278 0.552872 0.397685
7 0.600880 0.567403 0.612760 0.585255 0.611357 0.586889 0.610547 0.585736 0.607630 0.584106 0.605849 0.587079 0.608818 0.591495 0.608440 0.592551 0.608872 0.597931 0.607630 0.602824 0.606120 0.604361 0.605362 0.606282 0.604661 0.605801 0.602664 0.607046 0.595211 0.598889 0.594292 0.600134 0.590568 0.594185 0.587164 0.598505 0.585760 0.598889 0.585167 0.595431 0.584086 0.585931 0.586193 0.583338 0.592133 0.578440 0.596885 0.572968
7 0.499628 0.275556 0.500427 0.281815 0.503148 0.293593 0.504333 0.295514 0.510714 0.304745 0.511237 0.306546 0.513443 0.309620 0.514695 0.308222 0.520083 0.312023 0.520422 0.313134 0.521646 0.312532 0.522792 0.310264 0.522693 0.308218 0.522703 0.298403 0.523003 0.293412 0.523234 0.292065 0.522456 0.290866 0.513208 0.281051 0.512115 0.279014 0.508471 0.270773 0.507768 0.270264 0.505448 0.270125 0.504198 0.273088
7 0.432630 0.144546 0.431307 0.151301 0.430190 0.167977 0.430146 0.177329 0.430510 0.184181 0.432099 0.189644 0.434211 0.188208 0.435331 0.187236 0.435826 0.185940 0.436344 0.186130 0.436578 0.187093 0.437672 0.186171 0.438505 0.186264 0.440591 0.191588 0.441552 0.188903 0.447013 0.178190 0.447482 0.172681 0.449721 0.171056 0.452227 0.170486 0.455271 0.171019 0.454219 0.155435 0.455393 0.148352 0.456380 0.141083 0.456461 0.135116 0.455284 0.131431 0.451094 0.133843 0.434823 0.145093 0.433648 0.144236
7 0.389036 0.231991 0.389870 0.232315 0.386302 0.241481 0.385521 0.244120 0.379818 0.250694 0.379479 0.248333 0.380026 0.244120 0.384427 0.234398
7 0.395956 0.213389 0.395927 0.218532 0.391250 0.228750 0.389349 0.228843 0.386615 0.230139 0.386466 0.227801 0.388031 0.227162 0.390411 0.227856 0.390833 0.226787 0.388214 0.223306 0.397854 0.202782 0.398609 0.203375 0.397885 0.207819 0.397826 0.210389 0.396951 0.212856
8 0.664010 0.643889 0.668596 0.639005 0.669797 0.638449 0.670260 0.639199 0.670029 0.639977 0.667813 0.642204
8 0.668052 0.637579 0.668596 0.639005 0.664010 0.643889 0.660674 0.645417
8 0.653898 0.651519 0.655521 0.651620 0.658151 0.649676 0.658542 0.648102 0.656128 0.648574
8 0.660016 0.644074 0.669003 0.633458 0.669547 0.634199 0.669596 0.636231 0.668052 0.637579 0.660674 0.645417 0.658958 0.646065
8 0.667813 0.642204 0.675628 0.639565 0.675727 0.641667 0.665411 0.645986 0.661458 0.647421 0.656128 0.648574 0.657992 0.646389 0.660674 0.645417
8 0.668375 0.631278 0.670221 0.629014 0.670924 0.629620 0.671031 0.631653 0.669003 0.633458 0.660016 0.644074 0.656128 0.648574 0.653898 0.651519 0.652341 0.651366 0.652503 0.649356 0.653029 0.647708 0.654641 0.647778 0.662742 0.638079 0.666094 0.634028 0.667318 0.632593
6 0.456904 0.272000 0.457203 0.275269 0.457422 0.278125 0.460609 0.277574 0.462510 0.266838 0.463055 0.264477 0.462958 0.260898 0.462865 0.258194 0.461693 0.256667 0.460417 0.252269 0.458359 0.251065 0.458307 0.249583 0.459740 0.249676 0.460026 0.248102 0.461120 0.246292 0.456721 0.237667 0.456641 0.243148 0.455443 0.243611 0.456271 0.264019
6 0.558625 0.487611 0.560034 0.487514 0.561286 0.488574 0.560451 0.490481 0.559133 0.492718 0.555031 0.494079
5 0.587568 0.488250 0.585581 0.497981 0.592253 0.508083 0.592318 0.509977 0.586940 0.527847 0.584346 0.537509 0.583482 0.541023 0.582870 0.540042 0.579078 0.536880 0.571495 0.531144 0.572818 0.526657 0.573880 0.523093 0.576953 0.512815 0.577732 0.510463 0.580307 0.504120 0.580276 0.502116 0.584995 0.487269 0.586406 0.486556
1 0.612135 0.605000 0.612016 0.606917 0.612052 0.611361 0.611977 0.612319 0.611784 0.612384 0.610938 0.609514 0.611130 0.605481 0.611245 0.605000 0.611477 0.604796 0.611552 0.604181
1 0.592318 0.509977 0.593753 0.531954 0.593914 0.535069 0.594951 0.534644 0.593276 0.508986
6 0.478930 0.341815 0.479576 0.344440 0.482526 0.361338 0.481417 0.363079 0.479740 0.357870 0.478854 0.355370 0.476807 0.345588 0.476068 0.341759
6 0.404708 0.262162 0.412643 0.259537 0.414857 0.260356 0.414857 0.262981 0.406979 0.264769 0.406250 0.265093 0.404339 0.263968
6 0.455966 0.350199 0.463359 0.369176 0.464948 0.373190 0.466820 0.370597 0.465049 0.365412 0.463721 0.362310 0.459138 0.349625 0.458380 0.346940 0.456602 0.346514 0.455878 0.348440
1 0.466117 0.422699 0.473430 0.409625 0.474078 0.409676 0.474263 0.411106 0.466987 0.424370
5 0.484000 0.370810 0.485674 0.379574 0.488474 0.391505 0.487273 0.397708 0.483253 0.378403 0.480961 0.365546 0.480753 0.363991 0.481417 0.363079 0.483315 0.366134
6 0.486417 0.338042 0.484427 0.336296 0.483664 0.337509 0.483555 0.339639 0.486063 0.341963
6 0.489063 0.340847 0.492057 0.345046 0.497557 0.350824 0.497286 0.353074 0.498281 0.354037 0.499125 0.352912 0.498568 0.355880 0.496146 0.353565 0.488742 0.346444
5 0.483253 0.378403 0.482122 0.396653 0.483690 0.396917 0.484896 0.386435
1 0.638815 0.650528 0.631914 0.647514 0.631732 0.649088 0.633086 0.649690 0.640104 0.652546 0.641797 0.653750 0.641771 0.652269
1 0.629599 0.669343 0.629469 0.667565 0.629232 0.665764 0.628112 0.664139 0.626104 0.664139 0.625742 0.663718 0.625797 0.662384 0.627070 0.662241 0.628307 0.662176 0.629896 0.664491 0.630208 0.668009
5 0.484000 0.370810 0.485745 0.344903 0.486443 0.338083 0.486604 0.331815 0.488018 0.330667 0.489026 0.330306 0.489547 0.325787 0.489711 0.319769 0.490719 0.320199 0.490396 0.327370 0.489063 0.340847 0.488742 0.346444 0.485674 0.379574
5 0.551276 0.592963 0.557005 0.585972 0.556224 0.582639 0.557122 0.581606 0.558724 0.587037
2 0.581711 0.604361 0.586570 0.602056 0.586409 0.598694 0.587164 0.598505 0.590568 0.594185 0.594292 0.600134 0.593336 0.602185 0.591378 0.608236 0.591557 0.610810
8 0.490117 0.443880 0.493323 0.457519 0.501099 0.486583 0.502193 0.486907 0.502268 0.486120 0.498547 0.472185 0.494352 0.455750 0.491409 0.443620 0.491122 0.442875 0.490523 0.442833
8 0.518401 0.444273 0.517943 0.447685 0.517682 0.452639 0.517240 0.456204 0.517370 0.459167 0.517318 0.463889 0.516797 0.466528 0.516875 0.470046 0.516979 0.472083 0.517396 0.474398 0.518672 0.475046 0.517995 0.471389 0.518073 0.465926 0.518568 0.464120 0.518828 0.457824 0.519062 0.452917 0.519375 0.447963 0.519870 0.445370 0.519531 0.442176 0.518437 0.442454
8 0.552958 0.493505 0.553401 0.499019 0.554654 0.499662 0.555044 0.498926 0.554339 0.494431 0.554010 0.491389 0.553568 0.489583 0.552656 0.489954
8 0.549172 0.488861 0.549146 0.490667 0.551047 0.490667 0.551594 0.490065 0.552656 0.489954 0.553568 0.489583 0.558625 0.487611 0.564953 0.485667 0.570839 0.482889 0.574445 0.481977 0.575422 0.481407 0.574849 0.480481 0.570161 0.480528 0.568833 0.481037 0.568000 0.482426 0.554146 0.487657 0.552766 0.488398 0.551646 0.488954
8 0.644578 0.589843 0.645823 0.590347 0.647542 0.588741 0.649411 0.586208 0.650896 0.583278 0.650685 0.579995 0.650013 0.579954 0.648656 0.582528 0.646307 0.586273
8 0.640797 0.596898 0.633143 0.609593 0.631562 0.612222 0.629427 0.616667 0.633810 0.611963 0.638177 0.604722 0.641406 0.599213 0.643932 0.595370 0.643229 0.594630
8 0.602284 0.609255 0.602943 0.608889 0.607333 0.615648 0.608128 0.615231 0.609714 0.615981 0.610495 0.614444 0.610182 0.612963 0.608906 0.613241 0.608906 0.614259 0.608464 0.614352 0.603880 0.607963 0.602664 0.607046
8 0.661719 0.563417 0.668414 0.568065 0.668906 0.571019 0.663464 0.567324
8 0.469656 0.259477 0.470247 0.256194 0.471258 0.246338 0.470352 0.245347 0.470458 0.244356 0.471258 0.244481 0.471885 0.246153 0.471818 0.249315 0.471083 0.257681 0.469898 0.261773 0.469049 0.269509 0.467234 0.279046 0.466672 0.277037 0.468042 0.270440 0.469130 0.261977
8 0.418880 0.339769 0.425232 0.361486 0.428266 0.368694 0.428758 0.367486 0.423242 0.350023 0.420503 0.341023 0.419344 0.337046 0.418823 0.337046
8 0.531115 0.390620 0.532104 0.391593 0.533172 0.394324 0.535672 0.400310 0.536714 0.401560 0.537781 0.404199 0.537911 0.406514 0.537057 0.407213 0.536276 0.411148 0.534344 0.415065 0.533094 0.416500 0.532078 0.419556 0.531062 0.418815 0.530880 0.415852 0.532182 0.414833 0.535516 0.408167 0.536115 0.405991 0.535385 0.402472 0.530797 0.393380 0.530589 0.391111
8 0.426698 0.175185 0.429823 0.184306 0.432099 0.189644 0.431099 0.190648 0.425734 0.176111
8 0.463143 0.255880 0.463247 0.258194 0.463924 0.262130 0.465747 0.273287 0.466633 0.273287 0.464427 0.258889 0.463820 0.255833
5 0.398227 0.273773 0.401479 0.277741 0.403286 0.277579 0.404945 0.278491 0.405909 0.277741 0.422148 0.268634 0.432409 0.263347 0.434427 0.271542 0.429440 0.274204 0.429180 0.272903 0.428219 0.273458 0.428297 0.275032 0.427698 0.275125 0.426784 0.274157 0.423242 0.274616 0.422828 0.275963 0.420143 0.278833 0.413242 0.282116 0.412828 0.281005 0.412201 0.280866 0.411758 0.281745 0.411812 0.283042 0.403086 0.286750 0.401240 0.283370 0.399961 0.280130 0.398503 0.278227 0.397669 0.274296
5 0.427685 0.277213 0.425602 0.290681 0.426591 0.291421 0.428622 0.278088 0.431615 0.280093 0.434766 0.283565 0.435859 0.283750 0.435807 0.285278 0.434974 0.289815 0.433255 0.293426 0.431380 0.297083 0.427526 0.293611 0.424714 0.291898 0.422135 0.291065 0.420573 0.289630 0.421120 0.286528 0.422828 0.275963 0.423672 0.275741
5 0.556359 0.425333 0.559635 0.422472 0.560820 0.422162 0.571708 0.415940 0.572797 0.416301 0.574411 0.424546 0.575677 0.434028 0.576146 0.442185 0.574047 0.441972 0.573927 0.438028 0.571951 0.439032 0.564005 0.441255 0.557469 0.428921
5 0.574464 0.652620 0.578779 0.654699 0.580964 0.653815 0.582971 0.653565 0.585911 0.655144 0.586331 0.659620 0.588432 0.663106 0.590495 0.664583 0.593359 0.646005 0.591745 0.640537 0.589831 0.636556 0.587406 0.636389 0.585117 0.637468 0.580172 0.642282 0.577214 0.646343
5 0.531497 0.490213 0.529164 0.497963 0.530128 0.502616 0.535909 0.507565 0.541536 0.514185 0.541083 0.510912 0.538961 0.506889 0.535831 0.500190
5 0.612344 0.560102 0.617508 0.561755 0.618906 0.564306 0.619349 0.566528 0.618854 0.568704 0.618484 0.576329 0.613409 0.573255 0.616016 0.571157 0.613099 0.564167
8 0.493323 0.457519 0.493688 0.462468 0.499685 0.488903 0.501094 0.488889 0.501099 0.486583
5 0.395927 0.218532 0.391250 0.228750 0.389870 0.232315 0.386302 0.241481 0.385521 0.244120 0.390073 0.239111 0.393659 0.229847 0.394260 0.240935 0.394049 0.243292 0.391909 0.243560 0.391307 0.245273 0.387510 0.248968 0.381635 0.255130 0.378971 0.261361 0.381771 0.266505 0.389987 0.274556 0.392693 0.273560 0.394326 0.273972 0.395773 0.277542 0.397128 0.276213 0.397669 0.274296 0.398227 0.273773 0.400628 0.273889 0.400906 0.272315 0.400906 0.267583 0.402094 0.259306 0.400589 0.261236 0.397484 0.270019 0.396641 0.271037 0.395255 0.270125 0.392302 0.259736 0.390826 0.251861 0.391339 0.249718 0.398357 0.241523 0.402909 0.237292 0.409633 0.233495 0.408305 0.230949 0.406557 0.228866 0.404870 0.227694 0.399786 0.222032
5 0.389987 0.274556 0.392693 0.273560 0.394326 0.273972 0.395773 0.277542 0.396312 0.281005 0.395195 0.283356 0.392198 0.286273 0.390133 0.281917 0.388229 0.281898 0.385984 0.276833
8 0.649255 0.579806 0.650594 0.576616 0.652607 0.571171 0.652365 0.568014 0.651615 0.567208 0.650646 0.568106 0.644625 0.583454 0.636969 0.599056 0.631182 0.608347 0.628289 0.611333 0.624370 0.613907 0.619047 0.614653 0.613542 0.615815 0.609714 0.615981 0.608128 0.615231 0.607333 0.615648 0.606685 0.616486 0.608763 0.617343 0.610695 0.617889 0.613594 0.617639 0.622687 0.616477 0.625674 0.615981 0.629781 0.613491 0.633143 0.609593 0.640797 0.596898 0.644578 0.589843
5 0.479974 0.341944 0.481979 0.340648 0.485781 0.344444 0.485745 0.344903 0.485651 0.346574 0.485234 0.346528 0.485221 0.345778 0.483971 0.345222 0.483109 0.343926 0.482563 0.344713 0.482904 0.346194 0.480703 0.346481
5 0.499096 0.347023 0.499969 0.346380 0.501266 0.341449 0.502591 0.340380 0.506599 0.332454 0.505104 0.329444 0.504505 0.329676 0.500833 0.336806 0.499219 0.337778 0.498177 0.339583 0.495000 0.346389 0.496849 0.349398
5 0.498602 0.365310 0.498836 0.366468 0.500555 0.367343 0.502656 0.372306 0.504034 0.379324 0.509297 0.391431 0.512914 0.392583 0.500927 0.361926
5 0.538510 0.377755 0.545464 0.377986 0.547734 0.376852 0.547526 0.372593 0.547109 0.369537 0.546042 0.367917 0.537214 0.368843 0.536354 0.370833 0.532318 0.371389 0.531406 0.374630 0.531979 0.376111 0.534583 0.380000 0.535286 0.379583 0.535625 0.377824 0.536953 0.377500
5 0.553255 0.427310 0.551268 0.423838 0.553151 0.421917 0.553987 0.423037 0.556359 0.425333 0.557469 0.428921 0.564005 0.441255 0.566354 0.444861 0.571385 0.453806 0.575339 0.461333 0.574411 0.466782 0.569005 0.472519 0.562794 0.472736 0.562268 0.475889 0.562268 0.479046 0.559849 0.481199 0.556622 0.482991 0.562029 0.472449 0.565940 0.466782 0.571508 0.461546 0.564714 0.448935 0.564609 0.445343 0.563924 0.443694 0.562552 0.443981
5 0.557190 0.457116 0.562552 0.443981 0.558961 0.437523 0.555292 0.434440 0.548839 0.439319 0.547344 0.443764 0.550612 0.450648 0.555049 0.457676
5 0.607630 0.602824 0.606120 0.604361 0.605362 0.606282 0.604661 0.605801 0.602664 0.607046 0.603880 0.607963 0.608464 0.614352 0.608906 0.614259 0.608906 0.613241 0.610182 0.612963 0.610495 0.614444 0.609714 0.615981 0.612836 0.615852 0.610117 0.606986 0.609872 0.601968 0.609036 0.601843
9 0.538568 0.489583 0.538125 0.484259 0.539583 0.482778 0.540182 0.483472 0.540573 0.489861 0.539479 0.490417
9 0.520083 0.312023 0.518490 0.312269 0.517917 0.314167 0.517813 0.315926 0.516849 0.316065 0.516198 0.315231 0.517057 0.311667 0.518151 0.310694
9 0.516745 0.309676 0.516388 0.312255 0.514904 0.314616 0.514643 0.313551 0.515607 0.311977 0.515964 0.309167
9 0.463359 0.369176 0.463073 0.375755 0.464948 0.373190
10 0.458690 0.431065 0.462385 0.423440 0.464513 0.421148 0.466117 0.422699 0.466987 0.424370 0.467721 0.426852 0.467443 0.430444 0.462945 0.439556
2 0.409396 0.224009 0.408823 0.224333 0.408253 0.227759 0.408409 0.229889 0.410333 0.233310 0.411284 0.232042 0.409688 0.229255 0.409326 0.227060 0.409990 0.225185
