2 0.678346 0.707338 0.671646 0.716292 0.665289 0.706926 0.668604 0.707009 0.670331 0.706426 0.670807 0.704343 0.679862 0.697208 0.679747 0.698370
8 0.437448 0.377454 0.428576 0.381227 0.426677 0.382139 0.427370 0.384398 0.440182 0.378056
8 0.440052 0.381296 0.447495 0.381116 0.455414 0.382315 0.456901 0.381250 0.455883 0.379588 0.452331 0.379370 0.441758 0.377972 0.441628 0.377519 0.440182 0.378056
8 0.411549 0.370579 0.411255 0.371889 0.411344 0.373977 0.411313 0.374745 0.412227 0.374787 0.411875 0.372407
8 0.411875 0.372407 0.415039 0.372569 0.415104 0.370556 0.412565 0.370903 0.412656 0.370185 0.411458 0.369954
8 0.411068 0.383750 0.411276 0.382731 0.412461 0.382583 0.412539 0.383741
8 0.410703 0.376111 0.409422 0.375569 0.406583 0.382421 0.406875 0.383704 0.407865 0.383611 0.408299 0.381819
15 0.519255 0.483231 0.522424 0.485069 0.525086 0.492241 0.526411 0.496583 0.518102 0.494250 0.517448 0.493333
6 0.527865 0.496852 0.529951 0.504028 0.533029 0.505264 0.534492 0.505704 0.538706 0.507731 0.539794 0.509093 0.541568 0.510023 0.544393 0.510671 0.545966 0.511171 0.546370 0.510097 0.546370 0.507875 0.546409 0.505579 0.545094 0.504069 0.534911 0.499338 0.532081 0.498079 0.529742 0.498148 0.529427 0.497083
6 0.526411 0.496583 0.518102 0.494250 0.527099 0.503472 0.528784 0.503694 0.527427 0.498838
8 0.397891 0.375648 0.399279 0.375852 0.399792 0.375880 0.400208 0.377546 0.402526 0.376759 0.402708 0.377546 0.399505 0.379954 0.399135 0.379528
8 0.399792 0.375880 0.400208 0.377546 0.402526 0.376759 0.406070 0.374458 0.410417 0.372315 0.409844 0.370880 0.408391 0.371315 0.401070 0.375866
8 0.406641 0.367269 0.407187 0.368796 0.408031 0.369278 0.408391 0.371315 0.410443 0.370602 0.410599 0.369861 0.411510 0.365926
8 0.450651 0.357037 0.452552 0.353843 0.453404 0.354500 0.452857 0.356958 0.451875 0.358796
8 0.411510 0.365926 0.410599 0.369861 0.412656 0.370185 0.412734 0.367639 0.412734 0.365602
8 0.400729 0.373847 0.407187 0.368796 0.408031 0.369278 0.408391 0.371315 0.401070 0.375866 0.399279 0.375852 0.399383 0.373815
8 0.398177 0.353009 0.420026 0.355324 0.422865 0.356806 0.421302 0.358981 0.419977 0.358380 0.397115 0.356347
8 0.416146 0.343519 0.414190 0.340500 0.411247 0.338000 0.409682 0.337051 0.410208 0.339028 0.414453 0.343889
8 0.411562 0.344444 0.419375 0.342870 0.421667 0.344306 0.414583 0.345833
8 0.417828 0.334255 0.416667 0.336481 0.418177 0.338056 0.423271 0.334255 0.423177 0.331204
8 0.407813 0.335694 0.409922 0.343704 0.411589 0.344444 0.408885 0.333972
6 0.408568 0.332731 0.436094 0.349167 0.438805 0.352829 0.436302 0.353148 0.409682 0.337051
11 0.447578 0.322162 0.458724 0.332917 0.448870 0.335273 0.441042 0.326153 0.442273 0.324144
11 0.460919 0.335755 0.468490 0.343657 0.468620 0.346250 0.472359 0.352046 0.473245 0.351690 0.475208 0.354167 0.476432 0.357426 0.476997 0.357426 0.476997 0.355991 0.480365 0.360046 0.473359 0.364352 0.471250 0.362176 0.470664 0.359292 0.468776 0.358935 0.459773 0.346667 0.458966 0.338926 0.459128 0.336125
6 0.437487 0.364093 0.437070 0.369870 0.437448 0.377454 0.440182 0.378056 0.441628 0.377519 0.443164 0.377093 0.442956 0.366917 0.439557 0.365046
6 0.484380 0.442491 0.489438 0.444796 0.489982 0.444190 0.491417 0.445648 0.500232 0.459861 0.500846 0.468606 0.496201 0.471037 0.494971 0.469944 0.493810 0.468366 0.482193 0.446134 0.484174 0.444435
2 0.589055 0.473574 0.627385 0.521685 0.644773 0.543889 0.655930 0.558324 0.656786 0.560935 0.662763 0.566681 0.679820 0.588542 0.666339 0.580921 0.658771 0.571361 0.652771 0.563310 0.644945 0.553949 0.635258 0.562981 0.630763 0.560894 0.639091 0.549856 0.636974 0.547241 0.632062 0.546718 0.614943 0.542713 0.609089 0.541889 0.612224 0.539884 0.612224 0.537903 0.635661 0.542824 0.636141 0.541449 0.615078 0.515935 0.611440 0.518875 0.603297 0.506662 0.607878 0.502852 0.586203 0.476991
2 0.719109 0.632940 0.726206 0.646005 0.736516 0.658981 0.735240 0.662880 0.735953 0.664694 0.733656 0.668324 0.724521 0.663065 0.728094 0.653898 0.727430 0.652083 0.725951 0.651991 0.722682 0.662157 0.709617 0.651537
2 0.439099 0.394338 0.431198 0.392269 0.430065 0.392727 0.429674 0.392866 0.427490 0.396667 0.424643 0.395963 0.421086 0.402569 0.429940 0.412690 0.440849 0.409787 0.441417 0.409565 0.443740 0.409032 0.443539 0.404255 0.442589 0.403694 0.442753 0.401616 0.442891 0.401065 0.440938 0.401157 0.442008 0.398134 0.443354 0.398282 0.443341 0.397532 0.443029 0.396935 0.442716 0.396148 0.442979 0.395347
6 0.411313 0.374745 0.412227 0.374787 0.414807 0.374801 0.415771 0.375495 0.419839 0.374694 0.419687 0.373995 0.420352 0.373838 0.421034 0.374394 0.422839 0.373889 0.427076 0.371977 0.430495 0.374245 0.429219 0.380870 0.428576 0.381227 0.426677 0.382139 0.425469 0.383796 0.412539 0.383741 0.412461 0.382583 0.411276 0.382731 0.411068 0.383750 0.407865 0.383611 0.408299 0.381819 0.410703 0.376111
11 0.483047 0.363287 0.494539 0.376509 0.496253 0.380079 0.496430 0.382597 0.493951 0.390051 0.490346 0.385329 0.488221 0.382074 0.487630 0.379764 0.486669 0.378551 0.477474 0.369792 0.476693 0.367130
6 0.479896 0.332639 0.515323 0.345509 0.516745 0.352255 0.514794 0.358704 0.480016 0.345907 0.477440 0.345019 0.473219 0.343407 0.472664 0.340509 0.471776 0.339097 0.470885 0.338657 0.468073 0.343241 0.460919 0.335755
6 0.392995 0.333287 0.403073 0.324398 0.403229 0.325139 0.403542 0.325185 0.403568 0.327824 0.404557 0.329583 0.404583 0.330185 0.404115 0.330556 0.402036 0.332486 0.396333 0.333412
6 0.403911 0.324903 0.403542 0.325185 0.403880 0.327500 0.404974 0.329537 0.405339 0.329907 0.406302 0.328704 0.404740 0.322917 0.404010 0.323333
6 0.406104 0.322093 0.412214 0.319028 0.413021 0.321713 0.410833 0.322407 0.409896 0.323889 0.409531 0.326157 0.408776 0.326944 0.407578 0.327037 0.407240 0.327083
2 0.479221 0.397102 0.489208 0.412361 0.492773 0.418310 0.492826 0.421384 0.490990 0.422824 0.475115 0.397671 0.476281 0.392292 0.477167 0.393449
2 0.497138 0.428602 0.502510 0.431602 0.518318 0.446153 0.526315 0.452926 0.526753 0.455037 0.525878 0.458148 0.524690 0.461037 0.518693 0.458037 0.511133 0.455815 0.508883 0.454481 0.508258 0.455926 0.495576 0.449042 0.491417 0.445648 0.489982 0.444190 0.489513 0.443153 0.484641 0.440375 0.484841 0.438731 0.483466 0.435954 0.483966 0.434278 0.484529 0.432514 0.486516 0.432602 0.489201 0.436713 0.491263 0.435269 0.493951 0.431157
11 0.498346 0.429273 0.498872 0.427190 0.499760 0.425685 0.502745 0.426833 0.514966 0.433861 0.518031 0.435009 0.519161 0.436083 0.519404 0.437088 0.519161 0.439167 0.518758 0.441750 0.517750 0.445620 0.502510 0.431602
11 0.524326 0.438593 0.521875 0.447454 0.534974 0.448991 0.529609 0.441463
11 0.544000 0.457616 0.545672 0.460898 0.568263 0.473667 0.570878 0.464931 0.568474 0.462079 0.559617 0.457616 0.554354 0.455819 0.554529 0.458792
6 0.534974 0.448991 0.554268 0.450949 0.554875 0.453273 0.554354 0.455819 0.554529 0.458792 0.544000 0.457616 0.529393 0.456843 0.529253 0.455264 0.528693 0.453935 0.527479 0.454102 0.526753 0.455037 0.526315 0.452926 0.519740 0.447269
8 0.515810 0.418579 0.529362 0.433463 0.536221 0.445750 0.537891 0.449259 0.540156 0.449537 0.536760 0.441431 0.532440 0.433556 0.526771 0.426069 0.520453 0.419347 0.518078 0.416759 0.516510 0.416278 0.515971 0.417431
8 0.547057 0.464491 0.560732 0.485292 0.560172 0.487116 0.559424 0.487282 0.551042 0.474722
11 0.538687 0.446014 0.544964 0.449949 0.540156 0.449537
8 0.521875 0.447454 0.524326 0.438593 0.525443 0.435417 0.529609 0.441463 0.534974 0.448991 0.537891 0.449259 0.532604 0.441528 0.527526 0.433796 0.525990 0.432778 0.524557 0.432963 0.519427 0.447130 0.519966 0.447301
6 0.509453 0.388981 0.507214 0.392644 0.513383 0.399648 0.517044 0.395185
6 0.505492 0.395014 0.502029 0.399690 0.502370 0.400421 0.501062 0.403074 0.502883 0.407639 0.509503 0.401634
6 0.497969 0.379676 0.501146 0.384398 0.500474 0.385537 0.499786 0.386968 0.500151 0.388546 0.497536 0.391565 0.496672 0.389264 0.495443 0.385694 0.496430 0.382597 0.496253 0.380079 0.494539 0.376509 0.489435 0.370736 0.490711 0.367681
6 0.441536 0.425417 0.448776 0.421375 0.448906 0.425032 0.443568 0.427764
6 0.480016 0.345907 0.477440 0.345019 0.478328 0.350972 0.485703 0.356852 0.486354 0.355991 0.487365 0.355921 0.488211 0.356995 0.489219 0.359676 0.505313 0.372556 0.515076 0.384458 0.527177 0.406333 0.528305 0.406977 0.529557 0.401898 0.514688 0.372963 0.507411 0.366269 0.498906 0.359352
2 0.479635 0.397833 0.490812 0.396301 0.492917 0.400046 0.482714 0.402347
2 0.490990 0.422824 0.488695 0.419310 0.480063 0.410491 0.478247 0.413361 0.480708 0.415940 0.479336 0.416731 0.478529 0.419241 0.475706 0.419528 0.479013 0.423255 0.486672 0.430208 0.490318 0.427745 0.490258 0.423347
2 0.513383 0.399648 0.520721 0.410060 0.520964 0.416444 0.520117 0.414866 0.519068 0.415796 0.519391 0.417375 0.518078 0.416759 0.516510 0.416278 0.515971 0.417431 0.515810 0.418579 0.508857 0.421162 0.507643 0.419671 0.508810 0.417514 0.507492 0.415296 0.512372 0.413574 0.513138 0.414579 0.514268 0.413144 0.514068 0.412282 0.515599 0.411065 0.512414 0.405829 0.507208 0.407333 0.502883 0.407639 0.509503 0.401634 0.505492 0.395014 0.502029 0.399690 0.501531 0.398597 0.500083 0.397185 0.496956 0.397269 0.495513 0.393852 0.500151 0.388546 0.499786 0.386968 0.500474 0.385537 0.500924 0.384727 0.502013 0.384940 0.507177 0.392611
6 0.485294 0.362213 0.490107 0.366759 0.490469 0.368315 0.489435 0.370736 0.483047 0.363287
8 0.480542 0.388134 0.485776 0.393968 0.485750 0.395773 0.485052 0.395648 0.479891 0.389431
11 0.461854 0.386227 0.458990 0.387894 0.455409 0.391620 0.454276 0.392847 0.453990 0.392199 0.453990 0.391319 0.454198 0.390486 0.455232 0.389190 0.458651 0.385949 0.460240 0.384977 0.461490 0.384977
6 0.463167 0.417139 0.460904 0.417273 0.461253 0.420310 0.465263 0.420495 0.465128 0.419463
6 0.472740 0.418435 0.475706 0.419528 0.479013 0.423255 0.486596 0.430856 0.485633 0.432574 0.484529 0.432514 0.482341 0.430514 0.481154 0.428958 0.478799 0.426935 0.474164 0.422282 0.473031 0.423171
8 0.492943 0.400093 0.492839 0.404213 0.493568 0.404352 0.493594 0.401296
8 0.477773 0.454750 0.492846 0.470273 0.513896 0.495755 0.537299 0.520838 0.539651 0.520241 0.541219 0.518250 0.516807 0.492769 0.497773 0.470472 0.496201 0.471037 0.494971 0.469944 0.493810 0.468366 0.491727 0.464500 0.475602 0.446986 0.475914 0.450005 0.476307 0.453162
8 0.514115 0.477898 0.515445 0.477111 0.518995 0.480264 0.522424 0.485069 0.525086 0.492241 0.527427 0.498838 0.529289 0.505829 0.530370 0.506949 0.529951 0.504028 0.527232 0.494736 0.524862 0.487111 0.523117 0.483579 0.519943 0.479051 0.516562 0.475769 0.514333 0.475028 0.513320 0.474903 0.512938 0.476204 0.513357 0.477319
8 0.512253 0.471444 0.513151 0.467361 0.515312 0.464630 0.516286 0.461477 0.515802 0.460259 0.511133 0.455815 0.508883 0.454481 0.508258 0.455926 0.514026 0.461620 0.514297 0.462685 0.513057 0.464704 0.511607 0.467574 0.510945 0.469824
8 0.532081 0.498079 0.528815 0.487319 0.527000 0.488398 0.529742 0.498148
8 0.534492 0.505704 0.537073 0.513940 0.533411 0.510167 0.532193 0.506069 0.533029 0.505264
8 0.538711 0.520519 0.543766 0.536444 0.541081 0.534208 0.536724 0.520264 0.537299 0.520838
6 0.526797 0.470741 0.540581 0.477884 0.543521 0.472815 0.542401 0.469005 0.533206 0.464111 0.527885 0.466019
8 0.525401 0.474171 0.552565 0.487532 0.552753 0.486704 0.551724 0.483963 0.540581 0.477884 0.526797 0.470741
8 0.524375 0.485972 0.527656 0.490787 0.527000 0.488398 0.527839 0.487963 0.526740 0.486231 0.525724 0.485241 0.522370 0.481111 0.521849 0.481806 0.523117 0.483579
8 0.506016 0.477398 0.506951 0.472093 0.508906 0.473009 0.507586 0.478468
8 0.538784 0.460366 0.525083 0.465014 0.525013 0.467495 0.527885 0.466019 0.533206 0.464111 0.539099 0.462167
8 0.527943 0.459005 0.527000 0.464333 0.528534 0.463838 0.529128 0.459005
8 0.525990 0.467060 0.524409 0.471884 0.524034 0.474454 0.523419 0.476421 0.522766 0.477583 0.523898 0.478463 0.525401 0.474171 0.526758 0.470778 0.527885 0.466019
8 0.542370 0.457593 0.542000 0.460435 0.553987 0.489620 0.559104 0.503403 0.562109 0.511991 0.563745 0.508759 0.561909 0.503190 0.554089 0.482611 0.545672 0.460898 0.544000 0.457616
8 0.517448 0.493333 0.519255 0.483231 0.518529 0.481944 0.517964 0.482731 0.515945 0.491769 0.516807 0.492769
6 0.531211 0.462926 0.528911 0.461565 0.528534 0.463838
6 0.527581 0.461060 0.525320 0.459481 0.524690 0.461037 0.518693 0.458037 0.517495 0.462995 0.519391 0.464505 0.522906 0.463398 0.523419 0.465056 0.523419 0.467046 0.524081 0.466824 0.524409 0.471884 0.525990 0.467060 0.525013 0.467495 0.525083 0.465014 0.527000 0.464333
11 0.545549 0.486000 0.554706 0.495611 0.551841 0.499556 0.541919 0.487940 0.543169 0.486144
2 0.585273 0.505134 0.588622 0.507787 0.591969 0.509509 0.592615 0.508792 0.599471 0.511657 0.600159 0.512519 0.602458 0.512736 0.606331 0.519907 0.600440 0.527148 0.596734 0.525681 0.584914 0.506199
8 0.558698 0.494630 0.559823 0.493574 0.569471 0.504963 0.570164 0.505657 0.570737 0.506676 0.571430 0.507319 0.572966 0.509245 0.577336 0.513963 0.580469 0.518569 0.583065 0.521120 0.575971 0.518713 0.565049 0.504356 0.559729 0.497306
6 0.564409 0.495106 0.563602 0.496750 0.562951 0.497167 0.559823 0.493574 0.558698 0.494630 0.554089 0.482611 0.553383 0.480736 0.554036 0.479407 0.559424 0.487282 0.560172 0.487116 0.564047 0.492870 0.564672 0.494648
8 0.557833 0.512199 0.559888 0.506722 0.559047 0.505148 0.556529 0.511782
8 0.522797 0.514093 0.522029 0.508926 0.521625 0.504120 0.520617 0.502903 0.520255 0.504120 0.520802 0.510741 0.521021 0.512153
8 0.514844 0.499880 0.518128 0.500361 0.520617 0.502903 0.520255 0.504120 0.518141 0.503426 0.516003 0.502278 0.514302 0.500949
6 0.546370 0.507875 0.556060 0.511454 0.556529 0.511782 0.557833 0.512199 0.561456 0.513236 0.573591 0.518130 0.575971 0.518713 0.583065 0.521120 0.584326 0.521407 0.588539 0.523162 0.596734 0.525681 0.600440 0.527148 0.612375 0.530852 0.612224 0.537903 0.612224 0.539884 0.609089 0.541889 0.598232 0.539810 0.597812 0.538403 0.583625 0.533176 0.570930 0.529028 0.564714 0.526944 0.564557 0.522500 0.563276 0.520315 0.561693 0.520046 0.559479 0.520787 0.558021 0.523287 0.551562 0.522139 0.549229 0.519648 0.547500 0.520065 0.544000 0.518986 0.541219 0.518250 0.537073 0.513940 0.535719 0.509162 0.537091 0.509449 0.537656 0.508231 0.538706 0.507731 0.539794 0.509093 0.541568 0.510023 0.544393 0.510671 0.545966 0.511171 0.546370 0.510097
8 0.552891 0.546421 0.552917 0.543500 0.552602 0.536824 0.552542 0.533662 0.553294 0.532972 0.553143 0.529218 0.553021 0.527759 0.553047 0.525676 0.553437 0.524708 0.554792 0.524431 0.556510 0.524981 0.562005 0.529523 0.564740 0.531963 0.567214 0.534574 0.569802 0.539273 0.570779 0.541630 0.575276 0.556319 0.576716 0.570514 0.574716 0.568847 0.574529 0.562741 0.574841 0.561630 0.573672 0.559477 0.569234 0.542338 0.565443 0.536097 0.562263 0.532403 0.558326 0.528245 0.557245 0.528306 0.554513 0.526491 0.554107 0.528625 0.554070 0.537727 0.554432 0.547500
8 0.554255 0.542014 0.555271 0.539833 0.555641 0.537176 0.556755 0.528681 0.557245 0.528306 0.557034 0.535681 0.556078 0.541685 0.554333 0.545023
8 0.564846 0.553560 0.563594 0.546898 0.563516 0.533838 0.564523 0.534917 0.564443 0.541440 0.566258 0.554852
8 0.564740 0.531963 0.564714 0.526944 0.564557 0.522500 0.563276 0.520315 0.561693 0.520046 0.559479 0.520787 0.558021 0.523287 0.557786 0.523611 0.557865 0.524352 0.558411 0.524907 0.558828 0.524491 0.559323 0.522870 0.560443 0.521667 0.562109 0.521759 0.563307 0.522315 0.563620 0.523519 0.563672 0.531019
8 0.560346 0.524185 0.562586 0.527472 0.562638 0.528491 0.561414 0.528583 0.560659 0.528167 0.558828 0.524491
8 0.560659 0.528167 0.558411 0.524907 0.557865 0.524352 0.556979 0.523148 0.555156 0.522778 0.555286 0.523380 0.555417 0.523889 0.556510 0.524981 0.560651 0.528472
6 0.563656 0.526407 0.561208 0.525435 0.560346 0.524185 0.558828 0.524491 0.559323 0.522870 0.560443 0.521667 0.562109 0.521759 0.563307 0.522315 0.563620 0.523519
8 0.569375 0.528500 0.570286 0.533287 0.571823 0.538056 0.586250 0.540556 0.586146 0.539306 0.584375 0.538657 0.584375 0.538056 0.578411 0.537130 0.573307 0.535741 0.571693 0.531713 0.570930 0.529028
8 0.564846 0.553560 0.560214 0.549968 0.558922 0.551403 0.559122 0.552833 0.567109 0.560866 0.569451 0.563088 0.571224 0.563519 0.573099 0.565324 0.574633 0.565958 0.574510 0.562731 0.574841 0.561630 0.573672 0.559477 0.571518 0.557944 0.567766 0.555653 0.566258 0.554852
8 0.575685 0.560551 0.579409 0.562634 0.579044 0.564532 0.578445 0.566296 0.577924 0.566801 0.576232 0.565741
8 0.576604 0.552176 0.577964 0.553981 0.581031 0.557139 0.587794 0.567111 0.585143 0.567606 0.577997 0.556514 0.576354 0.554213 0.572490 0.547403 0.572628 0.545542
8 0.585932 0.568542 0.588589 0.572986 0.590073 0.572477 0.590099 0.571134 0.588393 0.568398
8 0.581031 0.557139 0.581250 0.555278 0.582422 0.555278 0.587031 0.562778 0.589810 0.566634 0.588516 0.566792 0.587794 0.567111
8 0.584802 0.559106 0.586156 0.558921 0.591703 0.565681 0.590805 0.566417 0.589810 0.566634 0.587031 0.562778
8 0.591227 0.568292 0.599609 0.577778 0.599714 0.580741 0.599063 0.582130 0.598385 0.581620 0.597995 0.579213 0.590182 0.570139 0.589401 0.569167 0.588906 0.568426
8 0.592667 0.567023 0.595896 0.570727 0.600427 0.573551 0.600844 0.574523 0.600010 0.576144 0.597693 0.575125 0.595062 0.572625 0.591227 0.568292
8 0.591953 0.552778 0.590625 0.546759 0.592161 0.545972 0.593750 0.553148 0.592682 0.553426
2 0.575786 0.530542 0.580628 0.535634 0.582320 0.537282 0.583089 0.536565 0.584375 0.538056 0.584375 0.538657 0.586146 0.539306 0.592487 0.545671 0.606867 0.559847 0.608674 0.559208 0.610919 0.563153 0.612453 0.563727 0.614591 0.566380 0.616406 0.567028 0.618339 0.571000 0.621417 0.571329 0.623609 0.573324 0.630721 0.579736 0.632125 0.580069 0.633565 0.581847 0.634562 0.584847 0.635599 0.585111 0.635357 0.581468 0.636380 0.580616 0.636987 0.582116 0.636982 0.585083 0.642664 0.590306 0.650849 0.597412 0.655250 0.602352 0.665576 0.603079 0.675328 0.604074 0.672669 0.600505 0.676448 0.596023 0.673089 0.593866 0.671409 0.595694 0.670615 0.599014 0.668422 0.598019 0.667909 0.593949 0.667674 0.592125 0.660393 0.588972 0.660534 0.593037 0.661747 0.596440 0.662786 0.599769 0.654917 0.593278 0.642451 0.581083 0.633586 0.574394 0.634089 0.572009 0.617044 0.560000 0.596383 0.541565 0.598232 0.539810 0.597812 0.538403 0.583625 0.533176
8 0.618286 0.600218 0.615206 0.584056 0.613880 0.584551 0.613812 0.585977 0.616328 0.599792
8 0.614591 0.566380 0.620935 0.581829 0.622906 0.585093 0.623375 0.587222 0.623104 0.588204 0.624792 0.596185 0.625997 0.595810 0.626451 0.594523 0.624703 0.585579 0.620424 0.574491 0.619911 0.573421 0.618586 0.572935 0.618339 0.571000 0.616406 0.567028
8 0.627698 0.600653 0.630034 0.595324 0.632682 0.587079 0.633414 0.585903 0.634042 0.587329 0.629477 0.600778
8 0.618339 0.571000 0.621417 0.571329 0.623609 0.573324 0.623461 0.574134 0.619911 0.573421 0.618586 0.572935
8 0.624703 0.585579 0.629534 0.596079 0.630034 0.595324 0.630302 0.594157 0.621133 0.573769 0.619911 0.573421 0.620424 0.574491
8 0.635362 0.600944 0.642182 0.596269 0.642784 0.597009 0.642885 0.598537 0.638771 0.601222
8 0.622344 0.615185 0.626263 0.625005 0.627167 0.623880 0.627076 0.621574 0.623852 0.615361
8 0.625883 0.629056 0.641010 0.631625 0.641070 0.633769 0.627299 0.631194
8 0.643901 0.632106 0.647307 0.632694 0.652068 0.631144 0.658273 0.627819 0.667664 0.617241 0.670448 0.613944 0.673310 0.613866 0.671745 0.615972 0.666654 0.621829 0.658589 0.630505 0.649792 0.634523 0.645034 0.634810 0.644266 0.634736 0.643339 0.633019
8 0.637167 0.642481 0.657255 0.637676 0.676052 0.633088 0.683917 0.631005 0.684443 0.632514 0.684078 0.633949 0.661128 0.639111 0.643661 0.643269
5 0.660013 0.659042 0.659216 0.667523 0.657120 0.676134 0.654807 0.679477 0.651987 0.681148 0.650469 0.682560 0.647940 0.684231 0.649169 0.692069 0.653794 0.688602 0.659289 0.681532 0.662182 0.670611 0.662687 0.660199
6 0.661648 0.672824 0.666924 0.684356 0.672151 0.697713 0.670331 0.706426 0.668604 0.707009 0.665289 0.706926 0.662677 0.699542 0.661229 0.691407 0.660297 0.683528 0.659289 0.681532
6 0.674359 0.722111 0.678346 0.707338 0.679995 0.703546 0.681635 0.697185 0.688995 0.683421 0.695479 0.671032 0.698977 0.664477 0.707984 0.648454 0.710026 0.645005 0.717951 0.630157 0.714617 0.623185 0.719844 0.628347 0.720424 0.631097 0.719109 0.632940 0.709617 0.651537 0.697391 0.673421 0.686841 0.692519 0.684714 0.695616 0.678229 0.725208
8 0.667708 0.620648 0.672164 0.634069 0.673937 0.633639 0.668776 0.619370
8 0.668776 0.619370 0.673937 0.633639 0.675333 0.633296 0.669583 0.618426
8 0.663438 0.622037 0.660776 0.617241 0.658719 0.617102 0.658615 0.618583 0.662000 0.623630
8 0.667664 0.617241 0.666823 0.614028 0.668281 0.614074 0.668750 0.615880
8 0.670333 0.628769 0.667573 0.625343 0.666792 0.626639 0.669891 0.630481 0.671089 0.630898
8 0.666792 0.626639 0.664896 0.623796 0.663854 0.624861 0.666849 0.629491 0.669297 0.629722
8 0.667573 0.625343 0.668646 0.623380 0.668047 0.621667 0.665990 0.625509 0.666792 0.626639
8 0.669891 0.630481 0.669297 0.629722 0.666849 0.629491 0.666432 0.628935 0.664583 0.627963 0.662422 0.627870 0.660833 0.628056 0.660234 0.628704 0.660417 0.630324 0.662552 0.630463 0.665469 0.631111 0.668333 0.631806 0.669714 0.632130 0.670443 0.632685 0.671875 0.633148 0.671089 0.630898
15 0.605432 0.599190 0.608714 0.599944 0.616328 0.599792 0.618286 0.600218 0.619703 0.600278 0.627698 0.600653 0.629477 0.600778 0.635362 0.600944 0.638771 0.601222 0.655250 0.602352 0.665576 0.603079 0.675328 0.604074 0.677958 0.604500 0.677969 0.605602 0.678656 0.608454 0.678359 0.611500 0.678951 0.613597 0.678227 0.613792 0.661734 0.614106 0.661896 0.617287 0.636891 0.615940 0.624690 0.615366 0.615992 0.614597 0.615779 0.610366 0.612487 0.610079
8 0.678656 0.608454 0.685620 0.601023 0.684620 0.599741 0.683885 0.599519 0.677997 0.605542
8 0.688818 0.594028 0.694344 0.588431 0.695716 0.588505 0.695596 0.590583 0.691198 0.595245
8 0.671828 0.645574 0.672193 0.637657 0.671438 0.636870 0.670500 0.637333 0.670057 0.645667 0.670349 0.645676
8 0.677401 0.641870 0.681542 0.645574 0.683464 0.647685 0.683932 0.646250 0.683333 0.644954 0.682523 0.644986 0.676708 0.638449
8 0.670344 0.640667 0.666672 0.637935 0.665474 0.638213 0.665474 0.639139 0.670214 0.642472
8 0.670422 0.638769 0.668365 0.637519 0.666672 0.637935 0.670344 0.640667
8 0.672010 0.641778 0.675656 0.644093 0.676021 0.644972 0.675292 0.645481 0.673937 0.644787 0.671932 0.643491
8 0.672115 0.639880 0.675161 0.641917 0.675656 0.643120 0.675656 0.644093 0.672010 0.641778
8 0.674635 0.636065 0.678000 0.645620 0.679146 0.645574 0.678156 0.642519 0.677401 0.641870 0.676708 0.638449 0.675937 0.635787
8 0.678000 0.645620 0.676771 0.645694 0.675656 0.643120 0.675161 0.641917 0.673880 0.639676 0.672708 0.638472 0.672193 0.637657 0.671438 0.636870 0.673281 0.636296 0.674766 0.638472 0.676250 0.640602
2 0.684620 0.599741 0.692031 0.609491 0.709068 0.632079 0.678656 0.608454 0.678359 0.611500 0.678951 0.613597 0.678227 0.613792 0.671745 0.615972 0.682208 0.625315 0.686292 0.628944 0.689508 0.631213 0.690120 0.627856 0.691115 0.622523 0.697315 0.625148 0.696039 0.632755 0.695682 0.635843 0.701807 0.638384 0.701042 0.643375 0.707984 0.648454 0.710026 0.645005 0.717951 0.630157 0.710268 0.614060 0.702768 0.608204
5 0.645206 0.568551 0.647857 0.566139 0.650750 0.564051 0.652771 0.563310 0.657018 0.569088 0.656505 0.574977
5 0.655930 0.558324 0.657094 0.555583 0.658057 0.555690 0.658690 0.556815 0.659763 0.559269 0.660779 0.562491 0.662763 0.566681 0.656786 0.560935
5 0.648586 0.583782 0.648307 0.584838 0.649005 0.585458 0.649703 0.588120 0.654917 0.593278 0.661417 0.598597 0.662044 0.597296 0.662786 0.599769 0.661747 0.596440 0.660534 0.593037 0.660393 0.588972
5 0.671409 0.595694 0.670193 0.592981 0.667674 0.592125 0.667909 0.593949 0.668422 0.598019 0.670615 0.599014
2 0.624508 0.517977 0.629292 0.498449 0.630768 0.497296 0.643406 0.507269 0.651141 0.517454 0.655453 0.525329 0.662716 0.532468 0.674721 0.543162 0.680333 0.546963 0.678596 0.548792 0.673026 0.579875 0.671143 0.577463 0.671852 0.573935 0.662763 0.566681 0.660779 0.562491 0.659763 0.559269 0.664393 0.536528 0.656516 0.530208 0.654568 0.528560 0.649979 0.520245 0.649141 0.531542 0.647115 0.546912 0.645469 0.544769 0.647953 0.517894 0.646654 0.515519 0.642945 0.510347 0.637346 0.534417 0.635846 0.532537 0.641003 0.508139 0.632172 0.501231 0.629656 0.506796 0.626833 0.520991
2 0.644154 0.554704 0.642979 0.566005 0.642919 0.567292 0.644336 0.568148 0.645938 0.555093 0.644945 0.553949
2 0.623047 0.525556 0.621172 0.535231 0.623065 0.538681 0.624109 0.536759 0.624807 0.527713
2 0.634216 0.539106 0.633799 0.542394 0.635661 0.542824 0.636141 0.541449
2 0.632107 0.550032 0.630779 0.555819 0.633148 0.555356 0.634034 0.551375 0.633904 0.549847
8 0.608539 0.547625 0.622315 0.552301 0.622732 0.553181 0.622862 0.554523 0.622602 0.555773 0.619396 0.553773
8 0.718411 0.626796 0.718995 0.624565 0.721255 0.622931 0.724599 0.621000 0.736060 0.652968 0.746516 0.680773 0.762867 0.726171 0.786529 0.791106 0.795536 0.816222 0.792091 0.824208 0.787448 0.818616 0.781453 0.801296 0.754018 0.724282 0.733656 0.668324 0.735953 0.664694 0.735240 0.662880 0.736516 0.658981 0.726206 0.646005 0.719109 0.632940 0.720424 0.631097 0.719844 0.628347
6 0.728138 0.614898 0.738187 0.643940 0.734646 0.643426 0.727201 0.621449 0.725464 0.615796 0.726622 0.614125
8 0.732333 0.642398 0.734646 0.643426 0.738187 0.643940 0.741440 0.645227 0.740789 0.647796 0.733490 0.645611
6 0.739786 0.647546 0.743867 0.659634 0.742576 0.661366 0.740833 0.661366 0.736128 0.646370
8 0.519240 0.422375 0.512417 0.429782 0.513198 0.431958 0.520464 0.423764
8 0.484380 0.442491 0.489438 0.444796 0.489982 0.444190 0.489513 0.443153 0.484641 0.440375
8 0.691872 0.683514 0.694615 0.689394 0.694898 0.691259 0.690698 0.714727 0.689807 0.723606 0.690893 0.740852 0.693315 0.742343 0.692565 0.728810 0.692901 0.722264 0.695240 0.701597 0.697000 0.690741 0.696831 0.687472 0.693401 0.680630
8 0.689349 0.688009 0.686417 0.706986 0.680854 0.729162 0.680154 0.729833 0.679180 0.728583 0.681557 0.718986 0.685661 0.700745 0.687336 0.691815
8 0.672862 0.719949 0.674359 0.722111 0.678229 0.725208 0.678953 0.726477 0.678711 0.727981 0.678023 0.728986 0.674677 0.724394 0.673427 0.722245
5 0.652805 0.734023 0.655185 0.736181 0.657893 0.739667 0.661625 0.754597 0.664846 0.770944 0.666630 0.781472 0.661021 0.796352 0.651924 0.747148 0.651536 0.743532 0.651438 0.738718
6 0.371203 0.337153 0.371229 0.335273 0.371224 0.333148 0.371120 0.323889 0.371146 0.321667 0.370945 0.295667 0.370852 0.281889 0.374323 0.281065 0.376224 0.283843 0.375885 0.336296
8 0.390766 0.301106 0.389411 0.292560 0.389688 0.289537 0.394031 0.280028 0.392266 0.277593 0.388125 0.287176 0.387872 0.293389 0.389141 0.301435 0.389745 0.301384
5 0.458966 0.338926 0.459128 0.336125 0.445859 0.339306 0.446953 0.348796 0.449115 0.348333 0.452266 0.344537 0.454792 0.344352 0.457630 0.341852 0.458698 0.340324
8 0.402812 0.305417 0.405938 0.295602 0.405849 0.293440 0.407891 0.294074 0.407370 0.297361 0.403438 0.306019
8 0.403911 0.324903 0.404417 0.313394 0.403349 0.309319 0.396318 0.305699 0.393224 0.306361 0.393406 0.307333 0.396167 0.307472 0.396792 0.308676 0.402625 0.311778 0.402997 0.313463 0.403417 0.314889 0.403099 0.319074 0.403073 0.324398 0.403229 0.325139 0.403542 0.325185
8 0.403870 0.305046 0.403688 0.310602 0.404417 0.313394 0.405562 0.301343
8 0.405234 0.318056 0.413125 0.310324 0.419766 0.304398 0.427057 0.300509 0.426120 0.303380 0.419844 0.306620 0.405625 0.319907
2 0.687583 0.700148 0.689096 0.707639 0.688716 0.715509 0.689690 0.715991 0.690698 0.714727 0.694898 0.691259 0.694615 0.689394 0.691872 0.683514 0.689349 0.688009
2 0.653784 0.722361 0.661935 0.731287 0.663750 0.733287 0.662932 0.739977 0.663276 0.740579 0.663094 0.741273 0.653458 0.729148 0.652677 0.727569 0.652964 0.722477
2 0.661484 0.727222 0.661935 0.731287 0.663750 0.733287 0.664057 0.730759
2 0.659021 0.714898 0.659083 0.711676 0.657958 0.708787 0.656461 0.707787 0.655336 0.708231
2 0.653060 0.717097 0.661370 0.726981 0.664057 0.730759 0.662932 0.739977 0.667245 0.746532 0.668245 0.748421 0.669430 0.748421 0.670617 0.743866 0.677802 0.751866 0.680328 0.744444 0.672206 0.733894 0.659021 0.714898 0.655336 0.708231 0.652648 0.706681 0.650898 0.703569
2 0.645815 0.666306 0.647536 0.667815 0.648185 0.668870 0.649266 0.669931 0.650398 0.671370 0.651154 0.674440 0.651534 0.676648 0.651479 0.679144 0.650469 0.682560 0.647940 0.684231 0.646672 0.676458
2 0.657576 0.692921 0.657526 0.694986 0.660708 0.699347 0.663083 0.701681 0.662677 0.699542 0.661229 0.691407 0.660297 0.683528 0.659289 0.681532 0.658708 0.682361 0.659628 0.683606 0.659789 0.685431 0.659195 0.687352 0.658331 0.687931 0.657737 0.690519
2 0.658708 0.682361 0.659628 0.683606 0.659789 0.685431 0.659195 0.687352 0.658331 0.687931 0.657737 0.690519 0.657576 0.692921 0.656820 0.693977 0.653336 0.689019 0.653794 0.688602
3 0.651164 0.667458 0.651318 0.668583 0.652667 0.669833 0.653531 0.670218 0.654807 0.679477 0.657120 0.676134 0.658828 0.669130 0.655792 0.667718 0.652320 0.666306
2 0.653336 0.689019 0.660708 0.699347 0.663083 0.701681 0.665289 0.706926 0.671831 0.716898 0.672862 0.719949 0.673427 0.722245 0.674677 0.724394 0.678023 0.728986 0.681263 0.733472 0.683263 0.735782 0.680328 0.744444 0.672206 0.733894 0.659021 0.714898 0.659083 0.711676 0.657958 0.708787 0.656461 0.707787 0.655336 0.708231 0.652648 0.706681 0.650898 0.703569 0.650461 0.697681 0.650023 0.694347 0.649169 0.692069
2 0.681615 0.684421 0.670047 0.692139 0.672151 0.697713 0.671302 0.702176 0.672841 0.702176 0.679862 0.697208
2 0.699076 0.684227 0.699133 0.690375 0.697000 0.690741 0.696831 0.687472 0.693401 0.680630 0.697391 0.673421 0.699182 0.670292 0.699172 0.671495
2 0.687336 0.691815 0.686841 0.692519 0.684714 0.695616 0.678229 0.725208 0.678953 0.726477 0.678711 0.727981 0.678023 0.728986 0.681263 0.733472 0.682836 0.721282 0.680854 0.729162 0.680154 0.729833 0.679180 0.728583 0.681557 0.718986 0.685661 0.700745
2 0.718430 0.658593 0.709617 0.651537 0.699182 0.670292 0.699172 0.671495
2 0.716786 0.671495 0.699076 0.684227 0.699172 0.671495 0.718430 0.658593 0.717753 0.662375 0.718430 0.664958 0.718818 0.671495
2 0.678583 0.678199 0.677536 0.679315 0.676945 0.681731 0.676596 0.683903 0.675969 0.684894 0.674539 0.685079 0.673633 0.683157 0.672448 0.683903 0.671052 0.683468 0.669169 0.683157 0.668125 0.682602 0.667044 0.681921 0.666206 0.681051 0.666870 0.680000 0.668263 0.680616 0.669484 0.680866 0.669797 0.680370 0.668927 0.679315 0.668229 0.678264 0.667984 0.676898 0.668542 0.675722 0.670076 0.676343 0.670669 0.677083 0.671089 0.675907 0.671089 0.675102 0.671578 0.675236
2 0.519896 0.430324 0.519453 0.431944 0.518031 0.435009 0.519161 0.436083 0.519404 0.437088 0.519161 0.439167 0.518758 0.441750 0.517750 0.445620 0.518318 0.446153 0.519427 0.447130 0.524557 0.432963 0.525990 0.432778 0.527526 0.433796 0.527760 0.431852 0.523021 0.426528 0.522552 0.428009 0.522135 0.428935 0.521589 0.429954 0.521016 0.429722
2 0.520464 0.423764 0.519714 0.425370 0.518802 0.425648 0.518203 0.426852 0.518464 0.428889 0.519193 0.429491 0.519896 0.430324 0.521016 0.429722 0.521589 0.429954 0.522135 0.428935 0.522552 0.428009 0.523021 0.426528
2 0.530844 0.427986 0.526622 0.423264 0.525872 0.422417 0.523102 0.419042 0.521534 0.420542 0.526771 0.426069 0.529875 0.430259 0.530687 0.428134
2 0.530961 0.418227 0.527177 0.406333 0.526352 0.406120 0.524424 0.406708 0.523128 0.408102 0.523068 0.409819 0.525687 0.418551 0.526320 0.418926 0.526411 0.420370 0.526049 0.422407 0.528070 0.419995
8 0.405599 0.320000 0.406839 0.318750 0.419401 0.313889 0.416862 0.316736 0.406104 0.322093
5 0.427057 0.300509 0.431615 0.290648 0.438070 0.279685 0.442253 0.276583 0.443891 0.278444 0.443786 0.282843 0.442182 0.283713 0.440370 0.285384 0.439396 0.286440 0.436536 0.293009 0.435768 0.293380 0.434375 0.295736 0.433190 0.297903 0.432214 0.298153 0.428760 0.305963 0.428133 0.309495 0.426216 0.309125 0.423464 0.311852 0.423568 0.308625 0.424081 0.307903 0.425042 0.305898 0.425484 0.303722 0.426120 0.303380
2 0.482714 0.402347 0.495523 0.404694 0.499430 0.411704 0.498383 0.413806 0.493815 0.413926 0.492909 0.415292 0.491758 0.416718 0.489208 0.412361
2 0.466341 0.399176 0.464286 0.397931 0.458906 0.401204 0.459349 0.403056 0.466727 0.407852
2 0.526622 0.423264 0.532167 0.420264 0.532469 0.418389 0.531383 0.418014 0.528070 0.419995 0.526049 0.422407
5 0.544685 0.424481 0.543435 0.422370 0.541435 0.420593 0.538372 0.419148 0.535687 0.419481 0.533062 0.422704 0.534750 0.427259 0.532375 0.426690 0.530687 0.428134 0.529875 0.430259 0.532440 0.433556 0.535813 0.439588 0.538560 0.440699 0.541872 0.441032 0.543740 0.441528 0.543378 0.438056 0.542148 0.435486 0.540919 0.430991 0.541354 0.427389
2 0.559617 0.457616 0.552560 0.444356 0.551042 0.441269 0.551982 0.437801 0.551836 0.433301 0.551909 0.430218 0.552052 0.428676 0.550174 0.424051 0.547716 0.425718 0.545474 0.423921 0.541354 0.427389 0.540919 0.430991 0.542148 0.435486 0.543378 0.438056 0.543740 0.441528 0.544534 0.445125 0.545982 0.448852 0.547859 0.449495 0.548646 0.450324 0.554268 0.450949 0.554875 0.453273 0.554354 0.455819
2 0.605521 0.543796 0.604557 0.544398 0.603359 0.545046 0.607401 0.547106 0.608539 0.547625 0.608385 0.546481 0.607943 0.545509 0.606458 0.544259
2 0.616276 0.546204 0.615703 0.546343 0.615260 0.546528 0.615026 0.547083 0.614766 0.547269 0.614193 0.546944 0.614609 0.546296 0.615365 0.545324 0.615339 0.543981 0.614943 0.542713 0.609453 0.543241 0.606927 0.543426 0.605521 0.543796 0.606458 0.544259 0.607943 0.545509 0.608385 0.546481 0.608539 0.547625 0.618646 0.551019 0.618672 0.550648 0.617891 0.549815 0.618177 0.548889 0.616797 0.547824
2 0.624633 0.550032 0.623073 0.549167 0.621875 0.548426 0.621875 0.546759 0.621068 0.545926 0.619687 0.545324 0.618516 0.544398 0.617188 0.543889 0.616328 0.544074 0.616276 0.546204 0.616797 0.547824 0.618177 0.548889 0.617891 0.549815 0.618672 0.550648 0.620443 0.551667 0.622315 0.552301 0.622732 0.553181 0.622862 0.554523 0.622602 0.555773 0.627135 0.558611 0.627211 0.557347 0.626482 0.554199 0.625727 0.551560
2 0.633122 0.557718 0.631977 0.557486 0.630779 0.555819 0.629346 0.551699 0.628122 0.548782 0.627003 0.547162 0.625544 0.547810 0.624529 0.548968 0.624633 0.550032 0.625727 0.551560 0.626482 0.554199 0.627211 0.557347 0.628383 0.559338 0.630763 0.560894
2 0.624023 0.540444 0.616648 0.526833 0.616135 0.524505 0.615716 0.523352 0.614409 0.522523 0.611440 0.518875 0.603297 0.506662 0.592656 0.492653 0.580987 0.480370 0.573893 0.473653 0.571607 0.476139 0.571701 0.479208 0.574654 0.483921 0.577346 0.485269 0.580380 0.488421 0.586401 0.494394 0.590865 0.497097 0.591872 0.497884 0.597156 0.505056 0.600948 0.510435 0.601109 0.511796 0.602458 0.512736 0.606331 0.519907 0.616849 0.538796
2 0.641318 0.589079 0.641562 0.591616 0.641701 0.594963 0.642182 0.596269 0.642784 0.597009 0.642885 0.598537 0.643792 0.600019 0.645284 0.600880 0.646937 0.600736 0.648792 0.601958 0.651375 0.600162 0.651333 0.598801 0.650849 0.597412 0.642664 0.590306
2 0.666339 0.580921 0.658771 0.571361 0.657018 0.569088 0.656505 0.574977 0.660383 0.577208
2 0.596383 0.541565 0.607401 0.547106 0.619396 0.553773 0.630763 0.560894 0.635258 0.562981 0.660383 0.577208 0.666339 0.580921 0.679820 0.588542 0.688818 0.594028 0.691198 0.595245 0.720490 0.610977 0.722115 0.613977 0.721865 0.616306 0.719927 0.618972 0.717177 0.618639 0.713617 0.617417 0.710268 0.614060 0.702768 0.608204 0.684620 0.599741 0.683885 0.599519 0.676448 0.596023 0.673089 0.593866 0.671409 0.595694 0.670193 0.592981 0.667674 0.592125 0.660393 0.588972 0.642451 0.581083 0.633586 0.574394 0.634089 0.572009 0.617044 0.560000
2 0.682997 0.611759 0.684669 0.611884 0.685961 0.612690 0.689620 0.613310 0.691224 0.613056 0.692201 0.613181 0.696000 0.617773 0.695128 0.619509 0.694117 0.620495
2 0.689508 0.631213 0.686292 0.628944 0.684753 0.630630 0.685839 0.633681 0.687977 0.637324 0.688187 0.640324
2 0.474695 0.399426 0.476302 0.399630 0.482448 0.409306 0.472292 0.408056 0.472268 0.407310 0.471484 0.399352 0.472500 0.399838
2 0.634422 0.641051 0.637167 0.642481 0.643661 0.643269 0.653737 0.644769 0.662487 0.645093 0.670344 0.645667 0.671828 0.645574 0.676047 0.645667 0.681542 0.645574 0.683464 0.647685 0.683932 0.646250 0.683333 0.644954 0.687526 0.644769 0.684302 0.668037 0.662687 0.660199 0.643169 0.653644
2 0.675333 0.633296 0.669583 0.618426 0.671745 0.615972 0.682208 0.625315 0.686292 0.628944 0.684753 0.630630 0.685839 0.633681 0.687977 0.637324 0.688187 0.640324 0.687555 0.644778 0.682523 0.644986 0.676708 0.638449 0.675984 0.635880 0.684078 0.633949 0.684443 0.632514 0.683917 0.631005 0.676052 0.633088
2 0.661849 0.672037 0.671578 0.675236 0.682279 0.679731 0.679747 0.698370 0.678346 0.707338 0.679995 0.703546 0.681635 0.697185 0.688995 0.683421 0.691510 0.668630 0.695479 0.671032 0.698977 0.664477 0.701042 0.643375 0.701807 0.638384 0.695682 0.635843 0.696039 0.632755 0.697315 0.625148 0.691115 0.622523 0.690120 0.627856 0.689508 0.631213 0.687555 0.644778 0.684302 0.668037 0.662687 0.660199 0.662182 0.670611
2 0.643169 0.653644 0.643789 0.655509 0.644802 0.664375 0.645815 0.666306 0.651164 0.667458 0.652320 0.666306 0.655792 0.667718 0.658828 0.669130 0.659216 0.667523 0.660013 0.659042
2 0.473995 0.434644 0.474651 0.440042 0.475914 0.450005 0.476307 0.453162 0.473362 0.449889 0.470273 0.445968 0.469107 0.443898 0.468411 0.432111 0.468383 0.430023 0.470120 0.429759 0.471802 0.431333
8 0.432214 0.298153 0.433190 0.297903 0.433281 0.300139 0.431094 0.300694
8 0.435768 0.293380 0.436198 0.297731 0.437682 0.300185 0.436823 0.301667 0.435625 0.299259 0.434792 0.295046
8 0.403073 0.320093 0.401849 0.319954 0.400964 0.320509 0.401380 0.322361 0.403073 0.322454
5 0.401849 0.319954 0.403102 0.319102 0.403073 0.320093
5 0.384794 0.327310 0.389367 0.325486 0.388810 0.328338 0.388461 0.328458 0.388112 0.328523 0.387729 0.329204 0.387904 0.329949 0.388495 0.330134 0.388229 0.331111 0.385729 0.327824
8 0.412214 0.319028 0.416862 0.316736 0.419401 0.313889 0.423568 0.308625 0.423464 0.311852 0.418594 0.318241 0.414323 0.322083 0.413177 0.322454 0.413021 0.321713
8 0.433516 0.307731 0.438880 0.297917 0.440443 0.298796 0.434560 0.309282
8 0.446823 0.303519 0.446745 0.309352 0.447943 0.308750 0.448333 0.302917 0.447685 0.302921
8 0.446849 0.296759 0.446940 0.299611 0.447852 0.298685 0.447852 0.296648
8 0.409917 0.328060 0.412109 0.325880 0.414315 0.325329 0.414922 0.326806 0.412500 0.327824 0.410128 0.329611
8 0.416458 0.331019 0.417870 0.329343 0.419427 0.329537 0.416229 0.332537
2 0.660534 0.639306 0.662487 0.645093 0.653737 0.644769 0.652513 0.641157
2 0.650312 0.634352 0.651917 0.638931 0.657255 0.637676 0.659089 0.637005 0.657159 0.631162
2 0.641391 0.616139 0.642708 0.619398 0.643859 0.621130 0.644349 0.622495 0.649185 0.631986 0.652068 0.631144 0.655766 0.629329 0.649604 0.616718
8 0.395911 0.347963 0.398333 0.347778 0.395703 0.352269 0.395833 0.350370
8 0.384740 0.350278 0.393779 0.348657 0.393542 0.351111 0.385268 0.352565 0.384792 0.351528
8 0.397266 0.358704 0.402625 0.356843 0.404240 0.357023 0.404070 0.359060 0.402013 0.359847 0.397404 0.361051
8 0.383125 0.358981 0.385495 0.359491 0.386224 0.362037 0.382755 0.361088
8 0.386953 0.364491 0.389969 0.355185 0.390823 0.355259 0.387703 0.365287 0.387008 0.365102
5 0.460182 0.353657 0.455151 0.351171 0.453013 0.354222 0.453404 0.354500 0.453021 0.356343 0.454456 0.359139 0.455711 0.360935 0.458047 0.362315 0.455331 0.357560 0.455234 0.356157 0.460427 0.357171 0.459609 0.355509
8 0.420990 0.340139 0.423484 0.334824 0.424453 0.335833 0.424391 0.337986 0.422214 0.340926
8 0.415065 0.332954 0.412591 0.333370 0.412318 0.335000 0.414036 0.335972 0.414701 0.335546
8 0.473490 0.371065 0.474906 0.367389 0.476693 0.367130 0.483047 0.363287 0.485294 0.362213 0.485703 0.356852 0.481909 0.359944 0.481336 0.359481 0.480365 0.360046 0.473359 0.364352 0.470841 0.365870 0.468711 0.368310
8 0.408411 0.332315 0.404818 0.316370 0.404271 0.316435 0.404089 0.320463 0.407396 0.332870
8 0.415703 0.336991 0.416674 0.329208 0.415828 0.325907 0.414531 0.322731 0.414323 0.322083 0.413177 0.322454 0.414922 0.326806 0.415490 0.329519 0.414583 0.336389
8 0.474086 0.347199 0.476997 0.355991 0.476997 0.357426 0.476432 0.357426 0.473453 0.349287 0.473182 0.347681
8 0.416229 0.332537 0.417214 0.331620 0.422318 0.329907 0.422682 0.331481 0.415938 0.335417
8 0.445521 0.336111 0.479714 0.327870 0.479896 0.332639 0.460919 0.335755 0.445859 0.339306
8 0.423307 0.341528 0.429661 0.340139 0.431068 0.342130 0.425443 0.342870
8 0.434974 0.332685 0.438958 0.335833 0.439271 0.338287 0.434661 0.334537
8 0.391500 0.352435 0.393437 0.352454 0.392839 0.355463 0.390823 0.355259
8 0.395729 0.352269 0.395911 0.347963 0.396495 0.347949 0.396927 0.343704 0.401172 0.342963 0.402786 0.340000 0.401286 0.338412 0.396406 0.339259 0.393958 0.341528 0.393779 0.348657 0.393357 0.352991 0.392292 0.358241
8 0.449680 0.315403 0.469013 0.304167 0.476464 0.298505 0.478151 0.296435 0.480130 0.296528 0.476797 0.302778 0.450099 0.322426 0.449680 0.319940
11 0.415828 0.325907 0.470885 0.296296 0.478073 0.296528 0.476464 0.298505 0.469013 0.304167 0.449680 0.315403 0.446432 0.315463 0.446766 0.317417 0.445901 0.317417 0.444297 0.314861 0.439583 0.318333 0.434531 0.319722 0.431430 0.323273 0.430078 0.326296 0.428729 0.323079 0.425326 0.322792 0.422734 0.328458 0.420443 0.329676 0.416674 0.329208
8 0.450339 0.296204 0.449141 0.307963 0.450651 0.307130 0.451016 0.300417 0.452083 0.297500 0.451570 0.296162
8 0.405313 0.358889 0.408404 0.359134 0.413672 0.359630 0.415833 0.358009 0.419977 0.358380 0.418516 0.360731 0.416536 0.360370 0.414401 0.361481 0.405547 0.361157
5 0.393151 0.369630 0.393104 0.372838 0.399135 0.379528 0.397461 0.374324 0.396833 0.371843 0.396659 0.368495
8 0.397292 0.373750 0.399383 0.373815 0.399279 0.375852 0.397872 0.375667
8 0.468776 0.358935 0.470664 0.359292 0.471250 0.362130 0.471016 0.365648 0.468711 0.368310 0.469010 0.364204 0.469453 0.364167 0.469792 0.362111 0.468617 0.360940
8 0.400729 0.373847 0.400104 0.372134 0.398542 0.372042 0.398281 0.368014 0.396659 0.368495 0.396833 0.371843 0.397292 0.373750 0.399383 0.373815
5 0.398536 0.371301 0.402859 0.367875 0.404870 0.367361 0.404969 0.362644 0.388885 0.367565 0.388594 0.368009 0.393104 0.372838 0.393151 0.369630 0.396659 0.368495 0.398281 0.368014
8 0.400469 0.380880 0.406070 0.374458 0.411255 0.371889 0.411344 0.373977 0.405052 0.378935 0.403021 0.383657
8 0.417552 0.364537 0.418151 0.365139 0.417839 0.366759 0.417057 0.367361 0.414922 0.365787 0.415521 0.363287
8 0.419557 0.370556 0.421034 0.374394 0.422839 0.373889 0.421276 0.368843
8 0.444896 0.318194 0.442938 0.315875 0.444297 0.314861 0.445901 0.317417
8 0.436708 0.337741 0.438333 0.337546 0.439271 0.338287 0.439495 0.339778 0.438349 0.340102
8 0.429427 0.345278 0.433099 0.344907 0.431846 0.343153 0.427943 0.344352
2 0.642708 0.619398 0.638018 0.617481 0.637534 0.618343 0.637534 0.619417 0.637479 0.620389 0.638664 0.621565 0.643094 0.623981 0.644349 0.622495 0.643859 0.621130
2 0.627299 0.631194 0.630156 0.635181 0.631812 0.632023
2 0.632370 0.615759 0.625883 0.629056 0.632411 0.630176 0.637534 0.619417 0.637534 0.618343 0.638018 0.617481 0.638503 0.616046 0.636891 0.615940
2 0.623852 0.615361 0.624690 0.615366 0.627005 0.615509 0.627057 0.616852 0.626953 0.618194 0.626615 0.619491 0.626380 0.620185
2 0.618724 0.614819 0.618177 0.618199 0.621536 0.622875 0.623620 0.624681 0.626263 0.625005 0.622344 0.615185
2 0.630721 0.579736 0.632638 0.584926 0.633414 0.585903 0.634042 0.587329 0.634206 0.588579 0.634799 0.588023 0.635357 0.587773 0.635810 0.588148 0.636367 0.587838 0.636716 0.587343 0.636982 0.585083 0.636987 0.582116 0.636380 0.580616 0.635357 0.581468 0.635599 0.585111 0.634562 0.584847 0.633565 0.581847 0.632125 0.580069
2 0.636828 0.588681 0.638286 0.587403 0.639086 0.588579 0.639471 0.587463 0.641318 0.589079 0.641562 0.591616 0.641701 0.594963 0.642182 0.596269 0.641010 0.597111
2 0.638677 0.598657 0.635154 0.590477 0.636828 0.588681 0.641010 0.597111
2 0.608714 0.599944 0.610674 0.597051 0.610945 0.595819 0.610885 0.593838 0.611516 0.592926 0.612089 0.593787 0.612753 0.592875 0.613055 0.591856 0.614109 0.591644 0.614680 0.593037 0.615193 0.593569 0.616328 0.599792
2 0.616849 0.592315 0.618922 0.584722 0.622906 0.585093 0.623375 0.587222 0.619703 0.600278 0.618286 0.600218
5 0.599063 0.582130 0.599484 0.585356 0.601646 0.588208 0.603633 0.589574 0.606560 0.591681 0.609245 0.591495 0.611789 0.591185 0.612940 0.587898 0.613812 0.585977 0.613880 0.584551 0.615206 0.584056 0.615799 0.583500 0.616497 0.580523 0.616635 0.578356 0.615625 0.577361 0.614161 0.579718 0.613148 0.579282 0.611266 0.577361 0.608966 0.576931 0.609419 0.573708 0.608339 0.572157 0.608305 0.569616 0.607292 0.568005 0.606211 0.570296 0.605724 0.569245 0.604435 0.568375 0.602690 0.570171 0.601297 0.569616 0.599448 0.570606 0.599484 0.571537 0.600427 0.573551 0.600844 0.574523 0.600010 0.576144 0.599448 0.576866 0.599609 0.577778 0.599714 0.580741
2 0.587786 0.556296 0.586901 0.555278 0.584740 0.552361 0.583802 0.549676 0.583125 0.547917 0.583776 0.546759 0.585938 0.546574 0.586380 0.545463 0.588151 0.545694 0.589089 0.546667 0.589193 0.547685 0.590182 0.547870 0.590938 0.548194 0.591953 0.552778 0.590859 0.553796 0.589453 0.554306 0.588542 0.554444
5 0.596693 0.571204 0.597396 0.570231 0.598125 0.569167 0.599714 0.568704 0.601068 0.568704 0.602109 0.568009 0.602422 0.566157 0.601432 0.561343 0.600104 0.558333 0.598177 0.556713 0.597917 0.555231 0.596276 0.553935 0.595182 0.553380 0.594115 0.553009 0.592682 0.553426 0.591953 0.552778 0.590859 0.553796 0.589453 0.554306 0.588542 0.554444 0.587786 0.556296 0.586979 0.559907 0.591703 0.565681 0.595474 0.562778 0.596198 0.563954 0.592667 0.567023 0.595896 0.570727
2 0.584292 0.572755 0.586016 0.579444 0.589089 0.583194 0.591589 0.584769 0.592005 0.582454 0.592370 0.579815 0.591797 0.577778 0.590260 0.576667 0.588589 0.572986 0.585932 0.568542 0.585201 0.568509 0.583073 0.569676 0.584188 0.570810
2 0.579448 0.572014 0.580203 0.573634 0.581557 0.575486 0.581922 0.575810 0.584292 0.572755 0.584188 0.570810 0.583073 0.569676 0.581703 0.570384
2 0.578542 0.572042 0.578721 0.571292 0.579583 0.571019 0.582680 0.568829 0.585143 0.567606 0.587794 0.567111 0.588516 0.566792 0.589810 0.566634 0.590805 0.566417 0.595474 0.562778 0.596198 0.563954 0.591227 0.568292 0.588393 0.568398 0.585201 0.568509 0.581703 0.570384 0.579234 0.572148
2 0.577911 0.566782 0.577833 0.567431 0.577833 0.569190 0.579141 0.571157 0.579609 0.571065 0.582680 0.568829 0.579372 0.563449 0.579044 0.564532 0.578445 0.566296
8 0.433099 0.344907 0.432031 0.346806 0.434323 0.348148 0.434607 0.346995
2 0.575276 0.556319 0.578242 0.561870 0.579409 0.562634 0.579372 0.563449 0.582680 0.568829 0.585143 0.567606 0.577997 0.556514 0.576354 0.554213 0.572490 0.547403
2 0.572628 0.545542 0.572865 0.544306 0.575443 0.544213 0.575625 0.544662 0.575021 0.546380 0.577964 0.553981 0.576604 0.552176
2 0.573203 0.538287 0.575625 0.544662 0.575021 0.546380 0.577964 0.553981 0.581031 0.557139 0.581312 0.554412 0.577159 0.544014 0.576674 0.544301 0.575182 0.538708
2 0.466341 0.399176 0.466966 0.412398 0.467221 0.412620 0.469909 0.417741 0.473031 0.423171 0.472268 0.407310 0.471245 0.396653 0.470542 0.394861 0.469979 0.394699 0.468721 0.394611 0.466667 0.396606
2 0.554432 0.547500 0.559122 0.552833 0.558922 0.551403 0.560214 0.549968 0.564846 0.553560 0.563594 0.546898 0.563516 0.533838 0.562263 0.532403 0.562370 0.535745 0.557034 0.535681 0.556078 0.541685 0.554333 0.545023
2 0.375990 0.322685 0.375937 0.326806 0.380339 0.329491 0.381797 0.327778 0.384422 0.329370 0.385651 0.333333 0.387630 0.334306 0.392995 0.333287 0.397448 0.329352 0.397352 0.327903 0.396932 0.327653 0.395398 0.327718 0.394805 0.328458 0.390417 0.325046 0.389367 0.325486 0.388810 0.328338 0.388461 0.328458 0.388112 0.328523 0.387729 0.329204 0.387904 0.329949 0.388495 0.330134 0.388229 0.331111 0.385729 0.327824
2 0.392823 0.313236 0.399714 0.311481 0.400667 0.314542 0.394146 0.317579
2 0.377620 0.323556 0.377740 0.321907 0.389880 0.314375 0.390203 0.316384 0.391372 0.316028 0.391495 0.317606 0.390313 0.319491 0.379844 0.324583
2 0.409341 0.316421 0.409688 0.317593 0.419401 0.313889 0.424081 0.307903 0.425042 0.305898 0.418219 0.309370 0.418151 0.308287
2 0.404456 0.312713 0.413073 0.310370 0.405208 0.318056 0.404818 0.316370 0.404326 0.316417 0.404417 0.313394
2 0.376094 0.303148 0.389745 0.301384 0.400057 0.298398 0.401740 0.296421 0.402500 0.296713 0.402667 0.299736 0.403513 0.301801 0.396318 0.305699 0.377750 0.309356 0.377323 0.313505 0.376042 0.313102
2 0.402997 0.313463 0.403417 0.314889 0.403102 0.319102 0.400141 0.321083 0.384794 0.327310 0.379844 0.324676 0.390313 0.319491 0.394146 0.317579 0.400667 0.314542
2 0.445521 0.388843 0.444055 0.387338 0.443461 0.387583 0.442417 0.387338 0.441055 0.386713 0.440531 0.386838 0.440008 0.389130 0.439523 0.390861 0.439484 0.391856 0.439695 0.392537 0.440461 0.391981 0.441576 0.390806 0.441857 0.391329 0.441151 0.392074 0.440190 0.392861 0.439224 0.393458 0.439099 0.394338 0.442979 0.395347 0.442716 0.396148 0.443029 0.396935 0.443341 0.397532 0.443354 0.398282 0.442008 0.398134 0.440938 0.401157 0.442891 0.401065 0.442753 0.401616 0.443484 0.402912 0.444031 0.402958 0.444445 0.403144 0.444786 0.403375 0.444919 0.403889 0.444839 0.404213 0.444109 0.404306 0.444260 0.405560 0.443740 0.409032 0.441417 0.409565 0.440849 0.409787 0.440849 0.411176 0.441057 0.411870 0.441292 0.412102 0.441706 0.413861 0.441969 0.415481 0.442180 0.417241 0.442247 0.418185 0.442398 0.420866 0.442518 0.422356 0.443573 0.421935 0.444656 0.420435 0.445682 0.418991 0.446198 0.417167 0.447130 0.415565 0.448526 0.414463
2 0.404531 0.341250 0.441836 0.358097 0.448448 0.361718 0.471185 0.375134 0.468591 0.380940 0.439557 0.365046 0.401573 0.346273
2 0.564487 0.539023 0.565294 0.541986 0.565841 0.544301 0.565503 0.549301 0.566258 0.554852 0.567766 0.555653 0.571518 0.557944 0.571076 0.553718 0.569865 0.547620 0.568896 0.543319 0.569667 0.543926 0.569234 0.542338 0.565443 0.536097 0.564523 0.534917
2 0.534219 0.526648 0.540417 0.533315 0.540547 0.532528 0.536724 0.520264 0.535677 0.521204 0.534974 0.522269 0.534453 0.523380 0.534505 0.524352 0.534271 0.525278 0.533880 0.526296
2 0.549542 0.530005 0.549021 0.528213 0.549474 0.526227 0.549927 0.524806 0.550589 0.524000 0.551562 0.522139 0.549229 0.519648 0.547500 0.520065 0.544000 0.518986 0.541219 0.518250 0.539651 0.520241 0.538711 0.520519 0.542237 0.531634
2 0.545792 0.538537 0.551615 0.545231 0.552917 0.543500 0.551120 0.536898 0.545763 0.537356
8 0.430495 0.364444 0.431367 0.364500 0.431237 0.366167 0.429518 0.365889
8 0.432630 0.363565 0.435177 0.362866 0.436141 0.363375 0.435776 0.364856 0.432521 0.365319
8 0.430807 0.360694 0.424044 0.371565 0.424255 0.372477 0.425310 0.372477 0.432344 0.361528
5 0.404870 0.368102 0.404969 0.362644 0.405677 0.362361 0.405547 0.361157 0.414401 0.361481 0.416536 0.360370 0.418516 0.360731 0.419977 0.358380 0.421302 0.358981 0.423464 0.358889 0.425521 0.362037 0.425052 0.363426 0.423906 0.363611 0.422760 0.364769 0.422396 0.363750 0.418281 0.364074 0.417552 0.364537 0.415521 0.363287 0.414914 0.365782 0.413802 0.366667 0.412734 0.367639 0.412734 0.365602 0.406641 0.367269
8 0.414531 0.322731 0.423047 0.315231 0.424437 0.318653 0.419661 0.323801 0.415828 0.325907
2 0.564714 0.526991 0.564740 0.531963 0.567214 0.534574 0.570286 0.533287 0.569375 0.528500
8 0.433190 0.297903 0.433281 0.300139 0.435599 0.299167 0.435286 0.297361
2 0.557245 0.528306 0.557034 0.535681 0.562370 0.535745 0.562263 0.532403 0.558326 0.528245
2 0.554107 0.528625 0.556755 0.528681 0.555641 0.537176 0.554070 0.537727
2 0.542237 0.531634 0.553143 0.529218 0.553294 0.532972 0.552542 0.533662 0.552602 0.536824 0.545763 0.537356 0.545792 0.538537 0.543766 0.536444
8 0.418151 0.308287 0.418219 0.309370 0.425042 0.305898 0.425484 0.303722 0.419844 0.306620
2 0.528536 0.519630 0.533880 0.526296 0.534271 0.525278 0.534505 0.524352 0.534453 0.523380 0.534974 0.522269 0.535677 0.521204 0.535703 0.520509 0.534922 0.519444 0.533776 0.517917 0.532552 0.515741 0.530073 0.513102 0.530932 0.515880 0.530542 0.516435 0.529943 0.516806 0.529786 0.517917 0.529109 0.519074
2 0.526583 0.509352 0.525932 0.510185 0.525620 0.511389 0.525802 0.512870 0.526323 0.514259 0.527937 0.517731 0.528536 0.519630 0.529109 0.519074 0.529786 0.517917 0.529943 0.516806 0.530542 0.516435 0.530932 0.515880 0.530073 0.513102
9 0.515698 0.500000 0.515747 0.498894 0.515747 0.497778 0.513896 0.495755 0.513380 0.495185 0.512807 0.495602 0.512674 0.496435 0.512703 0.498616 0.513784 0.500560 0.514302 0.500949 0.514844 0.499880
2 0.573591 0.518130 0.565049 0.504356 0.563930 0.504856 0.563742 0.506681 0.563745 0.508759 0.562109 0.511991 0.561456 0.513236
2 0.572419 0.503088 0.572154 0.504426 0.573177 0.505389 0.573117 0.506676 0.572906 0.507801 0.572424 0.507856 0.572966 0.509245 0.577336 0.513963 0.580469 0.518569 0.581133 0.518083 0.582187 0.518245 0.583182 0.518139 0.584086 0.518995 0.584326 0.520926 0.584326 0.521407 0.588539 0.523162 0.587646 0.521139 0.584401 0.517106 0.580891 0.510199 0.577292 0.502977
2 0.564672 0.494648 0.564409 0.495106 0.566880 0.498000 0.568870 0.500569 0.568719 0.501639 0.568930 0.503088 0.569471 0.504963 0.570164 0.505657 0.570737 0.506676 0.571430 0.507319 0.572424 0.507856 0.572906 0.507801 0.573117 0.506676 0.573177 0.505389 0.572154 0.504426 0.571732 0.500755 0.570737 0.497648 0.569674 0.494648 0.567919 0.493648 0.565984 0.492648
2 0.568263 0.473667 0.574654 0.483921 0.578805 0.491000 0.577471 0.491500 0.576747 0.492579 0.564177 0.471319
2 0.576747 0.492579 0.577471 0.491500 0.578805 0.491000 0.581828 0.492292 0.583078 0.493440 0.583966 0.494514 0.585781 0.495731 0.587193 0.496667 0.588927 0.497310 0.590865 0.497097 0.591872 0.497884 0.597156 0.505056 0.600948 0.510435 0.601109 0.511796 0.600159 0.512519 0.599471 0.511657 0.592615 0.508792 0.591969 0.509509 0.588622 0.507787 0.585273 0.505134 0.584914 0.506199
2 0.564177 0.471319 0.584914 0.506199 0.596734 0.525681 0.588539 0.523162 0.587646 0.521139 0.584401 0.517106 0.580891 0.510199 0.577292 0.502977 0.572737 0.493759 0.570982 0.491093 0.565234 0.485208 0.562484 0.479542 0.556112 0.466769
2 0.556112 0.466769 0.562484 0.479542 0.565234 0.485208 0.570982 0.491093 0.572737 0.493759 0.577292 0.502977 0.572419 0.503088 0.571732 0.500755 0.570737 0.497648 0.569674 0.494648 0.567919 0.493648 0.565984 0.492648 0.564672 0.494648 0.564047 0.492870 0.560172 0.487116 0.560732 0.485292 0.547057 0.464491 0.545672 0.460898
2 0.542760 0.462361 0.542000 0.460435 0.542370 0.457593 0.539378 0.457481 0.539508 0.457852 0.540159 0.458778 0.540706 0.459843 0.540836 0.461278 0.539099 0.462167 0.538927 0.463634 0.538823 0.465245 0.539031 0.465991 0.539833 0.466796 0.541193 0.466917 0.541891 0.466296 0.542786 0.465972 0.544750 0.467167
2 0.546497 0.481116 0.546839 0.480097 0.546810 0.478431 0.546523 0.477181 0.546133 0.476301 0.545276 0.475329 0.544104 0.474264 0.542904 0.473894 0.540581 0.477884
2 0.543906 0.490278 0.543034 0.490750 0.542065 0.490606 0.541016 0.490389 0.539523 0.489958 0.538555 0.490389 0.538354 0.490963 0.538516 0.493329 0.543656 0.496005 0.551841 0.499556
2 0.537401 0.480051 0.537643 0.483204 0.537078 0.490162 0.535385 0.490306 0.533570 0.490662 0.531495 0.489662 0.529542 0.489523 0.528815 0.487319 0.527839 0.487963 0.527721 0.484282 0.528273 0.482824 0.528656 0.480218 0.528687 0.476995 0.528273 0.475634
2 0.525724 0.485241 0.526630 0.482014 0.526146 0.481574 0.525625 0.480741 0.525260 0.479722 0.525104 0.478843 0.524583 0.478194 0.523898 0.478463 0.522766 0.477583 0.520526 0.477667 0.518706 0.477917 0.519943 0.479051 0.521849 0.481806 0.522370 0.481111
2 0.510945 0.469824 0.510536 0.471111 0.509557 0.471278 0.509557 0.471861 0.510258 0.472690 0.510352 0.474431 0.509651 0.478495 0.509930 0.479741 0.510865 0.479657 0.512266 0.480157 0.513523 0.480736 0.515997 0.481481 0.518505 0.481907 0.519255 0.483231 0.522424 0.485069 0.520000 0.481667 0.518995 0.480264 0.515445 0.477111 0.514115 0.477898 0.513357 0.477319 0.512938 0.476204 0.513320 0.474903 0.514333 0.475028 0.516562 0.475769 0.516279 0.474847 0.515625 0.472523 0.515297 0.471278 0.514690 0.470449 0.512253 0.471444
8 0.389323 0.307130 0.389880 0.314375 0.390203 0.316384 0.391372 0.316028 0.391495 0.317606 0.390313 0.319491 0.394146 0.317579 0.392823 0.313236 0.391562 0.306662
8 0.436068 0.296806 0.454844 0.293194 0.484193 0.294583 0.486740 0.294894 0.486773 0.295514 0.485169 0.296565 0.455833 0.295278 0.450182 0.296204 0.436641 0.298426 0.436198 0.297731
5 0.472667 0.374389 0.471070 0.385208 0.472510 0.387792 0.475529 0.383602 0.476372 0.376639
15 0.529427 0.497083 0.527865 0.496852 0.527232 0.494736 0.524862 0.487111 0.524375 0.485972 0.527656 0.490787
15 0.529542 0.489523 0.531495 0.489662 0.543656 0.496005 0.554635 0.500991 0.555000 0.503139 0.554846 0.506310 0.554661 0.507389 0.554987 0.508630 0.556060 0.511454 0.546370 0.507875 0.546409 0.505579 0.545094 0.504069 0.534911 0.499338 0.532081 0.498079
15 0.501698 0.475019 0.506016 0.477398 0.507586 0.478468 0.509651 0.478495 0.509930 0.479741 0.510865 0.479657 0.512266 0.480157 0.513523 0.480736 0.515997 0.481481 0.518529 0.481944 0.517964 0.482731 0.515945 0.491769
5 0.477474 0.369792 0.477370 0.371620 0.476875 0.372963 0.473490 0.371065 0.474906 0.367389 0.476693 0.367130
2 0.427891 0.365417 0.426922 0.363699 0.427016 0.361894 0.426130 0.361153 0.425521 0.362037 0.425052 0.363426 0.425063 0.365736 0.425245 0.366245 0.425430 0.367741 0.426107 0.368250
2 0.517495 0.462995 0.517073 0.465222 0.515312 0.464630 0.516286 0.461477 0.515802 0.460259 0.511133 0.455815 0.518693 0.458037
2 0.500729 0.454907 0.509393 0.457000 0.510599 0.458231 0.510911 0.462315 0.505544 0.459995 0.503536 0.458250 0.501849 0.456713
2 0.500846 0.468606 0.508951 0.471444 0.510536 0.471111 0.510945 0.469824 0.511607 0.467574 0.511565 0.462648 0.505544 0.459995 0.503536 0.458250 0.501849 0.456713 0.499992 0.453782 0.498185 0.451963 0.497372 0.452500 0.496346 0.453519 0.500232 0.459861
2 0.515312 0.464630 0.517073 0.465222 0.522906 0.463398 0.523419 0.465056 0.523419 0.467046 0.524081 0.466824 0.524409 0.471884 0.524034 0.474454 0.523419 0.476421 0.522766 0.477583 0.520526 0.477667 0.518706 0.477917 0.516562 0.475769 0.516279 0.474847 0.515625 0.472523 0.515297 0.471278 0.514690 0.470449 0.512253 0.471444 0.513151 0.467361
2 0.525724 0.485241 0.526630 0.482014 0.527154 0.478671 0.526914 0.474889 0.528273 0.475634 0.528687 0.476995 0.528656 0.480218 0.528273 0.482824 0.527328 0.485301 0.526740 0.486231
9 0.386313 0.291361 0.387943 0.291389 0.387872 0.293389
2 0.468776 0.358935 0.466273 0.355514 0.465250 0.355565 0.463682 0.355352 0.462206 0.354440 0.461482 0.353690 0.460182 0.353657 0.459609 0.355509 0.460427 0.357171
2 0.388008 0.340630 0.393958 0.339657 0.393958 0.341528 0.391224 0.344954 0.389193 0.345417
2 0.405130 0.357083 0.408143 0.357329 0.408404 0.359134 0.405313 0.358889
2 0.478328 0.350972 0.477440 0.345019 0.473219 0.343407 0.472664 0.340509 0.471776 0.339097 0.470885 0.338657 0.468073 0.343241 0.468490 0.343657 0.468620 0.346250 0.472359 0.352046 0.473245 0.351690 0.475208 0.354167 0.473453 0.349287 0.473182 0.347681 0.474086 0.347199 0.474792 0.349306 0.476562 0.349606
5 0.406477 0.387190 0.409810 0.385801 0.412102 0.385894 0.412044 0.386801 0.412956 0.386847 0.413346 0.387866 0.416016 0.385972 0.422372 0.386259 0.422721 0.387079 0.425115 0.385454 0.427370 0.384398 0.440182 0.378056 0.440052 0.381296 0.441065 0.381259 0.440883 0.382833 0.440622 0.384593 0.440023 0.385889 0.439346 0.385426 0.439190 0.385056 0.438487 0.384685 0.436768 0.385194 0.436872 0.383713 0.437549 0.382556 0.436898 0.382046 0.436143 0.382833 0.434815 0.383991 0.434268 0.384731 0.434372 0.386213 0.434372 0.387833 0.434294 0.388713 0.433659 0.388653 0.432565 0.389301 0.431549 0.390227 0.431198 0.392269 0.430065 0.392727 0.429674 0.392866 0.428971 0.393005 0.428643 0.391185 0.427081 0.391370 0.425622 0.393176 0.424919 0.392157 0.424060 0.391324 0.423487 0.391648 0.423995 0.393120 0.422667 0.396870 0.421469 0.395991 0.421052 0.400667 0.420375 0.402333
5 0.412734 0.367639 0.413802 0.366667 0.414914 0.365782 0.417057 0.367361 0.417839 0.366759 0.418151 0.365139 0.418281 0.364074 0.422396 0.363750 0.422760 0.364769 0.423906 0.363611 0.425063 0.365736 0.425245 0.366245 0.425430 0.367741 0.426107 0.368250 0.424044 0.371565 0.422839 0.373889 0.421276 0.368843 0.419557 0.370556 0.421034 0.374394 0.420352 0.373838 0.419687 0.373995 0.419839 0.374694 0.415771 0.375495 0.414807 0.374801 0.412227 0.374787 0.411875 0.372407 0.415039 0.372569 0.415104 0.370556 0.412565 0.370903 0.412656 0.370185
2 0.438547 0.328495 0.438661 0.326662 0.440232 0.324120 0.439708 0.321208 0.436328 0.323148 0.434583 0.322176 0.435312 0.321111 0.434505 0.319769 0.439583 0.318333 0.441823 0.316713 0.444063 0.318796 0.441406 0.320880 0.442273 0.324144 0.441042 0.326153
2 0.438547 0.328495 0.438661 0.326662 0.437128 0.326847 0.437094 0.328088 0.436849 0.333148 0.437526 0.334722 0.438958 0.335833 0.438862 0.334944 0.440151 0.332338
5 0.450760 0.381556 0.456094 0.417407 0.457544 0.420704 0.457867 0.423389 0.455060 0.426653 0.453333 0.427616 0.453688 0.432009 0.454482 0.436009 0.455055 0.437653 0.455849 0.437343 0.456070 0.438282 0.455365 0.439458 0.458143 0.444162 0.464406 0.449810 0.466568 0.451537 0.470583 0.457968 0.477992 0.464866 0.482031 0.470139 0.481831 0.463065 0.477773 0.454750 0.473362 0.449889 0.470273 0.445968 0.468068 0.441810 0.465422 0.437653 0.463701 0.433106 0.461273 0.420713 0.460523 0.412796 0.459818 0.404954 0.457701 0.396639 0.457161 0.395741 0.455833 0.391157 0.455409 0.391620 0.454276 0.392847 0.453990 0.392199 0.453990 0.391319 0.454198 0.390486 0.455214 0.389144 0.454393 0.385815 0.453289 0.381972
8 0.406484 0.348657 0.406406 0.350093 0.406042 0.351870 0.400099 0.351269 0.399141 0.353102 0.420026 0.355324
2 0.430521 0.327361 0.431656 0.325856 0.439708 0.321208 0.440232 0.324120 0.438661 0.326662 0.437128 0.326847 0.437094 0.328088 0.432083 0.331157 0.430500 0.328880
5 0.414323 0.322083 0.418594 0.318241 0.423464 0.311852 0.426216 0.309125 0.428133 0.309495 0.428760 0.305963 0.431094 0.300694 0.433281 0.300139 0.435599 0.299167 0.436823 0.301667 0.433516 0.307731 0.434560 0.309282 0.438492 0.302213 0.440812 0.303500 0.442440 0.302319 0.443344 0.302801 0.443766 0.303551 0.444279 0.305963 0.444008 0.308588 0.442862 0.309231 0.443750 0.311019 0.419661 0.323801 0.424437 0.318653 0.423047 0.315231 0.414531 0.322731
2 0.446823 0.303519 0.447685 0.302921 0.448333 0.302917 0.449661 0.302639 0.449971 0.299801 0.448797 0.297662 0.447893 0.297769 0.447852 0.298685 0.446940 0.299611 0.443945 0.298731 0.443435 0.297231 0.441536 0.297662 0.442440 0.302319 0.443344 0.302801 0.443766 0.303551 0.446115 0.304088
2 0.447758 0.318843 0.446766 0.317417 0.446432 0.315463 0.449680 0.315403 0.449680 0.319940 0.450099 0.322426 0.450703 0.322037 0.451198 0.324954 0.450208 0.324676 0.447578 0.322162
2 0.390417 0.325046 0.400141 0.321083 0.400964 0.320509 0.401380 0.322361 0.403073 0.322454 0.403073 0.324398 0.397448 0.329352 0.397352 0.327903 0.396932 0.327653 0.395398 0.327718 0.394805 0.328458
2 0.364740 0.341481 0.359583 0.335509 0.359948 0.333148 0.365182 0.334306 0.365365 0.333889 0.367211 0.336532 0.368130 0.334995 0.371229 0.335273 0.371250 0.337176 0.369362 0.337486
2 0.408411 0.332315 0.407240 0.327083 0.407578 0.327037 0.408776 0.326944 0.409531 0.326157 0.409896 0.323889 0.410833 0.322407 0.413021 0.321713 0.413177 0.322454 0.414315 0.325329 0.412109 0.325880 0.409917 0.328060 0.410128 0.329611 0.412500 0.327824 0.414922 0.326806 0.415490 0.329519 0.415065 0.332954 0.412591 0.333370 0.412318 0.335000 0.408568 0.332731
2 0.466273 0.355514 0.459773 0.346667 0.458966 0.338926 0.458698 0.340324 0.457630 0.341852 0.454792 0.344352 0.452266 0.344537 0.449115 0.348333 0.446953 0.348796 0.447370 0.352361 0.450651 0.357037 0.452552 0.353843 0.453013 0.354222 0.455151 0.351171 0.460182 0.353657 0.461482 0.353690 0.462206 0.354440 0.463682 0.355352 0.465250 0.355565
2 0.382755 0.361088 0.377336 0.355606 0.377615 0.354417 0.385320 0.354602 0.387604 0.354676 0.384914 0.357579 0.385469 0.359444 0.383125 0.358981
2 0.482193 0.446134 0.491727 0.464500 0.475602 0.446986 0.474651 0.440042 0.473995 0.434644 0.476750 0.440542 0.479917 0.444440
2 0.422214 0.340926 0.424391 0.337986 0.424453 0.335833 0.423484 0.334824 0.423271 0.334255 0.423177 0.331204 0.429661 0.340139 0.423307 0.341528
2 0.418724 0.347639 0.422422 0.347176 0.423125 0.345231 0.432682 0.350926 0.430911 0.353102
2 0.482031 0.470139 0.507815 0.498051 0.520479 0.511889 0.520802 0.510741 0.518141 0.503426 0.516003 0.502278 0.513784 0.500560 0.506000 0.486218 0.492846 0.470273 0.477773 0.454750 0.481831 0.463065
2 0.497599 0.413801 0.497563 0.415523 0.497609 0.417764 0.492826 0.421384 0.492773 0.418310 0.492339 0.417551 0.492526 0.415741 0.492909 0.415292 0.493815 0.413926
9 0.455883 0.379588 0.455865 0.378356 0.456047 0.377847 0.456646 0.377662 0.458391 0.380162 0.457609 0.380579 0.456901 0.381250
2 0.460240 0.387106 0.460039 0.392454 0.457701 0.396639 0.457161 0.395741 0.455833 0.391157 0.458990 0.387894
2 0.455214 0.389144 0.454844 0.387593 0.455414 0.382315 0.456901 0.381250 0.459453 0.381620 0.460417 0.383056 0.460240 0.384977 0.458651 0.385949
2 0.480542 0.388134 0.480948 0.387310 0.484354 0.384741 0.486596 0.388722 0.481693 0.389491
2 0.486042 0.396944 0.485052 0.395648 0.483177 0.393380 0.482656 0.393935 0.482292 0.393565 0.481823 0.392685 0.481094 0.392407 0.480755 0.393287 0.480547 0.394167 0.479828 0.395528 0.479221 0.397102 0.479635 0.397833
2 0.490750 0.400551 0.490646 0.403792 0.485750 0.402866 0.485724 0.401662
2 0.486596 0.388722 0.486042 0.396944 0.490812 0.396301
15 0.489219 0.359676 0.505313 0.372556 0.515076 0.384458 0.524245 0.401019 0.497917 0.379537 0.490695 0.367662 0.490469 0.368315 0.490107 0.366759 0.489940 0.366042 0.489966 0.364745 0.489680 0.363773 0.489107 0.362847 0.488664 0.362519 0.489055 0.359653
2 0.490107 0.366759 0.489940 0.366042 0.489966 0.364745 0.489680 0.363773 0.489107 0.362847 0.488664 0.362519 0.488357 0.362662 0.487630 0.362569 0.487315 0.362569 0.487081 0.362245 0.486641 0.361593 0.486198 0.361130 0.485388 0.360949 0.485294 0.362213
2 0.485388 0.360949 0.486198 0.361130 0.486641 0.361593 0.487081 0.362245 0.487315 0.362569 0.487630 0.362569 0.488357 0.362662 0.488664 0.362519 0.489055 0.359653 0.489219 0.359676 0.488211 0.356995 0.487365 0.355921 0.486354 0.355991 0.485703 0.356852
2 0.502013 0.384940 0.505313 0.385537 0.509453 0.388981 0.507214 0.392644
4 0.370000 0.317176 0.368437 0.316667 0.369104 0.303630 0.370945 0.295667 0.371146 0.321667
4 0.402604 0.297866 0.404893 0.298838 0.402812 0.305417 0.403438 0.306019 0.403870 0.305046 0.403688 0.310602 0.403349 0.309319 0.396318 0.305699 0.403513 0.301801 0.402667 0.299736
4 0.400667 0.314542 0.402997 0.313463 0.402625 0.311778 0.396792 0.308676 0.396167 0.307472 0.393406 0.307333 0.393224 0.306361 0.391562 0.306662 0.392823 0.313236 0.399714 0.311481
4 0.404456 0.312713 0.405562 0.301343 0.406484 0.299306 0.419323 0.304769 0.413073 0.310324
4 0.389411 0.292560 0.401099 0.297181 0.400057 0.298398 0.390766 0.301106
10 0.459349 0.403056 0.467221 0.412620 0.469909 0.417741 0.473031 0.423171 0.476406 0.427838 0.478594 0.427282 0.479779 0.429167 0.481154 0.428958 0.482341 0.430514 0.484529 0.432514 0.483966 0.434278 0.483466 0.435954 0.484841 0.438731 0.484380 0.442491 0.484174 0.444435 0.482193 0.446134 0.479917 0.444440 0.476750 0.440542 0.473995 0.434644 0.471802 0.431333 0.470120 0.429759 0.466896 0.430167 0.466479 0.426847 0.466435 0.424694 0.465404 0.422870 0.465359 0.421204 0.465128 0.419463 0.463167 0.417139 0.460523 0.412796 0.459818 0.404954
4 0.371120 0.323889 0.367708 0.321157 0.368437 0.316667 0.370000 0.317176 0.371146 0.321713
10 0.475529 0.383602 0.480435 0.379014 0.484854 0.381648 0.486216 0.381713 0.486669 0.378551 0.487630 0.379764 0.488221 0.382074 0.490346 0.385329 0.493951 0.390051 0.496956 0.397269 0.500083 0.397185 0.501531 0.398597 0.502370 0.400421 0.501062 0.403074 0.502883 0.407639 0.503583 0.411954 0.505638 0.412037 0.508810 0.417514 0.507643 0.419671 0.508857 0.421162 0.510117 0.423486 0.509323 0.426306 0.507505 0.427551 0.505078 0.427551 0.502745 0.425394 0.502930 0.422324 0.498169 0.424731 0.493060 0.428977 0.492758 0.432352 0.488419 0.435403 0.486516 0.432602 0.486672 0.430208 0.490318 0.427745 0.490258 0.423347 0.497609 0.417764 0.497563 0.415523 0.499430 0.411704 0.486596 0.388722 0.484354 0.384741 0.480948 0.387310 0.479641 0.389884 0.479828 0.395528 0.479221 0.397102 0.477167 0.393449 0.476281 0.392292 0.474695 0.399426 0.472500 0.399838 0.470542 0.394861 0.469979 0.394699 0.468721 0.394611 0.466667 0.396606 0.466341 0.399176 0.464286 0.397931 0.458906 0.401204 0.457701 0.396639 0.460039 0.392454 0.465453 0.389968 0.467568 0.392935 0.467659 0.394380 0.469979 0.394699 0.472510 0.387792
4 0.376138 0.290495 0.376094 0.303148 0.389141 0.301435 0.387872 0.293389 0.387672 0.296667 0.383641 0.299116
2 0.502883 0.407639 0.507208 0.407333 0.513906 0.409630 0.513945 0.411639 0.514268 0.413144 0.513138 0.414579 0.512372 0.413574 0.507492 0.415296 0.505638 0.412037 0.503583 0.411954
4 0.377620 0.323556 0.375990 0.322685 0.376042 0.313102 0.377323 0.313505 0.377750 0.309356 0.389323 0.307130 0.389880 0.314375 0.377740 0.321907
8 0.430521 0.327361 0.435312 0.321111 0.434505 0.319769 0.431430 0.323273 0.430078 0.326250
8 0.441406 0.320880 0.445901 0.317417 0.446766 0.317417 0.447758 0.318843 0.447578 0.322162 0.442273 0.324144
6 0.450208 0.324676 0.469732 0.330222 0.458750 0.332963
8 0.514794 0.358704 0.514318 0.362171 0.511844 0.361755 0.511797 0.360347 0.498906 0.359352 0.480016 0.345907
6 0.498906 0.359352 0.511797 0.360347 0.511844 0.361755 0.513023 0.364903 0.507411 0.366269
6 0.389172 0.345361 0.393880 0.344491 0.393750 0.348657 0.390195 0.349333
8 0.391120 0.363750 0.404083 0.359065 0.404240 0.357023 0.405130 0.357083 0.405677 0.362361 0.388885 0.367565
8 0.415833 0.358009 0.413672 0.359630 0.408404 0.359134 0.408143 0.357329
8 0.387755 0.354583 0.389969 0.355185 0.390646 0.352685
8 0.389969 0.355185 0.390646 0.352685 0.387604 0.354676 0.385320 0.354602 0.385268 0.352565 0.391510 0.351481 0.391500 0.352435 0.390823 0.355259
5 0.384914 0.357579 0.386953 0.364491 0.389969 0.355185 0.387755 0.354583
8 0.387703 0.365287 0.392292 0.358241 0.406732 0.333241 0.408411 0.332315 0.408885 0.333972 0.388594 0.368009 0.387630 0.367269
8 0.403984 0.337963 0.401286 0.338412 0.402786 0.340000
8 0.391510 0.351481 0.391500 0.352435 0.393437 0.352454 0.393542 0.351111
6 0.396927 0.343704 0.401172 0.342963 0.398333 0.347778 0.396495 0.347949
5 0.387703 0.365287 0.390823 0.355259 0.392839 0.355463 0.392292 0.358241
6 0.374323 0.281065 0.374555 0.279153 0.386313 0.291361 0.387872 0.293389 0.387672 0.296667 0.383641 0.299116 0.376138 0.290495 0.376224 0.283843
15 0.364740 0.341481 0.369333 0.337477 0.387630 0.334306 0.392995 0.333287 0.396333 0.333412 0.402036 0.332486 0.403055 0.331523 0.405234 0.331093 0.406732 0.333241 0.404010 0.337963 0.380573 0.341852 0.381034 0.340097 0.379516 0.339472 0.378721 0.339116 0.374865 0.342829 0.374089 0.343796 0.373594 0.344444 0.373299 0.343310 0.370917 0.343204 0.370885 0.344583 0.368385 0.345417
5 0.452854 0.379417 0.452654 0.376583 0.452227 0.374657 0.451714 0.373792 0.449977 0.371773 0.450898 0.379227 0.452331 0.379370
15 0.474818 0.349352 0.476562 0.349606 0.485703 0.356852 0.481909 0.359944 0.476997 0.355991
15 0.520833 0.384907 0.552656 0.409954 0.550380 0.413593 0.549878 0.416926 0.550172 0.421236 0.547870 0.421236 0.530766 0.406560 0.529115 0.403704 0.529557 0.401898
11 0.442956 0.366917 0.444404 0.378292 0.450898 0.379227 0.449891 0.370764
11 0.444638 0.381343 0.448526 0.414463 0.448958 0.426463 0.451549 0.428769 0.455060 0.426653 0.457867 0.423389 0.457544 0.420704 0.456094 0.417407 0.450760 0.381556 0.447495 0.381116
11 0.441859 0.358120 0.438862 0.334944 0.440151 0.332338 0.438547 0.328495 0.441042 0.326153 0.444870 0.330602 0.448448 0.361718
15 0.450703 0.322037 0.517172 0.273051 0.519089 0.269769 0.520990 0.268472 0.522891 0.267778 0.524453 0.266944 0.537602 0.252972 0.539695 0.254148 0.539589 0.260282 0.520799 0.278690 0.454974 0.326019 0.451198 0.324954
8 0.401573 0.346273 0.402635 0.346782 0.402479 0.347412 0.400099 0.351269 0.399141 0.353102 0.398177 0.353009 0.397445 0.353194
8 0.410500 0.340296 0.411021 0.339926 0.413516 0.342824 0.411229 0.343028
8 0.405927 0.338926 0.407370 0.339213 0.406615 0.342269 0.404531 0.341250
8 0.409294 0.341338 0.408096 0.341292 0.408125 0.342870 0.409922 0.343704
8 0.406917 0.337306 0.408323 0.337537 0.408828 0.339491 0.405927 0.338926
8 0.396299 0.357731 0.397266 0.358704 0.397404 0.361051 0.396510 0.359676 0.394063 0.361343
8 0.393073 0.363009 0.394063 0.361343 0.396484 0.359676 0.396510 0.361806
6 0.353464 0.328380 0.365401 0.318514 0.368339 0.323435 0.367378 0.328958 0.364836 0.332273 0.355060 0.330065
8 0.378898 0.349069 0.382370 0.348843 0.382839 0.350602 0.378430 0.350875
8 0.393070 0.362963 0.397115 0.356347 0.398177 0.353009 0.397445 0.353194 0.391120 0.363750
6 0.371120 0.323889 0.371224 0.333148 0.369250 0.333097 0.368130 0.334995 0.367208 0.336514 0.365365 0.333889 0.365812 0.332958 0.364836 0.332273 0.367378 0.328958
8 0.355060 0.330065 0.364836 0.332273 0.365812 0.332958 0.365182 0.334306 0.356484 0.332407
8 0.369250 0.333097 0.371224 0.333148 0.371229 0.335273 0.368130 0.334995
8 0.375911 0.333935 0.379036 0.333981 0.379089 0.335787 0.375891 0.335921
8 0.436302 0.353148 0.433076 0.354153 0.430911 0.353194 0.432682 0.350926
8 0.376120 0.354444 0.379516 0.339472 0.380990 0.340093 0.377336 0.355606
8 0.370831 0.347958 0.374865 0.342829 0.378721 0.339116 0.379516 0.339472 0.378984 0.341713 0.371872 0.349347
5 0.386068 0.334583 0.384422 0.329370 0.381797 0.327778 0.378672 0.331481 0.379036 0.333981 0.379089 0.335787
5 0.380573 0.341852 0.388008 0.340630 0.390195 0.349333 0.384740 0.350278 0.384792 0.351528 0.383073 0.351481
8 0.378333 0.351435 0.384792 0.351528 0.385268 0.352565 0.385320 0.354602 0.377615 0.354417
8 0.376721 0.351815 0.376068 0.351713 0.376120 0.354444
6 0.370917 0.343204 0.370885 0.344583 0.370831 0.347958 0.373594 0.344444 0.373299 0.343310
6 0.375964 0.344954 0.376120 0.354444 0.371872 0.349347
8 0.403021 0.383657 0.425469 0.383796 0.425115 0.385454 0.422552 0.385565 0.422372 0.386259 0.404609 0.385556
8 0.443086 0.374046 0.443854 0.373935 0.444281 0.377519 0.443164 0.377102
8 0.375964 0.344954 0.378307 0.344769 0.377917 0.346528 0.375990 0.346620
8 0.379964 0.344370 0.381198 0.344167 0.381682 0.346130 0.379469 0.346546
8 0.376034 0.349579 0.377214 0.349537 0.376875 0.351111 0.376060 0.351014
6 0.439773 0.342144 0.430500 0.328880 0.430521 0.327361 0.428729 0.323079 0.425326 0.322792 0.422734 0.328458 0.421719 0.329028 0.422318 0.329907 0.423177 0.331204 0.441724 0.356949
8 0.415547 0.346204 0.421667 0.344352 0.423125 0.345231 0.422422 0.347176 0.418724 0.347639
8 0.400099 0.351269 0.406406 0.350093 0.406484 0.348657 0.402479 0.347412
6 0.451875 0.358796 0.486669 0.378551 0.486216 0.381713 0.484854 0.381648 0.455651 0.364259
6 0.452682 0.372222 0.467568 0.392935 0.467659 0.394380 0.469979 0.394699 0.472510 0.387792 0.468591 0.380940
15 0.455234 0.356157 0.468776 0.358935 0.468617 0.360940 0.469792 0.362111 0.469453 0.364167 0.469010 0.364204 0.468880 0.366343 0.461068 0.364028 0.458047 0.362315 0.455331 0.357560
6 0.447370 0.352361 0.457747 0.367218 0.448448 0.361718
