0 0.505286 0.294167 0.506385 0.295241 0.510000 0.298898 0.511057 0.301995 0.510182 0.309620 0.510250 0.314491 0.511240 0.320134 0.513047 0.324884 0.513482 0.328870 0.513297 0.333398 0.512857 0.336167 0.517904 0.344019 0.519813 0.346222 0.524018 0.355301 0.526099 0.359181 0.529122 0.362880 0.531482 0.366894 0.535544 0.375292 0.536667 0.379583 0.537500 0.384028 0.537893 0.388764 0.538094 0.392310 0.537661 0.399056 0.537177 0.404861 0.535229 0.415847 0.532763 0.423060 0.530339 0.428625 0.528349 0.430921 0.527008 0.432255 0.524484 0.433111 0.523352 0.431972 0.522326 0.426032 0.522510 0.419028 0.523034 0.416921 0.523625 0.413079 0.524078 0.408431 0.524245 0.407083 0.524182 0.406074 0.523904 0.403903 0.523380 0.398634 0.522893 0.395102 0.522409 0.392037 0.521828 0.388319 0.518953 0.381019 0.509375 0.372963 0.503760 0.372579 0.498148 0.377569 0.494406 0.381287 0.493542 0.383583 0.491958 0.404310 0.493326 0.409810 0.497211 0.417431 0.499086 0.419097 0.500359 0.419241 0.500516 0.419843 0.501401 0.420722 0.502628 0.420954 0.504042 0.423384 0.505849 0.430884 0.505849 0.440532 0.505661 0.444338 0.504271 0.453889 0.501932 0.475884 0.500773 0.474597 0.499628 0.473810 0.499159 0.474088 0.499107 0.475292 0.500096 0.476449 0.500070 0.477051 0.499081 0.477838 0.498247 0.477560 0.497102 0.478069 0.496737 0.479782 0.496451 0.482838 0.495852 0.483255 0.495435 0.483856 0.481539 0.457199 0.478391 0.453889 0.477557 0.432565 0.478128 0.411051 0.478284 0.405866 0.478333 0.403380 0.478388 0.401838 0.479391 0.397472 0.480411 0.393218 0.481453 0.382755 0.481687 0.379375 0.481583 0.374653 0.481250 0.369028 0.478086 0.367153 0.476729 0.366403 0.475615 0.365704 0.474771 0.365546 0.473687 0.365491 0.473628 0.365491 0.473083 0.365440 0.472573 0.365389 0.472211 0.365273 0.469562 0.366241 0.466448 0.368625 0.456602 0.377037 0.450688 0.384782 0.448323 0.389458 0.446490 0.392718 0.443216 0.385551 0.441443 0.376282 0.441651 0.372449 0.444531 0.361991 0.447081 0.355435 0.452896 0.347495 0.457734 0.343009 0.467737 0.332306 0.470904 0.329537 0.470695 0.323125 0.470203 0.315852 0.467195 0.302481 0.465315 0.292250 0.465047 0.287083 0.465315 0.283838 0.466229 0.281352 0.467117 0.281773 0.467690 0.280176 0.467445 0.277856 0.466302 0.273208 0.465159 0.270019 0.464914 0.264208 0.466464 0.260727 0.469648 0.260000 0.486305 0.255065 0.489000 0.255792 0.492430 0.259856 0.494552 0.261741 0.497083 0.262759 0.501247 0.260727 0.504432 0.257824 0.506310 0.257241 0.512924 0.263773 0.515781 0.271468 0.516516 0.276694 0.515617 0.282065 0.510148 0.292949 0.508107 0.293241 0.505820 0.292514 0.504841 0.293384
5 0.587656 0.528843 0.586432 0.529259 0.583984 0.529167 0.582812 0.528889 0.581198 0.528935 0.579922 0.529019 0.579818 0.529491 0.579870 0.530972 0.580495 0.534028 0.580937 0.536898 0.582344 0.537500 0.582969 0.539444 0.584245 0.541157 0.585417 0.541250 0.585938 0.539630 0.586823 0.540602 0.587422 0.542778 0.588828 0.543935 0.589896 0.544444 0.590078 0.546296 0.591094 0.547454 0.593568 0.547222 0.594453 0.546389 0.594115 0.545278 0.592427 0.542644 0.589708 0.532662
8 0.561802 0.725759 0.562578 0.722639 0.564078 0.716389 0.564922 0.713815 0.565375 0.713440 0.566247 0.714458 0.566307 0.715745 0.562812 0.730176 0.562784 0.728431
8 0.564078 0.716389 0.563385 0.700319 0.562904 0.699676 0.562271 0.699569 0.561458 0.700157 0.561065 0.701977 0.562362 0.719440 0.562578 0.722639
8 0.551086 0.462366 0.545990 0.460093 0.545312 0.459861 0.544870 0.460556 0.544870 0.461852 0.545651 0.462407 0.551839 0.464454
8 0.510125 0.416468 0.508047 0.417037 0.506328 0.417130 0.504375 0.416991 0.502474 0.416296 0.500443 0.415509 0.499609 0.415139 0.497734 0.413704 0.496979 0.412222 0.496120 0.410417 0.494870 0.411296 0.497448 0.415324 0.498854 0.416343 0.500937 0.417315 0.503437 0.418241 0.505203 0.418639 0.508198 0.418778 0.509656 0.417856
7 0.577995 0.556713 0.598490 0.561111 0.599870 0.558889 0.600964 0.558981 0.601745 0.558380 0.602578 0.556759 0.596562 0.550324 0.595182 0.548380 0.594453 0.546389 0.593568 0.547222 0.591094 0.547454 0.590078 0.546296 0.589036 0.544769 0.585781 0.544583 0.583568 0.545648 0.578229 0.546250 0.576406 0.546019 0.574966 0.545718
7 0.597417 0.543829 0.598646 0.543935 0.601583 0.544523 0.602391 0.544292 0.604734 0.544199 0.606974 0.556931 0.604812 0.556148 0.602234 0.553690 0.597339 0.548134 0.595516 0.545681 0.596635 0.544986
8 0.621563 0.617560 0.623099 0.616634 0.624401 0.616542 0.625911 0.620787 0.625419 0.621171 0.624969 0.620954 0.623167 0.618394 0.622659 0.618556 0.619057 0.625491 0.618487 0.625704 0.618156 0.625009 0.618156 0.624477
8 0.649453 0.632593 0.650260 0.630787 0.650807 0.631157 0.651146 0.631852 0.650573 0.633704
6 0.557109 0.542963 0.558026 0.543806 0.558479 0.544931 0.559039 0.545801 0.559870 0.546171 0.561042 0.547005 0.562094 0.546968 0.563120 0.546856 0.563964 0.546856 0.564625 0.547606 0.566464 0.550449 0.567789 0.551681 0.568935 0.553713 0.569867 0.555324 0.573271 0.561852 0.574117 0.564856 0.573242 0.565769 0.572339 0.566463 0.571315 0.566764 0.569503 0.564907 0.569013 0.563356 0.568909 0.562181 0.567620 0.560134 0.566539 0.559514 0.565911 0.558213 0.565318 0.557718 0.563690 0.554787 0.562786 0.553824 0.561901 0.552694 0.561414 0.551954 0.559776 0.551269 0.558359 0.550556 0.557214 0.549481 0.556219 0.548306 0.555737 0.547343 0.555706 0.546481 0.555964 0.545324 0.556615 0.544398 0.556510 0.543657
6 0.568000 0.589648 0.571469 0.591583 0.576549 0.596102 0.579091 0.598106 0.579375 0.598898 0.579534 0.599759 0.578083 0.603486 0.577638 0.603417 0.574250 0.600620 0.570581 0.597032 0.569734 0.594667 0.568766 0.593806 0.567193 0.592370
8 0.564336 0.536532 0.584245 0.541157 0.585417 0.541250 0.585456 0.541810 0.585378 0.543199 0.585143 0.543384 0.570677 0.539815 0.564492 0.538245 0.564180 0.538106 0.564023 0.537458 0.564206 0.536810
8 0.558479 0.544931 0.559609 0.542083 0.561146 0.538472 0.562396 0.535926 0.564427 0.532639 0.565260 0.531111 0.566328 0.529213 0.566562 0.529167 0.567031 0.529167 0.567240 0.529630 0.567135 0.530278 0.564766 0.533843 0.563828 0.535417 0.561589 0.539954 0.559948 0.543889 0.559039 0.545801
8 0.569167 0.528333 0.565599 0.525370 0.564922 0.524815 0.564453 0.524815 0.564193 0.525370 0.564193 0.526296 0.567526 0.528843
8 0.538661 0.429875 0.541432 0.435370 0.541901 0.435556 0.542474 0.434630 0.542474 0.433750 0.540260 0.429907
8 0.507810 0.477102 0.507021 0.476694 0.505870 0.476384 0.503466 0.475949 0.503359 0.477185 0.504615 0.477380 0.506148 0.477935 0.506984 0.478370
8 0.567570 0.645250 0.564844 0.637130 0.564542 0.635713 0.564333 0.634602 0.564333 0.634139 0.565323 0.633213 0.566000 0.633074 0.566380 0.634167 0.566510 0.634954 0.568352 0.640806
8 0.551396 0.511519 0.553172 0.510639 0.558836 0.509032 0.560221 0.508926 0.560583 0.509407 0.560281 0.510426 0.557630 0.511176 0.556310 0.511769
8 0.568255 0.621620 0.568852 0.621593 0.569737 0.621731 0.574034 0.624139 0.575727 0.625343 0.575727 0.625713 0.575727 0.625991 0.575544 0.626407 0.575206 0.626407 0.574841 0.626407 0.570943 0.623634 0.569531 0.622463
8 0.481687 0.379375 0.478958 0.377593 0.478464 0.377593 0.477995 0.379444 0.478177 0.380139 0.481453 0.382755
8 0.474245 0.430185 0.475130 0.430833 0.475234 0.432685 0.475078 0.434074 0.472135 0.432963 0.470885 0.429028 0.472370 0.429398 0.473385 0.429722
8 0.551219 0.607944 0.561714 0.601370 0.562391 0.601463 0.562781 0.602620 0.562417 0.603731 0.551635 0.609704
8 0.570172 0.529926 0.566943 0.534324 0.566318 0.534556 0.565667 0.534190 0.565771 0.533264 0.568323 0.529926 0.568906 0.529722
8 0.510622 0.386375 0.514659 0.380912 0.515128 0.380819 0.515492 0.381745 0.515336 0.382579 0.511430 0.388042
6 0.600391 0.595995 0.606016 0.600903 0.613516 0.607662 0.613568 0.608588 0.613646 0.609051 0.613245 0.609019 0.612758 0.610074 0.612135 0.610162 0.611016 0.609468 0.599245 0.598495 0.599193 0.597894 0.599818 0.596319
8 0.577500 0.518194 0.578255 0.519537 0.578203 0.520602 0.577448 0.521991 0.576667 0.521574 0.576250 0.520231
8 0.502865 0.397315 0.505182 0.394537 0.505885 0.394630 0.506641 0.396528 0.506328 0.397546 0.505052 0.400185
8 0.501536 0.398056 0.496120 0.405324 0.493750 0.408519 0.493568 0.409028 0.494870 0.411296 0.496120 0.410417 0.502578 0.402685 0.503516 0.401204
5 0.548549 0.395444 0.547156 0.395444 0.546055 0.397269 0.545247 0.395963 0.543779 0.395574 0.542971 0.396880 0.542237 0.399097 0.542164 0.400273 0.544000 0.400792 0.545102 0.404838 0.545469 0.407972 0.546201 0.411231 0.546440 0.418116 0.548029 0.421898 0.549956 0.415139 0.549211 0.410843 0.549211 0.405491 0.549138 0.401315 0.548992 0.397532
15 0.518672 0.495880 0.524969 0.507157 0.526625 0.507856 0.527529 0.506245 0.529518 0.501856 0.529789 0.500139 0.529458 0.497194 0.528620 0.496181 0.526008 0.491968 0.521747 0.485514 0.520685 0.486028 0.518964 0.490241
1 0.566151 0.477579 0.570911 0.473935 0.573906 0.472454 0.575651 0.471991 0.577031 0.470833 0.578984 0.468750 0.581745 0.463426 0.582682 0.460556 0.582552 0.460046 0.582057 0.460000 0.581510 0.460000 0.581094 0.460972 0.578411 0.466806 0.577552 0.467824 0.576276 0.469491 0.575573 0.470278 0.574427 0.470602 0.572891 0.471204 0.570651 0.471759 0.568307 0.473426 0.565833 0.475880 0.565771 0.476671
15 0.536990 0.519440 0.537602 0.522264 0.537672 0.523940 0.537435 0.525463 0.536667 0.524819 0.535617 0.525176 0.535336 0.526106 0.535156 0.525833 0.533906 0.526574 0.533281 0.527454 0.533255 0.528657 0.535000 0.532685 0.534753 0.533824 0.518500 0.497347 0.518672 0.495880 0.524969 0.507157 0.526625 0.507856 0.527529 0.506245 0.529518 0.501856 0.529789 0.500139 0.529458 0.497194 0.530060 0.499704 0.530479 0.502157 0.533089 0.507278 0.535398 0.513676
6 0.529758 0.541125 0.534781 0.553292 0.536943 0.552829 0.538753 0.553685 0.539747 0.555079 0.540781 0.558750 0.544289 0.555861 0.539466 0.544361 0.535919 0.536810 0.532885 0.536727 0.531018 0.535486 0.530599 0.534569 0.530505 0.532995 0.531299 0.532912 0.534193 0.533907 0.534753 0.533824 0.518500 0.497347 0.519755 0.508912 0.519607 0.513329 0.518174 0.514861
9 0.513516 0.410324 0.515521 0.411991 0.516927 0.413102 0.518177 0.413889 0.518510 0.414042 0.518062 0.415847
2 0.517203 0.418023 0.516484 0.418750 0.516302 0.420139 0.515703 0.421111 0.514792 0.419907 0.514427 0.419352 0.514141 0.418889 0.513255 0.418565 0.512865 0.418611 0.512344 0.418796 0.512005 0.418102 0.512096 0.417176 0.512445 0.415139 0.512813 0.412731 0.515354 0.416079
2 0.507781 0.420259 0.507188 0.420602 0.506875 0.421250 0.507839 0.423241 0.509479 0.426435 0.510417 0.427546 0.511302 0.427963 0.512109 0.426991 0.512422 0.425926 0.512161 0.424537 0.510260 0.421343 0.509844 0.420602 0.509245 0.420602 0.508802 0.420370 0.508490 0.420139
2 0.467708 0.412176 0.468365 0.409199 0.468568 0.406764 0.469130 0.405111 0.469534 0.404324 0.469615 0.403106 0.469091 0.401958 0.468888 0.401310 0.468888 0.400236 0.469372 0.398588 0.470141 0.398014 0.471068 0.398227 0.471672 0.399736 0.471794 0.400449 0.471914 0.401310 0.471753 0.403676 0.471714 0.404468 0.472237 0.405398 0.472198 0.407477 0.470987 0.409130 0.469333 0.410560 0.468888 0.412213 0.469172 0.414505
2 0.627635 0.639273 0.629245 0.640093 0.630365 0.641481 0.631198 0.643009 0.633724 0.649537 0.639661 0.651991 0.638385 0.648889 0.638151 0.647731 0.636016 0.644444 0.634219 0.640741 0.632630 0.637037 0.631641 0.634954 0.630651 0.636389 0.629766 0.636852 0.627938 0.637829
2 0.542206 0.439319 0.544182 0.438958 0.545513 0.438958 0.546724 0.440468 0.551779 0.451972 0.549641 0.455722 0.547005 0.450218 0.543294 0.443764 0.542367 0.441685 0.542044 0.440824 0.541964 0.440181
2 0.535336 0.526106 0.535156 0.525833 0.533906 0.526574 0.533281 0.527454 0.533255 0.528657 0.535000 0.532685 0.535297 0.528046
2 0.591458 0.690833 0.590885 0.690046 0.590365 0.689444 0.589688 0.688981 0.588984 0.688889 0.588490 0.688843 0.588047 0.689306 0.587969 0.690694 0.587630 0.691389 0.586615 0.692685 0.585990 0.693333 0.586221 0.696222 0.589846 0.694176 0.590786 0.692440
2 0.638854 0.601356 0.638333 0.600602 0.637630 0.600046 0.637109 0.599444 0.637161 0.598704 0.637682 0.598009 0.638880 0.597454 0.639792 0.596991 0.640487 0.596722 0.640513 0.597741 0.640982 0.598250 0.641893 0.598620
2 0.617036 0.555310 0.617630 0.553657 0.619844 0.552963 0.621224 0.552269 0.622057 0.552269 0.622552 0.553287 0.622943 0.554954 0.623203 0.556296 0.622708 0.557963 0.621458 0.559815 0.620052 0.560231 0.619193 0.560093 0.618568 0.558750 0.618307 0.557963 0.617479 0.557435
2 0.613203 0.570843 0.613437 0.570843 0.613802 0.570241 0.614089 0.569315 0.615026 0.569130 0.615727 0.570009 0.615987 0.570889 0.616510 0.572593 0.616568 0.575912 0.615969 0.576426 0.615083 0.577306 0.614615 0.578278 0.614120 0.578741
2 0.551187 0.551949 0.555521 0.551148 0.559776 0.551269 0.561414 0.551954 0.561901 0.552694 0.561552 0.553875 0.562109 0.555301 0.562565 0.556602 0.562737 0.558833 0.563401 0.560505 0.564411 0.559329 0.565318 0.557718 0.565911 0.558213 0.566539 0.559514 0.567620 0.560134 0.568909 0.562181 0.569013 0.563356 0.569503 0.564907 0.571315 0.566764 0.572570 0.568500 0.572745 0.571287 0.572430 0.573519 0.571419 0.573708 0.570372 0.572778 0.569292 0.571537 0.568630 0.571722 0.567932 0.573333 0.567341 0.574014 0.566729 0.575167 0.558047 0.572690 0.557529 0.568176 0.554589 0.559875
2 0.543854 0.464583 0.544557 0.463935 0.545234 0.462870 0.545651 0.462407 0.546354 0.462917 0.546719 0.463519 0.547318 0.465278 0.547995 0.467500 0.549063 0.468148 0.549714 0.468611 0.550495 0.470556 0.551536 0.472176 0.552240 0.473426 0.545130 0.473056 0.545469 0.471759 0.545807 0.470139 0.545339 0.468333 0.544766 0.466111
2 0.516437 0.404523 0.520130 0.404352 0.520938 0.405278 0.521120 0.408889 0.520755 0.410463 0.518229 0.410926 0.515833 0.410880 0.514557 0.410463 0.513516 0.410324 0.514458 0.409338 0.514805 0.408352 0.515534 0.406065
2 0.500443 0.415509 0.500443 0.411852 0.500807 0.407778 0.501536 0.405185 0.502188 0.403981 0.503255 0.403565 0.504297 0.403565 0.505339 0.403796 0.505703 0.403935 0.510417 0.409769 0.511583 0.410912 0.511664 0.412116 0.511740 0.413505 0.511299 0.414009 0.510542 0.415213 0.510125 0.416468 0.508047 0.417037 0.506328 0.417130 0.504375 0.416991 0.502474 0.416296
2 0.448565 0.396037 0.447055 0.393722 0.446404 0.386639 0.446924 0.385574 0.447497 0.385019 0.448148 0.385435 0.448323 0.389458 0.448799 0.396130
2 0.516570 0.385810 0.518237 0.383218 0.519852 0.380486 0.520372 0.380255 0.522820 0.382801 0.522951 0.383727 0.519904 0.389468 0.518081 0.391685 0.517299 0.389699
2 0.588542 0.526389 0.590745 0.517227 0.591529 0.514227 0.592341 0.512995 0.593789 0.512838 0.597042 0.513370 0.598203 0.513750 0.599339 0.518778 0.594026 0.518824 0.593766 0.518870 0.593141 0.519565 0.592594 0.521093 0.592255 0.523176 0.591448 0.524657 0.591552 0.526093 0.590625 0.527269 0.589297 0.528333
2 0.583690 0.508282 0.581570 0.511000 0.580867 0.511894 0.580182 0.514167 0.581849 0.514583 0.583125 0.515509 0.584036 0.516759 0.585703 0.520046 0.587526 0.524148 0.589219 0.523611 0.590745 0.517227 0.591529 0.514227 0.592341 0.512995 0.593789 0.512838 0.597042 0.513370 0.598203 0.513750 0.597669 0.511426 0.591924 0.510852 0.589112 0.508708 0.586180 0.507852
2 0.611604 0.534380 0.612370 0.535231 0.612839 0.536713 0.613255 0.537546 0.614427 0.537917 0.614818 0.538704 0.614115 0.540278 0.612969 0.543472 0.612500 0.545000 0.608911 0.544704 0.607995 0.540139 0.608609 0.535491 0.609521 0.536648 0.611187 0.536231 0.611500 0.535213
2 0.637083 0.641667 0.637305 0.640912 0.637997 0.640380 0.638240 0.638338 0.637667 0.637213 0.637635 0.635819 0.638690 0.634481 0.639987 0.633944 0.641190 0.634963 0.641734 0.636088 0.642096 0.638287 0.642518 0.640380 0.643120 0.640856 0.643693 0.641819 0.643784 0.643801 0.643872 0.644981 0.644174 0.643750 0.644143 0.642569 0.644505 0.641819 0.645409 0.641926 0.645831 0.642630 0.646344 0.646106 0.646734 0.648088 0.647307 0.649963 0.647490 0.651407 0.647219 0.653069 0.645711 0.653389 0.645109 0.653343 0.643844 0.653231 0.643047 0.653519 0.638047 0.643796
2 0.554052 0.545417 0.553828 0.545046 0.554089 0.543704 0.554505 0.543380 0.555312 0.542870 0.556094 0.543102 0.556510 0.543657 0.556615 0.544398 0.555964 0.545324 0.554833 0.546273 0.554685 0.545630
10 0.577464 0.500782 0.579792 0.499259 0.581562 0.498843 0.584531 0.498657 0.586562 0.499167 0.588906 0.500787 0.590547 0.501713 0.591844 0.503426
2 0.613172 0.638782 0.612846 0.636745 0.612786 0.634398 0.612846 0.631519 0.612516 0.628745 0.612516 0.626449 0.612635 0.625491 0.612943 0.624398 0.615391 0.622653 0.617760 0.620708 0.617810 0.619412 0.618828 0.618208 0.620154 0.617329 0.621563 0.617560 0.618156 0.624477 0.618156 0.625009 0.618487 0.625704 0.619057 0.625491 0.622659 0.618556 0.623167 0.618394 0.624969 0.620954 0.625419 0.621171 0.625911 0.620787 0.626380 0.622222 0.626198 0.623519 0.625568 0.623625 0.624159 0.622236 0.623797 0.622769 0.624068 0.623782 0.624128 0.624102 0.624008 0.624852 0.623318 0.625171 0.622177 0.624690 0.620526 0.624477 0.620437 0.625329 0.620526 0.628102 0.620797 0.630130 0.620737 0.630986 0.620948 0.631519 0.621427 0.632264 0.621492 0.633046 0.621336 0.633694 0.621674 0.636750 0.621458 0.637593 0.621430 0.639819 0.620734 0.640176 0.619227 0.640657 0.615914 0.640440
2 0.582146 0.572611 0.582404 0.571606 0.583458 0.570801 0.584812 0.570051 0.585445 0.568769 0.585990 0.567162 0.586289 0.565713 0.586711 0.564375 0.587555 0.563838 0.587826 0.565176 0.587435 0.566569 0.587013 0.568394 0.587375 0.568662 0.588159 0.568125 0.589182 0.568444 0.589695 0.569412 0.590177 0.569519 0.591622 0.570000 0.591833 0.571019 0.591833 0.572250 0.591224 0.573333 0.589818 0.573750 0.588490 0.575000 0.588125 0.576296 0.587786 0.577778 0.586380 0.579722 0.584753 0.581736 0.583357 0.578778 0.582227 0.576269
2 0.598646 0.543935 0.598568 0.543056 0.598698 0.542130 0.599115 0.540833 0.599635 0.540093 0.600391 0.539815 0.601016 0.539167 0.601745 0.538704 0.602526 0.538519 0.603203 0.539537 0.603411 0.540370 0.603490 0.541435 0.603177 0.542454 0.602344 0.543426 0.601583 0.544523
2 0.615031 0.609065 0.613245 0.609019 0.612758 0.610074 0.613107 0.611685 0.614047 0.613231 0.615651 0.614597 0.615966 0.615093 0.619563 0.612449 0.617141 0.609713
2 0.555016 0.527181 0.556016 0.528333 0.556250 0.529907 0.556536 0.531991 0.556536 0.533750 0.556120 0.535000 0.554141 0.535787 0.552526 0.535741 0.551224 0.535463 0.551693 0.534120 0.551667 0.533056 0.552057 0.531898 0.552370 0.530880 0.552630 0.529259 0.552516 0.528431
2 0.549833 0.529449 0.549687 0.529954 0.549609 0.531296 0.549427 0.532315 0.549271 0.532731 0.549297 0.533102 0.549271 0.533889 0.549974 0.534537 0.551224 0.535463 0.551693 0.534120 0.551667 0.533056 0.552057 0.531898 0.552370 0.530880 0.552630 0.529259 0.552516 0.528431
2 0.554323 0.537176 0.554167 0.538194 0.554271 0.539630 0.554922 0.541296 0.555182 0.542130 0.555312 0.542870 0.556693 0.540833 0.556589 0.539861 0.557109 0.539167 0.557422 0.538796 0.557526 0.538565 0.557578 0.537269 0.557292 0.536019
2 0.451383 0.389176 0.452578 0.389676 0.454141 0.390463 0.454792 0.391620 0.455104 0.393565 0.455677 0.394815 0.456068 0.394907 0.456693 0.393657 0.457370 0.393611 0.457995 0.394537 0.458724 0.395185 0.456901 0.398241 0.455573 0.397130 0.454375 0.396204 0.453437 0.395509 0.452109 0.393796 0.451172 0.392963 0.450755 0.392037 0.450417 0.390833 0.450422 0.389593
2 0.458297 0.371921 0.460510 0.367292 0.462411 0.362755 0.462828 0.361875 0.463531 0.361042 0.464286 0.361134 0.464885 0.362292 0.465016 0.368264 0.465094 0.369514 0.465068 0.369792 0.461875 0.372593 0.459781 0.371935
2 0.518740 0.420292 0.517224 0.421648 0.516260 0.423861 0.515617 0.426935 0.515417 0.429491 0.516503 0.431074 0.517146 0.431787 0.517427 0.433644 0.518109 0.435218 0.518753 0.436287 0.519073 0.438931 0.519273 0.441569 0.519617 0.446042 0.523578 0.443588 0.526068 0.442894 0.526969 0.442093 0.526906 0.440574 0.526503 0.439213 0.526263 0.438431 0.526182 0.437718 0.526143 0.437000 0.527146 0.434574 0.528031 0.432787 0.528312 0.431861 0.528698 0.426389 0.527411 0.425708 0.523125 0.424028
2 0.464911 0.389009 0.464677 0.388014 0.465547 0.386019 0.466849 0.386713 0.466451 0.388264 0.467198 0.390421 0.468318 0.391167 0.469625 0.392083 0.471305 0.391250 0.472240 0.391083 0.472518 0.391204 0.472313 0.393606 0.471586 0.394116 0.470409 0.394579 0.469862 0.394995 0.469602 0.396528 0.469659 0.397356 0.469372 0.398588 0.468888 0.400236 0.468888 0.401310 0.469091 0.401958 0.468536 0.401986 0.468299 0.402866 0.468482 0.403838 0.469130 0.405111 0.468568 0.406764 0.468365 0.409199 0.468044 0.410134 0.467622 0.410509 0.466896 0.410690 0.465672 0.408560 0.465854 0.406759 0.466115 0.404019 0.466138 0.402634 0.465695 0.402130 0.465281 0.401019 0.464398 0.400088 0.464341 0.399347 0.464318 0.398056 0.464630 0.397074 0.465018 0.395833 0.465438 0.394995 0.465781 0.393565 0.465703 0.392269 0.465182 0.391852 0.464740 0.392037 0.464654 0.390787 0.464917 0.390273 0.464917 0.389769
2 0.612786 0.634398 0.612057 0.634907 0.610729 0.634398 0.609245 0.633750 0.608177 0.633009 0.607917 0.632269 0.607812 0.631389 0.608385 0.629769 0.608698 0.628843 0.608932 0.627236 0.612943 0.624398 0.612635 0.625491 0.612516 0.626449 0.612516 0.628745 0.612846 0.631519
2 0.495435 0.483856 0.495852 0.483255 0.496451 0.482838 0.496737 0.479782 0.497102 0.478069 0.498247 0.477560 0.499081 0.477838 0.500070 0.477051 0.500096 0.476449 0.499107 0.475292 0.499159 0.474088 0.499628 0.473810 0.500773 0.474597 0.501932 0.475884 0.501583 0.479296 0.501305 0.483634 0.502279 0.484065 0.502664 0.483694 0.502570 0.484968 0.501633 0.485477 0.501034 0.485847 0.500383 0.486958 0.500122 0.488625 0.499341 0.489181 0.498117 0.488671
2 0.522409 0.392037 0.521885 0.392667 0.521615 0.393634 0.521010 0.394273 0.519805 0.393097 0.519023 0.392292 0.518419 0.392347 0.517878 0.393310 0.518089 0.394704 0.519654 0.396792 0.521734 0.401185 0.522638 0.405255 0.522734 0.406898 0.522005 0.412861 0.521161 0.417255 0.520484 0.418810 0.522487 0.420630 0.522510 0.419028 0.523034 0.416921 0.523625 0.413079 0.524078 0.408431 0.524245 0.407083 0.524182 0.406074 0.523904 0.403903 0.523380 0.398634 0.522893 0.395102
2 0.522734 0.406898 0.522096 0.404079 0.520620 0.401505 0.519565 0.399366 0.519112 0.398616 0.518391 0.398829 0.518208 0.400167 0.518992 0.402741 0.520130 0.404352 0.520938 0.405278 0.521120 0.408889 0.520755 0.410463 0.518229 0.410926 0.518539 0.413023 0.518510 0.414042 0.518062 0.415847 0.520484 0.418810 0.521161 0.417255 0.522005 0.412861
2 0.541070 0.450264 0.541917 0.449833 0.543331 0.450338 0.546581 0.458782 0.546792 0.459565 0.546849 0.460370 0.545990 0.460093 0.545312 0.459861 0.543922 0.457944 0.542776 0.455639 0.541503 0.452995 0.540953 0.451190 0.540878 0.450681
2 0.554469 0.525282 0.554396 0.524440 0.554005 0.522940 0.554758 0.522620 0.555841 0.521870 0.556716 0.520639 0.557169 0.519032 0.556979 0.517454 0.553453 0.517222 0.549409 0.516352 0.545539 0.514931 0.543568 0.514537 0.543701 0.516407 0.544182 0.518065 0.545070 0.520486 0.545461 0.519699 0.545721 0.519421 0.545982 0.519329 0.546581 0.519468 0.546893 0.520116 0.547161 0.523194 0.547979 0.525032 0.548008 0.526421 0.548375 0.528153 0.550797 0.527366
2 0.555859 0.605000 0.555055 0.604602 0.554706 0.603236 0.554880 0.600884 0.555542 0.598898 0.555297 0.597597 0.554602 0.596542 0.554635 0.594870 0.555646 0.592514 0.556589 0.590903 0.557565 0.589727 0.558331 0.588426 0.559133 0.587681 0.560214 0.587495 0.561294 0.587185 0.561922 0.586815 0.562396 0.585926 0.563951 0.584042 0.564547 0.582653 0.565229 0.581301 0.565857 0.580685 0.567323 0.579690 0.569518 0.579690 0.572307 0.580185 0.574154 0.581241 0.576073 0.582792 0.577362 0.584528 0.577815 0.585454 0.578763 0.586949 0.579521 0.587593 0.580120 0.587181 0.580977 0.587088 0.581862 0.587458 0.581992 0.587917 0.581682 0.589769 0.580797 0.591759 0.579648 0.592968 0.579008 0.593366 0.578451 0.593861 0.572836 0.590204 0.572174 0.590204 0.571792 0.591009 0.571469 0.591583 0.568000 0.589648 0.567193 0.592370 0.568766 0.593806 0.569734 0.594667 0.570581 0.597032 0.574250 0.600620 0.573133 0.602481 0.572526 0.605301 0.573789 0.607380 0.574862 0.610356 0.575654 0.612435 0.575047 0.615671 0.575003 0.617667 0.574844 0.619259 0.574242 0.618727 0.573284 0.618782 0.572247 0.618579 0.572154 0.616917 0.571625 0.615551 0.571362 0.614815 0.570401 0.614162 0.569799 0.614120 0.569021 0.614856 0.568992 0.616204 0.569148 0.618148 0.566953 0.617449 0.564102 0.615847 0.559750 0.613662 0.556690 0.611954 0.553841 0.610727 0.554096 0.610426 0.554799 0.609546 0.555424 0.608574 0.555682 0.607463 0.562417 0.603731 0.562781 0.602620 0.562391 0.601463 0.561714 0.601370
2 0.569148 0.618148 0.568992 0.616204 0.569021 0.614856 0.569799 0.614120 0.570401 0.614162 0.571362 0.614815 0.571625 0.615551 0.572154 0.616917 0.572247 0.618579 0.570312 0.618514
2 0.575047 0.615671 0.575599 0.614398 0.576120 0.613750 0.577365 0.613958 0.577888 0.615259 0.579594 0.617306 0.580547 0.618426 0.582760 0.620093 0.584687 0.621157 0.585807 0.621481 0.587125 0.622699 0.588310 0.624435 0.589982 0.624870 0.590755 0.624630 0.591589 0.624954 0.592187 0.625648 0.593281 0.626574 0.593802 0.628426 0.593828 0.629815 0.593281 0.631667 0.591484 0.633009 0.590156 0.632639 0.589010 0.630972 0.588099 0.629861 0.586094 0.628194 0.583932 0.626389 0.582500 0.625185 0.581354 0.623657 0.580234 0.622639 0.579740 0.622037 0.579219 0.621296 0.578099 0.620324 0.577266 0.619676 0.576771 0.619259 0.575365 0.618287 0.575003 0.617667
2 0.580208 0.697778 0.577031 0.695384 0.576969 0.693745 0.576932 0.691532 0.576849 0.690384 0.577214 0.689782 0.577865 0.689366 0.578385 0.688394 0.578828 0.687745 0.580208 0.687792 0.580833 0.689227 0.581875 0.692190 0.582292 0.693718 0.582865 0.694782 0.583802 0.695708 0.584687 0.696806 0.583445 0.697579 0.583445 0.698241 0.582937 0.699718 0.582057 0.699213 0.582005 0.694537 0.581771 0.694213 0.580365 0.694259 0.580234 0.694398
2 0.556057 0.501565 0.558003 0.503222 0.561497 0.503889 0.563435 0.504750 0.564852 0.505856 0.567302 0.506213 0.568221 0.507713 0.570909 0.509912 0.573383 0.510102 0.574844 0.510556 0.575729 0.518148 0.575339 0.518602 0.572370 0.515639 0.571198 0.516704 0.569833 0.517273 0.568617 0.517532 0.568758 0.516417 0.568583 0.513009 0.567990 0.512079 0.563354 0.512014 0.560281 0.510426 0.560583 0.509407 0.560221 0.508926 0.558836 0.509032 0.553172 0.510639 0.552573 0.509815 0.552357 0.508477 0.549992 0.507139 0.548755 0.508671 0.547409 0.510009 0.545690 0.509338 0.544776 0.508097 0.545044 0.506662 0.546656 0.505324 0.547464 0.504176 0.548070 0.503213 0.551500 0.505218 0.552549 0.505292 0.554484 0.503426
2 0.562396 0.585926 0.561250 0.584954 0.560651 0.583565 0.560625 0.581944 0.561250 0.580463 0.562318 0.580556 0.563385 0.581065 0.564547 0.582653 0.563951 0.584042
2 0.555646 0.592514 0.555104 0.590880 0.554818 0.590278 0.553750 0.590000 0.552839 0.590880 0.550781 0.591574 0.549557 0.591991 0.548177 0.592269 0.547604 0.592824 0.547526 0.593935 0.549635 0.602639 0.551068 0.604259 0.551068 0.604861 0.550807 0.605648 0.551219 0.607944 0.554375 0.605972 0.554219 0.605509 0.554323 0.604352 0.554706 0.603236 0.554880 0.600884 0.555542 0.598898 0.555297 0.597597 0.554602 0.596542 0.554635 0.594870
2 0.574862 0.610356 0.575367 0.608968 0.576573 0.608111 0.578409 0.608194 0.578911 0.607069 0.579667 0.605407 0.581714 0.604231 0.583643 0.603644 0.585904 0.603801 0.588643 0.604606 0.589378 0.603880 0.590734 0.603236 0.591005 0.602861 0.591307 0.600986 0.591547 0.600023 0.592844 0.599648 0.593927 0.600611 0.594531 0.602005 0.595737 0.603880 0.596870 0.605676 0.599432 0.605088 0.601148 0.604875 0.602987 0.605356 0.609747 0.611380 0.610138 0.610843 0.609958 0.609931 0.611555 0.611218 0.612279 0.611324 0.613107 0.611685 0.612758 0.610074 0.612135 0.610162 0.611016 0.609468 0.602635 0.601685 0.601732 0.602005 0.600677 0.601843 0.598146 0.600343 0.595164 0.597829 0.594500 0.596435 0.594771 0.596060 0.597302 0.596486 0.599109 0.596810 0.599818 0.596319 0.600391 0.595995 0.606016 0.600903 0.605047 0.599167 0.601732 0.594398 0.601159 0.593111 0.600044 0.591505 0.599503 0.591023 0.599396 0.592213 0.599221 0.593019 0.582453 0.587440 0.582448 0.589579 0.581995 0.590861 0.581424 0.591667 0.581122 0.592523 0.581091 0.593486 0.580669 0.593755 0.579797 0.593810 0.579404 0.594454 0.579164 0.595579 0.577839 0.595417 0.577266 0.595310 0.576784 0.595204 0.576549 0.596102 0.581273 0.597880 0.581242 0.598630 0.581003 0.599755 0.580370 0.600560 0.579766 0.600130 0.579534 0.599759 0.578083 0.603486 0.577638 0.603417 0.574250 0.600620 0.573133 0.602481 0.572526 0.605301 0.573789 0.607380
2 0.568214 0.629981 0.567396 0.631435 0.566693 0.632222 0.566771 0.633426 0.567682 0.634120 0.569167 0.633287 0.570573 0.630278 0.571719 0.629491 0.572422 0.629491 0.572135 0.631343 0.571771 0.632685 0.571510 0.634444 0.571893 0.635722 0.572836 0.636097 0.573951 0.637213 0.575659 0.637333 0.576641 0.636343 0.576953 0.635602 0.577214 0.634676 0.573867 0.632296 0.574003 0.630685 0.574281 0.628824 0.574529 0.626917 0.574841 0.626407 0.571875 0.624306 0.571328 0.624861 0.571068 0.625880 0.570443 0.626574 0.569635 0.627778 0.569115 0.628565 0.568880 0.629259
2 0.604789 0.653810 0.606318 0.658093 0.602010 0.653056 0.602049 0.649731 0.602398 0.647435 0.603096 0.645083 0.603432 0.646903 0.603982 0.647181 0.604909 0.648292 0.604518 0.649741 0.604456 0.651778
2 0.584737 0.679606 0.585482 0.676981 0.586081 0.678366 0.587344 0.678366 0.589802 0.677407 0.590818 0.677514 0.591839 0.679324 0.594096 0.681940 0.595000 0.683486 0.593716 0.685005 0.592565 0.687171 0.591969 0.689079 0.591690 0.689079 0.590888 0.688579 0.589703 0.688273 0.588763 0.687963 0.587716 0.687898 0.587193 0.687963 0.587159 0.688704 0.587089 0.690130 0.586914 0.691060 0.585990 0.693333
2 0.574953 0.693060 0.574167 0.693657 0.573568 0.694352 0.573385 0.695231 0.573776 0.696574 0.573802 0.698056 0.573802 0.699213 0.573672 0.701019 0.573714 0.704593 0.574167 0.710968 0.575370 0.710991 0.575279 0.707440
1 0.585781 0.544583 0.577240 0.542361 0.576979 0.542778 0.576953 0.544120 0.583568 0.545648
10 0.409914 0.285713 0.414010 0.291435 0.415026 0.291204 0.416484 0.289722 0.416667 0.288241 0.416719 0.286111 0.416536 0.285185 0.416107 0.284440 0.415482 0.284019 0.414049 0.281935 0.412643 0.281199 0.411471 0.281704 0.410612 0.283463 0.410273 0.285366
9 0.526083 0.359014 0.527906 0.356005 0.528844 0.355583 0.530016 0.357069 0.530536 0.358690 0.530901 0.360588 0.529052 0.362903
9 0.520458 0.347764 0.521474 0.346977 0.522776 0.347023 0.523635 0.347579 0.523818 0.348505 0.523974 0.351005 0.523948 0.353551 0.524078 0.355310
2 0.471672 0.399736 0.473047 0.398611 0.474792 0.400972 0.474531 0.402546 0.474167 0.405787 0.473906 0.407454 0.473177 0.407963 0.472734 0.407037 0.472422 0.405648 0.472396 0.404028 0.472135 0.402407 0.471914 0.401310 0.471794 0.400449
2 0.544042 0.497514 0.545771 0.497764 0.549443 0.499481 0.553516 0.500630 0.555250 0.500417 0.555734 0.500704 0.556057 0.501565 0.554484 0.503426 0.552549 0.505292 0.551500 0.505218 0.548070 0.503213 0.545448 0.500847 0.544102 0.500130
2 0.545771 0.497764 0.549328 0.495440 0.551974 0.493657 0.552781 0.493444 0.553708 0.491148 0.556026 0.490542 0.557625 0.495310 0.556026 0.495366 0.554372 0.496014 0.551427 0.497875 0.549443 0.499481
2 0.543516 0.527361 0.543638 0.525671 0.544393 0.523032 0.545070 0.520486 0.545461 0.519699 0.545721 0.519421 0.545982 0.519329 0.546581 0.519468 0.546893 0.520116 0.547492 0.527384 0.547500 0.528194 0.544990 0.528338 0.544443 0.528569
2 0.456979 0.385046 0.458740 0.375083 0.455224 0.375685 0.452370 0.379630 0.452005 0.380324 0.451484 0.381528 0.451927 0.381204 0.453099 0.381852
2 0.468461 0.365907 0.466771 0.366574 0.465833 0.367130 0.465182 0.368426 0.465094 0.369514 0.465068 0.369792 0.461875 0.372593 0.463505 0.373046 0.464193 0.373750 0.464297 0.374491 0.465831 0.375213 0.467107 0.370213
2 0.476729 0.366403 0.473479 0.372380 0.470112 0.380403 0.468620 0.383981 0.467891 0.385139 0.466120 0.384167 0.465000 0.383519 0.470258 0.365259 0.470841 0.364296 0.471432 0.364236 0.475615 0.365704
2 0.510878 0.463718 0.510391 0.463009 0.509818 0.462917 0.509141 0.463565 0.508698 0.465046 0.508411 0.467361 0.508099 0.468796 0.507708 0.469213 0.506734 0.469810 0.505969 0.471676 0.505484 0.474833 0.505242 0.476264 0.505870 0.476384 0.507021 0.476694 0.507810 0.477102 0.509437 0.474792 0.510831 0.473880 0.512039 0.473468 0.512505 0.473056 0.511156 0.467273
2 0.505661 0.444338 0.506008 0.442847 0.506654 0.441556 0.507299 0.439981 0.507339 0.437042 0.507500 0.434745 0.507742 0.432810 0.508549 0.431731 0.509357 0.432236 0.510284 0.433528 0.511292 0.434602 0.512503 0.435463 0.513469 0.437296 0.511177 0.442713 0.509667 0.444704 0.509878 0.445454 0.511445 0.448667 0.508089 0.452565 0.508135 0.453968 0.508740 0.457028 0.507865 0.459917 0.507138 0.464722 0.506857 0.468093 0.506734 0.469810 0.505969 0.471676 0.505484 0.474833 0.505242 0.476264 0.503466 0.475949 0.506924 0.445269 0.506776 0.444648 0.506323 0.444278
2 0.576122 0.744921 0.575865 0.746241 0.574518 0.747005 0.573391 0.746144 0.570971 0.746625 0.571185 0.757903 0.570594 0.759051 0.569896 0.758380 0.569680 0.744519 0.569680 0.741653 0.569089 0.736681 0.567422 0.736583 0.568336 0.732569 0.569089 0.730370 0.570378 0.728458 0.572477 0.727981 0.573820 0.726931 0.575542 0.724634 0.575974 0.721731
2 0.582232 0.735056 0.583839 0.734736 0.585846 0.734736 0.587133 0.735093 0.588297 0.736375 0.589102 0.738519 0.589182 0.738588 0.589503 0.737519 0.589102 0.735662 0.588940 0.733593 0.589583 0.732593 0.590789 0.733236 0.592115 0.734736 0.593198 0.735231 0.593961 0.736093 0.594523 0.735449 0.594604 0.733875 0.594203 0.732519 0.593359 0.731662 0.592797 0.730736 0.592516 0.728162 0.592677 0.724949 0.592677 0.722380 0.592552 0.720713 0.590917 0.718306 0.588445 0.716148 0.585727 0.715741 0.583677 0.715810 0.582352 0.716310 0.582875 0.728093 0.581430 0.727806 0.581026 0.726949 0.579896 0.727037 0.579260 0.727593 0.578617 0.727593 0.577995 0.727500 0.578326 0.736606 0.579141 0.736519 0.579862 0.736481 0.580867 0.735556
2 0.606536 0.625556 0.605826 0.624750 0.605148 0.623917 0.604992 0.622343 0.604966 0.620352 0.605044 0.619241 0.605565 0.618870 0.606398 0.619519 0.606815 0.619519 0.607753 0.619565 0.608143 0.620583 0.608247 0.621139 0.606247 0.622745 0.606221 0.623255 0.606302 0.624458
2 0.581302 0.684954 0.582073 0.683694 0.583328 0.681093 0.584687 0.696806 0.583802 0.695708 0.582865 0.694782 0.582292 0.693718 0.582812 0.692935 0.582753 0.691968 0.582391 0.690736 0.581547 0.689398 0.582000 0.688111 0.582120 0.686236 0.581607 0.685273
2 0.410781 0.291574 0.409440 0.298444 0.409492 0.299278 0.411081 0.300250 0.411523 0.299602 0.412279 0.293722 0.412227 0.292889 0.411263 0.291731
2 0.404779 0.308491 0.408424 0.306593 0.409674 0.305481 0.410221 0.304463 0.410326 0.303537 0.408060 0.302241 0.406836 0.301407 0.406107 0.301639 0.406055 0.302426 0.406081 0.303074 0.407513 0.303769 0.407591 0.304324 0.403737 0.306037
2 0.517188 0.399167 0.517026 0.400944 0.516576 0.402486 0.516437 0.404523 0.515534 0.406065 0.514805 0.408352 0.514458 0.409338 0.513516 0.410324 0.512813 0.412731 0.512445 0.415139 0.512096 0.417176 0.510781 0.419213 0.507781 0.420259 0.502628 0.420954 0.501401 0.420722 0.500516 0.419843 0.500359 0.419241 0.502680 0.418824 0.505203 0.418639 0.508198 0.418778 0.509656 0.417856 0.510125 0.416468 0.510542 0.415213 0.511299 0.414009 0.511740 0.413505 0.511664 0.412116 0.511583 0.410912 0.512237 0.409287 0.512833 0.408685 0.513383 0.406278 0.514477 0.403361 0.514708 0.401787 0.514708 0.399241 0.515073 0.398222 0.516245 0.398273 0.516818 0.398407
2 0.510622 0.386375 0.510104 0.386296 0.509479 0.386806 0.509115 0.388426 0.509036 0.390139 0.509115 0.392315 0.509870 0.392824 0.511198 0.392269 0.512240 0.390741 0.513125 0.389537 0.513516 0.387870 0.513672 0.386806 0.513672 0.386019 0.513385 0.385278 0.511430 0.388042
2 0.533974 0.553569 0.534781 0.553292 0.536943 0.552829 0.538753 0.553685 0.539747 0.555079 0.540781 0.558750 0.541094 0.560833 0.541526 0.565093 0.542521 0.567185 0.543484 0.572005 0.543755 0.574843 0.543841 0.580051 0.543661 0.583847
2 0.508073 0.375556 0.507604 0.377639 0.507578 0.379491 0.507474 0.381759 0.507630 0.384074 0.507917 0.385787 0.508021 0.387176 0.507448 0.388009 0.506745 0.388380 0.505286 0.389583 0.504948 0.390972 0.504635 0.392176 0.504401 0.393426 0.504115 0.394537 0.503802 0.395417 0.502969 0.395602 0.502083 0.394769 0.501641 0.393796 0.502083 0.391991 0.502682 0.389954 0.502760 0.388148 0.505599 0.381759 0.506536 0.378796
2 0.539539 0.469458 0.539479 0.468333 0.539818 0.466713 0.540703 0.465093 0.541432 0.464120 0.542995 0.463704 0.543854 0.464583 0.544766 0.466111 0.545339 0.468333 0.545807 0.470139 0.545469 0.471759 0.545130 0.473056 0.542474 0.473102 0.539961 0.472926 0.539091 0.471963 0.538940 0.470630
2 0.618443 0.562991 0.620885 0.563796 0.621875 0.564861 0.622005 0.566389 0.622526 0.567546 0.623469 0.570032 0.617531 0.567764 0.616802 0.566653 0.618130 0.565171
2 0.563120 0.546856 0.563776 0.544537 0.564714 0.542454 0.566719 0.540370 0.567995 0.539954 0.569219 0.539676 0.570677 0.539815 0.571406 0.540556 0.572422 0.542963 0.573151 0.544856 0.569440 0.546079 0.569279 0.546796 0.569602 0.548157 0.573271 0.561852 0.569867 0.555324 0.568935 0.553713 0.567789 0.551681 0.566464 0.550449 0.564625 0.547606 0.563964 0.546856
2 0.459841 0.398407 0.459609 0.397269 0.459505 0.396250 0.459349 0.395231 0.458724 0.395185 0.456901 0.398241 0.455651 0.401204 0.455651 0.402037 0.455885 0.404028 0.457083 0.406065 0.458646 0.408056 0.461068 0.410046 0.463542 0.412824 0.465703 0.415694 0.467292 0.418241 0.468958 0.423102 0.470885 0.429028 0.472370 0.429398 0.473385 0.429722 0.474245 0.430185 0.475000 0.429769 0.475130 0.428056 0.475260 0.425231 0.475000 0.423843 0.467708 0.412176 0.460961 0.399981
2 0.537893 0.388764 0.540961 0.388958 0.542648 0.389347 0.542721 0.392870 0.542971 0.396880 0.542237 0.399097 0.542164 0.400273 0.542208 0.400833 0.541547 0.406704 0.540302 0.403676 0.540023 0.403551 0.539396 0.403986 0.539432 0.405657 0.540174 0.407269 0.541008 0.409630 0.545096 0.419449 0.540372 0.417537 0.541943 0.427329 0.539990 0.426403 0.537281 0.425847 0.535896 0.412185 0.537177 0.404861 0.537661 0.399056 0.538094 0.392310
2 0.539961 0.472926 0.542474 0.473102 0.545130 0.473056 0.552240 0.473426 0.551628 0.474847 0.550885 0.475972 0.550599 0.476852 0.550260 0.478981 0.550234 0.481204 0.549349 0.482361 0.549115 0.483380 0.539810 0.483111 0.539721 0.479111
2 0.653750 0.665509 0.652385 0.665917 0.651693 0.666773 0.650880 0.666667 0.650458 0.667523 0.649706 0.668005 0.648318 0.668060 0.646932 0.668917 0.646510 0.671167 0.646029 0.672236 0.645336 0.672130 0.644250 0.669398 0.642896 0.669454 0.638284 0.673361 0.637471 0.673843 0.636990 0.672773 0.637169 0.670954 0.637531 0.669347 0.639008 0.668597 0.639490 0.666505 0.639760 0.663829 0.640000 0.661111 0.643052 0.659500 0.643177 0.659259 0.644714 0.661991
2 0.540260 0.485565 0.546729 0.490718 0.551974 0.493657 0.552781 0.493444 0.553708 0.491148 0.556026 0.490542 0.555846 0.489523 0.555727 0.488454 0.555906 0.487861 0.556208 0.485454 0.556148 0.483579 0.556721 0.480472 0.557474 0.478222 0.557503 0.476079 0.557474 0.475116 0.557052 0.474042 0.556448 0.473991 0.555396 0.474685 0.554370 0.476023 0.552865 0.477741 0.552081 0.476935 0.551628 0.474847 0.550885 0.475972 0.550599 0.476852 0.550260 0.478981 0.550234 0.481204 0.549349 0.482361 0.549115 0.483380 0.539810 0.483111
2 0.464372 0.380769 0.461901 0.380463 0.461432 0.382315 0.460651 0.385324 0.460729 0.385370 0.460781 0.388287 0.461536 0.388750 0.461667 0.389167 0.461563 0.390000 0.460573 0.389954 0.460573 0.392870 0.460987 0.394009
2 0.566966 0.715093 0.565578 0.721894 0.564193 0.727838 0.562445 0.736676 0.562240 0.739630 0.562031 0.740463 0.561589 0.741065 0.561240 0.741551 0.561120 0.743106 0.561482 0.743907 0.561964 0.744069 0.563138 0.742569 0.563831 0.742356 0.564253 0.741606 0.565578 0.737319 0.566060 0.732981 0.566513 0.729713 0.566755 0.727199 0.567086 0.724088 0.567568 0.722963
2 0.618693 0.679519 0.621167 0.676667 0.623049 0.676111 0.625419 0.675986 0.627164 0.677542 0.628487 0.679829 0.628453 0.682245 0.627164 0.685963 0.622526 0.692722 0.619911 0.693343 0.619492 0.693032 0.617924 0.692532 0.618344 0.684542
2 0.616703 0.678222 0.614263 0.685292 0.612974 0.685292 0.610185 0.682190 0.608966 0.683370 0.607536 0.683431 0.606456 0.682685 0.605828 0.681569 0.604922 0.681139 0.604573 0.681634 0.604187 0.684111 0.603721 0.687606 0.605534 0.693190 0.605745 0.695667 0.606091 0.697463 0.608672 0.700005 0.609615 0.701241 0.610326 0.700102 0.611581 0.699792 0.614716 0.699481 0.615310 0.697250 0.615904 0.688944
2 0.584977 0.667120 0.586516 0.665870 0.587888 0.665394 0.589529 0.662653 0.591849 0.660741 0.593810 0.659981 0.595182 0.660458 0.597690 0.664324 0.598661 0.668069 0.599464 0.674556 0.599401 0.679074 0.598492 0.683296 0.598039 0.684819 0.596471 0.683579 0.595000 0.683486 0.594096 0.681940 0.591839 0.679324 0.590818 0.677514 0.589802 0.677407 0.587344 0.678366 0.586081 0.678366 0.585482 0.676981 0.585268 0.670546 0.585068 0.668940
2 0.599401 0.679074 0.600995 0.677852 0.601693 0.674898 0.599141 0.671898 0.599464 0.674556
2 0.569081 0.657750 0.570617 0.655991 0.572135 0.655139 0.573326 0.655111 0.573924 0.655713 0.574497 0.658213 0.575982 0.666315 0.576138 0.668537 0.576060 0.670620 0.575721 0.671130 0.575240 0.671389 0.573372 0.672407 0.571763 0.672426 0.570695 0.672102 0.569602 0.664324 0.568898 0.658722
2 0.577253 0.699028 0.578099 0.698815 0.579112 0.698569 0.580156 0.698569 0.580576 0.699560 0.580651 0.703370 0.580557 0.705528 0.580878 0.716069 0.580109 0.718435 0.579586 0.717648 0.578740 0.718222 0.578740 0.719079 0.579042 0.721190 0.578536 0.721806 0.577810 0.721662 0.577573 0.715384 0.577198 0.711079 0.576904 0.711241 0.577453 0.710380
2 0.557958 0.653815 0.555828 0.653755 0.554940 0.653755 0.554375 0.655759 0.554818 0.663505 0.556714 0.664296 0.557521 0.663074 0.558813 0.662356 0.562401 0.665009 0.562812 0.665185 0.562555 0.662810 0.561036 0.660727 0.559958 0.657273 0.558768 0.654968
2 0.562214 0.676713 0.560023 0.677917 0.557036 0.678634 0.555786 0.678421 0.555424 0.677917 0.554940 0.665727 0.555505 0.664866 0.556714 0.664296 0.557521 0.663074 0.558813 0.662356 0.562401 0.665009 0.562812 0.665185 0.563307 0.669861
2 0.519094 0.449148 0.519018 0.447588 0.519617 0.446042 0.523578 0.443588 0.526068 0.442894 0.526969 0.442093 0.528378 0.441292 0.529878 0.441185 0.530958 0.441616 0.533148 0.446574 0.535669 0.452227 0.537021 0.455162 0.537859 0.458468 0.538430 0.460231 0.538820 0.463056 0.539349 0.463889 0.539271 0.465991 0.538310 0.467856 0.538461 0.468926 0.539539 0.469458 0.538940 0.470630 0.538130 0.471005 0.537891 0.472125 0.539091 0.471963 0.539961 0.472926 0.539721 0.479111 0.539810 0.483111 0.540260 0.485565 0.540320 0.488394 0.541609 0.491273 0.541729 0.492343 0.542331 0.494259 0.543831 0.494954 0.544042 0.497514 0.544102 0.500130 0.543680 0.502264 0.543711 0.503384 0.543828 0.510185 0.543568 0.514537 0.543292 0.517199 0.542151 0.518583 0.541250 0.520824 0.540289 0.522264 0.538641 0.521731 0.536990 0.519440 0.535398 0.513676 0.533089 0.507278 0.530479 0.502157 0.530060 0.499704 0.529458 0.497194 0.528620 0.496181 0.526008 0.491968 0.521747 0.485514 0.522346 0.483648 0.522474 0.481074 0.522753 0.481130 0.524888 0.479046 0.525096 0.478213 0.524693 0.472852 0.523026 0.464472 0.521776 0.458454 0.519771 0.451694
2 0.521747 0.485514 0.520685 0.486028 0.518964 0.490241 0.518672 0.495880 0.518500 0.497347 0.519755 0.508912 0.519661 0.513458 0.518174 0.514861 0.517245 0.518000 0.516409 0.521801 0.501674 0.493463 0.502279 0.491231 0.503396 0.489417 0.503161 0.486935 0.503812 0.483384 0.507810 0.477102 0.509437 0.474792 0.510831 0.473880 0.512039 0.473468 0.512505 0.473056 0.511156 0.467273 0.510878 0.463718 0.508740 0.457028 0.508135 0.453968 0.508089 0.452565 0.509854 0.450417 0.511445 0.448667 0.512318 0.450972 0.512799 0.452255 0.517352 0.465486 0.521870 0.478343 0.522474 0.481074 0.522346 0.483648
2 0.565573 0.460694 0.562083 0.463810 0.558708 0.466597 0.557865 0.466866 0.557474 0.466759 0.555396 0.468685 0.553466 0.471792 0.552240 0.473426 0.551628 0.474847 0.552081 0.476935 0.552865 0.477741 0.554370 0.476023 0.555396 0.474685 0.556448 0.473991 0.557052 0.474042 0.557474 0.475116 0.557503 0.476079 0.557474 0.478222 0.556721 0.480472 0.556148 0.483579 0.556208 0.485454 0.555906 0.487861 0.555727 0.488454 0.555846 0.489523 0.556026 0.490542 0.557625 0.495310 0.558378 0.497611 0.559313 0.498093 0.560638 0.496648 0.561799 0.494431 0.562682 0.492713 0.565005 0.485130 0.565971 0.481648 0.566393 0.478491 0.566151 0.477579 0.565771 0.476671 0.565833 0.475880 0.565911 0.474491 0.568125 0.459398
2 0.557036 0.678634 0.556794 0.679426 0.555706 0.680431 0.555383 0.681574 0.555747 0.687458 0.556432 0.687745 0.557602 0.687097 0.558690 0.687958 0.559701 0.688963 0.560547 0.689421 0.562214 0.676713 0.560023 0.677917
2 0.551187 0.551949 0.554589 0.559875 0.557529 0.568176 0.558047 0.572690 0.558292 0.578764 0.558508 0.584769 0.557576 0.587671 0.555987 0.589912 0.553841 0.589500 0.553086 0.588644 0.554654 0.585537 0.554745 0.581412 0.554773 0.580037 0.555148 0.579708 0.548987 0.565435 0.545885 0.556556
2 0.538240 0.539157 0.545435 0.554949 0.550435 0.550556 0.542932 0.534634 0.542073 0.533014 0.540016 0.529694 0.540258 0.531486 0.540581 0.533782 0.540862 0.536218 0.540862 0.538301 0.540378 0.539949
2 0.598490 0.561111 0.598411 0.561528 0.598516 0.562269 0.599635 0.564120 0.602448 0.561481 0.600964 0.558981 0.599870 0.558889
2 0.534753 0.533824 0.534193 0.533907 0.531299 0.532912 0.530505 0.532995 0.530599 0.534569 0.531018 0.535486 0.532885 0.536727 0.535919 0.536810 0.538240 0.539157 0.540378 0.539949 0.540862 0.538301 0.540862 0.536218 0.540581 0.533782 0.540258 0.531486 0.540016 0.529694 0.539289 0.527972 0.538201 0.526324 0.537435 0.525463 0.536667 0.524819 0.535617 0.525176 0.535336 0.526106 0.535297 0.528046 0.535000 0.532685
2 0.583049 0.661009 0.584609 0.660370 0.586536 0.659306 0.588073 0.658565 0.589193 0.659120 0.589505 0.660972 0.589529 0.662653 0.587888 0.665394 0.586516 0.665870 0.584977 0.667120 0.584375 0.666065 0.583750 0.664861 0.583177 0.664537 0.582812 0.664537 0.582388 0.661319
2 0.435854 0.333782 0.437286 0.336375 0.438068 0.336931 0.439604 0.337255 0.441010 0.337162 0.442130 0.336931 0.442781 0.335449 0.443693 0.332023 0.444344 0.328829 0.444917 0.328319 0.445750 0.328273 0.446193 0.329106 0.446245 0.330449 0.445828 0.332903 0.445073 0.334847 0.444812 0.336514 0.444635 0.337824 0.444396 0.338505 0.442312 0.339847 0.439188 0.340542 0.437365 0.340079 0.435646 0.338736 0.434526 0.337162 0.434214 0.336190 0.434344 0.335218 0.434734 0.334338 0.435464 0.334106
2 0.444531 0.361991 0.443544 0.360690 0.441974 0.359699 0.440823 0.360005 0.439779 0.362486 0.438487 0.368870 0.438208 0.372093 0.438208 0.374880 0.438315 0.375750 0.443216 0.385551 0.441443 0.376282 0.441651 0.372449
1 0.645656 0.658435 0.647734 0.656620 0.649141 0.655602 0.651406 0.654491 0.652969 0.653981 0.653099 0.655694 0.650495 0.656852 0.648932 0.658009 0.646979 0.659491 0.646437 0.660194
11 0.643047 0.653519 0.649141 0.655602 0.647734 0.656620 0.645656 0.658435 0.645031 0.657185
1 0.643052 0.659500 0.640000 0.661111 0.635813 0.661630 0.632062 0.660889 0.630760 0.659731 0.628599 0.656583 0.625833 0.651991 0.628516 0.653194 0.631828 0.658157 0.632818 0.659037 0.634276 0.659407 0.635734 0.659593 0.639583 0.658657 0.642474 0.657917 0.643177 0.659259
11 0.650495 0.656852 0.656120 0.659444 0.663724 0.662870 0.667240 0.664815 0.663438 0.668796 0.662344 0.668287 0.660807 0.668565 0.660521 0.668657 0.653750 0.665509 0.644714 0.661991 0.646437 0.660194 0.646979 0.659491 0.648932 0.658009
11 0.633724 0.649537 0.626685 0.645981 0.626398 0.648204 0.625227 0.647833 0.625565 0.645843 0.624349 0.645278 0.621094 0.646111 0.619948 0.646250 0.617992 0.647273 0.619208 0.649097 0.625833 0.651991 0.628516 0.653194 0.636424 0.657579 0.639583 0.658657 0.642474 0.657917 0.639661 0.651991
5 0.627938 0.637829 0.629766 0.636852 0.630651 0.636389 0.631641 0.634954 0.629534 0.629366
5 0.578911 0.607069 0.579667 0.605407 0.581714 0.604231 0.583643 0.603644 0.585904 0.603801 0.588643 0.604606 0.592169 0.605625 0.593857 0.605838 0.596870 0.605676 0.599432 0.605088 0.601148 0.604875 0.602987 0.605356 0.610852 0.612375 0.611453 0.613282 0.611393 0.614194 0.610247 0.614463 0.609435 0.615481 0.608411 0.617731 0.607898 0.618157 0.606724 0.617620 0.605336 0.617889 0.603680 0.618856 0.602323 0.619120 0.601359 0.619282 0.600576 0.619981 0.601057 0.622176 0.601901 0.622551 0.603138 0.622389 0.603771 0.622389 0.604885 0.625176 0.605487 0.626301 0.606667 0.626495 0.607187 0.627931 0.606995 0.630745 0.607115 0.632782 0.609073 0.635032 0.610068 0.635139 0.610880 0.636102 0.611604 0.637495 0.613172 0.638782 0.615914 0.640440 0.619227 0.640657 0.620734 0.640176 0.621430 0.639819 0.624138 0.639171 0.626763 0.639005 0.625721 0.645056 0.624349 0.645278 0.621094 0.646111 0.619948 0.646250 0.617992 0.647273 0.616378 0.647829 0.614555 0.648199 0.612682 0.648426 0.609701 0.647759 0.606023 0.647704 0.604909 0.648292 0.603982 0.647181 0.603432 0.646903 0.603096 0.645083 0.601737 0.641486 0.599190 0.634171 0.598938 0.633222 0.598607 0.633167 0.596888 0.635417 0.596375 0.635741 0.594810 0.635417 0.594206 0.634792 0.594031 0.633181 0.593927 0.632130 0.594479 0.630116 0.595531 0.626792 0.596466 0.625454 0.597974 0.624917 0.599810 0.625347 0.600083 0.625509 0.600505 0.624810 0.600354 0.624329 0.598125 0.620528 0.597581 0.619292 0.593393 0.615435 0.590771 0.613454 0.588633 0.612921 0.586432 0.613671 0.585982 0.614097 0.587266 0.615014 0.588555 0.618856 0.589357 0.621708 0.589669 0.621954 0.590299 0.622144 0.590612 0.623069 0.589982 0.624870 0.588310 0.624435 0.587125 0.622699 0.586602 0.621088 0.586253 0.619042 0.584997 0.617926 0.579594 0.617306 0.577888 0.615259 0.577365 0.613958 0.577398 0.612287 0.578305 0.610306 0.578409 0.608194
8 0.427185 0.195005 0.427995 0.213565 0.428990 0.227653 0.430552 0.244625 0.431560 0.256537 0.431768 0.263144 0.432672 0.263324 0.433885 0.263324 0.434198 0.262773 0.431318 0.228949 0.429477 0.203398 0.428990 0.194694
1 0.649740 0.635926 0.648969 0.637676 0.648500 0.639296 0.648474 0.641426 0.648370 0.647861 0.649141 0.655602 0.648057 0.655176 0.647536 0.648509 0.647406 0.645870 0.647510 0.640917 0.647562 0.639759 0.647849 0.637861 0.648880 0.635093
1 0.531359 0.429773 0.530344 0.433477 0.529974 0.434954 0.529042 0.436810 0.526503 0.439213 0.526263 0.438431 0.526182 0.437718 0.527896 0.436162 0.528781 0.434727 0.529510 0.432458 0.530396 0.429449 0.530578 0.429125 0.530943 0.428986 0.531255 0.429218
1 0.554089 0.543704 0.548568 0.546574 0.549089 0.547685 0.554052 0.545417 0.553828 0.545046
15 0.573867 0.632296 0.574003 0.630685 0.574281 0.628824 0.574529 0.626917 0.574841 0.626407 0.575206 0.626407 0.575544 0.626407 0.575727 0.625991 0.575727 0.625713 0.575727 0.625343 0.575727 0.624463 0.575727 0.623398 0.590930 0.634051 0.584234 0.639630
1 0.571792 0.591009 0.572385 0.591773 0.573107 0.592361 0.577839 0.595417 0.579164 0.595579 0.579404 0.594454 0.579104 0.594023 0.578451 0.593861 0.572836 0.590204 0.572174 0.590204
1 0.555099 0.728074 0.556966 0.732148 0.557570 0.732093 0.557750 0.731236 0.557661 0.730431 0.555612 0.726042
1 0.555612 0.726042 0.555234 0.724815 0.555391 0.724167 0.555964 0.723657 0.556432 0.723657 0.560781 0.735509 0.561719 0.738148 0.562240 0.739630 0.562031 0.740463 0.561589 0.741065 0.561198 0.740556 0.557661 0.730431
15 0.612682 0.648426 0.618076 0.651347 0.636849 0.665167 0.637120 0.665597 0.636969 0.667736 0.635221 0.675185 0.634708 0.675829 0.634406 0.675829 0.611146 0.658898 0.604789 0.653810 0.604456 0.651778 0.604518 0.649741 0.604909 0.648292 0.606023 0.647704 0.609701 0.647759
1 0.577995 0.727500 0.577810 0.721662 0.578536 0.721806 0.578982 0.724602 0.579260 0.727593 0.578617 0.727593
1 0.634406 0.675829 0.636042 0.686528 0.636927 0.688426 0.637188 0.688102 0.635221 0.675185 0.634708 0.675829
15 0.592951 0.635352 0.601737 0.641486 0.603096 0.645083 0.602398 0.647435 0.602049 0.649731 0.602010 0.653056 0.600680 0.650741 0.598510 0.648940 0.593393 0.644727 0.588940 0.642722 0.587812 0.643083 0.586016 0.641157
1 0.579896 0.727037 0.578740 0.719079 0.578740 0.718222 0.579586 0.717648 0.580109 0.718435 0.581026 0.726949
1 0.540781 0.558750 0.544289 0.555861 0.545435 0.554949 0.550435 0.550556 0.554052 0.545417 0.554685 0.545630 0.554833 0.546273 0.552966 0.549917 0.551187 0.551949 0.545885 0.556556 0.545013 0.557361 0.541094 0.560833
1 0.555312 0.542870 0.556693 0.540833 0.557995 0.539074 0.560521 0.535231 0.561693 0.534028 0.563385 0.532778 0.563958 0.532546 0.564427 0.532639 0.562396 0.535926 0.561224 0.536667 0.559245 0.540046 0.557109 0.542963 0.556510 0.543657 0.556094 0.543102
5 0.509667 0.444704 0.511177 0.442713 0.513469 0.437296 0.514120 0.437574 0.515083 0.439380 0.516047 0.440583 0.517818 0.445167 0.519094 0.449148 0.519771 0.451694 0.521776 0.458454 0.523026 0.464472 0.524693 0.472852 0.525096 0.478213 0.524888 0.479046 0.522753 0.481130 0.522474 0.481074 0.521870 0.478343 0.517352 0.465486 0.512799 0.452255 0.512318 0.450972 0.511445 0.448667 0.509878 0.445454
1 0.555656 0.702171 0.555344 0.701292 0.555292 0.700505 0.556172 0.700139 0.557870 0.702403 0.558750 0.704051 0.560260 0.705394 0.561068 0.706528 0.561021 0.707449 0.560578 0.708282 0.560005 0.707958 0.558333 0.705694 0.557557 0.704810 0.556359 0.703144
5 0.631133 0.619718 0.633060 0.615458 0.633607 0.614069 0.634310 0.613792 0.635039 0.614764 0.635794 0.617495 0.636094 0.619167 0.636667 0.622824 0.637305 0.625227 0.637565 0.627542 0.637279 0.630458 0.636576 0.633514 0.635482 0.634671 0.634049 0.635088 0.630182 0.626343
5 0.457786 0.342986 0.453167 0.330718 0.447766 0.314556 0.447826 0.312741 0.448487 0.311250 0.457518 0.309009 0.461177 0.308421 0.463219 0.307032 0.465469 0.313917 0.467419 0.318611 0.471018 0.323301 0.470750 0.324370 0.470930 0.328102 0.470898 0.329491 0.464719 0.334880 0.461117 0.339306
5 0.388500 0.271292 0.389229 0.270690 0.390766 0.270875 0.393422 0.273005 0.394854 0.273606 0.397302 0.276153 0.398344 0.277866 0.399411 0.279069 0.401052 0.280782 0.402484 0.282727 0.403865 0.284116 0.403995 0.285690 0.402693 0.285968 0.401365 0.286153 0.400818 0.286801 0.400271 0.288560 0.399568 0.288792 0.397432 0.288329 0.396625 0.288931 0.396625 0.287171 0.393552 0.281801
5 0.397224 0.267264 0.399177 0.272588 0.402693 0.276847 0.405896 0.280921 0.407979 0.284069 0.409914 0.285713 0.410273 0.285366 0.410612 0.283463 0.411471 0.281704 0.412643 0.281199 0.414049 0.281935 0.415482 0.284019 0.416107 0.284440 0.419102 0.281519 0.420117 0.280736 0.421029 0.278884 0.421576 0.275963 0.422148 0.271796 0.422122 0.269625 0.421419 0.268838 0.421315 0.267171 0.421133 0.264579 0.420560 0.263282 0.419362 0.261523 0.418398 0.260921 0.417904 0.259810 0.417695 0.259440 0.416836 0.259069 0.416341 0.259301 0.414909 0.260968 0.414440 0.260412 0.413737 0.261060 0.412409 0.261986 0.410352 0.263282 0.409049 0.262727 0.407904 0.260690 0.406628 0.259069 0.405951 0.256708 0.404518 0.253931 0.403685 0.252866 0.402799 0.253005 0.402018 0.252727 0.401341 0.251847 0.400977 0.251847 0.400482 0.252264 0.399987 0.253884 0.399206 0.255597 0.398503 0.255736 0.397956 0.256755 0.397617 0.259671 0.397617 0.262449 0.397643 0.264671 0.398086 0.265597 0.397852 0.267125 0.397305 0.266986
6 0.558047 0.572690 0.566729 0.575167 0.574063 0.577917 0.577885 0.579134 0.581893 0.580620 0.584753 0.581736 0.598664 0.587130 0.599326 0.587565 0.599779 0.588120 0.599396 0.592213 0.599221 0.593019 0.582453 0.587440 0.577815 0.585454 0.577362 0.584528 0.576073 0.582792 0.574154 0.581241 0.572307 0.580185 0.569518 0.579690 0.567323 0.579690 0.565857 0.580685 0.565229 0.581301 0.558292 0.578764
5 0.577885 0.579134 0.575047 0.568167 0.573271 0.561852 0.569602 0.548157 0.569279 0.546796 0.569440 0.546079 0.573151 0.544856 0.574362 0.544856 0.574966 0.545718 0.577995 0.556713 0.581581 0.569741 0.582146 0.572611 0.582227 0.576269 0.583357 0.578778 0.584753 0.581736 0.581893 0.580620
5 0.616568 0.575912 0.616411 0.568181 0.616411 0.566977 0.616802 0.566653 0.617531 0.567764 0.623469 0.570032 0.629510 0.574014 0.632740 0.576514 0.633573 0.576468 0.634458 0.576514 0.634849 0.578181 0.635266 0.582769 0.635344 0.585454 0.635391 0.587315 0.635500 0.602352 0.635240 0.603972 0.627557 0.608787 0.623833 0.611704 0.622062 0.611565 0.620969 0.611796 0.619563 0.612449 0.617141 0.609713 0.615031 0.609065 0.611776 0.599718 0.610734 0.598185 0.610760 0.596565 0.610760 0.593468 0.610187 0.587912 0.610109 0.583463 0.610208 0.582824 0.611302 0.581736 0.613594 0.578815 0.614120 0.578741 0.614615 0.578278 0.615083 0.577306 0.615969 0.576426
8 0.457083 0.406065 0.458646 0.408056 0.461068 0.410046 0.463542 0.412824 0.465703 0.415694 0.467292 0.418241 0.468958 0.423102 0.470885 0.429028 0.472135 0.432963 0.476328 0.446204 0.477708 0.452130 0.475026 0.447130 0.470833 0.433426 0.468646 0.426481 0.467135 0.422037 0.465781 0.419444 0.463281 0.415880 0.459375 0.411620 0.455026 0.407269 0.452995 0.404491 0.452552 0.403565 0.452552 0.402454 0.453385 0.401944 0.455469 0.404583
8 0.475625 0.424352 0.476023 0.423991 0.476570 0.424454 0.477250 0.426120 0.479174 0.434685 0.480320 0.443204 0.480997 0.451815 0.481206 0.458204 0.479724 0.455750 0.478914 0.444130 0.478107 0.436444 0.476544 0.429407 0.475607 0.425426
8 0.529052 0.362903 0.530901 0.360588 0.541500 0.347713 0.542151 0.347856 0.543010 0.349102 0.543010 0.351417 0.540146 0.355727 0.531682 0.367255
8 0.548029 0.421898 0.549956 0.415139 0.550997 0.411898 0.551596 0.411435 0.551987 0.412037 0.551935 0.413333 0.550268 0.419630 0.549070 0.423981
8 0.539432 0.405657 0.539396 0.403986 0.540023 0.403551 0.540302 0.403676 0.542943 0.409398 0.546440 0.418116 0.548029 0.421898 0.549070 0.423981 0.552883 0.433755 0.559576 0.445653 0.561865 0.449861 0.561997 0.450653 0.561086 0.451204 0.560253 0.451019 0.555276 0.441250 0.551997 0.435375 0.548482 0.427412 0.547396 0.424907 0.545096 0.419449 0.541008 0.409630 0.540174 0.407269
8 0.513516 0.410324 0.518062 0.415847 0.520484 0.418810 0.522802 0.420894 0.524740 0.422269 0.530443 0.424074 0.537281 0.425847 0.539990 0.426403 0.541943 0.427329 0.542828 0.427745 0.542854 0.428856 0.542464 0.429690 0.541120 0.430000 0.538661 0.429875 0.532083 0.428009 0.530703 0.427361 0.528698 0.426389 0.527411 0.425708 0.523125 0.424028 0.518740 0.420292 0.517203 0.418023 0.515354 0.416079 0.512786 0.412824
8 0.547396 0.424907 0.546224 0.432593 0.546068 0.433380 0.545833 0.433426 0.545260 0.432824 0.542464 0.429690 0.541120 0.430000 0.543229 0.433565 0.545286 0.436157 0.546302 0.436343 0.547240 0.434537 0.548482 0.427412
5 0.584753 0.581736 0.586380 0.579722 0.587786 0.577778 0.588125 0.576296 0.588490 0.575000 0.589818 0.573750 0.591224 0.573333 0.592214 0.573333 0.593333 0.570833 0.595417 0.567361 0.596250 0.566111 0.597630 0.565417 0.599063 0.564583 0.599635 0.564120 0.602448 0.561481 0.603880 0.559954 0.604896 0.559815 0.607839 0.559491 0.611302 0.581736 0.610208 0.582824 0.610109 0.583463 0.610187 0.587912 0.603620 0.586759 0.601797 0.586806 0.599714 0.586667 0.598664 0.587130
5 0.603063 0.517019 0.605667 0.517944 0.609286 0.517852 0.609703 0.518454 0.609703 0.520861 0.610432 0.521324 0.610563 0.522944 0.609937 0.524333 0.610354 0.526278 0.611448 0.527574 0.611656 0.529981 0.611578 0.531972 0.611604 0.534380 0.611500 0.535213 0.611187 0.536231 0.609521 0.536648 0.608609 0.535491 0.606109 0.530676
5 0.594026 0.518824 0.599339 0.518778 0.602099 0.531648 0.600172 0.531648 0.600302 0.528824 0.600120 0.527667 0.599599 0.527806 0.599208 0.532019 0.596917 0.532065 0.596344 0.530491 0.593870 0.526231 0.593427 0.525352 0.592620 0.525398 0.591552 0.526093 0.591448 0.524657 0.592255 0.523176 0.592594 0.521093 0.593141 0.519565 0.593766 0.518870
5 0.640747 0.596120 0.643508 0.593806 0.644549 0.593713 0.645435 0.594407 0.646190 0.596306 0.647128 0.603250 0.647622 0.605796 0.647883 0.607278 0.648560 0.610611 0.648560 0.612139 0.647935 0.613157 0.645461 0.612463 0.644758 0.612139 0.644289 0.611537 0.643456 0.607000 0.642995 0.604167 0.642284 0.599500 0.641893 0.598620 0.640982 0.598250 0.640513 0.597741 0.640487 0.596722
8 0.636802 0.610144 0.639016 0.622088 0.639667 0.623153 0.641125 0.622597 0.641125 0.621764 0.639406 0.611810 0.638859 0.608245
8 0.639667 0.623153 0.649453 0.632593 0.650573 0.633704 0.650885 0.634352 0.650625 0.636157 0.650078 0.636296 0.636667 0.622824 0.636094 0.619167 0.639016 0.622088
8 0.632398 0.608366 0.631133 0.619718 0.630182 0.626343 0.629534 0.629366 0.627938 0.637829 0.627635 0.639273 0.626763 0.644917 0.626685 0.645981 0.626398 0.648204 0.625227 0.647833 0.625565 0.645843 0.625721 0.645056 0.626763 0.639005 0.626974 0.637505 0.628721 0.628185 0.629445 0.624435 0.630107 0.619773 0.630891 0.613509 0.631492 0.608310
8 0.506924 0.445269 0.503466 0.475949 0.503359 0.477185 0.502664 0.483694 0.502279 0.484065 0.501305 0.483634 0.501583 0.479296 0.501932 0.475884 0.504271 0.453889 0.505661 0.444338 0.506323 0.444278 0.506776 0.444648
5 0.554380 0.615259 0.565781 0.621500 0.566263 0.621500 0.567193 0.620968 0.569531 0.622463 0.570943 0.623634 0.571063 0.624917 0.570703 0.625713 0.569352 0.626463 0.568633 0.627315 0.568393 0.629181 0.568214 0.629981 0.567042 0.630088 0.566263 0.631051 0.565091 0.631583 0.564133 0.632968 0.563292 0.635157 0.562841 0.636597 0.562302 0.636704 0.561102 0.636861 0.559781 0.638838 0.559391 0.640866 0.557951 0.643958 0.558042 0.645343 0.557831 0.647051 0.557049 0.648227 0.556151 0.648759 0.555521 0.650093 0.554591 0.650037 0.554229 0.649718 0.554320 0.625556
8 0.551951 0.610514 0.553841 0.610727 0.556690 0.611954 0.559750 0.613662 0.564102 0.615847 0.566953 0.617449 0.570312 0.618514 0.573284 0.618782 0.574242 0.618727 0.574844 0.619259 0.574753 0.621181 0.574333 0.621343 0.568693 0.620116 0.566591 0.619579 0.561281 0.616542 0.553510 0.612593 0.552430 0.612218
8 0.552430 0.612218 0.552922 0.614653 0.554380 0.615259 0.565781 0.621500 0.566263 0.621500 0.567193 0.620968 0.567143 0.620574 0.566591 0.619579 0.561281 0.616542 0.553510 0.612593
5 0.552883 0.433755 0.555104 0.431157 0.556484 0.429630 0.557500 0.428519 0.556458 0.426806 0.556406 0.425602 0.556823 0.423889 0.557917 0.422222 0.559167 0.421898 0.560885 0.421806 0.561823 0.420324 0.562682 0.420324 0.562812 0.421528 0.562812 0.423519 0.563984 0.423426 0.564089 0.424259 0.564089 0.426667 0.564141 0.427963 0.563594 0.430093 0.565599 0.434676 0.566979 0.437917 0.567760 0.442176 0.568411 0.446343 0.568516 0.449769 0.569349 0.449815 0.569557 0.451481 0.568125 0.459398 0.565573 0.460694 0.565625 0.449954 0.564740 0.447361 0.563594 0.446019 0.562682 0.446944 0.561865 0.449861 0.559576 0.445653
5 0.551997 0.435375 0.551177 0.435634 0.550573 0.436866 0.550273 0.439278 0.550273 0.443083 0.550422 0.445597 0.551086 0.448440 0.552893 0.449616 0.554552 0.451116 0.555396 0.453796 0.556057 0.455671 0.556539 0.457222 0.556932 0.459903 0.557594 0.463222 0.558708 0.466597 0.562083 0.463810 0.561997 0.450653 0.561086 0.451204 0.560253 0.451019 0.555276 0.441250
6 0.562682 0.492713 0.565815 0.496356 0.566901 0.497787 0.573047 0.499926 0.575336 0.500282 0.577464 0.500782 0.591844 0.503426 0.602367 0.504856 0.602891 0.505569 0.602609 0.511282 0.601766 0.512139 0.597669 0.511426 0.591924 0.510852 0.589112 0.508708 0.586180 0.507852 0.583690 0.508282 0.582326 0.508426 0.576042 0.507269 0.574297 0.507083 0.567302 0.506213 0.564852 0.505856 0.563206 0.503782 0.561799 0.499426 0.561799 0.494431
6 0.597669 0.511426 0.599339 0.518778 0.602099 0.531648 0.604734 0.544199 0.606974 0.556931 0.607839 0.559491 0.611302 0.581736 0.613594 0.578815 0.614120 0.578741 0.612687 0.566792 0.608911 0.544704 0.606109 0.530676 0.603063 0.517019 0.601766 0.512139
5 0.569557 0.451481 0.571354 0.444074 0.572969 0.439583 0.573958 0.437593 0.574531 0.437407 0.574766 0.437870 0.574766 0.438935 0.573984 0.440648 0.574740 0.441019 0.575260 0.441898 0.575833 0.441481 0.576484 0.442269 0.576823 0.443148 0.577891 0.443194 0.578906 0.443333 0.579219 0.443750 0.579271 0.444537 0.579401 0.445185 0.579922 0.444815 0.581276 0.444120 0.581797 0.443935 0.581953 0.444769 0.582005 0.447731 0.581354 0.452593 0.580495 0.457454 0.579870 0.459630 0.578672 0.461296 0.577578 0.464954 0.576979 0.466481 0.577552 0.467824 0.576276 0.469491 0.575573 0.470278 0.574427 0.470602 0.572891 0.471204 0.570651 0.471759 0.568307 0.473426 0.565833 0.475880 0.565911 0.474491 0.568125 0.459398
8 0.577313 0.480389 0.581922 0.486222 0.584812 0.491037 0.585359 0.491037 0.586818 0.489694 0.586948 0.488074 0.584734 0.484324 0.579240 0.477704
5 0.565815 0.496356 0.567083 0.496435 0.567539 0.495954 0.568161 0.494889 0.569154 0.493454 0.570326 0.491602 0.570703 0.489861 0.573516 0.485741 0.575104 0.484537 0.575365 0.483056 0.575469 0.477269 0.575625 0.475972 0.575964 0.473426 0.575651 0.471991 0.573906 0.472454 0.570911 0.473935 0.566151 0.477579 0.566393 0.478491 0.565971 0.481648 0.565005 0.485130 0.565026 0.486250 0.563984 0.491296 0.563698 0.493889
5 0.575469 0.477269 0.576068 0.478148 0.577313 0.480389 0.579240 0.477704 0.579219 0.476481 0.579948 0.474769 0.580885 0.473426 0.581536 0.473056 0.581510 0.472500 0.580208 0.471574 0.579948 0.470370 0.579766 0.469491 0.578984 0.468750 0.577031 0.470833 0.575651 0.471991 0.575964 0.473426 0.575625 0.475972
8 0.578906 0.443333 0.580182 0.430648 0.580443 0.430509 0.581797 0.430787 0.579922 0.444815 0.579401 0.445185 0.579271 0.444537 0.579219 0.443750
6 0.606247 0.622745 0.613880 0.616634 0.619563 0.612449 0.620969 0.611796 0.622062 0.611565 0.623833 0.611704 0.627557 0.608787 0.635078 0.604088 0.638854 0.601356 0.641893 0.598620 0.642284 0.599500 0.642995 0.604167 0.640313 0.606495 0.638859 0.608245 0.636802 0.610144 0.632784 0.612838 0.631849 0.613208 0.632398 0.608366 0.631492 0.608310 0.630891 0.613509 0.626615 0.615523 0.624401 0.616542 0.623099 0.616634 0.621563 0.617560 0.620154 0.617329 0.618828 0.618208 0.617810 0.619412 0.617760 0.620708 0.615391 0.622653 0.608932 0.627236 0.607187 0.627931 0.606667 0.626495 0.606302 0.624458 0.606221 0.623255
8 0.624401 0.616542 0.625911 0.620787 0.626380 0.622222 0.628721 0.628185 0.629445 0.624435 0.627135 0.617130 0.626615 0.615523
8 0.629534 0.629366 0.631641 0.634954 0.632630 0.637037 0.634219 0.640741 0.636016 0.644444 0.638151 0.647731 0.638385 0.648889 0.639159 0.651028 0.642474 0.657917 0.643177 0.659259 0.644714 0.661991 0.646437 0.660194 0.645656 0.658435 0.645031 0.657185 0.643047 0.653519 0.638047 0.643796 0.637083 0.641667 0.634049 0.635088 0.630182 0.626343
6 0.553466 0.471792 0.551839 0.464454 0.551086 0.462366 0.549549 0.457171 0.549641 0.455722 0.551779 0.451972 0.552292 0.450528 0.553164 0.450472 0.554341 0.452079 0.556359 0.459847 0.557474 0.466759 0.555396 0.468685
8 0.569154 0.493454 0.572396 0.496111 0.574661 0.498657 0.575336 0.500282 0.573047 0.499926 0.572812 0.499306 0.568906 0.495787 0.568161 0.494889
8 0.635266 0.582769 0.638359 0.585417 0.638255 0.586528 0.638073 0.586852 0.635344 0.585454
8 0.635391 0.587315 0.640156 0.592546 0.640833 0.592731 0.641510 0.592130 0.641615 0.590370 0.638073 0.586852 0.635344 0.585454
8 0.567813 0.655417 0.569195 0.664579 0.571815 0.686273 0.572750 0.695056 0.573714 0.704593 0.574167 0.710968 0.575010 0.712144 0.575461 0.713111 0.576034 0.717718 0.576305 0.718625 0.575974 0.721731 0.574557 0.724088 0.571664 0.725056 0.569195 0.725431 0.568018 0.724356 0.567568 0.722963 0.566966 0.715093 0.567385 0.713218 0.566573 0.701486 0.564323 0.677708
8 0.565885 0.656111 0.564357 0.656134 0.563042 0.657148 0.562716 0.659065 0.562555 0.662810 0.563307 0.669861
8 0.465000 0.383519 0.466120 0.384167 0.467891 0.385139 0.471589 0.387407 0.471693 0.388333 0.471432 0.389074 0.466849 0.386713 0.465547 0.386019 0.464633 0.385259
8 0.459841 0.398407 0.460987 0.394009 0.464372 0.380769 0.465831 0.375213 0.467107 0.370213 0.468461 0.365907 0.471690 0.354241 0.472367 0.353639 0.473070 0.354009 0.473383 0.354380 0.473253 0.355444 0.470258 0.365259 0.466771 0.376620 0.465000 0.383519 0.464633 0.385259 0.462083 0.395185 0.461354 0.398426 0.460961 0.399981
8 0.569583 0.645347 0.568802 0.649468 0.567813 0.655417 0.564323 0.677708 0.561901 0.695069 0.560260 0.705394 0.558750 0.704051 0.560547 0.689421 0.562214 0.676713 0.563307 0.669861 0.565885 0.656111 0.567388 0.646731 0.567570 0.645250 0.568352 0.640806 0.569081 0.636037 0.569323 0.634931 0.569635 0.634699 0.570911 0.635162 0.571198 0.635995
8 0.511583 0.410912 0.510417 0.409769 0.503516 0.401204 0.501536 0.398056 0.500729 0.397037 0.499792 0.395231 0.499297 0.394213 0.500130 0.392870 0.502865 0.397315 0.505052 0.400185 0.508411 0.404167 0.510677 0.406806 0.512237 0.409287
8 0.574297 0.507083 0.574844 0.510556 0.575729 0.518148 0.577057 0.516528 0.576901 0.515139 0.576042 0.507269
8 0.447714 0.373759 0.449250 0.379870 0.449901 0.384407 0.450422 0.389593 0.451383 0.389176 0.450862 0.383019 0.449896 0.377593 0.448990 0.373389 0.448625 0.373204
8 0.500130 0.392870 0.502760 0.388148 0.505599 0.381759 0.506536 0.378796 0.508073 0.375556 0.507188 0.374537 0.505729 0.377546 0.503802 0.382407 0.502214 0.385417 0.498568 0.391991 0.493958 0.399306 0.492083 0.401759 0.492266 0.404306 0.496875 0.397824 0.499297 0.394213
8 0.455120 0.371935 0.459781 0.371935 0.463505 0.373046 0.462646 0.375546 0.460562 0.375176 0.458740 0.375083 0.455224 0.375685 0.454937 0.375454 0.454937 0.372583
8 0.463505 0.373046 0.464193 0.373750 0.464297 0.374491 0.461901 0.380463 0.461432 0.382315 0.460651 0.385324 0.459688 0.384444 0.461198 0.379167 0.462646 0.375546
8 0.460573 0.389954 0.456302 0.386713 0.453333 0.384352 0.452161 0.383426 0.451536 0.382731 0.451484 0.381528 0.451927 0.381204 0.453099 0.381852 0.456979 0.385046 0.460781 0.388287 0.461536 0.388750 0.461667 0.389167 0.461563 0.390000
8 0.462083 0.395185 0.464740 0.392037 0.465182 0.391852 0.465703 0.392269 0.465781 0.393565 0.461354 0.398426
5 0.609539 0.711171 0.609820 0.714241 0.609398 0.716644 0.606786 0.719051 0.606086 0.721458 0.605107 0.721954 0.604266 0.723282 0.602911 0.723366 0.600393 0.723366 0.596424 0.723866 0.594557 0.723366 0.592552 0.720713 0.590917 0.718306 0.588445 0.716148 0.585271 0.713162 0.582049 0.708014 0.580557 0.705528 0.580651 0.703370 0.582937 0.699718 0.583445 0.698241 0.584286 0.699736 0.585826 0.700565 0.589422 0.704880 0.589888 0.706704 0.590773 0.709611 0.591286 0.711935 0.592549 0.714171 0.593573 0.718986 0.595159 0.721722 0.598380 0.721394 0.599456 0.720472 0.600250 0.717241 0.600758 0.715870 0.601805 0.712338 0.602641 0.709236 0.603130 0.707380 0.603995 0.706125 0.606789 0.704343 0.608177 0.703704
6 0.614357 0.665523 0.616763 0.664407 0.617635 0.665463 0.618159 0.667014 0.618716 0.672528 0.618693 0.679519 0.618344 0.684542 0.617924 0.692532 0.616763 0.705190 0.614497 0.728741 0.613625 0.743370 0.611534 0.741199 0.613870 0.713681 0.614716 0.699481 0.615310 0.697250 0.615904 0.688944 0.616703 0.678222 0.616414 0.672468 0.616172 0.669551 0.615823 0.667074 0.615370 0.666704
8 0.579862 0.736481 0.580625 0.751481 0.581188 0.752907 0.582474 0.752977 0.583396 0.752407 0.582393 0.736481 0.582232 0.735056 0.580867 0.735556
8 0.579862 0.736481 0.579141 0.736519 0.580104 0.753944 0.580706 0.761014 0.581107 0.762653 0.583396 0.762153 0.583557 0.760657 0.583518 0.753944 0.583396 0.752407 0.582474 0.752977 0.581188 0.752907 0.580625 0.751481
8 0.573372 0.672407 0.574766 0.690833 0.574953 0.693060 0.575279 0.707440 0.575370 0.710991 0.575695 0.711569 0.576904 0.711241 0.577453 0.710380 0.577253 0.699028 0.576969 0.693745 0.576932 0.691532 0.576849 0.690384 0.576250 0.681181 0.575688 0.676032 0.575240 0.671389
8 0.577198 0.711079 0.577573 0.715384 0.578326 0.736606 0.579078 0.753046 0.579779 0.771403 0.580854 0.787653 0.579833 0.787176 0.579133 0.787176 0.578326 0.787273 0.577250 0.771690 0.576391 0.751421 0.576122 0.744921 0.575974 0.721731 0.576305 0.718625 0.576034 0.717718 0.575695 0.711569
8 0.574557 0.724088 0.572839 0.725417 0.570365 0.726574 0.568828 0.727824 0.567500 0.730417 0.566484 0.734583 0.565286 0.743472 0.565547 0.743981 0.566224 0.744028 0.566745 0.742593 0.567422 0.736583 0.568336 0.732569 0.569089 0.730370 0.570378 0.728458 0.572477 0.727981 0.573820 0.726931 0.575542 0.724634 0.575974 0.721731
8 0.566484 0.734583 0.563359 0.745324 0.563464 0.745926 0.565312 0.747176 0.565885 0.746574 0.566224 0.744028 0.565547 0.743981 0.565286 0.743472
8 0.560008 0.740227 0.559331 0.741847 0.558760 0.744306 0.558445 0.748704 0.557898 0.757778 0.558836 0.757731 0.559227 0.749120 0.559643 0.744583 0.559932 0.742963 0.560633 0.740556
8 0.560583 0.746157 0.560323 0.746708 0.560193 0.747130 0.559253 0.768699 0.559044 0.777870 0.559281 0.778519 0.560193 0.778421 0.560323 0.777870 0.561388 0.747171 0.561388 0.746245 0.560945 0.746157
5 0.628211 0.626889 0.627430 0.627676 0.625971 0.628972 0.625216 0.629389 0.624539 0.629852 0.621492 0.633046 0.621336 0.633694 0.621674 0.636750 0.623185 0.634204 0.623888 0.633741 0.624617 0.634204 0.626388 0.637676 0.626974 0.637505 0.628721 0.628185
5 0.591849 0.660741 0.586281 0.651972 0.585615 0.651153 0.585557 0.650588 0.585961 0.648426 0.586281 0.647912 0.586628 0.647037 0.587320 0.644727 0.587812 0.643083 0.588940 0.642722 0.593393 0.644727 0.598510 0.648940 0.600680 0.650741 0.602010 0.653056 0.606318 0.658093 0.613865 0.666213 0.615107 0.667907 0.616172 0.669551 0.616414 0.672468 0.616703 0.678222 0.614263 0.685292 0.612974 0.685292 0.610185 0.682190 0.606289 0.678653 0.606115 0.671148 0.605854 0.669556 0.604669 0.668218 0.603977 0.668370 0.603138 0.670019 0.601693 0.674898 0.599141 0.671898 0.598661 0.668069 0.597690 0.664324 0.595182 0.660458 0.593810 0.659981
5 0.606289 0.678653 0.605828 0.681569 0.604922 0.681139 0.604573 0.681634 0.604187 0.684111 0.603721 0.687606 0.602328 0.686120 0.600758 0.686431 0.598841 0.687366 0.598938 0.684380 0.599302 0.682389 0.599823 0.680954 0.600995 0.677852 0.601693 0.674898 0.603138 0.670019 0.603977 0.668370 0.604669 0.668218 0.605854 0.669556 0.606115 0.671148
8 0.572135 0.655139 0.569583 0.645347 0.568802 0.649398 0.570617 0.655991
5 0.566510 0.634954 0.567839 0.634861 0.568464 0.634769 0.569323 0.634931 0.569081 0.636037 0.568352 0.640806
8 0.580156 0.698569 0.580234 0.694398 0.580365 0.694259 0.581771 0.694213 0.582005 0.694537 0.582109 0.701065 0.580651 0.703370 0.580576 0.699560
5 0.571198 0.635995 0.571893 0.635722 0.572836 0.636097 0.573951 0.637213 0.575659 0.637333 0.577089 0.637829 0.578552 0.638634 0.580018 0.639940 0.581273 0.641116 0.582083 0.641713 0.582492 0.643782 0.582562 0.645454 0.582807 0.647250 0.581969 0.649356 0.582109 0.650847 0.582318 0.651157 0.582458 0.651218 0.583781 0.650287 0.584549 0.650162 0.585557 0.650588 0.585615 0.651153 0.586281 0.651972 0.585490 0.652208 0.585003 0.652148 0.584898 0.654935 0.585003 0.657847 0.584583 0.659153 0.583049 0.661009 0.582388 0.661319 0.580539 0.647315 0.580193 0.647125 0.579424 0.647125 0.579076 0.647745 0.581167 0.665532 0.583328 0.681093 0.582073 0.683694 0.580888 0.685616 0.579807 0.685926 0.577924 0.682704 0.577646 0.681958 0.576250 0.681181 0.575688 0.676032 0.575240 0.671389 0.575721 0.671130 0.576060 0.670620 0.576138 0.668537 0.575982 0.666315 0.574497 0.658213 0.573924 0.655713 0.573326 0.655111 0.572135 0.655139 0.569583 0.645347
5 0.568802 0.649398 0.567813 0.655417 0.569195 0.664579 0.571815 0.686273 0.572521 0.690204 0.573997 0.692347 0.574953 0.693060 0.574766 0.690833 0.573372 0.672407 0.571763 0.672426 0.570695 0.672102 0.569602 0.664324 0.568898 0.658722 0.569081 0.657750 0.570617 0.655991
5 0.564844 0.637130 0.562841 0.636597 0.562302 0.636704 0.561102 0.636861 0.559781 0.638838 0.559391 0.640866 0.558984 0.645463 0.558500 0.650167 0.557958 0.653815 0.558768 0.654968 0.559958 0.657273 0.561036 0.660727 0.562555 0.662810 0.562716 0.659065 0.563042 0.657148 0.564357 0.656134 0.565885 0.656111 0.567388 0.646731 0.567570 0.645250
8 0.582083 0.641713 0.584234 0.639630 0.590930 0.634051 0.593927 0.632130 0.594031 0.633181 0.594206 0.634792 0.592951 0.635352 0.586016 0.641157 0.582492 0.643782
8 0.582388 0.661319 0.584737 0.679606 0.586221 0.696222 0.584687 0.696806 0.583328 0.681093 0.581167 0.665532 0.579076 0.647745 0.579424 0.647125 0.580193 0.647125 0.580539 0.647315
8 0.581026 0.726949 0.580878 0.716069 0.580557 0.705528 0.582049 0.708014 0.582352 0.716310 0.582875 0.728093 0.581430 0.727806
5 0.621674 0.636750 0.621458 0.637593 0.621430 0.639819 0.624138 0.639171 0.626763 0.639005 0.625937 0.638148 0.625312 0.637639 0.624792 0.635694 0.624036 0.634491 0.623888 0.633741 0.623185 0.634204
5 0.626763 0.644917 0.631198 0.643009 0.630365 0.641481 0.629245 0.640093 0.627635 0.639273
6 0.545013 0.557361 0.553750 0.578037 0.554745 0.581412 0.554654 0.585537 0.553086 0.588644 0.551039 0.589444 0.549922 0.589125 0.548477 0.585856 0.543755 0.574843 0.543484 0.572005 0.542521 0.567185 0.541526 0.565093 0.541094 0.560833
6 0.543828 0.510185 0.551396 0.511519 0.556310 0.511769 0.563354 0.512014 0.567990 0.512079 0.568583 0.513009 0.568758 0.516417 0.568617 0.517532 0.565026 0.517778 0.556979 0.517454 0.553453 0.517222 0.549409 0.516352 0.545539 0.514931 0.543568 0.514537
8 0.575495 0.530231 0.583646 0.520870 0.584115 0.520407 0.584714 0.520546 0.584922 0.521889 0.584714 0.522907 0.582865 0.525963 0.579922 0.529019 0.576979 0.531380
8 0.571198 0.516704 0.574193 0.520037 0.575339 0.518602 0.572370 0.515639
8 0.556432 0.723657 0.556828 0.720667 0.556625 0.719588 0.555586 0.716917 0.555643 0.716042 0.557214 0.715000 0.557760 0.715278 0.558750 0.716528 0.561802 0.725759 0.562784 0.728431 0.562812 0.730176 0.562206 0.732801 0.561484 0.734032 0.560781 0.735509
1 0.542151 0.518583 0.542307 0.524028 0.542396 0.524861 0.542500 0.525972 0.543271 0.528750 0.543661 0.529588 0.542854 0.531208 0.541823 0.527685 0.541562 0.526250 0.541354 0.523750 0.541250 0.520824
1 0.545484 0.529681 0.548255 0.533102 0.549974 0.534537 0.551224 0.535463 0.552526 0.535741 0.554141 0.535787 0.556120 0.535000 0.560625 0.532500 0.565391 0.529676 0.565677 0.529815 0.565260 0.531111 0.564740 0.531574 0.559193 0.534954 0.557292 0.536019 0.554323 0.537176 0.553099 0.537269 0.551328 0.537130 0.549974 0.536620 0.547839 0.534444 0.545469 0.530833 0.545068 0.530005
1 0.542500 0.525972 0.544443 0.528569 0.543661 0.529588 0.543271 0.528750
1 0.566562 0.529167 0.569167 0.528333 0.571120 0.528426 0.573750 0.529028 0.575495 0.530231 0.576979 0.531380 0.579740 0.534120 0.580000 0.534815 0.580026 0.535833 0.579740 0.536204 0.578698 0.535556 0.576953 0.533287 0.575052 0.531528 0.573542 0.531019 0.571484 0.530231 0.568906 0.529722 0.567135 0.530278 0.567240 0.529630 0.567031 0.529167
1 0.537602 0.522264 0.541562 0.526250 0.541458 0.524491 0.538641 0.521731 0.536990 0.519440
1 0.560771 0.541917 0.563349 0.545944 0.563120 0.546856 0.562646 0.546870 0.560250 0.543167
1 0.542151 0.518583 0.544089 0.517778 0.544182 0.518065 0.544531 0.519028 0.542161 0.520093
1 0.542073 0.533014 0.542854 0.531208 0.543661 0.529588 0.544443 0.528569 0.544990 0.528338 0.548375 0.528153 0.550797 0.527366 0.554469 0.525282 0.558010 0.523708 0.558349 0.523662 0.558635 0.524218 0.558688 0.525282 0.558427 0.525653 0.555016 0.527181 0.552516 0.528431 0.549833 0.529449 0.547724 0.529773 0.546161 0.529588 0.545484 0.529681 0.545068 0.530005 0.543896 0.531856 0.543271 0.532921 0.542932 0.534634
1 0.599208 0.532019 0.598906 0.533241 0.597656 0.535880 0.598125 0.537407 0.599766 0.534213 0.600026 0.533102 0.600172 0.531648 0.600302 0.528824 0.600120 0.527667 0.599599 0.527806
8 0.560005 0.707958 0.558750 0.716528 0.557760 0.715278 0.557214 0.715000 0.558047 0.707269 0.558333 0.705694
7 0.608911 0.544704 0.614719 0.545213 0.615656 0.547301 0.617167 0.551745 0.617245 0.553366 0.617036 0.555310 0.617479 0.557435 0.617948 0.560079 0.618443 0.562991 0.618130 0.565171 0.616802 0.566653 0.616411 0.566977 0.612687 0.566792
5 0.584687 0.696806 0.586221 0.696222 0.589846 0.694176 0.590786 0.692440 0.591458 0.690833 0.592565 0.687171 0.593716 0.685005 0.595005 0.683519 0.596471 0.683579 0.598039 0.684819 0.598841 0.687366 0.600758 0.686431 0.602328 0.686120 0.603721 0.687606 0.605534 0.693190 0.605745 0.695667 0.606091 0.697463 0.608672 0.700005 0.609615 0.701241 0.609404 0.702236 0.608177 0.703704 0.606789 0.704343 0.604000 0.706139 0.603130 0.707380 0.602641 0.709236 0.601805 0.712338 0.600758 0.715870 0.600250 0.717241 0.599456 0.720472 0.598380 0.721394 0.595159 0.721722 0.593573 0.718986 0.592549 0.714171 0.591286 0.711935 0.590773 0.709611 0.589888 0.706704 0.589422 0.704880 0.585826 0.700565 0.584286 0.699736 0.583445 0.698241 0.583445 0.697579
8 0.562083 0.463810 0.561997 0.450653 0.561865 0.449861 0.562682 0.446944 0.563594 0.446019 0.564740 0.447361 0.565625 0.449954 0.565573 0.460694
5 0.585482 0.676981 0.584737 0.679606 0.582812 0.664537 0.583177 0.664537 0.583750 0.664861 0.584375 0.666065 0.584977 0.667120 0.585068 0.668940 0.585268 0.670546
8 0.478333 0.403380 0.473646 0.397407 0.472995 0.396528 0.472135 0.395370 0.471615 0.395093 0.471380 0.395787 0.471562 0.396667 0.475677 0.402130 0.478284 0.405866
8 0.472135 0.395370 0.472839 0.388287 0.473021 0.386852 0.473281 0.386574 0.473802 0.386898 0.473932 0.387963 0.472995 0.396528
8 0.647622 0.605796 0.650156 0.602315 0.650703 0.601759 0.651406 0.601944 0.651641 0.603333 0.651380 0.604074 0.647883 0.607278
8 0.602578 0.556759 0.604427 0.558148 0.607839 0.559491 0.606974 0.556931 0.604812 0.556148 0.602234 0.553690 0.597339 0.548134 0.595516 0.545681 0.593802 0.541852 0.592604 0.538611 0.591406 0.533148 0.590182 0.530278 0.589297 0.528333 0.588542 0.526389 0.585703 0.520046 0.584036 0.516759 0.583125 0.515509 0.581849 0.514583 0.580182 0.514167 0.579531 0.514259 0.578359 0.514861 0.577057 0.516528 0.575729 0.518148 0.575339 0.518602 0.574193 0.520037 0.571172 0.525046 0.569167 0.528333 0.571120 0.528426 0.572005 0.527176 0.572318 0.526620 0.574635 0.522917 0.575182 0.521944 0.577500 0.518194 0.579141 0.516435 0.580130 0.516065 0.581458 0.516528 0.583203 0.519028 0.584115 0.520407 0.584714 0.520546 0.584922 0.521889 0.584714 0.522907 0.587656 0.528843 0.589708 0.532662 0.592427 0.542644 0.594115 0.545278 0.594453 0.546389 0.595182 0.548380 0.596562 0.550324
5 0.589297 0.528333 0.590625 0.527269 0.591552 0.526093 0.592620 0.525398 0.593427 0.525352 0.593870 0.526231 0.596344 0.530491 0.596917 0.532065 0.597656 0.535880 0.598125 0.537407 0.598307 0.540787 0.597943 0.542500 0.597417 0.543829 0.596635 0.544986 0.595516 0.545681 0.593802 0.541852 0.592604 0.538611 0.591406 0.533148 0.590182 0.530278
