0 0.435219 0.912213 0.436255 0.927185 0.436255 0.936167 0.434440 0.943769 0.429000 0.959431 0.424115 0.973829 0.424437 0.979125 0.424219 0.982949 0.423352 0.984009 0.421898 0.983338 0.419516 0.980069 0.415745 0.974977 0.410174 0.967310 0.408398 0.964037 0.406664 0.959245 0.405693 0.953764 0.405161 0.943792 0.405161 0.935917 0.405211 0.932644 0.404992 0.922190 0.405693 0.915370 0.408180 0.902218 0.409422 0.900769 0.411211 0.899731 0.412766 0.899250 0.420513 0.881190 0.425656 0.869653 0.429258 0.862074 0.430268 0.862190 0.433443 0.864838 0.434828 0.866727 0.435917 0.863181 0.437357 0.858690 0.438755 0.854634 0.440906 0.852148 0.443289 0.850306 0.424245 0.850259 0.415953 0.850028 0.413581 0.851384 0.405354 0.866356 0.405641 0.871699 0.405354 0.875315 0.403904 0.878912 0.400510 0.878218 0.395677 0.875134 0.394227 0.873245 0.394122 0.871542 0.392128 0.866843 0.390599 0.861750 0.390159 0.853782 0.390935 0.847815 0.392620 0.843648 0.395859 0.826120 0.398216 0.820755 0.401352 0.816171 0.406729 0.813176 0.412443 0.812185 0.419036 0.811380 0.422289 0.811194 0.427081 0.810389 0.431112 0.811403 0.433586 0.814764 0.435930 0.816769 0.438482 0.819231 0.439635 0.819231 0.440440 0.820269 0.440659 0.821810 0.443328 0.821676 0.440945 0.816676 0.438341 0.809722 0.437693 0.806264 0.437693 0.803824 0.437458 0.800116 0.437951 0.796778 0.439622 0.791731 0.442383 0.786736 0.446141 0.780977 0.451841 0.776829 0.456505 0.775449 0.460779 0.776829 0.464797 0.780056 0.466870 0.785120 0.468411 0.792583 0.468747 0.798157 0.472219 0.793574 0.473229 0.790005 0.474914 0.784431 0.476586 0.781644 0.477260 0.775264 0.477818 0.772269 0.480292 0.767894 0.494867 0.745412 0.501630 0.738134 0.507201 0.736981 0.511477 0.736981 0.516141 0.740440 0.520156 0.744815 0.525596 0.750574 0.529354 0.757255 0.530909 0.764394 0.531039 0.772454 0.529484 0.778213 0.527799 0.782588 0.524820 0.782356 0.522617 0.777292 0.519250 0.779134 0.514844 0.779824 0.509922 0.779824 0.507331 0.779593 0.504997 0.783509 0.502148 0.786963 0.500721 0.787194 0.495669 0.796639 0.494802 0.800301 0.494750 0.802741 0.497677 0.805968 0.499479 0.804241 0.501810 0.804241 0.504130 0.806310 0.505477 0.808546 0.505776 0.811472 0.506839 0.813199 0.514482 0.814051 0.517578 0.814398 0.522034 0.815593 0.526193 0.810778 0.528706 0.810778 0.532581 0.813199 0.538969 0.819417 0.541130 0.822690 0.544810 0.829968 0.546573 0.834435 0.547831 0.839801 0.550745 0.845560 0.552870 0.852931 0.553646 0.861106 0.552974 0.874028 0.551068 0.884782 0.546599 0.882597 0.541107 0.880014 0.533721 0.877620 0.523305 0.875042 0.517927 0.873037 0.516023 0.869051 0.514573 0.863477 0.512214 0.857722 0.510206 0.852329 0.497885 0.853139 0.497211 0.854333 0.495643 0.854727 0.495307 0.852931 0.495307 0.851546 0.493518 0.851731 0.491833 0.852537 0.490500 0.851940 0.488258 0.848944 0.486911 0.848944 0.486820 0.851940 0.488841 0.857329 0.485135 0.861495 0.482456 0.860898 0.480667 0.861495 0.479099 0.865093 0.485745 0.897958 0.492198 0.901250 0.497911 0.903046 0.501604 0.904731 0.505320 0.934028 0.505036 0.953282 0.504039 0.967769 0.501771 0.983292 0.498299 0.986681 0.494141 0.989764 0.488763 0.987000 0.475057 0.970648 0.466391 0.953398 0.461013 0.936421 0.460883 0.932093 0.464654 0.923477 0.465987 0.923477 0.469370 0.912259 0.464148 0.887227 0.462219 0.876977 0.457555 0.876977 0.451854 0.875593 0.450299 0.878588 0.450169 0.883426 0.448227 0.886417 0.446411 0.887569 0.447060 0.890565 0.447060 0.893329 0.444857 0.893560 0.439026 0.903694 0.437214 0.907148
1 0.474258 0.495597 0.478802 0.510972 0.483750 0.525926 0.487104 0.538477 0.489680 0.545944 0.493747 0.550282 0.501745 0.549319 0.505948 0.549079 0.517201 0.523532 0.525430 0.508338 0.526438 0.495000 0.527401 0.488708 0.528495 0.487264 0.529922 0.483926 0.520052 0.476940 0.517318 0.474815 0.516797 0.472870 0.515990 0.469630 0.521224 0.473889 0.524766 0.475833 0.527831 0.477681 0.531177 0.480806 0.532448 0.477870 0.533784 0.475769 0.534792 0.475769 0.537513 0.466912 0.541286 0.461574 0.544477 0.456597 0.548615 0.452597 0.552302 0.448903 0.555453 0.446880 0.556854 0.446569 0.557818 0.447032 0.559130 0.445324 0.559216 0.444079 0.560091 0.440653 0.560966 0.437231 0.562018 0.434588 0.563594 0.435986 0.564380 0.435986 0.565781 0.436611 0.567357 0.437852 0.563068 0.428671 0.562474 0.427037 0.561844 0.427431 0.560617 0.431162 0.558953 0.430231 0.556854 0.428986 0.552589 0.430560 0.552578 0.426713 0.552740 0.415134 0.551865 0.415292 0.552109 0.427083 0.552128 0.430542 0.539799 0.435343 0.538372 0.432403 0.537539 0.429833 0.539375 0.427431 0.540508 0.425606 0.539906 0.425204 0.539174 0.425917 0.538445 0.427213 0.537753 0.428315 0.537206 0.428838 0.535354 0.424259 0.534701 0.422519 0.533448 0.419690 0.534505 0.412287 0.535289 0.407755 0.535682 0.403338 0.536336 0.400431 0.539276 0.399852 0.540846 0.399852 0.542938 0.400315 0.545526 0.399491 0.545047 0.397676 0.542344 0.398056 0.540180 0.397861 0.536109 0.398565 0.528935 0.398866 0.527182 0.399069 0.526786 0.397060 0.525714 0.396153 0.524753 0.395852 0.523961 0.396556 0.522773 0.396657 0.521927 0.396958 0.521078 0.396958 0.520458 0.396153 0.520685 0.395148 0.522323 0.394847 0.523227 0.394546 0.524188 0.394148 0.525375 0.393745 0.526221 0.393444 0.527013 0.393241 0.527068 0.392639 0.520234 0.388319 0.519401 0.388000 0.518526 0.383954 0.516865 0.378662 0.514151 0.369329 0.512576 0.365440 0.513714 0.365750 0.515464 0.367773 0.518526 0.371662 0.522440 0.377292 0.523156 0.375361 0.518440 0.368708 0.511786 0.361861 0.511349 0.360458 0.511174 0.357657 0.510474 0.353301 0.509250 0.350657 0.508724 0.350810 0.508898 0.353926 0.509599 0.358903 0.506799 0.355014 0.505049 0.353769 0.504786 0.351903 0.505135 0.349569 0.504961 0.347856 0.503211 0.348477 0.502247 0.350968 0.501721 0.350657 0.500440 0.349389 0.499479 0.347681 0.500237 0.342634 0.499867 0.341958 0.498490 0.341736 0.496865 0.341736 0.495969 0.341519 0.495690 0.336940 0.494839 0.333199 0.493417 0.330231 0.493203 0.329491 0.488255 0.332588 0.485430 0.334597 0.481813 0.338213 0.480513 0.335903 0.483846 0.332588 0.491307 0.327565 0.492557 0.326759 0.492307 0.325833 0.490469 0.322361 0.488958 0.320093 0.486464 0.318625 0.484615 0.318051 0.481435 0.319819 0.479094 0.321454 0.477503 0.323264 0.474190 0.321616 0.469599 0.312106 0.468432 0.309616 0.466094 0.305310 0.466599 0.301310 0.464930 0.300551 0.463586 0.300255 0.458234 0.291495 0.455055 0.288509 0.453128 0.288667 0.451292 0.290000 0.449198 0.292667 0.448784 0.285245 0.448526 0.281819 0.447362 0.277657 0.444573 0.275398 0.448008 0.273361 0.450659 0.271329 0.452768 0.269986 0.454878 0.269935 0.457711 0.269023 0.456563 0.267824 0.453906 0.268102 0.451354 0.268611 0.448750 0.270463 0.447031 0.271898 0.445099 0.272602 0.445737 0.267546 0.445648 0.265713 0.445089 0.264065 0.443307 0.263644 0.441685 0.264560 0.439534 0.265972 0.438180 0.267130 0.435995 0.269000 0.435234 0.270792 0.433812 0.272264 0.432479 0.273616 0.430555 0.276148 0.429299 0.278375 0.427464 0.280009 0.425953 0.281204 0.427799 0.277481 0.428549 0.274653 0.428549 0.270931 0.430117 0.268921 0.431047 0.267088 0.431518 0.265097 0.433711 0.263185 0.435336 0.261616 0.436690 0.260440 0.436646 0.259366 0.435805 0.259046 0.434362 0.259944 0.432357 0.262528 0.431372 0.263606 0.430677 0.265176 0.429839 0.267009 0.429042 0.268245 0.428013 0.269157 0.427497 0.269417 0.426198 0.268005 0.423948 0.267824 0.423500 0.268144 0.423320 0.268421 0.423365 0.268880 0.423948 0.269120 0.425268 0.269579 0.426411 0.270134 0.425953 0.270773 0.425224 0.271745 0.424596 0.272963 0.423813 0.274333 0.421674 0.278194 0.420633 0.279810 0.420185 0.281181 0.421763 0.282019 0.423029 0.278792 0.424104 0.276463 0.425224 0.274472 0.425964 0.273796 0.425964 0.276125 0.425268 0.279611 0.423779 0.282356 0.422560 0.284926 0.420789 0.287333 0.418549 0.288667 0.416164 0.290657 0.414487 0.291815 0.412896 0.292389 0.409815 0.292389 0.407161 0.292727 0.404687 0.292968 0.402818 0.293463 0.402302 0.295218 0.404453 0.296352 0.405885 0.296134 0.407443 0.296787 0.407073 0.300134 0.406570 0.303356 0.406201 0.306028 0.404385 0.304236 0.402885 0.302463 0.401260 0.301130 0.400008 0.299917 0.398888 0.299694 0.398573 0.300912 0.398820 0.301806 0.401836 0.303907 0.398151 0.307574 0.395401 0.310241 0.393919 0.314583 0.394628 0.319625 0.396857 0.321602 0.397276 0.322236 0.398703 0.323361 0.403826 0.325157 0.403260 0.328023 0.399630 0.325801 0.398714 0.325583 0.398724 0.333287 0.398620 0.343565 0.396849 0.343333 0.397250 0.325157 0.394802 0.323880 0.393490 0.322407 0.390281 0.322329 0.385052 0.330787 0.382578 0.343796 0.388846 0.336509 0.390328 0.332921 0.390924 0.332921 0.390276 0.338681 0.387792 0.345208 0.386549 0.348569 0.383794 0.351065 0.384604 0.348472 0.387034 0.341843 0.385026 0.346204 0.379599 0.353394 0.376852 0.357727 0.377852 0.359023 0.377130 0.369009 0.378477 0.371329 0.379784 0.374116 0.382734 0.373194 0.384010 0.373056 0.385781 0.375787 0.385253 0.378352 0.384591 0.382875 0.386089 0.385417 0.386089 0.385417 0.386438 0.382815 0.386891 0.380333 0.387297 0.378333 0.388612 0.381394 0.388987 0.385134 0.389529 0.388296 0.389862 0.391403 0.389336 0.391963 0.390451 0.393944 0.396146 0.401176 0.402492 0.411968 0.402771 0.412278 0.414083 0.426782 0.416771 0.430139 0.413549 0.432282 0.410078 0.436394 0.403716 0.445134 0.399958 0.452204 0.398440 0.457472 0.394680 0.450787 0.389620 0.445648 0.384922 0.442306 0.380799 0.441921 0.377547 0.443977 0.375812 0.449505 0.375885 0.453616 0.376247 0.454773 0.376826 0.454130 0.376318 0.451944 0.377331 0.447060 0.378487 0.444491 0.381669 0.443333 0.385211 0.444361 0.388391 0.446162 0.391284 0.448861 0.394029 0.452329 0.396487 0.456185 0.398151 0.458370 0.396922 0.463000 0.395909 0.468009 0.394826 0.464153 0.392872 0.459144 0.390125 0.454644 0.387380 0.453361 0.384776 0.454259 0.382391 0.456574 0.382753 0.458241 0.383547 0.457088 0.385716 0.455671 0.387161 0.455028 0.389404 0.455671 0.391573 0.458755 0.393813 0.464153 0.395187 0.469167 0.395477 0.470579 0.395258 0.477519 0.395115 0.485745 0.392945 0.492685 0.391789 0.498597 0.390776 0.504764 0.389331 0.512991 0.388680 0.522245 0.388680 0.532398 0.389042 0.535611 0.389982 0.537407 0.392656 0.537153 0.395693 0.532912 0.397716 0.528542 0.399885 0.524556 0.403138 0.516718 0.405885 0.508750 0.407477 0.502708 0.408128 0.498727 0.408685 0.495773 0.407174 0.514491 0.406411 0.543162 0.406747 0.543755 0.407505 0.542065 0.407557 0.525569 0.408029 0.512796 0.408984 0.506032 0.409742 0.493171 0.411456 0.475495 0.414276 0.454454 0.416263 0.439722 0.416831 0.435556 0.417404 0.430949 0.421563 0.436176 0.433406 0.451412 0.449544 0.469579 0.466521 0.487556
2 0.503359 0.408065 0.501922 0.411398 0.497674 0.406731 0.494737 0.403287 0.495737 0.402843 0.497737 0.403398 0.499987 0.404509
2 0.504768 0.408769 0.502372 0.412264 0.508620 0.419815 0.512557 0.424370 0.513370 0.425148 0.513870 0.424370 0.513443 0.421620 0.510333 0.416352 0.507297 0.411981
2 0.536859 0.431130 0.532917 0.434870 0.532701 0.437560 0.533888 0.437560 0.537937 0.433722
2 0.390094 0.319509 0.390281 0.322329 0.393490 0.322407 0.393307 0.320648 0.392995 0.319491
2 0.403320 0.367491 0.401841 0.365157 0.399646 0.363583 0.397734 0.362671 0.395633 0.362833 0.391107 0.363000 0.389565 0.360843 0.390500 0.359931 0.392458 0.361343 0.395820 0.361259 0.397734 0.361176 0.400206 0.361838 0.402448 0.362917 0.404081 0.364907 0.405482 0.367398
2 0.401104 0.364662 0.401424 0.367375 0.403320 0.367491 0.401841 0.365157
2 0.388815 0.378153 0.389680 0.377741 0.389841 0.379634 0.389966 0.383051 0.390945 0.389097 0.389862 0.391403 0.389529 0.388296 0.388987 0.385134 0.388612 0.381394
2 0.460362 0.325894 0.467219 0.325028 0.473755 0.324259 0.474781 0.325894 0.470406 0.326468 0.466841 0.327144 0.462143 0.328583
2 0.457932 0.323014 0.459659 0.325509 0.462414 0.321764 0.465708 0.318213 0.463979 0.316583
2 0.410919 0.378653 0.411536 0.379815 0.412187 0.380417 0.412917 0.378981 0.413047 0.377963 0.411904 0.376384
2 0.376021 0.353958 0.377643 0.351519 0.380182 0.347917 0.380451 0.347528 0.382578 0.343796 0.388846 0.336509 0.388909 0.338287 0.387034 0.341843 0.385807 0.345370 0.379599 0.353394 0.376852 0.357727 0.375857 0.356458
2 0.383794 0.351065 0.386549 0.348569 0.387792 0.345208 0.390276 0.338681 0.390924 0.332921 0.390328 0.332921 0.388846 0.336509 0.388909 0.338287 0.387034 0.341843 0.384604 0.348472
2 0.406016 0.390505 0.408578 0.389394 0.412326 0.388616 0.410203 0.392282 0.407953 0.392727 0.405266 0.393505
2 0.404138 0.370560 0.404245 0.382852 0.405487 0.383907 0.405807 0.379028 0.405758 0.374787 0.405701 0.370366
2 0.400133 0.355102 0.401906 0.357921 0.403352 0.363815 0.404081 0.364907 0.404987 0.366468 0.403958 0.361574 0.402701 0.357259 0.401206 0.354273
2 0.396677 0.345491 0.398734 0.345421 0.398453 0.353523 0.396354 0.353236
2 0.396016 0.371435 0.396117 0.375278 0.396117 0.380745 0.397630 0.382569 0.397734 0.375926 0.397846 0.371148
2 0.395661 0.384634 0.395896 0.382407 0.397732 0.383847 0.397492 0.385449
2 0.386510 0.373611 0.386760 0.372685 0.388284 0.372491 0.387802 0.375810
2 0.408359 0.374421 0.408469 0.381505 0.410299 0.378097
2 0.538404 0.432426 0.540617 0.431657 0.543424 0.425991 0.542076 0.423306 0.540508 0.425606 0.539375 0.427431 0.537539 0.429833
2 0.504768 0.408769 0.507297 0.411981 0.510333 0.416352 0.513443 0.421620 0.515104 0.424704 0.516768 0.428176 0.518854 0.428056 0.517995 0.425602 0.516768 0.422903 0.514245 0.418148 0.511419 0.414421 0.509901 0.411722 0.508599 0.409667 0.506430 0.406843
2 0.516768 0.422903 0.521122 0.428009 0.523203 0.430046 0.523438 0.426620 0.519503 0.422727 0.516911 0.420042 0.514698 0.417162 0.511419 0.414421 0.514245 0.418148
2 0.538466 0.449306 0.542799 0.444097 0.540919 0.439856 0.539693 0.442426 0.538534 0.443583 0.535406 0.447750
2 0.541758 0.439444 0.542844 0.438801 0.544245 0.441157 0.543276 0.442787
2 0.408417 0.384116 0.408578 0.389394 0.410237 0.389097 0.409906 0.380880
2 0.386464 0.353222 0.387544 0.355625 0.387544 0.359370 0.387422 0.366713 0.387273 0.369162 0.388568 0.368968 0.388620 0.366759 0.388828 0.363704 0.389000 0.360616 0.389000 0.357639 0.388880 0.355602 0.388138 0.354088 0.387003 0.352648
2 0.390458 0.392139 0.390477 0.393977 0.392138 0.396042 0.392044 0.393551 0.391625 0.391644 0.391391 0.390648
2 0.507302 0.434569 0.512615 0.430954 0.514453 0.429750 0.515711 0.431815 0.512839 0.434306 0.510331 0.435787
2 0.459055 0.326370 0.460253 0.328315 0.455391 0.328796 0.452422 0.329028 0.446979 0.328194 0.443542 0.328611 0.438698 0.332778 0.436138 0.331741 0.438977 0.329287 0.440513 0.327852 0.441615 0.327546 0.443065 0.325815 0.447284 0.325722 0.453456 0.326463 0.457284 0.326556
2 0.474190 0.321616 0.477594 0.315579 0.490607 0.291421 0.491255 0.290005 0.492341 0.289875 0.493497 0.291032 0.492734 0.293704 0.483802 0.309028 0.476654 0.322907
2 0.389969 0.305940 0.391388 0.306481 0.392703 0.309000 0.393919 0.314583 0.394628 0.319625 0.396857 0.321602 0.398703 0.323361 0.403826 0.325157 0.403260 0.328023 0.399630 0.325801 0.397250 0.325157 0.394831 0.323935 0.393490 0.322407 0.393307 0.320648 0.392995 0.319491 0.392008 0.313898 0.391362 0.310597 0.390474 0.307944 0.389583 0.307083
2 0.397250 0.325157 0.396846 0.343338 0.398620 0.343565 0.398724 0.333287 0.398714 0.325583
2 0.420336 0.299361 0.417724 0.302269 0.416510 0.306579 0.422250 0.301352
2 0.385781 0.375787 0.385253 0.378352 0.384591 0.382875 0.386089 0.385417 0.386438 0.382815 0.386891 0.380333 0.387297 0.378333
2 0.407964 0.370046 0.411102 0.375546 0.410299 0.378097 0.408359 0.374421 0.405701 0.370366
2 0.398573 0.388880 0.397437 0.391949 0.396086 0.395384 0.394591 0.398824 0.395940 0.400509 0.397911 0.396356 0.399224 0.392856 0.400182 0.389889
2 0.416490 0.303829 0.411469 0.308477 0.408680 0.314551 0.414573 0.309657 0.415932 0.305690
2 0.401268 0.374120 0.400677 0.378620 0.399833 0.384398 0.401250 0.385463 0.402240 0.379671 0.402888 0.374819 0.403060 0.370745 0.401164 0.370745
2 0.389966 0.383051 0.392206 0.385569 0.393781 0.386412 0.395672 0.387083 0.397721 0.388093 0.398573 0.388880 0.400182 0.389889 0.401935 0.391144 0.401216 0.389051 0.399193 0.386259 0.397492 0.385449 0.395661 0.384634 0.389841 0.379634
2 0.384010 0.373056 0.385781 0.375787 0.387297 0.378333 0.388612 0.381394 0.388815 0.378153 0.387802 0.375810 0.386042 0.372731
2 0.480513 0.335903 0.483846 0.332588 0.491307 0.327565 0.499727 0.322139 0.501138 0.322440 0.501760 0.324750 0.499951 0.326356 0.494810 0.328468 0.488255 0.332588 0.485430 0.334597 0.481813 0.338213
2 0.380451 0.347528 0.382578 0.343796 0.389583 0.307083 0.390779 0.300361 0.389260 0.299458 0.388552 0.300361 0.381159 0.342125
2 0.378477 0.371329 0.383185 0.369468 0.390573 0.368884 0.399070 0.367606 0.401424 0.367375 0.403320 0.367491 0.412081 0.366792 0.411557 0.370162 0.407964 0.370046 0.403060 0.370745 0.401164 0.370745 0.389198 0.372255 0.388284 0.372491 0.382734 0.373194 0.379784 0.374116
2 0.468432 0.309616 0.471930 0.307722 0.476518 0.304551 0.480516 0.303019 0.481378 0.304551 0.478516 0.305704 0.474466 0.308394 0.469599 0.312106
2 0.460555 0.478667 0.462693 0.476736 0.465284 0.474861 0.468659 0.472185 0.474656 0.467472 0.478964 0.464310 0.484414 0.460944 0.487958 0.459509 0.487940 0.461880 0.485622 0.463130 0.481326 0.465398 0.477784 0.467898 0.472940 0.471602 0.469268 0.474519 0.466250 0.476833 0.463591 0.478819 0.462029 0.480537
2 0.538404 0.432426 0.539799 0.435343 0.552161 0.430648 0.552109 0.427083 0.547365 0.429269
2 0.415857 0.373995 0.419044 0.375884 0.422854 0.379551 0.425229 0.381884 0.427167 0.382329 0.429039 0.380106 0.430789 0.377662 0.429102 0.376329 0.428104 0.378106 0.426042 0.379218 0.424229 0.377662 0.421917 0.374884 0.419857 0.373111 0.417607 0.371778 0.416294 0.371667
2 0.535406 0.447750 0.535531 0.451194 0.538404 0.452861 0.541466 0.453861 0.541779 0.450417 0.538466 0.449306
2 0.528776 0.445741 0.530906 0.449306 0.534281 0.450750 0.534281 0.446861 0.532031 0.446194 0.529531 0.445861
2 0.520052 0.476940 0.529922 0.483926 0.531177 0.480806 0.527831 0.477681 0.524766 0.475833 0.521224 0.473889 0.515990 0.469630 0.516797 0.472870 0.517318 0.474815
2 0.496724 0.432898 0.517057 0.442685 0.522854 0.445458 0.525885 0.446898 0.523698 0.442083 0.522005 0.441343 0.520250 0.440657 0.514443 0.437801 0.510331 0.435787 0.507302 0.434569 0.497758 0.429972 0.496161 0.430625 0.495581 0.432296
2 0.475049 0.442884 0.476682 0.443301 0.476729 0.444296 0.476357 0.445208 0.476122 0.446120 0.475003 0.446120 0.475049 0.444463
2 0.471687 0.441806 0.470990 0.441806 0.470661 0.442222 0.470802 0.443134 0.471828 0.444296 0.472669 0.445542 0.474208 0.445954 0.474443 0.442556 0.473135 0.442056
2 0.477604 0.443704 0.483776 0.445231 0.490938 0.446111 0.499310 0.446875 0.506177 0.448671 0.513190 0.450472 0.519622 0.453301 0.522227 0.455486 0.522081 0.458699 0.519044 0.456514 0.513906 0.454120 0.504479 0.451250 0.500901 0.450088 0.498125 0.449769 0.490635 0.449185 0.484779 0.448671 0.480000 0.447824 0.476971 0.447000 0.477188 0.445074
1 0.536255 0.477588 0.536563 0.474028 0.540380 0.465699 0.545503 0.458148 0.549000 0.455259 0.551500 0.453593 0.548378 0.458704 0.538755 0.474144
1 0.608487 0.501162 0.611833 0.502056 0.613672 0.502634 0.614677 0.506366 0.615596 0.509190 0.616349 0.511259 0.616852 0.515287 0.616685 0.518412 0.615932 0.521681 0.615094 0.524060 0.613924 0.530903 0.613672 0.534755 0.613505 0.537000 0.612167 0.537741 0.611331 0.535792 0.609682 0.533236 0.609984 0.528032 0.610018 0.522204 0.609331 0.515125 0.607885 0.509653 0.608211 0.502931
2 0.575086 0.532023 0.574086 0.533690 0.572648 0.541579 0.569776 0.556903 0.567589 0.567458 0.566651 0.568903 0.566677 0.571144 0.561336 0.575083 0.561172 0.576153 0.560745 0.577750 0.567615 0.573222 0.572388 0.570014 0.575997 0.565380 0.578437 0.559583 0.579466 0.550606 0.579180 0.543796 0.578310 0.538912 0.576362 0.533903
2 0.576797 0.531745 0.578245 0.535977 0.579271 0.539963 0.580438 0.545440 0.580716 0.549505 0.579802 0.559269 0.577552 0.564829 0.574990 0.569157 0.572427 0.572046 0.567807 0.576153 0.564120 0.578153 0.560182 0.579954 0.558367 0.584120 0.555878 0.588208 0.571466 0.578708 0.585193 0.567639 0.585570 0.562843 0.585893 0.557759 0.586328 0.549403 0.586599 0.547676 0.587297 0.547769 0.586919 0.540449 0.587227 0.536898 0.586794 0.534005 0.584857 0.531458 0.582542 0.530903 0.580484 0.530347 0.577794 0.530676
2 0.546549 0.548630 0.546138 0.549361 0.546518 0.550088 0.548661 0.549810 0.556602 0.548551 0.559237 0.548551 0.560753 0.548204 0.562997 0.545426 0.566122 0.541343 0.566076 0.539000 0.566271 0.537787 0.566857 0.536921 0.566466 0.535616 0.565344 0.535009 0.561328 0.537685 0.561240 0.539176 0.560469 0.539630 0.559297 0.540231 0.558263 0.540046 0.557674 0.539347 0.557135 0.539870 0.556161 0.540565 0.555427 0.540301 0.555185 0.540829 0.554352 0.542130 0.553281 0.542301 0.552742 0.542042 0.551669 0.542824
2 0.538685 0.554847 0.538391 0.555972 0.538898 0.557551 0.539276 0.560625 0.540729 0.562222 0.541354 0.564769 0.544010 0.575093 0.544945 0.578708 0.546208 0.583361 0.546979 0.587083 0.547161 0.591389 0.554198 0.588981 0.555878 0.588208 0.558367 0.584120 0.560182 0.579954 0.558698 0.580444 0.558000 0.579602 0.558224 0.577361 0.558635 0.575620 0.559234 0.574727 0.559547 0.574727 0.559359 0.575954 0.559201 0.577301 0.559326 0.578088 0.560745 0.577750 0.561172 0.576153 0.561336 0.575083 0.560737 0.573921 0.560570 0.573051 0.561060 0.571745 0.561799 0.570097 0.562125 0.569463 0.562521 0.566352 0.562690 0.564551 0.563409 0.562074 0.565138 0.546616 0.564802 0.546315 0.564336 0.546542 0.562562 0.549093 0.561466 0.550519 0.558766 0.550968 0.548760 0.552468 0.541586 0.553519 0.540531 0.553519 0.540234 0.554495 0.539349 0.554644
2 0.539185 0.563407 0.538672 0.572130 0.537865 0.581065 0.536961 0.589324 0.536047 0.595833 0.546115 0.591884 0.545984 0.587699 0.544937 0.580843 0.542977 0.573519 0.541081 0.566778 0.539641 0.563056
2 0.535107 0.562380 0.532953 0.567634 0.530253 0.573412 0.528396 0.577241 0.525865 0.582866 0.526823 0.586481 0.527214 0.589472 0.527318 0.594861 0.526875 0.600417 0.533271 0.597167 0.534646 0.584847 0.535365 0.577644 0.535826 0.567528 0.535703 0.562546
2 0.524794 0.586463 0.525383 0.591639 0.525466 0.597046 0.525172 0.603125 0.524914 0.604995 0.523945 0.604995 0.523490 0.601898 0.523099 0.599769 0.522682 0.596157 0.522344 0.593194 0.522003 0.591708 0.521919 0.590806 0.523401 0.588185
1 0.560859 0.423426 0.555997 0.411519 0.555391 0.412593 0.559779 0.424157
2 0.552578 0.426713 0.558323 0.424829 0.560859 0.423426 0.562844 0.422792 0.563776 0.423519 0.563987 0.425093 0.563750 0.426204 0.563125 0.426806 0.562474 0.427037 0.558438 0.428412 0.552589 0.430560
1 0.547604 0.415417 0.548456 0.418421 0.549156 0.423417 0.549479 0.425861 0.546542 0.423546 0.546201 0.424954 0.550667 0.428069 0.551570 0.427366 0.551286 0.426963 0.550667 0.426560 0.550021 0.422069 0.549479 0.417963 0.548888 0.415736 0.548562 0.414870
2 0.462792 0.301782 0.465526 0.306366 0.465344 0.310810 0.464979 0.314097 0.463651 0.313079 0.462479 0.312199 0.462062 0.307755 0.461984 0.304653 0.462167 0.302662
2 0.466094 0.305310 0.466599 0.301310 0.464930 0.300551 0.463586 0.300255 0.463323 0.300847 0.465219 0.303856
2 0.388880 0.355602 0.393234 0.355301 0.398294 0.356069 0.401477 0.360440 0.402448 0.362917 0.400206 0.361838 0.398367 0.359157 0.394247 0.357616 0.389000 0.357639
2 0.475385 0.381120 0.482036 0.387801 0.489771 0.395769 0.491000 0.395000 0.492086 0.394356 0.485797 0.388190 0.475893 0.378935
2 0.370951 0.352431 0.377643 0.351519 0.376021 0.353958 0.375857 0.356458 0.372117 0.357162
1 0.542672 0.421120 0.543602 0.420968 0.544036 0.424954 0.544505 0.430278 0.543672 0.430556 0.543424 0.425991 0.543010 0.423819
2 0.535354 0.424259 0.538781 0.421662 0.542565 0.418301 0.547331 0.415611 0.551867 0.412787 0.553490 0.411111 0.553542 0.407546 0.551484 0.405602 0.548161 0.402296 0.545667 0.400546 0.544456 0.399875 0.542938 0.400315 0.542867 0.401625 0.544078 0.402699 0.546271 0.403505 0.548312 0.405255 0.550547 0.407731 0.551745 0.409444 0.550937 0.410694 0.549297 0.411296 0.547633 0.411843 0.545969 0.411708 0.544531 0.411708 0.543169 0.413056 0.541656 0.414264 0.539841 0.416685 0.538438 0.418611 0.536693 0.420787 0.534701 0.422519
2 0.520685 0.395148 0.522323 0.394847 0.523227 0.394546 0.524188 0.394148 0.525375 0.393745 0.526221 0.393444 0.527013 0.393241 0.527068 0.392639 0.528576 0.393495 0.530122 0.393741 0.540180 0.397861 0.536109 0.398565 0.535156 0.397667 0.532370 0.396389 0.529583 0.395694 0.527786 0.395981 0.526474 0.395852 0.525714 0.396153 0.524753 0.395852 0.523961 0.396556 0.522773 0.396657 0.521927 0.396958 0.521078 0.396958 0.520458 0.396153
2 0.524398 0.431731 0.526406 0.434139 0.528974 0.436630 0.530932 0.438620 0.532099 0.440282 0.532099 0.437208 0.529018 0.433560 0.526359 0.430657 0.524398 0.428500
2 0.520234 0.388319 0.522440 0.377292 0.523156 0.375361 0.524016 0.371139 0.528617 0.376046 0.531378 0.379764 0.530539 0.389134 0.530122 0.393741 0.528576 0.393495
